# Created on: Sun Feb 25 10:35:59 2018
# T	K	U	Etot	Pc	Pk	Ptot
0.696759	1.04514	0.414932	1.46007	0.313285	0.34838	0.661665
0.999937	1.49991	0.414987	1.91489	0.313318	0.499969	0.813287
0.999863	1.49979	0.415137	1.91493	0.313387	0.499931	0.813318
0.999788	1.49968	0.415399	1.91508	0.313506	0.499894	0.8134
0.999714	1.49957	0.415772	1.91534	0.313675	0.499857	0.813532
0.99964	1.49946	0.416257	1.91572	0.313895	0.49982	0.813715
0.999565	1.49935	0.416853	1.9162	0.314165	0.499783	0.813948
0.999491	1.49924	0.417562	1.9168	0.314486	0.499746	0.814232
0.999417	1.49913	0.418384	1.91751	0.314858	0.499708	0.814567
0.999342	1.49901	0.419318	1.91833	0.31528	0.499671	0.814951
0.999268	1.4989	0.420364	1.91927	0.31575	0.499634	0.815384
0.999194	1.49879	0.421523	1.92031	0.316271	0.499597	0.815867
0.999119	1.49868	0.422794	1.92147	0.316839	0.499559	0.816398
0.999044	1.49857	0.424177	1.92274	0.317454	0.499522	0.816976
0.99897	1.49845	0.425673	1.92413	0.318117	0.499485	0.817601
0.998895	1.49834	0.427281	1.92562	0.318824	0.499447	0.818272
0.99882	1.49823	0.429	1.92723	0.319577	0.49941	0.818987
0.998745	1.49812	0.430833	1.92895	0.320374	0.499372	0.819747
0.99867	1.49801	0.432776	1.93078	0.321213	0.499335	0.820548
0.998595	1.49789	0.434833	1.93273	0.322096	0.499298	0.821394
0.99852	1.49778	0.437001	1.93478	0.32302	0.49926	0.82228
0.998445	1.49767	0.439282	1.93695	0.323983	0.499223	0.823206
0.998371	1.49756	0.441674	1.93923	0.324986	0.499185	0.824171
0.998296	1.49744	0.444177	1.94162	0.326026	0.499148	0.825174
0.998222	1.49733	0.446792	1.94413	0.327103	0.499111	0.826214
0.998148	1.49722	0.449518	1.94674	0.328216	0.499074	0.82729
0.998075	1.49711	0.452355	1.94947	0.329362	0.499037	0.8284
0.998002	1.497	0.4553	1.9523	0.330541	0.499001	0.829542
0.997929	1.49689	0.458355	1.95525	0.331751	0.498965	0.830716
0.997858	1.49679	0.461517	1.9583	0.332991	0.498929	0.83192
0.997787	1.49668	0.464786	1.96147	0.334258	0.498893	0.833152
0.997717	1.49658	0.46816	1.96474	0.335551	0.498858	0.83441
0.997648	1.49647	0.471637	1.96811	0.336869	0.498824	0.835693
0.997581	1.49637	0.475217	1.97159	0.338209	0.49879	0.837
0.997514	1.49627	0.478897	1.97517	0.339571	0.498757	0.838328
0.99745	1.49617	0.482675	1.97885	0.340951	0.498725	0.839676
0.997387	1.49608	0.486548	1.98263	0.342348	0.498693	0.841042
0.997325	1.49599	0.490515	1.9865	0.34376	0.498663	0.842423
0.997266	1.4959	0.494572	1.99047	0.345186	0.498633	0.843819
0.997209	1.49581	0.498716	1.99453	0.346622	0.498604	0.845227
0.997154	1.49573	0.502943	1.99867	0.348068	0.498577	0.846645
0.997102	1.49565	0.507251	2.0029	0.34952	0.498551	0.848071
0.997052	1.49558	0.511635	2.00721	0.350977	0.498526	0.849503
0.997005	1.49551	0.516092	2.0116	0.352438	0.498502	0.85094
0.99696	1.49544	0.520617	2.01606	0.353899	0.49848	0.852379
0.996919	1.49538	0.525206	2.02058	0.355359	0.49846	0.853818
0.996881	1.49532	0.529853	2.02518	0.356815	0.498441	0.855256
0.996847	1.49527	0.534556	2.02983	0.358268	0.498423	0.856691
0.996815	1.49522	0.539308	2.03453	0.359714	0.498408	0.858122
0.996788	1.49518	0.544104	2.03929	0.361151	0.498394	0.859545
0.996764	1.49515	0.548938	2.04408	0.362578	0.498382	0.86096
0.996743	1.49512	0.553806	2.04892	0.363993	0.498372	0.862365
0.996727	1.49509	0.558701	2.05379	0.365395	0.498364	0.863758
0.996715	1.49507	0.563619	2.05869	0.366782	0.498357	0.865139
0.996706	1.49506	0.56855	2.06361	0.36815	0.498353	0.866503
0.996702	1.49505	0.573492	2.06854	0.369502	0.498351	0.867853
0.996701	1.49505	0.578437	2.07349	0.370833	0.498351	0.869184
0.996705	1.49506	0.583379	2.07844	0.372144	0.498353	0.870497
0.996713	1.49507	0.588313	2.08338	0.373435	0.498357	0.871791
0.996725	1.49509	0.593232	2.08832	0.374702	0.498363	0.873065
0.996742	1.49511	0.598129	2.09324	0.375947	0.498371	0.874318
0.996762	1.49514	0.602998	2.09814	0.377168	0.498381	0.87555
0.996787	1.49518	0.607833	2.10301	0.378365	0.498394	0.876759
0.996816	1.49522	0.612628	2.10785	0.379538	0.498408	0.877946
0.996849	1.49527	0.617376	2.11265	0.380686	0.498425	0.879111
0.996887	1.49533	0.622071	2.1174	0.38181	0.498443	0.880253
0.996928	1.49539	0.626708	2.1221	0.382909	0.498464	0.881373
0.996973	1.49546	0.63128	2.12674	0.383984	0.498487	0.882471
0.997022	1.49553	0.63578	2.13131	0.385036	0.498511	0.883547
0.997075	1.49561	0.640204	2.13582	0.386064	0.498538	0.884602
0.997132	1.4957	0.644546	2.14024	0.38707	0.498566	0.885636
0.997192	1.49579	0.648801	2.14459	0.388055	0.498596	0.886651
0.997255	1.49588	0.652963	2.14885	0.38902	0.498628	0.887648
0.997322	1.49598	0.657028	2.15301	0.389965	0.498661	0.888626
0.997391	1.49609	0.660991	2.15708	0.390891	0.498696	0.889586
0.997463	1.4962	0.664848	2.16104	0.391798	0.498732	0.89053
0.997538	1.49631	0.668595	2.1649	0.392689	0.498769	0.891458
0.997614	1.49642	0.672229	2.16865	0.393565	0.498807	0.892372
0.997693	1.49654	0.675747	2.17229	0.394425	0.498846	0.893271
0.997772	1.49666	0.679147	2.17581	0.39527	0.498886	0.894156
0.997853	1.49678	0.682426	2.17921	0.396102	0.498927	0.895028
0.997935	1.4969	0.685583	2.18249	0.39692	0.498968	0.895888
0.998017	1.49703	0.688618	2.18564	0.397726	0.499009	0.896735
0.998099	1.49715	0.691529	2.18868	0.39852	0.49905	0.897569
0.998181	1.49727	0.694318	2.19159	0.399301	0.499091	0.898392
0.998263	1.49739	0.696984	2.19438	0.400069	0.499131	0.8992
0.998343	1.49751	0.699529	2.19704	0.400826	0.499171	0.899997
0.998422	1.49763	0.701954	2.19959	0.401569	0.499211	0.90078
0.9985	1.49775	0.704262	2.20201	0.402298	0.49925	0.901548
0.998576	1.49786	0.706454	2.20432	0.403014	0.499288	0.902302
0.99865	1.49797	0.708533	2.20651	0.403714	0.499325	0.903039
0.998722	1.49808	0.710503	2.20859	0.404398	0.499361	0.903759
0.998791	1.49819	0.712367	2.21055	0.405066	0.499396	0.904462
0.998858	1.49829	0.714129	2.21242	0.405716	0.499429	0.905145
0.998923	1.49838	0.715792	2.21418	0.406348	0.499461	0.90581
0.998985	1.49848	0.71736	2.21584	0.40696	0.499492	0.906453
0.999044	1.49857	0.718837	2.2174	0.407553	0.499522	0.907075
0.999101	1.49865	0.720227	2.21888	0.408123	0.499551	0.907674
0.999156	1.49873	0.721533	2.22027	0.408672	0.499578	0.90825
0.999208	1.49881	0.72276	2.22157	0.409199	0.499604	0.908803
0.999258	1.49889	0.72391	2.2228	0.409701	0.499629	0.90933
0.999306	1.49896	0.724986	2.22394	0.41018	0.499653	0.909833
0.999352	1.49903	0.725992	2.22502	0.410636	0.499676	0.910312
0.999396	1.49909	0.726931	2.22603	0.411069	0.499698	0.910767
0.999439	1.49916	0.727804	2.22696	0.411477	0.499719	0.911196
0.99948	1.49922	0.728614	2.22783	0.411862	0.49974	0.911602
0.99952	1.49928	0.729364	2.22864	0.412224	0.49976	0.911984
0.999559	1.49934	0.730054	2.22939	0.412564	0.499779	0.912344
0.999597	1.4994	0.730686	2.23008	0.412883	0.499798	0.912682
0.999634	1.49945	0.731264	2.23071	0.413182	0.499817	0.912999
0.99967	1.4995	0.731785	2.23129	0.413462	0.499835	0.913297
0.999705	1.49956	0.732254	2.23181	0.413724	0.499853	0.913576
0.99974	1.49961	0.73267	2.23228	0.413968	0.49987	0.913838
0.999773	1.49966	0.733035	2.2327	0.414196	0.499887	0.914083
0.999806	1.49971	0.73335	2.23306	0.41441	0.499903	0.914313
0.999838	1.49976	0.733616	2.23337	0.414608	0.499919	0.914528
0.999869	1.4998	0.733835	2.23364	0.414795	0.499935	0.91473
0.999899	1.49985	0.734008	2.23386	0.414969	0.49995	0.914919
0.999928	1.49989	0.734138	2.23403	0.415131	0.499964	0.915095
0.999956	1.49993	0.734225	2.23416	0.415282	0.499978	0.91526
0.999982	1.49997	0.734271	2.23424	0.415421	0.499991	0.915412
1.00001	1.50001	0.734281	2.23429	0.41555	0.500003	0.915554
1.00003	1.50004	0.734253	2.2343	0.415668	0.500015	0.915683
1.00005	1.50008	0.734192	2.23427	0.415775	0.500025	0.915801
1.00007	1.50011	0.734102	2.23421	0.415873	0.500035	0.915908
1.00009	1.50013	0.733982	2.23411	0.415959	0.500044	0.916003
1.0001	1.50016	0.733837	2.23399	0.416034	0.500052	0.916086
1.00012	1.50018	0.73367	2.23385	0.416098	0.500059	0.916158
1.00013	1.5002	0.733481	2.23368	0.416151	0.500066	0.916217
1.00014	1.50021	0.733275	2.23349	0.416193	0.500072	0.916265
1.00015	1.50023	0.733051	2.23328	0.416223	0.500076	0.916299
1.00016	1.50024	0.732816	2.23306	0.416243	0.500081	0.916324
1.00017	1.50025	0.732567	2.23282	0.416251	0.500085	0.916335
1.00018	1.50026	0.732308	2.23257	0.416248	0.500088	0.916336
1.00018	1.50027	0.73204	2.23231	0.416235	0.500091	0.916326
1.00019	1.50028	0.731762	2.23204	0.416211	0.500094	0.916305
1.00019	1.50029	0.731477	2.23177	0.416178	0.500096	0.916274
1.0002	1.5003	0.731186	2.23148	0.416137	0.500099	0.916235
1.0002	1.5003	0.730886	2.23119	0.416086	0.500101	0.916188
1.00021	1.50031	0.730578	2.23089	0.416029	0.500104	0.916132
1.00021	1.50032	0.730263	2.23058	0.415964	0.500107	0.916071
1.00022	1.50033	0.729939	2.23027	0.415894	0.50011	0.916004
1.00023	1.50034	0.729605	2.22994	0.415819	0.500113	0.915932
1.00023	1.50035	0.729262	2.22961	0.41574	0.500116	0.915856
1.00024	1.50036	0.728907	2.22927	0.415658	0.50012	0.915778
1.00025	1.50037	0.72854	2.22891	0.415573	0.500124	0.915698
1.00026	1.50039	0.728161	2.22855	0.415488	0.500129	0.915617
1.00027	1.5004	0.727769	2.22817	0.415403	0.500133	0.915536
1.00028	1.50041	0.727362	2.22778	0.415317	0.500138	0.915455
1.00029	1.50043	0.72694	2.22737	0.415232	0.500143	0.915375
1.0003	1.50044	0.726503	2.22695	0.415149	0.500148	0.915297
1.00031	1.50046	0.726051	2.22651	0.415068	0.500153	0.915221
1.00032	1.50048	0.725583	2.22606	0.414989	0.500158	0.915147
1.00033	1.50049	0.725101	2.22559	0.414912	0.500163	0.915075
1.00034	1.5005	0.724604	2.22511	0.414838	0.500168	0.915006
1.00035	1.50052	0.724092	2.22461	0.414766	0.500173	0.914938
1.00035	1.50053	0.723568	2.2241	0.414696	0.500177	0.914873
1.00036	1.50054	0.723032	2.22357	0.414629	0.50018	0.914809
1.00037	1.50055	0.722486	2.22304	0.414563	0.500184	0.914747
1.00037	1.50056	0.721931	2.22249	0.4145	0.500186	0.914686
1.00038	1.50056	0.721371	2.22193	0.414438	0.500188	0.914626
1.00038	1.50057	0.720805	2.22137	0.414377	0.500189	0.914566
1.00038	1.50057	0.720237	2.22081	0.414317	0.500189	0.914507
1.00038	1.50057	0.719669	2.22024	0.414258	0.500189	0.914447
1.00038	1.50056	0.719103	2.21967	0.414199	0.500188	0.914387
1.00037	1.50056	0.718541	2.2191	0.414139	0.500186	0.914325
1.00037	1.50055	0.717987	2.21854	0.41408	0.500183	0.914263
1.00036	1.50054	0.717443	2.21798	0.41402	0.50018	0.9142
1.00035	1.50053	0.716911	2.21744	0.41396	0.500175	0.914135
1.00034	1.50051	0.716393	2.2169	0.413898	0.50017	0.914068
1.00033	1.50049	0.715891	2.21638	0.413836	0.500165	0.914001
1.00032	1.50047	0.715407	2.21588	0.413773	0.500158	0.913931
1.0003	1.50045	0.714942	2.2154	0.413709	0.500152	0.91386
1.00029	1.50043	0.714498	2.21493	0.413643	0.500144	0.913788
1.00027	1.50041	0.714076	2.21449	0.413577	0.500137	0.913714
1.00026	1.50039	0.713677	2.21406	0.413511	0.500129	0.91364
1.00024	1.50036	0.713302	2.21367	0.413444	0.500121	0.913565
1.00023	1.50034	0.71295	2.21329	0.413377	0.500113	0.91349
1.00021	1.50032	0.712622	2.21294	0.41331	0.500106	0.913416
1.0002	1.50029	0.712316	2.21261	0.413243	0.500098	0.913341
1.00018	1.50027	0.712033	2.2123	0.413178	0.500091	0.913269
1.00017	1.50025	0.711773	2.21202	0.413115	0.500083	0.913199
1.00015	1.50023	0.711533	2.21176	0.413055	0.500077	0.913132
1.00014	1.50021	0.711313	2.21152	0.412997	0.50007	0.913068
1.00013	1.50019	0.71111	2.2113	0.412943	0.500065	0.913008
1.00012	1.50018	0.710923	2.2111	0.412895	0.500059	0.912954
1.00011	1.50016	0.710752	2.21092	0.412852	0.500055	0.912907
1.0001	1.50015	0.710593	2.21075	0.412816	0.500051	0.912866
1.00009	1.50014	0.710446	2.21059	0.412787	0.500047	0.912834
1.00009	1.50013	0.71031	2.21044	0.412768	0.500044	0.912812
1.00008	1.50013	0.710182	2.21031	0.412758	0.500042	0.9128
1.00008	1.50012	0.710059	2.21018	0.412757	0.50004	0.912796
1.00008	1.50011	0.709942	2.21006	0.412766	0.500038	0.912804
1.00007	1.50011	0.70983	2.20994	0.412787	0.500037	0.912823
1.00007	1.50011	0.709722	2.20983	0.412819	0.500035	0.912854
1.00007	1.5001	0.709617	2.20972	0.412862	0.500034	0.912897
1.00007	1.5001	0.709515	2.20962	0.412917	0.500033	0.91295
1.00006	1.5001	0.709416	2.20951	0.412983	0.500032	0.913015
1.00006	1.50009	0.709321	2.20942	0.41306	0.500031	0.913091
1.00006	1.50009	0.709229	2.20932	0.413147	0.50003	0.913177
1.00006	1.50009	0.709143	2.20923	0.413243	0.500028	0.913272
1.00005	1.50008	0.70906	2.20914	0.413348	0.500026	0.913374
1.00005	1.50007	0.708984	2.20906	0.413458	0.500024	0.913482
1.00004	1.50006	0.708916	2.20898	0.413576	0.500021	0.913597
1.00004	1.50005	0.708856	2.20891	0.413698	0.500018	0.913716
1.00003	1.50004	0.708807	2.20885	0.413824	0.500014	0.913838
1.00002	1.50003	0.70877	2.2088	0.413952	0.50001	0.913962
1.00001	1.50002	0.708746	2.20876	0.414081	0.500006	0.914087
1	1.5	0.708736	2.20874	0.41421	0.500001	0.914211
0.999991	1.49999	0.708741	2.20873	0.414336	0.499996	0.914332
0.99998	1.49997	0.708762	2.20873	0.41446	0.49999	0.91445
0.999969	1.49995	0.7088	2.20875	0.41458	0.499985	0.914564
0.999958	1.49994	0.708855	2.20879	0.414695	0.499979	0.914674
0.999946	1.49992	0.708926	2.20885	0.414803	0.499973	0.914776
0.999935	1.4999	0.709015	2.20892	0.414905	0.499968	0.914873
0.999925	1.49989	0.70912	2.20901	0.415	0.499962	0.914962
0.999914	1.49987	0.709241	2.20911	0.415087	0.499957	0.915044
0.999905	1.49986	0.709376	2.20923	0.415166	0.499953	0.915119
0.999897	1.49985	0.709524	2.20937	0.415237	0.499949	0.915186
0.99989	1.49984	0.709683	2.20952	0.415299	0.499945	0.915244
0.999884	1.49983	0.709852	2.20968	0.415352	0.499942	0.915295
0.99988	1.49982	0.710028	2.20985	0.415398	0.49994	0.915338
0.999878	1.49982	0.71021	2.21003	0.415435	0.499939	0.915374
0.999877	1.49982	0.710394	2.21021	0.415466	0.499938	0.915404
0.999877	1.49982	0.710579	2.21039	0.415488	0.499939	0.915427
0.99988	1.49982	0.710761	2.21058	0.415504	0.49994	0.915444
0.999884	1.49983	0.710939	2.21076	0.415514	0.499942	0.915455
0.999889	1.49983	0.711111	2.21094	0.415518	0.499945	0.915462
0.999896	1.49984	0.711271	2.21111	0.415515	0.499948	0.915463
0.999904	1.49986	0.711422	2.21128	0.415509	0.499952	0.915461
0.999913	1.49987	0.711559	2.21143	0.415498	0.499957	0.915454
0.999924	1.49989	0.711681	2.21157	0.415482	0.499962	0.915444
0.999935	1.4999	0.711788	2.21169	0.415464	0.499967	0.915431
0.999946	1.49992	0.711878	2.2118	0.415443	0.499973	0.915416
0.999958	1.49994	0.71195	2.21189	0.415418	0.499979	0.915397
0.99997	1.49996	0.712004	2.21196	0.415391	0.499985	0.915376
0.999982	1.49997	0.71204	2.21201	0.415362	0.499991	0.915353
0.999994	1.49999	0.712057	2.21205	0.415329	0.499997	0.915327
1.00001	1.50001	0.712057	2.21207	0.415295	0.500003	0.915298
1.00002	1.50003	0.712039	2.21206	0.415257	0.500008	0.915265
1.00003	1.50004	0.712006	2.21205	0.415217	0.500014	0.91523
1.00004	1.50006	0.711958	2.21201	0.415174	0.500019	0.915193
1.00005	1.50007	0.711896	2.21196	0.415129	0.500023	0.915152
1.00005	1.50008	0.71182	2.2119	0.41508	0.500027	0.915108
1.00006	1.50009	0.711734	2.21183	0.41503	0.500031	0.91506
1.00007	1.5001	0.711637	2.21174	0.414975	0.500034	0.915009
1.00007	1.50011	0.711531	2.21164	0.414918	0.500037	0.914955
1.00008	1.50012	0.711417	2.21153	0.414858	0.500039	0.914898
1.00008	1.50012	0.711297	2.21142	0.414796	0.500041	0.914837
1.00009	1.50013	0.71117	2.2113	0.414731	0.500043	0.914774
1.00009	1.50013	0.711041	2.21117	0.414665	0.500044	0.914709
1.00009	1.50013	0.710908	2.21104	0.414598	0.500045	0.914642
1.00009	1.50014	0.710773	2.21091	0.414529	0.500045	0.914574
1.00009	1.50014	0.710637	2.21077	0.41446	0.500045	0.914505
1.00009	1.50013	0.710502	2.21064	0.414391	0.500045	0.914436
1.00009	1.50013	0.710368	2.2105	0.414322	0.500044	0.914366
1.00009	1.50013	0.710237	2.21037	0.414254	0.500043	0.914297
1.00008	1.50012	0.71011	2.21023	0.414187	0.500042	0.914228
1.00008	1.50012	0.709988	2.21011	0.414121	0.50004	0.914161
1.00007	1.50011	0.709872	2.20998	0.414057	0.500037	0.914094
1.00007	1.5001	0.709764	2.20987	0.413994	0.500035	0.914029
1.00006	1.50009	0.709665	2.20976	0.413932	0.500031	0.913964
1.00006	1.50008	0.709576	2.20966	0.413873	0.500028	0.9139
1.00005	1.50007	0.709499	2.20957	0.413814	0.500024	0.913838
1.00004	1.50006	0.709435	2.20949	0.413756	0.500019	0.913775
1.00003	1.50004	0.709384	2.20943	0.413699	0.500014	0.913714
1.00002	1.50003	0.709349	2.20938	0.413644	0.500009	0.913653
1.00001	1.50001	0.709329	2.20934	0.413587	0.500004	0.913591
0.999997	1.49999	0.709326	2.20932	0.413533	0.499998	0.913531
0.999985	1.49998	0.709339	2.20932	0.413478	0.499993	0.913471
0.999974	1.49996	0.709371	2.20933	0.413425	0.499987	0.913411
0.999962	1.49994	0.709419	2.20936	0.413371	0.499981	0.913352
0.999951	1.49993	0.709484	2.20941	0.413318	0.499975	0.913293
0.99994	1.49991	0.709566	2.20948	0.413265	0.49997	0.913235
0.99993	1.49989	0.709664	2.20956	0.413214	0.499965	0.913179
0.99992	1.49988	0.709776	2.20966	0.413163	0.49996	0.913124
0.999911	1.49987	0.709903	2.20977	0.413115	0.499956	0.913071
0.999904	1.49986	0.710041	2.2099	0.413069	0.499952	0.913021
0.999897	1.49985	0.710192	2.21004	0.413025	0.499948	0.912974
0.999891	1.49984	0.710351	2.21019	0.412984	0.499946	0.91293
0.999887	1.49983	0.710517	2.21035	0.412946	0.499943	0.91289
0.999883	1.49983	0.710689	2.21051	0.412912	0.499942	0.912853
0.999881	1.49982	0.710866	2.21069	0.412882	0.499941	0.912822
0.99988	1.49982	0.711046	2.21087	0.412857	0.49994	0.912797
0.999881	1.49982	0.711225	2.21105	0.412836	0.49994	0.912777
0.999882	1.49982	0.711404	2.21123	0.412821	0.499941	0.912762
0.999884	1.49983	0.711579	2.21141	0.412811	0.499942	0.912753
0.999888	1.49983	0.711751	2.21158	0.412806	0.499944	0.91275
0.999892	1.49984	0.711916	2.21175	0.412807	0.499946	0.912753
0.999897	1.49985	0.712074	2.21192	0.412813	0.499949	0.912762
0.999903	1.49985	0.712224	2.21208	0.412826	0.499952	0.912777
0.99991	1.49986	0.712364	2.21223	0.412843	0.499955	0.912798
0.999916	1.49987	0.712495	2.21237	0.412866	0.499958	0.912825
0.999924	1.49989	0.712615	2.2125	0.412895	0.499962	0.912857
0.999931	1.4999	0.712724	2.21262	0.412929	0.499966	0.912894
0.999939	1.49991	0.712821	2.21273	0.412967	0.499969	0.912937
0.999947	1.49992	0.712906	2.21283	0.41301	0.499973	0.912983
0.999955	1.49993	0.71298	2.21291	0.413058	0.499977	0.913035
0.999963	1.49994	0.713042	2.21299	0.41311	0.499981	0.913091
0.99997	1.49996	0.713092	2.21305	0.413164	0.499985	0.913149
0.999978	1.49997	0.71313	2.2131	0.413222	0.499989	0.913211
0.999985	1.49998	0.713158	2.21314	0.413284	0.499993	0.913277
0.999993	1.49999	0.713174	2.21316	0.413348	0.499996	0.913344
0.999999	1.5	0.71318	2.21318	0.413414	0.5	0.913414
1.00001	1.50001	0.713176	2.21319	0.413481	0.500003	0.913485
1.00001	1.50002	0.713163	2.21318	0.413551	0.500006	0.913557
1.00002	1.50003	0.713138	2.21317	0.41362	0.500009	0.913629
1.00002	1.50004	0.713106	2.21314	0.41369	0.500012	0.913702
1.00003	1.50004	0.713066	2.21311	0.413759	0.500015	0.913774
1.00003	1.50005	0.713019	2.21307	0.41383	0.500017	0.913847
1.00004	1.50006	0.712965	2.21302	0.4139	0.500019	0.913919
1.00004	1.50006	0.712904	2.21297	0.413967	0.500021	0.913989
1.00005	1.50007	0.712836	2.21291	0.414034	0.500023	0.914057
1.00005	1.50008	0.712763	2.21284	0.414098	0.500025	0.914123
1.00005	1.50008	0.712685	2.21277	0.414159	0.500027	0.914186
1.00006	1.50008	0.712604	2.21269	0.41422	0.500028	0.914248
1.00006	1.50009	0.712518	2.21261	0.414277	0.500029	0.914306
1.00006	1.50009	0.712428	2.21252	0.414331	0.500031	0.914361
1.00006	1.5001	0.712335	2.21243	0.414382	0.500032	0.914414
1.00007	1.5001	0.712238	2.21234	0.414431	0.500033	0.914464
1.00007	1.5001	0.712139	2.21224	0.414477	0.500034	0.914511
1.00007	1.5001	0.712035	2.21214	0.414519	0.500035	0.914554
1.00007	1.50011	0.711929	2.21204	0.414558	0.500036	0.914594
1.00007	1.50011	0.71182	2.21193	0.414596	0.500037	0.914633
1.00008	1.50011	0.711708	2.21182	0.414633	0.500038	0.914671
1.00008	1.50012	0.711592	2.21171	0.414667	0.500039	0.914706
1.00008	1.50012	0.711473	2.21159	0.4147	0.50004	0.914741
1.00008	1.50012	0.711349	2.21147	0.414732	0.500041	0.914773
1.00009	1.50013	0.711223	2.21135	0.414764	0.500043	0.914806
1.00009	1.50013	0.711093	2.21122	0.414795	0.500044	0.914839
1.00009	1.50013	0.710961	2.21109	0.414827	0.500045	0.914871
1.00009	1.50014	0.710826	2.21096	0.414859	0.500045	0.914905
1.00009	1.50014	0.710689	2.21083	0.414893	0.500046	0.914939
1.00009	1.50014	0.710551	2.21069	0.414927	0.500046	0.914974
1.00009	1.50014	0.710411	2.21055	0.414962	0.500047	0.915009
1.00009	1.50014	0.710271	2.21041	0.414998	0.500046	0.915044
1.00009	1.50014	0.710132	2.21027	0.415033	0.500046	0.915079
1.00009	1.50013	0.709997	2.21013	0.415071	0.500045	0.915116
1.00009	1.50013	0.709864	2.20999	0.415108	0.500044	0.915152
1.00008	1.50013	0.709735	2.20986	0.415146	0.500042	0.915187
1.00008	1.50012	0.709614	2.20973	0.415184	0.500039	0.915223
1.00007	1.50011	0.709499	2.20961	0.41522	0.500037	0.915256
1.00007	1.5001	0.709395	2.20949	0.415256	0.500033	0.915289
1.00006	1.50009	0.7093	2.20939	0.415291	0.500029	0.91532
1.00005	1.50007	0.709219	2.20929	0.415325	0.500025	0.91535
1.00004	1.50006	0.709151	2.20921	0.415356	0.50002	0.915377
1.00003	1.50004	0.709099	2.20914	0.415386	0.500015	0.915401
1.00002	1.50003	0.709063	2.20909	0.415414	0.500009	0.915422
1.00001	1.50001	0.709047	2.20906	0.415439	0.500003	0.915442
0.999993	1.49999	0.709047	2.20904	0.41546	0.499996	0.915457
0.999979	1.49997	0.709069	2.20904	0.415479	0.49999	0.915469
0.999966	1.49995	0.709109	2.20906	0.415493	0.499983	0.915476
0.999951	1.49993	0.709172	2.2091	0.415504	0.499976	0.91548
0.999937	1.49991	0.709256	2.20916	0.415511	0.499969	0.91548
0.999923	1.49988	0.709361	2.20925	0.415514	0.499962	0.915476
0.999909	1.49986	0.709487	2.20935	0.415513	0.499955	0.915467
0.999895	1.49984	0.709634	2.20948	0.415508	0.499948	0.915456
0.999882	1.49982	0.7098	2.20962	0.415498	0.499941	0.91544
0.99987	1.4998	0.709984	2.20979	0.415485	0.499935	0.91542
0.999858	1.49979	0.710188	2.20998	0.415468	0.499929	0.915397
0.999848	1.49977	0.710408	2.21018	0.415449	0.499924	0.915372
0.999838	1.49976	0.710645	2.2104	0.415427	0.499919	0.915346
0.999829	1.49974	0.710895	2.21064	0.415403	0.499914	0.915317
0.999821	1.49973	0.711158	2.21089	0.415376	0.499911	0.915287
0.999815	1.49972	0.71143	2.21115	0.415347	0.499907	0.915255
0.99981	1.49971	0.711712	2.21143	0.415318	0.499905	0.915223
0.999806	1.49971	0.712001	2.21171	0.415288	0.499903	0.915191
0.999803	1.4997	0.712295	2.212	0.415258	0.499901	0.915159
0.999801	1.4997	0.712592	2.21229	0.415227	0.4999	0.915127
0.9998	1.4997	0.712892	2.21259	0.415197	0.4999	0.915097
0.9998	1.4997	0.713192	2.21289	0.415167	0.4999	0.915067
0.999801	1.4997	0.713492	2.21319	0.415137	0.499901	0.915038
0.999803	1.4997	0.713789	2.21349	0.415109	0.499901	0.91501
0.999805	1.49971	0.714083	2.21379	0.415081	0.499903	0.914984
0.999808	1.49971	0.714372	2.21408	0.415054	0.499904	0.914958
0.999812	1.49972	0.714657	2.21438	0.415028	0.499906	0.914934
0.999816	1.49972	0.714936	2.21466	0.415004	0.499908	0.914912
0.99982	1.49973	0.715209	2.21494	0.41498	0.49991	0.91489
0.999825	1.49974	0.715476	2.21521	0.414958	0.499912	0.91487
0.99983	1.49974	0.715735	2.21548	0.414937	0.499915	0.914852
0.999834	1.49975	0.715987	2.21574	0.414916	0.499917	0.914833
0.999839	1.49976	0.71623	2.21599	0.414895	0.49992	0.914815
0.999844	1.49977	0.716468	2.21623	0.414877	0.499922	0.914799
0.999849	1.49977	0.716697	2.21647	0.414858	0.499925	0.914783
0.999854	1.49978	0.716919	2.2167	0.414841	0.499927	0.914768
0.999859	1.49979	0.717134	2.21692	0.414825	0.49993	0.914754
0.999864	1.4998	0.717342	2.21714	0.414809	0.499932	0.914742
0.999869	1.4998	0.717541	2.21735	0.414795	0.499935	0.914729
0.999875	1.49981	0.717733	2.21754	0.414781	0.499937	0.914718
0.99988	1.49982	0.717918	2.21774	0.414769	0.49994	0.914709
0.999885	1.49983	0.718095	2.21792	0.414758	0.499942	0.914701
0.99989	1.49984	0.718263	2.2181	0.414748	0.499945	0.914693
0.999896	1.49984	0.718424	2.21827	0.414741	0.499948	0.914688
0.999901	1.49985	0.718576	2.21843	0.414735	0.499951	0.914686
0.999907	1.49986	0.718721	2.21858	0.414732	0.499953	0.914685
0.999913	1.49987	0.718856	2.21873	0.414731	0.499956	0.914687
0.999919	1.49988	0.718982	2.21886	0.414732	0.499959	0.914692
0.999925	1.49989	0.7191	2.21899	0.414736	0.499963	0.914699
0.999932	1.4999	0.719208	2.21911	0.414744	0.499966	0.91471
0.999938	1.49991	0.719305	2.21921	0.414753	0.499969	0.914722
0.999946	1.49992	0.719392	2.21931	0.414765	0.499973	0.914738
0.999953	1.49993	0.719468	2.2194	0.414779	0.499977	0.914756
0.999961	1.49994	0.719533	2.21947	0.414796	0.49998	0.914776
0.999969	1.49995	0.719586	2.21954	0.414815	0.499985	0.914799
0.999978	1.49997	0.719625	2.21959	0.414834	0.499989	0.914823
0.999987	1.49998	0.719652	2.21963	0.414856	0.499993	0.914849
0.999996	1.49999	0.719665	2.21966	0.414878	0.499998	0.914876
1.00001	1.50001	0.719663	2.21967	0.4149	0.500003	0.914903
1.00002	1.50002	0.719647	2.21967	0.414922	0.500008	0.91493
1.00003	1.50004	0.719614	2.21965	0.414944	0.500013	0.914957
1.00004	1.50006	0.719566	2.21962	0.414965	0.500019	0.914984
1.00005	1.50007	0.719502	2.21958	0.414984	0.500025	0.915008
1.00006	1.50009	0.71942	2.21951	0.415	0.50003	0.91503
1.00007	1.50011	0.71932	2.21943	0.415013	0.500036	0.915049
1.00008	1.50013	0.719203	2.21933	0.415023	0.500042	0.915065
1.0001	1.50014	0.719067	2.21921	0.415028	0.500048	0.915076
1.00011	1.50016	0.718914	2.21908	0.415028	0.500054	0.915082
1.00012	1.50018	0.718743	2.21892	0.415023	0.50006	0.915083
1.00013	1.5002	0.718554	2.21875	0.415011	0.500066	0.915077
1.00014	1.50021	0.71835	2.21856	0.414994	0.500071	0.915065
1.00015	1.50023	0.718129	2.21836	0.414969	0.500076	0.915046
1.00016	1.50024	0.717893	2.21814	0.414938	0.500081	0.915019
1.00017	1.50026	0.717643	2.2179	0.414898	0.500086	0.914984
1.00018	1.50027	0.717379	2.21765	0.414851	0.50009	0.914941
1.00019	1.50028	0.717105	2.21739	0.414796	0.500094	0.91489
1.00019	1.50029	0.716819	2.21711	0.414733	0.500097	0.91483
1.0002	1.5003	0.716524	2.21682	0.414661	0.5001	0.914761
1.00021	1.50031	0.71622	2.21653	0.414582	0.500103	0.914684
1.00021	1.50031	0.715908	2.21622	0.414494	0.500105	0.914599
1.00021	1.50032	0.715592	2.21591	0.4144	0.500107	0.914506
1.00022	1.50032	0.715269	2.21559	0.414298	0.500108	0.914406
1.00022	1.50033	0.714943	2.21527	0.414189	0.500109	0.914298
1.00022	1.50033	0.714614	2.21494	0.414076	0.50011	0.914186
1.00022	1.50033	0.714283	2.21461	0.413956	0.500111	0.914067
1.00022	1.50033	0.71395	2.21428	0.413832	0.500111	0.913943
1.00022	1.50033	0.713616	2.21395	0.413705	0.500111	0.913816
1.00022	1.50033	0.713282	2.21362	0.413575	0.500111	0.913686
1.00022	1.50033	0.712948	2.21328	0.413442	0.500111	0.913553
1.00022	1.50033	0.712614	2.21295	0.413309	0.500111	0.91342
1.00022	1.50033	0.712281	2.21261	0.413174	0.500111	0.913285
1.00022	1.50033	0.711949	2.21228	0.41304	0.500111	0.913151
1.00022	1.50033	0.711616	2.21195	0.412906	0.500111	0.913017
1.00022	1.50033	0.711285	2.21162	0.412773	0.50011	0.912884
1.00022	1.50033	0.710955	2.21129	0.412643	0.50011	0.912753
1.00022	1.50033	0.710626	2.21096	0.412515	0.50011	0.912625
1.00022	1.50033	0.710298	2.21063	0.412391	0.500109	0.9125
1.00022	1.50033	0.709972	2.2103	0.412269	0.500109	0.912378
1.00022	1.50033	0.709646	2.20997	0.412151	0.500109	0.91226
1.00022	1.50032	0.709321	2.20965	0.412037	0.500108	0.912145
1.00022	1.50032	0.708997	2.20932	0.411926	0.500108	0.912033
1.00021	1.50032	0.708675	2.209	0.411819	0.500107	0.911926
1.00021	1.50032	0.708354	2.20867	0.411717	0.500107	0.911824
1.00021	1.50032	0.708034	2.20835	0.411619	0.500106	0.911725
1.00021	1.50032	0.707717	2.20803	0.411525	0.500106	0.911631
1.00021	1.50032	0.707401	2.20772	0.411435	0.500105	0.91154
1.00021	1.50031	0.707088	2.2074	0.411349	0.500104	0.911454
1.00021	1.50031	0.706776	2.20709	0.411267	0.500104	0.91137
1.00021	1.50031	0.706466	2.20678	0.411188	0.500103	0.911291
1.0002	1.50031	0.706159	2.20647	0.411112	0.500102	0.911214
1.0002	1.50031	0.705853	2.20616	0.411038	0.500102	0.91114
1.0002	1.5003	0.705549	2.20585	0.410967	0.500101	0.911068
1.0002	1.5003	0.705246	2.20555	0.410898	0.5001	0.910998
1.0002	1.5003	0.704946	2.20524	0.410831	0.5001	0.910931
1.0002	1.5003	0.704647	2.20494	0.410766	0.500099	0.910865
1.0002	1.5003	0.704351	2.20465	0.410703	0.500098	0.910801
1.0002	1.50029	0.704057	2.20435	0.410642	0.500098	0.91074
1.00019	1.50029	0.703764	2.20406	0.410583	0.500097	0.910681
1.00019	1.50029	0.703472	2.20376	0.410525	0.500097	0.910622
1.00019	1.50029	0.703182	2.20347	0.410469	0.500096	0.910565
1.00019	1.50029	0.702895	2.20318	0.410416	0.500096	0.910512
1.00019	1.50029	0.702609	2.20289	0.410365	0.500095	0.91046
1.00019	1.50028	0.702325	2.20261	0.410316	0.500094	0.910411
1.00019	1.50028	0.702042	2.20232	0.41027	0.500094	0.910363
1.00019	1.50028	0.701762	2.20204	0.410227	0.500093	0.91032
1.00018	1.50028	0.701484	2.20176	0.410188	0.500092	0.91028
1.00018	1.50027	0.701209	2.20148	0.410152	0.500091	0.910243
1.00018	1.50027	0.700936	2.20121	0.410119	0.50009	0.910209
1.00018	1.50027	0.700668	2.20093	0.410091	0.500089	0.91018
1.00017	1.50026	0.700404	2.20067	0.410068	0.500087	0.910155
1.00017	1.50026	0.700144	2.2004	0.410049	0.500085	0.910134
1.00017	1.50025	0.69989	2.20014	0.410036	0.500083	0.910119
1.00016	1.50024	0.699644	2.19989	0.410029	0.500081	0.91011
1.00016	1.50023	0.699404	2.19964	0.410027	0.500078	0.910106
1.00015	1.50023	0.699173	2.1994	0.410032	0.500075	0.910107
1.00014	1.50022	0.698953	2.19917	0.410044	0.500072	0.910116
1.00014	1.5002	0.698743	2.19895	0.410063	0.500068	0.910131
1.00013	1.50019	0.698545	2.19874	0.410089	0.500064	0.910153
1.00012	1.50018	0.698361	2.19854	0.410123	0.500059	0.910182
1.00011	1.50016	0.698191	2.19835	0.410163	0.500054	0.910217
1.0001	1.50015	0.698036	2.19818	0.410211	0.500049	0.91026
1.00009	1.50013	0.697898	2.19803	0.410266	0.500043	0.910308
1.00007	1.50011	0.69778	2.19789	0.410328	0.500036	0.910364
1.00006	1.50009	0.69768	2.19777	0.410397	0.50003	0.910427
1.00004	1.50007	0.697602	2.19767	0.410474	0.500022	0.910496
1.00003	1.50004	0.697547	2.19759	0.410557	0.500015	0.910572
1.00001	1.50002	0.697515	2.19753	0.410647	0.500007	0.910653
0.999996	1.49999	0.697508	2.1975	0.410743	0.499998	0.910741
0.999978	1.49997	0.697528	2.19749	0.410844	0.499989	0.910833
0.99996	1.49994	0.697573	2.19751	0.41095	0.49998	0.91093
0.999941	1.49991	0.697648	2.19756	0.411062	0.49997	0.911033
0.999921	1.49988	0.697751	2.19763	0.411178	0.499961	0.911139
0.999902	1.49985	0.697883	2.19774	0.411298	0.499951	0.911249
0.999882	1.49982	0.698046	2.19787	0.411421	0.499941	0.911362
0.999862	1.49979	0.698238	2.19803	0.411548	0.499931	0.911479
0.999842	1.49976	0.698461	2.19822	0.411677	0.499921	0.911598
0.999822	1.49973	0.698713	2.19845	0.411809	0.499911	0.91172
0.999802	1.4997	0.698995	2.1987	0.411943	0.499901	0.911844
0.999783	1.49968	0.699305	2.19898	0.412078	0.499892	0.91197
0.999765	1.49965	0.699644	2.19929	0.412215	0.499883	0.912097
0.999747	1.49962	0.700009	2.19963	0.412352	0.499874	0.912226
0.999731	1.4996	0.700401	2.2	0.412491	0.499865	0.912356
0.999715	1.49957	0.700816	2.20039	0.412629	0.499857	0.912487
0.9997	1.49955	0.701254	2.2008	0.412768	0.49985	0.912618
0.999686	1.49953	0.701715	2.20124	0.412909	0.499843	0.912752
0.999674	1.49951	0.702195	2.20171	0.413049	0.499837	0.912886
0.999663	1.49949	0.702692	2.20219	0.413189	0.499831	0.91302
0.999653	1.49948	0.703206	2.20269	0.413329	0.499827	0.913156
0.999645	1.49947	0.703733	2.2032	0.413469	0.499822	0.913292
0.999638	1.49946	0.704272	2.20373	0.41361	0.499819	0.913428
0.999632	1.49945	0.70482	2.20427	0.413749	0.499816	0.913565
0.999628	1.49944	0.705376	2.20482	0.413888	0.499814	0.913702
0.999625	1.49944	0.705936	2.20537	0.414027	0.499812	0.913839
0.999623	1.49943	0.706501	2.20594	0.414166	0.499811	0.913978
0.999622	1.49943	0.707067	2.2065	0.414305	0.499811	0.914116
0.999623	1.49943	0.707633	2.20707	0.414445	0.499812	0.914256
0.999625	1.49944	0.708197	2.20763	0.414585	0.499813	0.914398
0.999628	1.49944	0.708758	2.2082	0.414726	0.499814	0.91454
0.999632	1.49945	0.709313	2.20876	0.414868	0.499816	0.914684
0.999636	1.49945	0.709862	2.20932	0.415011	0.499818	0.914829
0.999641	1.49946	0.710404	2.20987	0.415156	0.499821	0.914976
0.999647	1.49947	0.710938	2.21041	0.415301	0.499824	0.915125
0.999654	1.49948	0.711462	2.21094	0.415449	0.499827	0.915276
0.99966	1.49949	0.711976	2.21147	0.415599	0.49983	0.915429
0.999667	1.4995	0.71248	2.21198	0.415751	0.499834	0.915584
0.999674	1.49951	0.712975	2.21249	0.415905	0.499837	0.915742
0.999681	1.49952	0.713458	2.21298	0.416061	0.49984	0.915902
0.999688	1.49953	0.713931	2.21346	0.41622	0.499844	0.916064
0.999695	1.49954	0.714394	2.21394	0.416381	0.499847	0.916229
0.999701	1.49955	0.714847	2.2144	0.416545	0.499851	0.916395
0.999707	1.49956	0.715292	2.21485	0.416711	0.499854	0.916564
0.999713	1.49957	0.715727	2.2153	0.416879	0.499856	0.916735
0.999718	1.49958	0.716155	2.21573	0.417048	0.499859	0.916907
0.999723	1.49958	0.716574	2.21616	0.417218	0.499862	0.91708
0.999728	1.49959	0.716985	2.21658	0.417389	0.499864	0.917252
0.999732	1.4996	0.71739	2.21699	0.417559	0.499866	0.917425
0.999735	1.4996	0.71779	2.21739	0.41773	0.499868	0.917598
0.999738	1.49961	0.718185	2.21779	0.417901	0.499869	0.91777
0.999741	1.49961	0.718575	2.21819	0.41807	0.49987	0.91794
0.999743	1.49961	0.718962	2.21858	0.418238	0.499872	0.91811
0.999745	1.49962	0.719346	2.21896	0.418404	0.499873	0.918277
0.999747	1.49962	0.719727	2.21935	0.418568	0.499874	0.918442
0.999749	1.49962	0.720105	2.21973	0.41873	0.499874	0.918604
0.99975	1.49963	0.720481	2.22011	0.418887	0.499875	0.918762
0.999752	1.49963	0.720853	2.22048	0.41904	0.499876	0.918916
0.999753	1.49963	0.721225	2.22085	0.419189	0.499877	0.919066
0.999755	1.49963	0.721594	2.22123	0.419334	0.499877	0.919211
0.999756	1.49963	0.721961	2.22159	0.419473	0.499878	0.919351
0.999758	1.49964	0.722327	2.22196	0.419608	0.499879	0.919487
0.999759	1.49964	0.722689	2.22233	0.419736	0.49988	0.919616
0.999761	1.49964	0.723049	2.22269	0.419858	0.49988	0.919739
0.999763	1.49964	0.723407	2.22305	0.419974	0.499881	0.919855
0.999765	1.49965	0.723762	2.22341	0.420083	0.499882	0.919965
0.999767	1.49965	0.724112	2.22376	0.420183	0.499883	0.920067
0.999769	1.49965	0.724461	2.22411	0.420277	0.499885	0.920162
0.999772	1.49966	0.724805	2.22446	0.420362	0.499886	0.920248
0.999774	1.49966	0.725145	2.22481	0.420439	0.499887	0.920326
0.999777	1.49967	0.725482	2.22515	0.420508	0.499888	0.920396
0.999779	1.49967	0.725815	2.22548	0.420568	0.49989	0.920458
0.999782	1.49967	0.726144	2.22582	0.420619	0.499891	0.92051
0.999785	1.49968	0.726468	2.22615	0.42066	0.499893	0.920552
0.999788	1.49968	0.726788	2.22647	0.420691	0.499894	0.920585
0.999792	1.49969	0.727102	2.22679	0.420713	0.499896	0.920609
0.999795	1.49969	0.727412	2.22711	0.420726	0.499898	0.920623
0.999799	1.4997	0.727717	2.22741	0.420728	0.499899	0.920628
0.999803	1.4997	0.728015	2.22772	0.42072	0.499901	0.920622
0.999807	1.49971	0.728307	2.22802	0.420703	0.499904	0.920607
0.999812	1.49972	0.728593	2.22831	0.420677	0.499906	0.920583
0.999817	1.49972	0.728872	2.2286	0.420641	0.499908	0.920549
0.999822	1.49973	0.729142	2.22888	0.420596	0.499911	0.920507
0.999828	1.49974	0.729405	2.22915	0.420543	0.499914	0.920457
0.999835	1.49975	0.729658	2.22941	0.420481	0.499917	0.920399
0.999842	1.49976	0.729901	2.22966	0.420412	0.499921	0.920333
0.999849	1.49977	0.730133	2.22991	0.420336	0.499925	0.92026
0.999858	1.49979	0.730353	2.23014	0.420252	0.499929	0.920181
0.999867	1.4998	0.730559	2.23036	0.420162	0.499933	0.920096
0.999877	1.49981	0.730752	2.23057	0.420067	0.499938	0.920006
0.999887	1.49983	0.73093	2.23076	0.419967	0.499943	0.919911
0.999898	1.49985	0.731092	2.23094	0.419863	0.499949	0.919812
0.99991	1.49986	0.731236	2.2311	0.419754	0.499955	0.919709
0.999922	1.49988	0.731362	2.23125	0.419642	0.499961	0.919603
0.999935	1.4999	0.731469	2.23137	0.419528	0.499967	0.919495
0.999948	1.49992	0.731557	2.23148	0.419412	0.499974	0.919386
0.999962	1.49994	0.731625	2.23157	0.419293	0.499981	0.919274
0.999976	1.49996	0.731671	2.23164	0.419174	0.499988	0.919162
0.999991	1.49999	0.731695	2.23168	0.419053	0.499995	0.919049
1.00001	1.50001	0.731698	2.23171	0.418933	0.500003	0.918936
1.00002	1.50003	0.731678	2.23171	0.418812	0.50001	0.918823
1.00004	1.50005	0.731635	2.23169	0.418691	0.500018	0.918709
1.00005	1.50008	0.731569	2.23165	0.41857	0.500026	0.918596
1.00007	1.5001	0.731481	2.23158	0.41845	0.500033	0.918484
1.00008	1.50012	0.731369	2.23149	0.41833	0.500041	0.918371
1.0001	1.50015	0.731234	2.23138	0.418211	0.500049	0.91826
1.00011	1.50017	0.731075	2.23125	0.418093	0.500057	0.91815
1.00013	1.50019	0.730892	2.23109	0.417975	0.500065	0.91804
1.00014	1.50022	0.730687	2.2309	0.417859	0.500072	0.917931
1.00016	1.50024	0.730458	2.2307	0.417744	0.50008	0.917824
1.00018	1.50026	0.730204	2.23047	0.41763	0.500088	0.917718
1.00019	1.50029	0.729927	2.23022	0.417518	0.500096	0.917614
1.00021	1.50031	0.729627	2.22994	0.417408	0.500104	0.917512
1.00022	1.50034	0.729302	2.22964	0.4173	0.500112	0.917412
1.00024	1.50036	0.728956	2.22931	0.417196	0.500119	0.917316
1.00025	1.50038	0.728587	2.22897	0.417095	0.500127	0.917222
1.00027	1.5004	0.728195	2.2286	0.416997	0.500134	0.917131
1.00028	1.50042	0.727783	2.22821	0.416902	0.500141	0.917043
1.00029	1.50044	0.727352	2.22779	0.416811	0.500147	0.916958
1.00031	1.50046	0.726901	2.22736	0.416722	0.500153	0.916875
1.00032	1.50047	0.726435	2.22691	0.416638	0.500158	0.916796
1.00033	1.50049	0.725953	2.22644	0.416556	0.500163	0.916719
1.00033	1.5005	0.72546	2.22596	0.416479	0.500167	0.916645
1.00034	1.50051	0.724955	2.22546	0.416402	0.50017	0.916571
1.00034	1.50052	0.724442	2.22496	0.416328	0.500172	0.9165
1.00035	1.50052	0.723924	2.22444	0.416256	0.500174	0.91643
1.00035	1.50052	0.723402	2.22392	0.416186	0.500174	0.91636
1.00035	1.50052	0.722879	2.2234	0.416118	0.500174	0.916292
1.00035	1.50052	0.722357	2.22288	0.416051	0.500174	0.916224
1.00034	1.50052	0.721838	2.22235	0.415985	0.500172	0.916157
1.00034	1.50051	0.721324	2.22183	0.41592	0.50017	0.91609
1.00033	1.5005	0.720818	2.22132	0.415855	0.500167	0.916023
1.00033	1.50049	0.720321	2.22081	0.415792	0.500164	0.915956
1.00032	1.50048	0.719834	2.22031	0.415728	0.50016	0.915888
1.00031	1.50047	0.71936	2.21983	0.415665	0.500156	0.915821
1.0003	1.50045	0.718899	2.21935	0.415603	0.500151	0.915754
1.00029	1.50044	0.718454	2.21889	0.415541	0.500146	0.915687
1.00028	1.50042	0.718024	2.21845	0.415477	0.500141	0.915618
1.00027	1.50041	0.71761	2.21802	0.415412	0.500135	0.915548
1.00026	1.50039	0.717213	2.2176	0.415347	0.50013	0.915476
1.00025	1.50037	0.716832	2.2172	0.415278	0.500124	0.915403
1.00024	1.50036	0.716467	2.21682	0.415207	0.500119	0.915326
1.00023	1.50034	0.716119	2.21646	0.415134	0.500113	0.915247
1.00022	1.50033	0.715786	2.21611	0.415058	0.500108	0.915167
1.00021	1.50031	0.715467	2.21578	0.41498	0.500104	0.915084
1.0002	1.5003	0.715162	2.21546	0.414899	0.5001	0.914999
1.00019	1.50029	0.714868	2.21516	0.414816	0.500096	0.914912
1.00019	1.50028	0.714584	2.21486	0.41473	0.500094	0.914824
1.00018	1.50027	0.714306	2.21458	0.414642	0.500092	0.914734
1.00018	1.50027	0.714034	2.2143	0.414554	0.50009	0.914644
1.00018	1.50027	0.713764	2.21403	0.414464	0.50009	0.914554
1.00018	1.50027	0.713496	2.21377	0.414376	0.50009	0.914466
1.00018	1.50027	0.713224	2.2135	0.414286	0.500091	0.914377
1.00018	1.50028	0.712949	2.21323	0.414199	0.500092	0.914291
1.00019	1.50028	0.712669	2.21295	0.414114	0.500094	0.914208
1.00019	1.50029	0.712381	2.21267	0.414031	0.500097	0.914128
1.0002	1.5003	0.712086	2.21239	0.413952	0.5001	0.914052
1.00021	1.50031	0.711782	2.21209	0.413876	0.500103	0.913978
1.00021	1.50032	0.711468	2.21179	0.413803	0.500106	0.913909
1.00022	1.50033	0.711146	2.21147	0.413732	0.500109	0.913841
1.00022	1.50034	0.710815	2.21115	0.413666	0.500112	0.913777
1.00023	1.50034	0.710476	2.21082	0.4136	0.500114	0.913715
1.00023	1.50035	0.710129	2.21048	0.413536	0.500116	0.913652
1.00024	1.50035	0.709778	2.21013	0.413474	0.500118	0.913592
1.00024	1.50036	0.709422	2.20978	0.413411	0.500119	0.91353
1.00024	1.50036	0.709063	2.20942	0.413348	0.50012	0.913468
1.00024	1.50036	0.708704	2.20906	0.413284	0.50012	0.913404
1.00024	1.50036	0.708345	2.2087	0.41322	0.500119	0.913339
1.00024	1.50035	0.707989	2.20834	0.413154	0.500118	0.913272
1.00023	1.50035	0.707637	2.20799	0.413087	0.500117	0.913203
1.00023	1.50034	0.70729	2.20763	0.413018	0.500115	0.913133
1.00022	1.50034	0.70695	2.20729	0.412948	0.500112	0.91306
1.00022	1.50033	0.706617	2.20695	0.412875	0.50011	0.912985
1.00021	1.50032	0.706292	2.20661	0.4128	0.500107	0.912907
1.00021	1.50031	0.705976	2.20629	0.412723	0.500104	0.912827
1.0002	1.5003	0.705669	2.20597	0.412644	0.500101	0.912745
1.00019	1.50029	0.705372	2.20566	0.412563	0.500097	0.912661
1.00019	1.50028	0.705085	2.20537	0.41248	0.500094	0.912574
1.00018	1.50027	0.704808	2.20508	0.412395	0.500091	0.912486
1.00018	1.50026	0.70454	2.2048	0.412308	0.500088	0.912395
1.00017	1.50025	0.704281	2.20453	0.412219	0.500085	0.912303
1.00016	1.50024	0.704032	2.20428	0.412128	0.500082	0.912209
1.00016	1.50024	0.703792	2.20403	0.412035	0.500079	0.912114
1.00015	1.50023	0.703559	2.20379	0.41194	0.500076	0.912016
1.00015	1.50022	0.703335	2.20356	0.411844	0.500074	0.911917
1.00014	1.50021	0.703118	2.20333	0.411746	0.500071	0.911818
1.00014	1.50021	0.702908	2.20312	0.411647	0.500069	0.911716
1.00013	1.5002	0.702703	2.2029	0.411547	0.500067	0.911614
1.00013	1.5002	0.702504	2.2027	0.411446	0.500065	0.911511
1.00013	1.50019	0.702311	2.2025	0.411345	0.500064	0.911409
1.00012	1.50019	0.702122	2.20231	0.411244	0.500062	0.911307
1.00012	1.50018	0.701938	2.20212	0.411143	0.500061	0.911204
1.00012	1.50018	0.701758	2.20194	0.411042	0.500059	0.911101
1.00012	1.50017	0.701582	2.20176	0.410942	0.500058	0.911
1.00011	1.50017	0.701411	2.20158	0.410845	0.500056	0.910901
1.00011	1.50016	0.701244	2.20141	0.410748	0.500055	0.910803
1.00011	1.50016	0.701082	2.20124	0.410653	0.500053	0.910706
1.0001	1.50016	0.700924	2.20108	0.41056	0.500052	0.910612
1.0001	1.50015	0.700772	2.20092	0.410469	0.50005	0.910519
1.0001	1.50014	0.700624	2.20077	0.410381	0.500048	0.910429
1.00009	1.50014	0.700483	2.20062	0.410295	0.500046	0.910341
1.00009	1.50013	0.700349	2.20048	0.410212	0.500044	0.910256
1.00008	1.50012	0.700221	2.20035	0.410133	0.500041	0.910175
1.00008	1.50012	0.7001	2.20022	0.410057	0.500039	0.910096
1.00007	1.50011	0.699987	2.2001	0.409985	0.500037	0.910021
1.00007	1.5001	0.699881	2.19998	0.409915	0.500034	0.909949
1.00006	1.5001	0.699782	2.19988	0.40985	0.500032	0.909881
1.00006	1.50009	0.699689	2.19978	0.409787	0.50003	0.909816
1.00005	1.50008	0.699605	2.19969	0.409728	0.500027	0.909756
1.00005	1.50008	0.699526	2.1996	0.409673	0.500025	0.909698
1.00005	1.50007	0.699453	2.19952	0.409621	0.500023	0.909644
1.00004	1.50006	0.699386	2.19945	0.409572	0.500022	0.909594
1.00004	1.50006	0.699323	2.19938	0.409526	0.50002	0.909547
1.00004	1.50006	0.699265	2.19932	0.409483	0.500019	0.909502
1.00004	1.50005	0.699209	2.19926	0.409443	0.500018	0.909461
1.00003	1.50005	0.699156	2.19921	0.409406	0.500017	0.909423
1.00003	1.50005	0.699107	2.19916	0.409373	0.500017	0.909389
1.00003	1.50005	0.699057	2.19911	0.40934	0.500016	0.909356
1.00003	1.50005	0.699009	2.19906	0.409311	0.500016	0.909327
1.00003	1.50005	0.698961	2.19901	0.409284	0.500016	0.9093
1.00003	1.50005	0.698913	2.19896	0.409257	0.500016	0.909274
1.00003	1.50005	0.698862	2.19891	0.409232	0.500017	0.909249
1.00003	1.50005	0.698811	2.19886	0.409208	0.500017	0.909225
1.00004	1.50005	0.698759	2.19881	0.409184	0.500018	0.909202
1.00004	1.50006	0.698704	2.19876	0.40916	0.500018	0.909179
1.00004	1.50006	0.698649	2.19871	0.409137	0.500019	0.909156
1.00004	1.50006	0.698591	2.19865	0.409113	0.500019	0.909132
1.00004	1.50006	0.698532	2.19859	0.409087	0.50002	0.909107
1.00004	1.50006	0.698471	2.19853	0.40906	0.50002	0.90908
1.00004	1.50006	0.69841	2.19847	0.409032	0.50002	0.909052
1.00004	1.50006	0.698348	2.19841	0.409001	0.50002	0.909022
1.00004	1.50006	0.698287	2.19835	0.408969	0.50002	0.908989
1.00004	1.50006	0.698227	2.19829	0.408933	0.50002	0.908953
1.00004	1.50006	0.698168	2.19823	0.408896	0.500019	0.908915
1.00004	1.50006	0.698111	2.19817	0.408854	0.500019	0.908873
1.00004	1.50005	0.698055	2.19811	0.408809	0.500018	0.908827
1.00003	1.50005	0.698004	2.19805	0.408762	0.500017	0.908779
1.00003	1.50005	0.697954	2.198	0.40871	0.500016	0.908726
1.00003	1.50004	0.69791	2.19795	0.408657	0.500014	0.908671
1.00003	1.50004	0.69787	2.19791	0.4086	0.500013	0.908613
1.00002	1.50003	0.697834	2.19787	0.40854	0.500011	0.908551
1.00002	1.50003	0.697804	2.19783	0.408478	0.500009	0.908487
1.00001	1.50002	0.697779	2.1978	0.408414	0.500007	0.908421
1.00001	1.50001	0.697762	2.19778	0.408349	0.500005	0.908354
1.00001	1.50001	0.697751	2.19776	0.408283	0.500003	0.908285
1	1.5	0.697747	2.19775	0.408217	0.5	0.908217
0.999995	1.49999	0.697751	2.19774	0.408152	0.499997	0.908149
0.999989	1.49998	0.697763	2.19775	0.408087	0.499994	0.908082
0.999982	1.49997	0.697785	2.19776	0.408025	0.499991	0.908016
0.999976	1.49996	0.697816	2.19778	0.407965	0.499988	0.907953
0.999968	1.49995	0.697859	2.19781	0.407908	0.499984	0.907892
0.99996	1.49994	0.697912	2.19785	0.407855	0.49998	0.907835
0.999952	1.49993	0.697979	2.19791	0.407806	0.499976	0.907782
0.999942	1.49991	0.698059	2.19797	0.407763	0.499971	0.907734
0.999932	1.4999	0.698153	2.19805	0.407724	0.499966	0.90769
0.999922	1.49988	0.698261	2.19814	0.40769	0.499961	0.907651
0.99991	1.49987	0.698387	2.19825	0.407663	0.499955	0.907618
0.999898	1.49985	0.698531	2.19838	0.407642	0.499949	0.907591
0.999886	1.49983	0.698692	2.19852	0.407627	0.499943	0.90757
0.999872	1.49981	0.698873	2.19868	0.407618	0.499936	0.907554
0.999859	1.49979	0.699075	2.19886	0.407616	0.499929	0.907545
0.999844	1.49977	0.699299	2.19907	0.407621	0.499922	0.907543
0.99983	1.49974	0.699543	2.19929	0.407632	0.499915	0.907546
0.999815	1.49972	0.69981	2.19953	0.407649	0.499907	0.907556
0.999799	1.4997	0.7001	2.1998	0.407673	0.4999	0.907573
0.999784	1.49968	0.700412	2.20009	0.407703	0.499892	0.907595
0.999768	1.49965	0.700748	2.2004	0.407739	0.499884	0.907623
0.999753	1.49963	0.701106	2.20074	0.407781	0.499877	0.907658
0.999738	1.49961	0.701488	2.20109	0.40783	0.499869	0.907699
0.999723	1.49958	0.701892	2.20148	0.407884	0.499862	0.907745
0.999708	1.49956	0.702318	2.20188	0.407944	0.499854	0.907798
0.999694	1.49954	0.702766	2.20231	0.408011	0.499847	0.907858
0.999681	1.49952	0.703235	2.20276	0.408084	0.49984	0.907924
0.999668	1.4995	0.703724	2.20323	0.408163	0.499834	0.907996
0.999655	1.49948	0.704232	2.20371	0.408247	0.499828	0.908074
0.999644	1.49947	0.704757	2.20422	0.408336	0.499822	0.908158
0.999633	1.49945	0.7053	2.20475	0.408432	0.499816	0.908248
0.999622	1.49943	0.705859	2.20529	0.408533	0.499811	0.908344
0.999613	1.49942	0.706432	2.20585	0.408639	0.499806	0.908446
0.999604	1.49941	0.707019	2.20643	0.408751	0.499802	0.908553
0.999596	1.49939	0.707619	2.20701	0.408868	0.499798	0.908666
0.999589	1.49938	0.70823	2.20761	0.40899	0.499795	0.908785
0.999583	1.49937	0.708851	2.20822	0.409117	0.499791	0.908908
0.999577	1.49937	0.70948	2.20885	0.409248	0.499789	0.909036
0.999573	1.49936	0.710119	2.20948	0.409383	0.499786	0.909169
0.999569	1.49935	0.710763	2.21012	0.409521	0.499784	0.909305
0.999565	1.49935	0.711413	2.21076	0.409662	0.499783	0.909445
0.999563	1.49934	0.712067	2.21141	0.409806	0.499781	0.909587
0.999561	1.49934	0.712725	2.21207	0.409951	0.49978	0.909731
0.99956	1.49934	0.713385	2.21272	0.410097	0.49978	0.909877
0.999559	1.49934	0.714045	2.21338	0.410243	0.49978	0.910023
0.99956	1.49934	0.714706	2.21405	0.41039	0.49978	0.91017
0.999561	1.49934	0.715366	2.21471	0.410536	0.49978	0.910317
0.999563	1.49934	0.716024	2.21537	0.410681	0.499781	0.910463
0.999565	1.49935	0.716679	2.21603	0.410825	0.499783	0.910608
0.999569	1.49935	0.717329	2.21668	0.410966	0.499784	0.910751
0.999573	1.49936	0.717972	2.21733	0.411105	0.499786	0.910891
0.999578	1.49937	0.718609	2.21798	0.411241	0.499789	0.911029
0.999584	1.49938	0.719239	2.21861	0.411374	0.499792	0.911166
0.99959	1.49939	0.719858	2.21924	0.411504	0.499795	0.911299
0.999598	1.4994	0.720468	2.21986	0.411632	0.499799	0.91143
0.999606	1.49941	0.721065	2.22047	0.411756	0.499803	0.911559
0.999615	1.49942	0.72165	2.22107	0.411878	0.499807	0.911685
0.999624	1.49944	0.72222	2.22166	0.411996	0.499812	0.911808
0.999634	1.49945	0.722777	2.22223	0.412113	0.499817	0.91193
0.999645	1.49947	0.723318	2.22279	0.412229	0.499822	0.912051
0.999656	1.49948	0.723843	2.22333	0.412342	0.499828	0.91217
0.999667	1.4995	0.724351	2.22385	0.412454	0.499834	0.912288
0.999679	1.49952	0.72484	2.22436	0.412565	0.49984	0.912404
0.999691	1.49954	0.725312	2.22485	0.412674	0.499846	0.91252
0.999703	1.49955	0.725766	2.22532	0.412784	0.499851	0.912635
0.999715	1.49957	0.726202	2.22577	0.412893	0.499857	0.91275
0.999726	1.49959	0.726621	2.22621	0.413001	0.499863	0.912864
0.999738	1.49961	0.727024	2.22663	0.413111	0.499869	0.91298
0.999749	1.49962	0.72741	2.22703	0.413221	0.499874	0.913095
0.999759	1.49964	0.727778	2.22742	0.413329	0.49988	0.913209
0.999769	1.49965	0.728131	2.22778	0.413438	0.499885	0.913322
0.999779	1.49967	0.72847	2.22814	0.413546	0.499889	0.913436
0.999788	1.49968	0.728794	2.22848	0.413654	0.499894	0.913548
0.999796	1.49969	0.729106	2.2288	0.413763	0.499898	0.913661
0.999803	1.49971	0.729406	2.22911	0.413871	0.499902	0.913773
0.99981	1.49972	0.729696	2.22941	0.413978	0.499905	0.913884
0.999817	1.49972	0.729975	2.2297	0.414085	0.499908	0.913993
0.999822	1.49973	0.730246	2.22998	0.414192	0.499911	0.914103
0.999828	1.49974	0.730508	2.23025	0.414297	0.499914	0.914211
0.999832	1.49975	0.730762	2.23051	0.414402	0.499916	0.914318
0.999837	1.49976	0.73101	2.23077	0.414505	0.499918	0.914424
0.999841	1.49976	0.731252	2.23101	0.414609	0.49992	0.914529
0.999844	1.49977	0.731488	2.23126	0.414711	0.499922	0.914633
0.999848	1.49977	0.731718	2.23149	0.414812	0.499924	0.914736
0.999851	1.49978	0.731944	2.23172	0.414913	0.499926	0.914838
0.999855	1.49978	0.732164	2.23195	0.415012	0.499927	0.91494
0.999858	1.49979	0.732379	2.23217	0.415112	0.499929	0.915041
0.999862	1.49979	0.732589	2.23238	0.41521	0.499931	0.915141
0.999866	1.4998	0.732793	2.23259	0.415308	0.499933	0.915241
0.99987	1.4998	0.732992	2.2328	0.415407	0.499935	0.915342
0.999874	1.49981	0.733184	2.233	0.415505	0.499937	0.915442
0.999879	1.49982	0.733371	2.23319	0.415604	0.499939	0.915543
0.999884	1.49983	0.733549	2.23337	0.415702	0.499942	0.915643
0.999889	1.49983	0.73372	2.23355	0.4158	0.499945	0.915745
0.999895	1.49984	0.733881	2.23372	0.415899	0.499948	0.915846
0.999902	1.49985	0.734033	2.23389	0.415998	0.499951	0.915949
0.999909	1.49986	0.734176	2.23404	0.416098	0.499954	0.916053
0.999917	1.49988	0.734307	2.23418	0.4162	0.499958	0.916158
0.999925	1.49989	0.734426	2.23431	0.416301	0.499963	0.916264
0.999934	1.4999	0.734531	2.23443	0.416403	0.499967	0.916371
0.999944	1.49992	0.734622	2.23454	0.416506	0.499972	0.916479
0.999955	1.49993	0.734698	2.23463	0.416611	0.499978	0.916588
0.999967	1.49995	0.734757	2.23471	0.416715	0.499983	0.916698
0.999979	1.49997	0.734798	2.23477	0.416819	0.499989	0.916808
0.999992	1.49999	0.734819	2.23481	0.416924	0.499996	0.91692
1.00001	1.50001	0.73482	2.23483	0.417028	0.500003	0.917031
1.00002	1.50003	0.7348	2.23483	0.417133	0.50001	0.917143
1.00004	1.50005	0.734758	2.23481	0.417237	0.500018	0.917255
1.00005	1.50008	0.734691	2.23477	0.41734	0.500026	0.917367
1.00007	1.5001	0.734601	2.23471	0.417444	0.500035	0.917479
1.00009	1.50013	0.734484	2.23461	0.417545	0.500043	0.917588
1.0001	1.50016	0.734341	2.2345	0.417644	0.500052	0.917697
1.00012	1.50018	0.734171	2.23436	0.417742	0.500061	0.917803
1.00014	1.50021	0.733972	2.23418	0.417836	0.500071	0.917906
1.00016	1.50024	0.733746	2.23399	0.417927	0.50008	0.918007
1.00018	1.50027	0.733492	2.23376	0.418015	0.500089	0.918104
1.0002	1.5003	0.73321	2.23351	0.418098	0.500099	0.918197
1.00022	1.50032	0.7329	2.23322	0.418177	0.500108	0.918284
1.00023	1.50035	0.732563	2.23291	0.41825	0.500116	0.918366
1.00025	1.50037	0.732201	2.23258	0.418318	0.500125	0.918443
1.00027	1.5004	0.731814	2.23221	0.41838	0.500133	0.918513
1.00028	1.50042	0.731403	2.23183	0.418435	0.500141	0.918576
1.0003	1.50044	0.73097	2.23141	0.418484	0.500148	0.918631
1.00031	1.50046	0.730516	2.23098	0.418525	0.500155	0.918679
1.00032	1.50048	0.730043	2.23052	0.418558	0.500161	0.918719
1.00033	1.5005	0.729551	2.23005	0.418583	0.500166	0.91875
1.00034	1.50051	0.729044	2.22956	0.4186	0.500171	0.918772
1.00035	1.50053	0.728522	2.22905	0.41861	0.500176	0.918786
1.00036	1.50054	0.727988	2.22853	0.418612	0.50018	0.918792
1.00037	1.50055	0.727444	2.22799	0.418607	0.500183	0.918791
1.00037	1.50056	0.726889	2.22745	0.418595	0.500186	0.918781
1.00038	1.50057	0.726326	2.22689	0.418576	0.500189	0.918765
1.00038	1.50057	0.725757	2.22633	0.418552	0.500191	0.918743
1.00038	1.50058	0.725182	2.22576	0.418522	0.500192	0.918714
1.00039	1.50058	0.724603	2.22518	0.418487	0.500194	0.918681
1.00039	1.50058	0.724021	2.2246	0.418447	0.500194	0.918642
1.00039	1.50058	0.723436	2.22402	0.418403	0.500195	0.918598
1.00039	1.50058	0.722851	2.22344	0.418356	0.500195	0.918551
1.00039	1.50058	0.722266	2.22285	0.418305	0.500195	0.918499
1.00039	1.50058	0.721684	2.22227	0.418251	0.500194	0.918445
1.00039	1.50058	0.721104	2.22168	0.418196	0.500193	0.918389
1.00038	1.50057	0.720528	2.2211	0.418137	0.500191	0.918329
1.00038	1.50057	0.719958	2.22053	0.418076	0.500189	0.918265
1.00037	1.50056	0.719393	2.21995	0.418012	0.500187	0.918199
1.00037	1.50055	0.718836	2.21939	0.417946	0.500184	0.91813
1.00036	1.50054	0.718287	2.21883	0.417877	0.500181	0.918059
1.00036	1.50053	0.717748	2.21828	0.417806	0.500178	0.917983
1.00035	1.50052	0.717221	2.21774	0.417732	0.500174	0.917906
1.00034	1.50051	0.716705	2.21721	0.417655	0.50017	0.917824
1.00033	1.5005	0.716202	2.2167	0.417575	0.500165	0.91774
1.00032	1.50048	0.715713	2.21619	0.417492	0.500161	0.917652
1.00031	1.50047	0.715239	2.2157	0.417406	0.500155	0.917561
1.0003	1.50045	0.714782	2.21523	0.417317	0.50015	0.917467
1.00029	1.50043	0.714341	2.21477	0.417226	0.500144	0.91737
1.00028	1.50041	0.713918	2.21433	0.417132	0.500138	0.91727
1.00026	1.50039	0.713514	2.21391	0.417035	0.500131	0.917167
1.00025	1.50037	0.713131	2.2135	0.416937	0.500125	0.917061
1.00024	1.50035	0.712767	2.21312	0.416836	0.500118	0.916953
1.00022	1.50033	0.712425	2.21276	0.416733	0.50011	0.916843
1.00021	1.50031	0.712104	2.21241	0.416627	0.500103	0.91673
1.00019	1.50029	0.711807	2.21209	0.41652	0.500095	0.916615
1.00017	1.50026	0.711532	2.21179	0.416411	0.500087	0.916499
1.00016	1.50024	0.711283	2.21152	0.416303	0.500079	0.916382
1.00014	1.50021	0.711059	2.21127	0.416192	0.500071	0.916263
1.00013	1.50019	0.710859	2.21105	0.416081	0.500063	0.916143
1.00011	1.50016	0.710684	2.21085	0.415968	0.500054	0.916022
1.00009	1.50014	0.710534	2.21067	0.415854	0.500046	0.915899
1.00007	1.50011	0.71041	2.21052	0.415739	0.500037	0.915776
1.00006	1.50009	0.71031	2.2104	0.415623	0.500029	0.915652
1.00004	1.50006	0.710235	2.2103	0.415505	0.500021	0.915526
1.00003	1.50004	0.710184	2.21022	0.415388	0.500013	0.915401
1.00001	1.50002	0.710156	2.21017	0.415269	0.500006	0.915275
0.999997	1.5	0.710149	2.21015	0.415149	0.499999	0.915148
0.999984	1.49998	0.710163	2.21014	0.415029	0.499992	0.915021
0.999973	1.49996	0.710195	2.21015	0.414907	0.499986	0.914893
0.999962	1.49994	0.710244	2.21019	0.414786	0.499981	0.914767
0.999953	1.49993	0.710307	2.21024	0.414663	0.499977	0.914639
0.999946	1.49992	0.710384	2.2103	0.414541	0.499973	0.914514
0.99994	1.49991	0.710469	2.21038	0.414419	0.49997	0.914389
0.999936	1.4999	0.710562	2.21047	0.414297	0.499968	0.914265
0.999934	1.4999	0.71066	2.21056	0.414177	0.499967	0.914144
0.999933	1.4999	0.71076	2.21066	0.414059	0.499967	0.914025
0.999935	1.4999	0.710859	2.21076	0.413941	0.499967	0.913909
0.999938	1.49991	0.710955	2.21086	0.413827	0.499969	0.913796
0.999943	1.49991	0.711045	2.21096	0.413715	0.499971	0.913686
0.999949	1.49992	0.711127	2.21105	0.413607	0.499975	0.913582
0.999957	1.49994	0.711197	2.21113	0.413503	0.499979	0.913482
0.999967	1.49995	0.711254	2.2112	0.413403	0.499983	0.913386
0.999978	1.49997	0.711296	2.21126	0.413307	0.499989	0.913296
0.99999	1.49999	0.71132	2.2113	0.413217	0.499995	0.913212
1	1.50001	0.711325	2.21133	0.413131	0.500002	0.913133
1.00002	1.50003	0.711309	2.21134	0.413052	0.500009	0.913061
1.00003	1.50005	0.711271	2.21132	0.412978	0.500017	0.912995
1.00005	1.50007	0.71121	2.21128	0.412911	0.500025	0.912935
1.00007	1.5001	0.711124	2.21122	0.412849	0.500033	0.912882
1.00008	1.50012	0.711012	2.21114	0.412794	0.500042	0.912835
1.0001	1.50015	0.710875	2.21103	0.412745	0.50005	0.912796
1.00012	1.50018	0.71071	2.21089	0.412703	0.500059	0.912762
1.00014	1.5002	0.710519	2.21072	0.412666	0.500068	0.912735
1.00015	1.50023	0.7103	2.21053	0.412637	0.500077	0.912714
1.00017	1.50026	0.710055	2.21031	0.412614	0.500086	0.9127
1.00019	1.50028	0.709785	2.21007	0.412597	0.500094	0.912692
1.00021	1.50031	0.709488	2.2098	0.412587	0.500103	0.91269
1.00022	1.50033	0.709169	2.2095	0.412584	0.50011	0.912695
1.00024	1.50035	0.708827	2.20918	0.412587	0.500118	0.912705
1.00025	1.50037	0.708463	2.20884	0.412595	0.500125	0.91272
1.00026	1.50039	0.70808	2.20847	0.412608	0.500131	0.912739
1.00027	1.50041	0.70768	2.20809	0.412626	0.500136	0.912762
1.00028	1.50042	0.707265	2.20769	0.412648	0.50014	0.912788
1.00029	1.50043	0.70684	2.20727	0.412674	0.500144	0.912818
1.00029	1.50044	0.706406	2.20684	0.412703	0.500146	0.912849
1.00029	1.50044	0.705967	2.20641	0.412734	0.500147	0.912881
1.00029	1.50044	0.705526	2.20597	0.412765	0.500147	0.912913
1.00029	1.50044	0.705086	2.20552	0.412797	0.500146	0.912944
1.00029	1.50043	0.70465	2.20508	0.412828	0.500144	0.912972
1.00028	1.50042	0.704223	2.20464	0.412857	0.50014	0.912998
1.00027	1.50041	0.703809	2.20422	0.412885	0.500136	0.913021
1.00026	1.50039	0.703411	2.2038	0.412911	0.50013	0.913041
1.00025	1.50037	0.703032	2.2034	0.412933	0.500123	0.913056
1.00023	1.50034	0.702675	2.20302	0.412951	0.500115	0.913066
1.00021	1.50032	0.702345	2.20266	0.412967	0.500105	0.913073
1.00019	1.50029	0.702043	2.20233	0.412979	0.500095	0.913074
1.00017	1.50025	0.701774	2.20203	0.412987	0.500084	0.913071
1.00015	1.50022	0.701538	2.20176	0.412991	0.500073	0.913064
1.00012	1.50018	0.701337	2.20152	0.412991	0.500061	0.913051
1.0001	1.50014	0.701174	2.20132	0.412988	0.500048	0.913036
1.00007	1.5001	0.701051	2.20115	0.412982	0.500034	0.913017
1.00004	1.50006	0.700968	2.20103	0.412975	0.500021	0.912996
1.00001	1.50002	0.700928	2.20095	0.412966	0.500007	0.912973
0.999986	1.49998	0.700928	2.20091	0.412956	0.499993	0.912949
0.999957	1.49994	0.700971	2.20091	0.412944	0.499979	0.912923
0.999929	1.49989	0.701056	2.20095	0.412933	0.499965	0.912898
0.999901	1.49985	0.701183	2.20103	0.412923	0.49995	0.912873
0.999873	1.49981	0.701353	2.20116	0.412913	0.499937	0.91285
0.999846	1.49977	0.701564	2.20133	0.412905	0.499923	0.912828
0.999818	1.49973	0.701816	2.20154	0.4129	0.499909	0.91281
0.999792	1.49969	0.702109	2.2018	0.412897	0.499896	0.912793
0.999766	1.49965	0.70244	2.20209	0.412897	0.499883	0.91278
0.999741	1.49961	0.70281	2.20242	0.412901	0.49987	0.912771
0.999716	1.49957	0.703217	2.20279	0.412908	0.499858	0.912766
0.999693	1.49954	0.70366	2.2032	0.412918	0.499846	0.912764
0.99967	1.4995	0.704139	2.20364	0.412933	0.499835	0.912768
0.999648	1.49947	0.70465	2.20412	0.412952	0.499824	0.912776
0.999627	1.49944	0.705194	2.20464	0.412975	0.499814	0.912789
0.999608	1.49941	0.705768	2.20518	0.413003	0.499804	0.912807
0.999589	1.49938	0.706371	2.20575	0.413035	0.499795	0.91283
0.999572	1.49936	0.707001	2.20636	0.413072	0.499786	0.912858
0.999556	1.49933	0.707655	2.20699	0.413114	0.499778	0.912892
0.999542	1.49931	0.708332	2.20764	0.41316	0.499771	0.912931
0.999529	1.49929	0.709029	2.20832	0.413211	0.499764	0.912975
0.999517	1.49928	0.709746	2.20902	0.413268	0.499758	0.913026
0.999507	1.49926	0.710478	2.20974	0.413329	0.499753	0.913083
0.999499	1.49925	0.711223	2.21047	0.413395	0.499749	0.913145
0.999492	1.49924	0.71198	2.21122	0.413467	0.499746	0.913213
0.999487	1.49923	0.712746	2.21198	0.413546	0.499743	0.91329
0.999484	1.49923	0.713518	2.21274	0.41363	0.499742	0.913372
0.999482	1.49922	0.714294	2.21352	0.413721	0.499741	0.913462
0.999482	1.49922	0.715071	2.21429	0.413819	0.499741	0.91356
