5.22569e-05
0.000252462
0.000602657
0.00110284
0.00175299
0.00255312
0.00350322
0.00460327
0.00585328
0.00725324
0.00880313
0.010503
0.0123527
0.0143524
0.016502
0.0188015
0.0212509
0.0238503
0.0265995
0.0294986
0.0325476
0.0357464
0.0390951
0.0425937
0.0462422
0.0500405
0.0539887
0.0580867
0.0623345
0.0667322
0.0712797
0.0759771
0.0808242
0.0858212
0.090968
0.0962645
0.101711
0.107307
0.113053
0.118949
0.124994
0.13119
0.137535
0.14403
0.150674
0.157469
0.164413
0.171507
0.17875
0.186144
0.193687
0.20138
0.209223
0.217215
0.225357
0.233649
0.24209
0.250682
0.259422
0.268313
0.277353
0.286543
0.295883
0.305373
0.315012
0.3248
0.334739
0.344827
0.355064
0.365452
0.375989
0.386675
0.397512
0.408497
0.419633
0.430918
0.442352
0.453936
0.46567
0.477553
0.489586
0.501768
0.5141
0.526581
0.539211
0.551991
0.564921
0.578
0.591228
0.604606
0.618133
0.631809
0.645634
0.659609
0.673733
0.688006
0.702429
0.717
0.731721
0.746591
0.76161
0.776778
0.792095
0.807561
0.823176
0.83894
0.854853
0.870915
0.887125
0.903485
0.919993
0.93665
0.953456
0.97041
0.987514
1.00477
1.02217
1.03972
1.05741
1.07526
1.09325
1.1114
1.12969
1.14813
1.16672
1.18546
1.20434
1.22337
1.24256
1.26189
1.28136
1.30099
1.32077
1.34069
1.36076
1.38098
1.40135
1.42186
1.44252
1.46333
1.48429
1.5054
1.52665
1.54806
1.5696
1.5913
1.61315
1.63514
1.65728
1.67957
1.702
1.72459
1.74732
1.7702
1.79322
1.81639
1.83972
1.86318
1.8868
1.91056
1.93447
1.95853
1.98273
2.00708
2.03158
2.05622
2.08101
2.10595
2.13104
2.15627
2.18165
2.20718
2.23285
2.25867
2.28464
2.31075
2.33701
2.36342
2.38997
2.41667
2.44352
2.47051
2.49765
2.52493
2.55237
2.57994
2.60767
2.63554
2.66356
2.69172
2.72003
2.74849
2.77709
2.80584
2.83473
2.86378
2.89296
2.9223
2.95177
2.9814
3.01117
3.04109
3.07115
3.10136
3.13171
3.16221
3.19286
3.22365
3.25459
3.28568
3.3169
3.34828
3.3798
3.41147
3.44328
3.47524
3.50734
3.53959
3.57198
3.60452
3.63721
3.67004
3.70302
3.73614
3.7694
3.80282
3.83638
3.87008
3.90393
3.93792
3.97206
4.00634
4.04077
4.07535
4.11007
4.14493
4.17994
4.2151
4.2504
4.28584
4.32143
4.35717
4.39305
4.42907
4.46524
4.50156
4.53802
4.57462
4.61137
4.64827
4.6853
4.72249
4.75982
4.79729
4.83491
4.87267
4.91057
4.94862
4.98682
5.02516
5.06364
5.10227
5.14105
5.17996
5.21902
5.25823
5.29758
5.33707
5.37671
5.41649
5.45642
5.49649
5.5367
5.57706
5.61756
5.65821
5.699
5.73993
5.78101
5.82223
5.86359
5.9051
5.94675
5.98855
6.03049
6.07257
6.11479
6.15716
6.19968
6.24233
6.28513
6.32807
6.37116
6.41439
6.45776
6.50128
6.54494
6.58874
6.63268
6.67677
6.721
6.76538
6.80989
6.85455
6.89936
6.9443
6.98939
7.03462
7.08
7.12552
7.17118
7.21698
7.26292
7.30901
7.35524
7.40162
7.44813
7.49479
7.54159
7.58854
7.63562
7.68285
7.73022
7.77774
7.82539
7.87319
7.92113
7.96921
8.01744
8.0658
8.11431
8.16296
8.21176
8.26069
8.30977
8.35899
8.40835
8.45785
8.5075
8.55728
8.60721
8.65728
8.70749
8.75785
8.80834
8.85898
8.90976
8.96068
9.01174
9.06294
9.11428
9.16577
9.2174
9.26916
9.32107
9.37312
9.42532
9.47765
9.53012
9.58274
9.6355
9.68839
9.74143
9.79461
9.84793
9.9014
9.955
10.0087
10.0626
10.1167
10.1708
10.2251
10.2796
10.3342
10.3889
10.4438
10.4988
10.5539
10.6092
10.6647
10.7202
10.7759
10.8318
10.8878
10.9439
11.0002
11.0566
11.1132
11.1699
11.2267
11.2837
11.3408
11.3981
11.4555
11.513
11.5707
11.6285
11.6865
11.7446
11.8028
11.8612
11.9197
11.9784
12.0372
12.0961
12.1552
12.2144
12.2738
12.3333
12.3929
12.4527
12.5126
12.5727
12.6329
12.6932
12.7537
12.8143
12.8751
12.936
12.997
13.0582
13.1195
13.181
13.2426
13.3043
13.3662
13.4282
13.4904
13.5527
13.6151
13.6777
13.7404
13.8032
13.8662
13.9293
13.9926
14.056
14.1196
14.1832
14.2471
14.311
14.3751
14.4394
14.5037
14.5683
14.6329
14.6977
14.7626
14.8277
14.8929
14.9583
15.0237
15.0894
15.1551
15.221
15.2871
15.3532
15.4196
15.486
15.5526
15.6193
15.6862
15.7532
15.8203
15.8876
15.955
16.0226
16.0903
16.1581
16.2261
16.2942
16.3625
16.4308
16.4994
16.568
16.6368
16.7058
16.7748
16.844
16.9134
16.9829
17.0525
17.1223
17.1922
17.2622
17.3324
17.4027
17.4731
17.5437
17.6145
17.6853
17.7563
17.8275
17.8987
17.9702
18.0417
18.1134
18.1852
18.2572
18.3293
18.4015
18.4739
18.5464
18.619
18.6918
18.7647
18.8378
18.911
18.9843
19.0578
19.1314
19.2051
19.279
19.353
19.4272
19.5014
19.5759
19.6504
19.7251
19.7999
19.8749
19.95
20.0252
20.1006
20.1761
20.2517
20.3275
20.4034
20.4795
20.5557
20.632
20.7084
20.785
20.8618
20.9386
21.0156
21.0927
21.17
21.2474
21.3249
21.4026
21.4804
21.5584
21.6364
21.7147
21.793
21.8715
21.9501
22.0289
22.1077
22.1868
22.2659
22.3452
22.4246
22.5042
22.5839
22.6637
22.7437
22.8238
22.904
22.9844
23.0649
23.1456
23.2263
23.3073
23.3883
23.4695
23.5508
23.6322
23.7138
23.7956
23.8774
23.9594
24.0415
24.1238
24.2062
24.2887
24.3714
24.4542
24.5371
24.6202
24.7034
24.7867
24.8702
24.9538
25.0375
25.1214
25.2054
25.2895
25.3738
25.4582
25.5428
25.6275
25.7123
25.7972
25.8823
25.9675
26.0529
26.1384
26.224
26.3097
26.3956
26.4816
26.5678
26.6541
26.7405
26.8271
26.9137
27.0006
27.0875
27.1746
27.2618
27.3492
27.4367
27.5243
27.6121
27.6999
27.788
27.8761
27.9644
28.0528
28.1414
28.2301
28.3189
28.4078
28.4969
28.5862
28.6755
28.765
28.8546
28.9444
29.0342
29.1243
29.2144
29.3047
29.3951
29.4856
29.5763
29.6671
29.7581
29.8491
29.9404
30.0317
30.1232
30.2148
30.3065
30.3984
30.4904
30.5825
30.6748
30.7672
30.8597
30.9523
31.0451
31.1381
31.2311
31.3243
31.4176
31.5111
31.6046
31.6983
31.7922
31.8861
31.9802
32.0745
32.1688
32.2633
32.358
32.4527
32.5476
32.6426
32.7378
32.833
32.9285
33.024
33.1197
33.2155
33.3114
33.4075
33.5036
33.6
33.6964
33.793
33.8897
33.9866
34.0836
34.1807
34.2779
34.3753
34.4728
34.5704
34.6681
34.766
34.8641
34.9622
35.0605
35.1589
35.2574
35.3561
35.4549
35.5538
35.6529
35.7521
35.8514
35.9509
36.0504
36.1502
36.25
36.35
36.4501
36.5503
36.6506
36.7511
36.8517
36.9525
37.0534
37.1544
37.2555
37.3568
37.4582
37.5597
37.6613
37.7631
37.865
37.9671
38.0692
38.1715
38.274
38.3765
38.4792
38.582
38.685
38.788
38.8912
38.9946
39.098
39.2016
39.3053
39.4092
39.5131
39.6172
39.7215
39.8258
39.9303
40.0349
40.1397
40.2446
40.3496
40.4547
40.56
40.6653
40.7709
40.8765
40.9823
41.0882
41.1942
41.3004
41.4067
41.5131
41.6196
41.7263
41.8331
41.94
42.0471
42.1543
42.2616
42.3691
42.4766
42.5843
42.6922
42.8001
42.9082
43.0164
43.1248
43.2333
43.3419
43.4506
43.5595
43.6684
43.7776
43.8868
43.9962
44.1057
44.2153
44.3251
44.435
44.545
44.6551
44.7654
44.8758
44.9863
45.097
45.2078
45.3187
45.4297
45.5409
45.6522
45.7636
45.8752
45.9869
46.0987
46.2106
46.3227
46.4349
46.5472
46.6597
46.7723
46.885
46.9978
47.1108
47.2239
47.3371
47.4504
47.5639
47.6775
47.7913
47.9051
48.0191
48.1332
48.2475
48.3619
48.4764
48.591
48.7058
48.8206
48.9357
49.0508
49.1661
49.2815
49.397
49.5126
49.6284
49.7443
49.8603
49.9765
50.0928
50.2092
50.3257
50.4424
50.5592
50.6761
50.7932
50.9103
51.0276
51.1451
51.2626
51.3803
51.4981
51.616
51.7341
51.8523
51.9706
52.089
52.2076
52.3263
52.4451
52.564
52.6831
52.8023
52.9216
53.041
53.1606
53.2803
53.4001
53.52
53.6401
53.7603
53.8806
54.0011
54.1217
54.2424
54.3632
54.4841
54.6052
54.7264
54.8478
54.9692
55.0908
55.2125
55.3343
55.4563
55.5784
55.7006
55.8229
55.9454
56.068
56.1907
56.3135
56.4365
56.5596
56.6828
56.8061
56.9296
57.0532
57.1769
57.3008
57.4247
57.5488
57.6731
57.7974
57.9219
58.0465
58.1712
58.2961
58.4211
58.5462
58.6714
58.7967
58.9222
59.0478
59.1736
59.2994
59.4254
59.5515
59.6777
59.8041
59.9306
60.0572
60.1839
60.3108
60.4378
60.5649
60.6921
60.8195
60.947
61.0746
61.2023
61.3302
61.4581
61.5863
61.7145
61.8429
61.9713
62.0999
62.2287
62.3575
62.4865
62.6156
62.7449
62.8742
63.0037
63.1333
63.2631
63.3929
63.5229
63.653
63.7832
63.9136
64.0441
64.1747
64.3054
64.4363
64.5673
64.6984
64.8296
64.9609
65.0924
65.224
65.3558
65.4876
65.6196
65.7517
65.8839
66.0162
66.1487
66.2813
66.414
66.5469
66.6798
66.8129
66.9461
67.0795
67.2129
67.3465
67.4802
67.614
67.748
67.8821
68.0163
68.1506
68.285
68.4196
68.5543
68.6891
68.824
68.9591
69.0943
69.2296
69.365
69.5005
69.6362
69.772
69.9079
70.044
70.1801
70.3164
70.4528
70.5893
70.726
70.8627
