5.22569e-05
0.00025245
0.000602598
0.00110267
0.00175264
0.00255247
0.00350214
0.00460161
0.00585086
0.00724985
0.00879855
0.0104969
0.0123449
0.0143426
0.0164898
0.0187866
0.0212328
0.0238286
0.0265737
0.0294683
0.0325122
0.0357054
0.0390478
0.0425395
0.0461803
0.0499702
0.0539092
0.0579972
0.062234
0.0666197
0.0711542
0.0758373
0.0806691
0.0856493
0.0907779
0.0960548
0.10148
0.107053
0.112774
0.118642
0.124658
0.130822
0.137132
0.143589
0.150193
0.156943
0.163838
0.17088
0.178066
0.185397
0.192873
0.200492
0.208255
0.21616
0.224208
0.232397
0.240726
0.249196
0.257805
0.266552
0.275438
0.284459
0.293617
0.302909
0.312336
0.321895
0.331585
0.341407
0.351358
0.361437
0.371644
0.381977
0.392434
0.403016
0.41372
0.424545
0.435491
0.446556
0.457739
0.469038
0.480454
0.491984
0.503628
0.515385
0.527253
0.539233
0.551322
0.56352
0.575827
0.588242
0.600763
0.613391
0.626124
0.638962
0.651905
0.664951
0.678101
0.691354
0.704709
0.718166
