5.22569e-05
0.000252465
0.000602671
0.00110287
0.00175307
0.00255327
0.00350346
0.00460364
0.00585382
0.00725399
0.00880414
0.0105043
0.0123544
0.0143546
0.0165047
0.0188048
0.0212548
0.0238549
0.026605
0.029505
0.032555
0.035755
0.039105
0.0426049
0.0462549
0.0500548
0.0540047
0.0581045
0.0623544
0.0667542
0.071304
0.0760038
0.0808535
0.0858533
0.091003
0.0963026
0.101752
0.107352
0.113101
0.119001
0.125051
0.13125
0.1376
0.144099
0.150748
0.157548
0.164497
0.171597
0.178846
0.186245
0.193794
0.201494
0.209343
0.217342
0.225491
0.23379
0.242239
0.250838
0.259587
0.268486
0.277535
0.286734
0.296083
0.305582
0.315231
0.32503
0.334979
0.345078
0.355327
0.365725
0.376274
0.386973
0.397821
0.40882
0.419969
0.431268
0.442716
0.454315
0.466063
0.477962
0.49001
0.502209
0.514558
0.527056
0.539705
0.552503
0.565451
0.57855
0.591798
0.605197
0.618745
0.632443
0.646292
0.66029
0.674438
0.688737
0.703185
0.717783
0.732531
0.747429
