inf
1.92367
1.25869
1.15828
1.06592
1.04678
1.01964
1.00415
0.994111
0.976146
0.985523
0.99551
0.996737
1.00673
1.00443
0.99591
1.00126
1.00574
1.00247
1.01109
1.02018
1.02045
1.02113
1.01935
1.02894
1.03225
1.02423
1.02427
1.0231
1.02333
1.02538
1.02607
1.01884
1.0203
1.02271
1.02527
1.02042
1.02263
1.01837
1.0171
1.01704
1.01526
1.01723
1.01605
1.01601
1.01763
1.01428
1.01537
1.01458
1.01409
1.01365
1.01307
1.01241
1.0139
1.01406
1.01498
1.01414
1.01209
1.01144
1.01144
1.01116
1.0118
1.00678
1.0083
1.00716
1.00507
1.00402
1.00574
1.0061
1.0072
1.00845
1.00788
1.00931
1.00871
1.00964
1.00783
1.00855
1.00684
1.00577
1.00748
1.00549
1.00609
1.00725
1.00392
1.00438
1.0045
1.00632
1.00397
1.00489
1.00708
1.00596
1.00546
1.00567
1.00611
1.00473
1.00398
1.00314
1.00274
1.0021
1.00295
2.79737e-05
