inf
1.22676
0.831196
0.768142
0.732427
0.743788
0.756176
0.818059
0.838648
0.878404
0.902529
0.929557
0.949062
0.958813
0.980324
0.994591
1.01061
1.01423
1.0158
1.02162
1.02418
1.02976
1.02881
1.03102
1.02913
1.0303
1.02683
1.02131
1.02475
1.02741
1.02659
1.03103
1.027
1.02536
1.02535
1.02612
1.02637
1.0234
1.02037
1.01976
1.02218
1.01934
1.01816
1.0201
1.01659
1.01532
1.01529
1.01318
1.01413
1.0119
1.01119
1.01172
1.01239
1.01322
1.01502
1.01593
1.01442
1.0121
1.01077
1.01195
1.01325
1.01419
1.01069
1.00948
1.00901
1.00787
1.00827
1.00699
1.00733
1.00903
1.01055
1.00922
1.00684
1.0084
1.01093
1.01005
1.0097
1.00787
1.00949
1.00871
1.00766
1.00796
1.00848
1.00716
1.00617
1.0072
1.00583
1.00593
1.00552
1.00532
1.00557
1.00432
1.00408
1.00546
1.00323
1.00252
1.00249
1.00227
1.00284
1.00441
2.79737e-05
