inf
2.31268
1.64892
1.4309
1.29117
1.21757
1.14666
1.13448
1.1263
1.11678
1.09707
1.08878
1.06944
1.06065
1.05898
1.05006
1.04766
1.04666
1.04648
1.04588
1.0416
1.0444
1.04237
1.03868
1.03928
1.03809
1.03314
1.03427
1.02542
1.02608
1.02603
1.0252
1.02172
1.01987
1.01894
1.02367
1.01857
1.01678
1.01579
1.01688
1.01581
1.0146
1.01346
1.01552
1.01215
1.01139
1.00861
1.00811
1.00896
1.01046
1.01123
1.01224
1.01218
1.01078
1.01151
1.01436
1.01155
1.01013
1.0073
1.00875
1.01185
1.01059
1.00847
1.00644
1.00738
1.00751
1.00781
1.0054
1.00746
1.00592
1.0092
1.00813
1.00627
1.00582
1.00754
1.00881
1.0058
1.00582
1.00712
1.00753
1.00663
1.00732
1.00792
1.00688
1.00539
1.00505
1.00496
1.0051
1.0047
1.00458
1.00595
1.00538
1.00578
1.00606
1.00369
1.00404
1.00465
1.00543
1.00597
1.00542
2.79737e-05
