inf
2.37776
1.54936
1.36059
1.26989
1.20341
1.15687
1.14221
1.11738
1.1109
1.08399
1.08016
1.08623
1.06803
1.05857
1.04673
1.04527
1.04563
1.04513
1.03792
1.04174
1.04117
1.04122
1.03554
1.03628
1.03835
1.03625
1.03656
1.03369
1.03252
1.02912
1.02597
1.02317
1.02209
1.02439
1.02355
1.02059
1.02053
1.01363
1.01528
1.0143
1.01554
1.01617
1.01466
1.01217
1.01106
1.01203
1.01253
1.01446
1.01439
1.01408
1.0124
1.01267
1.01363
1.01282
1.01445
1.01473
1.01151
1.01176
1.01108
1.01007
1.01092
1.01202
1.00987
1.00891
1.00623
1.00561
1.00469
1.00526
1.0079
1.00789
1.00833
1.00867
1.00884
1.00893
1.00951
1.00942
1.00798
1.00819
1.0079
1.00702
1.00681
1.00713
1.0084
1.0065
1.00588
1.00633
1.00635
1.00629
1.00698
1.00594
1.00502
1.00585
1.00632
1.00543
1.00319
1.00418
1.0024
1.00172
1.00301
2.79737e-05
