inf
1.98487
1.44227
1.24306
1.14189
1.10216
1.07232
1.0577
1.03407
1.01972
1.01608
1.01756
1.03287
1.03418
1.03019
1.03793
1.02936
1.03339
1.03721
1.03347
1.03428
1.0321
1.02569
1.03061
1.03442
1.03445
1.03289
1.03041
1.0294
1.02634
1.02812
1.02288
1.02854
1.02712
1.02927
1.02989
1.02903
1.02706
1.02382
1.0234
1.02069
1.01966
1.02009
1.02232
1.01849
1.01759
1.01534
1.01595
1.01543
1.01636
1.01372
1.01345
1.01148
1.01134
1.0137
1.01473
1.01242
1.01338
1.00996
1.00839
1.00947
1.0109
1.00869
1.00932
1.00798
1.0082
1.00725
1.00697
1.00913
1.00808
1.00856
1.00972
1.00831
1.00852
1.00795
1.0083
1.00469
1.00441
1.0066
1.0062
1.00443
1.00634
1.00695
1.00626
1.00531
1.00504
1.00556
1.00562
1.00426
1.00445
1.00451
1.00414
1.00632
1.00613
1.00475
1.00504
1.00405
1.00248
1.00277
1.00337
2.79737e-05
