inf
2.34037
1.59464
1.32691
1.23978
1.20168
1.16944
1.11635
1.10669
1.09912
1.08551
1.06918
1.07437
1.07277
1.06216
1.05411
1.04278
1.04056
1.04142
1.03879
1.03264
1.03007
1.02963
1.03205
1.0345
1.03731
1.03496
1.02716
1.02905
1.02532
1.02702
1.02524
1.02517
1.02321
1.02276
1.02432
1.01814
1.02049
1.01856
1.01643
1.01581
1.01552
1.01795
1.0205
1.02095
1.01746
1.01516
1.01461
1.01388
1.01605
1.01536
1.01494
1.01277
1.01433
1.01468
1.01972
1.01619
1.01469
1.01464
1.01374
1.01639
1.01628
1.01388
1.01265
1.01156
1.00974
1.00766
1.007
1.00856
1.00874
1.00748
1.00783
1.00772
1.00773
1.00914
1.00821
1.00749
1.00727
1.00652
1.00578
1.00497
1.0047
1.00582
1.00561
1.0049
1.00327
1.00288
1.00353
1.00391
1.00568
1.00594
1.00473
1.00464
1.00642
1.00555
1.00377
1.0025
1.00157
1.00064
1.0014
2.79737e-05
