inf
2.3088
1.54499
1.33889
1.23796
1.15473
1.14605
1.11246
1.08967
1.09239
1.10066
1.08086
1.06712
1.06403
1.04895
1.04224
1.05035
1.04913
1.04865
1.04114
1.04362
1.03963
1.04117
1.03723
1.03443
1.03709
1.03112
1.02455
1.02591
1.02954
1.02401
1.0247
1.02043
1.01957
1.01931
1.02577
1.02057
1.01773
1.01596
1.01672
1.01576
1.01383
1.0125
1.0122
1.01133
1.01172
1.01072
1.01134
1.01142
1.01106
1.00869
1.00674
1.00767
1.0093
1.01161
1.01198
1.01273
1.0109
1.00967
1.0105
1.00968
1.00963
1.00718
1.00569
1.00584
1.0055
1.0047
1.00622
1.00574
1.00579
1.00609
1.00588
1.00499
1.00645
1.00902
1.00905
1.00944
1.00912
1.00746
1.00795
1.00633
1.00642
1.00802
1.0081
1.00661
1.00734
1.00706
1.00623
1.00597
1.005
1.00697
1.00765
1.00673
1.00659
1.00734
1.00503
1.00591
1.00416
1.00456
1.00458
2.79737e-05
