0.318408
0.222901
0.894049
1.87862
1.27343
-1.43844
0.0527233
-1.18915
-0.992939
-0.532167
0.371969
-1.41953
-0.04436
1.42694
-0.345417
-1.99647
-0.665554
0.729593
-0.715243
-1.20521
-0.452223
0.741382
-1.75855
-0.0549227
1.00642
-0.804611
-0.848631
-1.01119
1.36399
-3.20288
-1.00663
-0.398174
0.425964
-1.56206
-0.0794238
-1.67285
-0.415112
-2.06183
-2.1792
0.141071
1.09068
-1.76638
-1.25713
1.48621
-1.08458
1.7404
0.184467
1.93618
1.27552
-0.837513
-2.98159
1.47056
-0.823876
1.08115
0.523896
1.10835
0.889196
0.108233
-1.14027
-0.729356
0.893229
-0.757917
-0.872625
2.64957
0.716768
0.610356
-1.52953
-2.03251
-1.82517
-0.826467
0.50258
0.624413
-0.612663
-2.03699
2.08417
-0.440952
-0.377919
-0.415238
-1.26508
-0.923992
-0.145723
0.00236499
-1.52529
0.560808
-1.07931
0.965606
-2.01585
-1.09878
-0.0146819
1.34675
-2.29901
-0.213213
2.56547
0.340049
0.231133
-0.717285
1.65804
1.34319
0.937094
1.41087
0.435158
1.04791
0.614016
0.548004
-0.916893
-1.00796
-0.403298
0.0725891
-0.270487
-0.515344
-1.26918
1.2658
0.297941
-1.53619
0.318951
-1.02119
-0.037877
-1.44954
-0.257447
-0.917159
0.383615
-0.546274
-1.08934
-0.505981
1.03037
2.49884
-1.87594
0.0465851
0.843847
-0.137781
-1.29056
1.73198
0.509854
1.08512
1.61934
-1.19191
0.204547
0.753872
-0.814309
0.266632
0.0183413
-0.451187
1.39236
0.327149
-1.53807
1.59863
0.383947
-0.422915
-0.957391
0.697203
0.497549
0.749859
0.0568219
0.639143
-1.0585
0.740025
-2.39821
1.27113
0.610203
0.23324
0.635927
-1.23342
-0.0651431
-0.853573
2.16437
-0.761604
-2.22924
-1.78338
0.025123
0.770607
-0.728318
-0.118019
-1.68427
-0.44046
-1.17993
0.016759
0.249727
-0.00745131
0.204605
1.89712
2.27056
-1.17849
-0.677547
0.0938196
0.588296
1.16063
1.96257
-1.58667
-0.146942
-1.37174
0.0798787
0.550672
-0.675565
1.0511
-2.15684
1.07973
-1.98153
-0.313541
-1.11266
0.704294
-0.734027
0.76512
-0.685186
-1.94209
0.668401
0.320523
1.86308
-0.69611
-0.749686
0.093115
-0.578499
-0.867854
-1.09505
1.46906
-0.537004
0.418132
-0.0645881
0.777179
1.4918
0.618007
2.08809
0.804265
-1.77169
1.00293
1.73323
0.20463
0.74816
0.421613
1.33651
-0.286293
0.313641
0.396253
-0.895115
0.530164
0.178273
0.00461431
3.00506
0.41023
2.10735
1.11885
-2.03855
-0.0283614
1.13775
0.133901
-0.262677
2.18045
1.15247
1.25601
2.10987
0.50484
-0.518135
0.450334
0.469218
1.24631
2.31975
-1.08351
1.60425
-0.30441
-0.874731
0.347188
0.277659
1.90292
1.8722
-2.17613
0.898385
-0.472158
0.260212
-2.38613
-1.9743
-1.85541
-0.913908
-1.92419
0.781619
0.174125
-0.833364
-1.25878
2.75486
-1.39313
1.76674
-1.6334
-0.0047705
2.16097
-0.387386
0.669874
0.714082
1.2563
-1.7265
-1.46062
-1.08763
1.14297
0.103566
-0.0369601
-0.296265
0.553487
-2.18242
0.228254
-1.14992
-1.1629
1.36641
-0.872233
2.26604
0.94479
0.673982
-0.578631
-1.56584
-0.0301922
0.635046
-0.347911
-1.916
1.53388
0.467321
-0.852761
-0.491925
0.237823
0.843797
0.209288
0.226741
0.00449076
-0.773185
0.477254
0.164858
-0.646259
-1.47247
1.87549
1.26257
-0.888724
-0.0812955
0.0446902
-0.426333
-0.579858
-0.411955
-0.936143
0.889619
0.801889
-0.931596
1.59945
-1.03867
1.2509
0.489244
-0.74794
-1.20875
-0.980909
-0.751905
-0.115657
-2.42421
1.44013
-1.97224
1.69457
0.909984
0.285865
-0.729199
-0.143334
-0.89994
-1.75816
0.928541
-1.02812
1.54145
0.437631
0.897836
2.54512
-0.288687
1.90869
0.916403
-0.69804
-0.988818
1.83658
1.72212
0.812845
-0.674915
-1.33556
0.544588
2.12712
2.38271
-0.554575
-1.95618
0.984363
2.09504
1.09976
1.6844
0.64857
-1.09123
0.878529
-1.60943
-0.665533
-0.0566352
0.869091
-1.41464
0.137805
2.2008
0.285475
1.21562
-0.0735608
-0.337509
0.973043
1.74645
-0.835728
2.14761
-1.16137
1.60863
0.738202
1.14699
1.68754
-1.20136
0.0176604
-1.5302
1.60624
-0.873319
0.235627
-1.71518
-1.5915
-0.428842
0.269215
1.09873
-0.758071
1.1777
-0.158589
-1.54559
0.119448
0.243016
-0.509232
-0.314822
2.44019
-0.976509
1.40505
-1.48641
0.572013
1.71872
-1.87463
-2.31999
0.72426
1.32902
-2.74896
0.529671
-0.494189
2.14913
-2.07873
-1.15703
2.16365
0.272349
-1.30591
0.751267
0.0959184
-1.75546
1.5498
1.54524
-0.706525
-1.93369
-2.053
0.75992
0.515631
0.263136
0.749601
0.346689
-0.620647
-1.09243
-1.30855
-1.25803
1.24212
-0.790964
-0.800431
1.64041
1.45521
-1.02531
0.625633
-1.84071
0.980543
2.28576
0.605652
-1.04817
-1.68781
0.305253
-1.73591
-1.2271
-0.263331
0.750239
0.270283
0.127809
0.434378
-0.58622
0.479517
1.41915
0.966653
-0.632068
-0.564051
1.85774
-0.775385
-0.883325
-1.74105
-1.95685
-1.33746
-0.515556
-1.78738
1.77648
-0.0597491
1.95453
0.169177
0.344936
1.12023
0.686734
0.306074
0.796528
0.17957
-1.1464
-0.439668
-1.00395
0.268415
-0.158173
-1.72147
0.0119035
-0.91441
1.28295
0.843451
