0.623603
-1.33249
0.238203
-0.329819
-1.1179
-1.1054
1.7556
-0.805979
0.104676
0.900222
-1.62463
-1.70018
-1.51536
-2.04108
1.73421
-1.60594
-1.2885
-0.354516
-1.69033
0.817211
-0.981418
0.614157
0.314378
2.01756
-0.697108
-0.273702
-2.31516
0.576262
0.704483
0.409078
-0.779798
0.448491
-0.590902
-0.216168
0.405769
-1.11899
1.23922
0.428267
-1.45011
-0.481217
1.06027
1.69746
-1.04259
1.24157
-1.80156
1.60298
-0.707742
-1.16134
-1.24183
-1.15224
-0.624961
-1.25764
-1.65108
-0.25939
0.967273
-0.586302
1.87975
2.45057
1.14844
-0.577191
-1.00546
0.948594
-2.05216
0.48198
2.01734
-1.50089
-0.107464
-1.05603
-1.42276
0.26044
1.26453
-0.509187
-1.02337
1.84531
-0.76667
-1.42331
1.46361
0.757583
-1.6464
0.834715
0.278083
1.34511
-0.579674
-0.538264
1.36406
1.57341
-1.37266
0.456376
0.767102
-0.858318
-0.572534
-0.434453
-0.455019
-0.0855487
0.0937154
-0.680767
2.10746
0.969136
0.573775
0.981145
0.0730925
-1.06601
-1.98703
0.393699
-0.472014
-0.388998
1.4605
-0.893092
0.877091
1.27765
-1.94918
0.840826
0.019429
-1.14499
-0.910946
-1.31976
0.0169055
0.611566
-1.78667
0.896238
1.28258
1.10644
0.800654
0.725039
-0.586671
-1.04765
-1.27357
-1.05024
0.436488
1.27779
0.884543
0.523415
0.821149
1.37776
1.74428
-1.35426
-0.636313
0.298386
1.50028
0.817122
-0.595769
-0.764607
-1.38386
0.55368
-2.23503
-2.00948
-0.146699
1.48181
0.192177
-1.59921
1.45445
-1.54684
0.465364
0.734824
0.152236
0.392966
0.640631
-1.86741
0.27816
1.7362
-0.378876
-1.34789
0.895387
2.07678
0.332845
0.775663
-2.84862
1.62695
1.45448
0.604138
0.835418
-0.716695
1.45186
-0.15002
0.644579
1.89068
1.61893
1.73751
-0.285234
0.303894
0.270738
-0.77868
-0.882331
1.50211
0.406205
-0.468988
-0.11159
-1.7915
0.437021
1.92149
0.0758352
-1.25866
1.34332
2.15728
1.16402
1.62592
0.785595
-1.54914
1.49841
-1.16218
0.797813
1.2696
-1.66348
0.117191
2.04445
-0.325866
0.366484
-0.923443
1.67921
0.342487
-1.28599
-0.524946
-0.0263412
-2.21885
-0.34715
1.35443
2.06131
0.617804
1.21886
0.742026
-1.90486
-1.66541
1.63695
-1.64342
-0.607112
-0.149129
-0.288124
-0.240291
-0.21156
0.73542
-0.8336
1.83874
-0.394305
1.02265
-0.661279
0.712737
-0.55259
1.80414
-1.05877
-0.168047
0.422697
1.68903
-1.37726
-2.43638
0.274486
-1.25893
-1.60493
-0.726618
0.67414
-0.891488
1.47534
1.1357
-0.280862
0.174671
2.35528
0.744578
1.41027
0.771293
0.902084
-1.17076
-2.10343
-1.79429
2.2372
0.359631
0.819837
-1.27377
0.24349
-0.179132
1.46488
-0.507198
-0.152449
0.337677
-0.342045
0.907158
1.08315
-0.0908037
0.632042
-0.381984
0.507518
-1.31017
0.895936
0.130686
-0.362602
1.94121
1.36827
-2.19155
-2.26943
-0.371951
-0.569051
1.38456
1.22539
0.658291
-1.24394
0.752669
2.15927
0.968712
0.643893
-1.66364
-0.308186
-0.39728
-1.18004
-0.0240716
-1.72118
-0.540543
-1.92343
-0.802346
1.44851
-1.52492
-0.530069
1.0153
1.3524
-1.01062
1.30321
1.63692
-0.342949
-1.33996
0.0775276
-0.188199
-1.40353
0.535107
2.17691
-0.946441
2.18377
0.687586
-1.95669
-1.13204
2.1731
-0.405817
2.03124
1.05618
0.0048982
0.78793
-1.26457
-0.587102
1.39843
-0.504367
-0.934545
-1.12244
-1.62051
1.35338
2.23692
-0.484707
-1.76073
0.434981
-1.0496
-1.73446
1.5242
0.84129
-0.0560179
0.353805
-1.16335
1.09334
-1.52368
0.835916
0.857171
-1.58062
-1.20305
1.40239
0.682819
-1.4096
2.16414
-0.142259
-1.15292
-0.266323
-1.84171
-0.234909
1.50627
-1.41435
2.05042
0.581235
2.08534
0.252073
0.268381
-2.09876
1.61188
-0.561066
0.337963
-1.59487
-1.9701
1.53417
-1.53914
0.0665467
0.908094
-1.9795
0.899299
1.4027
0.384753
0.488334
-0.132564
1.48275
-1.64616
-0.415881
0.0479393
1.24371
-1.11917
1.60563
0.684257
0.799055
-0.632544
-1.00841
2.03659
-0.457503
-1.22947
1.35422
-0.470146
-0.599292
-0.835247
-0.605874
-0.560419
1.4733
0.100039
-1.60655
-0.266671
-0.95178
-1.11217
0.702188
-0.286446
0.734613
-0.472372
-0.904321
1.13736
0.66758
-0.682344
1.8546
0.976392
0.300487
2.07584
-2.17736
-1.02562
0.303346
0.5033
-1.19471
-1.65815
-0.868819
-0.61975
-0.418368
1.38312
0.114937
0.771419
0.45747
0.698319
1.0366
-1.04054
0.811181
-1.02555
1.62197
-1.71679
0.479577
-0.4477
0.129875
-0.709762
-0.316747
1.85751
-2.41372
-2.0335
-0.628217
-1.90778
1.03259
-2.0453
1.12087
-1.64182
1.31494
1.61254
1.94268
1.11662
-2.10084
0.622661
-1.14559
-0.942785
1.38635
-1.79415
-1.51055
0.712258
-0.966774
-0.265643
-0.33575
1.28032
0.818318
-0.5305
-0.0118237
-0.601209
-0.949888
-1.48812
1.71318
0.735183
1.3661
1.20406
-2.64399
1.84791
1.96106
-0.803291
0.778159
-1.74878
0.34702
-1.09603
0.836841
0.94682
-0.462708
-0.985041
-0.773857
-1.10285
-2.16572
1.90753
-0.688301
-0.183234
-1.48223
0.871
-1.5331
1.66241
-2.33081
0.373897
1.12776
