1.61567
4.09318
9.5558
2.27448
1.95005
9.27909
6.91007
4.40784
7.97055
4.65501
5.06436
8.86233
7.95147
8.36072
9.70979
5.58296
4.57482
1.09399
4.83249
8.91035
7.47031
5.12328
9.22208
4.55089
6.22643
4.98695
5.5917
7.48584
7.10295
3.84188
3.17843
4.52505
8.28871
0.138927
6.06634
7.87958
2.72298
3.00831
5.24361
7.32429
6.80616
5.03033
6.81653
5.90123
2.74947
8.1777
4.70294
4.89519
3.03905
1.20683
1.73724
4.71532
10.0073
9.5514
6.03182
5.20138
2.94447
6.66403
5.01409
4.85431
3.4727
4.50646
3.06997
6.67797
3.2971
1.82093
9.72887
1.65414
3.8325
8.52976
3.77623
4.08859
1.04401
6.44872
9.38355
7.6381
1.30383
5.01708
9.27588
1.73106
6.63363
3.24397
9.71041
3.87427
5.6393
5.02122
0.473156
0.165426
6.47755
0.712237
9.67813
8.90568
4.62656
0.905327
5.40012
7.11656
0.787192
4.37298
5.15998
7.38506
3.63204
7.62732
5.98628
8.6578
2.6423
7.60326
6.08859
9.50227
4.87326
9.50628
7.00749
0.0436707
4.50232
7.30837
5.95504
0.893217
2.60721
7.88711
1.4087
2.7783
7.16773
8.09038
4.37199
5.91103
1.58486
9.77548
3.02617
0.0664114
1.79077
4.53487
2.97984
0.0864991
8.19327
2.84472
3.79568
6.67699
0.813577
1.84818
0.864768
8.03115
8.04393
4.24509
1.37878
9.85205
2.00306
4.61803
7.50705
0.708244
0.646364
3.27533
0.261006
9.75726
5.85913
1.0905
2.56404
7.29857
9.74194
7.78858
0.788383
7.93832
8.79502
0.937205
3.2802
1.68528
0.927139
5.29953
3.32454
6.91427
7.20037
5.50417
8.67584
8.30713
0.628251
2.82337
7.55046
2.34337
2.85698
4.17718
7.2638
9.37681
8.68932
3.4906
7.70261
2.19614
4.95084
4.68063
8.65145
3.60408
0.783951
8.81144
9.23316
3.59518
6.08455
3.19263
0.160844
3.97983
9.47433
4.68988
2.38
0.298474
7.0191
8.55188
8.41242
4.60738
4.13446
7.57254
1.63036
3.2145
0.956279
3.22467
6.59458
5.23961
0.298318
6.78543
4.30771
1.5794
6.96426
0.224022
4.69076
5.40918
4.98987
0.304691
6.72918
2.33669
2.40957
1.094
8.9711
9.4148
0.203597
6.43581
2.74527
3.74779
4.26011
9.17974
3.52173
3.17518
2.9429
2.50333
0.293138
8.58103
9.11214
5.02054
5.08816
2.30373
4.50865
5.07986
9.49418
4.59227
7.50535
1.21366
1.12514
0.0626955
2.59471
4.86992
5.19876
4.81304
5.40969
7.85297
2.51767
0.248956
9.88346
1.1742
4.8115
0.713621
8.73904
8.57249
5.70168
9.67637
1.47714
8.0433
0.733848
6.56085
8.09874
6.98164
6.38018
0.576162
0.282838
3.74696
0.947631
7.83063
7.77144
4.73143
6.52858
4.20481
0.641651
8.06525
9.53316
7.38
5.07906
8.25077
9.56451
7.88849
5.60766
8.02674
0.170212
0.58791
6.36659
8.1382
1.82666
7.30313
6.36499
2.93385
6.49621
6.65484
6.19403
5.39084
8.86232
7.60591
3.24435
9.99004
7.3769
4.60896
5.53713
3.98413
8.55359
7.59304
0.527649
8.34588
8.07003
4.38806
5.55004
1.98581
6.7517
3.24024
7.77906
1.53755
5.83847
8.71353
3.87386
1.59698
5.08381
3.36352
9.20106
3.18631
9.50028
7.58295
2.33064
9.71435
5.68862
6.55645
3.93892
6.45967
8.33525
0.50517
9.37247
7.30173
8.7824
1.58481
9.99808
2.64726
6.12227
4.97438
8.87231
5.00592
8.15153
6.26891
7.22716
9.78346
9.26371
4.85939
1.74786
3.16458
9.58224
10.0693
4.375
5.53347
0.754907
5.46273
2.76619
5.20647
3.72065
2.19588
4.95718
0.542818
0.151218
2.22743
8.23447
0.426401
0.731286
9.76055
3.33838
4.78334
2.43339
7.32363
1.51199
5.00049
5.49158
1.97934
7.36576
5.50715
4.20402
6.1427
9.43533
9.5082
6.53572
6.92608
2.7749
1.54308
5.95468
9.09696
4.87795
8.89768
6.61434
7.93967
5.99427
3.50887
3.33481
6.10672
9.2221
1.9795
7.80844
8.01293
8.79104
1.65853
1.56395
1.86944
8.37191
6.9514
4.02365
2.0854
5.56214
4.18643
4.02987
1.32322
9.35347
8.87871
2.89234
1.55424
3.43864
1.35532
8.00183
7.09453
0.926493
8.96222
8.12399
2.98318
6.15564
3.12687
8.39955
1.37461
0.758802
4.90964
0.899211
5.23526
8.91943
9.60736
4.22503
6.44016
8.87688
5.61613
4.37862
7.59
8.79451
3.43089
0.871352
7.01937
2.98523
2.21638
2.81242
6.87465
7.20225
2.819
8.17635
9.88987
7.47526
0.847719
5.25186
4.56243
8.51248
8.267
0.338802
4.07345
7.8948
1.12011
7.57405
5.73583
1.15431
7.26255
1.33146
3.06459
5.83751
3.89328
2.43046
2.83557
0.26348
2.8393
0.30486
1.33039
0.25532
0.270973
7.06406
6.72115
7.4331
7.7372
4.02466
9.01224
3.14256
7.75741
5.24043
6.17104
1.27358
1.96125
6.55728
8.17778
4.76911
5.65436
7.80443
8.8745
3.23126
5.3692
7.14372
5.43884
