1.58827
5.06888
6.47205
1.33702
4.11475
1.12943
9.30134
1.66699
2.46272
3.33761
5.13519
0.131262
2.92214
5.7836
2.75605
1.96456
7.89385
1.77631
4.65318
7.51204
0.00560356
5.14588
3.21196
3.98547
8.18875
9.00496
0.249557
8.52026
2.25661
2.91321
6.51724
8.34758
5.02925
7.8439
8.66931
4.89582
4.83525
3.1631
7.91612
6.24879
8.8495
1.91952
1.86214
3.9115
8.36593
0.0960466
8.51882
9.10963
6.9543
6.50425
2.65723
5.86374
8.94113
0.0294817
3.05955
7.71789
6.9073
6.31919
7.58168
7.05041
1.83179
9.29596
8.92268
2.10512
2.16564
5.92237
0.923739
0.0556265
1.16428
9.37297
2.0126
3.04825
7.98472
0.243632
2.14587
4.82791
8.74452
0.125292
5.11301
8.38993
1.89366
8.90172
1.03227
9.33973
7.59016
3.13869
3.91634
5.45374
7.52293
2.96627
2.75074
5.64434
4.27109
2.6668
3.17805
0.0198866
6.16878
6.8583
8.65063
5.35639
6.7945
8.51072
0.1587
2.79734
4.89027
6.90668
4.62105
5.71029
9.47422
9.99093
9.07968
3.56303
3.32412
4.21774
2.79997
0.146577
2.38209
6.8873
7.19133
1.31959
7.16002
4.6597
1.78471
8.88713
0.28536
0.020268
4.62681
4.34478
9.09743
6.47563
9.49192
2.70837
4.74963
7.33392
2.53551
4.44295
0.23886
1.32802
9.98294
1.09937
5.0254
7.2194
4.69932
1.15222
2.90089
2.83991
2.73872
1.72727
6.1649
0.793552
4.52995
7.72854
1.88969
9.08797
8.93775
9.29492
5.88631
6.52593
0.681292
6.35433
0.465022
7.02325
6.94494
0.820916
8.59278
7.57011
5.11401
5.00548
1.62605
2.28947
8.58747
5.46559
0.876704
7.80466
7.18628
5.48934
4.58898
2.46676
4.44366
7.73782
5.57944
1.67081
4.76481
0.0507801
2.95574
6.09226
8.37679
6.97621
7.63993
7.1347
0.0948641
1.99267
4.67875
3.34531
6.27844
3.63598
4.76584
2.95653
2.86207
9.67442
9.08538
4.37441
9.90675
5.04055
4.76041
0.15888
2.95964
2.16169
4.94924
0.696777
4.73237
3.35002
6.91526
3.25894
3.39213
5.22763
0.977138
4.06451
0.676948
9.95646
1.18146
6.23681
0.949514
3.03761
5.47113
9.07752
2.45328
6.76608
5.82473
3.97337
4.78956
2.41012
6.19385
4.68768
0.343965
9.66766
9.76738
3.50756
6.64267
5.71432
1.47745
7.10611
4.53217
6.51776
7.74481
9.22562
0.489253
2.6799
0.338803
3.51398
4.51635
1.55562
7.8227
3.19824
5.6628
1.21041
3.37332
6.30444
9.03393
8.8476
5.09924
4.71266
7.80452
0.298434
1.21968
2.32843
5.97396
4.06901
1.03589
0.892647
8.40686
9.06175
0.398069
1.35004
9.34581
6.17123
9.99037
3.18244
9.53627
7.96013
8.22496
4.22879
8.24604
2.35506
3.41705
6.85259
5.31831
1.4686
8.02181
8.94074
2.96878
4.55053
1.72526
5.49171
5.09127
6.2318
1.98856
1.35247
6.12269
3.51491
5.94956
2.51366
2.1952
8.60693
1.9186
9.93767
9.47121
3.12436
2.98975
8.98054
5.36582
0.486957
6.1823
5.25547
3.92916
5.65687
2.00712
7.73578
3.8609
4.52198
9.40636
1.79577
6.64512
3.55597
2.45643
9.29724
2.20661
4.09558
4.1466
8.46812
7.31265
8.05344
5.20454
2.91365
5.95366
3.0776
8.20469
8.86347
9.02229
1.26091
6.42268
8.7563
9.21794
4.94721
4.71895
3.50242
8.93873
6.67643
3.34216
6.62134
4.14178
7.13536
5.51534
9.46227
5.9048
3.02833
6.40855
4.30782
6.95044
6.85575
2.75693
8.26288
9.24376
7.13431
1.88139
7.11893
9.34258
6.71504
7.34107
7.14861
7.25466
9.70256
6.6434
3.93062
4.48711
3.38125
6.25143
4.02454
5.14821
1.38873
6.63022
0.0659504
4.96869
4.96624
1.42578
1.86986
5.10527
2.43328
8.94745
10.0261
8.52926
3.96674
2.04548
2.12113
6.69097
8.17683
4.48802
0.711169
3.98128
3.83543
6.04216
6.04241
5.64171
6.70297
3.9336
3.80794
2.58638
8.63423
3.07483
5.38989
4.30099
5.85284
8.38886
6.19312
8.8662
9.5205
7.63366
7.30194
7.69753
3.01138
3.81612
9.85029
7.50875
7.50317
5.96449
0.946954
5.87265
7.92538
1.96246
8.00303
1.59442
5.28132
5.75031
8.09629
9.45511
9.82366
1.44162
6.34879
2.66512
4.50163
1.27956
1.28932
7.66096
8.97708
0.891663
6.45572
8.20849
5.98674
3.083
0.854725
9.45513
0.150948
7.24031
1.88371
8.49386
9.92052
4.08376
5.40332
5.09862
8.56838
5.48869
1.50574
4.14858
1.29822
4.15947
6.09651
1.45133
1.91843
8.59411
4.68164
8.20083
0.551585
4.66934
7.18489
0.783667
1.62446
7.34614
1.40571
8.36826
7.04215
9.63403
1.2028
8.47479
0.905729
6.41746
2.46275
4.26482
7.8391
7.21924
6.02729
0.326037
9.33093
2.05691
8.78577
2.37689
7.92305
8.05325
2.61963
6.53293
1.7078
9.3741
5.69205
0.270156
0.904647
1.51436
0.128095
5.04405
4.81702
9.92837
2.64377
9.30605
1.15023
