0.884529
-1.75355
1.51431
-0.111837
-0.833668
-0.114611
-1.57366
1.17532
-0.263249
1.10315
0.0202386
-1.96021
-1.26907
-0.733263
-1.02354
1.0862
1.5428
-1.71992
0.23536
-2.01912
2.03165
-1.60737
1.97779
-0.803881
0.55108
-0.71913
0.383993
0.0743843
1.56148
1.07993
-1.12445
-1.38804
1.32359
-1.75971
-1.0873
1.22542
1.54602
0.124158
-1.59166
-0.562641
1.52776
-1.4837
-0.65144
-1.82496
0.220212
-1.41682
0.529698
0.127153
-1.70844
1.15973
-1.32879
-1.09869
-0.842876
-1.70004
-1.98535
-1.00615
1.30134
-1.92432
-1.91639
2.02252
-0.613514
1.24541
1.10858
0.545185
-1.61471
-1.78928
0.326458
1.44484
-0.74886
-0.305309
-1.08298
1.65592
-1.16475
1.46681
0.797188
-0.874852
-0.552847
-1.10959
1.2955
-0.998502
0.123307
1.11737
-1.82429
-1.05146
-1.64333
-0.211256
1.37763
0.86254
-0.947164
-0.421431
-0.613885
-0.505845
1.86874
-1.58642
-1.95269
-1.41259
0.760406
0.224562
1.92623
1.56981
-0.811332
-1.61433
0.662753
-0.12951
1.99769
-1.04524
-0.0182874
-1.96974
-1.44372
-1.352
-1.22347
1.5119
1.48449
1.60467
1.00248
-1.73493
-0.309706
-0.890729
1.18693
-1.09974
0.36479
0.56922
-0.361673
-1.10639
-1.94591
1.89347
-1.79436
0.685398
1.20937
1.28595
-0.587091
0.994812
-1.07559
1.04816
1.66382
-1.37086
1.44676
-0.434698
0.363752
-1.741
-1.79295
1.52264
0.321806
-0.58964
1.74267
1.34739
0.642254
-0.731003
-1.98576
1.79967
0.581774
-0.252578
0.115722
0.926775
2.0917
0.505682
0.18496
1.57481
-0.465188
-1.29762
1.50562
1.48744
0.707454
0.979316
-1.55933
1.55966
1.90835
-1.64184
0.666199
-1.31804
0.757398
1.18982
1.70576
0.157519
-1.51438
0.915872
0.901168
-1.97361
-1.56058
-1.57321
-1.21128
-1.84086
0.25519
1.86062
2.04908
-0.251402
1.39868
-1.34832
-1.33334
0.840091
1.53343
0.903734
-0.174896
0.225043
0.751956
1.09213
0.590313
-0.97518
-1.1737
-0.192249
-0.532036
-1.05296
-0.241554
-1.90238
-1.22044
0.463775
-0.172215
2.07618
-0.575922
0.758246
-0.363362
-1.89343
2.01295
0.119683
-1.47432
-0.0352827
-1.83025
-0.925076
-0.0606319
-1.83446
-1.23179
0.160789
1.42409
-0.687178
-0.747545
0.0392071
-1.73297
-1.19633
-1.36779
1.85437
-0.290126
-0.42726
-1.46403
-1.9519
-0.331298
-1.03375
-1.93151
1.49101
0.342838
-0.878849
-1.21784
1.3807
0.537843
-0.794673
-1.87295
0.286786
-0.642349
0.911209
1.74794
0.454445
-0.165861
1.61888
0.360304
1.1891
-1.93798
-1.61226
-0.774185
-1.62526
-0.0859281
-2.00136
0.712407
-0.941455
1.17081
-1.41853
-0.91635
0.969546
-1.83485
-0.566135
-1.31605
-0.725263
1.61214
0.643854
0.744831
-1.0953
1.59754
0.408864
0.851894
0.591465
0.293124
-0.400384
1.93342
0.0881818
-1.35777
1.82677
1.79466
-1.5626
-0.0195144
-1.31769
-0.103115
0.115977
-0.441848
0.673279
1.25846
1.44039
1.61594
2.01845
-1.25918
-0.52902
0.938697
1.37985
-1.53732
-0.808208
-1.17111
-1.00844
-0.42819
-0.0769644
-1.54997
-1.44059
1.92409
0.0424243
0.482523
-0.927622
1.02927
1.61308
1.76655
1.7366
0.145225
-0.165523
1.21334
0.729294
-1.99908
0.963627
-1.11807
-1.4783
1.63756
0.315361
0.905769
-1.33432
0.151178
0.912583
0.807175
0.84661
1.79718
-0.457264
1.19854
-0.965727
-1.37816
1.6506
-1.21203
0.930689
-0.326305
-1.14544
0.693574
-1.45783
1.71604
-0.346029
1.87643
-1.64404
-0.757881
-1.75305
1.49592
1.22594
-0.860657
-0.165863
-0.769561
1.91301
1.5489
0.624485
0.889071
-1.941
-1.78288
-0.687611
-1.51252
-0.132578
-0.479832
-0.118287
-1.11288
1.48839
1.59718
0.494268
1.70441
0.524584
-0.362216
-1.72809
-0.575986
1.55264
-0.660062
0.0389539
-0.453123
-0.866569
1.42441
-0.176076
2.10706
0.996322
1.23373
-1.15882
1.52377
-1.24739
-0.363307
0.0634663
0.696128
1.58195
0.84076
0.17354
-1.55912
-1.13543
1.45623
0.745063
0.399834
-0.936036
0.643038
0.261338
1.69887
0.671876
1.45685
0.80159
0.801269
-0.849385
-1.95948
-0.261428
-1.00302
1.30745
-0.558524
-0.330175
2.06244
1.03159
-1.21445
-0.721198
-1.87062
-0.185967
0.982478
1.70678
1.2261
-1.48056
0.0714462
-0.0775013
0.61013
0.238101
-0.205205
-0.090736
-0.786979
1.13573
0.881387
-0.38669
1.38483
-1.13933
-0.489091
1.82163
-1.73674
-0.876994
-1.62762
-1.35644
-0.0317618
0.286005
1.0882
-1.89871
1.92556
-1.54765
-0.686556
1.40076
1.56495
1.36759
1.30914
1.55687
0.865012
-1.27302
1.02037
-1.89428
0.470856
0.469229
1.49976
0.294129
-1.14141
0.595453
-0.139958
0.50324
-1.46651
-1.39874
-1.15022
2.05994
-0.624816
1.26071
1.63042
0.12309
1.83357
1.68524
0.445012
0.680203
-0.160309
-1.47883
-1.42245
0.578176
-0.714092
2.02807
-1.09557
0.807575
-0.113815
-0.0969545
1.25541
1.64842
1.30036
-1.90915
0.0177816
1.88177
0.382348
-1.1581
-0.193821
-0.0651812
-1.08705
1.70124
-0.696118
-0.823153
1.05795
1.23657
1.64416
-1.71507
-0.524988
1.1458
-1.63565
1.83528
-0.190229
-1.42109
