5.50918
6.33845
8.71652
9.40247
1.20952
5.91329
1.56646
5.43344
9.96157
4.04058
0.690916
6.70727
1.67441
0.313406
7.68076
7.33804
1.0819
3.3848
0.229847
1.60901
6.40194
5.73638
6.52438
9.70148
1.79388
9.30874
5.79863
7.46742
9.82331
0.258037
6.66277
1.38417
1.04153
5.12509
4.54065
9.05114
5.80546
7.96192
1.505
3.33267
1.82956
5.66272
3.29125
7.19438
9.37735
1.8325
5.20281
9.05603
9.8938
8.63403
7.83557
1.70078
8.24757
7.73269
2.34309
9.91995
6.48273
6.96231
0.0703494
5.83287
9.76655
1.59615
9.47386
3.54604
5.84124
4.95686
5.41647
2.78648
0.295454
8.39178
7.27939
7.34273
4.91574
2.48235
4.29237
1.30394
2.49909
5.44148
4.04376
4.16907
7.84946
9.03928
0.827796
2.28508
4.03884
8.86794
6.69099
1.01045
2.94946
7.13604
3.1044
9.95913
4.40696
0.499022
9.41785
5.15491
6.84961
9.15851
1.02854
1.55057
3.3637
3.00479
8.84357
7.39783
6.42813
5.31434
0.847096
9.05591
3.23463
7.82374
10.0554
8.07342
1.5869
4.85349
3.49502
0.409485
4.90076
3.35364
4.22459
2.67927
9.24389
8.86814
2.64652
7.84307
2.29998
5.18286
4.77266
6.06886
6.25019
8.67001
2.5888
2.29548
4.98099
10.0197
4.57459
4.04497
1.5877
4.11441
9.99978
1.96415
2.13182
9.78022
4.50433
1.96339
6.80942
2.65951
1.66114
2.53674
6.72918
0.359852
8.87457
3.27738
0.861989
7.75855
3.39936
8.7007
1.17156
7.04359
0.409316
2.84055
9.78652
9.08078
2.47977
7.51025
7.33625
8.13488
5.5672
9.7469
8.07425
5.96693
2.88342
4.40146
2.46671
2.19517
8.68036
8.57024
4.11977
5.23933
7.68561
0.263813
7.822
2.96689
9.69206
8.86966
0.240599
5.66608
9.91099
1.28073
6.48441
0.194557
1.46234
7.45465
0.984747
9.45327
8.32652
7.25987
5.7978
6.21861
7.34348
6.86171
0.22205
4.20655
3.94001
9.3303
5.63776
4.82395
4.98798
0.541828
3.50613
6.42223
0.626055
9.53322
0.646229
1.14104
9.02472
4.13789
6.37161
8.62534
1.17533
5.34338
1.72128
0.664232
7.90135
8.84943
7.50989
1.1449
4.84702
7.49923
8.17232
8.87141
2.1985
9.02968
2.58234
4.38702
5.73649
5.60346
8.7013
4.06188
3.1438
0.0364162
1.33685
2.5835
8.1065
0.916901
8.36845
1.92862
3.75212
2.44328
8.23219
5.93465
5.21415
3.79321
7.2453
3.63492
3.37567
9.66654
9.0665
7.00708
8.99225
3.79931
2.14834
7.51304
1.93434
5.15421
4.62755
9.38323
4.28211
6.35291
6.12987
3.45054
3.46259
0.873755
8.94173
5.91507
6.32808
5.492
3.70083
1.114
3.79245
10.0789
0.332225
8.59897
8.22855
0.450312
1.73084
2.86469
3.36324
7.04568
7.61539
3.90995
0.70189
2.64642
8.22212
2.06951
5.71214
6.82025
3.27397
4.17519
4.48171
2.20759
3.52579
1.70184
3.11407
2.485
6.56794
9.64404
9.87108
7.8234
4.1286
0.532355
9.07572
6.86447
5.14699
5.27595
2.4234
9.76203
4.49809
6.71677
6.21935
1.21041
0.5494
0.325823
2.21454
1.7671
0.129598
6.00115
5.90754
4.67705
1.66038
9.49381
3.05705
4.18647
8.9652
2.46766
2.46367
9.63912
6.29001
9.20728
8.34981
4.67646
2.02703
9.5907
9.63806
3.67954
4.73992
4.75462
6.05364
2.30954
1.61071
9.67978
8.22669
7.07034
3.12707
3.14019
1.30359
0.349648
2.44806
4.2173
7.8607
9.79893
8.78691
0.231696
2.17537
9.44648
6.93113
6.33027
0.439133
5.80214
1.15973
2.47118
6.73997
2.86098
4.49461
7.44222
1.89792
3.8639
3.49754
5.47494
0.555062
1.41333
3.63878
9.71252
9.27962
5.85688
3.18211
0.51379
8.6301
6.77566
9.24731
6.52086
1.4461
9.12152
0.80283
4.01575
8.01105
7.49428
3.86475
5.74252
0.875867
2.5605
3.16824
3.11905
3.97893
0.392796
1.66126
8.9347
6.72557
3.85839
2.645
0.146695
0.586347
4.06466
2.14802
0.851614
1.79234
8.50105
1.71743
7.63923
3.80534
1.08358
4.60321
9.86176
9.61442
9.24244
6.38452
5.9942
3.86933
5.56211
7.56482
1.90737
9.51238
7.06224
8.12551
9.48704
4.5949
1.46973
5.94082
9.90321
8.00607
2.20693
7.15674
9.31281
2.67935
3.59832
9.65604
4.50379
3.90989
3.46983
5.87308
6.89257
3.39962
4.06718
1.46131
4.84505
8.67976
10.0205
7.15747
9.75616
1.05856
5.33976
4.15494
7.75103
9.08891
9.43367
8.66463
7.33825
2.25882
7.66979
6.23534
3.02624
7.96431
7.40817
2.24205
5.83517
1.60415
4.83178
9.75109
2.24029
5.11768
9.1701
6.20699
1.31748
3.7267
5.23475
8.53367
7.10831
9.39067
5.80724
6.44632
5.06519
6.47292
3.95328
6.53634
3.44932
2.91102
1.7386
7.26889
1.89369
2.3601
0.0731058
2.33137
6.7378
6.58126
3.26104
6.12233
4.49217
1.56713
9.4266
2.62075
1.97532
8.58493
6.23434
