7.25058
2.89842
8.31241
2.23315
6.1457
8.84083
4.55437
5.20417
8.10516
6.3982
1.50796
5.4764
9.08027
1.33244
2.28505
5.37368
7.85984
9.32899
7.63449
5.68883
7.99066
5.41319
6.20814
8.57916
2.7644
1.2312
8.03762
4.16627
7.55031
8.48485
0.513762
1.20007
3.78247
8.35204
5.39318
6.13943
1.02616
1.65759
8.39278
0.981907
4.73798
0.299029
0.704918
6.29066
4.7849
9.60386
3.72625
5.19025
4.31831
0.300044
8.92407
7.53128
6.50572
1.52762
4.95714
2.36534
1.59098
4.70816
1.97247
5.8945
8.6971
1.37818
3.48669
5.88114
3.38832
1.19373
7.97257
8.51123
6.08757
0.737874
4.94461
0.917894
3.24514
6.2525
9.09613
7.36348
7.72394
0.486874
4.37869
3.71661
1.60869
5.02235
1.59093
5.51103
4.5939
5.40518
5.66429
5.6557
0.630025
0.315112
7.39517
3.04065
4.50954
7.95264
1.5126
9.67585
8.95193
6.08617
7.51887
9.809
5.10894
7.8549
9.56006
5.31272
8.42823
0.635977
5.56164
9.27366
2.04289
1.98358
6.20323
2.23766
3.83301
9.59826
4.27808
5.10585
7.80601
1.29663
0.686042
9.09864
2.94118
7.37229
4.86291
6.90533
1.98338
4.56805
4.83306
1.07385
7.697
4.50839
9.74431
3.18037
7.39215
4.74368
4.84895
1.07755
1.10492
4.14255
1.03198
2.13934
6.16865
3.24637
3.34983
9.63769
7.05521
5.56864
3.08741
9.98708
8.89687
7.31122
7.97186
1.74921
5.69008
2.58699
2.09028
9.97513
5.85562
2.88652
3.23035
1.66901
5.33242
3.18948
1.7327
7.48969
0.87928
1.78036
2.8573
1.71338
5.03553
0.368491
5.16266
7.1347
0.772211
6.32316
3.82866
3.13529
0.665247
6.45734
3.46185
9.54528
1.34702
3.43616
3.34154
7.75969
0.578604
3.69943
0.228653
1.60925
0.103523
7.50161
9.13235
1.90311
3.58845
4.90247
2.71763
10.0201
4.28211
10.0776
6.47916
7.53146
5.83096
7.01069
5.18364
3.48247
7.23123
1.10447
0.731226
1.70344
0.998263
4.28896
2.58399
2.10304
7.27089
2.9909
8.67162
5.36995
6.35033
3.26663
3.44237
2.66305
3.87215
6.90643
2.36302
5.95637
1.40137
5.55499
0.304031
9.09039
9.67756
7.47585
4.18535
8.00225
9.56711
0.370809
1.03184
0.321342
2.30275
2.97915
8.07079
2.46375
2.34042
4.81993
0.28176
5.05188
2.95
6.76706
7.70089
5.92076
8.74408
2.49017
6.29733
2.12095
8.56083
1.59222
4.65407
7.50159
1.05477
5.01521
9.56681
6.90861
1.77788
2.11434
2.27737
8.50382
3.30403
1.04843
7.64319
0.61535
5.14496
3.0764
2.96424
3.9884
9.78416
5.91359
6.81373
6.36597
1.27451
10.0579
5.35808
5.45279
5.68614
2.40837
6.09548
2.25057
3.54855
9.36466
5.26775
8.61703
4.26085
3.55585
2.01264
2.54299
0.702846
8.43638
2.02906
9.22646
0.464888
4.05194
4.81589
8.42562
4.79742
1.11827
6.15684
1.93429
7.99196
6.27975
5.66853
1.34013
4.05303
0.852276
3.02296
6.02275
9.40148
8.59625
9.32947
3.36431
5.87821
1.20462
10.0075
8.62804
6.34785
2.11547
1.94554
1.30605
8.81643
4.65244
7.43897
5.65201
0.420188
0.142324
4.45872
4.80043
1.51051
3.16392
3.06022
5.53875
1.98096
7.03152
4.78683
5.07064
6.52476
4.97077
0.86743
3.11421
1.50032
7.35436
1.19456
8.13377
5.29994
5.97646
2.69473
4.60468
7.37163
0.917249
0.511169
0.190067
3.32784
9.284
8.08046
2.07981
2.52619
2.24499
4.25674
6.77988
6.38956
9.52899
9.64038
2.43461
2.34855
7.5643
1.0129
6.42227
0.628194
10.0571
0.280378
2.48307
0.449434
0.17224
5.01285
4.75155
8.713
0.400778
0.624939
3.10186
7.3515
2.35505
6.18923
3.64721
5.42379
1.15503
6.59571
7.54419
9.62544
1.30192
0.918565
1.05693
8.14447
3.62812
0.756203
8.10666
6.3349
4.82011
4.90986
0.461414
0.735679
4.59836
8.8982
9.30551
4.82076
1.65767
4.93006
5.94475
6.45763
4.9643
6.25195
5.9471
4.90144
4.36736
7.91335
0.130105
5.99529
3.29525
7.35063
7.38307
4.75056
8.05093
2.49458
3.5477
6.64427
5.44707
3.98509
7.03192
2.39671
2.19677
1.67321
7.98436
0.634472
8.63585
8.83208
1.31877
4.2759
8.24819
7.92184
1.08556
9.29561
7.16172
6.50374
6.46207
7.10546
0.163873
3.80734
6.54617
9.99123
4.70521
8.92566
2.81885
3.08583
9.24708
4.5359
6.85484
6.07663
8.16372
5.35211
5.51954
8.02631
3.3286
8.23459
9.44851
0.243725
2.06255
7.91762
2.58711
5.34248
2.31005
3.50229
6.53012
8.70756
4.18004
9.13717
3.20808
1.76011
9.63111
0.920058
4.59995
3.19764
7.99417
5.1798
2.60634
5.52005
7.06835
6.5235
1.17374
8.93467
5.23305
1.41309
2.44888
3.36605
2.21033
7.55293
1.92173
0.695329
8.44008
7.32872
7.95897
0.246447
3.16272
4.27652
2.29004
7.60179
8.36777
2.60889
2.69003
