-2.09883
1.17053
1.47059
1.17163
-1.98633
-0.54687
-0.727445
-1.2935
-0.820252
1.48185
-0.653087
2.18708
-1.41252
0.124369
-1.13779
-0.209206
0.377184
-2.00755
-0.597414
-1.8987
1.64843
0.899384
1.5912
-2.02593
-0.0792067
-0.724133
2.10207
-1.54825
-0.24023
-1.49962
-0.599373
0.399885
-1.59576
2.28142
0.0494933
0.933658
1.395
-0.390058
-0.409629
0.888301
0.286207
-0.416475
1.30224
-1.88785
2.39751
0.00704942
-0.302777
-2.06249
0.491867
-0.205376
1.34896
0.499874
1.16523
-0.447719
0.904359
0.0725043
1.00191
-0.97052
-0.203203
0.239494
0.734466
-2.10757
1.2879
1.5663
-1.20762
0.0477098
-1.92716
-0.199744
-0.387226
0.864221
-1.3137
-0.361876
0.971166
0.563462
1.16503
-1.26187
-1.52509
1.13711
-2.5853
-0.583279
-0.48125
-1.23251
0.762135
-0.217794
-0.570931
0.929545
1.08065
1.00168
0.783571
-0.318142
-2.16841
0.623117
1.3741
0.33729
-0.00441016
-1.8939
0.8156
0.478726
1.52519
0.683725
0.91763
-0.195902
-0.981305
-0.118792
0.598947
-1.01426
1.09009
-0.0850424
2.02821
1.81362
0.0626477
-0.859852
-1.71676
0.858127
1.50031
-0.242959
0.615698
0.242122
1.89696
-1.19678
-1.97591
-1.12403
1.49043
-0.299399
1.38744
0.999661
2.34053
-0.0938427
-0.570285
0.0360046
0.867568
-0.463632
-2.05622
-1.28553
0.169592
0.951136
-2.02218
-0.854392
0.952619
-0.395026
1.41168
0.661363
0.209148
0.355998
-1.48244
-1.96632
1.15676
-0.584047
1.64189
-1.49516
1.17142
1.0357
0.87267
-0.101012
1.21449
-0.882356
0.177902
-1.2617
-1.57955
-1.14484
-1.97714
-0.882217
-0.163424
-1.5647
-0.673862
-0.603932
-0.709069
-1.25217
-1.85838
-0.00584453
0.376674
-0.685806
0.085374
0.741486
1.73624
1.83274
-0.244337
0.101666
1.71616
-0.631465
-0.457483
0.497053
-1.79879
-2.78619
0.0621287
0.314866
-0.403894
0.311373
0.587945
-0.675958
0.610464
-0.572412
-0.973928
-0.0723094
1.3837
-0.836289
0.635141
0.818215
0.811577
-2.2636
-0.191734
-0.773236
1.09716
0.720594
0.0283891
-1.01275
-1.43983
-0.970699
-1.21843
1.52063
-0.996646
2.2703
-0.990354
0.15525
0.428138
0.644822
-0.53941
1.83716
-0.102382
1.52364
0.426104
1.25337
1.67677
-0.127265
-1.06863
1.68741
1.3457
1.48331
-0.312318
0.791589
-1.43799
0.442763
0.624062
0.334095
-1.00946
-1.43889
-0.483916
-0.0893838
0.0923859
-0.734912
1.36891
-0.127993
-1.11665
-1.16696
-1.24562
1.37621
-1.21787
1.18783
1.7683
-1.61133
-1.06564
-1.0566
1.73928
-0.525975
-1.83543
-1.66186
-0.807707
0.176278
0.678403
0.72992
-0.564125
0.604812
1.84521
1.94867
1.80118
-0.384485
1.07255
-0.598388
-1.39658
0.651373
0.872065
-0.530119
-0.324277
-0.274009
0.542978
1.85725
-0.349346
0.892053
1.12913
1.82197
-1.85612
-1.92022
1.37126
-0.181823
2.02063
-1.30054
-1.00305
-0.295077
1.36557
-0.951045
-0.3541
0.779812
-0.260027
1.75781
-0.0653728
-0.594976
0.866872
-1.54019
-0.205486
-0.142758
-1.50352
2.58638
1.50596
-0.721245
0.669382
1.54894
-1.79749
-0.793535
0.268057
0.571714
-1.21193
-0.108302
-0.757503
0.160313
-0.904115
2.06494
-2.25398
-1.61586
-0.275324
-1.41713
0.433044
-1.51268
1.14204
1.57223
-0.149973
0.890985
-1.1275
-1.58547
-0.27891
0.820655
-0.848228
1.26496
-1.82415
-0.000488202
0.227054
-0.815879
-0.936812
1.47371
-1.49644
1.66925
-0.232079
1.27979
-0.417991
-1.01919
-1.5979
0.883688
0.555703
-1.71188
-0.655419
0.81231
-1.87947
-0.470279
-0.725528
0.392471
0.662819
1.50969
0.752485
-0.153633
2.07268
0.600072
0.563188
-1.31292
1.99851
0.668173
-1.35366
0.52005
-1.65217
0.0340114
1.39162
1.69487
2.32608
0.0726126
0.0489804
0.979725
-1.29212
-0.0819177
-1.12086
-0.320172
0.700033
-1.44555
2.19893
-2.37035
-0.984473
-2.47007
0.0243562
-0.821021
-1.44074
0.454962
-1.38766
-0.673279
-0.0731587
-1.27563
2.21251
-0.614958
0.110056
-0.660325
1.07198
-1.85419
1.93528
1.14981
-1.47395
2.37467
0.0714977
1.86158
0.582777
1.51229
1.53865
2.01446
1.114
0.523146
-1.23507
-0.0850511
1.69047
2.0816
-0.111265
0.478339
0.106722
1.71623
0.224799
-0.297436
1.1116
-1.70847
1.84583
-0.152341
-0.445104
0.352427
0.380592
0.508276
-2.37594
1.33504
-1.95996
-1.79081
0.345727
-1.44977
-1.61556
0.131105
1.2995
1.0081
0.0626504
-1.81622
0.177104
-0.466704
0.560913
-0.727671
1.93688
-0.219163
1.37064
-1.29187
-0.509948
-1.27107
1.36634
2.21802
1.6406
1.05353
0.0151368
-0.746295
-1.46102
-0.691116
0.393819
0.950925
-1.33008
0.854544
0.240152
0.215685
0.153645
-1.61097
-0.819919
-1.65982
0.636226
-0.595536
-1.00912
1.73656
0.0780622
0.992664
-0.176838
-0.776943
-1.57554
1.06552
0.9456
-1.70276
0.199987
0.487223
1.24897
-0.910687
-0.0716148
-1.14698
-1.46091
-0.0303932
0.772144
-1.04172
0.729004
1.60823
-1.19024
2.00658
1.57829
-1.8061
-0.729597
-1.82012
-0.14347
0.731227
-1.59635
-0.854771
-0.219395
0.0590546
0.13491
-1.38882
-1.0929
0.871412
2.04175
0.252244
-1.09466
1.99584
