2.68489
1.37961
1.1649
2.53833
0.206407
1.97477
7.28878
2.23428
5.85794
7.67121
1.39622
0.564539
5.90802
1.51006
3.89247
8.3619
6.45939
0.96725
4.90479
4.84529
7.58184
0.651065
3.07594
2.23333
0.948182
6.30131
2.49339
5.50816
1.96221
7.2239
5.8359
2.26441
8.15989
0.468293
3.32966
9.03525
8.20265
1.38909
0.617392
3.37979
1.82571
8.73077
0.10518
6.54766
3.32942
0.623859
4.42834
8.07962
9.6263
3.72408
5.77922
3.65509
3.03784
2.15479
0.151357
2.4585
7.4027
1.41367
1.53106
3.04168
0.3245
6.13068
4.81855
3.92727
7.33127
8.80591
6.75555
7.57426
7.35848
5.6342
6.1277
2.88151
7.95881
9.69595
1.73828
7.60683
8.59906
8.3964
4.53127
9.84476
8.32968
9.23775
2.73715
8.05188
7.97995
2.79833
3.18506
4.77122
10.0146
1.27777
1.16498
0.121968
3.23531
0.803463
3.7092
6.88036
3.71778
4.36854
1.45422
6.55761
4.46984
5.1799
7.28237
2.63747
9.1109
10.0118
6.60884
2.15453
8.74999
0.401213
2.22837
2.72285
3.05214
1.83039
1.62564
4.06146
8.23673
5.64802
8.43154
9.47062
5.99952
9.0305
1.13163
0.0316145
4.75434
2.66233
0.404893
5.32836
1.17431
6.12943
4.66944
2.3721
2.80148
7.71031
8.01433
1.31159
3.27894
0.962451
5.21199
7.21676
4.42349
8.32057
6.53566
1.98264
0.927545
2.83301
8.72339
5.56719
2.61584
9.1616
9.32085
1.74032
2.67029
8.95051
4.86279
3.68891
5.85194
10.0412
6.07141
8.5248
4.16234
9.49221
9.30194
4.90734
5.84132
3.98077
4.9328
3.67813
10.0137
7.93739
6.08597
0.498507
2.54773
8.90034
7.75042
6.97628
2.087
6.03998
4.29715
9.60501
0.752272
4.51696
5.89117
8.85364
3.10512
9.25038
6.95748
1.44374
5.69926
5.50955
3.22001
8.69332
9.16959
0.887559
0.234696
4.41679
0.224597
6.35236
9.22974
5.13838
3.3642
8.84561
9.98502
9.66152
4.72048
9.01142
5.20334
4.4413
7.3585
6.42609
9.97361
8.82258
1.14089
9.65943
7.76368
2.63985
1.59946
7.68152
0.147837
9.13988
2.23724
5.87169
4.66551
2.72294
2.71849
4.28965
7.39686
0.323601
6.88048
1.30652
7.97687
5.40403
7.65079
3.10167
3.35169
3.66592
6.08275
1.29224
9.36666
9.42195
1.58492
6.84708
2.43071
7.12144
3.97073
6.59646
2.42696
0.334307
7.78103
7.78142
1.43873
4.07068
9.85761
3.67679
0.570296
1.80486
4.777
2.01207
4.91728
0.412134
0.190199
1.1764
0.319102
5.04837
0.924846
9.30764
6.30367
0.574724
9.3902
5.44879
3.36745
1.29056
5.0163
9.36853
0.839798
9.0681
4.74381
3.17249
1.52728
0.67639
7.30401
3.85885
6.89654
3.1788
5.4498
6.47022
5.67345
7.58456
8.46036
0.193274
6.95118
2.08545
4.99109
8.5527
0.00313181
2.18043
5.36561
8.73774
0.398292
3.3393
8.74215
2.07977
6.75306
3.39498
1.5432
6.08976
6.81917
8.46219
9.94782
5.01788
7.40009
4.07259
3.14627
1.2656
5.11427
8.76732
3.62185
2.27715
7.03284
0.449597
1.22285
7.96641
4.21378
5.77043
4.82223
3.90995
8.79714
6.21752
0.344819
0.661704
6.60531
4.61007
0.59638
6.71419
7.40461
9.57187
5.45074
7.12295
5.338
2.19554
6.02787
2.08384
1.35714
1.36915
3.48594
5.4536
1.32789
5.2931
8.99493
9.9291
7.13693
4.46602
8.33565
1.08301
9.60774
3.06828
5.96506
9.84614
4.36914
5.28671
2.54682
0.580449
1.19862
4.19243
5.77962
4.32407
5.47492
0.487499
2.55304
9.51082
3.45201
6.83603
4.25443
7.89001
7.15394
9.31168
6.27197
1.97059
4.93097
1.02369
1.70403
3.61776
3.81063
4.96602
10.0563
4.46169
8.32441
1.81317
4.96589
8.98721
3.09935
0.0431571
1.54841
7.41269
8.65615
8.17677
9.47048
1.68271
8.65036
7.98129
8.59632
8.74471
4.20195
2.75617
9.88684
9.30084
2.7648
2.13476
5.41978
0.296489
9.8292
0.0795352
6.05751
3.47199
2.31324
1.12034
3.92229
5.65507
5.87397
0.655633
9.40114
9.67062
3.21216
9.0155
2.87574
4.8162
7.92487
4.37588
9.47566
8.22482
2.08723
7.31165
3.41029
7.53865
5.49999
10.0537
5.4422
7.8024
3.06134
2.04155
9.42697
7.33738
7.31717
9.25222
6.47084
6.59399
7.72848
3.57811
9.51693
2.90957
8.58675
9.00064
7.47262
10.0258
4.53782
3.68639
8.63056
7.05016
1.36454
8.59038
2.15048
2.52382
1.34462
3.67943
6.03635
8.88027
4.15475
5.12
7.84641
4.65774
7.0609
6.46908
5.36593
1.88028
8.88874
8.37177
3.11021
7.02645
4.92807
8.03618
2.40789
2.83603
4.58538
5.72378
8.17534
6.66821
4.26972
1.56521
6.36832
4.5169
7.10426
4.37306
6.75292
6.80139
2.48906
5.47155
6.97083
8.18003
0.352282
8.54982
0.0799851
3.70676
8.03833
7.90714
7.39173
6.00738
8.90312
9.86776
4.12535
9.01576
4.60295
7.24304
