3.31597
4.70176
8.68488
2.27433
9.57071
6.71838
6.74033
3.35151
5.78748
4.6346
2.86345
8.50117
9.03966
2.42291
3.35954
3.93736
2.27329
8.6743
8.48565
1.45072
8.62938
6.49282
8.32312
0.977952
4.57521
7.43104
8.37891
1.43082
1.41368
0.501793
6.43058
4.35257
8.12334
0.564295
7.80015
0.707264
2.49281
0.498779
9.30512
6.22503
8.45834
2.7294
2.50309
1.15185
7.28083
5.13487
5.02835
7.03528
5.92634
2.28176
6.57076
0.0559055
1.5795
6.54864
7.31768
7.85439
3.56014
4.19157
9.13452
8.93042
1.23186
2.61972
2.49019
9.40203
3.50014
6.6902
2.22913
2.64483
0.958002
4.04901
9.35955
3.57692
1.86905
7.67453
1.77889
0.997005
1.00045
1.77642
7.29086
7.53253
6.89207
0.966233
9.13453
7.24116
9.98334
8.31996
3.99312
7.22197
5.55735
9.75563
1.34671
3.69107
0.476573
3.17052
8.98023
9.7553
0.87227
9.04067
6.1359
5.12173
9.6198
3.64405
0.187096
9.22036
0.698546
0.564718
7.46427
5.02551
9.89364
7.82695
7.77116
4.09384
1.46734
8.52832
0.0233035
2.6015
4.49453
3.81341
2.70734
2.52567
2.26744
3.49106
10.0187
6.54654
5.57814
6.55255
0.439158
0.232039
0.358795
2.89719
4.57141
0.264062
2.43769
1.14365
1.53626
2.82831
9.97101
0.465519
6.05325
7.27932
7.07865
4.85408
4.18036
2.95422
6.41146
8.24435
8.37582
1.55409
4.16694
5.89064
5.19143
7.60572
2.92815
9.3482
1.82146
3.53058
3.51907
3.29233
6.73425
5.98055
7.28594
7.5455
6.53523
5.1752
4.61796
6.35551
0.194787
9.48211
3.91657
0.455571
2.66116
8.84954
6.24582
8.43614
3.74145
5.70133
0.627088
6.97938
8.82552
5.02118
10.0526
1.20524
5.18857
0.986003
7.84317
2.67271
5.53665
9.29612
5.16197
6.81278
7.63737
5.5836
4.8481
9.69792
8.00858
5.97985
3.31537
2.77085
9.35447
1.41691
2.19415
1.33759
9.10673
3.54155
0.659102
4.9883
8.05451
0.684912
3.69123
0.215252
2.711
0.716835
5.39821
0.352532
9.41409
7.82294
2.08304
0.908617
8.92422
0.975009
7.50724
9.68771
3.67195
6.96284
7.31198
0.866278
8.87175
2.21165
6.29895
2.19797
3.95979
4.80553
9.56527
9.58887
3.49757
4.98812
8.74525
2.13478
7.77194
2.27903
7.83195
8.11539
0.129828
2.22391
2.57825
3.27798
2.59463
7.80543
6.28043
8.47436
5.34165
6.03305
5.66657
9.81332
5.8136
1.17752
3.28993
2.57098
1.48612
1.33712
2.25919
1.45032
2.34945
4.80437
7.98826
9.14579
8.83231
1.01748
5.09522
6.90477
6.50966
1.60224
3.70523
7.82868
0.139514
9.93782
9.29254
6.7961
3.82017
8.58356
8.22171
7.18888
3.54189
5.60971
9.9072
3.10924
7.88719
8.78755
8.75446
6.70121
6.6186
8.24609
3.37306
2.83226
3.11253
2.64377
6.88147
8.42015
4.14508
6.65709
7.94256
1.16002
5.97037
3.84202
6.7112
4.2226
9.17435
1.46423
8.21356
9.64776
1.13767
2.48777
4.28715
3.47427
8.1061
6.62912
4.9804
6.84182
4.52787
2.03088
3.90037
7.88555
8.97007
8.7859
1.36288
7.73656
5.28993
2.02889
9.8032
1.82017
5.91996
4.9644
9.60917
5.55818
3.5881
4.33508
0.50778
3.71689
8.75439
6.98324
9.95046
1.92463
5.9807
2.37441
9.65416
9.99404
2.56557
4.44478
7.17431
1.42233
0.558023
6.84676
0.242798
9.97432
1.27459
1.63159
8.60423
0.313596
1.00532
9.53594
8.98095
2.55275
6.92561
0.588008
9.51194
3.86572
2.99225
0.728306
1.75846
2.99197
3.14774
7.90242
1.24383
6.02893
0.105264
0.854619
5.09033
8.90028
3.35411
8.80319
1.72767
7.33909
4.08278
5.21697
8.30272
0.998996
0.605497
9.95176
9.49404
4.02976
1.90202
1.32316
9.52968
8.44595
5.68119
8.02042
8.58162
5.47097
3.93622
1.16602
6.01144
5.98298
1.97573
8.45848
3.00145
2.33893
5.68233
3.13748
1.41459
4.71075
6.78324
7.28845
7.29126
5.52189
3.66509
7.10041
9.72573
8.15246
3.51727
7.51347
9.34568
6.18726
0.851209
3.88187
5.15103
2.8408
8.83666
8.60602
2.40027
0.500903
5.2222
4.35619
4.09577
9.72397
0.223207
9.87164
6.58355
9.33313
6.76684
4.05387
8.19395
0.235513
9.98464
3.46442
3.45402
1.04212
6.79869
4.27678
1.93792
8.41952
0.41278
4.18491
5.73085
2.11401
4.30867
8.90543
6.8733
5.57012
4.28945
6.47148
4.44671
1.69068
5.96542
0.912004
5.79039
7.39951
8.2222
9.00126
2.59218
7.79479
0.543431
1.83341
9.11712
3.22249
4.10736
3.78337
9.41255
5.58402
5.73387
2.11928
8.4511
3.47479
7.42348
6.93782
6.8804
4.01019
6.03568
3.84744
8.46531
6.2661
2.18891
4.31861
2.04681
9.68065
8.55442
3.66962
0.80601
1.9696
5.97974
2.53004
8.3408
8.17851
0.646559
6.58148
8.18568
9.95733
8.81654
7.09936
6.00982
7.42016
0.222557
6.37759
