0.580934
-2.21796
-0.496827
-0.379237
1.69247
0.112799
-0.817823
1.50915
-0.797891
-0.257031
2.09462
-0.119043
0.0675039
-0.409758
-0.890961
-0.59723
1.41096
-0.0428239
-0.501482
1.86276
-0.555732
0.550353
-0.330338
0.184144
-1.53758
-2.25437
2.57872
0.910448
-1.12049
1.09488
-0.551204
-1.10277
1.054
-1.35979
-1.27319
-1.11545
1.46772
1.18528
-0.0387482
-1.16986
-0.766461
-0.151844
0.49362
0.592424
0.750131
1.6511
1.70329
-1.87634
1.60953
2.1142
-0.518307
0.738819
0.610804
2.54666
0.161385
-0.697217
-0.460416
1.58018
0.28821
0.453687
-0.187329
1.44363
0.502483
-1.62215
1.31936
0.626635
-1.19262
-0.329317
-0.260084
0.784639
0.934685
1.09547
-1.60861
-0.99823
-0.422633
-0.260766
0.83689
-1.92999
0.766809
-0.938431
0.975781
-0.48932
-1.69884
0.0801245
0.0608852
1.02689
-1.41381
1.85275
1.43783
-0.362278
-2.26068
1.62826
1.11586
0.662595
0.601813
-1.67023
1.74348
-1.27163
-1.95331
0.976685
2.76842
-1.54663
-0.431683
-0.317469
-0.813191
-0.62939
0.392659
0.809901
1.14493
-0.675346
1.41511
0.853168
1.21531
0.860996
-1.67148
0.950256
-1.30976
1.05439
1.63269
-1.25285
-0.63061
-0.328771
0.672698
-0.399554
-1.33669
0.229602
1.52974
-0.167507
-0.0737276
0.302852
-1.03488
1.03274
-0.641706
-0.837351
0.168553
0.626907
-0.923354
0.392079
2.68747
0.371197
-0.0348732
1.54272
-0.773472
-1.508
-0.185533
1.11657
1.03387
0.23296
-1.30445
1.11937
0.754462
0.290948
-1.37636
-1.77483
-2.3517
1.14685
-2.3567
-0.229063
1.15329
1.16841
-0.382325
0.387316
0.536462
-0.683718
-1.02578
-1.68025
-2.2857
-0.227994
-0.487105
-1.6851
-0.170092
-0.662882
1.35403
1.25261
-1.59632
-0.538966
-0.395504
0.279443
-0.190664
0.176821
-0.626229
-1.64964
-0.723145
-1.15722
0.491731
-1.61881
2.56475
0.478538
-0.247378
2.42935
-0.506949
-2.81836
0.579226
-1.62463
-0.346363
-2.73487
0.282191
-0.0860416
-0.419317
0.62916
-2.70038
-1.77118
-0.546558
0.421958
1.05797
2.04582
0.714593
3.17634
-0.199632
-1.05126
0.788145
-0.220106
0.285404
1.12137
-0.177227
-0.279262
1.45477
-0.45115
-0.462513
-0.53417
0.230705
0.507659
-0.516251
0.683832
-0.0105401
-0.439965
-0.592322
-0.312639
-2.36425
0.0936887
0.844996
-0.448936
-1.63257
-1.31374
-1.12471
0.875183
0.861478
-1.93584
-0.294211
-0.43591
2.16449
0.745454
-2.43443
0.00571169
1.25689
1.45985
1.40232
-0.0842814
2.0696
-0.60014
1.11695
-1.6078
-0.0928602
-0.0236377
-0.433488
1.25525
-1.63317
0.191654
0.245244
-1.28791
1.136
-0.949435
0.127207
-2.38103
0.0507287
2.92288
0.936901
-0.293905
-1.32119
-0.0289955
0.0314307
-0.430282
0.720009
-1.66525
-2.34238
-0.597298
0.703437
-0.210594
-1.40762
-0.647453
1.856
3.71735
-1.52081
-0.948623
0.904449
0.85777
0.607766
0.892107
-0.714292
-0.788209
2.25316
-0.774939
0.0116924
0.514102
1.2853
-0.567635
1.02055
-0.328563
-1.2672
-0.874987
-1.2485
1.3211
-0.124174
0.304558
-0.471727
-0.37005
-1.75843
0.927069
1.48641
-0.0206381
0.53644
0.334894
-1.61558
-0.510846
-0.155568
0.0157934
3.12223
1.38138
0.242286
-0.153077
-0.690176
-1.51242
-0.515568
0.651387
1.28806
1.63793
0.140991
-1.07932
-0.585691
1.19414
1.97828
-1.54371
0.685407
0.315695
0.923376
-1.09204
-2.71946
1.46343
0.890805
-0.852525
-2.31098
1.02282
0.643882
-0.988675
-0.759716
-1.99429
0.768296
-1.66955
2.7651
0.738307
-0.365995
-0.628987
-0.0833874
1.1902
-0.489157
-0.920278
4.49742
0.0123886
-1.06675
1.33603
0.888662
-1.04615
-1.54274
2.03278
0.333492
2.47121
1.00798
-2.46385
0.805928
-2.22113
1.78845
1.66817
-0.144018
0.428045
-1.42424
1.26842
-0.511204
-1.05248
1.09975
-0.221444
0.304313
0.0865089
1.55514
-0.0349732
1.11166
-0.165222
-0.892191
-0.655363
2.02023
-1.11525
-0.293969
0.947955
0.588533
0.476226
0.901834
0.921661
0.368276
-1.0589
-1.7282
1.13252
-2.59424
-1.29615
-0.0286692
0.435993
-1.33217
-2.46058
2.35941
-1.50191
-0.0586413
1.68054
-0.156259
0.201105
-0.604578
0.864562
0.500584
0.117361
-0.320695
0.340677
-1.60112
1.3879
1.40921
-1.36326
-0.459178
-0.361711
0.0500035
-1.02593
0.473056
-1.22968
1.12442
0.0937114
0.564852
-1.48505
-0.18449
-1.09863
-0.832743
-1.20046
0.208469
0.702163
1.09808
-1.01974
1.2923
-2.97517
-1.40404
-0.050315
0.161011
-1.48459
-1.62777
0.756081
-0.833831
-2.89889
1.48346
-0.447826
-0.907004
-4.25799
0.418944
0.542107
0.849574
1.60655
1.7366
1.03996
0.749488
-1.24132
-0.479253
0.679899
-1.17436
0.553377
0.348636
1.77061
-1.34129
3.0132
2.80056
-1.46153
0.890742
-0.518404
0.279346
0.585294
0.345535
0.277875
0.289026
0.86407
-0.161131
1.14123
-0.42072
-1.27944
0.605702
1.8741
-0.038113
-0.631453
0.418848
0.402972
0.658221
-1.14151
1.45453
0.312762
-0.172686
-0.787698
-0.83714
0.383143
1.10335
-0.70804
-1.26515
-0.680283
-0.459673
-0.0420043
-0.882796
-1.30139
-1.16169
0.247319
-0.884677
-0.0139344
0.23911
2.22334
