-1.27051
1.19707
-1.41882
0.740919
-0.363962
1.25365
2.68872
-2.01514
-0.687363
-1.53881
-0.894143
-2.52492
1.65909
-1.28738
-1.85632
-0.346909
0.588062
0.699853
1.8846
-2.02012
0.703093
3.22415
1.47303
0.926034
0.969404
0.0864921
0.684566
-1.28519
-1.03204
0.347938
-0.643942
-1.92374
-1.62531
0.644082
-0.574396
-1.5153
0.376963
0.229778
-0.909299
0.383435
0.980056
-0.648954
-2.01384
-0.763621
0.147211
1.95521
-0.408386
0.212949
-1.63517
2.16943
-0.615148
-0.603701
-0.650191
0.645329
-0.777016
-0.912819
0.649909
0.686839
-2.30657
-0.0823075
-0.0702206
-0.633194
-1.04589
-0.870524
1.15814
-0.692027
-0.578921
-0.334441
0.768041
0.151129
-1.02463
-0.933957
2.8978
-0.23524
-2.06942
1.37527
-0.0106155
-0.771615
1.17914
-0.0766803
0.822804
-2.2788
2.81807
-1.47019
1.98701
1.09939
-2.00186
0.344173
-1.07843
0.612802
-1.41672
-0.687063
0.140408
-0.312522
-0.419251
0.0161421
0.703586
-0.783325
1.4562
-1.93087
-1.42075
0.895735
-0.1265
2.12916
-0.412628
-1.44995
0.25145
0.880522
2.25865
1.96161
0.680546
-2.24322
-1.62103
-0.118363
-0.263347
-0.979089
0.757786
1.13843
-0.354903
-1.31374
-1.8053
-0.912632
-2.74323
-0.102963
-0.103646
-0.444785
-0.363751
-0.907718
0.762326
-0.836165
-1.59704
-1.94187
1.13238
0.174276
-0.372172
-1.72452
0.784323
-0.897036
4.01853
-0.630993
0.276206
-1.13723
0.0515065
1.35216
-0.0109251
0.612342
0.012758
-0.517864
-1.16211
-0.492508
2.33781
0.0500123
1.34696
2.92932
-1.03417
0.649639
-1.96825
-0.529586
-0.117761
-0.835482
0.990192
1.2665
0.13627
0.00378432
0.938133
-0.200451
1.61438
1.03562
-1.79606
-0.763912
0.0945381
0.362849
-0.136152
-0.654581
1.69745
-1.35972
0.544288
-0.214385
-0.926214
0.563526
0.303937
-0.629588
-1.00139
0.148878
0.414434
1.57073
-1.41602
-0.70183
0.533177
-0.549756
-0.905494
1.86388
-0.2776
1.28938
0.719198
-0.42347
0.768001
-0.0541333
0.762878
-0.359198
-1.00679
0.628749
-1.121
0.37154
-0.615145
-0.692446
2.43443
0.891559
-0.550014
-0.230913
1.37463
-1.5706
0.645339
-0.490839
-1.85876
1.59837
-0.0778792
-1.05132
0.151837
0.825019
1.12587
-1.90041
0.0304306
0.551652
0.957294
0.177438
-1.37981
2.40306
-0.488765
-0.325212
0.493525
-1.96791
0.308041
0.244213
-0.882495
-0.585381
-0.0127815
0.47591
-1.28223
1.16656
-0.148749
1.775
0.277051
-0.400482
0.229137
1.15963
-1.04343
0.166456
-1.61947
0.929633
-0.285647
-3.03327
0.814925
-1.10567
0.255265
0.58885
0.63665
-0.163189
0.204071
1.13261
-0.489223
0.771068
-0.217828
1.39193
-0.406847
1.9203
-1.73954
0.876977
-1.11612
-0.841189
-0.347553
1.30599
3.26142
-0.391973
1.51675
-1.94987
-0.0530841
-1.28563
-1.47585
2.76422
1.30679
1.66567
0.223731
-1.3899
-0.262814
1.50276
-0.103872
1.61141
1.84981
-1.26942
1.78523
0.999216
0.0814904
-0.631392
-0.682999
-0.0678006
-0.743543
0.707691
0.792422
0.42423
-1.46237
-0.724187
1.06541
-1.67716
-1.12862
0.442231
1.38678
0.649818
0.176373
0.81962
1.88584
-1.04908
0.870809
0.259525
-0.950644
1.21247
0.981759
2.20744
0.582085
0.859389
-0.658588
-1.11824
1.02511
-0.904857
-0.0519618
0.735883
0.174148
-1.53352
2.33151
-0.905724
2.32109
-0.321781
0.798531
0.354179
-0.617364
0.542678
2.3088
0.548695
-0.18967
-1.63259
1.60441
0.116605
-1.3173
-0.0126387
0.3254
-1.56483
-1.27563
-1.2625
0.97439
0.620954
-1.34762
-0.375513
1.20802
-1.39938
1.33742
1.16336
0.301255
-0.0937564
0.263964
-1.96742
-2.52778
2.18043
-0.391032
0.340311
-1.14181
-0.230274
0.816914
0.38025
-1.49569
0.32081
0.750068
-0.264711
-1.97269
-0.393785
-1.26833
-0.940823
-0.354781
2.36478
-2.30971
-1.1151
0.344336
0.784811
-2.24636
0.375236
-1.33538
-1.89134
0.181113
-1.49015
1.44314
0.535245
-0.128834
1.05832
-0.647533
-1.60085
-0.754514
1.04238
-2.2015
1.1578
0.42392
0.455191
1.49904
-0.884043
2.43631
0.299401
0.785303
1.48729
0.289845
-1.0876
-1.64847
1.09344
-0.459177
-1.31772
1.12564
-0.823201
-0.649075
0.0926964
-0.705461
-0.0871576
-1.30232
1.15297
1.3539
-0.968208
-0.292526
-1.42316
0.7954
1.34067
0.858199
0.127584
0.771655
-0.754394
1.00613
1.7538
1.0825
-0.313421
0.557885
-1.8615
-1.07584
0.5528
0.00502036
0.422592
-0.260765
0.763582
-1.65455
-1.6627
-0.707649
-0.170384
-0.532831
1.2388
-0.909834
0.315616
0.88113
1.2402
-1.24392
-0.842345
0.583038
-0.495922
-1.55733
-0.0319371
-2.0279
0.178198
0.556573
-0.969619
-1.82714
0.882528
-1.73628
2.78892
-1.63054
0.0472584
1.70417
0.0988363
-2.66148
-0.71097
1.73631
-1.18338
-0.759616
-0.171737
0.755007
1.88114
1.17653
-2.08356
-1.15775
2.41525
-0.0909109
-0.497607
-0.0658972
1.15093
0.341455
-0.869971
-1.07028
-0.803233
0.492707
-0.457786
2.37889
0.238077
2.46211
-0.0574803
1.1812
0.408262
1.23136
0.137214
-1.31424
2.04902
-1.16989
-0.506872
0.339199
2.54544
-0.826198
1.05969
0.735174
0.348497
0.144794
1.34131
