2.46596
1.84045
2.61268
2.62233
4.00487
6.81289
3.74395
6.18791
6.30958
1.44553
7.47844
5.5334
4.24581
0.40947
10.0716
3.97695
9.38259
3.23736
6.72819
1.11915
3.23158
5.10452
3.56796
9.34526
8.30714
9.94718
8.93099
9.76591
2.13491
3.32873
9.97224
6.3941
8.2146
1.23401
6.97929
1.41589
2.52501
0.376612
4.31544
1.39407
3.22361
1.71774
9.29357
6.86395
1.32501
7.53255
6.77781
6.95345
9.73324
1.64623
3.7614
4.84523
6.34029
2.77057
6.89342
5.93176
5.69021
7.67042
5.26045
2.99586
9.01925
0.116747
0.646254
7.3148
0.109461
0.82279
6.43922
6.31682
6.28392
7.5739
0.0948084
4.033
10.0779
2.08424
1.23898
1.98381
6.86138
9.21625
1.18754
6.7027
7.96604
3.93857
9.92721
1.95395
6.70623
1.85659
9.5105
0.527973
1.36485
0.532991
8.32339
3.34919
0.756678
6.58119
7.73912
3.86304
9.31258
0.43989
4.02416
1.90244
5.19424
4.38284
4.30694
9.52758
3.83734
7.10341
3.31044
5.7678
8.73402
0.101275
3.10066
5.85238
2.00714
8.49316
3.80366
2.14931
5.29468
5.16566
5.89571
1.63183
0.287682
9.08764
8.08357
1.47282
2.52571
5.57298
1.22563
3.8955
8.40483
5.27214
2.71362
6.69425
7.86607
2.42416
3.33054
1.39538
0.787122
6.54528
4.70076
6.31412
5.89625
1.04969
9.83797
7.78384
5.46891
4.22166
8.15318
2.18296
0.60483
1.02252
1.01758
3.39115
0.502085
2.37828
4.85029
3.5003
4.05462
3.59284
7.5973
7.69621
6.85382
8.35445
1.35574
8.61563
7.03061
4.03019
8.41052
3.49043
2.55535
1.80444
5.27434
4.70368
0.451794
0.198422
6.56584
3.95199
4.6538
9.80186
0.162363
5.08528
0.109018
3.24503
0.683947
8.5954
7.74819
0.694004
1.8597
0.052174
9.18265
3.19034
2.26331
5.81618
2.653
1.30108
8.62405
7.78032
5.99963
8.38106
1.11083
9.89835
3.772
0.390328
8.91132
1.94052
1.97594
2.80122
9.38608
7.57564
4.52375
2.76059
1.11413
1.30616
0.238097
7.23269
2.59689
4.83477
4.28233
9.54065
8.4582
7.46169
6.53635
5.15861
7.23895
0.685872
4.0299
4.71063
6.52512
5.34194
3.9976
5.82875
0.468216
8.94849
9.31507
8.58942
0.574486
1.16916
4.09817
7.37094
5.62123
5.78746
8.57396
8.05041
3.16469
4.94319
1.82713
3.81362
0.661459
9.32823
10.0143
1.02722
0.129322
0.377064
3.81502
8.94626
6.75519
3.2076
6.63204
4.00475
0.74694
0.351316
5.66513
9.01058
0.936369
1.62527
0.142342
0.123296
1.93261
8.10014
3.41387
5.54409
2.95054
0.00367739
8.10991
3.40102
1.3709
5.2073
5.47768
9.29382
8.57819
4.31016
1.63306
3.05337
2.43589
2.98575
1.33685
5.59799
5.9916
0.64722
2.07863
10.0263
5.23418
0.130801
0.713511
4.39873
9.24815
4.52546
7.55325
7.08807
4.13337
2.90551
2.23568
1.75832
1.65163
0.186303
1.92289
9.7443
4.98074
0.883419
5.21859
3.86937
6.33717
2.12948
7.66769
0.819115
0.119634
9.55153
8.59551
2.46807
1.86851
6.5372
9.9835
7.22773
7.83007
4.99286
0.504613
5.28767
8.77786
5.76582
7.63733
2.26792
7.96257
6.85756
7.18768
5.08026
2.44576
1.18044
0.572506
1.07287
1.80579
4.96196
3.11555
1.36925
3.14865
1.84832
3.8497
2.34143
7.69106
9.08466
2.4469
2.63924
7.02235
6.83391
2.1361
3.12314
1.19439
6.41955
9.28043
6.9376
0.693069
8.1807
3.28407
5.15246
4.19728
2.75641
7.31862
3.29416
3.7829
7.32676
3.99883
8.45806
5.51095
5.99291
8.77242
6.58381
2.08504
0.868316
4.50224
1.32087
5.68303
5.26711
9.15464
1.70988
9.56215
3.32679
3.90035
3.45352
5.54998
5.98174
8.60306
9.96079
1.86288
2.74168
6.65413
2.28303
1.78277
9.25486
1.61633
6.70043
3.50369
7.12886
2.31956
3.01338
9.14926
7.8801
9.3293
5.4566
0.758591
7.98003
4.39535
9.87575
4.73281
7.23491
8.94677
9.03017
6.34127
8.55594
1.48428
10.0028
0.261071
1.63673
6.17452
2.9097
4.70628
6.62412
8.81843
7.64936
5.41746
6.5139
9.14483
1.10107
3.67392
4.01288
8.39616
6.48082
7.37491
4.0408
6.42294
5.4482
9.69851
4.75157
5.52567
0.469393
1.07072
8.62806
7.33324
3.03702
2.34858
0.10111
7.05856
8.82417
1.79938
3.62109
4.48752
3.12692
0.525984
1.37814
2.42829
8.64461
9.08406
2.78279
5.13655
3.71204
6.44866
10.0531
5.21083
3.32604
8.75488
2.06335
3.73813
2.20876
9.99495
6.47285
1.25777
0.692913
3.79955
7.72
2.0271
3.26987
2.92261
9.76499
7.52559
3.19188
5.11743
8.27143
7.03142
5.43636
1.60864
4.04971
5.16005
1.73313
8.2953
3.58788
7.06388
3.93187
1.34527
6.0941
7.87642
5.91855
9.19097
8.60364
7.40676
9.40606
0.247839
2.64382
2.20764
8.75835
8.54864
7.83944
1.65927
0.813327
3.13055
8.09844
