1.6222
5.59361
6.37165
2.86182
1.62996
7.60573
4.49372
6.6034
8.97942
6.80768
9.02882
6.83837
6.27615
7.13621
0.886719
0.981269
9.92849
9.55122
6.95502
5.63317
1.4064
1.79342
1.38856
5.33996
5.60588
2.86934
5.25555
2.37325
9.78167
7.69313
4.69838
6.07445
0.989148
7.66246
1.08912
8.20511
7.88358
6.90617
0.86187
7.91174
6.70346
1.39244
0.645162
1.19991
8.10432
2.70498
2.54942
2.77177
7.52954
4.14874
9.74049
8.22013
7.59081
3.07737
5.31022
2.87137
7.43454
3.90908
2.94444
0.501526
1.64713
6.83469
9.65942
7.29968
9.32442
4.82468
5.87033
0.248362
2.76461
4.5784
3.53247
8.68358
2.70506
3.5202
4.59213
3.30681
6.96614
0.662272
1.41943
7.25587
7.70495
9.47422
1.60359
9.22755
4.70496
6.83573
4.94107
5.21188
2.17787
5.10081
7.0781
4.28834
9.5137
9.89956
4.61855
3.89966
6.98649
7.74441
6.27902
3.22567
0.495808
8.31758
4.01375
5.0684
0.214083
2.51921
0.94038
6.65873
9.21532
9.80488
10.0203
9.69681
7.32744
9.0268
1.54816
4.27588
3.63171
3.09396
8.58725
7.83114
9.10034
9.74062
9.48593
1.70949
6.59385
2.87509
6.20005
8.68746
6.74127
4.99879
4.50209
2.16563
5.22774
2.0497
5.29374
7.61804
6.52241
6.70908
1.3484
8.2917
5.41449
10.0408
6.62159
3.25569
1.52145
9.92167
4.77222
9.72283
8.28756
2.67219
9.31856
2.17752
3.70944
5.00651
0.290273
1.14501
1.84045
5.36498
9.76839
3.3249
9.02704
9.71798
6.34073
3.8055
9.91171
3.56906
5.62015
7.8361
0.213935
7.0504
7.35036
9.50785
2.70033
6.89365
8.64256
2.05648
9.14386
6.43822
8.72631
8.06121
7.61064
1.44766
2.0075
3.73026
4.45346
5.30122
5.15796
1.05064
0.997561
2.34471
0.515257
3.56808
3.96283
9.84984
1.4029
1.47012
3.95542
3.04706
7.03949
1.28381
0.39627
2.26774
2.8823
3.09107
6.19171
5.2294
1.74017
6.1051
6.2104
9.1577
4.26154
4.54817
0.0680546
4.69473
0.904508
0.570542
9.66615
6.83082
4.21909
5.78797
4.78863
3.48863
7.92044
2.9534
7.00752
6.80553
5.28427
8.19189
7.07005
6.5257
1.65985
1.30809
2.92849
1.19383
2.4136
0.315547
9.82782
0.572871
8.17339
6.52716
7.75165
7.91354
1.39341
8.57688
3.22446
4.75621
5.72161
7.08746
8.76232
0.805624
6.2616
4.7875
8.46247
2.64171
2.36132
5.64047
6.09924
8.00341
4.89869
1.7029
9.81737
1.50581
4.00612
2.75111
6.7739
4.58354
9.27134
0.506418
2.10979
4.18785
6.04832
2.42844
3.19612
2.24222
7.48032
5.07049
3.48362
7.15593
2.29419
8.19772
7.23228
9.43239
7.51917
0.495581
2.40994
4.06273
0.289539
2.22755
8.13561
10.0096
5.75708
9.413
5.05702
9.13911
5.15159
4.80416
2.80266
0.845888
3.06291
5.35442
8.69836
1.47154
7.12631
4.63997
9.20486
8.93533
0.897231
1.95053
4.70355
8.98751
0.343555
9.72964
7.6096
9.34167
10.0017
8.41904
4.25734
0.124796
7.18422
3.79571
3.46799
3.17312
6.62049
7.56329
2.02288
5.76719
4.06689
7.57115
0.406504
6.40467
1.7333
0.593719
4.53931
4.39918
6.35154
0.547063
3.86772
0.716534
0.897799
8.9888
10.0586
9.77226
3.34396
1.69495
8.0167
9.72634
8.23893
0.0126695
4.55278
6.88274
3.83156
0.0646762
5.89529
5.17937
6.33542
5.55631
4.109
5.29077
7.00271
4.32615
5.25299
3.56382
2.27092
5.97269
5.66603
0.971123
6.58923
7.25572
8.37346
2.09793
5.07077
5.6947
3.52901
7.38068
8.03086
8.04277
8.37611
3.80722
9.17393
0.337865
3.48671
4.85717
2.22986
3.21705
9.92403
3.05242
8.02981
0.983684
2.94207
8.99987
3.1739
1.33552
2.02602
1.97538
6.85882
7.98781
2.63894
3.9588
8.59108
2.42848
6.2317
5.10237
5.69717
0.096311
0.169831
4.2178
10.003
6.67447
7.40191
1.29439
1.17637
4.80097
5.67252
0.573477
8.09396
5.54242
6.45262
3.3477
6.89285
1.3237
0.512239
4.08995
8.49167
6.56935
7.4051
4.69748
5.918
0.297634
8.71566
2.35283
6.84285
8.05444
1.88792
6.29047
5.58027
5.14745
4.61719
5.30497
6.54589
2.14713
6.6988
7.99113
4.00163
8.24354
7.99627
7.5633
0.0424024
2.54145
2.32446
0.50733
3.19776
2.84494
0.417252
3.027
9.64336
8.82233
2.81705
5.35955
3.29307
9.77326
4.44492
1.1298
3.29872
0.0215226
1.30533
7.63956
5.94065
1.67361
4.65545
2.55084
5.31988
9.35967
7.31791
4.6413
2.03391
7.68215
5.09935
5.91601
0.0650863
1.97619
1.99334
1.45187
5.03227
3.44523
2.09866
8.50053
9.2385
3.378
8.93336
1.23016
9.43747
6.69517
9.32346
9.09849
4.03769
1.60102
5.7146
2.15182
1.98162
1.9779
2.27592
2.67567
0.182113
9.72922
9.67049
1.3183
3.51027
5.78297
2.16635
9.423
0.596605
5.71161
