-0.246221
1.271
-0.298147
0.440375
2.02145
-0.104044
-1.25608
1.41708
0.552486
0.884035
-2.71424
-1.7966
0.616127
0.0474381
1.50942
-0.823257
-1.5107
1.08391
0.183253
1.08313
0.587394
-2.32248
1.3848
-0.808632
-0.655687
0.080119
0.317563
1.47696
0.194186
0.565583
0.100534
2.06118
-1.935
0.6136
2.07259
1.36593
0.0652297
0.292056
0.289704
1.1114
-0.905527
-1.7075
1.89083
-2.03064
-0.226288
0.856569
-0.608988
-0.24001
-0.237942
1.02032
1.5536
-2.70315
-1.01201
1.52129
-2.05335
0.0294228
0.960642
1.36508
-0.57738
0.478977
1.54073
-1.05299
1.03444
-0.912748
1.66383
-1.26756
1.00451
3.8865
-0.677278
-0.691169
0.559207
-1.67051
-0.202113
1.43307
-2.00341
-1.79157
-0.0403095
-1.48415
-1.85211
-2.11556
-1.78851
-0.237065
2.90725
-0.57274
-1.84334
0.622821
-0.799608
-0.0679875
0.812061
-0.311813
-0.351324
1.45832
-1.23487
-0.344293
-0.907606
1.30378
-1.77438
-1.51889
1.0422
-1.07964
0.504564
-0.400578
2.8478
1.10439
0.329725
-1.86665
0.124712
-2.10262
-0.584384
-0.917582
1.94225
0.510927
-0.533533
-1.7373
0.713336
-0.218872
-0.529351
1.56628
-3.1317
0.631726
0.67599
-0.936225
-0.827268
0.842448
0.07093
1.97083
-0.786935
0.790915
-0.949527
-0.0585843
-0.507036
2.03676
-0.0822577
-2.91493
-2.4667
1.93505
-0.0555169
1.09134
0.748387
-0.401373
0.239567
-1.01751
0.253777
-0.269767
1.65468
-0.0157446
0.114302
-0.782832
-1.13369
-0.660032
1.24222
1.05817
-0.0614127
-1.37307
-1.88769
1.28092
0.0423091
1.40941
1.66957
-1.39788
1.93079
1.05333
1.49919
-1.57137
1.06374
1.26662
-0.0282571
-0.704086
2.23167
0.84757
2.63688
-0.209775
-0.341667
-0.802647
2.97798
0.711436
-1.04337
-1.71663
-0.0837382
0.533114
-1.51364
1.37378
0.366612
-1.28439
-1.47873
0.885307
-0.22886
-0.513736
-0.654881
0.619346
1.21744
-0.311688
0.0788429
-0.795048
-1.48317
-1.80837
1.57112
0.791737
0.210969
-0.236239
0.692778
0.565746
0.512807
0.977718
-0.893519
-0.0505003
2.29148
-0.514417
-0.301634
0.171908
0.883079
-1.47798
0.553878
0.0995588
0.252254
0.262096
0.57643
1.14561
1.89121
2.34324
-0.318141
-1.4131
0.373467
-0.866852
0.410878
-0.162831
-0.477928
0.543972
-1.06357
0.902745
0.859875
1.89097
2.01223
-0.0271841
1.15384
-0.417321
0.423978
0.370135
-1.73818
-0.470655
0.683236
0.757382
1.15921
-2.01888
1.77743
3.00958
-0.385686
-1.27474
-0.102401
-0.680244
0.977394
0.178447
-1.1823
0.545923
2.52331
-0.0599581
0.0967472
2.38228
-0.129859
0.626109
-1.15997
-1.07643
-0.700832
-2.01779
-1.44226
-0.516714
0.45495
-0.132585
-0.608552
-0.398803
-1.26503
0.479312
-1.12396
0.0587876
-1.36908
-0.607753
-1.50536
1.19071
-1.14612
-0.0305499
0.656013
0.225934
1.17965
-0.375111
-0.366015
-0.106238
-1.29005
0.40357
-0.174761
-1.94331
-0.847179
-1.3328
0.573975
-0.394358
0.260053
-0.287157
0.0799638
0.16086
0.618635
1.95872
0.108199
1.79543
0.227324
2.33654
0.194526
0.490183
1.07018
0.443089
-0.769242
-0.505847
0.379989
-0.735852
0.104325
-0.817919
0.349518
-0.938469
-1.37094
-1.09067
-0.28432
-1.64586
1.55866
0.531429
1.23371
1.72061
-1.07411
2.33639
1.86708
0.400208
1.54371
-0.829604
2.63968
-2.82066
-1.63448
-1.35499
-0.818523
-1.82237
-0.963759
2.82496
-0.128195
0.328401
-1.97899
-0.230632
0.564444
-2.01797
0.837691
-0.39133
-0.500883
-0.27851
-0.114975
1.29046
-0.591155
-2.34212
-0.718912
0.757353
-1.03932
0.588943
0.964431
-0.638665
-0.143241
0.0287292
1.10129
2.40049
-0.0366336
-1.6908
-0.785015
1.0444
2.14867
-0.601058
-0.0412297
-2.46927
-1.60954
-0.806759
1.5134
0.821377
0.387154
0.950033
1.09793
0.756474
-1.52114
-0.253281
-0.758164
-0.694677
-2.71875
1.12728
-1.06577
2.34873
1.95593
-2.89323
0.971057
2.20142
-0.829428
0.222028
0.527511
0.438135
-1.74743
-0.849263
2.4409
-0.842804
0.111982
-0.884125
0.0515208
-0.0035472
-1.26961
-0.331396
-1.28455
-0.656745
0.825702
2.01714
1.54087
1.77716
-1.257
1.36075
-1.12133
0.331121
0.382364
0.736648
-0.0937721
1.19108
0.395085
1.15179
-0.843172
-0.973426
0.3802
-0.494165
-2.47918
-1.96412
-0.891328
-0.225474
-0.855671
1.03325
-0.295837
-2.3601
-1.0768
-1.31915
-0.238181
1.08684
-0.0911709
-0.337979
2.30348
-0.00250113
0.0696374
-0.673867
-2.15586
-0.208349
0.088507
-1.59247
2.77776
2.31737
-0.00016864
-1.18642
1.05511
1.15684
0.667593
-0.290125
0.390664
-1.33618
-1.58302
-2.20786
-0.0975388
0.627233
-0.234988
-1.17085
-0.840124
1.3762
1.28358
-2.73737
-1.197
-0.253744
-0.450334
-0.571144
-0.205296
2.82103
-0.18336
-0.613925
1.33288
1.56368
1.71238
-0.0543685
1.67486
0.677795
0.477247
-1.95408
2.37697
1.27014
0.759732
0.613088
-2.05136
-0.189938
0.0795136
-0.463831
-1.14766
0.244553
-0.65274
-0.108082
-0.137149
-1.22725
-0.315843
0.319507
-0.283306
-1.58018
1.17001
-2.12718
-0.82792
-0.632649
-1.24714
1.55308
0.199468
-0.71071
-0.556748
1.26696
-0.464096
-1.94335
