9.39856
3.36744
5.15545
4.18221
1.48323
8.32096
7.9421
2.5319
6.84424
2.99019
8.48571
2.0941
1.97067
6.60559
0.296423
8.29054
4.79987
4.23782
8.8837
4.71905
5.54008
0.0685537
4.29877
2.44243
9.23331
7.54964
7.00347
5.00165
8.98484
2.67104
0.56337
9.63853
2.42043
8.61984
4.06007
8.36189
0.221968
6.42812
5.87068
3.39637
7.55758
9.30675
9.95974
0.365069
0.286837
4.38687
5.7695
5.25376
5.42545
6.04583
4.072
0.803326
8.51987
3.81516
7.65791
0.58789
0.382899
2.05971
8.52349
1.66743
5.46522
4.42077
1.17382
6.53477
0.83199
7.83089
9.6974
3.64365
6.87363
6.89466
0.859997
3.48878
1.26095
8.26701
8.46839
8.21017
1.60336
7.42709
5.15654
7.79614
6.07323
5.0974
3.13852
6.51724
1.14024
10.0671
2.11018
1.23791
6.35982
9.9854
1.74492
0.780209
9.02361
0.859306
8.21972
5.41067
4.56678
9.69232
4.95769
5.38606
2.1415
6.95111
3.75791
7.69985
2.45712
8.31221
7.68316
0.313126
3.78807
4.59682
3.56457
7.99147
3.19225
6.5339
3.48515
6.95254
9.73989
1.39884
1.84592
6.77423
8.41998
7.79408
9.13845
2.43024
3.71122
2.7994
5.74113
9.17419
0.179043
0.805187
4.15987
5.38273
6.16092
7.45694
6.65222
1.19372
0.171863
4.11146
1.7113
3.38466
4.77363
5.27321
4.5056
1.83986
1.36257
8.41821
0.811411
2.26792
5.30989
3.43572
8.22602
4.24414
5.07111
8.62863
4.154
3.69955
6.47185
5.49521
0.875426
0.00814007
1.86356
7.23999
7.58292
5.41554
4.94822
7.83099
3.36566
6.31243
7.50877
1.92153
6.39776
0.40156
9.16045
8.00746
9.85966
3.54762
5.62187
0.947957
9.12941
4.94537
2.98597
5.6405
0.369756
2.51552
8.03445
8.14818
3.89337
0.693218
0.580335
7.88281
2.26983
6.24477
8.41771
2.73939
2.41576
0.844761
8.32903
1.83505
4.61502
8.06615
4.96096
5.29938
4.07532
4.77729
5.09975
6.19774
3.97025
1.6354
3.23438
1.99728
0.260328
9.13841
8.503
3.14849
5.57086
4.05104
3.97853
3.89083
3.68418
6.70616
4.70201
5.51435
6.48194
6.45972
2.81206
4.61178
9.67947
7.68117
3.08142
2.67619
9.14339
5.16794
6.80598
2.01432
7.32344
6.51577
9.80484
5.5652
1.37041
9.87905
4.43379
4.15696
5.67915
1.29913
4.68453
9.46122
4.03047
2.03786
4.57252
8.86098
3.17005
7.29202
6.28719
3.72688
9.17671
1.08091
3.07417
2.9717
0.80906
5.38232
6.31208
5.33557
0.668751
3.89908
0.120185
5.35014
9.35616
0.41526
6.70795
7.77109
7.25383
6.8593
7.03336
9.46129
0.0560983
4.30046
9.06583
7.02212
6.55428
7.24261
4.85545
3.95854
4.59326
0.219797
2.76685
8.2436
8.9269
0.534369
3.82766
9.11574
1.69621
2.92733
5.65283
7.53668
3.06811
7.84905
2.03567
1.26036
8.75986
8.94222
5.89233
0.840674
2.12938
2.21769
1.08547
3.19165
2.66667
7.09683
1.097
8.87603
8.86831
3.86788
3.71035
5.86723
3.4649
5.33674
2.14408
2.04337
2.05338
5.3217
1.88589
4.95145
3.26355
0.131606
1.35121
8.21251
7.63537
0.375891
2.42852
6.95976
8.86047
4.63972
4.05577
3.3206
0.547636
7.8401
0.370056
3.75369
7.24676
1.97792
0.90359
2.00411
6.54816
7.82502
4.21878
2.50635
1.91336
7.94876
4.75804
1.53189
4.46007
6.85552
1.21693
5.12756
8.31539
9.85942
9.51636
8.55404
0.416756
4.39641
3.85074
2.43489
4.47494
1.91326
6.81914
1.18138
1.62952
9.08487
5.94118
0.718645
8.75866
7.4888
7.17201
6.60773
3.48798
5.95694
4.44355
7.9154
4.10545
9.25707
6.35318
6.29904
7.85969
7.91302
6.05734
9.2228
1.27844
8.01352
1.21885
4.62585
5.52857
5.05091
9.81199
3.40568
8.05903
6.07081
0.717066
1.65938
9.69616
5.77803
10.0748
6.60488
8.85587
9.52528
9.42729
1.82405
10.0076
8.49198
5.19508
0.872661
5.45399
7.04212
5.39771
1.89808
5.34057
5.33043
9.10056
4.40088
0.329642
7.01091
5.96194
6.01578
9.96042
0.861886
9.95046
8.43079
0.677997
3.59575
2.18558
7.08811
7.58358
6.13965
6.77213
6.53273
0.788295
4.4991
3.7376
4.19038
5.89666
7.90495
8.54527
1.80076
0.316896
6.52939
0.756923
7.10645
0.0504611
4.9273
7.73134
7.5059
5.79746
9.46936
2.99337
7.05748
1.86072
0.759288
2.59544
4.05582
5.87586
0.346391
0.848463
7.40467
8.89332
7.26352
9.00017
0.988304
2.03238
1.79312
2.29448
7.56416
8.37708
5.29866
9.51109
6.74589
7.5526
0.0400952
7.13857
1.22618
1.52674
0.525536
8.60381
3.33044
7.00491
5.92108
7.42264
2.035
5.05801
9.70302
8.58612
8.35831
7.01178
0.67038
9.03521
6.75237
9.63717
8.23854
7.97009
2.30364
7.74576
5.00013
5.67948
4.17649
4.91632
2.16353
2.21208
5.59659
7.38242
4.47482
2.28346
7.43467
7.26808
2.7303
