-1.743
-1.55304
1.14975
-0.74797
2.00635
0.389555
0.447194
-0.969245
-0.292442
-0.772274
-2.86971
-0.613042
2.73254
-1.06072
0.274181
1.44117
1.3679
-1.01429
-0.819612
-0.659108
-0.842278
1.20159
1.08038
0.351343
-2.20532
-2.0033
1.0055
0.640922
-1.1567
2.23974
2.44054
0.153674
-1.11691
-1.25316
0.127488
1.97604
1.09941
-0.711025
-0.520373
2.78159
-2.0061
0.651112
0.407502
1.21523
1.79942
-0.542013
0.169235
-1.25102
1.64288
0.71372
0.385415
-1.07727
-1.39744
-1.56567
0.784128
0.348178
-0.928623
0.33262
-0.604528
1.08571
0.392376
-0.741411
0.244446
-0.706818
-1.72294
1.68624
1.49006
0.537633
-0.326982
1.54241
-1.13602
-0.778662
-1.49691
-1.06867
-0.360546
-2.0857
-0.0897316
-1.43167
-0.417596
-2.59591
0.341664
-0.777611
0.618881
-0.781142
-0.454954
1.39555
-1.66895
-1.05379
0.455201
0.635654
-0.928037
-0.126468
1.50697
0.926482
-0.980201
0.50318
-1.17234
1.15129
-0.64257
-3.03269
0.940638
0.615404
0.086407
0.587851
2.39172
1.2929
0.425564
-0.178192
0.789794
0.660355
-0.678639
0.0480574
0.821999
2.32572
-1.8758
-0.662645
-1.30059
0.780477
-0.0845561
-3.58548
-0.606024
-1.30194
-0.755691
0.497625
-1.28194
-0.259354
3.36491
0.233547
0.508059
0.346421
2.27786
0.665096
-0.162642
-0.573898
0.509296
0.317666
-0.235963
-1.14048
0.746236
-0.210822
-1.94307
2.85686
0.219513
-2.6805
-1.10676
1.03756
0.617794
0.0599928
1.79542
0.0788737
-1.3659
-0.824995
0.591381
0.703516
1.98392
-1.69653
-0.748931
2.04073
-0.0908914
-0.15706
-0.252957
2.01758
1.97888
1.16006
-0.182552
0.773581
2.11612
-0.772482
1.0383
0.0910865
0.326703
-1.31888
-0.0124998
0.576324
-1.50687
0.205458
-0.546171
1.79398
0.168162
-0.431677
1.25167
0.806304
-0.876849
-0.359122
0.729841
0.328292
-1.44267
2.82564
0.828333
-0.830685
-1.63641
1.65572
0.971107
-0.555497
-0.546478
0.258181
0.342261
1.81464
0.755092
1.45091
0.86271
1.09349
0.0259202
0.790828
-1.00131
0.535119
1.98073
0.740103
0.267162
-1.65848
0.661006
0.342069
0.325912
-0.413049
0.164983
0.846344
-0.372356
1.01045
0.0720921
0.11351
0.760944
-0.535227
1.23738
-0.753061
0.418401
2.04423
1.03943
0.0146863
-0.0891649
-0.512697
1.52759
-0.378962
1.24415
0.40565
-0.391814
-0.350369
-0.200538
0.133612
-0.535515
1.34916
0.239856
-0.50594
1.69542
0.568195
1.01946
0.320476
0.617711
1.99101
-1.09635
1.53487
-0.936996
-0.122407
-2.71799
0.264694
2.012
0.29487
0.07913
-0.023556
2.69421
-0.0927053
-0.401529
-0.82649
1.39679
1.43828
0.227438
-1.89059
0.0522765
0.815325
-0.691873
0.0393055
-0.470328
-0.838995
0.592013
-0.45084
-0.0197565
-2.59175
1.32832
-1.08766
-1.26113
1.94695
0.0779526
-0.468325
0.759569
-1.70746
-0.391638
1.14238
-0.0339552
0.821349
-1.40718
-1.49882
0.169954
-2.96974
1.62694
-0.222524
0.804808
0.860622
-0.355964
-0.977754
-2.51378
0.344656
-0.0620946
0.442555
0.135665
-0.589511
1.7728
-1.79115
-1.78859
-1.78484
0.167453
-1.74593
0.538754
-1.80525
-0.583607
1.30022
0.589974
1.44252
-0.638792
-1.14326
1.05489
-0.206458
1.41693
-0.501048
-0.468046
-0.964251
-2.24096
-0.241069
-1.57961
0.974509
-0.580203
-0.00483611
0.912184
-1.28199
0.0203027
0.358197
-0.830529
-2.18926
0.253652
-0.284063
-0.208413
2.05877
-1.26895
0.639558
-1.23572
-1.32058
1.01364
-2.38742
-0.611583
-0.39203
2.47731
-0.550266
-0.789647
2.47524
0.474892
-0.208273
-2.16274
0.534843
-2.36377
0.543378
-0.0275853
2.85603
-3.10747
0.578926
-0.831413
1.80234
0.00319409
-0.645878
-0.900011
0.203909
-1.0974
-0.60867
1.71291
-1.56865
0.91165
-0.143098
-0.733964
-1.00023
-1.39627
0.225051
-0.199123
1.37081
0.609046
1.23215
-0.662549
-1.52608
-0.896627
0.332302
0.68318
-1.10099
1.81631
0.966546
-1.15567
-1.23134
-0.247021
-0.355163
0.988412
-1.50078
-1.76564
-0.484731
-0.520168
0.555121
0.676733
-0.719416
-1.74434
-0.472832
0.364299
-1.45714
-0.417529
-1.40679
-2.05058
0.521229
-0.23173
1.16104
-1.29694
0.733138
-1.07506
-1.59543
1.29847
1.91088
0.235076
-2.20012
1.45723
-0.581123
-0.724069
-1.78307
-0.0708935
1.45842
0.448751
-1.48441
1.52608
-0.578937
0.58141
0.420329
-0.00598611
-1.59123
0.117637
0.0520648
1.34825
-2.6028
1.48847
-0.280694
2.28521
-1.21824
-1.78487
-0.52276
1.032
-0.105535
-0.674067
0.276368
0.318308
-0.757245
3.76959
-1.60422
-0.378632
1.51763
1.6441
-0.687176
-1.56584
-0.0674876
-1.01864
-1.49142
-1.29771
0.593955
-0.46034
0.747314
1.14772
0.334337
-0.54159
-1.25692
0.0821095
0.104903
-0.40383
0.522134
0.145008
0.588557
-0.391448
0.667017
1.50821
-1.2446
-0.720147
1.66506
0.656011
-0.426018
0.213151
1.33824
0.995963
1.87722
-1.40986
0.684829
-2.48035
0.595121
1.39026
2.54693
1.36813
0.0210911
-1.11341
-0.369704
0.414501
0.163743
1.17873
-2.05907
0.569014
0.148594
0.102006
-1.91394
-2.51058
-0.528718
-0.241723
0.871635
1.00736
1.66351
-0.203963
1.61552
