1.96443
3.74056
9.90223
7.17127
8.47391
2.77296
8.24232
7.16307
2.71188
1.92779
5.61031
4.39116
3.99869
9.07457
6.87485
4.05357
3.04002
2.04246
3.16765
5.42689
1.58701
9.30893
4.90129
7.42902
1.10442
3.9713
4.26496
8.42465
4.02484
0.341614
4.50838
6.23539
4.20851
8.31177
7.03405
7.9941
7.68841
7.10488
3.00439
4.28186
9.16731
0.855568
6.41889
6.57234
6.06167
1.37948
0.129924
9.3096
8.61476
5.94535
6.72995
3.2643
7.74385
6.69068
4.07714
4.09953
5.18008
3.91912
2.91339
9.31282
8.66521
3.19667
8.13288
8.16213
5.94942
5.8149
0.580453
2.48263
6.55626
6.97283
5.09963
0.990465
9.1492
8.07465
6.26434
8.28077
3.12626
0.809571
8.11569
5.27478
6.82246
0.451315
2.60449
9.08816
2.54012
4.5728
8.64646
2.36797
9.1523
5.00823
2.99429
6.01521
4.13205
2.92138
8.31007
0.35541
2.88842
6.72952
8.146
4.97756
4.01379
8.27148
7.31364
3.78629
0.698345
5.27639
6.65185
1.57831
6.22801
3.9325
1.69736
1.19551
2.90884
1.98272
2.01101
9.22616
3.99902
9.50903
9.83195
6.54474
6.26991
8.87336
2.13243
1.27875
9.51407
0.419702
3.67401
0.656607
10.0259
0.57749
5.29165
2.2152
7.23255
1.04079
0.24593
3.1907
7.62894
1.34253
5.06928
1.54682
0.569789
4.36215
2.78612
9.19501
8.84983
6.59834
1.76753
9.29943
1.03255
9.21332
0.241124
3.03963
7.54533
3.42717
10.0458
4.50076
3.09299
2.53147
1.25821
1.05289
2.51071
5.28098
7.86288
9.15179
5.41527
6.36221
8.3576
7.08879
5.52271
4.44367
5.31102
10.0041
7.25446
4.72934
8.49778
3.80315
2.22669
0.507218
4.86484
0.123694
4.67748
6.94633
4.54965
6.37914
5.05605
2.02874
6.71954
2.34369
0.759497
3.34557
1.62571
2.95
8.31576
2.31831
9.74553
2.95815
7.99282
6.34678
2.16628
3.98113
1.50784
1.57703
0.382568
6.68171
5.00304
2.77174
8.80798
5.47454
8.8623
2.00943
9.88031
3.20968
6.1505
4.44538
6.2134
0.967339
7.70032
4.904
3.01238
7.458
0.656594
4.55922
4.30891
6.07835
3.63061
3.35227
5.67307
2.12726
2.85876
2.50148
10.0641
1.82577
4.55
8.14847
2.63823
3.4495
5.43686
9.32788
3.5144
1.1114
1.06737
8.94835
7.98991
7.58694
0.636724
6.325
3.66028
2.14493
4.04438
9.55861
8.91476
4.78205
6.34975
4.62737
6.10432
3.44224
7.05246
6.95927
3.57482
9.0188
4.53578
1.33777
4.29937
3.07868
6.21896
3.4063
6.86467
9.98315
1.28669
10.0192
8.97603
1.39533
0.293386
8.7704
3.70958
6.34313
4.00441
0.77556
2.72509
0.00606963
0.91026
2.32533
3.44563
1.15746
6.53988
0.65404
3.90085
5.49121
9.29824
8.03748
3.74527
8.71938
3.87891
9.41401
9.47295
5.94239
7.2737
5.49442
4.77903
0.651228
2.0204
9.15941
0.613214
9.37526
5.24403
6.19144
0.727532
7.39792
2.28175
4.0158
7.36088
0.411597
8.05576
4.37716
8.97322
5.05031
0.512585
2.07935
9.7312
9.81838
9.06528
9.90292
5.35257
1.10157
2.51604
8.98273
3.55846
6.12759
9.61862
1.42972
1.51762
6.54028
4.56725
3.58385
2.18922
4.56316
0.859245
3.69273
2.21419
9.4252
10.0716
4.10952
1.77624
7.98153
3.42251
0.411899
9.84755
3.26995
0.243061
6.20716
2.38144
9.07708
2.86366
3.48445
8.98702
1.44419
0.544197
7.24656
6.20226
2.45864
7.35812
2.44596
6.76962
5.95788
4.81885
1.01847
0.212068
2.57089
2.05967
0.645709
6.35607
0.0750848
8.88683
9.35168
3.69586
8.76852
1.83369
8.59438
0.262581
4.66348
0.310623
7.05113
4.50396
1.16629
3.97145
1.77493
4.83465
0.879444
9.89516
3.32635
1.28258
9.33112
1.19968
1.91274
7.15746
6.83417
6.1705
0.883967
2.8911
7.49035
7.66213
6.33915
7.46354
10.0687
5.82637
6.79855
0.74289
5.93603
8.1407
8.24221
4.42199
2.72183
1.88181
5.38899
7.31348
1.54777
8.0443
8.00672
0.402722
2.54167
2.37295
5.90672
5.6745
4.65067
7.62089
7.11856
7.297
7.9006
1.83721
9.86061
7.94638
8.52734
0.157163
9.3735
1.59424
8.80847
9.85329
1.15368
6.48221
8.80013
9.51351
3.36387
3.8846
5.76513
1.54982
8.80646
4.76716
6.89983
1.03576
1.84988
0.629604
8.00776
6.56136
3.67369
4.11557
1.67417
9.81371
5.85701
8.24922
1.02016
6.84013
4.33088
0.493818
9.65479
8.62409
8.3576
3.56033
6.40553
4.65389
8.97864
8.05798
8.43986
8.48521
2.94545
3.69491
4.93507
0.17743
1.36633
2.67955
5.39946
5.23467
6.26389
3.62091
5.8746
2.55226
8.15352
1.15332
4.44641
4.05092
3.14566
9.64184
6.55733
2.4881
0.461908
8.72787
4.01624
4.36746
7.99294
7.28729
4.70628
4.29816
7.03024
6.01855
9.76235
2.18918
0.130015
0.894485
2.54444
8.43809
9.7888
6.40092
5.87694
