1.65928
-1.29829
1.36547
1.57805
-0.660469
1.59168
-1.50347
-0.363281
1.79766
-1.37656
1.23256
1.17094
0.595243
-1.47785
-0.114518
1.01145
-0.646072
-0.813246
-0.878382
-1.88885
-1.06316
1.43559
-0.436799
-0.986226
1.38675
0.88938
1.68486
-1.89143
-0.528529
0.415924
0.0620469
0.990486
-1.69497
-0.0847494
0.86551
0.956619
-1.07658
1.18548
-1.71217
1.03327
0.266494
-0.828327
0.0504988
0.455871
-0.872644
1.31467
1.57667
1.43849
-1.16183
0.974883
-2.02277
-0.487229
-1.06362
-1.08492
-0.680145
-1.34759
-0.448074
1.30776
-0.217363
-1.80304
-1.25891
-1.25355
0.378553
1.56988
1.28524
-1.78423
-1.96048
1.20785
-2.04284
1.8586
-0.858658
0.697975
0.86689
-0.83881
-0.231341
-0.110818
1.03979
-0.37419
-0.319434
1.34247
-1.51468
-0.699031
1.8566
0.398771
-0.841395
1.65248
0.449787
1.11661
-0.662504
0.39751
-1.46867
-0.807996
1.79051
-1.27017
-1.06036
0.0618361
-1.17178
-0.684613
1.27211
-0.303667
-0.653716
-1.19064
1.36444
-0.530181
1.97188
-0.223534
0.297244
0.190045
-0.292207
-0.373606
0.0933956
0.601177
1.60676
0.946949
0.623362
0.928327
-0.527799
1.52737
0.523813
0.576888
-0.535905
-1.00075
0.834582
-0.765723
1.64609
1.35833
0.257036
0.329017
0.219083
0.634004
-1.60765
-0.0479506
0.67904
1.25737
-0.799578
1.53087
1.77207
1.41943
0.78088
1.2295
0.118112
1.14985
1.63162
-1.01156
-0.991381
0.852216
0.0959107
-0.902751
-1.15108
0.46526
-1.57049
-0.503944
-1.55835
0.831646
-1.75186
-1.1853
-1.52743
0.521814
1.67941
-1.84305
-1.0456
-2.0808
1.04924
-1.31569
1.98797
-0.709471
0.724155
-0.849813
0.118436
-0.363068
0.254727
0.0883034
1.29415
1.22459
1.44509
0.688577
-1.03452
0.830069
1.86519
-0.350367
-1.12981
0.194739
-0.982788
0.458949
0.188241
1.16468
1.54068
0.356642
-1.13972
-0.163118
-0.568159
1.984
1.52375
-1.08668
0.357605
-0.220541
1.79579
-0.659147
-0.639002
1.15948
0.660073
1.00974
0.990718
0.408983
1.2464
1.3795
1.42709
1.65573
-1.83239
1.48112
-1.41465
1.09002
-0.629018
1.13623
0.604496
-2.00623
0.917385
-2.01985
0.92909
-0.0251972
-0.0555953
-0.490207
-1.82244
-0.365076
-1.30815
1.76513
-1.15104
0.897801
1.72397
-1.56169
-2.06537
0.196758
-0.149012
-0.889156
1.48031
-0.432334
0.629658
0.550173
-1.95913
-1.41907
1.50572
-0.796097
-1.00771
0.0541169
-1.12842
-0.189941
-0.888684
-0.868071
1.48207
0.811306
-1.76773
1.07429
1.39807
1.6485
1.3089
-0.232183
-2.06299
0.232469
-0.658985
1.73341
1.53368
1.41047
1.67452
1.39983
-0.752505
-1.21316
-0.367165
1.92617
-1.74663
-0.783637
0.846796
-0.696135
-1.04797
0.951006
-0.648761
-0.664962
-0.985744
-2.03898
0.0466822
-1.38675
-0.830155
1.89591
-0.448778
0.115174
-2.03964
0.366529
0.756193
-1.14975
-0.434463
-0.964998
-0.317107
-0.0272643
0.16354
-0.912487
0.852619
1.64199
0.379429
0.350308
0.617125
0.895804
0.215609
-1.63486
0.993567
0.843656
1.13386
0.97683
-0.546807
-0.0273817
-0.422524
-0.839172
-1.57769
-0.185141
0.53273
0.772388
1.91744
-0.192032
-1.44925
-0.330905
-1.02253
1.15397
0.219012
1.83951
1.69515
-0.236521
-1.31883
-1.44175
-0.860497
1.80575
1.80878
-1.60028
1.62344
0.141329
-1.24977
0.296313
-0.508656
-0.354989
-1.07697
0.76618
-1.20258
0.686842
-0.825208
-1.2154
-0.615025
1.77227
0.0922734
0.268606
-1.99889
1.91626
-0.928335
0.416888
-0.435895
-0.183729
1.47674
-0.354039
-1.60058
-0.663857
0.789015
0.845996
-1.55981
-0.622205
-1.50159
-0.294505
-0.685468
-1.3573
0.804832
0.7444
-1.21969
0.701683
0.126983
0.412722
0.435941
-0.87659
-1.10862
-1.5786
1.05556
-0.147601
1.08782
1.94658
0.726631
1.18452
1.49913
0.957425
-0.176082
-0.447177
1.24923
-1.32688
-1.06205
-1.40159
1.14217
-0.126796
1.97547
-0.239109
-1.78639
1.43002
-1.97919
0.136782
0.14363
0.209562
-0.909448
0.545502
1.35123
0.0628458
-0.802939
-1.6461
-1.62713
0.910934
-0.227823
1.14746
-0.139047
-1.09303
1.97933
-1.01515
-0.906584
0.0173221
-1.22697
1.16317
-2.04334
0.00506811
-0.333925
0.338295
0.876335
-1.37931
-1.5751
0.616851
1.38171
0.0390241
-2.03806
-0.570355
1.09568
0.411296
-1.85169
0.436926
-0.846927
-1.71195
1.51282
-0.273602
0.503104
1.19018
0.899551
1.66261
0.894363
-0.94205
1.62532
-1.251
-0.742113
-1.7335
1.13007
-2.03782
-0.481457
-0.0810285
1.11604
0.65416
-0.428904
1.17879
-1.67354
-0.970565
0.764439
-1.04437
-1.62844
0.567386
-1.64392
0.206974
-0.662408
1.65599
-0.765511
1.1992
1.04593
-1.04295
1.89878
0.132031
0.0905602
0.952055
1.29101
1.86696
-1.23042
-1.74244
0.458471
1.08881
0.883907
-0.873593
1.1015
-2.01336
-1.37011
-1.72949
0.0267692
0.240292
-1.84887
1.30226
-2.13531
1.03354
-1.40186
-1.46932
1.6942
-0.159123
-0.30322
1.35363
-0.00952889
1.41192
-0.422392
1.64026
-1.53352
-0.593131
-2.06703
-1.14351
-0.967925
1.16905
0.767278
1.19333
-0.881244
-1.01957
1.91927
-2.07329
