0.00180347
0.00277879
0.00396411
0.00535943
0.00696475
0.00878007
0.0108054
0.0130407
0.015486
0.0181414
0.0210067
0.024082
0.0273673
0.0308626
0.0345679
0.0384833
0.0426086
0.0469439
0.0514892
0.0562445
0.0612099
0.0663852
0.0717705
0.0773658
0.0831711
0.0891864
0.0954118
0.101847
0.108492
0.115348
0.122413
0.129688
0.137174
0.144869
0.152774
0.16089
0.169215
0.17775
0.186496
0.195451
0.204616
0.213991
0.223577
0.233372
0.243377
0.253593
0.264018
0.274653
0.285499
0.296554
0.307819
0.319295
0.33098
0.342875
0.354981
0.367296
0.379821
0.392556
0.405502
0.418657
0.432022
0.445598
0.459383
0.473378
0.487584
0.501999
0.516624
0.53146
0.546505
0.56176
0.577225
0.592901
0.608786
0.624881
0.641187
0.657702
0.674427
0.691363
0.708508
0.725863
0.743429
0.761204
0.779189
0.797384
0.81579
0.834405
0.85323
0.872266
0.891511
0.910966
0.930632
0.950507
0.970592
0.990888
1.01139
1.03211
1.05303
1.07417
1.09551
1.11707
1.13883
1.16081
1.183
1.20539
1.228
1.25081
1.27384
1.29707
1.32052
1.34417
1.36804
1.39211
1.4164
1.44089
1.4656
1.49051
1.51564
1.54097
1.56652
1.59228
1.61824
1.64442
1.6708
1.6974
1.7242
1.75122
1.77844
1.80588
1.83352
1.86138
1.88944
1.91772
1.9462
1.9749
2.00381
2.03292
2.06225
2.09178
2.12153
2.15148
2.18165
2.21202
2.24261
2.2734
2.30441
2.33562
2.36705
2.39868
2.43053
2.46258
2.49485
2.52733
2.56001
2.59291
2.62601
2.65933
2.69285
2.72659
2.76053
2.79469
2.82905
2.86363
2.89841
2.93341
2.96861
3.00403
3.03966
3.07549
3.11154
3.14779
3.18426
3.22093
3.25782
3.29491
3.33222
3.36973
3.40746
3.44539
3.48354
3.52189
3.56046
3.59923
3.63822
3.67742
3.71682
3.75644
3.79626
3.8363
3.87654
3.917
3.95766
3.99854
4.03962
4.08092
4.12242
4.16414
4.20606
4.2482
4.29054
4.3331
4.37587
4.41884
4.46203
4.50542
4.54903
4.59284
4.63687
4.6811
4.72555
4.7702
4.81507
4.86014
4.90543
4.95092
4.99663
5.04254
5.08867
5.13501
5.18155
5.22831
5.27527
5.32245
5.36983
5.41743
5.46523
5.51325
5.56147
5.60991
5.65855
5.70741
5.75647
5.80575
5.85524
5.90493
5.95484
6.00495
6.05528
6.10581
6.15656
6.20751
6.25868
6.31005
6.36164
6.41343
6.46544
6.51765
6.57008
6.62271
6.67556
6.72862
6.78188
6.83536
6.88904
6.94294
6.99704
7.05136
7.10588
7.16062
7.21556
7.27072
7.32608
7.38166
7.43744
7.49344
7.54965
7.60606
7.66269
7.71952
7.77657
7.83382
7.89129
7.94896
8.00685
8.06494
8.12325
8.18176
8.24049
8.29942
8.35857
8.41792
8.47749
8.53727
8.59725
8.65745
8.71785
8.77847
8.83929
8.90033
8.96157
9.02303
9.08469
9.14657
9.20865
9.27095
9.33345
9.39617
9.4591
9.52223
9.58558
9.64913
9.7129
9.77687
9.84106
9.90545
9.97006
10.0349
10.0999
10.1651
10.2306
10.2962
10.3621
10.4282
10.4945
10.561
10.6277
10.6946
10.7617
10.829
10.8966
10.9643
11.0323
11.1005
11.1689
11.2375
11.3063
11.3753
11.4445
11.5139
11.5836
11.6534
11.7235
11.7938
11.8643
11.935
12.0059
12.077
12.1483
12.2198
12.2916
12.3635
12.4357
12.5081
12.5807
12.6535
12.7265
12.7997
12.8731
12.9467
13.0206
13.0946
13.1689
13.2434
13.3181
13.393
13.4681
13.5434
13.6189
13.6946
13.7706
13.8467
13.9231
13.9997
14.0765
14.1535
14.2307
14.3081
14.3857
14.4636
14.5416
14.6199
14.6983
14.777
14.8559
14.935
15.0143
15.0938
15.1735
15.2535
15.3336
15.414
15.4945
15.5753
15.6563
15.7375
15.8189
15.9005
15.9823
16.0644
16.1466
16.2291
16.3117
16.3946
16.4777
16.561
16.6445
16.7282
16.8121
16.8963
16.9806
17.0652
17.1499
17.2349
17.3201
17.4055
17.4911
17.5769
17.6629
17.7492
17.8356
17.9223
18.0091
18.0962
18.1835
18.271
18.3587
18.4466
18.5347
18.6231
18.7116
18.8004
18.8893
18.9785
19.0679
19.1575
19.2473
19.3373
19.4275
19.518
19.6086
19.6995
19.7905
19.8818
19.9733
20.065
20.1569
20.249
20.3413
20.4339
20.5266
20.6196
20.7127
20.8061
20.8997
20.9935
21.0875
21.1817
21.2761
21.3708
21.4656
21.5607
21.6559
21.7514
21.8471
21.943
22.0391
22.1354
22.2319
22.3287
22.4256
22.5228
22.6201
22.7177
22.8155
22.9135
23.0117
23.1101
23.2087
23.3076
23.4066
23.5059
23.6053
23.705
23.8049
23.905
24.0053
24.1058
24.2066
24.3075
24.4086
24.51
24.6116
24.7133
24.8153
24.9175
25.0199
25.1225
25.2254
25.3284
25.4316
25.5351
25.6388
25.7426
25.8467
25.951
26.0555
26.1602
26.2652
26.3703
26.4756
26.5812
26.687
26.7929
26.8991
27.0055
27.1121
27.2189
27.326
27.4332
27.5406
27.6483
27.7562
27.8642
27.9725
28.081
28.1897
28.2986
28.4078
28.5171
28.6266
28.7364
28.8464
28.9565
29.0669
29.1775
29.2883
29.3993
29.5106
29.622
29.7336
29.8455
29.9576
30.0698
30.1823
30.295
30.4079
30.521
30.6344
30.7479
30.8616
30.9756
31.0898
31.2041
31.3187
31.4335
31.5485
31.6637
31.7792
31.8948
32.0107
32.1267
32.243
32.3594
32.4761
32.593
32.7101
32.8274
32.945
33.0627
33.1807
33.2988
33.4172
33.5358
33.6545
33.7735
33.8927
34.0122
34.1318
34.2516
34.3717
34.4919
34.6124
34.7331
34.8539
34.975
35.0963
35.2179
35.3396
35.4615
35.5837
35.706
35.8286
35.9514
36.0743
36.1975
36.3209
36.4446
36.5684
36.6924
36.8167
36.9411
37.0658
37.1907
37.3157
37.441
37.5665
37.6923
37.8182
37.9443
38.0707
38.1972
38.324
38.451
38.5781
38.7055
38.8331
38.961
39.089
39.2172
39.3457
39.4743
39.6032
39.7323
39.8616
39.991
40.1208
40.2507
40.3808
40.5111
40.6417
40.7724
40.9034
41.0346
41.166
41.2976
41.4294
41.5614
41.6936
41.826
41.9587
42.0915
42.2246
42.3579
42.4914
42.6251
42.759
42.8931
43.0274
43.1619
43.2967
43.4316
43.5668
43.7022
43.8378
43.9736
44.1096
44.2458
44.3822
44.5188
44.6557
44.7927
44.93
45.0675
45.2052
45.3431
45.4812
45.6195
45.758
45.8967
46.0357
46.1748
46.3142
46.4538
46.5936
46.7336
46.8738
47.0142
47.1548
47.2956
47.4367
47.5779
47.7194
47.8611
48.003
48.1451
48.2874
48.4299
48.5726
48.7155
48.8587
49.002
49.1456
49.2894
49.4334
49.5776
49.722
49.8666
50.0114
50.1564
50.3017
50.4472
50.5928
50.7387
50.8848
51.0311
51.1776
51.3243
51.4712
51.6184
51.7657
51.9133
52.061
52.209
52.3572
52.5056
52.6542
52.803
52.952
53.1013
53.2507
53.4004
53.5502
53.7003
53.8506
54.0011
54.1518
54.3027
54.4538
54.6052
54.7567
54.9085
55.0604
55.2126
55.365
55.5176
55.6704
55.8234
55.9766
56.1301
56.2837
56.4376
56.5916
56.7459
56.9004
57.0551
57.21
57.3651
57.5204
57.676
57.8317
57.9877
58.1438
58.3002
58.4568
58.6136
58.7706
58.9278
59.0852
59.2429
59.4007
59.5588
59.717
59.8755
60.0342
60.1931
60.3522
60.5115
60.671
60.8308
60.9907
61.1509
61.3112
61.4718
61.6326
61.7936
61.9548
62.1162
62.2778
62.4397
62.6017
62.764
62.9264
63.0891
63.252
63.4151
63.5784
63.7419
63.9056
64.0696
64.2337
64.3981
64.5626
64.7274
64.8924
65.0576
65.223
65.3886
65.5544
65.7205
65.8867
66.0532
66.2198
66.3867
66.5538
66.7211
66.8886
67.0563
67.2242
67.3924
67.5607
67.7293
67.898
68.067
68.2362
68.4056
68.5752
68.745
68.9151
69.0853
69.2557
69.4264
69.5973
69.7683
69.9396
70.1111
70.2828
70.4547
70.6269
70.7992
70.9717
71.1445
71.3175
71.4906
71.664
71.8376
72.0114
72.1854
72.3597
72.5341
72.7087
72.8836
73.0587
73.2339
73.4094
73.5851
73.761
73.9371
74.1135
74.29
74.4667
74.6437
74.8209
74.9982
75.1758
75.3536
75.5316
75.7098
75.8883
76.0669
76.2457
76.4248
76.6041
76.7835
76.9632
77.1431
77.3232
77.5035
77.6841
77.8648
78.0457
78.2269
78.4083
78.5898
78.7716
78.9536
79.1358
79.3182
79.5009
79.6837
79.8667
80.05
80.2335
80.4171
80.601
80.7851
80.9694
81.1539
81.3387
81.5236
81.7088
81.8941
82.0797
82.2654
82.4514
82.6376
82.824
83.0106
83.1975
83.3845
83.5718
83.7592
83.9469
84.1348
84.3228
84.5111
84.6996
84.8884
85.0773
85.2664
85.4558
85.6453
85.8351
86.0251
86.2152
86.4056
86.5962
86.7871
86.9781
87.1693
87.3608
87.5524
87.7443
87.9364
88.1286
88.3211
88.5138
88.7068
88.8999
89.0932
89.2868
89.4805
89.6745
89.8687
90.063
90.2576
90.4524
90.6475
90.8427
91.0381
91.2338
91.4296
91.6257
91.822
92.0184
92.2151
92.412
92.6092
92.8065
93.004
93.2018
93.3997
93.5979
93.7963
93.9948
94.1936
94.3927
94.5919
94.7913
94.9909
95.1908
95.3908
95.5911
95.7916
95.9923
96.1931
96.3943
96.5956
96.7971
96.9988
97.2008
97.4029
97.6053
97.8079
98.0107
98.2137
98.4169
98.6203
98.8239
99.0277
99.2318
99.436
99.6405
99.8452
100.05
100.255
100.46
100.666
100.872
101.078
101.284
101.49
101.697
101.903
102.11
102.318
102.525
102.733
102.941
103.149
103.357
103.565
103.774
103.983
104.192
104.401
104.611
104.82
105.03
105.24
105.451
105.661
105.872
106.083
106.294
106.506
106.717
106.929
107.141
107.353
107.566
107.778
107.991
108.204
108.418
108.631
108.845
109.059
109.273
109.487
109.702
109.917
110.132
110.347
110.562
110.778
110.993
111.209
111.426
111.642
111.859
112.076
112.293
112.51
112.727
112.945
113.163
113.381
113.6
113.818
114.037
114.256
114.475
114.694
114.914
115.134
115.354
115.574
115.794
116.015
116.236
116.457
116.678
116.9
117.121
117.343
117.565
117.788
118.01
118.233
118.456
118.679
118.902
119.126
119.35
119.574
119.798
120.022
120.247
120.472
120.697
120.922
121.148
121.373
121.599
121.825
122.051
122.278
122.505
122.732
122.959
123.186
123.414
123.642
123.869
124.098
124.326
124.555
124.784
125.013
125.242
125.471
125.701
125.931
126.161
126.391
126.622
126.852
127.083
127.314
127.546
127.777
128.009
128.241
128.473
128.706
128.938
129.171
129.404
129.637
129.871
130.104
130.338
130.572
130.807
131.041
131.276
131.511
131.746
131.981
132.217
132.453
132.689
132.925
133.161
133.398
133.635
133.872
134.109
134.346
134.584
134.822
135.06
135.298
135.537
135.775
136.014
136.253
136.493
136.732
136.972
137.212
137.452
137.692
137.933
138.174
138.415
138.656
138.897
139.139
139.381
139.623
139.865
140.108
140.35
140.593
140.836
141.08
141.323
141.567
141.811
142.055
142.299
142.544
142.789
143.034
143.279
143.524
143.77
144.016
144.262
144.508
144.755
145.001
145.248
145.495
145.743
145.99
146.238
146.486
146.734
146.982
147.231
147.48
147.729
147.978
148.227
148.477
148.727
148.977
149.227
149.477
149.728
149.979
150.23
150.481
150.733
150.984
151.236
151.488
151.741
151.993
152.246
152.499
152.752
153.006
153.259
153.513
153.767
154.021
154.276
154.531
154.785
155.04
155.296
155.551
155.807
156.063
156.319
156.575
156.832
157.089
157.346
157.603
157.86
158.118
158.376
158.634
158.892
159.15
159.409
159.668
159.927
160.186
160.446
160.705
160.965
161.225
161.486
161.746
162.007
162.268
162.529
162.79
163.052
163.314
163.576
163.838
164.1
164.363
164.626
164.889
165.152
165.416
165.679
165.943
166.207
166.472
166.736
167.001
167.266
167.531
167.796
168.062
168.328
168.594
168.86
169.126
169.393
169.66
169.927
170.194
170.462
170.729
170.997
171.265
171.534
171.802
172.071
172.34
172.609
172.878
173.148
173.418
173.688
173.958
174.228
174.499
174.77
175.041
175.312
175.583
175.855
176.127
176.399
176.671
176.944
177.216
177.489
177.763
178.036
178.309
178.583
178.857
179.131
179.406
179.68
179.955
180.23
180.505
180.781
181.057
181.332
181.608
181.885
182.161
182.438
182.715
182.992
183.269
183.547
183.825
184.103
184.381
184.659
184.938
185.217
185.496
185.775
186.054
186.334
186.614
186.894
187.174
187.455
187.735
188.016
188.297
188.579
188.86
189.142
189.424
189.706
189.988
190.271
190.554
190.837
191.12
191.403
191.687
191.971
192.255
192.539
192.824
193.108
193.393
193.678
193.964
194.249
194.535
194.821
195.107
195.393
195.68
195.967
196.254
196.541
196.828
197.116
197.404
197.692
197.98
198.269
198.557
198.846
199.135
199.425
199.714
200.004
200.294
200.584
200.874
201.165
201.456
201.747
202.038
202.329
202.621
202.913
203.205
203.497
203.789
204.082
204.375
204.668
204.961
205.255
205.548
205.842
206.137
206.431
206.725
207.02
207.315
207.61
207.906
208.201
208.497
208.793
209.089
209.386
209.683
209.979
210.276
210.574
210.871
211.169
211.467
211.765
212.063
212.362
212.661
212.96
213.259
213.558
213.858
214.158
214.458
214.758
215.058
215.359
215.66
215.961
216.262
216.564
216.865
217.167
217.469
217.772
218.074
218.377
218.68
218.983
219.286
219.59
219.894
220.198
220.502
220.806
221.111
221.416
221.721
222.026
222.332
222.637
222.943
223.249
223.556
223.862
224.169
224.476
224.783
225.09
225.398
225.706
226.014
226.322
226.63
226.939
227.248
227.557
227.866
228.176
228.485
228.795
229.105
229.416
229.726
230.037
230.348
230.659
230.97
231.282
231.594
231.906
232.218
232.53
232.843
233.156
233.469
233.782
234.095
234.409
234.723
235.037
235.351
235.666
235.981
236.295
236.611
236.926
237.241
237.557
237.873
238.189
238.506
238.822
239.139
239.456
239.773
240.091
240.409
240.726
241.045
241.363
241.681
242
242.319
242.638
242.957
243.277
243.597
243.917
244.237
244.557
244.878
245.199
245.52
245.841
246.162
246.484
246.806
247.128
247.45
247.773
248.095
248.418
248.741
249.065
249.388
249.712
250.036
250.36
250.684
251.009
251.334
251.659
251.984
252.309
252.635
252.961
253.287
253.613
253.94
254.266
254.593
254.92
255.248
255.575
255.903
256.231
256.559
256.887
257.216
257.545
257.874
258.203
258.532
258.862
259.192
259.522
259.852
260.183
260.513
260.844
261.175
261.507
261.838
262.17
262.502
262.834
263.166
263.499
263.832
264.165
264.498
264.831
265.165
265.499
265.833
266.167
266.501
266.836
267.171
267.506
267.841
268.177
268.513
268.848
269.185
269.521
269.858
270.194
270.531
270.868
271.206
271.543
271.881
272.219
272.558
272.896
273.235
273.573
273.913
274.252
274.591
274.931
275.271
275.611
275.951
276.292
276.633
276.974
277.315
277.656
277.998
278.34
278.682
279.024
279.366
279.709
280.052
280.395
280.738
281.082
281.425
281.769
282.113
282.458
282.802
283.147
283.492
283.837
284.182
284.528
284.874
285.22
285.566
285.912
286.259
286.606
286.953
287.3
287.648
287.995
288.343
288.691
289.04
289.388
289.737
290.086
290.435
290.784
291.134
291.484
291.834
292.184
292.534
292.885
293.236
293.587
293.938
294.29
294.641
294.993
295.345
295.698
296.05
296.403
296.756
297.109
297.462
297.816
298.17
298.524
298.878
299.232
299.587
299.942
300.297
300.652
301.007
301.363
301.719
302.075
302.431
302.788
303.145
303.501
303.859
304.216
304.574
304.931
305.289
305.647
306.006
306.364
306.723
307.082
307.442
307.801
308.161
308.52
308.881
309.241
309.601
309.962
310.323
310.684
311.045
311.407
311.769
312.131
312.493
312.855
313.218
313.581
313.944
314.307
314.67
315.034
315.398
315.762
316.126
316.491
316.855
317.22
317.585
317.951
318.316
318.682
319.048
319.414
319.78
320.147
320.514
320.881
321.248
321.616
321.983
322.351
322.719
323.087
323.456
323.824
324.193
324.562
324.932
325.301
325.671
326.041
326.411
326.782
327.152
327.523
327.894
328.265
328.636
329.008
329.38
329.752
330.124
330.497
330.869
331.242
331.615
331.989
332.362
332.736
333.11
333.484
333.858
334.233
334.608
334.983
335.358
335.733
336.109
336.485
336.861
337.237
337.613
337.99
338.367
338.744
339.121
339.499
339.877
340.255
340.633
341.011
341.39
341.768
342.147
342.526
342.906
343.285
343.665
344.045
344.426
344.806
345.187
345.568
345.949
346.33
346.711
347.093
347.475
347.857
348.239
348.622
349.005
349.388
349.771
350.154
350.538
350.922
351.306
351.69
352.074
352.459
352.844
353.229
353.614
354
354.385
354.771
355.157
355.544
355.93
356.317
356.704
357.091
357.479
357.866
358.254
358.642
359.03
359.419
359.807
360.196
360.585
360.974
361.364
361.753
362.143
362.533
362.924
363.314
363.705
364.096
364.487
364.879
365.27
365.662
366.054
366.446
366.839
367.231
367.624
368.017
368.41
368.804
369.197
369.591
369.985
370.38
370.774
371.169
371.564
371.959
372.354
372.75
373.146
373.542
373.938
374.334
374.731
375.128
375.525
375.922
376.319
376.717
377.115
377.513
377.911
378.31
378.709
379.108
379.507
379.906
380.306
380.705
381.105
381.506
381.906
382.307
382.707
383.108
383.51
383.911
384.313
384.715
385.117
385.519
385.921
386.324
386.727
387.13
387.533
387.937
388.341
388.745
389.149
389.553
389.958
390.363
390.768
391.173
391.578
391.984
392.39
392.796
393.202
393.609
394.015
394.422
394.829
395.237
395.644
396.052
396.46
396.868
397.277
397.685
398.094
398.503
398.912
399.322
399.731
400.141
400.551
400.961
401.372
401.783
402.193
402.605
403.016
403.427
403.839
404.251
404.663
405.076
405.488
405.901
406.314
406.727
407.141
407.554
407.968
408.382
408.796
409.211
409.625
410.04
410.455
410.871
411.286
411.702
412.118
412.534
412.95
413.367
413.784
414.201
414.618
415.035
415.453
415.871
416.289
416.707
417.125
417.544
417.963
418.382
418.801
419.221
419.641
420.061
420.481
420.901
421.322
421.742
422.163
422.585
423.006
423.428
423.849
424.271
424.694
425.116
425.539
425.962
426.385
426.808
427.231
427.655
428.079
428.503
428.928
429.352
429.777
430.202
430.627
431.052
431.478
431.904
432.33
432.756
433.182
433.609
434.036
434.463
434.89
435.318
435.745
436.173
436.601
437.03
437.458
437.887
438.316
438.745
439.175
439.604
440.034
440.464
440.894
441.325
441.755
442.186
442.617
443.048
443.48
443.912
444.343
444.776
445.208
445.64
446.073
446.506
446.939
447.373
447.806
448.24
448.674
449.108
449.543
449.977
450.412
450.847
451.282
451.718
452.153
452.589
453.025
453.462
453.898
454.335
454.772
455.209
455.646
456.084
456.522
456.96
457.398
457.836
458.275
458.714
459.153
459.592
460.032
460.471
460.911
461.351
461.791
462.232
462.673
463.114
463.555
463.996
464.438
464.879
465.321
465.764
466.206
466.649
467.091
467.534
467.978
468.421
468.865
469.309
469.753
470.197
470.641
471.086
471.531
471.976
472.422
472.867
473.313
473.759
474.205
474.651
475.098
475.545
475.992
476.439
476.886
477.334
477.782
478.23
478.678
479.127
479.575
480.024
480.473
480.923
481.372
481.822
482.272
482.722
483.173
483.623
484.074
484.525
484.976
485.428
485.879
486.331
486.783
487.235
487.688
488.141
488.593
489.047
489.5
489.953
490.407
490.861
491.315
491.77
492.224
492.679
493.134
493.589
494.045
494.5
494.956
495.412
495.868
496.325
496.781
497.238
497.695
498.153
498.61
499.068
499.526
499.984
500.442
500.901
501.36
501.819
502.278
502.737
503.197
503.657
504.117
504.577
505.038
505.498
505.959
506.42
506.881
507.343
507.805
508.267
508.729
509.191
509.654
510.116
510.579
511.043
511.506
511.97
512.433
512.897
513.362
513.826
514.291
514.756
515.221
515.686
516.151
516.617
517.083
517.549
518.016
518.482
518.949
519.416
519.883
520.35
520.818
521.286
521.754
522.222
522.69
523.159
523.628
524.097
524.566
525.036
525.505
525.975
526.445
526.916
527.386
527.857
528.328
528.799
529.271
529.742
530.214
530.686
531.158
531.631
532.103
532.576
533.049
533.522
533.996
534.47
534.943
535.418
535.892
536.366
536.841
537.316
537.791
538.267
538.742
539.218
539.694
540.17
540.647
541.123
541.6
542.077
542.554
543.032
543.509
543.987
544.465
544.944
545.422
545.901
546.38
546.859
547.338
547.818
548.298
548.778
549.258
549.738
550.219
550.7
551.181
551.662
552.144
552.625
553.107
553.589
554.071
554.554
555.037
555.52
556.003
556.486
556.97
557.453
557.937
558.422
558.906
559.391
559.875
560.36
560.846
561.331
561.817
562.303
562.789
563.275
563.761
564.248
564.735
565.222
565.71
566.197
566.685
567.173
567.661
568.149
568.638
569.127
569.616
570.105
570.594
571.084
571.574
572.064
572.554
573.045
573.535
574.026
574.518
575.009
575.5
575.992
576.484
576.976
577.469
577.961
578.454
578.947
579.44
579.934
580.427
580.921
581.415
581.909
582.404
582.899
583.393
583.889
584.384
584.879
585.375
585.871
586.367
586.864
587.36
587.857
588.354
588.851
589.349
589.846
590.344
590.842
591.34
591.839
592.338
592.836
593.335
593.835
594.334
594.834
595.334
595.834
596.334
596.835
597.336
597.837
598.338
598.839
599.341
599.843
600.345
600.847
601.35
601.852
602.355
602.858
603.361
603.865
604.369
604.873
605.377
605.881
606.386
606.89
607.395
607.901
608.406
608.912
609.417
609.923
610.43
610.936
611.443
611.95
612.457
612.964
613.471
613.979
614.487
614.995
615.504
616.012
616.521
617.03
617.539
618.048
618.558
619.068
619.578
620.088
620.598
621.109
621.62
622.131
622.642
623.154
623.666
624.177
624.69
625.202
625.714
626.227
626.74
627.253
627.767
628.28
628.794
629.308
629.822
630.337
630.851
631.366
631.881
632.396
632.912
633.428
633.944
634.46
634.976
635.492
636.009
636.526
637.043
637.561
638.078
638.596
639.114
639.632
640.151
640.669
641.188
641.707
642.226
642.746
643.266
643.785
644.306
644.826
645.346
645.867
646.388
646.909
647.43
647.952
648.474
648.996
649.518
650.04
650.563
651.086
651.609
652.132
652.656
653.179
653.703
654.227
654.752
655.276
655.801
656.326
656.851
657.376
657.902
658.427
658.953
659.48
660.006
660.533
661.059
661.586
662.114
662.641
663.169
663.697
664.225
664.753
665.282
665.81
666.339
666.868
667.398
667.927
668.457
668.987
669.517
670.047
670.578
671.109
671.64
672.171
672.702
673.234
673.766
674.298
674.83
675.363
675.896
676.428
676.962
677.495
678.028
678.562
679.096
679.63
680.165
680.699
681.234
681.769
682.304
682.84
683.375
683.911
684.447
684.983
685.52
686.057
686.594
687.131
687.668
688.205
688.743
689.281
689.819
690.358
690.896
691.435
691.974
692.513
693.053
693.592
694.132
694.672
695.212
695.753
696.294
696.834
697.376
697.917
698.458
699
699.542
700.084
700.627
701.169
701.712
702.255
702.798
703.341
703.885
704.429
704.973
705.517
706.062
706.606
707.151
707.696
708.242
708.787
709.333
709.879
710.425
710.971
711.518
712.064
712.611
713.159
713.706
714.254
714.801
715.349
715.898
716.446
716.995
717.544
718.093
718.642
719.192
719.741
720.291
720.841
721.392
721.942
722.493
723.044
723.595
724.146
724.698
725.25
725.802
726.354
726.907
727.459
728.012
728.565
729.118
729.672
730.226
730.779
731.334
731.888
732.442
732.997
733.552
734.107
734.663
735.218
735.774
736.33
736.886
737.443
737.999
738.556
739.113
739.67
740.228
740.786
741.344
741.902
742.46
743.018
743.577
744.136
744.695
745.255
745.814
746.374
746.934
747.494
748.055
748.615
749.176
749.737
750.298
750.86
751.422
751.983
752.546
753.108
753.67
754.233
754.796
755.359
755.923
756.486
757.05
757.614
758.178
758.742
759.307
759.872
760.437
761.002
761.568
762.133
762.699
763.265
763.832
764.398
764.965
765.532
766.099
766.666
767.234
767.801
768.369
768.938
769.506
770.075
770.643
771.212
771.782
772.351
772.921
773.491
774.061
774.631
775.202
775.772
776.343
776.914
777.486
778.057
778.629
779.201
779.773
780.345
780.918
781.491
782.064
782.637
783.211
783.784
784.358
784.932
785.506
786.081
786.656
787.23
787.806
788.381
788.956
789.532
790.108
790.684
791.261
791.837
792.414
792.991
793.568
794.146
794.723
795.301
795.879
796.457
797.036
797.615
798.194
798.773
799.352
799.931
800.511
801.091
801.671
802.252
802.832
803.413
803.994
804.575
805.157
805.738
806.32
806.902
807.484
808.067
808.65
809.232
809.816
810.399
810.982
811.566
812.15
812.734
813.319
813.903
814.488
815.073
815.658
816.243
816.829
817.415
818.001
818.587
819.174
819.76
820.347
820.934
821.522
822.109
822.697
823.285
823.873
824.461
825.05
825.638
826.227
826.817
827.406
827.996
828.585
829.175
829.766
830.356
830.947
831.538
832.129
832.72
833.312
833.903
834.495
835.087
835.68
836.272
836.865
837.458
838.051
838.644
839.238
839.832
840.426
841.02
841.615
842.209
842.804
843.399
843.994
844.59
845.186
845.781
846.378
846.974
847.57
848.167
848.764
849.361
849.959
850.556
851.154
851.752
852.35
852.949
853.547
854.146
854.745
855.345
855.944
856.544
857.144
857.744
858.344
858.945
859.545
860.146
860.747
861.349
861.95
862.552
863.154
863.756
864.359
864.961
865.564
866.167
866.77
867.374
867.978
868.581
869.186
869.79
870.394
870.999
871.604
872.209
872.815
873.42
874.026
874.632
875.238
875.844
876.451
877.058
877.665
878.272
878.88
879.487
880.095
880.703
881.312
881.92
882.529
883.138
883.747
884.356
884.966
885.576
886.185
886.796
887.406
888.017
888.627
889.239
889.85
890.461
891.073
891.685
892.297
892.909
893.522
894.134
894.747
895.36
895.974
896.587
897.201
897.815
898.429
899.043
899.658
900.273
900.888
901.503
902.119
902.734
903.35
903.966
904.582
905.199
905.816
906.432
907.05
907.667
908.284
908.902
909.52
910.138
910.757
911.375
911.994
912.613
913.232
913.852
914.471
915.091
915.711
916.332
916.952
917.573
918.194
918.815
919.436
920.058
920.679
921.301
921.923
922.546
923.168
923.791
924.414
925.037
925.661
926.284
926.908
927.532
928.156
928.781
929.406
930.03
930.656
931.281
931.906
932.532
933.158
933.784
934.411
935.037
935.664
936.291
936.918
937.545
938.173
938.801
939.429
940.057
940.686
941.314
941.943
942.572
943.202
943.831
944.461
945.091
945.721
946.351
946.982
947.613
948.243
948.875
949.506
950.138
950.769
951.402
952.034
952.666
953.299
953.932
954.565
955.198
955.832
956.465
957.099
957.733
958.368
959.002
959.637
960.272
960.907
961.542
962.178
962.814
963.45
964.086
964.723
965.359
965.996
966.633
967.27
967.908
968.546
969.183
969.822
970.46
971.098
971.737
972.376
973.015
973.655
974.294
974.934
975.574
976.214
976.855
977.495
978.136
978.777
979.419
980.06
980.702
981.344
981.986
982.628
983.271
983.913
984.556
985.199
985.843
986.486
987.13
987.774
988.418
989.063
989.707
990.352
990.997
991.642
992.288
992.934
993.579
994.226
994.872
995.518
996.165
996.812
997.459
998.107
998.754
999.402
1000.05
1000.7
1001.35
1002
1002.64
1003.29
1003.94
1004.59
1005.24
1005.89
1006.54
1007.19
1007.84
1008.49
1009.14
1009.79
1010.45
1011.1
1011.75
1012.4
1013.05
1013.71
1014.36
1015.01
1015.66
1016.32
1016.97
1017.62
1018.28
1018.93
1019.59
1020.24
1020.9
1021.55
1022.21
1022.86
1023.52
1024.17
1024.83
1025.49
1026.14
1026.8
1027.45
1028.11
1028.77
1029.43
1030.08
1030.74
1031.4
1032.06
1032.72
1033.38
1034.03
1034.69
1035.35
1036.01
1036.67
1037.33
1037.99
1038.65
1039.31
1039.97
1040.64
1041.3
1041.96
1042.62
1043.28
1043.94
1044.61
1045.27
1045.93
1046.59
1047.26
1047.92
1048.58
1049.25
1049.91
1050.58
1051.24
1051.9
1052.57
1053.23
1053.9
1054.56
1055.23
1055.9
1056.56
1057.23
1057.89
1058.56
1059.23
1059.9
1060.56
1061.23
1061.9
1062.57
1063.23
1063.9
1064.57
1065.24
1065.91
1066.58
1067.25
1067.92
1068.59
1069.26
1069.93
1070.6
1071.27
1071.94
1072.61
1073.28
1073.95
1074.62
1075.3
1075.97
1076.64
1077.31
1077.99
1078.66
1079.33
1080.01
1080.68
1081.35
1082.03
1082.7
1083.38
1084.05
1084.73
1085.4
1086.08
1086.75
1087.43
1088.1
1088.78
1089.46
1090.13
1090.81
1091.49
1092.16
1092.84
1093.52
1094.2
1094.87
1095.55
1096.23
1096.91
1097.59
1098.27
1098.95
1099.63
1100.31
1100.99
1101.67
1102.35
1103.03
1103.71
1104.39
1105.07
1105.75
1106.43
1107.11
1107.8
1108.48
1109.16
1109.84
1110.53
1111.21
1111.89
1112.58
1113.26
1113.94
1114.63
1115.31
1116
1116.68
1117.37
1118.05
1118.74
1119.42
1120.11
1120.79
1121.48
1122.17
1122.85
1123.54
1124.23
1124.91
1125.6
1126.29
1126.98
1127.67
1128.35
1129.04
1129.73
1130.42
1131.11
1131.8
1132.49
1133.18
1133.87
1134.56
1135.25
1135.94
1136.63
1137.32
1138.01
1138.7
1139.4
1140.09
1140.78
1141.47
1142.16
1142.86
1143.55
1144.24
1144.94
1145.63
1146.32
1147.02
1147.71
1148.41
1149.1
1149.8
1150.49
1151.19
1151.88
1152.58
1153.27
1153.97
1154.67
1155.36
1156.06
1156.76
1157.45
1158.15
1158.85
1159.54
1160.24
1160.94
1161.64
1162.34
1163.04
1163.74
1164.44
1165.13
1165.83
1166.53
1167.23
1167.93
1168.63
1169.34
1170.04
1170.74
1171.44
1172.14
1172.84
1173.54
1174.25
1174.95
1175.65
1176.35
1177.06
1177.76
1178.46
1179.17
1179.87
1180.58
1181.28
1181.98
1182.69
1183.39
1184.1
1184.8
1185.51
1186.22
1186.92
1187.63
1188.33
1189.04
1189.75
1190.45
1191.16
1191.87
1192.58
1193.28
1193.99
1194.7
1195.41
1196.12
1196.83
1197.54
1198.24
1198.95
1199.66
1200.37
1201.08
1201.79
1202.51
1203.22
1203.93
1204.64
1205.35
1206.06
1206.77
1207.48
1208.2
1208.91
1209.62
1210.34
1211.05
1211.76
1212.48
1213.19
1213.9
1214.62
1215.33
1216.05
1216.76
1217.48
1218.19
1218.91
1219.62
1220.34
1221.05
1221.77
1222.49
1223.2
1223.92
1224.64
1225.35
1226.07
1226.79
1227.51
1228.23
1228.94
1229.66
1230.38
1231.1
1231.82
1232.54
1233.26
1233.98
1234.7
1235.42
1236.14
1236.86
1237.58
1238.3
1239.02
1239.74
1240.47
1241.19
1241.91
1242.63
1243.35
1244.08
1244.8
1245.52
1246.25
1246.97
1247.69
1248.42
1249.14
1249.87
1250.59
1251.32
1252.04
1252.77
1253.49
1254.22
1254.94
1255.67
1256.4
1257.12
1257.85
1258.58
1259.3
1260.03
1260.76
1261.49
1262.21
1262.94
1263.67
1264.4
1265.13
1265.86
1266.59
1267.32
1268.05
1268.78
1269.51
1270.24
1270.97
1271.7
1272.43
1273.16
1273.89
1274.62
1275.35
1276.09
1276.82
1277.55
1278.28
1279.02
1279.75
1280.48
1281.22
1281.95
1282.68
1283.42
1284.15
1284.89
1285.62
1286.36
1287.09
1287.83
1288.56
1289.3
1290.03
1290.77
1291.51
1292.24
1292.98
1293.72
1294.45
1295.19
1295.93
1296.67
1297.4
1298.14
1298.88
1299.62
1300.36
1301.1
1301.84
1302.58
1303.32
1304.06
1304.8
1305.54
1306.28
1307.02
1307.76
1308.5
1309.24
1309.98
1310.73
1311.47
1312.21
1312.95
1313.7
1314.44
1315.18
1315.92
1316.67
1317.41
1318.16
1318.9
1319.64
1320.39
1321.13
1321.88
1322.62
1323.37
1324.12
1324.86
1325.61
1326.35
1327.1
1327.85
1328.59
1329.34
1330.09
1330.84
1331.58
1332.33
1333.08
1333.83
1334.58
1335.33
1336.07
1336.82
1337.57
1338.32
1339.07
1339.82
1340.57
1341.32
1342.07
1342.82
1343.58
1344.33
1345.08
1345.83
1346.58
1347.33
1348.09
1348.84
1349.59
1350.34
1351.1
1351.85
1352.61
1353.36
1354.11
1354.87
1355.62
1356.38
1357.13
1357.89
1358.64
1359.4
1360.15
1360.91
1361.66
1362.42
1363.18
1363.93
1364.69
1365.45
1366.21
1366.96
1367.72
1368.48
1369.24
1370
1370.75
1371.51
1372.27
1373.03
1373.79
1374.55
1375.31
1376.07
1376.83
1377.59
1378.35
1379.11
1379.88
1380.64
1381.4
1382.16
1382.92
1383.68
1384.45
1385.21
1385.97
1386.74
1387.5
1388.26
1389.03
1389.79
1390.55
1391.32
1392.08
1392.85
1393.61
1394.38
1395.14
1395.91
1396.67
1397.44
1398.21
1398.97
1399.74
1400.51
1401.27
1402.04
1402.81
1403.58
1404.34
1405.11
1405.88
1406.65
1407.42
1408.19
1408.96
1409.72
1410.49
1411.26
1412.03
1412.8
1413.57
1414.35
1415.12
1415.89
1416.66
1417.43
1418.2
1418.97
1419.75
1420.52
1421.29
1422.06
1422.84
1423.61
1424.38
1425.16
1425.93
1426.7
1427.48
1428.25
1429.03
1429.8
1430.58
1431.35
1432.13
1432.9
1433.68
1434.46
1435.23
1436.01
1436.78
1437.56
1438.34
1439.12
1439.89
1440.67
1441.45
1442.23
1443.01
1443.78
1444.56
1445.34
1446.12
1446.9
1447.68
1448.46
1449.24
1450.02
1450.8
1451.58
1452.36
1453.14
1453.93
1454.71
1455.49
1456.27
1457.05
1457.84
1458.62
1459.4
1460.18
1460.97
1461.75
1462.53
1463.32
1464.1
1464.89
1465.67
1466.46
1467.24
1468.03
1468.81
1469.6
1470.38
1471.17
1471.95
1472.74
1473.53
1474.31
1475.1
1475.89
1476.68
1477.46
1478.25
1479.04
1479.83
1480.62
1481.4
1482.19
1482.98
1483.77
1484.56
1485.35
1486.14
1486.93
1487.72
1488.51
1489.3
1490.09
1490.89
1491.68
1492.47
1493.26
1494.05
1494.84
1495.64
1496.43
1497.22
1498.02
1498.81
1499.6
1500.4
1501.19
1501.98
1502.78
1503.57
1504.37
1505.16
1505.96
1506.75
1507.55
1508.34
1509.14
1509.94
1510.73
1511.53
1512.33
1513.12
1513.92
1514.72
1515.52
1516.31
1517.11
1517.91
1518.71
1519.51
1520.31
1521.11
1521.91
1522.71
1523.51
1524.31
1525.11
1525.91
1526.71
1527.51
1528.31
1529.11
1529.91
1530.71
1531.52
1532.32
1533.12
1533.92
1534.72
1535.53
1536.33
1537.13
1537.94
1538.74
1539.55
1540.35
1541.15
1541.96
1542.76
1543.57
1544.37
1545.18
1545.99
1546.79
1547.6
1548.4
1549.21
1550.02
1550.82
1551.63
1552.44
1553.25
1554.05
1554.86
1555.67
1556.48
1557.29
1558.1
1558.91
1559.71
1560.52
1561.33
1562.14
1562.95
1563.76
1564.57
1565.39
1566.2
1567.01
1567.82
1568.63
1569.44
1570.25
1571.07
1571.88
1572.69
1573.5
1574.32
1575.13
1575.94
1576.76
1577.57
1578.39
1579.2
1580.01
1580.83
1581.64
1582.46
1583.27
1584.09
1584.91
1585.72
1586.54
1587.35
1588.17
1588.99
1589.8
1590.62
1591.44
1592.26
1593.08
1593.89
1594.71
1595.53
1596.35
1597.17
1597.99
1598.81
1599.63
1600.45
1601.27
1602.09
1602.91
1603.73
1604.55
1605.37
1606.19
1607.01
1607.83
1608.65
1609.48
1610.3
1611.12
1611.94
1612.77
1613.59
1614.41
1615.24
1616.06
1616.88
1617.71
1618.53
1619.36
1620.18
1621.01
1621.83
1622.66
1623.48
1624.31
1625.14
1625.96
1626.79
1627.62
1628.44
1629.27
1630.1
1630.92
1631.75
1632.58
1633.41
1634.24
1635.07
1635.89
1636.72
1637.55
1638.38
1639.21
1640.04
1640.87
1641.7
1642.53
1643.36
1644.19
1645.02
1645.86
1646.69
1647.52
1648.35
1649.18
1650.02
1650.85
1651.68
1652.51
1653.35
1654.18
1655.01
1655.85
1656.68
1657.52
1658.35
1659.19
1660.02
1660.86
1661.69
1662.53
1663.36
1664.2
1665.03
1665.87
1666.71
1667.54
1668.38
1669.22
1670.06
1670.89
1671.73
1672.57
1673.41
1674.25
1675.08
1675.92
1676.76
1677.6
1678.44
1679.28
1680.12
1680.96
1681.8
1682.64
1683.48
1684.32
1685.16
1686.01
1686.85
1687.69
1688.53
1689.37
1690.22
1691.06
1691.9
1692.74
1693.59
1694.43
1695.28
1696.12
1696.96
1697.81
1698.65
1699.5
1700.34
1701.19
1702.03
1702.88
1703.72
1704.57
1705.42
1706.26
1707.11
1707.96
1708.8
1709.65
1710.5
1711.35
1712.19
1713.04
1713.89
1714.74
1715.59
1716.44
1717.29
1718.13
1718.98
1719.83
1720.68
1721.53
1722.38
1723.24
1724.09
1724.94
1725.79
1726.64
1727.49
1728.34
1729.2
1730.05
1730.9
1731.75
1732.61
1733.46
1734.31
1735.17
1736.02
1736.87
1737.73
1738.58
1739.44
1740.29
1741.15
1742
1742.86
1743.71
1744.57
1745.43
1746.28
1747.14
1748
1748.85
1749.71
1750.57
1751.42
1752.28
1753.14
1754
1754.86
1755.72
1756.57
1757.43
1758.29
1759.15
1760.01
1760.87
1761.73
1762.59
1763.45
1764.31
1765.17
1766.03
1766.9
1767.76
1768.62
1769.48
1770.34
1771.21
1772.07
1772.93
1773.79
1774.66
1775.52
1776.38
1777.25
1778.11
1778.98
1779.84
1780.71
1781.57
1782.44
1783.3
1784.17
1785.03
1785.9
1786.77
1787.63
1788.5
1789.36
1790.23
1791.1
1791.97
1792.83
1793.7
1794.57
1795.44
1796.31
1797.18
1798.04
1798.91
1799.78
1800.65
1801.52
1802.39
1803.26
1804.13
1805
1805.87
1806.75
1807.62
1808.49
1809.36
1810.23
1811.1
1811.98
1812.85
1813.72
1814.59
1815.47
1816.34
1817.21
1818.09
1818.96
1819.84
1820.71
1821.58
1822.46
1823.33
1824.21
1825.08
1825.96
1826.84
1827.71
1828.59
1829.46
1830.34
1831.22
1832.1
1832.97
1833.85
1834.73
1835.61
1836.48
1837.36
1838.24
1839.12
1840
1840.88
1841.76
1842.64
1843.52
1844.4
1845.28
1846.16
1847.04
1847.92
1848.8
1849.68
1850.56
1851.44
1852.33
1853.21
1854.09
1854.97
1855.86
1856.74
1857.62
1858.51
1859.39
1860.27
1861.16
1862.04
1862.93
1863.81
1864.7
1865.58
1866.47
1867.35
1868.24
1869.12
1870.01
1870.9
1871.78
1872.67
1873.56
1874.44
1875.33
1876.22
1877.11
1877.99
1878.88
1879.77
1880.66
1881.55
1882.44
1883.33
1884.22
1885.11
1886
1886.89
1887.78
1888.67
1889.56
1890.45
1891.34
1892.23
1893.12
1894.01
1894.91
1895.8
1896.69
1897.58
1898.48
1899.37
1900.26
1901.16
1902.05
1902.94
1903.84
1904.73
1905.63
1906.52
1907.42
1908.31
1909.21
1910.1
1911
1911.89
1912.79
1913.69
1914.58
1915.48
1916.38
1917.27
1918.17
1919.07
1919.97
1920.87
1921.76
1922.66
1923.56
1924.46
1925.36
1926.26
1927.16
1928.06
1928.96
1929.86
1930.76
1931.66
1932.56
1933.46
1934.36
1935.26
1936.17
1937.07
1937.97
1938.87
1939.77
1940.68
1941.58
1942.48
1943.39
1944.29
1945.19
1946.1
1947
1947.91
1948.81
1949.72
1950.62
1951.53
1952.43
1953.34
1954.24
1955.15
1956.06
1956.96
1957.87
1958.78
1959.68
1960.59
1961.5
1962.4
1963.31
1964.22
1965.13
1966.04
1966.95
1967.86
1968.77
1969.67
1970.58
1971.49
1972.4
1973.31
1974.22
1975.14
1976.05
1976.96
1977.87
1978.78
1979.69
1980.6
1981.52
1982.43
1983.34
1984.25
1985.17
1986.08
1986.99
1987.91
1988.82
1989.74
1990.65
1991.56
1992.48
1993.39
1994.31
1995.22
1996.14
1997.06
1997.97
1998.89
1999.8
2000.72
2001.64
2002.55
2003.47
2004.39
2005.31
2006.22
2007.14
2008.06
2008.98
2009.9
2010.82
2011.74
2012.65
2013.57
2014.49
2015.41
2016.33
2017.25
2018.18
2019.1
2020.02
2020.94
2021.86
2022.78
2023.7
2024.62
2025.55
2026.47
2027.39
2028.32
2029.24
2030.16
2031.09
2032.01
2032.93
2033.86
2034.78
2035.71
2036.63
2037.56
2038.48
2039.41
2040.33
2041.26
2042.18
2043.11
2044.04
2044.96
2045.89
2046.82
2047.74
2048.67
2049.6
2050.53
2051.46
2052.38
2053.31
2054.24
2055.17
2056.1
2057.03
2057.96
2058.89
2059.82
2060.75
2061.68
2062.61
2063.54
2064.47
2065.4
2066.33
2067.27
2068.2
2069.13
2070.06
2070.99
2071.93
2072.86
2073.79
2074.73
2075.66
2076.59
2077.53
2078.46
2079.4
2080.33
2081.27
2082.2
2083.14
2084.07
2085.01
2085.94
2086.88
2087.82
2088.75
2089.69
2090.63
2091.56
2092.5
2093.44
2094.38
2095.31
2096.25
2097.19
2098.13
2099.07
2100.01
2100.95
2101.89
2102.83
2103.77
2104.71
2105.65
2106.59
2107.53
2108.47
2109.41
2110.35
2111.29
2112.23
2113.18
2114.12
2115.06
2116
2116.95
2117.89
2118.83
2119.78
2120.72
2121.66
2122.61
2123.55
2124.5
2125.44
2126.39
2127.33
2128.28
2129.22
2130.17
2131.11
2132.06
2133.01
2133.95
2134.9
2135.85
2136.79
2137.74
2138.69
2139.64
2140.58
2141.53
2142.48
2143.43
2144.38
2145.33
2146.28
2147.23
2148.18
2149.13
2150.08
2151.03
2151.98
2152.93
2153.88
2154.83
2155.78
2156.73
2157.69
2158.64
2159.59
2160.54
2161.5
2162.45
2163.4
2164.35
2165.31
2166.26
2167.22
2168.17
2169.12
2170.08
2171.03
2171.99
2172.94
2173.9
2174.86
2175.81
2176.77
2177.72
2178.68
2179.64
2180.59
2181.55
2182.51
2183.47
2184.42
2185.38
2186.34
2187.3
2188.26
2189.21
2190.17
2191.13
2192.09
2193.05
2194.01
2194.97
2195.93
2196.89
2197.85
2198.81
2199.78
2200.74
2201.7
2202.66
2203.62
2204.58
2205.55
2206.51
2207.47
2208.43
2209.4
2210.36
2211.33
2212.29
2213.25
2214.22
2215.18
2216.15
2217.11
2218.08
2219.04
2220.01
2220.97
2221.94
2222.9
2223.87
2224.84
2225.8
2226.77
2227.74
2228.71
2229.67
2230.64
2231.61
2232.58
2233.55
2234.51
2235.48
2236.45
2237.42
2238.39
2239.36
2240.33
2241.3
2242.27
2243.24
2244.21
2245.18
2246.15
2247.13
2248.1
2249.07
2250.04
2251.01
2251.99
2252.96
2253.93
2254.91
2255.88
2256.85
2257.83
2258.8
2259.77
2260.75
2261.72
2262.7
2263.67
2264.65
2265.62
2266.6
2267.57
2268.55
2269.53
2270.5
2271.48
2272.46
2273.43
2274.41
2275.39
2276.37
2277.34
2278.32
2279.3
2280.28
2281.26
2282.24
2283.22
2284.19
2285.17
2286.15
2287.13
2288.11
2289.09
2290.08
2291.06
2292.04
2293.02
2294
2294.98
2295.96
2296.95
2297.93
2298.91
2299.89
2300.88
2301.86
2302.84
2303.83
2304.81
2305.79
2306.78
2307.76
2308.75
2309.73
2310.72
2311.7
2312.69
2313.67
2314.66
2315.65
2316.63
2317.62
2318.6
2319.59
2320.58
2321.57
2322.55
2323.54
2324.53
2325.52
2326.51
2327.49
2328.48
2329.47
2330.46
2331.45
2332.44
2333.43
2334.42
2335.41
2336.4
2337.39
2338.38
2339.37
2340.37
2341.36
2342.35
2343.34
2344.33
2345.33
2346.32
2347.31
2348.3
2349.3
2350.29
2351.28
2352.28
2353.27
2354.27
2355.26
2356.26
2357.25
2358.25
2359.24
2360.24
2361.23
2362.23
2363.22
2364.22
2365.22
2366.21
2367.21
2368.21
2369.21
2370.2
2371.2
2372.2
2373.2
2374.2
2375.19
2376.19
2377.19
2378.19
2379.19
2380.19
2381.19
2382.19
2383.19
2384.19
2385.19
2386.19
2387.2
2388.2
2389.2
2390.2
2391.2
2392.2
2393.21
2394.21
2395.21
2396.22
2397.22
2398.22
2399.23
2400.23
2401.23
2402.24
2403.24
2404.25
2405.25
2406.26
2407.26
2408.27
2409.27
2410.28
2411.29
2412.29
2413.3
2414.31
2415.31
2416.32
2417.33
2418.34
2419.34
2420.35
2421.36
2422.37
2423.38
2424.39
2425.4
2426.41
2427.42
2428.43
2429.44
2430.45
2431.46
2432.47
2433.48
2434.49
2435.5
2436.51
2437.52
2438.54
2439.55
2440.56
2441.57
2442.58
2443.6
2444.61
2445.62
2446.64
2447.65
2448.67
2449.68
2450.69
2451.71
2452.72
2453.74
2454.75
2455.77
2456.79
2457.8
2458.82
2459.83
2460.85
2461.87
2462.88
2463.9
2464.92
2465.94
2466.95
2467.97
2468.99
2470.01
2471.03
2472.05
2473.07
2474.08
2475.1
2476.12
2477.14
2478.16
2479.18
2480.2
2481.23
2482.25
2483.27
2484.29
2485.31
2486.33
2487.35
2488.38
2489.4
2490.42
2491.44
2492.47
2493.49
2494.51
2495.54
2496.56
2497.59
2498.61
2499.63
2500.66
2501.68
2502.71
2503.73
2504.76
2505.79
2506.81
2507.84
2508.86
2509.89
2510.92
2511.94
2512.97
2514
2515.03
2516.06
2517.08
2518.11
2519.14
2520.17
2521.2
2522.23
2523.26
2524.29
2525.32
2526.35
2527.38
2528.41
2529.44
2530.47
2531.5
2532.53
2533.56
2534.59
2535.62
2536.66
2537.69
2538.72
2539.75
2540.79
2541.82
2542.85
2543.89
2544.92
2545.95
2546.99
2548.02
2549.06
2550.09
2551.13
2552.16
2553.2
2554.23
2555.27
2556.31
2557.34
2558.38
2559.42
2560.45
2561.49
2562.53
2563.56
2564.6
2565.64
2566.68
2567.72
2568.76
2569.79
2570.83
2571.87
2572.91
2573.95
2574.99
2576.03
2577.07
2578.11
2579.15
2580.19
2581.23
2582.28
2583.32
2584.36
2585.4
2586.44
2587.49
2588.53
2589.57
2590.61
2591.66
2592.7
2593.74
2594.79
2595.83
2596.88
2597.92
2598.97
2600.01
2601.06
2602.1
2603.15
2604.19
2605.24
2606.28
2607.33
2608.38
2609.42
2610.47
2611.52
2612.57
2613.61
2614.66
2615.71
2616.76
2617.81
2618.85
2619.9
2620.95
2622
2623.05
2624.1
2625.15
2626.2
2627.25
2628.3
2629.35
2630.4
2631.45
2632.51
2633.56
2634.61
2635.66
2636.71
2637.77
2638.82
2639.87
2640.92
2641.98
2643.03
2644.09
2645.14
2646.19
2647.25
2648.3
2649.36
2650.41
2651.47
2652.52
2653.58
2654.63
2655.69
2656.75
2657.8
2658.86
2659.92
2660.97
2662.03
2663.09
2664.15
2665.2
2666.26
2667.32
2668.38
2669.44
2670.5
2671.56
2672.61
2673.67
2674.73
2675.79
2676.85
2677.91
2678.98
2680.04
2681.1
2682.16
2683.22
2684.28
2685.34
2686.41
2687.47
2688.53
2689.59
2690.66
2691.72
2692.78
2693.85
2694.91
2695.97
2697.04
2698.1
2699.17
2700.23
2701.3
2702.36
2703.43
2704.49
2705.56
2706.63
2707.69
2708.76
2709.82
2710.89
2711.96
2713.03
2714.09
2715.16
2716.23
2717.3
2718.37
2719.43
2720.5
2721.57
2722.64
2723.71
2724.78
2725.85
2726.92
2727.99
2729.06
2730.13
2731.2
2732.27
2733.35
2734.42
2735.49
2736.56
2737.63
2738.71
2739.78
2740.85
2741.92
2743
2744.07
2745.14
2746.22
2747.29
2748.37
2749.44
2750.52
2751.59
2752.67
2753.74
2754.82
2755.89
2756.97
2758.04
2759.12
2760.2
2761.27
2762.35
2763.43
2764.51
2765.58
2766.66
2767.74
2768.82
2769.9
2770.98
2772.05
2773.13
2774.21
2775.29
2776.37
2777.45
2778.53
2779.61
2780.69
2781.77
2782.85
2783.94
2785.02
2786.1
2787.18
2788.26
2789.35
2790.43
2791.51
2792.59
2793.68
2794.76
2795.84
2796.93
2798.01
2799.1
2800.18
2801.26
2802.35
2803.43
2804.52
2805.6
2806.69
2807.78
2808.86
2809.95
2811.03
2812.12
2813.21
2814.3
2815.38
2816.47
2817.56
2818.65
2819.73
2820.82
2821.91
2823
2824.09
2825.18
2826.27
2827.36
2828.45
2829.54
2830.63
2831.72
2832.81
2833.9
2834.99
2836.08
2837.17
2838.26
2839.36
2840.45
2841.54
2842.63
2843.73
2844.82
2845.91
2847.01
2848.1
2849.19
2850.29
2851.38
2852.48
2853.57
2854.67
2855.76
2856.86
2857.95
2859.05
2860.14
2861.24
2862.34
2863.43
2864.53
2865.63
2866.72
2867.82
2868.92
2870.02
2871.11
2872.21
2873.31
2874.41
2875.51
2876.61
2877.71
2878.81
2879.91
2881.01
2882.11
2883.21
2884.31
2885.41
2886.51
2887.61
2888.71
2889.81
2890.91
2892.02
2893.12
2894.22
2895.32
2896.43
2897.53
2898.63
2899.74
2900.84
2901.94
2903.05
2904.15
2905.26
2906.36
2907.47
2908.57
2909.68
2910.78
2911.89
2912.99
2914.1
2915.21
2916.31
2917.42
2918.53
2919.63
2920.74
2921.85
2922.96
2924.07
2925.17
2926.28
2927.39
2928.5
2929.61
2930.72
2931.83
2932.94
2934.05
2935.16
2936.27
2937.38
2938.49
2939.6
2940.71
2941.82
2942.94
2944.05
2945.16
2946.27
2947.38
2948.5
2949.61
2950.72
2951.84
2952.95
2954.06
2955.18
2956.29
2957.41
2958.52
2959.64
2960.75
2961.87
2962.98
2964.1
2965.21
2966.33
2967.44
2968.56
2969.68
2970.79
2971.91
2973.03
2974.15
2975.26
2976.38
2977.5
2978.62
2979.74
2980.86
2981.98
2983.09
2984.21
2985.33
2986.45
2987.57
2988.69
2989.81
2990.94
2992.06
2993.18
2994.3
2995.42
2996.54
2997.66
2998.79
2999.91
3001.03
3002.15
3003.28
3004.4
3005.52
3006.65
3007.77
3008.89
3010.02
3011.14
3012.27
3013.39
3014.52
3015.64
3016.77
3017.89
3019.02
3020.15
3021.27
3022.4
3023.53
3024.65
3025.78
3026.91
3028.04
3029.16
3030.29
3031.42
3032.55
3033.68
3034.81
3035.94
3037.06
3038.19
3039.32
3040.45
3041.58
3042.71
3043.84
3044.98
3046.11
3047.24
3048.37
3049.5
3050.63
3051.76
3052.9
3054.03
3055.16
3056.29
3057.43
3058.56
3059.69
3060.83
3061.96
3063.1
3064.23
3065.37
3066.5
3067.64
3068.77
3069.91
3071.04
3072.18
3073.31
3074.45
3075.59
3076.72
3077.86
3079
3080.13
3081.27
3082.41
3083.55
3084.68
3085.82
3086.96
3088.1
3089.24
3090.38
3091.52
3092.66
3093.8
3094.94
3096.08
3097.22
3098.36
3099.5
3100.64
3101.78
3102.92
3104.07
3105.21
3106.35
3107.49
3108.63
3109.78
3110.92
3112.06
3113.21
3114.35
3115.49
3116.64
3117.78
3118.93
3120.07
3121.22
3122.36
3123.51
3124.65
3125.8
3126.94
3128.09
3129.24
3130.38
3131.53
3132.68
3133.82
3134.97
3136.12
3137.27
3138.41
3139.56
3140.71
3141.86
3143.01
3144.16
3145.31
3146.46
3147.61
3148.76
3149.91
3151.06
3152.21
3153.36
3154.51
3155.66
3156.81
3157.96
3159.11
3160.27
3161.42
3162.57
3163.72
3164.88
3166.03
3167.18
3168.34
3169.49
3170.64
3171.8
3172.95
3174.11
3175.26
3176.42
3177.57
3178.73
3179.88
3181.04
3182.19
3183.35
3184.51
3185.66
3186.82
3187.98
3189.13
3190.29
3191.45
3192.61
3193.76
3194.92
3196.08
3197.24
3198.4
3199.56
3200.72
3201.88
3203.04
3204.2
3205.36
3206.52
3207.68
3208.84
3210
3211.16
3212.32
3213.48
3214.65
3215.81
3216.97
3218.13
3219.3
3220.46
3221.62
3222.78
3223.95
3225.11
3226.28
3227.44
3228.6
3229.77
3230.93
3232.1
3233.26
3234.43
3235.59
3236.76
3237.93
3239.09
3240.26
3241.43
3242.59
3243.76
3244.93
3246.1
3247.26
3248.43
3249.6
3250.77
3251.94
3253.1
3254.27
3255.44
3256.61
3257.78
3258.95
3260.12
3261.29
3262.46
3263.63
3264.8
3265.98
3267.15
3268.32
3269.49
3270.66
3271.83
3273.01
3274.18
3275.35
3276.52
3277.7
3278.87
3280.04
3281.22
3282.39
3283.57
3284.74
3285.92
3287.09
3288.27
3289.44
3290.62
3291.79
3292.97
3294.14
3295.32
3296.5
3297.67
3298.85
3300.03
3301.21
3302.38
3303.56
3304.74
3305.92
3307.1
3308.27
3309.45
3310.63
3311.81
3312.99
3314.17
3315.35
3316.53
3317.71
3318.89
3320.07
3321.25
3322.43
3323.62
3324.8
3325.98
3327.16
3328.34
3329.53
3330.71
3331.89
3333.07
3334.26
3335.44
3336.63
3337.81
3338.99
3340.18
3341.36
3342.55
3343.73
3344.92
3346.1
3347.29
3348.47
3349.66
3350.85
3352.03
3353.22
3354.41
3355.59
3356.78
3357.97
3359.16
3360.34
3361.53
3362.72
3363.91
3365.1
3366.29
3367.47
3368.66
3369.85
3371.04
3372.23
3373.42
3374.61
3375.8
3377
3378.19
3379.38
3380.57
3381.76
3382.95
3384.15
3385.34
3386.53
3387.72
3388.92
3390.11
3391.3
3392.5
3393.69
3394.88
3396.08
3397.27
3398.47
3399.66
3400.86
3402.05
3403.25
3404.44
3405.64
3406.83
3408.03
3409.23
3410.42
3411.62
3412.82
3414.02
3415.21
3416.41
3417.61
3418.81
3420.01
3421.2
3422.4
3423.6
3424.8
3426
3427.2
3428.4
3429.6
3430.8
3432
3433.2
3434.4
3435.6
3436.81
3438.01
3439.21
3440.41
3441.61
3442.81
3444.02
3445.22
3446.42
3447.63
3448.83
3450.03
3451.24
3452.44
3453.65
3454.85
3456.06
3457.26
3458.47
3459.67
3460.88
3462.08
3463.29
3464.49
3465.7
3466.91
3468.11
3469.32
3470.53
3471.74
3472.94
3474.15
3475.36
3476.57
3477.78
3478.98
3480.19
3481.4
3482.61
3483.82
3485.03
3486.24
3487.45
3488.66
3489.87
3491.08
3492.29
3493.5
3494.72
3495.93
3497.14
3498.35
3499.56
3500.78
3501.99
3503.2
3504.42
3505.63
3506.84
3508.06
3509.27
3510.48
3511.7
3512.91
3514.13
3515.34
3516.56
3517.77
3518.99
3520.2
3521.42
3522.64
3523.85
3525.07
3526.29
3527.5
3528.72
3529.94
3531.16
3532.37
3533.59
3534.81
3536.03
3537.25
3538.47
3539.69
3540.91
3542.13
3543.34
3544.56
3545.79
3547.01
3548.23
3549.45
3550.67
3551.89
3553.11
3554.33
3555.55
3556.78
3558
3559.22
3560.44
3561.67
3562.89
3564.11
3565.34
3566.56
3567.79
3569.01
3570.23
3571.46
3572.68
3573.91
3575.13
3576.36
3577.59
3578.81
3580.04
3581.26
3582.49
3583.72
3584.94
3586.17
3587.4
3588.63
3589.85
3591.08
3592.31
3593.54
3594.77
3596
3597.22
3598.45
3599.68
3600.91
3602.14
3603.37
3604.6
3605.83
3607.06
3608.3
3609.53
3610.76
3611.99
3613.22
3614.45
3615.69
3616.92
3618.15
3619.38
3620.62
3621.85
3623.08
3624.32
3625.55
3626.78
3628.02
3629.25
3630.49
3631.72
3632.96
3634.19
3635.43
3636.67
3637.9
3639.14
3640.37
3641.61
3642.85
3644.08
3645.32
3646.56
3647.8
3649.03
3650.27
3651.51
3652.75
3653.99
3655.23
3656.47
3657.71
3658.95
3660.18
3661.42
3662.67
3663.91
3665.15
3666.39
3667.63
3668.87
3670.11
3671.35
3672.59
3673.84
3675.08
3676.32
3677.56
3678.81
3680.05
3681.29
3682.54
3683.78
3685.02
3686.27
3687.51
3688.76
3690
3691.25
3692.49
3693.74
3694.98
3696.23
3697.48
3698.72
3699.97
3701.21
3702.46
3703.71
3704.96
3706.2
3707.45
3708.7
3709.95
3711.2
3712.44
3713.69
3714.94
3716.19
3717.44
3718.69
3719.94
3721.19
3722.44
3723.69
3724.94
3726.19
3727.44
3728.7
3729.95
3731.2
3732.45
3733.7
3734.96
3736.21
3737.46
3738.71
3739.97
3741.22
3742.47
3743.73
3744.98
3746.24
3747.49
3748.74
3750
3751.25
3752.51
3753.77
3755.02
3756.28
3757.53
3758.79
3760.05
3761.3
3762.56
3763.82
3765.07
3766.33
3767.59
3768.85
3770.11
3771.37
3772.62
3773.88
3775.14
3776.4
3777.66
3778.92
3780.18
3781.44
3782.7
3783.96
3785.22
3786.48
3787.74
3789.01
3790.27
3791.53
3792.79
3794.05
3795.32
3796.58
3797.84
3799.1
3800.37
3801.63
3802.89
3804.16
3805.42
3806.69
3807.95
3809.22
3810.48
3811.75
3813.01
3814.28
3815.54
3816.81
3818.08
3819.34
3820.61
3821.88
3823.14
3824.41
3825.68
3826.94
3828.21
3829.48
3830.75
3832.02
3833.29
3834.56
3835.82
3837.09
3838.36
3839.63
3840.9
3842.17
3843.44
3844.71
3845.99
3847.26
3848.53
3849.8
3851.07
3852.34
3853.61
3854.89
3856.16
3857.43
3858.71
3859.98
3861.25
3862.53
3863.8
3865.07
3866.35
3867.62
3868.9
3870.17
3871.45
3872.72
3874
3875.27
3876.55
3877.82
3879.1
3880.38
3881.65
3882.93
3884.21
3885.49
3886.76
3888.04
3889.32
3890.6
3891.88
3893.15
3894.43
3895.71
3896.99
3898.27
3899.55
3900.83
3902.11
3903.39
3904.67
3905.95
3907.23
3908.51
3909.8
3911.08
3912.36
3913.64
3914.92
3916.21
3917.49
3918.77
3920.05
3921.34
3922.62
3923.9
3925.19
3926.47
3927.76
3929.04
3930.33
3931.61
3932.9
3934.18
3935.47
3936.75
3938.04
3939.32
3940.61
3941.9
3943.18
3944.47
3945.76
3947.05
3948.33
3949.62
3950.91
3952.2
3953.49
3954.77
3956.06
3957.35
3958.64
3959.93
3961.22
3962.51
3963.8
3965.09
3966.38
3967.67
3968.96
3970.26
3971.55
3972.84
3974.13
3975.42
3976.71
3978.01
3979.3
3980.59
3981.89
3983.18
3984.47
3985.77
3987.06
3988.35
3989.65
3990.94
3992.24
3993.53
3994.83
3996.12
3997.42
3998.72
4000.01
4001.31
4002.6
4003.9
4005.2
4006.49
4007.79
4009.09
4010.39
4011.69
4012.98
4014.28
4015.58
4016.88
4018.18
4019.48
4020.78
4022.08
4023.38
4024.68
4025.98
4027.28
4028.58
4029.88
4031.18
4032.48
4033.78
4035.08
4036.39
4037.69
4038.99
4040.29
4041.6
4042.9
4044.2
4045.51
4046.81
4048.11
4049.42
4050.72
4052.03
4053.33
4054.63
4055.94
4057.25
4058.55
4059.86
4061.16
4062.47
4063.77
4065.08
4066.39
4067.7
4069
4070.31
4071.62
4072.93
4074.23
4075.54
4076.85
4078.16
4079.47
4080.78
4082.09
4083.4
4084.7
4086.01
4087.32
4088.64
4089.95
4091.26
4092.57
4093.88
4095.19
4096.5
4097.81
4099.13
4100.44
4101.75
4103.06
4104.38
4105.69
4107
4108.32
4109.63
4110.94
4112.26
4113.57
4114.89
4116.2
4117.52
4118.83
4120.15
4121.46
4122.78
4124.09
4125.41
4126.73
4128.04
4129.36
4130.68
4131.99
4133.31
4134.63
4135.95
4137.26
4138.58
4139.9
4141.22
4142.54
4143.86
4145.18
4146.5
4147.82
4149.14
4150.46
4151.78
4153.1
4154.42
4155.74
4157.06
4158.38
4159.7
4161.03
4162.35
4163.67
4164.99
4166.32
4167.64
4168.96
4170.29
4171.61
4172.93
4174.26
4175.58
4176.91
4178.23
4179.55
4180.88
4182.2
4183.53
4184.86
4186.18
4187.51
4188.83
4190.16
4191.49
4192.81
4194.14
4195.47
4196.8
4198.12
4199.45
4200.78
4202.11
4203.44
4204.77
4206.1
4207.42
4208.75
4210.08
4211.41
4212.74
4214.07
4215.4
4216.73
4218.07
4219.4
4220.73
4222.06
4223.39
4224.72
4226.06
4227.39
4228.72
4230.05
4231.39
4232.72
4234.05
4235.39
4236.72
4238.05
4239.39
4240.72
4242.06
4243.39
4244.73
4246.06
4247.4
4248.73
4250.07
4251.41
4252.74
4254.08
4255.42
4256.75
4258.09
4259.43
4260.77
4262.1
4263.44
4264.78
4266.12
4267.46
4268.8
4270.13
4271.47
4272.81
4274.15
4275.49
4276.83
4278.17
4279.51
4280.85
4282.2
4283.54
4284.88
4286.22
4287.56
4288.9
4290.25
4291.59
4292.93
4294.27
4295.62
4296.96
4298.3
4299.65
4300.99
4302.34
4303.68
4305.02
4306.37
4307.71
4309.06
4310.41
4311.75
4313.1
4314.44
4315.79
4317.14
4318.48
4319.83
4321.18
4322.52
4323.87
4325.22
4326.57
4327.91
4329.26
4330.61
4331.96
4333.31
4334.66
4336.01
4337.36
4338.71
4340.06
4341.41
4342.76
4344.11
4345.46
4346.81
4348.16
4349.51
4350.86
4352.22
4353.57
4354.92
4356.27
4357.63
4358.98
4360.33
4361.69
4363.04
4364.39
4365.75
4367.1
4368.46
4369.81
4371.17
4372.52
4373.88
4375.23
4376.59
4377.94
4379.3
4380.66
4382.01
4383.37
4384.73
4386.08
4387.44
4388.8
4390.16
4391.51
4392.87
4394.23
4395.59
4396.95
4398.31
4399.67
4401.02
4402.38
4403.74
4405.1
4406.46
4407.83
4409.19
4410.55
4411.91
4413.27
4414.63
4415.99
4417.35
4418.72
4420.08
4421.44
4422.8
4424.17
4425.53
4426.89
4428.26
4429.62
4430.99
4432.35
4433.72
4435.08
4436.44
4437.81
4439.18
4440.54
4441.91
4443.27
4444.64
4446.01
4447.37
4448.74
4450.11
4451.47
4452.84
4454.21
4455.58
4456.94
4458.31
4459.68
4461.05
4462.42
4463.79
4465.16
4466.53
4467.9
4469.27
4470.64
4472.01
4473.38
4474.75
4476.12
4477.49
4478.86
4480.23
4481.61
4482.98
4484.35
4485.72
4487.09
4488.47
4489.84
4491.21
4492.59
4493.96
4495.34
4496.71
4498.08
4499.46
4500.83
4502.21
4503.58
4504.96
4506.33
4507.71
4509.09
4510.46
4511.84
4513.22
4514.59
4515.97
4517.35
4518.72
4520.1
4521.48
4522.86
4524.24
4525.62
4526.99
4528.37
4529.75
4531.13
4532.51
4533.89
4535.27
4536.65
4538.03
4539.41
4540.79
4542.17
4543.56
4544.94
4546.32
4547.7
4549.08
4550.47
4551.85
4553.23
4554.61
4556
4557.38
4558.76
4560.15
4561.53
4562.92
4564.3
4565.69
4567.07
4568.46
4569.84
4571.23
4572.61
4574
4575.38
4576.77
4578.16
4579.54
4580.93
4582.32
4583.71
4585.09
4586.48
4587.87
4589.26
4590.65
4592.03
4593.42
4594.81
4596.2
4597.59
4598.98
4600.37
4601.76
4603.15
4604.54
4605.93
4607.32
4608.71
4610.11
4611.5
4612.89
4614.28
4615.67
4617.07
4618.46
4619.85
4621.24
4622.64
4624.03
4625.42
4626.82
4628.21
4629.61
4631
4632.4
4633.79
4635.19
4636.58
4637.98
4639.37
4640.77
4642.17
4643.56
4644.96
4646.36
4647.75
4649.15
4650.55
4651.94
4653.34
4654.74
4656.14
4657.54
4658.94
4660.34
4661.73
4663.13
4664.53
4665.93
4667.33
4668.73
4670.13
4671.53
4672.94
4674.34
4675.74
4677.14
4678.54
4679.94
4681.34
4682.75
4684.15
4685.55
4686.95
4688.36
4689.76
4691.16
4692.57
4693.97
4695.38
4696.78
4698.19
4699.59
4701
4702.4
4703.81
4705.21
4706.62
4708.02
4709.43
4710.84
4712.24
4713.65
4715.06
4716.47
4717.87
4719.28
4720.69
4722.1
4723.5
4724.91
4726.32
4727.73
4729.14
4730.55
4731.96
4733.37
4734.78
4736.19
4737.6
4739.01
4740.42
4741.83
4743.24
4744.66
4746.07
4747.48
4748.89
4750.3
4751.72
4753.13
4754.54
4755.96
4757.37
4758.78
4760.2
4761.61
4763.03
4764.44
4765.85
4767.27
4768.68
4770.1
4771.52
4772.93
4774.35
4775.76
4777.18
4778.6
4780.01
4781.43
4782.85
4784.26
4785.68
4787.1
4788.52
4789.94
4791.35
4792.77
4794.19
4795.61
4797.03
4798.45
4799.87
4801.29
4802.71
4804.13
4805.55
4806.97
4808.39
4809.81
4811.24
4812.66
4814.08
4815.5
4816.92
4818.35
4819.77
4821.19
4822.61
4824.04
4825.46
4826.88
4828.31
4829.73
4831.16
4832.58
4834.01
4835.43
4836.86
4838.28
4839.71
4841.13
4842.56
4843.99
4845.41
4846.84
4848.27
4849.69
4851.12
4852.55
4853.98
4855.4
4856.83
4858.26
4859.69
4861.12
4862.55
4863.98
4865.4
4866.83
4868.26
4869.69
4871.12
4872.55
4873.99
4875.42
4876.85
4878.28
4879.71
4881.14
4882.57
4884.01
4885.44
4886.87
4888.3
4889.74
4891.17
4892.6
4894.04
4895.47
4896.9
4898.34
4899.77
4901.21
4902.64
4904.08
4905.51
4906.95
4908.38
4909.82
4911.26
4912.69
4914.13
4915.57
4917
4918.44
4919.88
4921.32
4922.75
4924.19
4925.63
4927.07
4928.51
4929.94
4931.38
4932.82
4934.26
4935.7
4937.14
4938.58
4940.02
4941.46
4942.9
4944.34
4945.79
4947.23
4948.67
4950.11
4951.55
4952.99
4954.44
4955.88
4957.32
4958.77
4960.21
4961.65
4963.1
4964.54
4965.98
4967.43
4968.87
4970.32
4971.76
4973.21
4974.65
4976.1
4977.54
4978.99
4980.44
4981.88
4983.33
4984.78
4986.22
4987.67
4989.12
4990.57
4992.01
4993.46
4994.91
4996.36
4997.81
4999.26
5000.71
5002.15
5003.6
5005.05
5006.5
5007.95
5009.4
5010.86
5012.31
5013.76
5015.21
5016.66
5018.11
5019.56
5021.02
5022.47
5023.92
5025.37
5026.83
5028.28
5029.73
5031.19
5032.64
5034.09
5035.55
5037
5038.46
5039.91
5041.37
5042.82
5044.28
5045.73
5047.19
5048.64
5050.1
5051.56
5053.01
5054.47
5055.93
5057.39
5058.84
5060.3
5061.76
5063.22
5064.68
5066.13
5067.59
5069.05
5070.51
5071.97
5073.43
5074.89
5076.35
5077.81
5079.27
5080.73
5082.19
5083.65
5085.11
5086.58
5088.04
5089.5
5090.96
5092.42
5093.89
5095.35
5096.81
5098.28
5099.74
5101.2
5102.67
5104.13
5105.6
5107.06
5108.52
5109.99
5111.45
5112.92
5114.39
5115.85
5117.32
5118.78
5120.25
5121.72
5123.18
5124.65
5126.12
5127.58
5129.05
5130.52
5131.99
5133.46
5134.92
5136.39
5137.86
5139.33
5140.8
5142.27
5143.74
5145.21
5146.68
5148.15
5149.62
5151.09
5152.56
5154.03
5155.5
5156.98
5158.45
5159.92
5161.39
5162.86
5164.34
5165.81
5167.28
5168.76
5170.23
5171.7
5173.18
5174.65
5176.13
5177.6
5179.08
5180.55
5182.03
5183.5
5184.98
5186.45
5187.93
5189.4
5190.88
5192.36
5193.83
5195.31
5196.79
5198.27
5199.74
5201.22
5202.7
5204.18
5205.66
5207.14
5208.61
5210.09
5211.57
5213.05
5214.53
5216.01
5217.49
5218.97
5220.45
5221.93
5223.42
5224.9
5226.38
5227.86
5229.34
5230.82
5232.31
5233.79
5235.27
5236.75
5238.24
5239.72
5241.2
5242.69
5244.17
5245.66
5247.14
5248.63
5250.11
5251.6
5253.08
5254.57
5256.05
5257.54
5259.02
5260.51
5262
5263.48
5264.97
5266.46
5267.95
5269.43
5270.92
5272.41
5273.9
5275.38
5276.87
5278.36
5279.85
5281.34
5282.83
5284.32
5285.81
5287.3
5288.79
5290.28
5291.77
5293.26
5294.75
5296.24
5297.74
5299.23
5300.72
5302.21
5303.7
5305.2
5306.69
5308.18
5309.68
5311.17
5312.66
5314.16
5315.65
5317.15
5318.64
5320.13
5321.63
5323.12
5324.62
5326.12
5327.61
5329.11
5330.6
5332.1
5333.6
5335.09
5336.59
5338.09
5339.59
5341.08
5342.58
5344.08
5345.58
5347.08
5348.57
5350.07
5351.57
5353.07
5354.57
5356.07
5357.57
5359.07
5360.57
5362.07
5363.57
5365.07
5366.57
5368.08
5369.58
5371.08
5372.58
5374.08
5375.59
5377.09
5378.59
5380.1
5381.6
5383.1
5384.61
5386.11
5387.61
5389.12
5390.62
5392.13
5393.63
5395.14
5396.64
5398.15
5399.65
5401.16
5402.67
5404.17
5405.68
5407.19
5408.69
5410.2
5411.71
5413.22
5414.72
5416.23
5417.74
5419.25
5420.76
5422.27
5423.78
5425.29
5426.8
5428.31
5429.82
5431.33
5432.84
5434.35
5435.86
5437.37
5438.88
5440.39
5441.9
5443.42
5444.93
5446.44
5447.95
5449.46
5450.98
5452.49
5454
5455.52
5457.03
5458.55
5460.06
5461.57
5463.09
5464.6
5466.12
5467.63
5469.15
5470.67
5472.18
5473.7
5475.21
5476.73
5478.25
5479.76
5481.28
5482.8
5484.32
5485.83
5487.35
5488.87
5490.39
5491.91
5493.43
5494.95
5496.46
5497.98
5499.5
5501.02
5502.54
5504.06
5505.58
5507.11
5508.63
5510.15
5511.67
5513.19
5514.71
5516.23
5517.76
5519.28
5520.8
5522.32
5523.85
5525.37
5526.89
5528.42
5529.94
5531.47
5532.99
5534.51
5536.04
5537.56
5539.09
5540.62
5542.14
5543.67
5545.19
5546.72
5548.25
5549.77
5551.3
5552.83
5554.35
5555.88
5557.41
5558.94
5560.46
5561.99
5563.52
5565.05
5566.58
5568.11
5569.64
5571.17
5572.7
5574.23
5575.76
5577.29
5578.82
5580.35
5581.88
5583.41
5584.94
5586.47
5588.01
5589.54
5591.07
5592.6
5594.14
5595.67
5597.2
5598.73
5600.27
5601.8
5603.34
5604.87
5606.4
5607.94
5609.47
5611.01
5612.54
5614.08
5615.62
5617.15
5618.69
5620.22
5621.76
5623.3
5624.83
5626.37
5627.91
5629.45
5630.98
5632.52
5634.06
5635.6
5637.14
5638.68
5640.21
5641.75
5643.29
5644.83
5646.37
5647.91
5649.45
5650.99
5652.53
5654.07
5655.62
5657.16
5658.7
5660.24
5661.78
5663.32
5664.87
5666.41
5667.95
5669.5
5671.04
5672.58
5674.13
5675.67
5677.21
5678.76
5680.3
5681.85
5683.39
5684.94
5686.48
5688.03
5689.57
5691.12
5692.67
5694.21
5695.76
5697.31
5698.85
5700.4
5701.95
5703.49
5705.04
5706.59
5708.14
5709.69
5711.24
5712.78
5714.33
5715.88
5717.43
5718.98
5720.53
5722.08
5723.63
5725.18
5726.73
5728.29
5729.84
5731.39
5732.94
5734.49
5736.04
5737.6
5739.15
5740.7
5742.25
5743.81
5745.36
5746.91
5748.47
5750.02
5751.58
5753.13
5754.68
5756.24
5757.79
5759.35
5760.9
5762.46
5764.02
5765.57
5767.13
5768.68
5770.24
5771.8
5773.35
5774.91
5776.47
5778.03
5779.59
5781.14
5782.7
5784.26
5785.82
5787.38
5788.94
5790.5
5792.06
5793.62
5795.18
5796.74
5798.3
5799.86
5801.42
5802.98
5804.54
5806.1
5807.66
5809.23
5810.79
5812.35
5813.91
5815.48
5817.04
5818.6
5820.16
5821.73
5823.29
5824.86
5826.42
5827.98
5829.55
5831.11
5832.68
5834.24
5835.81
5837.38
5838.94
5840.51
5842.07
5843.64
5845.21
5846.77
5848.34
5849.91
5851.48
5853.04
5854.61
5856.18
5857.75
5859.32
5860.89
5862.46
5864.02
5865.59
5867.16
5868.73
5870.3
5871.87
5873.44
5875.02
5876.59
5878.16
5879.73
5881.3
5882.87
5884.44
5886.02
5887.59
5889.16
5890.73
5892.31
5893.88
5895.45
5897.03
5898.6
5900.18
5901.75
5903.32
5904.9
5906.47
5908.05
5909.62
5911.2
5912.78
5914.35
5915.93
5917.5
5919.08
5920.66
5922.23
5923.81
5925.39
5926.97
5928.54
5930.12
5931.7
5933.28
5934.86
5936.44
5938.02
5939.6
5941.18
5942.76
5944.33
5945.92
5947.5
5949.08
5950.66
5952.24
5953.82
5955.4
5956.98
5958.56
5960.15
5961.73
5963.31
5964.89
5966.48
5968.06
5969.64
5971.23
5972.81
5974.39
5975.98
5977.56
5979.15
5980.73
5982.32
5983.9
5985.49
5987.07
5988.66
5990.25
5991.83
5993.42
5995
5996.59
5998.18
5999.77
6001.35
6002.94
6004.53
6006.12
6007.71
6009.29
6010.88
6012.47
6014.06
6015.65
6017.24
6018.83
6020.42
6022.01
6023.6
6025.19
6026.78
6028.37
6029.96
6031.56
6033.15
6034.74
6036.33
6037.92
6039.52
6041.11
6042.7
6044.3
6045.89
6047.48
6049.08
6050.67
6052.27
6053.86
6055.45
6057.05
6058.64
6060.24
6061.84
6063.43
6065.03
6066.62
6068.22
6069.82
6071.41
6073.01
6074.61
6076.2
6077.8
6079.4
6081
6082.6
6084.19
6085.79
6087.39
6088.99
6090.59
6092.19
6093.79
6095.39
6096.99
6098.59
6100.19
6101.79
6103.39
6104.99
6106.59
6108.2
6109.8
6111.4
6113
6114.6
6116.21
6117.81
6119.41
6121.02
6122.62
6124.22
6125.83
6127.43
6129.04
6130.64
6132.25
6133.85
6135.46
6137.06
6138.67
6140.27
6141.88
6143.48
6145.09
6146.7
6148.3
6149.91
6151.52
6153.13
6154.73
6156.34
6157.95
6159.56
6161.17
6162.78
6164.38
6165.99
6167.6
6169.21
6170.82
6172.43
6174.04
6175.65
6177.26
6178.87
6180.49
6182.1
6183.71
6185.32
6186.93
6188.54
6190.16
6191.77
6193.38
6194.99
6196.61
6198.22
6199.83
6201.45
6203.06
6204.68
6206.29
6207.9
6209.52
6211.13
6212.75
6214.37
6215.98
6217.6
6219.21
6220.83
6222.45
6224.06
6225.68
6227.3
6228.91
6230.53
6232.15
6233.77
6235.39
6237
6238.62
6240.24
6241.86
6243.48
6245.1
6246.72
6248.34
6249.96
6251.58
6253.2
6254.82
6256.44
6258.06
6259.68
6261.31
6262.93
6264.55
6266.17
6267.79
6269.42
6271.04
6272.66
6274.28
6275.91
6277.53
6279.16
6280.78
6282.4
6284.03
6285.65
6287.28
6288.9
6290.53
6292.15
6293.78
6295.41
6297.03
6298.66
6300.29
6301.91
6303.54
6305.17
6306.79
6308.42
6310.05
6311.68
6313.31
6314.93
6316.56
6318.19
6319.82
6321.45
6323.08
6324.71
6326.34
6327.97
6329.6
6331.23
6332.86
6334.49
6336.12
6337.75
6339.39
6341.02
6342.65
6344.28
6345.91
6347.55
6349.18
6350.81
6352.45
6354.08
6355.71
6357.35
6358.98
6360.62
6362.25
6363.89
6365.52
6367.16
6368.79
6370.43
6372.06
6373.7
6375.33
6376.97
6378.61
6380.24
6381.88
6383.52
6385.16
6386.79
6388.43
6390.07
6391.71
6393.35
6394.99
6396.63
6398.26
6399.9
6401.54
6403.18
6404.82
6406.46
6408.1
6409.74
6411.39
6413.03
6414.67
6416.31
6417.95
6419.59
6421.24
6422.88
6424.52
6426.16
6427.81
6429.45
6431.09
6432.74
6434.38
6436.02
6437.67
6439.31
6440.96
6442.6
6444.25
6445.89
6447.54
6449.18
6450.83
6452.48
6454.12
6455.77
6457.41
6459.06
6460.71
6462.36
6464
6465.65
6467.3
6468.95
6470.6
6472.25
6473.89
6475.54
6477.19
6478.84
6480.49
6482.14
6483.79
6485.44
6487.09
6488.74
6490.39
6492.05
6493.7
6495.35
6497
6498.65
6500.3
6501.96
6503.61
6505.26
6506.91
6508.57
6510.22
6511.88
6513.53
6515.18
6516.84
6518.49
6520.15
6521.8
6523.46
6525.11
6526.77
6528.42
6530.08
6531.74
6533.39
6535.05
6536.71
6538.36
6540.02
6541.68
6543.33
6544.99
6546.65
6548.31
6549.97
6551.63
6553.29
6554.94
6556.6
6558.26
6559.92
6561.58
6563.24
6564.9
6566.56
6568.23
6569.89
6571.55
6573.21
6574.87
6576.53
6578.19
6579.86
6581.52
6583.18
6584.84
6586.51
6588.17
6589.83
6591.5
6593.16
6594.83
6596.49
6598.16
6599.82
6601.49
6603.15
6604.82
6606.48
6608.15
6609.81
6611.48
6613.15
6614.81
6616.48
6618.15
6619.81
6621.48
6623.15
6624.82
6626.49
6628.15
6629.82
6631.49
6633.16
6634.83
6636.5
6638.17
6639.84
6641.51
6643.18
6644.85
6646.52
6648.19
6649.86
6651.53
6653.21
6654.88
6656.55
6658.22
6659.89
6661.57
6663.24
6664.91
6666.58
6668.26
6669.93
6671.61
6673.28
6674.95
6676.63
6678.3
6679.98
6681.65
6683.33
6685
6686.68
6688.36
6690.03
6691.71
6693.38
6695.06
6696.74
6698.42
6700.09
6701.77
6703.45
6705.13
6706.8
6708.48
6710.16
6711.84
6713.52
6715.2
6716.88
6718.56
6720.24
6721.92
6723.6
6725.28
6726.96
6728.64
6730.32
6732
6733.69
6735.37
6737.05
6738.73
6740.41
6742.1
6743.78
6745.46
6747.15
6748.83
6750.51
6752.2
6753.88
6755.57
6757.25
6758.93
6760.62
6762.3
6763.99
6765.68
6767.36
6769.05
6770.73
6772.42
6774.11
6775.79
6777.48
6779.17
6780.86
6782.54
6784.23
6785.92
6787.61
6789.3
6790.98
6792.67
6794.36
6796.05
6797.74
6799.43
6801.12
6802.81
6804.5
6806.19
6807.88
6809.57
6811.27
6812.96
6814.65
6816.34
6818.03
6819.73
6821.42
6823.11
6824.8
6826.5
6828.19
6829.88
6831.58
6833.27
6834.97
6836.66
6838.35
6840.05
6841.74
6843.44
6845.14
6846.83
6848.53
6850.22
6851.92
6853.62
6855.31
6857.01
6858.71
6860.4
6862.1
6863.8
6865.5
6867.2
6868.89
6870.59
6872.29
6873.99
6875.69
6877.39
6879.09
6880.79
6882.49
6884.19
6885.89
6887.59
6889.29
6890.99
6892.69
6894.4
6896.1
6897.8
6899.5
6901.2
6902.91
6904.61
6906.31
6908.02
6909.72
6911.42
6913.13
6914.83
6916.53
6918.24
6919.94
6921.65
6923.35
6925.06
6926.76
6928.47
6930.18
6931.88
6933.59
6935.3
6937
6938.71
6940.42
6942.12
6943.83
6945.54
6947.25
6948.96
6950.66
6952.37
6954.08
6955.79
6957.5
6959.21
6960.92
6962.63
6964.34
6966.05
6967.76
6969.47
6971.18
6972.89
6974.61
6976.32
6978.03
6979.74
6981.45
6983.17
6984.88
6986.59
6988.3
6990.02
6991.73
6993.44
6995.16
6996.87
6998.59
7000.3
7002.02
7003.73
7005.45
7007.16
7008.88
7010.59
7012.31
7014.03
7015.74
7017.46
7019.18
7020.89
7022.61
7024.33
7026.05
7027.76
7029.48
7031.2
7032.92
7034.64
7036.36
7038.08
7039.79
7041.51
7043.23
7044.95
7046.67
7048.39
7050.12
7051.84
7053.56
7055.28
7057
7058.72
7060.44
7062.17
7063.89
7065.61
7067.33
7069.06
7070.78
7072.5
7074.23
7075.95
7077.67
7079.4
7081.12
7082.85
7084.57
7086.3
7088.02
7089.75
7091.47
7093.2
7094.93
7096.65
7098.38
7100.11
7101.83
7103.56
7105.29
7107.02
7108.74
7110.47
7112.2
7113.93
7115.66
7117.39
7119.11
7120.84
7122.57
7124.3
7126.03
7127.76
7129.49
7131.22
7132.95
7134.69
7136.42
7138.15
7139.88
7141.61
7143.34
7145.08
7146.81
7148.54
7150.27
7152.01
7153.74
7155.47
7157.21
7158.94
7160.67
7162.41
7164.14
7165.88
7167.61
7169.35
7171.08
7172.82
7174.56
7176.29
7178.03
7179.76
7181.5
7183.24
7184.97
7186.71
7188.45
7190.19
7191.92
7193.66
7195.4
7197.14
7198.88
7200.62
7202.36
7204.1
7205.84
7207.58
7209.31
7211.06
7212.8
7214.54
7216.28
7218.02
7219.76
7221.5
7223.24
7224.98
7226.73
7228.47
7230.21
7231.95
7233.7
7235.44
7237.18
7238.93
7240.67
7242.41
7244.16
7245.9
7247.65
7249.39
7251.14
7252.88
7254.63
7256.37
7258.12
7259.87
7261.61
7263.36
7265.11
7266.85
7268.6
7270.35
7272.09
7273.84
7275.59
7277.34
7279.09
7280.84
7282.58
7284.33
7286.08
7287.83
7289.58
7291.33
7293.08
7294.83
7296.58
7298.33
7300.08
7301.83
7303.59
7305.34
7307.09
7308.84
7310.59
7312.35
7314.1
7315.85
7317.6
7319.36
7321.11
7322.86
7324.62
7326.37
7328.13
7329.88
7331.64
7333.39
7335.15
7336.9
7338.66
7340.41
7342.17
7343.92
7345.68
7347.44
7349.19
7350.95
7352.71
7354.47
7356.22
7357.98
7359.74
7361.5
7363.26
7365.01
7366.77
7368.53
7370.29
7372.05
7373.81
7375.57
7377.33
7379.09
7380.85
7382.61
7384.37
7386.14
7387.9
7389.66
7391.42
7393.18
7394.94
7396.71
7398.47
7400.23
7402
7403.76
7405.52
7407.29
7409.05
7410.81
7412.58
7414.34
7416.11
7417.87
7419.64
7421.4
7423.17
7424.93
7426.7
7428.47
7430.23
7432
7433.77
7435.53
7437.3
7439.07
7440.84
7442.6
7444.37
7446.14
7447.91
7449.68
7451.45
7453.22
7454.99
7456.75
7458.52
7460.29
7462.07
7463.84
7465.61
7467.38
7469.15
7470.92
7472.69
7474.46
7476.23
7478.01
7479.78
7481.55
7483.32
7485.1
7486.87
7488.64
7490.42
7492.19
7493.96
7495.74
7497.51
7499.29
7501.06
7502.84
7504.61
7506.39
7508.16
7509.94
7511.72
7513.49
7515.27
7517.05
7518.82
7520.6
7522.38
7524.16
7525.93
7527.71
7529.49
7531.27
7533.05
7534.82
7536.6
7538.38
7540.16
7541.94
7543.72
7545.5
7547.28
7549.06
7550.84
7552.62
7554.41
7556.19
7557.97
7559.75
7561.53
7563.31
7565.1
7566.88
7568.66
7570.45
7572.23
7574.01
7575.8
7577.58
7579.36
7581.15
7582.93
7584.72
7586.5
7588.29
7590.07
7591.86
7593.64
7595.43
7597.22
7599
7600.79
7602.58
7604.36
7606.15
7607.94
7609.73
7611.51
7613.3
7615.09
7616.88
7618.67
7620.46
7622.25
7624.03
7625.82
7627.61
7629.4
7631.19
7632.98
7634.77
7636.57
7638.36
7640.15
7641.94
7643.73
7645.52
7647.31
7649.11
7650.9
7652.69
7654.49
7656.28
7658.07
7659.87
7661.66
7663.45
7665.25
7667.04
7668.84
7670.63
7672.43
7674.22
7676.02
7677.81
7679.61
7681.4
7683.2
7685
7686.79
7688.59
7690.39
7692.18
7693.98
7695.78
7697.58
7699.38
7701.17
7702.97
7704.77
7706.57
7708.37
7710.17
7711.97
7713.77
7715.57
7717.37
7719.17
7720.97
7722.77
7724.57
7726.37
7728.18
7729.98
7731.78
7733.58
7735.38
7737.19
7738.99
7740.79
7742.59
7744.4
7746.2
7748.01
7749.81
7751.61
7753.42
7755.22
7757.03
7758.83
7760.64
7762.44
7764.25
7766.06
7767.86
7769.67
7771.47
7773.28
7775.09
7776.9
7778.7
7780.51
7782.32
7784.13
7785.93
7787.74
7789.55
7791.36
7793.17
7794.98
7796.79
7798.6
7800.41
7802.22
7804.03
7805.84
7807.65
7809.46
7811.27
7813.08
7814.89
7816.71
7818.52
7820.33
7822.14
7823.96
7825.77
7827.58
7829.39
7831.21
7833.02
7834.84
7836.65
7838.46
7840.28
7842.09
7843.91
7845.72
7847.54
7849.35
7851.17
7852.99
7854.8
7856.62
7858.44
7860.25
7862.07
7863.89
7865.7
7867.52
7869.34
7871.16
7872.98
7874.8
7876.61
7878.43
7880.25
7882.07
7883.89
7885.71
7887.53
7889.35
7891.17
7892.99
7894.81
7896.63
7898.45
7900.28
7902.1
7903.92
7905.74
7907.56
7909.39
7911.21
7913.03
7914.86
7916.68
7918.5
7920.33
7922.15
7923.97
7925.8
7927.62
7929.45
7931.27
7933.1
7934.92
7936.75
7938.58
7940.4
7942.23
7944.05
7945.88
7947.71
7949.54
7951.36
7953.19
7955.02
7956.85
7958.67
7960.5
7962.33
7964.16
7965.99
7967.82
7969.65
7971.48
7973.31
7975.14
7976.97
7978.8
7980.63
7982.46
7984.29
7986.12
7987.95
7989.79
7991.62
7993.45
7995.28
7997.11
7998.95
8000.78
8002.61
8004.45
8006.28
8008.11
8009.95
8011.78
8013.62
8015.45
8017.29
8019.12
8020.96
8022.79
8024.63
8026.46
8028.3
8030.14
8031.97
8033.81
8035.65
8037.48
8039.32
8041.16
8043
8044.84
8046.67
8048.51
8050.35
8052.19
8054.03
8055.87
8057.71
8059.55
8061.39
8063.23
8065.07
8066.91
8068.75
8070.59
8072.43
8074.27
8076.11
8077.96
8079.8
8081.64
8083.48
8085.33
8087.17
8089.01
8090.86
8092.7
8094.54
8096.39
8098.23
8100.07
8101.92
8103.76
8105.61
8107.45
8109.3
8111.15
8112.99
8114.84
8116.68
8118.53
8120.38
8122.22
8124.07
8125.92
8127.77
8129.61
8131.46
8133.31
8135.16
8137.01
8138.85
8140.7
8142.55
8144.4
8146.25
8148.1
8149.95
8151.8
8153.65
8155.5
8157.35
8159.21
8161.06
8162.91
8164.76
8166.61
8168.46
8170.32
8172.17
8174.02
8175.87
8177.73
8179.58
8181.43
8183.29
8185.14
8187
8188.85
8190.71
8192.56
8194.42
8196.27
8198.13
8199.98
8201.84
8203.69
8205.55
8207.41
8209.26
8211.12
8212.98
8214.83
8216.69
8218.55
8220.41
8222.27
8224.12
8225.98
8227.84
8229.7
8231.56
8233.42
8235.28
8237.14
8239
8240.86
8242.72
8244.58
8246.44
8248.3
8250.16
8252.03
8253.89
8255.75
8257.61
8259.47
8261.34
8263.2
8265.06
8266.93
8268.79
8270.65
8272.52
8274.38
8276.25
8278.11
8279.98
8281.84
8283.71
8285.57
8287.44
8289.3
8291.17
8293.03
8294.9
8296.77
8298.63
8300.5
8302.37
8304.24
8306.1
8307.97
8309.84
8311.71
8313.58
8315.44
8317.31
8319.18
8321.05
8322.92
8324.79
8326.66
8328.53
8330.4
8332.27
8334.14
8336.01
8337.89
8339.76
8341.63
8343.5
8345.37
8347.25
8349.12
8350.99
8352.86
8354.74
8356.61
8358.48
8360.36
8362.23
8364.11
8365.98
8367.85
8369.73
8371.6
8373.48
8375.35
8377.23
8379.11
8380.98
8382.86
8384.73
8386.61
8388.49
8390.37
8392.24
8394.12
8396
8397.88
8399.75
8401.63
8403.51
8405.39
8407.27
8409.15
8411.03
8412.91
8414.79
8416.67
8418.55
8420.43
8422.31
8424.19
8426.07
8427.95
8429.83
8431.72
8433.6
8435.48
8437.36
8439.24
8441.13
8443.01
8444.89
8446.78
8448.66
8450.54
8452.43
8454.31
8456.2
8458.08
8459.97
8461.85
8463.74
8465.62
8467.51
8469.39
8471.28
8473.17
8475.05
8476.94
8478.83
8480.71
8482.6
8484.49
8486.38
8488.26
8490.15
8492.04
8493.93
8495.82
8497.71
8499.6
8501.49
8503.38
8505.27
8507.16
8509.05
8510.94
8512.83
8514.72
8516.61
8518.5
8520.39
8522.29
8524.18
8526.07
8527.96
8529.85
8531.75
8533.64
8535.53
8537.43
8539.32
8541.22
8543.11
8545
8546.9
8548.79
8550.69
8552.58
8554.48
8556.37
8558.27
8560.17
8562.06
8563.96
8565.86
8567.75
8569.65
8571.55
8573.44
8575.34
8577.24
8579.14
8581.04
8582.93
8584.83
8586.73
8588.63
8590.53
8592.43
8594.33
8596.23
8598.13
8600.03
8601.93
8603.83
8605.73
8607.63
8609.54
8611.44
8613.34
8615.24
8617.14
8619.05
8620.95
8622.85
8624.76
8626.66
8628.56
8630.47
8632.37
8634.27
8636.18
8638.08
8639.99
8641.89
8643.8
8645.7
8647.61
8649.52
8651.42
8653.33
8655.23
8657.14
8659.05
8660.96
8662.86
8664.77
8666.68
8668.59
8670.49
8672.4
8674.31
8676.22
8678.13
8680.04
8681.95
8683.86
8685.77
8687.68
8689.59
8691.5
8693.41
8695.32
8697.23
8699.14
8701.05
8702.97
8704.88
8706.79
8708.7
8710.61
8712.53
8714.44
8716.35
8718.27
8720.18
8722.09
8724.01
8725.92
8727.84
8729.75
8731.67
8733.58
8735.5
8737.41
8739.33
8741.24
8743.16
8745.08
8746.99
8748.91
8750.83
8752.74
8754.66
8756.58
8758.5
8760.42
8762.33
8764.25
8766.17
8768.09
8770.01
8771.93
8773.85
8775.77
8777.69
8779.61
8781.53
8783.45
8785.37
8787.29
8789.21
8791.13
8793.06
8794.98
8796.9
8798.82
8800.74
8802.67
8804.59
8806.51
8808.44
8810.36
8812.28
8814.21
8816.13
8818.06
8819.98
8821.9
8823.83
8825.75
8827.68
8829.61
8831.53
8833.46
8835.38
8837.31
8839.24
8841.16
8843.09
8845.02
8846.95
8848.87
8850.8
8852.73
8854.66
8856.59
8858.52
8860.44
8862.37
8864.3
8866.23
8868.16
8870.09
8872.02
8873.95
8875.88
8877.81
8879.75
8881.68
8883.61
8885.54
8887.47
8889.4
8891.34
8893.27
8895.2
8897.14
8899.07
8901
8902.94
8904.87
8906.8
8908.74
8910.67
8912.61
8914.54
8916.48
8918.41
8920.35
8922.28
8924.22
8926.15
8928.09
8930.03
8931.96
8933.9
8935.84
8937.78
8939.71
8941.65
8943.59
8945.53
8947.47
8949.4
8951.34
8953.28
8955.22
8957.16
8959.1
8961.04
8962.98
8964.92
8966.86
8968.8
8970.74
8972.68
8974.63
8976.57
8978.51
8980.45
8982.39
8984.34
8986.28
8988.22
8990.16
8992.11
8994.05
8996
8997.94
8999.88
9001.83
9003.77
9005.72
9007.66
9009.61
9011.55
9013.5
9015.44
9017.39
9019.34
9021.28
9023.23
9025.18
9027.12
9029.07
9031.02
9032.97
9034.91
9036.86
9038.81
9040.76
9042.71
9044.66
9046.6
9048.55
9050.5
9052.45
9054.4
9056.35
9058.3
9060.25
9062.21
9064.16
9066.11
9068.06
9070.01
9071.96
9073.91
9075.87
9077.82
9079.77
9081.73
9083.68
9085.63
9087.59
9089.54
9091.49
9093.45
9095.4
9097.36
9099.31
9101.27
9103.22
9105.18
9107.13
9109.09
9111.04
9113
9114.96
9116.91
9118.87
9120.83
9122.79
9124.74
9126.7
9128.66
9130.62
9132.57
9134.53
9136.49
9138.45
9140.41
9142.37
9144.33
9146.29
9148.25
9150.21
9152.17
9154.13
9156.09
9158.05
9160.01
9161.98
9163.94
9165.9
9167.86
9169.82
9171.79
9173.75
9175.71
9177.68
9179.64
9181.6
9183.57
9185.53
9187.49
9189.46
9191.42
9193.39
9195.35
9197.32
9199.28
9201.25
9203.22
9205.18
9207.15
9209.12
9211.08
9213.05
9215.02
9216.98
9218.95
9220.92
9222.89
9224.86
9226.82
9228.79
9230.76
9232.73
9234.7
9236.67
9238.64
9240.61
9242.58
9244.55
9246.52
9248.49
9250.46
9252.43
9254.4
9256.38
9258.35
9260.32
9262.29
9264.26
9266.24
9268.21
9270.18
9272.16
9274.13
9276.1
9278.08
9280.05
9282.03
9284
9285.98
9287.95
9289.93
9291.9
9293.88
9295.85
9297.83
9299.8
9301.78
9303.76
9305.73
9307.71
9309.69
9311.67
9313.64
9315.62
9317.6
9319.58
9321.56
9323.54
9325.52
9327.49
9329.47
9331.45
9333.43
9335.41
9337.39
9339.37
9341.35
9343.34
9345.32
9347.3
9349.28
9351.26
9353.24
9355.22
9357.21
9359.19
9361.17
9363.16
9365.14
9367.12
9369.11
9371.09
9373.07
9375.06
9377.04
9379.03
9381.01
9383
9384.98
9386.97
9388.95
9390.94
9392.92
9394.91
9396.9
9398.88
9400.87
9402.86
9404.85
9406.83
9408.82
9410.81
9412.8
9414.79
9416.77
9418.76
9420.75
9422.74
9424.73
9426.72
9428.71
9430.7
9432.69
9434.68
9436.67
9438.66
9440.65
9442.65
9444.64
9446.63
9448.62
9450.61
9452.61
9454.6
9456.59
9458.58
9460.58
9462.57
9464.56
9466.56
9468.55
9470.55
9472.54
9474.54
9476.53
9478.53
9480.52
9482.52
9484.51
9486.51
9488.5
9490.5
9492.5
9494.49
9496.49
9498.49
9500.49
9502.48
9504.48
9506.48
9508.48
9510.48
9512.48
9514.47
9516.47
9518.47
9520.47
9522.47
9524.47
9526.47
9528.47
9530.47
9532.47
9534.47
9536.48
9538.48
9540.48
9542.48
9544.48
9546.49
9548.49
9550.49
9552.49
9554.5
9556.5
9558.5
9560.51
9562.51
9564.52
9566.52
9568.52
9570.53
9572.53
9574.54
9576.54
9578.55
9580.56
9582.56
9584.57
9586.57
9588.58
9590.59
9592.6
9594.6
9596.61
9598.62
9600.63
9602.63
9604.64
9606.65
9608.66
9610.67
9612.68
9614.69
9616.7
9618.71
9620.72
9622.73
9624.74
9626.75
9628.76
9630.77
9632.78
9634.79
9636.81
9638.82
9640.83
9642.84
9644.85
9646.87
9648.88
9650.89
9652.91
9654.92
9656.93
9658.95
9660.96
9662.98
9664.99
9667.01
9669.02
9671.04
9673.05
9675.07
9677.08
9679.1
9681.12
9683.13
9685.15
9687.17
9689.18
9691.2
9693.22
9695.24
9697.25
9699.27
9701.29
9703.31
9705.33
9707.35
9709.37
9711.39
9713.41
9715.43
9717.45
9719.47
9721.49
9723.51
9725.53
9727.55
9729.57
9731.59
9733.61
9735.64
9737.66
9739.68
9741.7
9743.73
9745.75
9747.77
9749.8
9751.82
9753.84
9755.87
9757.89
9759.92
9761.94
9763.97
9765.99
9768.02
9770.04
9772.07
9774.09
9776.12
9778.15
9780.17
9782.2
9784.23
9786.26
9788.28
9790.31
9792.34
9794.37
9796.39
9798.42
9800.45
9802.48
9804.51
9806.54
9808.57
9810.6
9812.63
9814.66
9816.69
9818.72
9820.75
9822.78
9824.81
9826.84
9828.88
9830.91
9832.94
9834.97
9837.01
9839.04
9841.07
9843.1
9845.14
9847.17
9849.2
9851.24
9853.27
9855.31
9857.34
9859.38
9861.41
9863.45
9865.48
9867.52
9869.55
9871.59
9873.63
9875.66
9877.7
9879.74
9881.77
9883.81
9885.85
9887.89
9889.92
9891.96
9894
9896.04
9898.08
9900.12
9902.16
9904.2
9906.24
9908.28
9910.32
9912.36
9914.4
9916.44
9918.48
9920.52
9922.56
9924.6
9926.64
9928.69
9930.73
9932.77
9934.81
9936.86
9938.9
9940.94
9942.99
9945.03
9947.07
9949.12
9951.16
9953.21
9955.25
9957.3
9959.34
9961.39
9963.43
9965.48
9967.52
9969.57
9971.62
9973.66
9975.71
9977.76
9979.8
9981.85
9983.9
9985.95
9987.99
9990.04
9992.09
9994.14
9996.19
9998.24
10000.3
10002.3
10004.4
10006.4
10008.5
10010.5
10012.6
10014.6
10016.7
10018.7
10020.8
10022.8
10024.9
10026.9
10029
10031.1
10033.1
10035.2
10037.2
10039.3
10041.3
10043.4
10045.4
10047.5
10049.5
10051.6
10053.6
10055.7
10057.8
10059.8
10061.9
10063.9
10066
10068
10070.1
10072.1
10074.2
10076.3
10078.3
10080.4
10082.4
10084.5
10086.5
10088.6
10090.7
10092.7
10094.8
10096.8
10098.9
10101
10103
10105.1
10107.1
10109.2
10111.3
10113.3
10115.4
10117.4
10119.5
10121.6
10123.6
10125.7
10127.8
10129.8
10131.9
10133.9
10136
10138.1
10140.1
10142.2
10144.3
10146.3
10148.4
10150.5
10152.5
10154.6
10156.6
10158.7
10160.8
10162.8
10164.9
10167
10169
10171.1
10173.2
10175.2
10177.3
10179.4
10181.4
10183.5
10185.6
10187.7
10189.7
10191.8
10193.9
10195.9
10198
10200.1
10202.1
10204.2
10206.3
10208.3
10210.4
10212.5
10214.6
10216.6
10218.7
10220.8
10222.8
10224.9
10227
10229.1
10231.1
10233.2
10235.3
10237.4
10239.4
10241.5
10243.6
10245.7
10247.7
10249.8
10251.9
10254
10256
10258.1
10260.2
10262.3
10264.3
10266.4
10268.5
10270.6
10272.6
10274.7
10276.8
10278.9
10280.9
10283
10285.1
10287.2
10289.3
10291.3
10293.4
10295.5
10297.6
10299.7
10301.7
10303.8
10305.9
10308
10310.1
10312.1
10314.2
10316.3
10318.4
10320.5
10322.6
10324.6
10326.7
10328.8
10330.9
10333
10335
10337.1
10339.2
10341.3
10343.4
10345.5
10347.6
10349.6
10351.7
10353.8
10355.9
10358
10360.1
10362.2
10364.2
10366.3
10368.4
10370.5
10372.6
10374.7
10376.8
10378.8
10380.9
10383
10385.1
10387.2
10389.3
10391.4
10393.5
10395.6
10397.6
10399.7
10401.8
10403.9
10406
10408.1
10410.2
10412.3
10414.4
10416.5
10418.6
10420.6
10422.7
10424.8
10426.9
10429
10431.1
10433.2
10435.3
10437.4
10439.5
10441.6
10443.7
10445.8
10447.9
10450
10452
10454.1
10456.2
10458.3
10460.4
10462.5
10464.6
10466.7
10468.8
10470.9
10473
10475.1
10477.2
10479.3
10481.4
10483.5
10485.6
10487.7
10489.8
10491.9
10494
10496.1
10498.2
10500.3
10502.4
10504.5
10506.6
