0.00176134
0.00272616
0.00390081
0.00528522
0.00687938
0.00868322
0.0106967
0.0129198
0.0153525
0.0179947
0.0208463
0.0239074
0.0271779
0.0306576
0.0343467
0.0382449
0.0423523
0.0466688
0.0511942
0.0559287
0.0608719
0.066024
0.0713848
0.0769543
0.0827322
0.0887186
0.0949132
0.101316
0.107927
0.114746
0.121772
0.129006
0.136448
0.144096
0.151951
0.160013
0.168281
0.176755
0.185434
0.194319
0.203408
0.2127
0.222197
0.231896
0.241797
0.251899
0.262202
0.272705
0.283407
0.294306
0.305402
0.316693
0.32818
0.339859
0.351731
0.363794
0.376046
0.388486
0.401114
0.413927
0.426924
0.440104
0.453466
0.467007
0.480727
0.494623
0.508695
0.522942
0.537361
0.551951
0.56671
0.581638
0.596733
0.611993
0.627417
0.643004
0.658752
0.674659
0.690726
0.706949
0.723329
0.739864
0.756553
0.773395
0.790388
0.807533
0.824828
0.842272
0.859865
0.877607
0.895496
0.913532
0.931715
0.950045
0.968521
0.987143
1.00591
1.02482
1.04388
1.06309
1.08244
1.10193
1.12157
1.14135
1.16128
1.18136
1.20157
1.22194
1.24244
1.2631
1.28389
1.30483
1.32591
1.34714
1.36851
1.39002
1.41168
1.43348
1.45542
1.4775
1.49973
1.52209
1.5446
1.56725
1.59005
1.61298
1.63605
1.65926
1.68261
1.7061
1.72973
1.7535
1.77741
1.80145
1.82563
1.84995
1.87441
1.899
1.92373
1.94859
1.97359
1.99873
2.024
2.0494
2.07494
2.10061
2.12641
2.15235
2.17842
2.20462
2.23096
2.25743
2.28403
2.31077
2.33764
2.36464
2.39177
2.41903
2.44643
2.47396
2.50162
2.52941
2.55734
2.5854
2.61358
2.6419
2.67035
2.69894
2.72765
2.7565
2.78547
2.81458
2.84382
2.87318
2.90268
2.93231
2.96206
2.99195
3.02196
3.0521
3.08236
3.11276
3.14327
3.17391
3.20468
3.23556
3.26657
3.2977
3.32894
3.36031
3.39179
3.42339
3.4551
3.48693
3.51887
3.55092
3.58308
3.61535
3.64772
3.6802
3.71279
3.74548
3.77828
3.81117
3.84416
3.87725
3.91044
3.94372
3.9771
4.01057
4.04414
4.07779
4.11153
4.14536
4.17928
4.21329
4.24738
4.28156
4.31582
4.35016
4.38458
4.41909
4.45368
4.48835
4.5231
4.55792
4.59283
4.62781
4.66287
4.69801
4.73322
4.76851
4.80387
4.83931
4.87482
4.91041
4.94607
4.9818
5.0176
5.05348
5.08943
5.12545
5.16154
5.19771
5.23395
5.27026
5.30664
5.3431
5.37963
5.41623
5.45291
5.48967
5.5265
5.5634
5.60039
5.63745
5.67459
5.7118
5.7491
5.78647
5.82393
5.86146
5.89908
5.93677
5.97454
6.0124
6.05033
6.08834
6.12643
6.1646
6.20285
6.24117
6.27957
6.31804
6.35659
6.3952
6.43389
6.47265
6.51147
6.55035
6.5893
6.62831
6.66738
6.70651
6.7457
6.78494
6.82423
6.86357
6.90297
6.94242
6.98192
7.02147
7.06106
7.10071
7.14041
7.18015
7.21995
7.25979
7.29969
7.33963
7.37963
7.41968
7.45978
7.49993
7.54014
7.5804
7.62072
7.66109
7.70152
7.742
7.78254
7.82314
7.86379
7.9045
7.94527
7.9861
8.02698
8.06792
8.10892
8.14997
8.19107
8.23223
8.27345
8.31471
8.35603
8.3974
8.43882
8.48028
8.5218
8.56337
8.60498
8.64664
8.68835
8.7301
8.7719
8.81374
8.85563
8.89756
8.93954
8.98155
9.02361
9.06571
9.10785
9.15004
9.19226
9.23452
9.27683
9.31917
9.36156
9.40398
9.44645
9.48895
9.5315
9.57408
9.61671
9.65938
9.70209
9.74483
9.78762
9.83045
9.87333
9.91624
9.95919
10.0022
10.0452
10.0883
10.1314
10.1746
10.2178
10.261
10.3043
10.3476
10.391
10.4343
10.4778
10.5213
10.5648
10.6083
10.6519
10.6955
10.7392
10.7829
10.8267
10.8705
10.9143
10.9582
11.0021
11.046
11.09
11.134
11.178
11.2221
11.2662
11.3104
11.3546
11.3988
11.443
11.4873
11.5316
11.5759
11.6203
11.6647
11.7091
11.7535
11.7979
11.8424
11.8869
11.9314
11.9759
12.0205
12.0651
12.1097
12.1543
12.1989
12.2436
12.2883
12.333
12.3778
12.4226
12.4674
12.5123
12.5571
12.6021
12.647
12.692
12.7371
12.7822
12.8273
12.8724
12.9176
12.9629
13.0081
13.0535
13.0988
13.1442
13.1896
13.2351
13.2806
13.3261
13.3717
13.4173
13.4629
13.5086
13.5543
13.6
13.6457
13.6915
13.7374
13.7832
13.8291
13.8751
13.9211
13.9671
14.0131
14.0593
14.1054
14.1516
14.1979
14.2442
14.2905
14.3369
14.3834
14.4299
14.4764
14.523
14.5697
14.6165
14.6632
14.7101
14.757
14.8039
14.851
14.898
14.9451
14.9923
15.0395
15.0868
15.1341
15.1815
15.2289
15.2763
15.3238
15.3713
15.4188
15.4664
15.514
15.5616
15.6093
15.6569
15.7046
15.7523
15.7999
15.8476
15.8953
15.943
15.9907
16.0384
16.0861
16.1338
16.1814
16.2291
16.2768
16.3244
16.372
16.4197
16.4673
16.5149
16.5625
16.6102
16.6578
16.7054
16.7531
16.8008
16.8484
16.8961
16.9439
16.9916
17.0394
17.0872
17.1351
17.183
17.2309
17.2789
17.3269
17.375
17.4231
17.4713
17.5195
17.5678
17.6161
17.6645
17.7129
17.7614
17.8099
17.8585
17.9071
17.9557
18.0044
18.0531
18.1018
18.1506
18.1994
18.2482
18.2971
18.3459
18.3948
18.4436
18.4925
18.5414
18.5902
18.6391
18.6879
18.7367
18.7855
18.8343
18.8831
18.9319
18.9806
19.0293
19.078
19.1266
19.1753
19.2239
19.2725
19.321
19.3696
19.4181
19.4666
19.515
19.5635
19.612
19.6604
19.7088
19.7572
19.8057
19.8541
19.9025
19.9509
19.9993
20.0477
20.0962
20.1446
20.1931
20.2416
20.2901
20.3386
20.3871
20.4357
20.4843
20.5329
20.5816
20.6303
20.679
20.7277
20.7765
20.8254
20.8743
20.9232
20.9721
21.0211
21.0702
21.1193
21.1684
21.2176
21.2668
21.316
21.3653
21.4146
21.464
21.5134
21.5628
21.6123
21.6618
21.7114
21.7609
21.8105
21.8602
21.9098
21.9595
22.0092
22.059
22.1088
22.1586
22.2084
22.2583
22.3081
22.3581
22.408
22.4579
22.5079
22.5579
22.608
22.658
22.7081
22.7582
22.8083
22.8585
22.9086
22.9588
23.009
23.0592
23.1095
23.1597
23.21
23.2603
23.3105
23.3608
23.4111
23.4614
23.5117
23.562
23.6123
23.6626
23.7129
23.7632
23.8135
23.8637
23.914
23.9643
24.0145
24.0648
24.1151
24.1653
24.2155
24.2658
24.316
24.3662
24.4164
24.4667
24.5169
24.5672
24.6174
24.6677
24.7179
24.7682
24.8185
24.8688
24.9192
24.9696
25.02
25.0704
25.1208
25.1713
25.2219
25.2724
25.323
25.3737
25.4243
25.4751
25.5258
25.5766
25.6275
25.6784
25.7294
25.7804
25.8314
25.8825
25.9336
25.9848
26.0361
26.0873
26.1387
26.19
26.2414
26.2929
26.3443
26.3958
26.4474
26.4989
26.5505
26.6021
26.6538
26.7054
26.7571
26.8087
26.8604
26.912
26.9637
27.0153
27.0669
27.1184
27.17
27.2215
27.2729
27.3243
27.3757
27.427
27.4782
27.5294
27.5805
27.6315
27.6825
27.7334
27.7842
27.835
27.8856
27.9362
27.9867
28.0372
28.0875
28.1378
28.1879
28.238
28.2881
28.338
28.3879
28.4376
28.4873
28.537
28.5865
28.636
28.6854
28.7347
28.784
28.8332
28.8823
28.9314
28.9804
29.0293
29.0782
29.127
29.1758
29.2245
29.2732
29.3218
29.3704
29.4189
29.4673
29.5157
29.564
29.6123
29.6605
29.7086
29.7566
29.8046
29.8525
29.9003
29.948
29.9956
30.0431
30.0905
30.1379
30.1852
30.2324
30.2795
30.3265
30.3735
30.4204
30.4672
30.514
30.5608
30.6075
30.6542
30.7008
30.7474
30.7941
30.8407
30.8873
30.9339
30.9805
31.0271
31.0738
31.1204
31.1671
31.2139
31.2606
31.3074
31.3543
31.4011
31.4481
31.4951
31.5421
31.5892
31.6364
31.6836
31.7309
31.7783
31.8258
31.8733
31.921
31.9687
32.0165
32.0644
32.1124
32.1605
32.2086
32.2569
32.3053
32.3537
32.4022
32.4509
32.4996
32.5485
32.5974
32.6464
32.6955
32.7448
32.7941
32.8435
32.893
32.9426
32.9923
33.0421
33.0919
33.1419
33.1919
33.242
33.2922
33.3425
33.3928
33.4432
33.4937
33.5442
33.5948
33.6454
33.6961
33.7468
33.7976
33.8484
33.8993
33.9502
34.0011
34.0521
34.103
34.154
34.2051
34.2561
34.3072
34.3582
34.4093
34.4604
34.5114
34.5625
34.6135
34.6646
34.7156
34.7666
34.8175
34.8685
34.9194
34.9703
35.0211
35.0719
35.1226
35.1733
35.224
35.2746
35.3252
35.3758
35.4263
35.4767
35.5272
35.5776
35.6279
35.6783
35.7286
35.7789
35.8292
35.8794
35.9296
35.9799
36.0301
36.0803
36.1305
36.1807
36.2309
36.2811
36.3313
36.3815
36.4317
36.482
36.5322
36.5825
36.6328
36.6831
36.7334
36.7838
36.8342
36.8846
36.935
36.9855
37.036
37.0866
37.1372
37.1878
37.2385
37.2892
37.3399
37.3907
37.4415
37.4923
37.5431
37.594
37.645
37.6959
37.7469
37.7978
37.8488
37.8998
37.9508
38.0019
38.0529
38.1039
38.1549
38.2058
38.2568
38.3077
38.3585
38.4094
38.4602
38.5109
38.5616
38.6122
38.6627
38.7132
38.7636
38.8139
38.8642
38.9143
38.9644
39.0144
39.0643
39.1141
39.1638
39.2134
39.263
39.3124
39.3618
39.411
39.4602
39.5093
39.5583
39.6073
39.6561
39.7049
39.7536
39.8022
39.8508
39.8993
39.9477
39.9961
40.0445
40.0927
40.141
40.1891
40.2373
40.2854
40.3334
40.3814
40.4294
40.4774
40.5253
40.5732
40.6211
40.669
40.7168
40.7647
40.8125
40.8604
40.9082
40.9561
41.0039
41.0518
41.0996
41.1475
41.1954
41.2433
41.2913
41.3392
41.3872
41.4353
41.4833
41.5314
41.5795
41.6277
41.6759
41.7241
41.7724
41.8207
41.8691
41.9175
41.9659
42.0144
42.063
42.1116
42.1603
42.209
42.2577
42.3065
42.3554
42.4043
42.4533
42.5023
42.5514
42.6005
42.6497
42.6989
42.7482
42.7975
42.8469
42.8964
42.9458
42.9954
43.045
43.0946
43.1443
43.194
43.2437
43.2935
43.3434
43.3933
43.4432
43.4932
43.5433
43.5933
43.6435
43.6936
43.7439
43.7942
43.8445
43.8949
43.9453
43.9958
44.0464
44.0971
44.1478
44.1985
44.2494
44.3003
44.3513
44.4024
44.4535
44.5047
44.556
44.6073
44.6588
44.7103
44.7618
44.8134
44.8651
44.9169
44.9687
45.0206
45.0725
45.1244
45.1764
45.2285
45.2806
45.3327
45.3848
45.437
45.4892
45.5414
45.5936
45.6458
45.6981
45.7503
45.8025
45.8547
45.9069
45.9591
46.0113
46.0634
46.1156
46.1677
46.2198
46.2718
46.3238
46.3758
46.4277
46.4796
46.5315
46.5833
46.6351
46.6868
46.7385
46.7901
46.8417
46.8933
46.9448
46.9963
47.0477
47.099
47.1504
47.2017
47.2529
47.3041
47.3553
47.4065
47.4576
47.5087
47.5597
47.6108
47.6618
47.7128
47.7638
47.8147
47.8657
47.9167
47.9677
48.0187
48.0697
48.1207
48.1718
48.2228
48.274
48.3251
48.3763
48.4276
48.4788
48.5302
48.5816
48.6331
48.6846
48.7362
48.7878
48.8395
48.8913
48.9431
48.995
49.0469
49.0989
49.151
49.2031
49.2553
49.3075
49.3597
49.412
49.4644
49.5168
49.5692
49.6216
49.6741
49.7266
49.7791
49.8316
49.8841
49.9366
49.9892
50.0417
50.0942
50.1468
50.1993
50.2517
50.3042
50.3566
50.409
50.4613
50.5137
50.5659
50.6181
50.6703
50.7224
50.7744
50.8264
50.8783
50.9301
50.9819
51.0336
51.0852
51.1368
51.1883
51.2398
51.2911
51.3425
51.3937
51.4449
51.4961
51.5472
51.5983
51.6493
51.7002
51.7512
51.802
51.8529
51.9037
51.9545
52.0053
52.056
52.1068
52.1575
52.2082
52.2589
52.3095
52.3602
52.4109
52.4615
52.5122
52.5629
52.6136
52.6643
52.715
52.7657
52.8165
52.8672
52.918
52.9688
53.0197
53.0705
53.1214
53.1724
53.2233
53.2743
53.3253
53.3763
53.4274
53.4785
53.5296
53.5807
53.6319
53.6831
53.7343
53.7856
53.8369
53.8882
53.9395
53.9909
54.0423
54.0937
54.1452
54.1967
54.2482
54.2998
54.3514
54.403
54.4547
54.5064
54.5582
54.61
54.6618
54.7136
54.7655
54.8175
54.8694
54.9214
54.9734
55.0255
55.0776
55.1297
55.1819
55.234
55.2862
55.3385
55.3907
55.443
55.4952
55.5475
55.5999
55.6522
55.7045
55.7569
55.8092
55.8616
55.914
55.9664
56.0187
56.0711
56.1235
56.1758
56.2282
56.2806
56.3329
56.3853
56.4376
56.4899
56.5423
56.5946
56.6469
56.6992
56.7516
56.8039
56.8562
56.9085
56.9608
57.0131
57.0654
57.1177
57.17
57.2223
57.2747
57.327
57.3793
57.4316
57.4839
57.5361
57.5884
57.6407
57.6929
57.7452
57.7974
57.8496
57.9017
57.9538
58.0059
58.058
58.1101
58.1621
58.214
58.2659
58.3178
58.3697
58.4215
58.4733
58.525
58.5767
58.6283
58.6799
58.7314
58.7829
58.8344
58.8858
58.9371
58.9884
59.0396
59.0908
59.1419
59.193
59.244
59.295
59.3459
59.3967
59.4475
59.4983
59.549
59.5997
59.6503
59.7009
59.7514
59.802
59.8524
59.9029
59.9533
60.0037
60.0541
60.1045
60.1548
60.2051
60.2554
60.3057
60.356
60.4063
60.4565
60.5068
60.5571
60.6073
60.6576
60.7078
60.7581
60.8083
60.8586
60.9088
60.9591
61.0093
61.0596
61.1098
61.1601
61.2103
61.2606
61.3109
61.3611
61.4114
61.4617
61.512
61.5622
61.6125
61.6628
61.7131
61.7634
61.8137
61.864
61.9143
61.9646
62.0149
62.0653
62.1156
62.1659
62.2163
62.2666
62.317
62.3674
62.4178
62.4681
62.5185
62.569
62.6194
62.6698
62.7203
62.7707
62.8212
62.8717
62.9222
62.9727
63.0232
63.0738
63.1243
63.1749
63.2255
63.2762
63.3268
63.3775
63.4282
63.4789
63.5297
63.5805
63.6313
63.6822
63.7331
63.784
63.8349
63.8859
63.9369
63.9879
64.039
64.0901
64.1412
64.1923
64.2434
64.2946
64.3458
64.397
64.4482
64.4994
64.5507
64.6019
64.6532
64.7045
64.7558
64.8072
64.8585
64.9099
64.9613
65.0127
65.0642
65.1156
65.1672
65.2187
65.2703
65.322
65.3737
65.4254
65.4772
65.5291
65.581
65.6329
65.685
65.7371
65.7893
65.8415
65.8938
65.9462
65.9987
66.0513
66.1039
66.1567
66.2095
66.2624
66.3154
66.3685
66.4217
66.475
66.5284
66.5818
66.6354
66.6891
66.7428
66.7966
66.8505
66.9045
66.9586
67.0128
67.067
67.1213
67.1757
67.2301
67.2846
67.3392
67.3939
67.4486
67.5033
67.5581
67.6129
67.6678
67.7227
67.7776
67.8326
67.8876
67.9425
67.9975
68.0525
68.1075
68.1625
68.2175
68.2725
68.3274
68.3823
68.4372
68.4921
68.547
68.6018
68.6566
68.7113
68.7661
68.8208
68.8755
68.9301
68.9848
69.0394
69.0939
69.1485
69.203
69.2574
69.3119
69.3663
69.4207
69.475
69.5293
69.5835
69.6378
69.6919
69.7461
69.8002
69.8542
69.9082
69.9622
70.0162
70.0701
70.124
70.1778
70.2316
70.2854
70.3392
70.393
70.4467
70.5005
70.5542
70.6079
70.6616
70.7153
70.769
70.8227
70.8764
70.9301
70.9838
71.0374
71.0911
71.1448
71.1984
71.2521
71.3057
71.3593
71.413
71.4666
71.5202
71.5739
71.6275
71.6812
71.7348
71.7885
71.8422
71.8959
71.9496
72.0033
72.0571
72.1109
72.1647
72.2185
72.2724
72.3263
72.3802
72.4341
72.4881
72.5421
72.5962
72.6502
72.7043
72.7585
72.8126
72.8668
72.921
72.9753
73.0295
73.0838
73.1381
73.1924
73.2467
73.3011
73.3555
73.4098
73.4642
73.5186
73.573
73.6275
73.6819
73.7363
73.7908
73.8452
73.8997
73.9542
74.0087
74.0631
74.1176
74.1721
74.2266
74.2811
74.3356
74.3901
74.4446
74.4991
74.5536
74.6081
74.6625
74.717
74.7714
74.8258
74.8802
74.9345
74.9888
75.0431
75.0974
75.1516
75.2058
75.2599
75.314
75.368
75.422
75.476
75.5299
75.5837
75.6375
75.6913
75.745
75.7986
75.8522
75.9058
75.9593
76.0128
76.0662
76.1195
76.1728
76.2261
76.2793
76.3325
76.3856
76.4386
76.4917
76.5446
76.5975
76.6504
76.7032
76.7559
76.8086
76.8612
76.9138
76.9663
77.0187
77.0711
77.1234
77.1756
77.2278
77.2799
77.332
77.384
77.4359
77.4878
77.5396
77.5913
77.643
77.6947
77.7463
77.7978
77.8494
77.9009
77.9523
78.0038
78.0552
78.1066
78.158
78.2094
78.2609
78.3123
78.3638
78.4153
78.4668
78.5184
78.5701
78.6217
78.6735
78.7253
78.7771
78.829
78.881
78.9331
78.9852
79.0373
79.0896
79.1419
79.1942
79.2466
79.2991
79.3516
79.4041
79.4567
79.5093
79.562
79.6146
79.6674
79.7201
79.7728
79.8256
79.8784
79.9312
79.984
80.0368
80.0896
80.1424
80.1951
80.2479
80.3007
80.3534
80.4061
80.4588
80.5114
80.5641
80.6166
80.6692
80.7216
80.7741
80.8265
80.8788
80.9311
80.9833
81.0355
81.0876
81.1396
81.1916
81.2436
81.2955
81.3474
81.3992
81.451
81.5027
81.5544
81.6061
81.6578
81.7094
81.761
81.8126
81.8642
81.9158
81.9674
82.019
82.0706
82.1222
82.1738
82.2254
82.277
82.3287
82.3803
82.432
82.4837
82.5355
82.5872
82.639
82.6908
82.7427
82.7945
82.8464
82.8983
82.9502
83.0022
83.0542
83.1061
83.1581
83.2101
83.2621
83.3141
83.366
83.418
83.4699
83.5219
83.5738
83.6256
83.6775
83.7293
83.7812
83.8329
83.8847
83.9364
83.9882
84.0398
84.0915
84.1432
84.1948
84.2464
84.298
84.3496
84.4011
84.4526
84.5042
84.5557
84.6071
84.6586
84.7101
84.7615
84.8129
84.8642
84.9156
84.9669
85.0182
85.0694
85.1206
85.1717
85.2228
85.2738
85.3248
85.3757
85.4265
85.4772
85.5279
85.5785
85.629
85.6795
85.7298
85.7801
85.8303
85.8805
85.9305
85.9805
86.0304
86.0803
86.1301
86.1799
86.2297
86.2794
86.329
86.3787
86.4283
86.4779
86.5275
86.5771
86.6266
86.6762
86.7258
86.7754
86.825
86.8747
86.9243
86.974
87.0236
87.0734
87.1231
87.1729
87.2227
87.2725
87.3223
87.3722
87.4222
87.4721
87.5221
87.5722
87.6223
87.6724
87.7226
87.7728
87.823
87.8733
87.9236
87.974
88.0244
88.0749
88.1254
88.1759
88.2264
88.277
88.3276
88.3782
88.4289
88.4796
88.5303
88.581
88.6317
88.6824
88.7332
88.784
88.8347
88.8855
88.9363
88.9871
89.0378
89.0886
89.1394
89.1903
89.2411
89.2919
89.3427
89.3936
89.4445
89.4953
89.5462
89.5972
89.6481
89.6991
89.75
89.8011
89.8521
89.9032
89.9542
90.0054
90.0565
90.1076
90.1588
90.21
90.2612
90.3125
90.3637
90.415
90.4663
90.5176
90.5689
90.6202
90.6715
90.7229
90.7742
90.8256
90.8769
90.9283
90.9796
91.031
91.0824
91.1338
91.1851
91.2365
91.2879
91.3392
91.3906
91.4419
91.4933
91.5446
91.5959
91.6473
91.6986
91.7499
91.8011
91.8524
91.9036
91.9548
92.006
92.0572
92.1083
92.1594
92.2105
92.2615
92.3126
92.3635
92.4145
92.4653
92.5162
92.567
92.6178
92.6685
92.7191
92.7697
92.8203
92.8708
92.9213
92.9717
93.0221
93.0724
93.1226
93.1729
93.223
93.2732
93.3232
93.3733
93.4233
93.4733
93.5232
93.5732
93.6231
93.673
93.7229
93.7728
93.8227
93.8727
93.9226
93.9726
94.0227
94.0728
94.1229
94.1731
94.2234
94.2738
94.3242
94.3748
94.4254
94.4762
94.527
94.578
94.6291
94.6803
94.7316
94.783
94.8346
94.8863
94.9381
94.99
95.0421
95.0943
95.1466
95.1991
95.2516
95.3043
95.3571
95.41
95.4631
95.5162
95.5695
95.6229
95.6764
95.7299
95.7836
95.8374
95.8913
95.9453
95.9994
96.0536
96.1079
96.1623
96.2168
96.2714
96.326
96.3808
96.4356
96.4905
96.5455
96.6006
96.6557
96.7109
96.7662
96.8216
96.877
96.9325
96.9881
97.0437
97.0994
97.1551
97.2108
97.2667
97.3225
97.3784
97.4343
97.4903
97.5463
97.6023
97.6583
97.7144
97.7705
97.8267
97.8828
97.939
97.9953
98.0515
98.1078
98.1641
98.2205
98.2769
98.3333
98.3897
98.4462
98.5027
98.5593
98.6159
98.6725
98.7292
98.7859
98.8427
98.8995
98.9564
99.0133
99.0702
99.1272
99.1842
99.2413
99.2984
99.3555
99.4127
99.4699
99.5272
99.5844
99.6418
99.6991
99.7565
99.8139
99.8713
99.9288
99.9862
100.044
100.101
100.159
100.216
100.274
100.331
100.389
100.447
100.504
100.562
100.62
100.677
100.735
100.793
100.85
100.908
100.966
101.023
101.081
101.139
101.197
101.255
101.313
101.37
101.428
101.486
101.544
101.602
101.66
101.718
101.776
101.835
101.893
101.951
102.009
102.067
102.126
102.184
102.242
102.301
102.359
102.417
102.476
102.534
102.593
102.651
102.71
102.768
102.826
102.885
102.943
103.002
103.06
103.118
103.177
103.235
103.293
103.352
103.41
103.468
103.526
103.584
103.642
103.7
103.758
103.816
103.874
103.932
103.99
104.047
104.105
104.162
104.219
104.277
104.334
104.391
104.448
104.504
104.561
104.618
104.674
104.73
104.787
104.843
104.899
104.955
105.011
105.066
105.122
105.178
105.233
105.288
105.344
105.399
105.454
105.509
105.564
105.619
105.674
105.729
105.784
105.839
105.894
105.949
106.003
106.058
106.112
106.167
106.221
106.276
106.33
106.385
106.439
106.494
106.548
106.602
106.656
106.711
106.765
106.819
106.873
106.927
106.982
107.036
107.09
107.144
107.198
107.252
107.306
107.36
107.414
107.467
107.521
107.575
107.629
107.682
107.736
107.79
107.843
107.897
107.95
108.003
108.057
108.11
108.163
108.216
108.269
108.322
108.375
108.428
108.48
108.533
108.585
108.638
108.69
108.742
108.794
108.846
108.898
108.95
109.002
109.054
109.106
109.157
109.209
109.26
109.312
109.363
109.414
109.466
109.517
109.568
109.619
109.671
109.722
109.773
109.824
109.875
109.926
109.977
110.028
110.079
110.13
110.181
110.232
110.282
110.333
110.384
110.434
110.485
110.535
110.586
110.636
110.687
110.737
110.787
110.838
110.888
110.938
110.988
111.039
111.089
111.139
111.189
111.24
111.29
111.34
111.39
111.441
111.491
111.541
111.591
111.642
111.692
111.742
111.792
111.842
111.892
111.943
111.993
112.043
112.093
112.143
112.193
112.243
112.292
112.342
112.392
112.442
112.492
112.541
112.591
112.64
112.69
112.739
112.789
112.838
112.887
112.937
112.986
113.035
113.084
113.133
113.182
113.231
113.279
113.328
113.377
113.425
113.474
113.522
113.571
113.619
113.667
113.715
113.763
113.812
113.859
113.907
113.955
114.003
114.051
114.099
114.146
114.194
114.242
114.289
114.337
114.384
114.432
114.479
114.527
114.574
114.622
114.669
114.717
114.764
114.811
114.858
114.906
114.953
115
115.047
115.094
115.141
115.188
115.235
115.281
115.328
115.375
115.421
115.468
115.514
115.561
115.607
115.654
115.7
115.747
115.793
115.84
115.886
115.932
115.979
116.025
116.072
116.118
116.165
116.211
116.258
116.305
116.351
116.398
116.445
116.491
116.538
116.585
116.631
116.678
116.725
116.771
116.818
116.865
116.912
116.958
117.005
117.052
117.098
117.145
117.192
117.238
117.285
117.331
117.378
117.424
117.471
117.517
117.563
117.61
117.656
117.702
117.748
117.794
117.84
117.886
117.932
117.978
118.024
118.069
118.115
118.161
118.206
118.252
118.297
118.342
118.388
118.433
118.478
118.523
118.569
118.614
118.659
118.704
118.749
118.794
118.838
118.883
118.928
118.973
119.018
119.063
119.107
119.152
119.197
119.241
119.286
119.331
119.376
119.42
119.465
119.51
119.555
119.6
119.644
119.689
119.734
119.779
119.824
119.869
119.914
119.959
120.004
120.049
120.095
120.14
120.185
120.231
120.276
120.322
120.367
120.413
120.459
120.504
120.55
120.596
120.642
120.688
120.734
120.781
120.827
120.874
120.92
120.967
121.013
121.06
121.107
121.154
121.202
121.249
121.297
121.344
121.392
121.44
121.488
121.537
121.585
121.634
121.683
121.732
121.781
121.831
121.88
121.93
121.98
122.03
122.08
122.13
122.181
122.231
122.282
122.333
122.384
122.435
122.487
122.538
122.59
122.641
122.693
122.745
122.797
122.849
122.902
122.954
123.007
123.059
123.112
123.165
123.218
123.271
123.324
123.377
123.43
123.483
123.537
123.59
123.644
123.697
123.751
123.804
123.858
123.912
123.966
124.019
124.073
124.127
124.181
124.235
124.289
124.343
124.397
124.451
124.505
124.559
124.613
124.668
124.722
124.776
124.83
124.884
124.938
124.992
125.046
125.1
125.154
125.207
125.261
125.315
125.369
125.422
125.476
125.529
125.582
125.635
125.689
125.742
125.794
125.847
125.9
125.953
126.005
126.057
126.11
126.162
126.214
126.266
126.318
126.37
126.422
126.474
126.526
126.577
126.629
126.681
126.733
126.784
126.836
126.887
126.939
126.99
127.042
127.093
127.145
127.196
127.248
127.299
127.351
127.402
127.453
127.505
127.556
127.607
127.658
127.709
127.761
127.812
127.863
127.914
127.965
128.016
128.067
128.117
128.168
128.219
128.27
128.32
128.371
128.421
128.472
128.522
128.572
128.622
128.672
128.722
128.772
128.822
128.872
128.922
128.972
129.021
129.071
129.12
129.17
129.219
129.268
129.318
129.367
129.416
129.465
129.514
129.563
129.612
129.66
129.709
129.758
129.806
129.855
129.903
129.951
130
130.048
130.096
130.144
130.192
130.24
130.287
130.335
130.382
130.43
130.477
130.525
130.572
130.619
130.666
130.713
130.76
130.806
130.853
130.9
130.946
130.993
131.039
131.085
131.132
131.178
131.224
131.271
131.317
131.363
131.409
131.456
131.502
131.548
131.594
131.641
131.687
131.733
131.779
131.826
131.872
131.919
131.965
132.012
132.058
132.105
132.152
132.199
132.246
132.293
132.34
132.387
132.434
132.482
132.529
132.577
132.625
132.672
132.72
132.769
132.817
132.865
132.914
132.962
133.011
133.06
133.109
133.158
133.208
133.257
133.307
133.357
133.407
133.457
133.507
133.558
133.608
133.659
133.71
133.761
133.812
133.863
133.915
133.966
134.018
134.07
134.122
134.174
134.226
134.278
134.331
134.383
134.436
134.489
134.541
134.594
134.648
134.701
134.754
134.807
134.861
134.914
134.968
135.022
135.076
135.13
135.184
135.238
135.292
135.346
135.401
135.455
135.51
135.564
135.619
135.674
135.729
135.783
135.838
135.893
135.948
136.004
136.059
136.114
136.169
136.225
136.28
136.336
136.391
136.447
136.503
136.559
136.615
136.671
136.727
136.783
136.839
136.896
136.952
137.008
137.065
137.122
137.178
137.235
137.292
137.349
137.406
137.463
137.52
137.577
137.634
137.692
137.749
137.806
137.864
137.921
137.978
138.036
138.093
138.151
138.208
138.266
138.323
138.381
138.438
138.496
138.553
138.611
138.668
138.726
138.783
138.841
138.898
138.956
139.013
139.071
139.128
139.186
139.243
139.301
139.358
139.415
139.473
139.53
139.587
139.645
139.702
139.759
139.817
139.874
139.931
139.988
140.045
140.102
140.159
140.216
140.273
140.33
140.387
140.444
140.501
140.558
140.615
140.672
140.729
140.785
140.842
140.899
140.956
141.013
141.069
141.126
141.183
141.24
141.297
141.354
141.411
141.467
141.524
141.581
141.638
141.695
141.752
141.809
141.866
141.922
141.979
142.036
142.093
142.15
142.206
142.263
142.319
142.376
142.432
142.489
142.545
142.602
142.658
142.714
142.77
142.826
142.882
142.938
142.994
143.05
143.106
143.161
143.217
143.273
143.328
143.384
143.44
143.495
143.551
143.606
143.662
143.717
143.773
143.828
143.884
143.939
143.994
144.05
144.105
144.161
144.216
144.271
144.327
144.382
144.437
144.493
144.548
144.604
144.659
144.714
144.77
144.825
144.88
144.936
144.991
145.046
145.101
145.157
145.212
145.267
145.322
145.377
145.432
145.487
145.542
145.597
145.652
145.706
145.761
145.815
145.87
145.924
145.979
146.033
146.087
146.141
146.195
146.249
146.302
146.356
146.409
146.463
146.516
146.569
146.622
146.675
146.728
146.781
146.834
146.887
146.939
146.991
147.044
147.096
147.148
147.2
147.252
147.304
147.356
147.407
147.459
147.51
147.562
147.613
147.665
147.716
147.767
147.818
147.869
147.92
147.971
148.022
148.073
148.124
148.175
148.225
148.276
148.327
148.378
148.428
148.479
148.53
148.58
148.631
148.682
148.732
148.783
148.834
148.884
148.935
148.986
149.037
149.087
149.138
149.189
149.24
149.291
149.342
149.393
149.444
149.496
149.547
149.598
149.649
149.701
149.752
149.804
149.856
149.907
149.959
150.011
150.063
150.115
150.167
150.219
150.272
150.324
150.376
150.429
150.481
150.534
150.586
150.639
150.691
150.744
150.797
150.85
150.903
150.955
151.008
151.061
151.114
151.167
151.22
151.273
151.326
151.379
151.433
151.486
151.539
151.592
151.645
151.698
151.751
151.805
151.858
151.911
151.965
152.018
152.071
152.124
152.178
152.231
152.285
152.338
152.391
152.445
152.498
152.552
152.605
152.659
152.712
152.766
152.819
152.873
152.927
152.981
153.035
153.089
153.143
153.197
153.251
153.305
153.36
153.414
153.469
153.524
153.579
153.634
153.689
153.744
153.799
153.855
153.91
153.966
154.021
154.077
154.133
154.189
154.245
154.302
154.358
154.414
154.471
154.527
154.584
154.64
154.697
154.754
154.81
154.867
154.924
154.981
155.038
155.094
155.151
155.208
155.265
155.322
155.379
155.436
155.493
155.55
155.607
155.664
155.721
155.777
155.834
155.891
155.947
156.004
156.06
156.117
156.173
156.229
156.285
156.341
156.397
156.453
156.509
156.564
156.62
156.675
156.73
156.785
156.84
156.895
156.949
157.004
157.058
157.112
157.166
157.22
157.273
157.327
157.38
157.433
157.486
157.539
157.591
157.644
157.696
157.748
157.8
157.852
157.904
157.955
158.007
158.058
158.109
158.16
158.211
158.262
158.313
158.364
158.414
158.465
158.515
158.565
158.615
158.665
158.715
158.765
158.815
158.865
158.915
158.964
159.014
159.063
159.113
159.162
159.211
159.261
159.31
159.359
159.408
159.457
159.506
159.555
159.604
159.653
159.702
159.751
159.799
159.848
159.897
159.946
159.995
160.044
160.093
160.142
160.191
160.24
160.289
160.338
160.387
160.436
160.486
160.535
160.584
160.634
160.683
160.732
160.782
160.831
160.88
160.929
160.979
161.028
161.077
161.126
161.176
161.225
161.274
161.323
161.372
161.421
161.469
161.518
161.567
161.616
161.664
161.713
161.761
161.809
161.858
161.906
161.954
162.002
162.05
162.098
162.147
162.195
162.243
162.291
162.339
162.387
162.435
162.483
162.531
162.579
162.628
162.676
162.724
162.773
162.821
162.87
162.919
162.968
163.017
163.066
163.115
163.164
163.213
163.263
163.312
163.362
163.411
163.461
163.511
163.56
163.61
163.66
163.71
163.76
163.811
163.861
163.911
163.961
164.012
164.062
164.112
164.163
164.213
164.264
164.315
164.365
164.416
164.466
164.517
164.568
164.619
164.669
164.72
164.771
164.822
164.873
164.924
164.975
165.026
165.077
165.128
165.179
165.23
165.281
165.332
165.383
165.434
165.485
165.536
165.587
165.638
165.689
165.741
165.792
165.843
165.894
165.945
165.995
166.046
166.097
166.148
166.199
166.25
166.301
166.351
166.402
166.453
166.504
166.554
166.605
166.655
166.706
166.756
166.807
166.857
166.908
166.958
167.008
167.059
167.109
167.159
167.209
167.259
167.31
167.36
167.41
167.459
167.509
167.559
167.609
167.659
167.708
167.758
167.807
167.857
167.906
167.955
168.005
168.054
168.103
168.152
168.201
168.25
168.299
168.348
168.396
168.445
168.494
168.542
168.591
168.639
168.688
168.736
168.784
168.832
168.881
168.929
168.977
169.025
169.073
169.121
169.169
169.217
169.264
169.312
169.36
169.408
169.456
169.504
169.552
169.599
169.647
169.695
169.743
169.791
169.839
169.887
169.935
169.983
170.031
170.079
170.127
170.175
170.223
170.271
170.319
170.367
170.415
170.463
170.511
170.56
170.608
170.656
170.704
170.752
170.801
170.849
170.897
170.945
170.993
171.041
171.09
171.138
171.186
171.234
171.282
171.331
171.379
171.427
171.475
171.524
171.572
171.62
171.669
171.717
171.766
171.815
171.864
171.913
171.962
172.011
172.06
172.109
172.159
172.209
172.259
172.309
172.359
172.409
172.459
172.51
172.561
172.612
172.663
172.714
172.765
172.817
172.868
172.92
172.972
173.024
173.076
173.129
173.181
173.234
173.287
173.34
173.393
173.446
173.499
173.553
173.606
173.66
173.714
173.768
173.822
173.877
173.931
173.986
174.041
174.096
174.151
174.206
174.262
174.317
174.373
174.429
174.485
174.542
174.598
174.655
174.711
174.768
174.825
174.882
174.939
174.997
175.054
175.112
175.17
175.228
175.286
175.344
175.402
175.46
175.519
175.577
175.636
175.695
175.753
175.812
175.871
175.93
175.989
176.048
176.107
176.166
176.225
176.284
176.342
176.401
176.46
176.519
176.577
176.636
176.695
176.753
176.812
176.87
176.928
176.987
177.045
177.103
177.161
177.219
177.277
177.335
177.393
177.451
177.508
177.566
177.624
177.682
177.739
177.797
177.854
177.912
177.969
178.027
178.084
178.141
178.199
178.256
178.313
178.37
178.428
178.485
178.542
178.599
178.657
178.714
178.771
178.828
178.886
178.943
179
179.057
179.115
179.172
179.229
179.287
179.344
179.401
179.459
179.516
179.574
179.631
179.689
179.746
179.804
179.862
179.919
179.977
180.035
180.093
180.15
180.208
180.266
180.324
180.382
180.439
180.497
180.555
180.613
180.671
180.729
180.786
180.844
180.902
180.96
181.017
181.075
181.133
181.19
181.248
181.305
181.363
181.42
181.477
181.535
181.592
181.649
181.706
181.763
181.82
181.877
181.934
181.99
182.047
182.103
182.16
182.216
182.272
182.328
182.384
182.44
182.495
182.551
182.606
182.662
182.717
182.772
182.827
182.882
182.937
182.991
183.046
183.1
183.155
183.209
183.263
183.318
183.372
183.426
183.48
183.534
183.588
183.642
183.696
183.75
183.804
183.858
183.911
183.965
184.019
184.073
184.127
184.18
184.234
184.288
184.341
184.395
184.449
184.502
184.556
184.609
184.663
184.716
184.769
184.823
184.876
184.929
184.982
185.035
185.088
185.141
185.194
185.246
185.299
185.352
185.404
185.456
185.509
185.561
185.613
185.665
185.717
185.769
185.821
185.873
185.924
185.976
186.028
186.079
186.131
186.182
186.233
186.284
186.335
186.386
186.437
186.488
186.539
186.59
186.64
186.691
186.741
186.792
186.842
186.892
186.943
186.993
187.043
187.093
187.143
187.193
187.243
187.293
187.343
187.392
187.442
187.492
187.541
187.591
187.641
187.69
187.74
187.79
187.839
187.889
187.938
187.988
188.037
188.087
188.136
188.186
188.236
188.285
188.335
188.384
188.434
188.483
188.533
188.583
188.632
188.682
188.732
188.781
188.831
188.881
188.93
188.98
189.03
189.08
189.129
189.179
189.229
189.279
189.329
189.378
189.428
189.478
189.528
189.578
189.628
189.678
189.728
189.778
189.828
189.879
189.929
189.979
190.029
190.08
190.13
190.18
190.231
190.281
190.331
190.382
190.432
190.483
190.533
190.584
190.635
190.685
190.736
190.786
190.837
190.888
190.939
190.989
191.04
191.091
191.142
191.192
191.243
191.294
191.345
191.396
191.447
191.498
191.549
191.6
191.652
191.703
191.754
191.805
191.857
191.908
191.96
192.011
192.063
192.115
192.166
192.218
192.27
192.322
192.374
192.427
192.479
192.531
192.583
192.636
192.688
192.741
192.794
192.846
192.899
192.952
193.005
193.058
193.111
193.164
193.218
193.271
193.324
193.378
193.432
193.485
193.539
193.593
193.647
193.701
193.755
193.81
193.864
193.919
193.973
194.028
194.083
194.138
194.193
194.248
194.303
194.358
194.413
194.469
194.524
194.579
194.635
194.69
194.746
194.801
194.857
194.912
194.967
195.023
195.078
195.134
195.189
195.244
195.3
195.355
195.41
195.466
195.521
195.576
195.631
195.687
195.742
195.797
195.852
195.907
195.962
196.016
196.071
196.126
196.18
196.235
196.289
196.344
196.398
196.452
196.506
196.56
196.614
196.667
196.721
196.774
196.827
196.88
196.933
196.986
197.039
197.091
197.144
197.196
197.249
197.301
197.353
197.405
197.457
197.509
197.561
197.613
197.664
197.716
197.768
197.819
197.871
197.923
197.974
198.026
198.078
198.129
198.181
198.233
198.284
198.336
198.388
198.44
198.492
198.544
198.596
198.648
198.7
198.752
198.804
198.856
198.909
198.961
199.014
199.066
199.119
199.172
199.225
199.277
199.33
199.383
199.436
199.489
199.542
199.595
199.649
199.702
199.755
199.808
199.862
199.915
199.968
200.021
200.074
200.128
200.181
200.234
200.287
200.34
200.393
200.446
200.498
200.551
200.604
200.656
200.709
200.761
200.813
200.865
200.918
200.97
201.021
201.073
201.125
201.176
201.228
201.279
201.33
201.382
201.433
201.483
201.534
201.585
201.636
201.686
201.736
201.787
201.837
201.887
201.937
201.987
202.037
202.087
202.136
202.186
202.236
202.285
202.334
202.384
202.433
202.482
202.531
202.581
202.63
202.679
202.728
202.777
202.825
202.874
202.923
202.972
203.02
203.069
203.118
203.166
203.215
203.263
203.311
203.36
203.408
203.456
203.505
203.553
203.601
203.649
203.697
203.745
203.793
203.841
203.889
203.937
203.985
204.033
204.081
204.129
204.177
204.225
204.273
204.321
204.369
204.417
204.465
204.513
204.562
204.61
204.658
204.706
204.754
204.803
204.851
204.899
204.948
204.996
205.045
205.093
205.142
205.19
205.239
205.288
205.336
205.385
205.434
205.482
205.531
205.58
205.628
205.677
205.726
205.775
205.823
205.872
205.921
205.969
206.018
206.066
206.115
206.164
206.212
206.261
206.309
206.358
206.407
206.455
206.504
206.553
206.601
206.65
206.699
206.748
206.797
206.846
206.895
206.944
206.993
207.043
207.092
207.142
207.191
207.241
207.291
207.34
207.39
207.44
207.491
207.541
207.591
207.642
207.693
207.743
207.794
207.845
207.896
207.947
207.999
208.05
208.102
208.153
208.205
208.257
208.308
208.36
208.412
208.464
208.517
208.569
208.621
208.674
208.726
208.778
208.831
208.883
208.936
208.989
209.041
209.094
209.147
209.2
209.252
209.305
209.358
209.411
209.464
209.517
209.57
209.623
209.676
209.729
209.782
209.835
209.889
209.942
209.995
210.048
210.102
210.155
210.208
210.262
210.315
210.369
210.422
210.476
210.529
210.583
210.637
210.69
210.744
210.798
210.851
210.905
210.958
211.012
211.066
211.119
211.173
211.227
211.28
211.334
211.388
211.441
211.495
211.549
211.602
211.656
211.71
211.763
211.817
211.871
211.924
211.978
212.031
212.085
212.138
212.192
212.245
212.299
212.352
212.405
212.459
212.512
212.565
212.618
212.671
212.723
212.776
212.829
212.881
212.933
212.986
213.038
213.09
213.142
213.193
213.245
213.297
213.348
213.399
213.451
213.502
213.553
213.604
213.654
213.705
213.756
213.806
213.857
213.907
213.957
214.008
214.058
214.108
214.158
214.207
214.257
214.307
214.356
214.406
214.455
214.504
214.553
214.602
214.651
214.7
214.749
214.798
214.846
214.895
214.943
214.992
215.04
215.088
215.136
215.184
215.232
215.28
215.328
215.376
215.424
215.472
215.519
215.567
215.614
215.662
215.709
215.757
215.804
215.851
215.899
215.946
215.993
216.04
216.087
216.134
216.181
216.228
216.275
216.322
216.368
216.415
216.462
216.508
216.555
216.601
216.647
216.693
216.739
216.785
216.831
216.876
216.922
216.967
217.013
217.058
217.103
217.147
217.192
217.237
217.281
217.325
217.369
217.413
217.457
217.5
217.544
217.587
217.63
217.673
217.716
217.758
217.801
217.843
217.886
217.928
217.97
218.013
218.055
218.097
218.139
218.181
218.222
218.264
218.306
218.348
218.39
218.432
218.474
218.516
218.558
218.6
218.643
218.685
218.727
218.77
218.813
218.855
218.898
218.942
218.985
219.028
219.072
219.115
219.159
219.203
219.248
219.292
219.336
219.381
219.426
219.471
219.516
219.561
219.606
219.652
219.698
219.743
219.789
219.835
219.881
219.928
219.974
220.02
220.067
220.114
220.16
220.207
220.254
220.301
220.348
220.395
220.442
220.489
220.536
220.583
220.63
220.677
220.724
220.771
220.819
220.866
220.913
220.96
221.007
221.054
221.101
221.149
221.196
221.243
221.29
221.337
221.384
221.431
221.477
221.524
221.571
221.618
221.665
221.711
221.758
221.805
221.851
221.898
221.944
221.991
222.037
222.084
222.13
222.177
222.223
222.269
222.315
222.362
222.408
222.454
222.5
222.546
222.591
222.637
222.683
222.729
222.775
222.82
222.866
222.912
222.957
223.003
223.049
223.094
223.14
223.186
223.232
223.277
223.323
223.369
223.415
223.461
223.508
223.554
223.6
223.647
223.693
223.74
223.787
223.834
223.881
223.928
223.975
224.022
224.069
224.117
224.164
224.212
224.26
224.308
224.356
224.404
224.452
224.5
224.548
224.597
224.645
224.694
224.742
224.791
224.84
224.888
224.937
224.986
225.035
225.084
225.133
225.183
225.232
225.281
225.331
225.38
225.429
225.479
225.528
225.578
225.628
225.677
225.727
225.777
225.827
225.876
225.926
225.976
226.026
226.076
226.126
226.176
226.226
226.276
226.326
226.377
226.427
226.477
226.527
226.577
226.628
226.678
226.728
226.779
226.829
226.88
226.93
226.981
227.031
227.081
227.132
227.182
227.233
227.283
227.334
227.384
227.435
227.485
227.535
227.585
227.636
227.686
227.736
227.786
227.836
227.886
227.936
227.985
228.035
228.084
228.134
228.183
228.232
228.281
228.33
228.379
228.428
228.477
228.526
228.574
228.622
228.671
228.719
228.767
228.816
228.864
228.912
228.96
229.008
229.056
229.104
229.152
229.2
229.248
229.296
229.344
229.392
229.44
229.488
229.536
229.584
229.632
229.68
229.728
229.776
229.824
229.872
229.92
229.968
230.016
230.064
230.112
230.159
230.207
230.255
230.303
230.35
230.398
230.445
230.493
230.54
230.588
230.635
230.683
230.73
230.777
230.825
230.872
230.919
230.966
231.013
231.06
231.107
231.154
231.202
231.249
231.296
231.343
231.389
231.436
231.483
231.53
231.577
231.624
231.67
231.717
231.763
231.81
231.856
231.902
231.948
231.995
232.04
232.086
232.132
232.178
232.223
232.269
232.314
232.359
232.404
232.45
232.495
232.539
232.584
232.629
232.674
232.718
232.763
232.808
232.852
232.897
232.941
232.986
233.03
233.075
233.12
233.165
233.209
233.254
233.299
233.344
233.389
233.435
233.48
233.526
233.571
233.617
233.663
233.709
233.755
233.801
233.848
233.894
233.941
233.988
234.035
234.082
234.129
234.177
234.224
234.272
234.32
234.368
234.416
234.464
234.513
234.561
234.61
234.659
234.708
234.757
234.806
234.855
234.904
234.954
235.003
235.053
235.102
235.152
235.202
235.252
235.302
235.352
235.402
235.452
235.502
235.552
235.603
235.653
235.703
235.754
235.804
235.855
235.905
235.956
236.006
236.057
236.107
236.157
236.208
236.258
236.309
236.359
236.409
236.46
236.51
236.56
236.61
236.66
236.71
236.76
236.81
236.86
236.91
236.96
237.009
237.059
237.108
237.158
237.207
237.256
237.306
237.355
237.404
237.453
237.502
237.551
237.599
237.648
237.697
237.746
237.794
237.843
237.892
237.941
237.989
238.038
238.086
238.135
238.184
238.232
238.281
238.33
238.378
238.427
238.476
238.525
238.573
238.622
238.671
238.719
238.768
238.817
238.866
238.915
238.963
239.012
239.061
239.11
239.159
239.207
239.256
239.305
239.354
239.403
239.452
239.501
239.549
239.598
239.647
239.696
239.745
239.793
239.842
239.891
239.939
239.988
240.036
240.085
240.133
240.181
240.229
240.277
240.325
240.373
240.42
240.468
240.515
240.562
240.609
240.656
240.702
240.749
240.795
240.841
240.887
240.933
240.978
241.023
241.069
241.113
241.158
241.203
241.247
241.291
241.335
241.379
241.423
241.466
241.509
241.552
241.595
241.638
241.68
241.722
241.764
241.806
241.848
241.889
241.931
241.972
242.013
242.053
242.094
242.134
242.175
242.215
242.254
242.294
242.334
242.373
242.412
242.451
242.49
242.529
242.567
242.606
242.644
242.682
242.72
242.757
242.795
242.833
242.87
242.907
242.944
242.981
243.018
243.055
243.092
243.128
243.165
243.201
243.237
243.274
243.31
243.346
243.382
243.418
243.454
243.489
243.525
243.561
243.597
243.632
243.668
243.704
243.739
243.775
243.811
243.846
243.882
243.917
243.953
243.988
244.024
244.059
244.095
244.13
244.166
244.201
244.237
244.272
244.308
244.343
244.379
244.414
244.449
244.485
244.52
244.556
244.591
244.626
244.662
244.697
244.732
244.768
244.803
244.839
244.874
244.909
244.945
244.98
245.015
245.051
245.086
245.122
245.157
245.193
245.228
245.264
245.299
245.335
245.371
245.406
245.442
245.478
245.514
245.55
245.586
245.622
245.658
245.694
245.73
245.767
245.803
245.84
245.877
245.914
245.951
245.988
246.025
246.063
246.101
246.139
246.177
246.215
246.254
246.292
246.331
246.37
246.41
246.45
246.49
246.53
246.571
246.611
246.652
246.694
246.736
246.778
246.82
246.862
246.905
246.948
246.992
247.036
247.08
247.124
247.169
247.214
247.259
247.305
247.351
247.397
247.443
247.489
247.536
247.583
247.63
247.678
247.725
247.773
247.821
247.869
247.917
247.965
248.014
248.062
248.111
248.16
248.209
248.258
248.307
248.356
248.405
248.455
248.504
248.553
248.603
248.652
248.702
248.751
248.801
248.85
248.9
248.949
248.999
249.049
249.098
249.148
249.197
249.247
249.297
249.346
249.396
249.445
249.495
249.544
249.594
249.643
249.692
249.742
249.791
249.84
249.889
249.938
249.987
250.036
250.085
250.134
250.183
250.232
250.28
250.329
250.377
250.426
250.474
250.523
250.571
250.619
250.668
250.716
250.764
250.813
250.861
250.909
250.958
251.006
251.055
251.103
251.151
251.2
251.248
251.297
251.345
251.394
251.442
251.491
251.539
251.588
251.636
251.685
251.733
251.782
251.83
251.878
251.926
251.974
252.022
252.07
252.117
252.165
252.212
252.259
252.307
252.353
252.4
252.447
252.493
252.54
252.586
252.631
252.677
252.723
252.768
252.813
252.858
252.903
252.947
252.991
253.035
253.079
253.123
253.166
253.21
253.253
253.296
253.338
253.381
253.423
253.465
253.507
253.549
253.591
253.632
253.674
253.715
253.756
253.797
253.838
253.879
253.92
253.961
254.002
254.042
254.083
254.124
254.165
254.205
254.246
254.287
254.328
254.369
254.41
254.451
254.492
254.533
254.574
254.615
254.657
254.698
254.74
254.782
254.824
254.866
254.908
254.95
254.992
255.035
255.077
255.12
255.163
255.206
255.25
255.293
255.337
255.381
255.425
255.469
255.513
255.557
255.602
255.647
255.691
255.736
255.781
255.827
255.872
255.917
255.963
256.009
256.054
256.1
256.146
256.192
256.238
256.284
256.33
256.376
256.422
256.469
256.515
256.561
256.607
256.653
256.699
256.745
256.792
256.838
256.884
256.93
256.976
257.022
257.068
257.114
257.159
257.205
257.251
257.297
257.343
257.388
257.434
257.48
257.526
257.572
257.617
257.663
257.709
257.754
257.8
257.846
257.892
257.937
257.983
258.029
258.074
258.12
258.166
258.211
258.257
258.302
258.348
258.393
258.439
258.484
258.53
258.575
258.62
258.666
258.711
258.756
258.802
258.847
258.893
258.938
258.984
259.03
259.076
259.121
259.167
259.213
259.259
259.306
259.352
259.398
259.445
259.491
259.538
259.585
259.631
259.678
259.725
259.772
259.82
259.867
259.914
259.962
260.009
260.057
260.104
260.152
260.2
260.248
260.296
260.343
260.391
260.44
260.488
260.536
260.584
260.633
260.681
260.729
260.778
260.827
260.875
260.924
260.973
261.022
261.071
261.12
261.169
261.219
261.268
261.318
261.368
261.418
261.468
261.518
261.568
261.619
261.669
261.72
261.771
261.822
261.873
261.924
261.976
262.027
262.079
262.131
262.183
262.235
262.287
262.339
262.392
262.444
262.497
262.549
262.602
262.654
262.707
262.76
262.813
262.866
262.918
262.971
263.024
263.077
263.13
263.183
263.236
263.289
263.342
263.395
263.448
263.501
263.554
263.606
263.659
263.712
263.765
263.818
263.871
263.923
263.976
264.029
264.082
264.134
264.187
264.24
264.293
264.345
264.398
264.451
264.503
264.556
264.609
264.661
264.714
264.767
264.82
264.872
264.925
264.978
265.031
265.085
265.138
265.191
265.245
265.298
265.352
265.406
265.46
265.514
265.568
265.623
265.678
265.733
265.788
265.843
265.899
265.955
266.011
266.068
266.125
266.182
266.24
266.297
266.356
266.414
266.473
266.532
266.591
266.651
266.711
266.772
266.832
266.893
266.954
267.016
267.078
267.14
267.202
267.264
267.327
267.39
267.453
267.516
267.58
267.643
267.707
267.771
267.835
267.9
267.964
268.029
268.094
268.159
268.224
268.289
268.355
268.42
268.486
268.552
268.618
268.684
268.751
268.817
268.884
268.951
269.018
269.085
269.152
269.219
269.287
269.354
269.422
269.49
269.558
269.626
269.694
269.762
269.83
269.898
269.966
270.035
270.103
270.171
270.239
270.307
270.375
270.443
270.511
270.579
270.647
270.715
270.782
270.849
270.917
270.984
271.051
271.118
271.184
271.251
271.317
271.384
271.45
271.516
271.581
271.647
271.713
271.778
271.843
271.908
271.973
272.038
272.102
272.167
272.231
272.295
272.359
272.423
272.487
272.551
272.614
272.678
272.741
272.804
272.867
272.93
272.993
273.056
273.119
273.181
273.244
273.306
273.369
273.431
273.493
273.556
273.618
273.68
273.742
273.804
273.866
273.928
273.99
274.052
274.114
274.176
274.238
274.3
274.362
274.424
274.486
274.548
274.61
274.672
274.735
274.797
274.859
274.921
274.984
275.046
275.109
275.171
275.234
275.297
275.36
275.423
275.485
275.548
275.611
275.674
275.737
275.8
275.863
275.926
275.989
276.052
276.114
276.177
276.239
276.302
276.364
276.426
276.488
276.55
276.612
276.674
276.735
276.797
276.858
276.92
276.981
277.042
277.104
277.165
277.226
277.287
277.348
277.409
277.469
277.53
277.591
277.652
277.713
277.773
277.834
277.895
277.955
278.016
278.076
278.137
278.197
278.258
278.318
278.379
278.439
278.499
278.56
278.62
278.68
278.74
278.8
278.86
278.919
278.979
279.039
279.098
279.158
279.217
279.277
279.336
279.395
279.454
279.513
279.573
279.632
279.691
279.749
279.808
279.867
279.926
279.985
280.044
280.102
280.161
280.22
280.279
280.337
280.396
280.455
280.514
280.572
280.631
280.69
280.748
280.807
280.866
280.925
280.983
281.042
281.101
281.16
281.218
281.277
281.336
281.395
281.454
281.513
281.572
281.631
281.69
281.749
281.808
281.867
281.927
281.986
282.045
282.105
282.164
282.224
282.283
282.343
282.403
282.462
282.522
282.582
282.642
282.703
282.763
282.823
282.884
282.944
283.005
283.065
283.126
283.187
283.248
283.309
283.37
283.431
283.492
283.554
283.615
283.676
283.738
283.799
283.861
283.923
283.984
284.046
284.108
284.169
284.231
284.293
284.354
284.416
284.477
284.539
284.601
284.662
284.724
284.785
284.846
284.907
284.969
285.03
285.091
285.152
285.212
285.273
285.334
285.394
285.455
285.515
285.575
285.635
285.695
285.755
285.815
285.874
285.934
285.993
286.052
286.112
286.171
286.23
286.289
286.347
286.406
286.464
286.523
286.581
286.639
286.697
286.755
286.813
286.871
286.928
286.986
287.043
287.1
287.157
287.214
287.27
287.327
287.383
287.439
287.495
287.551
287.607
287.662
287.718
287.773
287.828
287.883
287.938
287.993
288.047
288.102
288.156
288.21
288.264
288.318
288.372
288.425
288.479
288.532
288.585
288.638
288.691
288.744
288.797
288.85
288.902
288.955
289.007
289.059
289.111
289.163
289.215
289.267
289.319
289.37
289.422
289.474
289.525
289.577
289.628
289.68
289.731
289.783
289.834
289.886
289.938
289.989
290.041
290.092
290.144
290.196
290.248
290.3
290.351
290.403
290.455
290.507
290.559
290.611
290.664
290.716
290.768
290.82
290.872
290.925
290.977
291.03
291.082
291.135
291.187
291.24
291.292
291.345
291.398
291.45
291.503
291.556
291.609
291.662
291.714
291.767
291.82
291.873
291.926
291.979
292.032
292.085
292.138
292.19
292.243
292.296
292.349
292.402
292.454
292.507
292.56
292.613
292.665
292.718
292.771
292.823
292.876
292.928
292.981
293.034
293.086
293.139
293.191
293.244
293.296
293.348
293.401
293.453
293.506
293.558
293.611
293.663
293.715
293.768
293.82
293.873
293.925
293.978
294.03
294.083
294.135
294.188
294.24
294.293
294.346
294.398
294.451
294.504
294.557
294.61
294.664
294.717
294.77
294.824
294.877
294.931
294.985
295.039
295.093
295.147
295.201
295.256
295.31
295.365
295.42
295.475
295.53
295.585
295.641
295.696
295.752
295.808
295.864
295.92
295.977
296.033
296.09
296.147
296.204
296.261
296.318
296.376
296.433
296.491
296.549
296.607
296.665
296.723
296.782
296.84
296.899
296.957
297.016
297.075
297.134
297.193
297.252
297.311
297.37
297.429
297.489
297.548
297.607
297.667
297.726
297.785
297.845
297.904
297.964
298.023
298.082
298.142
298.201
298.261
298.32
298.379
298.439
298.498
298.557
298.616
298.676
298.735
298.794
298.853
298.912
298.97
299.029
299.088
299.147
299.205
299.264
299.322
299.381
299.439
299.497
299.555
299.613
299.671
299.729
299.787
299.845
299.902
299.96
300.017
300.074
300.131
300.188
300.245
300.302
300.359
300.415
300.471
300.528
300.584
300.64
300.695
300.751
300.806
300.861
300.916
300.971
301.026
301.08
301.135
301.189
301.243
301.297
301.35
301.404
301.457
301.51
301.563
301.616
301.669
301.722
301.774
301.827
301.879
301.931
301.983
302.035
302.087
302.139
302.19
302.242
302.294
302.345
302.397
302.448
302.499
302.551
302.602
302.653
302.705
302.756
302.807
302.858
302.909
302.961
303.012
303.063
303.114
303.166
303.217
303.268
303.319
303.371
303.422
303.473
303.524
303.576
303.627
303.679
303.73
303.781
303.833
303.884
303.935
303.987
304.038
304.09
304.141
304.192
304.243
304.295
304.346
304.397
304.448
304.499
304.551
304.602
304.653
304.704
304.755
304.806
304.857
304.908
304.959
305.01
305.061
305.112
305.163
305.214
305.265
305.315
305.366
305.417
305.468
305.518
305.569
305.62
305.67
305.721
305.771
305.822
305.872
305.922
305.972
306.023
306.073
306.123
306.172
306.222
306.272
306.321
306.37
306.42
306.469
306.518
306.566
306.615
306.663
306.712
306.76
306.808
306.855
306.903
306.95
306.998
307.045
307.091
307.138
307.185
307.231
307.277
307.323
307.369
307.414
307.46
307.505
307.55
307.595
307.64
307.685
307.73
307.774
307.818
307.863
307.907
307.951
307.995
308.039
308.083
308.127
308.17
308.214
308.258
308.302
308.345
308.389
308.432
308.476
308.52
308.563
308.607
308.65
308.694
308.738
308.781
308.825
308.868
308.912
308.956
308.999
309.043
309.086
309.13
309.173
309.217
309.26
309.304
309.347
309.391
309.434
309.478
309.521
309.564
309.607
309.651
309.694
309.737
309.78
309.823
309.866
309.909
309.952
309.995
310.038
310.081
310.124
310.167
310.21
310.253
310.296
310.339
310.382
310.425
310.468
310.511
310.554
310.597
310.64
310.683
310.726
310.769
310.813
310.856
310.899
310.943
310.986
311.03
311.073
311.117
311.161
311.204
311.248
311.292
311.335
311.379
311.423
311.467
311.511
311.555
311.599
311.643
311.687
311.731
311.775
311.819
311.863
311.908
311.952
311.996
312.041
312.085
312.13
312.175
312.22
312.264
312.309
312.355
312.4
312.445
312.49
312.536
312.581
312.627
312.673
312.719
312.765
312.811
312.857
312.903
312.949
312.996
313.043
313.089
313.136
313.183
313.23
313.277
313.324
313.372
313.419
313.467
313.514
313.562
313.61
313.658
313.706
313.755
313.803
313.851
313.9
313.949
313.997
314.046
314.095
314.144
314.193
314.243
314.292
314.342
314.391
314.441
314.491
314.541
314.591
314.641
314.691
314.741
314.792
314.842
314.893
314.943
314.994
315.045
315.096
315.147
315.199
315.25
315.301
315.353
315.405
315.457
315.509
315.561
315.613
315.666
315.718
315.771
315.824
315.877
315.93
315.984
316.037
316.091
316.145
316.199
316.253
316.307
316.361
316.416
316.471
316.526
316.581
316.636
316.691
316.747
316.803
316.859
316.915
316.971
317.027
317.084
317.14
317.197
317.254
317.311
317.369
317.426
317.484
317.542
317.6
317.658
317.716
317.775
317.833
317.892
317.951
318.01
318.069
318.129
318.188
318.248
318.308
318.368
318.428
318.488
318.548
318.609
318.669
318.73
318.79
318.851
318.912
318.973
319.034
319.095
319.156
319.217
319.278
319.34
319.401
319.462
319.524
319.585
319.647
319.708
319.77
319.832
319.893
319.955
320.017
320.079
320.141
320.203
320.265
320.327
320.389
320.451
320.514
320.576
320.639
320.701
320.764
320.827
320.889
320.952
321.015
321.078
321.141
321.205
321.268
321.331
321.394
321.458
321.521
321.585
321.648
321.712
321.775
321.839
321.902
321.966
322.029
322.093
322.157
322.22
322.284
322.348
322.411
322.475
322.539
322.603
322.667
322.731
322.794
322.858
322.923
322.987
323.051
323.115
323.179
323.244
323.308
323.372
323.437
323.502
323.566
323.631
323.695
323.76
323.825
323.89
323.955
324.019
324.084
324.149
324.214
324.279
324.344
324.409
324.474
324.539
324.604
324.669
324.734
324.798
324.863
324.928
324.993
325.058
325.123
325.188
325.253
325.317
325.382
325.447
325.512
325.577
325.642
325.706
325.771
325.836
325.901
325.965
326.03
326.095
326.16
326.224
326.289
326.353
326.418
326.482
326.547
326.611
326.675
326.739
326.804
326.868
326.932
326.995
327.059
327.123
327.186
327.25
327.313
327.376
327.439
327.502
327.565
327.627
327.689
327.751
327.813
327.875
327.936
327.998
328.059
328.12
328.18
328.241
328.301
328.361
328.421
328.48
328.54
328.599
328.658
328.717
328.776
328.834
328.892
328.951
329.009
329.067
329.124
329.182
329.24
329.297
329.354
329.411
329.468
329.525
329.582
329.639
329.696
329.753
329.809
329.866
329.922
329.979
330.035
330.091
330.148
330.204
330.26
330.317
330.373
330.429
330.485
330.542
330.598
330.655
330.711
330.768
330.824
330.881
330.938
330.995
331.052
331.109
331.166
331.224
331.281
331.339
331.397
331.455
331.513
331.571
331.629
331.688
331.746
331.805
331.864
331.923
331.982
332.041
332.1
332.159
332.219
332.278
332.338
332.398
332.458
332.518
332.578
332.638
332.698
332.758
332.818
332.878
332.939
332.999
333.059
333.12
333.18
333.241
333.302
333.362
333.423
333.484
333.544
333.605
333.666
333.727
333.788
333.849
333.91
333.971
334.032
334.094
334.155
334.217
334.279
334.341
334.403
334.465
334.527
334.59
334.653
334.716
334.779
334.843
334.906
334.971
335.035
335.1
335.165
335.231
335.297
335.363
335.43
335.497
335.564
335.632
335.7
335.768
335.837
335.907
335.976
336.046
336.117
336.187
336.258
336.33
336.401
336.473
336.545
336.618
336.69
336.763
336.836
336.91
336.983
337.057
337.131
337.205
337.279
337.354
337.428
337.503
337.577
337.652
337.727
337.802
337.876
337.951
338.026
338.101
338.176
338.251
338.326
338.401
338.475
338.55
338.625
338.699
338.774
338.848
338.923
338.997
339.071
339.145
339.219
339.293
339.367
339.441
339.515
339.589
339.662
339.736
339.809
339.883
339.956
340.029
340.102
340.176
340.249
340.322
340.394
340.467
340.54
340.613
340.685
340.758
340.83
340.902
340.974
341.047
341.119
341.191
341.263
341.335
341.406
341.478
341.55
341.621
341.693
341.765
341.836
341.908
341.979
342.051
342.122
342.194
342.265
342.337
342.408
342.48
342.552
342.623
342.695
342.766
342.838
342.909
342.981
343.052
343.124
343.196
343.267
343.339
343.411
343.483
343.554
343.626
343.698
343.77
343.842
343.914
343.986
344.058
344.13
344.202
344.275
344.347
344.42
344.492
344.565
344.637
344.71
344.783
344.856
344.929
345.002
345.076
345.149
345.223
345.297
345.37
345.444
345.519
345.593
345.667
345.742
345.816
345.891
345.966
346.041
346.117
346.192
346.268
346.343
346.419
346.495
346.571
346.648
346.724
346.801
346.878
346.955
347.032
347.109
347.187
347.265
347.343
347.421
347.499
347.577
347.656
347.734
347.813
347.892
347.971
348.05
348.129
348.208
348.288
348.367
348.447
348.526
348.606
348.686
348.766
348.846
348.926
349.006
349.086
349.167
349.247
349.328
349.408
349.489
349.57
349.651
349.732
349.813
349.894
349.975
350.057
350.138
350.22
350.301
350.383
350.465
350.546
350.628
350.71
350.792
350.873
350.955
351.037
351.119
351.2
351.282
351.363
351.444
351.525
351.606
351.687
351.768
351.848
351.928
352.008
352.088
352.167
352.246
352.325
352.403
352.481
352.559
352.636
352.713
352.79
352.866
352.942
353.018
353.093
353.168
353.242
353.317
353.391
353.464
353.538
353.611
353.683
353.756
353.828
353.9
353.971
354.043
354.114
354.185
354.256
354.326
354.397
354.467
354.537
354.607
354.676
354.746
354.815
354.884
354.953
355.022
355.09
355.158
355.227
355.295
355.362
355.43
355.497
355.565
355.632
355.698
355.765
355.832
355.898
355.964
356.03
356.095
356.161
356.226
356.292
356.357
356.421
356.486
356.551
356.615
356.679
356.743
356.807
356.871
356.935
356.998
357.062
357.125
357.188
357.251
357.315
357.378
357.441
357.503
357.566
357.629
357.692
357.754
357.817
357.879
357.942
358.004
358.067
358.129
358.191
358.253
358.315
358.377
358.439
358.5
358.562
358.623
358.684
358.745
358.806
358.867
358.927
358.987
359.048
359.108
359.168
359.227
359.287
359.346
359.406
359.465
359.524
359.583
359.641
359.7
359.759
359.817
359.876
359.934
359.992
360.051
360.109
360.167
360.225
360.283
360.341
360.399
360.457
360.515
360.573
360.63
360.688
360.746
360.804
360.861
360.919
360.977
361.034
361.092
361.149
361.206
361.264
361.321
361.378
361.436
361.493
361.55
361.607
361.664
361.721
361.778
361.835
361.891
361.948
362.005
362.061
362.118
362.174
362.231
362.287
362.343
362.4
362.456
362.512
362.568
362.625
362.681
362.737
362.794
362.85
362.906
362.963
363.019
363.076
363.132
363.189
363.246
363.303
363.359
363.416
363.473
363.53
363.588
363.645
363.702
363.76
363.817
363.875
363.933
363.99
364.048
364.106
364.164
364.222
364.281
364.339
364.397
364.456
364.514
364.573
364.631
364.69
364.748
364.807
364.866
364.924
364.983
365.042
365.1
365.159
365.218
365.276
365.335
365.393
365.452
365.51
365.568
365.626
365.684
365.742
365.8
365.858
365.916
365.973
366.031
366.088
366.145
366.202
366.259
366.316
366.372
366.429
366.485
366.541
366.597
366.653
366.708
366.764
366.819
366.874
366.929
366.984
367.039
367.093
367.147
367.202
367.256
367.309
367.363
367.417
367.47
367.523
367.576
367.629
367.682
367.734
367.786
367.838
367.89
367.942
367.993
368.045
368.096
368.147
368.198
368.248
368.299
368.349
368.399
368.449
368.499
368.549
368.598
368.647
368.696
368.745
368.794
368.842
368.891
368.939
368.987
369.035
369.083
369.131
369.178
369.226
369.273
369.32
369.368
369.415
369.462
369.509
369.556
369.602
369.649
369.696
369.743
369.789
369.836
369.883
369.93
369.977
370.023
370.07
370.117
370.164
370.212
370.259
370.306
370.353
370.401
370.449
370.496
370.544
370.592
370.64
370.688
370.736
370.785
370.833
370.882
370.931
370.979
371.028
371.077
371.126
371.175
371.224
371.273
371.322
371.372
371.421
371.471
371.52
371.569
371.619
371.669
371.718
371.768
371.818
371.867
371.917
371.967
372.017
372.067
372.117
372.167
372.218
372.268
372.319
372.369
372.42
372.471
372.522
372.573
372.624
372.676
372.727
372.779
372.831
372.883
372.935
372.988
373.04
373.093
373.146
373.199
373.252
373.306
373.359
373.413
373.467
373.521
373.575
373.63
373.684
373.739
373.794
373.849
373.904
373.959
374.015
374.07
374.126
374.181
374.237
374.293
374.349
374.405
374.46
374.516
374.572
374.628
374.684
374.74
374.796
374.851
374.907
374.963
375.018
375.074
375.129
375.184
375.24
375.295
375.35
375.405
375.46
375.514
375.569
375.624
375.678
375.733
375.787
375.841
375.895
375.949
376.003
376.057
376.111
376.165
376.218
376.271
376.325
376.378
376.431
376.484
376.536
376.589
376.641
376.694
376.746
376.798
376.85
376.902
376.954
377.005
377.057
377.108
377.16
377.211
377.262
377.313
377.364
377.415
377.466
377.517
377.568
377.619
377.67
377.721
377.772
377.823
377.874
377.925
377.976
378.027
378.079
378.13
378.181
378.233
378.284
378.335
378.387
378.439
378.49
378.542
378.594
378.646
378.698
378.75
378.802
378.854
378.906
378.958
379.011
379.063
379.116
379.168
379.221
379.273
379.326
379.379
379.431
379.484
379.537
379.59
379.643
379.696
379.749
379.802
379.855
379.908
379.961
380.014
380.068
380.121
380.174
380.228
380.282
380.335
380.389
380.443
380.497
380.551
380.605
380.659
380.714
380.768
380.823
380.878
380.932
380.987
381.042
381.098
381.153
381.208
381.264
381.319
381.375
381.431
381.486
381.542
381.598
381.654
381.71
381.766
381.822
381.877
381.933
381.989
382.045
382.1
382.156
382.211
382.266
382.321
382.376
382.431
382.485
382.539
382.593
382.647
382.701
382.754
382.807
382.86
382.912
382.965
383.017
383.068
383.12
383.171
383.222
383.273
383.324
383.374
383.424
383.474
383.524
383.574
383.624
383.673
383.723
383.772
383.821
383.87
383.919
383.968
384.017
384.066
384.115
384.164
384.212
384.261
384.309
384.358
384.407
384.455
384.503
384.552
384.6
384.648
384.697
384.745
384.793
384.841
384.889
384.937
384.984
385.032
385.08
385.127
385.175
385.222
385.269
385.316
385.363
385.41
385.457
385.503
385.55
385.596
385.643
385.689
385.735
385.781
385.827
385.873
385.919
385.965
386.011
386.057
386.102
386.148
386.193
386.239
386.284
386.33
386.375
386.421
386.466
386.512
386.557
386.603
386.648
386.694
386.74
386.785
386.831
386.877
386.923
386.969
387.015
387.061
387.107
387.153
387.199
387.245
387.292
387.338
387.385
387.431
387.478
387.525
387.572
387.619
387.665
387.713
387.76
387.807
387.854
387.901
387.949
387.996
388.044
388.092
388.14
388.187
388.235
388.283
388.332
388.38
388.428
388.476
388.525
388.573
388.622
388.671
388.719
388.768
388.817
388.866
388.915
388.964
389.013
389.062
389.111
389.16
389.209
389.258
389.307
389.356
389.405
389.454
389.502
389.551
389.6
389.648
389.697
389.746
389.794
389.843
389.891
389.94
389.988
390.036
390.084
390.133
390.181
390.229
390.277
390.325
390.373
390.421
390.469
390.517
390.565
390.612
390.66
390.708
390.756
390.803
390.851
390.899
390.947
390.994
391.042
391.09
391.138
391.186
391.233
391.281
391.329
391.377
391.426
391.474
391.522
391.571
391.619
391.668
391.716
391.765
391.814
391.863
391.913
391.962
392.012
392.062
392.112
392.162
392.212
392.263
392.314
392.365
392.416
392.468
392.52
392.572
392.624
392.677
392.73
392.783
392.837
392.89
392.944
392.998
393.053
393.107
393.162
393.217
393.273
393.328
393.384
393.44
393.496
393.552
393.608
393.665
393.722
393.779
393.836
393.893
393.951
394.009
394.066
394.124
394.183
394.241
394.299
394.358
394.417
394.476
394.535
394.594
394.653
394.712
394.772
394.831
394.891
394.951
395.011
395.07
395.13
395.19
395.25
395.31
395.37
395.43
395.49
395.55
395.61
395.67
395.73
395.79
395.85
395.91
395.97
396.03
396.09
396.149
396.209
396.269
396.329
396.389
396.449
396.509
396.569
396.629
396.689
396.749
396.809
396.869
396.929
396.989
397.05
397.11
397.17
397.231
397.291
397.352
397.413
397.474
397.534
397.595
397.656
397.717
397.779
397.84
397.901
397.962
398.024
398.085
398.147
398.208
398.27
398.331
398.393
398.455
398.517
398.579
398.641
398.703
398.765
398.827
398.89
398.952
399.014
399.077
399.14
399.202
399.265
399.328
399.391
399.454
399.517
399.58
399.644
399.707
399.77
399.834
399.898
399.961
400.025
400.089
400.153
400.217
400.281
400.345
400.409
400.474
400.538
400.602
400.666
400.73
400.795
400.859
400.923
400.987
401.051
401.115
401.178
401.242
401.305
401.369
401.432
401.495
401.558
401.621
401.683
401.746
401.808
401.87
401.932
401.993
402.055
402.116
402.177
402.238
402.298
402.358
402.418
402.478
402.538
402.597
402.656
402.716
402.774
402.833
402.891
402.95
403.008
403.066
403.124
403.181
403.239
403.296
403.354
403.411
403.468
403.525
403.582
403.638
403.695
403.751
403.808
403.864
403.92
403.976
404.032
404.088
404.144
404.2
404.255
404.311
404.366
404.421
404.476
404.532
404.587
404.641
404.696
404.751
404.806
404.86
404.915
404.969
405.023
405.077
405.132
405.186
405.239
405.293
405.347
405.401
405.454
405.508
405.562
405.615
405.668
405.722
405.775
405.829
405.882
405.935
405.988
406.042
406.095
406.148
406.202
406.255
406.308
406.361
406.415
406.468
406.522
406.575
406.629
406.682
406.736
406.79
406.844
406.898
406.952
407.006
407.061
407.116
407.17
407.225
407.28
407.336
407.391
407.447
407.503
407.559
407.616
407.672
407.729
407.786
407.844
407.901
407.959
408.017
408.075
408.133
408.191
408.25
408.308
408.367
408.426
408.485
408.544
408.604
408.663
408.723
408.782
408.842
408.902
408.962
409.022
409.082
409.142
409.202
409.262
409.322
409.383
409.443
409.504
409.564
409.625
409.685
409.745
409.806
409.866
409.927
409.987
410.047
410.108
410.168
410.228
410.288
410.348
410.408
410.467
410.527
410.586
410.646
410.705
410.764
410.823
410.882
410.94
410.999
411.058
411.116
411.174
411.232
411.291
411.348
411.406
411.464
411.522
411.58
411.637
411.695
411.752
411.81
411.867
411.924
411.981
412.038
412.096
412.153
412.21
412.267
412.323
412.38
412.437
412.494
412.55
412.607
412.664
412.72
412.776
412.833
412.889
412.945
413.001
413.057
413.113
413.168
413.224
413.279
413.335
413.39
413.445
413.5
413.555
413.61
413.665
413.72
413.774
413.829
413.883
413.937
413.991
414.046
414.1
414.154
414.208
414.261
414.315
414.369
414.423
414.476
414.53
414.583
414.636
414.689
414.742
414.795
414.848
414.901
414.953
415.006
415.058
415.11
415.161
415.213
415.264
415.316
415.366
415.417
415.468
415.518
415.568
415.618
415.667
415.717
415.766
415.815
415.864
415.912
415.961
416.009
416.057
416.105
416.153
416.201
416.248
416.296
416.343
416.391
416.438
416.486
416.533
416.58
416.628
416.675
416.723
416.77
416.818
416.866
416.913
416.961
417.009
417.057
417.106
417.154
417.202
417.251
417.3
417.349
417.398
417.447
417.496
417.546
417.595
417.645
417.695
417.745
417.796
417.846
417.897
417.948
417.999
418.05
418.101
418.153
418.204
418.256
418.308
418.36
418.412
418.465
418.517
418.57
418.623
418.676
418.729
418.782
418.835
418.889
418.943
418.996
419.05
419.104
419.158
419.212
419.267
419.321
419.376
419.431
419.486
419.541
419.596
419.652
419.707
419.763
419.819
419.875
419.931
419.988
420.044
420.101
420.158
420.215
420.272
420.329
420.386
420.444
420.501
420.559
420.617
420.675
420.732
420.79
420.848
420.907
420.965
421.023
421.081
421.139
421.198
421.256
421.315
421.373
421.432
421.49
421.549
421.607
421.666
421.725
421.784
421.843
421.902
421.961
422.02
422.079
422.138
422.198
422.257
422.316
422.376
422.436
422.495
422.555
422.615
422.674
422.734
422.794
422.854
422.914
422.974
423.033
423.093
423.153
423.213
423.273
423.332
423.392
423.452
423.511
423.571
423.63
423.689
423.749
423.808
423.867
423.926
423.985
424.043
424.102
424.161
424.219
424.277
424.336
424.394
424.452
424.51
424.568
424.626
424.684
424.742
424.8
424.858
424.916
424.974
425.032
425.09
425.148
425.206
425.264
425.323
425.381
425.439
425.498
425.556
425.614
425.673
425.732
425.79
425.849
425.908
425.967
426.026
426.085
426.144
426.204
426.263
426.323
426.382
426.442
426.502
426.562
426.622
426.682
426.742
426.803
426.863
426.924
426.984
427.045
427.106
427.167
427.229
427.29
427.351
427.413
427.475
427.537
427.598
427.661
427.723
427.785
427.847
427.91
427.972
428.035
428.097
428.16
428.223
428.286
428.349
428.412
428.475
428.538
428.601
428.665
428.728
428.791
428.855
428.919
428.982
429.046
429.109
429.173
429.237
429.301
429.365
429.429
429.493
429.557
429.621
429.685
429.749
429.813
429.877
429.941
430.005
430.069
430.133
430.197
430.262
430.326
430.39
430.454
430.518
430.581
430.645
430.709
430.772
430.836
430.899
430.962
431.025
431.088
431.151
431.213
431.276
431.338
431.399
431.461
431.522
431.583
431.644
431.704
431.764
431.824
431.883
431.943
432.001
432.06
432.118
432.176
432.234
432.291
432.349
432.406
432.462
432.519
432.575
432.631
432.686
432.742
432.797
432.852
432.907
432.962
433.017
433.071
433.125
433.179
433.233
433.287
433.341
433.394
433.448
433.501
433.554
433.607
433.66
433.713
433.766
433.818
433.871
433.923
433.975
434.027
434.08
434.132
434.184
434.236
434.288
434.34
434.392
434.444
434.496
434.548
434.6
434.652
434.705
434.757
434.809
434.862
434.914
434.967
435.02
435.073
435.126
435.179
435.232
435.285
435.339
435.392
435.446
435.5
435.554
435.608
435.663
435.717
435.772
435.826
435.881
435.937
435.992
436.047
436.103
436.158
436.214
436.27
436.326
436.383
436.439
436.495
436.552
436.609
436.665
436.722
436.779
436.836
436.893
436.95
437.007
437.064
437.121
437.178
437.235
437.293
437.35
437.407
437.464
437.521
437.578
437.635
437.693
437.75
437.807
437.864
437.921
437.978
438.035
438.092
438.149
438.206
438.263
438.32
438.378
438.435
438.492
438.549
438.606
438.663
438.72
438.777
438.834
438.891
438.948
439.006
439.063
439.12
439.177
439.234
439.291
439.347
439.404
439.461
439.518
439.575
439.631
439.688
439.744
439.801
439.857
439.913
439.97
440.026
440.082
440.138
440.194
440.249
440.305
440.361
440.416
440.472
440.527
440.583
440.638
440.693
440.748
440.804
440.859
440.914
440.969
441.024
441.079
441.134
441.189
441.244
441.299
441.354
441.409
441.464
441.52
441.575
441.63
441.685
441.741
441.796
441.852
441.908
441.963
442.019
442.075
442.131
442.187
442.244
442.3
442.356
442.413
442.47
442.526
442.583
442.64
442.697
442.754
442.811
442.868
442.925
442.982
443.039
443.096
443.153
443.21
443.267
443.324
443.381
443.438
443.494
443.551
443.607
443.663
443.72
443.776
443.831
443.887
443.943
443.998
444.053
444.108
444.163
444.218
444.272
444.326
444.38
444.434
444.487
444.54
444.593
444.646
444.699
444.751
444.804
444.856
444.908
444.959
445.011
445.062
445.113
445.165
445.216
445.266
445.317
445.368
445.419
445.469
445.52
445.57
445.62
445.671
445.721
445.772
445.822
445.872
445.923
445.973
446.023
446.074
446.124
446.175
446.225
446.276
446.326
446.377
446.427
446.478
446.529
446.579
446.63
446.681
446.732
446.782
446.833
446.884
446.935
446.986
447.036
447.087
447.138
447.189
447.24
447.29
447.341
447.392
447.443
447.493
447.544
447.595
447.645
447.696
447.746
447.797
447.847
447.898
447.948
447.998
448.049
448.099
448.149
448.199
448.249
448.299
448.349
448.399
448.449
448.499
448.549
448.598
448.648
448.698
448.747
448.797
448.847
448.896
448.946
448.996
449.046
449.096
449.146
449.196
449.246
449.296
449.347
449.397
449.448
449.499
449.55
449.601
449.653
449.704
449.756
449.808
449.86
449.912
449.965
450.018
450.071
450.124
450.177
450.231
450.285
450.339
450.393
450.448
450.502
450.557
450.612
450.667
450.723
450.778
450.834
450.89
450.946
451.002
451.059
451.115
451.172
451.229
451.286
451.343
451.4
451.458
451.516
451.573
451.631
451.689
451.747
451.806
451.864
451.923
451.981
452.04
452.099
452.159
452.218
452.278
452.337
452.397
452.457
452.518
452.578
452.639
452.7
452.761
452.823
452.884
452.946
453.008
453.07
453.133
453.195
453.258
453.321
453.385
453.448
453.512
453.576
453.64
453.704
453.768
453.833
453.898
453.962
454.027
454.093
454.158
454.223
454.289
454.355
454.42
454.486
454.552
454.618
454.684
454.751
454.817
454.884
454.95
455.017
455.083
455.15
455.217
455.284
455.351
455.418
455.485
455.552
455.62
455.687
455.754
455.822
455.889
455.957
456.024
456.091
456.159
456.226
456.294
456.361
456.428
456.496
456.563
456.63
456.697
456.764
456.83
456.897
456.963
457.029
457.095
457.161
457.227
457.292
457.357
457.422
457.487
457.551
457.615
457.679
457.742
457.806
457.869
457.931
457.994
458.056
458.117
458.179
458.24
458.3
458.361
458.421
458.481
458.54
458.6
458.659
458.717
458.776
458.834
458.892
458.949
459.006
459.063
459.12
459.177
459.233
459.289
459.345
459.4
459.456
459.511
459.566
459.62
459.675
459.729
459.783
459.837
459.891
459.945
459.999
460.052
460.106
460.159
460.212
460.265
460.319
460.372
460.425
460.478
460.531
460.584
460.636
460.689
460.742
460.794
460.847
460.9
460.952
461.004
461.057
461.109
461.161
461.213
461.265
461.317
461.369
461.421
461.473
461.525
461.577
461.628
461.68
461.732
461.783
461.835
461.887
461.938
461.99
462.041
462.093
462.145
462.196
462.248
462.299
462.351
462.403
462.454
462.506
462.557
462.609
462.66
462.712
462.763
462.814
462.866
462.917
462.968
463.019
463.07
463.121
463.172
463.223
463.274
463.325
463.375
463.426
463.476
463.526
463.577
463.627
463.677
463.727
463.777
463.827
463.876
463.926
463.976
464.025
464.075
464.125
464.174
464.224
464.273
464.323
464.373
464.422
464.472
464.522
464.572
464.622
464.672
464.722
464.772
464.822
464.872
464.923
464.973
465.023
465.074
465.124
465.175
465.226
465.276
465.327
465.378
465.428
465.479
465.53
465.581
465.631
465.682
465.733
465.783
465.834
465.885
465.935
465.986
466.036
466.087
466.138
466.188
466.239
466.289
466.34
466.39
466.441
466.492
466.542
466.593
466.643
466.694
466.745
466.795
466.846
466.897
466.947
466.998
467.049
467.1
467.15
467.201
467.252
467.303
467.354
467.405
467.455
467.506
467.557
467.608
467.659
467.71
467.761
467.812
467.863
467.914
467.965
468.016
468.067
468.118
468.169
468.22
468.271
468.323
468.374
468.425
468.477
468.528
468.58
468.631
468.683
468.734
468.786
468.837
468.889
468.941
468.992
469.044
469.095
469.147
469.199
469.25
469.302
469.353
469.405
469.456
469.507
469.559
469.61
469.661
469.712
469.764
469.815
469.866
469.917
469.968
470.019
470.07
470.121
470.172
470.223
470.274
470.325
470.376
470.427
470.478
470.529
470.581
470.632
470.683
470.734
470.785
470.836
470.888
470.939
470.99
471.042
471.093
471.145
471.196
471.248
471.299
471.351
471.402
471.454
471.506
471.557
471.609
471.661
471.712
471.764
471.815
471.867
471.919
471.97
472.021
472.073
472.124
472.175
472.227
472.278
472.329
472.38
472.43
472.481
472.532
472.582
472.633
472.683
472.733
472.783
472.833
472.883
472.932
472.982
473.031
473.081
473.13
473.179
473.227
473.276
473.325
473.373
473.422
473.47
473.518
473.566
473.614
473.662
473.71
473.758
473.806
473.854
473.902
473.95
473.997
474.045
474.093
474.141
474.189
474.237
474.285
474.333
474.381
474.429
474.478
474.526
474.574
474.623
474.671
474.72
474.769
474.818
474.866
474.915
474.964
475.014
475.063
475.112
475.161
475.211
475.26
475.31
475.359
475.409
475.459
475.509
475.559
475.608
475.658
475.709
475.759
475.809
475.859
475.909
475.96
476.01
476.061
476.111
476.162
476.212
476.263
476.314
476.365
476.416
476.467
476.518
476.569
476.62
476.671
476.722
476.774
476.825
476.877
476.928
476.98
477.031
477.083
477.135
477.187
477.239
477.291
477.343
477.395
477.447
477.499
477.552
477.604
477.656
477.708
477.761
477.813
477.865
477.918
477.97
478.022
478.074
478.127
478.179
478.231
478.283
478.335
478.387
478.44
478.492
478.544
478.596
478.648
478.699
478.751
478.803
478.855
478.907
478.959
479.01
479.062
479.114
479.166
479.217
479.269
479.321
479.373
479.424
479.476
479.528
479.58
479.632
479.684
479.735
479.787
479.839
479.891
479.943
479.995
480.047
480.099
480.152
480.204
480.256
480.308
480.36
480.412
480.465
480.517
480.569
480.621
480.674
480.726
480.778
480.831
480.883
480.935
480.988
481.04
481.093
481.145
481.198
481.25
481.303
481.356
481.408
481.461
481.514
481.567
481.62
481.672
481.725
481.778
481.831
481.884
481.938
481.991
482.044
482.097
482.15
482.203
482.256
482.309
482.362
482.415
482.468
482.521
482.574
482.627
482.679
482.732
482.785
482.837
482.889
482.941
482.994
483.045
483.097
483.149
483.2
483.252
483.303
483.354
483.405
483.456
483.506
483.557
483.607
483.658
483.708
483.758
483.808
483.857
483.907
483.957
484.006
484.056
484.105
484.155
484.204
484.254
484.303
484.352
484.402
484.451
484.5
484.55
484.599
484.649
484.698
484.748
484.797
484.847
484.896
484.946
484.996
485.045
485.095
485.145
485.194
485.244
485.294
485.343
485.393
485.443
485.492
485.541
485.591
485.64
485.689
485.738
485.787
485.836
485.885
485.933
485.982
486.03
486.078
486.126
486.174
486.222
486.27
486.318
486.365
486.413
486.46
486.507
486.554
486.602
486.649
486.696
486.743
486.79
486.837
486.884
486.93
486.977
487.024
487.071
487.118
487.165
487.211
487.258
487.305
487.351
487.398
487.445
487.491
487.538
487.584
487.631
487.677
487.724
487.77
487.816
487.863
487.909
487.955
488.001
488.047
488.093
488.139
488.185
488.231
488.277
488.323
488.369
488.415
488.461
488.507
488.553
488.599
488.646
488.692
488.738
488.784
488.83
488.876
488.923
488.969
489.016
489.062
489.109
489.155
489.202
489.249
489.296
489.343
489.391
489.438
489.486
489.533
489.581
489.629
489.678
489.726
489.775
489.824
489.874
489.923
489.973
490.023
490.074
490.124
490.175
490.227
490.278
490.33
490.382
490.435
490.487
490.54
490.594
490.647
490.701
490.755
490.809
490.864
490.918
490.973
491.028
491.083
491.138
491.194
491.249
491.305
491.36
491.416
491.472
491.528
491.583
491.639
491.695
491.751
491.807
491.863
491.918
491.974
492.03
492.086
492.142
492.197
492.253
492.308
492.364
492.419
492.475
492.53
492.585
492.641
492.696
492.751
492.806
492.86
492.915
492.97
493.024
493.078
493.133
493.187
493.241
493.294
493.348
493.401
493.455
493.508
493.56
493.613
493.666
493.718
493.77
493.822
493.873
493.925
493.976
494.027
494.078
494.128
494.178
494.229
494.279
494.328
494.378
494.427
494.477
494.526
494.575
494.624
494.673
494.721
494.77
494.818
494.867
494.915
494.963
495.011
495.06
495.108
495.156
495.204
495.251
495.299
495.347
495.395
495.443
495.49
495.538
495.586
495.633
495.681
495.728
495.776
495.823
495.871
495.918
495.966
496.013
496.061
496.108
496.156
496.203
496.25
496.298
496.345
496.392
496.44
496.487
496.534
496.581
496.628
496.675
496.723
496.77
496.817
496.864
496.91
496.957
497.004
497.051
497.098
497.145
497.191
497.238
497.284
497.331
497.378
497.424
497.471
497.517
497.563
497.61
497.656
497.702
497.749
497.795
497.841
497.887
497.934
497.98
498.026
498.072
498.119
498.165
498.211
498.258
498.304
498.351
498.397
498.444
498.491
498.537
498.584
498.631
498.678
498.725
498.772
498.819
498.867
498.914
498.962
499.009
499.057
499.105
499.153
499.201
499.249
499.298
499.346
499.395
499.443
499.492
499.542
499.591
499.64
499.69
499.74
499.79
499.841
499.891
499.942
499.993
500.044
500.096
500.148
500.2
500.252
500.304
500.357
500.41
500.463
500.517
500.57
500.624
500.678
500.733
500.787
500.842
500.897
500.952
501.008
501.064
501.12
501.176
501.232
501.289
501.346
501.403
501.461
501.519
501.576
501.635
501.693
501.752
501.81
501.869
501.929
501.988
502.047
502.107
502.167
502.227
502.287
502.347
502.408
502.468
502.529
502.59
502.65
502.711
502.773
502.834
502.895
502.957
503.018
503.08
503.142
503.204
503.266
503.328
503.39
503.453
503.516
503.579
503.642
503.705
503.768
503.832
503.895
503.959
504.023
504.087
504.151
504.216
504.28
504.345
504.41
504.475
504.54
504.606
504.671
504.737
504.803
504.869
504.935
505.001
505.068
505.134
505.201
505.268
505.335
505.403
505.47
505.538
505.606
505.674
505.742
505.81
505.879
505.947
506.016
506.085
506.154
506.224
506.293
506.362
506.432
506.502
506.572
506.641
506.711
506.781
506.851
506.922
506.992
507.062
507.132
507.202
507.273
507.343
507.413
507.484
507.554
507.624
507.695
507.765
507.836
507.907
507.977
508.048
508.119
508.191
508.262
508.333
508.405
508.477
508.549
508.621
508.693
508.766
508.838
508.911
508.985
509.058
509.132
509.205
509.28
509.354
509.428
509.503
509.577
509.652
509.727
509.802
509.877
509.952
510.028
510.103
510.178
510.254
510.329
510.404
510.479
510.555
510.63
510.705
510.78
510.855
510.93
511.005
511.08
511.155
511.229
511.304
511.378
511.453
511.527
511.602
511.676
511.75
511.825
511.899
511.973
512.047
512.121
512.195
512.269
512.343
512.417
512.492
512.566
512.64
512.714
512.788
512.862
512.936
513.01
513.084
513.158
513.232
513.306
513.38
513.454
513.528
513.602
513.676
513.75
513.824
513.897
513.971
514.045
514.118
514.192
514.265
514.338
514.411
514.484
514.557
514.63
514.702
514.774
514.847
514.919
514.99
515.062
515.133
515.204
515.275
515.346
515.417
515.487
515.557
515.628
515.697
515.767
515.837
515.906
515.975
516.045
516.114
516.183
516.251
516.32
516.389
516.457
516.526
516.594
516.663
516.731
516.799
516.868
516.936
517.004
517.072
517.141
517.209
517.277
517.346
517.414
517.483
517.551
517.62
517.689
517.758
517.826
517.895
517.965
518.034
518.103
518.172
518.242
518.312
518.381
518.451
518.521
518.591
518.662
518.732
518.802
518.873
518.943
519.014
519.085
519.156
519.227
519.298
519.369
519.44
519.511
519.582
519.654
519.725
519.796
519.868
519.939
520.01
520.082
520.153
520.224
520.295
520.367
520.438
520.509
520.58
520.651
520.721
520.792
520.863
520.933
521.003
521.073
521.143
521.212
521.282
521.351
521.42
521.489
521.557
521.625
521.693
521.761
521.828
521.895
521.962
522.029
522.095
522.161
522.227
522.292
522.357
522.422
522.487
522.552
522.616
522.68
522.744
522.808
522.872
522.935
522.998
523.062
523.125
523.188
523.25
523.313
523.376
523.438
523.501
523.563
523.625
523.688
523.75
523.812
523.874
523.936
523.998
524.059
524.121
524.183
524.244
524.306
524.367
524.428
524.489
524.55
524.611
524.672
524.733
524.794
524.855
524.915
524.976
525.036
525.097
525.157
525.217
525.277
