0.00176094
0.0027259
0.00390084
0.00528574
0.00688061
0.00868544
0.0107002
0.0129249
0.0153596
0.0180042
0.0208588
0.0239232
0.0271976
0.0306819
0.0343762
0.0382803
0.0423943
0.0467182
0.0512521
0.0559958
0.0609494
0.0661128
0.0714862
0.0770694
0.0828624
0.0888654
0.0950782
0.101501
0.108133
0.114976
0.122028
0.12929
0.136762
0.144443
0.152335
0.160436
0.168747
0.177268
0.185999
0.194939
0.204089
0.213449
0.223019
0.232799
0.242788
0.252987
0.263396
0.274015
0.284843
0.295882
0.307129
0.318587
0.330255
0.342132
0.354219
0.366515
0.379022
0.391738
0.404664
0.417799
0.431145
0.4447
0.458464
0.472439
0.486623
0.501017
0.515621
0.530434
0.545457
0.56069
0.576133
0.591785
0.607647
0.623719
0.64
0.656492
0.673192
0.690103
0.707223
0.724553
0.742092
0.759841
0.7778
0.795968
0.814346
0.832933
0.85173
0.870737
0.889953
0.909378
0.929013
0.948857
0.968911
0.989174
1.00965
1.03033
1.05122
1.07232
1.09363
1.11515
1.13688
1.15882
1.18096
1.20332
1.22588
1.24866
1.27164
1.29483
1.31823
1.34184
1.36566
1.38969
1.41393
1.43838
1.46303
1.4879
1.51297
1.53825
1.56374
1.58944
1.61535
1.64147
1.66779
1.69433
1.72107
1.74802
1.77518
1.80255
1.83013
1.85792
1.88591
1.91412
1.94253
1.97115
1.99998
2.02902
2.05827
2.08772
2.11739
2.14726
2.17734
2.20763
2.23813
2.26884
2.29975
2.33088
2.36221
2.39375
2.4255
2.45746
2.48962
2.522
2.55458
2.58737
2.62037
2.65358
2.68699
2.72062
2.75445
2.78849
2.82274
2.8572
2.89187
2.92674
2.96183
2.99712
3.03262
3.06832
3.10424
3.14036
3.17669
3.21323
3.24998
3.28694
3.3241
3.36147
3.39905
3.43684
3.47483
3.51304
3.55145
3.59007
3.6289
3.66793
3.70717
3.74662
3.78628
3.82615
3.86622
3.9065
3.94699
3.98769
4.02859
4.06971
4.11103
4.15256
4.19429
4.23623
4.27839
4.32075
4.36331
4.40609
4.44907
4.49226
4.53566
4.57926
4.62308
4.6671
4.71133
4.75576
4.80041
4.84526
4.89032
4.93559
4.98106
5.02675
5.07264
5.11874
5.16504
5.21155
5.25828
5.3052
5.35234
5.39969
5.44724
5.495
5.54296
5.59114
5.63952
5.68811
5.73691
5.78591
5.83513
5.88455
5.93417
5.98401
6.03405
6.0843
6.13476
6.18543
6.2363
6.28738
6.33867
6.39016
6.44187
6.49378
6.54589
6.59822
6.65075
6.70349
6.75644
6.80959
6.86295
6.91652
6.9703
7.02428
7.07847
7.13287
7.18748
7.24229
7.29731
7.35253
7.40797
7.46361
7.51945
7.57551
7.63177
7.68824
7.74492
7.8018
7.85889
7.91619
7.97369
8.0314
8.08932
8.14744
8.20578
8.26432
8.32306
8.38201
8.44117
8.50054
8.56011
8.6199
8.67988
8.74008
8.80048
8.86109
8.9219
8.98293
9.04416
9.10559
9.16724
9.22909
9.29114
9.35341
9.41588
9.47856
9.54144
9.60453
9.66783
9.73134
9.79505
9.85897
9.92309
9.98743
10.052
10.1167
10.1817
10.2468
10.3122
10.3778
10.4435
10.5095
10.5757
10.6421
10.7087
10.7755
10.8425
10.9098
10.9772
11.0448
11.1127
11.1807
11.249
11.3174
11.3861
11.455
11.5241
11.5934
11.6628
11.7325
11.8024
11.8726
11.9429
12.0134
12.0841
12.1551
12.2262
12.2975
12.3691
12.4408
12.5128
12.585
12.6573
12.7299
12.8027
12.8757
12.9489
13.0223
13.0959
13.1697
13.2437
13.3179
13.3924
13.467
13.5418
13.6169
13.6921
13.7676
13.8432
13.9191
13.9952
14.0714
14.1479
14.2246
14.3015
14.3786
14.4559
14.5334
14.6111
14.689
14.7671
14.8454
14.924
15.0027
15.0816
15.1608
15.2401
15.3197
15.3994
15.4794
15.5595
15.6399
15.7205
15.8013
15.8823
15.9634
16.0448
16.1264
16.2082
16.2902
16.3724
16.4549
16.5375
16.6203
16.7033
16.7866
16.87
16.9536
17.0375
17.1215
17.2058
17.2903
17.3749
17.4598
17.5449
17.6301
17.7156
17.8013
17.8872
17.9733
18.0596
18.1461
18.2328
18.3197
18.4068
18.4941
18.5817
18.6694
18.7573
18.8455
18.9338
19.0224
19.1111
19.2001
19.2892
19.3786
19.4682
19.558
19.6479
19.7381
19.8285
19.9191
20.0099
20.1009
20.1921
20.2835
20.3751
20.467
20.559
20.6512
20.7436
20.8363
20.9291
21.0222
21.1154
21.2089
21.3025
21.3964
21.4904
21.5847
21.6792
21.7739
21.8687
21.9638
22.0591
22.1546
22.2503
22.3462
22.4423
22.5386
22.6351
22.7318
22.8287
22.9259
23.0232
23.1207
23.2185
23.3164
23.4145
23.5129
23.6114
23.7102
23.8092
23.9083
24.0077
24.1073
24.207
24.307
24.4072
24.5076
24.6082
24.709
24.81
24.9112
25.0126
25.1142
25.2161
25.3181
25.4203
25.5227
25.6254
25.7282
25.8313
25.9345
26.038
26.1416
26.2455
26.3495
26.4538
26.5583
26.663
26.7678
26.8729
26.9782
27.0837
27.1894
27.2953
27.4014
27.5077
27.6142
27.7209
27.8278
27.9349
28.0422
28.1497
28.2575
28.3654
28.4735
28.5818
28.6904
28.7991
28.908
29.0172
29.1265
29.236
29.3458
29.4557
29.5659
29.6762
29.7868
29.8975
30.0085
30.1197
30.231
30.3426
30.4544
30.5663
30.6785
30.7909
30.9035
31.0162
31.1292
31.2424
31.3558
31.4694
31.5832
31.6972
31.8114
31.9258
32.0404
32.1552
32.2702
32.3854
32.5008
32.6164
32.7322
32.8483
32.9645
33.0809
33.1975
33.3143
33.4314
33.5486
33.666
33.7837
33.9015
34.0195
34.1378
34.2562
34.3749
34.4937
34.6128
34.732
34.8515
34.9711
35.091
35.2111
35.3313
35.4518
35.5725
35.6933
35.8144
35.9357
36.0572
36.1788
36.3007
36.4228
36.5451
36.6676
36.7903
36.9132
37.0362
37.1595
37.283
37.4067
37.5306
37.6547
37.7791
37.9036
38.0283
38.1532
38.2783
38.4036
38.5291
38.6548
38.7808
38.9069
39.0332
39.1597
39.2865
39.4134
39.5405
39.6679
39.7954
39.9231
40.0511
40.1792
40.3076
40.4361
40.5648
40.6938
40.8229
40.9523
41.0819
41.2116
41.3416
41.4717
41.6021
41.7327
41.8635
41.9944
42.1256
42.257
42.3886
42.5203
42.6523
42.7845
42.9169
43.0495
43.1823
43.3153
43.4485
43.5819
43.7155
43.8493
43.9833
44.1175
44.252
44.3866
44.5214
44.6564
44.7916
44.9271
45.0627
45.1985
45.3346
45.4708
45.6073
45.7439
45.8807
46.0178
46.155
46.2925
46.4302
46.568
46.7061
46.8443
46.9828
47.1215
47.2603
47.3994
47.5387
47.6781
47.8178
47.9577
48.0978
48.238
48.3785
48.5192
48.6601
48.8012
48.9425
49.0839
49.2256
49.3675
49.5096
49.6519
49.7944
49.9371
50.08
50.2231
50.3663
50.5098
50.6535
50.7974
50.9415
51.0858
51.2303
51.375
51.5199
51.665
51.8103
51.9558
52.1015
52.2474
52.3935
52.5398
52.6863
52.833
52.9799
53.127
53.2743
53.4218
53.5695
53.7174
53.8655
54.0138
54.1623
54.311
54.4599
54.609
54.7583
54.9078
55.0575
55.2074
55.3575
55.5079
55.6584
55.8091
55.96
56.1111
56.2624
56.4139
56.5656
56.7175
56.8697
57.022
57.1745
57.3272
57.4801
57.6332
57.7865
57.94
58.0938
58.2477
58.4018
58.5561
58.7106
58.8653
59.0202
59.1753
59.3306
59.4861
59.6418
59.7977
59.9538
60.1102
60.2667
60.4234
60.5803
60.7374
60.8947
61.0522
61.2098
61.3677
61.5258
61.6841
61.8426
62.0013
62.1602
62.3193
62.4786
62.6381
62.7977
62.9576
63.1177
63.278
63.4385
63.5992
63.76
63.9211
64.0824
64.2439
64.4055
64.5674
64.7295
64.8918
65.0542
65.2169
65.3798
65.5428
65.7061
65.8696
66.0332
66.1971
66.3612
66.5254
66.6899
66.8546
67.0194
67.1845
67.3498
67.5152
67.6809
67.8467
68.0128
68.1791
68.3455
68.5122
68.6791
68.8461
69.0134
69.1808
69.3485
69.5164
69.6844
69.8527
70.0211
70.1898
70.3587
70.5277
70.697
70.8664
71.0361
71.2059
71.376
71.5463
71.7167
71.8874
72.0582
72.2293
72.4006
72.572
72.7437
72.9156
73.0876
73.2599
73.4323
73.605
73.7779
73.9509
74.1242
74.2976
74.4713
74.6452
74.8192
74.9935
75.1679
75.3426
75.5175
75.6925
75.8678
76.0432
76.2189
76.3947
76.5708
76.747
76.9234
77.1001
77.2769
77.454
77.6312
77.8086
77.9863
78.1641
78.3421
78.5203
78.6988
78.8774
79.0562
79.2352
79.4144
79.5938
79.7734
79.9532
80.1332
80.3134
80.4938
80.6744
80.8552
81.0362
81.2173
81.3987
81.5803
81.762
81.944
82.1262
82.3085
82.4911
82.6738
82.8567
83.0399
83.2232
83.4067
83.5905
83.7744
83.9585
84.1428
84.3273
84.512
84.6969
84.882
85.0673
85.2528
85.4385
85.6243
85.8104
85.9967
86.1831
86.3698
86.5567
86.7437
86.9309
87.1184
87.306
87.4938
87.6819
87.8701
88.0585
88.2471
88.4359
88.6249
88.8141
89.0035
89.1931
89.3829
89.5728
89.763
89.9534
90.144
90.3347
90.5257
90.7168
90.9082
91.0997
91.2914
91.4834
91.6755
91.8678
92.0603
92.2531
92.446
92.6391
92.8324
93.0259
93.2195
93.4134
93.6075
93.8018
93.9963
94.1909
94.3858
94.5808
94.7761
94.9715
95.1672
95.363
95.5591
95.7553
95.9517
96.1483
96.3452
96.5422
96.7394
96.9368
97.1344
97.3322
97.5302
97.7284
97.9268
98.1253
98.3241
98.5231
98.7222
98.9216
99.1212
99.3209
99.5209
99.721
99.9213
100.122
100.323
100.524
100.725
100.926
101.127
101.329
101.531
101.733
101.935
102.138
102.341
102.543
102.747
102.95
103.153
103.357
103.561
103.765
103.969
104.173
104.378
104.583
104.788
104.993
105.199
105.404
105.61
105.816
106.022
106.228
106.435
106.642
106.849
107.056
107.263
107.471
107.678
107.886
108.095
108.303
108.511
108.72
108.929
109.138
109.347
109.557
109.766
109.976
110.186
110.397
110.607
110.818
111.029
111.24
111.451
111.662
111.874
112.086
112.298
112.51
112.722
112.935
113.148
113.361
113.574
113.787
114.001
114.215
114.428
114.643
114.857
115.072
115.286
115.501
115.716
115.932
116.147
116.363
116.579
116.795
117.011
117.228
117.444
117.661
117.878
118.096
118.313
118.531
118.749
118.967
119.185
119.403
119.622
119.841
120.06
120.279
120.499
120.718
120.938
121.158
121.378
121.599
121.82
122.04
122.261
122.483
122.704
122.926
123.147
123.369
123.592
123.814
124.037
124.259
124.482
124.706
124.929
125.153
125.376
125.6
125.824
126.049
126.273
126.498
126.723
126.948
127.174
127.399
127.625
127.851
128.077
128.303
128.53
128.757
128.984
129.211
129.438
129.666
129.894
130.122
130.35
130.578
130.807
131.035
131.264
131.493
131.723
131.952
132.182
132.412
132.642
132.872
133.103
133.334
133.565
133.796
134.027
134.259
134.49
134.722
134.954
135.187
135.419
135.652
135.885
136.118
136.351
136.585
136.819
137.052
137.287
137.521
137.755
137.99
138.225
138.46
138.695
138.931
139.167
139.402
139.638
139.875
140.111
140.348
140.585
140.822
141.059
141.297
141.534
141.772
142.01
142.248
142.487
142.725
142.964
143.203
143.442
143.682
143.921
144.161
144.401
144.641
144.882
145.122
145.363
145.604
145.845
146.087
146.328
146.57
146.812
147.054
147.296
147.539
147.782
148.025
148.268
148.511
148.755
148.998
149.242
149.486
149.731
149.975
150.22
150.465
150.71
150.955
151.201
151.446
151.692
151.938
152.184
152.431
152.677
152.924
153.171
153.419
153.666
153.914
154.161
154.409
154.658
154.906
155.155
155.403
155.652
155.902
156.151
156.401
156.65
156.9
157.15
157.401
157.651
157.902
158.153
158.404
158.655
158.907
159.159
159.411
159.663
159.915
160.167
160.42
160.673
160.926
161.179
161.433
161.686
161.94
162.194
162.449
162.703
162.958
163.212
163.467
163.723
163.978
164.234
164.49
164.746
165.002
165.258
165.515
165.771
166.028
166.286
166.543
166.801
167.058
167.316
167.574
167.833
168.091
168.35
168.609
168.868
169.127
169.387
169.647
169.907
170.167
170.427
170.687
170.948
171.209
171.47
171.731
171.993
172.254
172.516
172.778
173.041
173.303
173.566
173.829
174.092
174.355
174.618
174.882
175.146
175.41
175.674
175.938
176.203
176.468
176.733
176.998
177.263
177.529
177.795
178.06
178.327
178.593
178.859
179.126
179.393
179.66
179.928
180.195
180.463
180.731
180.999
181.267
181.535
181.804
182.073
182.342
182.611
182.881
183.15
183.42
183.69
183.96
184.231
184.501
184.772
185.043
185.314
185.586
185.857
186.129
186.401
186.673
186.945
187.218
187.491
187.764
188.037
188.31
188.583
188.857
189.131
189.405
189.679
189.954
190.228
190.503
190.778
191.054
191.329
191.605
191.88
192.156
192.433
192.709
192.986
193.262
193.539
193.817
194.094
194.372
194.649
194.927
195.205
195.484
195.762
196.041
196.32
196.599
196.878
197.158
197.438
197.718
197.998
198.278
198.559
198.839
199.12
199.401
199.683
199.964
200.246
200.528
200.81
201.092
201.375
201.657
201.94
202.223
202.507
202.79
203.074
203.358
203.642
203.926
204.211
204.495
204.78
205.065
205.35
205.636
205.921
206.207
206.493
206.78
207.066
207.353
207.639
207.926
208.214
208.501
208.789
209.076
209.364
209.653
209.941
210.23
210.518
210.807
211.096
211.386
211.675
211.965
212.255
212.545
212.835
213.126
213.416
213.707
213.998
214.29
214.581
214.873
215.164
215.456
215.749
216.041
216.334
216.626
216.919
217.213
217.506
217.799
218.093
218.387
218.681
218.976
219.27
219.565
219.86
220.155
220.45
220.745
221.041
221.337
221.633
221.929
222.225
222.522
222.819
223.116
223.413
223.71
224.008
224.306
224.604
224.902
225.2
225.499
225.797
226.096
226.395
226.694
226.994
227.294
227.593
227.893
228.194
228.494
228.795
229.095
229.396
229.698
229.999
230.301
230.602
230.904
231.206
231.509
231.811
232.114
232.417
232.72
233.023
233.327
233.63
233.934
234.238
234.543
234.847
235.152
235.457
235.762
236.067
236.372
236.678
236.984
237.289
237.596
237.902
238.209
238.515
238.822
239.129
239.437
239.744
240.052
240.36
240.668
240.976
241.284
241.593
241.902
242.211
242.52
242.83
243.139
243.449
243.759
244.069
244.379
244.69
245.001
245.312
245.623
245.934
246.246
246.557
246.869
247.181
247.494
247.806
248.119
248.432
248.745
249.058
249.371
249.685
249.999
250.313
250.627
250.941
251.256
251.571
251.886
252.201
252.516
252.832
253.147
253.463
253.779
254.096
254.412
254.729
255.046
255.363
255.68
255.997
256.315
256.633
256.951
257.269
257.587
257.906
258.225
258.544
258.863
259.182
259.502
259.821
260.141
260.461
260.782
261.102
261.423
261.744
262.065
262.386
262.708
263.029
263.351
263.673
263.995
264.318
264.64
264.963
265.286
265.609
265.932
266.256
266.58
266.903
267.228
267.552
267.876
268.201
268.526
268.851
269.176
269.501
269.827
270.153
270.479
270.805
271.131
271.458
271.784
272.111
272.438
272.765
273.093
273.421
273.748
274.076
274.405
274.733
275.061
275.39
275.719
276.048
276.378
276.707
277.037
277.367
277.697
278.027
278.357
278.688
279.019
279.35
279.681
280.012
280.344
280.675
281.007
281.339
281.671
282.004
282.337
282.669
283.002
283.336
283.669
284.003
284.336
284.67
285.004
285.339
285.673
286.008
286.343
286.678
287.013
287.348
287.684
288.02
288.356
288.692
289.028
289.365
289.701
290.038
290.375
290.712
291.05
291.388
291.725
292.063
292.401
292.74
293.078
293.417
293.756
294.095
294.434
294.774
295.113
295.453
295.793
296.133
296.474
296.814
297.155
297.496
297.837
298.179
298.52
298.862
299.204
299.546
299.888
300.23
300.573
300.916
301.259
301.602
301.945
302.289
302.632
302.976
303.32
303.665
304.009
304.354
304.698
305.043
305.389
305.734
306.08
306.425
306.771
307.118
307.464
307.81
308.157
308.504
308.851
309.198
309.546
309.893
310.241
310.589
310.937
311.286
311.634
311.983
312.332
312.681
313.031
313.38
313.73
314.08
314.43
314.78
315.13
315.481
315.832
316.183
316.534
316.886
317.237
317.589
317.941
318.293
318.645
318.998
319.351
319.704
320.057
320.41
320.763
321.117
321.471
321.825
322.179
322.534
322.888
323.243
323.598
323.953
324.309
324.664
325.02
325.376
325.732
326.088
326.445
326.802
327.158
327.515
327.873
328.23
328.588
328.946
329.304
329.662
330.02
330.379
330.738
331.097
331.456
331.815
332.175
332.534
332.894
333.254
333.614
333.975
334.336
334.696
335.057
335.419
335.78
336.142
336.503
336.865
337.227
337.59
337.952
338.315
338.678
339.041
339.404
339.768
340.131
340.495
340.859
341.223
341.587
341.952
342.317
342.682
343.047
343.412
343.777
344.143
344.509
344.875
345.241
345.607
345.974
346.341
346.708
347.075
347.442
347.81
348.177
348.545
348.913
349.281
349.65
350.018
350.387
350.756
351.125
351.494
351.864
352.234
352.604
352.974
353.344
353.714
354.085
354.456
354.827
355.198
355.569
355.941
356.312
356.684
357.056
357.429
357.801
358.174
358.547
358.92
359.293
359.666
360.04
360.414
360.788
361.162
361.536
361.911
362.285
362.66
363.035
363.41
363.786
364.161
364.537
364.913
365.289
365.666
366.042
366.419
366.796
367.173
367.55
367.928
368.306
368.683
369.062
369.44
369.818
370.197
370.576
370.955
371.334
371.713
372.093
372.472
372.852
373.232
373.613
373.993
374.374
374.755
375.136
375.517
375.898
376.28
376.662
377.044
377.426
377.808
378.191
378.573
378.956
379.339
379.723
380.106
380.49
380.873
381.258
381.642
382.026
382.411
382.795
383.18
383.566
383.951
384.336
384.722
385.108
385.494
385.88
386.267
386.653
387.04
387.427
387.814
388.202
388.589
388.977
389.365
389.753
390.141
390.53
390.919
391.308
391.697
392.086
392.475
392.865
393.255
393.645
394.035
394.425
394.816
395.207
395.598
395.989
396.38
396.771
397.163
397.555
397.947
398.339
398.732
399.124
399.517
399.91
400.303
400.697
401.09
401.484
401.878
402.272
402.666
403.06
403.455
403.85
404.245
404.64
405.036
405.431
405.827
406.223
406.619
407.015
407.412
407.808
408.205
408.602
408.999
409.397
409.794
410.192
410.59
410.988
411.387
411.785
412.184
412.583
412.982
413.381
413.78
414.18
414.58
414.98
415.38
415.78
416.181
416.581
416.982
417.383
417.785
418.186
418.588
418.99
419.392
419.794
420.196
420.599
421.001
421.404
421.808
422.211
422.614
423.018
423.422
423.826
424.23
424.635
425.039
425.444
425.849
426.254
426.66
427.065
427.471
427.877
428.283
428.689
429.096
429.502
429.909
430.316
430.724
431.131
431.539
431.947
432.355
432.763
433.171
433.58
433.989
434.398
434.807
435.216
435.626
436.036
436.446
436.856
437.266
437.677
438.088
438.498
438.91
439.321
439.732
440.144
440.556
440.968
441.381
441.793
442.206
442.619
443.032
443.445
443.858
444.272
444.686
445.1
445.514
445.929
446.343
446.758
447.173
447.588
448.004
448.419
448.835
449.251
449.667
450.083
450.5
450.917
451.334
451.751
452.168
452.586
453.003
453.421
453.839
454.258
454.676
455.095
455.514
455.933
456.352
456.771
457.191
457.611
458.031
458.451
458.871
459.292
459.712
460.133
460.554
460.976
461.397
461.819
462.241
462.663
463.085
463.507
463.93
464.353
464.776
465.199
465.622
466.046
466.47
466.894
467.318
467.742
468.167
468.591
469.016
469.441
469.866
470.292
470.717
471.143
471.569
471.995
472.422
472.848
473.275
473.702
474.129
474.556
474.984
475.412
475.839
476.268
476.696
477.124
477.553
477.982
478.411
478.84
479.269
479.699
480.128
480.558
480.989
481.419
481.849
482.28
482.711
483.142
483.573
484.005
484.436
484.868
485.3
485.732
486.165
486.597
487.03
487.463
487.896
488.329
488.763
489.197
489.63
490.065
490.499
490.933
491.368
491.803
492.238
492.673
493.108
493.544
493.979
494.415
494.852
495.288
495.724
496.161
496.598
497.035
497.472
497.909
498.347
498.785
499.223
499.661
500.099
500.538
500.977
501.415
501.854
502.294
502.733
503.173
503.613
504.053
504.493
504.933
505.374
505.814
506.255
506.697
507.138
507.579
508.021
508.463
508.905
509.347
509.789
510.232
510.675
511.118
511.561
512.004
512.448
512.891
513.335
513.779
514.224
514.668
515.113
515.557
516.002
516.448
516.893
517.338
517.784
518.23
518.676
519.122
519.568
520.015
520.462
520.909
521.356
521.803
522.251
522.698
523.146
523.594
524.042
524.49
524.939
525.388
525.836
526.285
526.735
527.184
527.633
528.083
528.533
528.983
529.433
529.884
530.334
530.785
531.236
531.687
532.138
532.589
533.041
533.493
533.945
534.397
534.849
535.301
535.754
536.206
536.659
537.112
537.565
538.019
538.472
538.926
539.38
539.834
540.288
540.742
541.197
541.652
542.107
542.562
543.017
543.472
543.928
544.383
544.839
545.295
545.751
546.207
546.664
547.121
547.577
548.034
548.492
548.949
549.406
549.864
550.322
550.78
551.238
551.696
552.155
552.613
553.072
553.531
553.99
554.45
554.909
555.369
555.829
556.289
556.749
557.209
557.67
558.131
558.591
559.052
559.514
559.975
560.437
560.898
561.36
561.823
562.285
562.747
563.21
563.673
564.136
564.599
565.062
565.526
565.99
566.453
566.918
567.382
567.846
568.311
568.776
569.241
569.706
570.171
570.637
571.102
571.568
572.034
572.5
572.967
573.434
573.9
574.367
574.834
575.302
575.769
576.237
576.705
577.173
577.641
578.11
578.578
579.047
579.516
579.985
580.455
580.924
581.394
581.864
582.334
582.804
583.275
583.745
584.216
584.687
585.159
585.63
586.102
586.573
587.045
587.517
587.99
588.462
588.935
589.408
589.881
590.354
590.828
591.302
591.775
592.249
592.724
593.198
593.673
594.147
594.622
595.098
595.573
596.048
596.524
597
597.476
597.952
598.429
598.906
599.382
599.859
600.337
600.814
601.292
601.769
602.247
602.725
603.204
603.682
604.161
604.64
605.119
605.598
606.078
606.557
607.037
607.517
607.997
608.478
608.958
609.439
609.92
610.401
610.882
611.364
611.845
612.327
612.809
613.291
613.774
614.256
614.739
615.222
615.705
616.189
616.672
617.156
617.64
618.124
618.608
619.093
619.577
620.062
620.547
621.032
621.518
622.003
622.489
622.975
623.461
623.947
624.434
624.921
625.407
625.895
626.382
626.869
627.357
627.845
628.333
628.821
629.309
629.798
630.286
630.775
631.264
631.754
632.243
632.733
633.223
633.713
634.203
634.693
635.184
635.675
636.166
636.657
637.148
637.64
638.131
638.623
639.115
639.607
640.1
640.592
641.085
641.578
642.071
642.565
643.058
643.552
644.046
644.54
645.034
645.529
646.023
646.518
647.013
647.508
648.004
648.499
648.995
649.491
649.987
650.483
650.98
651.476
651.973
652.47
652.967
653.464
653.962
654.46
654.958
655.456
655.954
656.452
656.951
657.45
657.949
658.448
658.947
659.447
659.946
660.446
660.946
661.446
661.947
662.447
662.948
663.449
663.95
664.451
664.953
665.454
665.956
666.458
666.96
667.463
667.965
668.468
668.971
669.474
669.977
670.481
670.984
671.488
671.992
672.496
673
673.505
674.01
674.514
675.02
675.525
676.03
676.536
677.041
677.547
678.054
678.56
679.066
679.573
680.08
680.587
681.094
681.602
682.109
682.617
683.125
683.633
684.141
684.65
685.159
685.667
686.177
686.686
687.195
687.705
688.215
688.725
689.235
689.745
690.256
690.766
691.277
691.788
692.3
692.811
693.323
693.835
694.347
694.859
695.371
695.884
696.397
696.91
697.423
697.936
698.45
698.963
699.477
699.991
700.505
701.02
701.534
702.049
702.564
703.079
703.595
704.11
704.626
705.142
705.658
706.174
706.691
707.207
707.724
708.241
708.758
709.275
709.793
710.311
710.829
711.347
711.865
712.383
712.902
713.421
713.94
714.459
714.978
715.498
716.017
716.537
717.057
717.578
718.098
718.619
719.139
719.66
720.182
720.703
721.224
721.746
722.268
722.79
723.312
723.835
724.357
724.88
725.403
725.926
726.449
726.973
727.497
728.02
728.544
729.069
729.593
730.118
730.642
731.167
731.692
732.218
732.743
733.269
733.795
734.321
734.847
735.373
735.9
736.426
736.953
737.48
738.008
738.535
739.063
739.59
740.118
740.647
741.175
741.703
742.232
742.761
743.29
743.819
744.349
744.878
745.408
745.938
746.468
746.998
747.529
748.059
748.59
749.121
749.652
750.183
750.715
751.247
751.778
752.31
752.843
753.375
753.908
754.44
754.973
755.506
756.039
756.573
757.106
757.64
758.174
758.708
759.242
759.777
760.311
760.846
761.381
761.916
762.451
762.987
763.522
764.058
764.594
765.13
765.666
766.203
766.74
767.276
767.813
768.35
768.887
769.425
769.962
770.5
771.038
771.576
772.114
772.653
773.191
773.73
774.269
774.808
775.347
775.886
776.426
776.966
777.505
778.045
778.585
779.126
779.666
780.207
780.748
781.288
781.83
782.371
782.912
783.454
783.995
784.537
785.079
785.621
786.164
786.706
787.249
787.792
788.335
788.878
789.421
789.964
790.508
791.052
791.596
792.14
792.684
793.228
793.773
794.318
794.863
795.408
795.953
796.498
797.044
797.589
798.135
798.681
799.227
799.774
800.32
800.867
801.413
801.96
802.507
803.055
803.602
804.15
804.698
805.246
805.794
806.342
806.89
807.439
807.988
808.537
809.086
809.635
810.184
810.734
811.284
811.834
812.384
812.934
813.484
814.035
814.586
815.137
815.688
816.239
816.79
817.342
817.894
818.446
818.998
819.55
820.102
820.655
821.208
821.761
822.314
822.867
823.421
823.974
824.528
825.082
825.636
826.19
826.745
827.3
827.854
828.409
828.965
829.52
830.075
830.631
831.187
831.743
832.299
832.856
833.412
833.969
834.526
835.083
835.641
836.198
836.756
837.314
837.872
838.43
838.988
839.547
840.105
840.664
841.223
841.783
842.342
842.902
843.462
844.022
844.582
845.142
845.703
846.263
846.824
847.385
847.946
848.508
849.069
849.631
850.193
850.755
851.318
851.88
852.443
853.005
853.568
854.132
854.695
855.258
855.822
856.386
856.95
857.514
858.079
858.643
859.208
859.773
860.338
860.903
861.469
862.034
862.6
863.166
863.732
864.298
864.865
865.431
865.998
866.565
867.132
867.7
868.267
868.835
869.402
869.97
870.539
871.107
871.675
872.244
872.813
873.382
873.951
874.52
875.09
875.659
876.229
876.799
877.369
877.939
878.51
879.081
879.651
880.222
880.793
881.365
881.936
882.508
883.08
883.651
884.224
884.796
885.368
885.941
886.514
887.087
887.66
888.233
888.806
889.38
889.954
890.528
891.102
891.676
892.251
892.825
893.4
893.975
894.55
895.125
895.701
896.277
896.852
897.428
898.005
898.581
899.157
899.734
900.311
900.888
901.465
902.042
902.62
903.198
903.776
904.354
904.932
905.51
906.089
906.668
907.247
907.826
908.405
908.985
909.564
910.144
910.724
911.304
911.885
912.465
913.046
913.627
914.208
914.789
915.37
915.952
916.534
917.116
917.698
918.28
918.863
919.445
920.028
920.611
921.195
921.778
922.362
922.945
923.529
924.113
924.697
925.282
925.867
926.451
927.036
927.621
928.207
928.792
929.378
929.964
930.55
931.136
931.722
932.309
932.895
933.482
934.069
934.656
935.244
935.831
936.419
937.007
937.595
938.183
938.771
939.36
939.949
940.537
941.127
941.716
942.305
942.895
943.485
944.074
944.665
945.255
945.845
946.436
947.027
947.618
948.209
948.8
949.392
949.983
950.575
951.167
951.759
952.352
952.944
953.537
954.13
954.723
955.316
955.909
956.503
957.096
957.69
958.284
958.878
959.473
960.067
960.662
961.257
961.852
962.447
963.043
963.638
964.234
964.83
965.426
966.022
966.619
967.216
967.812
968.409
969.006
969.604
970.201
970.799
971.397
971.995
972.593
973.191
973.79
974.389
974.988
975.587
976.186
976.785
977.385
977.985
978.585
979.185
979.785
980.385
980.986
981.587
982.188
982.789
983.39
983.992
984.593
985.195
985.797
986.4
987.002
987.604
988.207
988.81
989.413
990.016
990.62
991.223
991.827
992.431
993.035
993.639
994.244
994.848
995.453
996.058
996.663
997.268
997.873
998.479
999.085
999.691
1000.3
1000.9
1001.51
1002.12
1002.72
1003.33
1003.94
1004.54
1005.15
1005.76
1006.37
1006.97
1007.58
1008.19
1008.8
1009.41
1010.02
1010.63
1011.23
1011.84
1012.45
1013.06
1013.67
1014.28
1014.89
1015.5
1016.11
1016.72
1017.33
1017.95
1018.56
1019.17
1019.78
1020.39
1021
1021.61
1022.23
1022.84
1023.45
1024.06
1024.68
1025.29
1025.9
1026.51
1027.13
1027.74
1028.36
1028.97
1029.58
1030.2
1030.81
1031.43
1032.04
1032.66
1033.27
1033.89
1034.5
1035.12
1035.73
1036.35
1036.96
1037.58
1038.2
1038.81
1039.43
1040.05
1040.66
1041.28
1041.9
1042.52
1043.13
1043.75
1044.37
1044.99
1045.6
1046.22
1046.84
1047.46
1048.08
1048.7
1049.32
1049.94
1050.56
1051.18
1051.8
1052.42
1053.04
1053.66
1054.28
1054.9
1055.52
1056.14
1056.76
1057.38
1058
1058.62
1059.25
1059.87
1060.49
1061.11
1061.73
1062.36
1062.98
1063.6
1064.23
1064.85
1065.47
1066.1
1066.72
1067.34
1067.97
1068.59
1069.22
1069.84
1070.47
1071.09
1071.72
1072.34
1072.97
1073.59
1074.22
1074.84
1075.47
1076.1
1076.72
1077.35
1077.98
1078.6
1079.23
1079.86
1080.48
1081.11
1081.74
1082.37
1083
1083.63
1084.25
1084.88
1085.51
1086.14
1086.77
1087.4
1088.03
1088.66
1089.29
1089.92
1090.55
1091.18
1091.81
1092.44
1093.07
1093.7
1094.34
1094.97
1095.6
1096.23
1096.86
1097.5
1098.13
1098.76
1099.39
1100.03
1100.66
1101.29
1101.93
1102.56
1103.19
1103.83
1104.46
1105.1
1105.73
1106.37
1107
1107.64
1108.27
1108.91
1109.54
1110.18
1110.82
1111.45
1112.09
1112.73
1113.36
1114
1114.64
1115.27
1115.91
1116.55
1117.19
1117.83
1118.46
1119.1
1119.74
1120.38
1121.02
1121.66
1122.3
1122.94
1123.58
1124.22
1124.86
1125.5
1126.14
1126.78
1127.42
1128.06
1128.7
1129.34
1129.98
1130.63
1131.27
1131.91
1132.55
1133.2
1133.84
1134.48
1135.12
1135.77
1136.41
1137.05
1137.7
1138.34
1138.98
1139.63
1140.27
1140.92
1141.56
1142.21
1142.85
1143.5
1144.14
1144.79
1145.43
1146.08
1146.73
1147.37
1148.02
1148.67
1149.31
1149.96
1150.61
1151.25
1151.9
1152.55
1153.2
1153.84
1154.49
1155.14
1155.79
1156.44
1157.09
1157.74
1158.39
1159.04
1159.68
1160.33
1160.98
1161.63
1162.28
1162.94
1163.59
1164.24
1164.89
1165.54
1166.19
1166.84
1167.49
1168.15
1168.8
1169.45
1170.1
1170.76
1171.41
1172.06
1172.71
1173.37
1174.02
1174.67
1175.33
1175.98
1176.64
1177.29
1177.94
1178.6
1179.25
1179.91
1180.56
1181.22
1181.87
1182.53
1183.19
1183.84
1184.5
1185.15
1185.81
1186.47
1187.12
1187.78
1188.44
1189.1
1189.75
1190.41
1191.07
1191.73
1192.38
1193.04
1193.7
1194.36
1195.02
1195.68
1196.34
1196.99
1197.65
1198.31
1198.97
1199.63
1200.29
1200.95
1201.61
1202.27
1202.93
1203.59
1204.26
1204.92
1205.58
1206.24
1206.9
1207.56
1208.22
1208.89
1209.55
1210.21
1210.87
1211.54
1212.2
1212.86
1213.52
1214.19
1214.85
1215.51
1216.18
1216.84
1217.51
1218.17
1218.83
1219.5
1220.16
1220.83
1221.49
1222.16
1222.82
1223.49
1224.15
1224.82
1225.49
1226.15
1226.82
1227.48
1228.15
1228.82
1229.48
1230.15
1230.82
1231.49
1232.15
1232.82
1233.49
1234.16
1234.82
1235.49
1236.16
1236.83
1237.5
1238.17
1238.84
1239.5
1240.17
1240.84
1241.51
1242.18
1242.85
1243.52
1244.19
1244.86
1245.53
1246.2
1246.88
1247.55
1248.22
1248.89
1249.56
1250.23
1250.9
1251.58
1252.25
1252.92
1253.59
1254.27
1254.94
1255.61
1256.28
1256.96
1257.63
1258.3
1258.98
1259.65
1260.33
1261
1261.67
1262.35
1263.02
1263.7
1264.37
1265.05
1265.72
1266.4
1267.07
1267.75
1268.43
1269.1
1269.78
1270.46
1271.13
1271.81
1272.49
1273.16
1273.84
1274.52
1275.2
1275.87
1276.55
1277.23
1277.91
1278.59
1279.26
1279.94
1280.62
1281.3
1281.98
1282.66
1283.34
1284.02
1284.7
1285.38
1286.06
1286.74
1287.42
1288.1
1288.79
1289.47
1290.15
1290.83
1291.51
1292.19
1292.88
1293.56
1294.24
1294.92
1295.61
1296.29
1296.97
1297.66
1298.34
1299.03
1299.71
1300.39
1301.08
1301.76
1302.45
1303.13
1303.82
1304.5
1305.19
1305.88
1306.56
1307.25
1307.93
1308.62
1309.31
1309.99
1310.68
1311.37
1312.06
1312.74
1313.43
1314.12
1314.81
1315.49
1316.18
1316.87
1317.56
1318.25
1318.94
1319.63
1320.32
1321.01
1321.7
1322.39
1323.08
1323.77
1324.46
1325.15
1325.84
1326.53
1327.22
1327.91
1328.61
1329.3
1329.99
1330.68
1331.37
1332.07
1332.76
1333.45
1334.14
1334.84
1335.53
1336.22
1336.92
1337.61
1338.3
1339
1339.69
1340.39
1341.08
1341.78
1342.47
1343.17
1343.86
1344.56
1345.25
1345.95
1346.64
1347.34
1348.04
1348.73
1349.43
1350.13
1350.82
1351.52
1352.22
1352.91
1353.61
1354.31
1355.01
1355.7
1356.4
1357.1
1357.8
1358.5
1359.2
1359.9
1360.59
1361.29
1361.99
1362.69
1363.39
1364.09
1364.79
1365.49
1366.19
1366.89
1367.59
1368.29
1368.99
1369.69
1370.4
1371.1
1371.8
1372.5
1373.2
1373.9
1374.61
1375.31
1376.01
1376.71
1377.41
1378.12
1378.82
1379.52
1380.23
1380.93
1381.63
1382.34
1383.04
1383.75
1384.45
1385.15
1385.86
1386.56
1387.27
1387.97
1388.68
1389.38
1390.09
1390.79
1391.5
1392.21
1392.91
1393.62
1394.32
1395.03
1395.74
1396.44
1397.15
1397.86
1398.57
1399.27
1399.98
1400.69
1401.4
1402.11
1402.81
1403.52
1404.23
1404.94
1405.65
1406.36
1407.07
1407.78
1408.49
1409.2
1409.91
1410.62
1411.33
1412.04
1412.75
1413.46
1414.17
1414.88
1415.59
1416.3
1417.01
1417.73
1418.44
1419.15
1419.86
1420.58
1421.29
1422
1422.71
1423.43
1424.14
1424.85
1425.57
1426.28
1427
1427.71
1428.42
1429.14
1429.85
1430.57
1431.28
1432
1432.71
1433.43
1434.15
1434.86
1435.58
1436.29
1437.01
1437.73
1438.44
1439.16
1439.88
1440.6
1441.31
1442.03
1442.75
1443.47
1444.18
1444.9
1445.62
1446.34
1447.06
1447.78
1448.5
1449.22
1449.94
1450.66
1451.37
1452.09
1452.81
1453.53
1454.26
1454.98
1455.7
1456.42
1457.14
1457.86
1458.58
1459.3
1460.02
1460.75
1461.47
1462.19
1462.91
1463.63
1464.36
1465.08
1465.8
1466.53
1467.25
1467.97
1468.7
1469.42
1470.14
1470.87
1471.59
1472.31
1473.04
1473.76
1474.49
1475.21
1475.94
1476.66
1477.39
1478.11
1478.84
1479.57
1480.29
1481.02
1481.74
1482.47
1483.2
1483.92
1484.65
1485.38
1486.1
1486.83
1487.56
1488.29
1489.01
1489.74
1490.47
1491.2
1491.93
1492.66
1493.38
1494.11
1494.84
1495.57
1496.3
1497.03
1497.76
1498.49
1499.22
1499.95
1500.68
1501.41
1502.14
1502.87
1503.6
1504.33
1505.07
1505.8
1506.53
1507.26
1507.99
1508.72
1509.46
1510.19
1510.92
1511.65
1512.39
1513.12
1513.85
1514.58
1515.32
1516.05
1516.79
1517.52
1518.25
1518.99
1519.72
1520.46
1521.19
1521.93
1522.66
1523.4
1524.13
1524.87
1525.6
1526.34
1527.08
1527.81
1528.55
1529.28
1530.02
1530.76
1531.5
1532.23
1532.97
1533.71
1534.45
1535.18
1535.92
1536.66
1537.4
1538.14
1538.88
1539.61
1540.35
1541.09
1541.83
1542.57
1543.31
1544.05
1544.79
1545.53
1546.27
1547.01
1547.75
1548.5
1549.24
1549.98
1550.72
1551.46
1552.2
1552.95
1553.69
1554.43
1555.17
1555.92
1556.66
1557.4
1558.15
1558.89
1559.63
1560.38
1561.12
1561.87
1562.61
1563.35
1564.1
1564.84
1565.59
1566.33
1567.08
1567.83
1568.57
1569.32
1570.06
1570.81
1571.56
1572.3
1573.05
1573.8
1574.54
1575.29
1576.04
1576.79
1577.54
1578.28
1579.03
1579.78
1580.53
1581.28
1582.03
1582.78
1583.53
1584.28
1585.02
1585.77
1586.52
1587.28
1588.03
1588.78
1589.53
1590.28
1591.03
1591.78
1592.53
1593.28
1594.04
1594.79
1595.54
1596.29
1597.04
1597.8
1598.55
1599.3
1600.06
1600.81
1601.56
1602.32
1603.07
1603.83
1604.58
1605.33
1606.09
1606.84
1607.6
1608.35
1609.11
1609.87
1610.62
1611.38
1612.13
1612.89
1613.65
1614.4
1615.16
1615.92
1616.67
1617.43
1618.19
1618.95
1619.7
1620.46
1621.22
1621.98
1622.74
1623.5
1624.25
1625.01
1625.77
1626.53
1627.29
1628.05
1628.81
1629.57
1630.33
1631.09
1631.85
1632.61
1633.37
1634.14
1634.9
1635.66
1636.42
1637.18
1637.94
1638.71
1639.47
1640.23
1640.99
1641.76
1642.52
1643.28
1644.05
1644.81
1645.58
1646.34
1647.1
1647.87
1648.63
1649.4
1650.16
1650.93
1651.69
1652.46
1653.22
1653.99
1654.76
1655.52
1656.29
1657.05
1657.82
1658.59
1659.35
1660.12
1660.89
1661.66
1662.42
1663.19
1663.96
1664.73
1665.5
1666.26
1667.03
1667.8
1668.57
1669.34
1670.11
1670.88
1671.65
1672.42
1673.19
1673.96
1674.73
1675.5
1676.27
1677.04
1677.81
1678.58
1679.35
1680.13
1680.9
1681.67
1682.44
1683.21
1683.99
1684.76
1685.53
1686.3
1687.08
1687.85
1688.62
1689.39
1690.17
1690.94
1691.72
1692.49
1693.26
1694.04
1694.81
1695.59
1696.36
1697.14
1697.91
1698.69
1699.46
1700.24
1701.01
1701.79
1702.56
1703.34
1704.11
1704.89
1705.67
1706.44
1707.22
1708
1708.77
1709.55
1710.33
1711.11
1711.88
1712.66
1713.44
1714.22
1714.99
1715.77
1716.55
1717.33
1718.11
1718.89
1719.67
1720.45
1721.23
1722
1722.78
1723.56
1724.34
1725.12
1725.9
1726.68
1727.47
1728.25
1729.03
1729.81
1730.59
1731.37
1732.15
1732.93
1733.71
1734.5
1735.28
1736.06
1736.84
1737.63
1738.41
1739.19
1739.97
1740.76
1741.54
1742.32
1743.11
1743.89
1744.67
1745.46
1746.24
1747.03
1747.81
1748.59
1749.38
1750.16
1750.95
1751.73
1752.52
1753.3
1754.09
1754.88
1755.66
1756.45
1757.23
1758.02
1758.81
1759.59
1760.38
1761.17
1761.95
1762.74
1763.53
1764.32
1765.1
1765.89
1766.68
1767.47
1768.26
1769.05
1769.83
1770.62
1771.41
1772.2
1772.99
1773.78
1774.57
1775.36
1776.15
1776.94
1777.73
1778.52
1779.31
1780.1
1780.89
1781.68
1782.48
1783.27
1784.06
1784.85
1785.64
1786.43
1787.23
1788.02
1788.81
1789.6
1790.4
1791.19
1791.98
1792.78
1793.57
1794.36
1795.16
1795.95
1796.74
1797.54
1798.33
1799.13
1799.92
1800.72
1801.51
1802.31
1803.1
1803.9
1804.69
1805.49
1806.28
1807.08
1807.87
1808.67
1809.47
1810.26
1811.06
1811.86
1812.65
1813.45
1814.25
1815.04
1815.84
1816.64
1817.44
1818.24
1819.03
1819.83
1820.63
1821.43
1822.23
1823.03
1823.83
1824.62
1825.42
1826.22
1827.02
1827.82
1828.62
1829.42
1830.22
1831.02
1831.82
1832.62
1833.42
1834.22
1835.03
1835.83
1836.63
1837.43
1838.23
1839.03
1839.83
1840.64
1841.44
1842.24
1843.04
1843.85
1844.65
1845.45
1846.26
1847.06
1847.86
1848.67
1849.47
1850.27
1851.08
1851.88
1852.69
1853.49
1854.3
1855.1
1855.91
1856.71
1857.52
1858.32
1859.13
1859.93
1860.74
1861.54
1862.35
1863.16
1863.96
1864.77
1865.58
1866.38
1867.19
1868
1868.81
1869.61
1870.42
1871.23
1872.04
1872.84
1873.65
1874.46
1875.27
1876.08
1876.89
1877.7
1878.51
1879.31
1880.12
1880.93
1881.74
1882.55
1883.36
1884.17
1884.98
1885.79
1886.6
1887.42
1888.23
1889.04
1889.85
1890.66
1891.47
1892.28
1893.09
1893.91
1894.72
1895.53
1896.34
1897.16
1897.97
1898.78
1899.59
1900.41
1901.22
1902.03
1902.85
1903.66
1904.48
1905.29
1906.1
1906.92
1907.73
1908.55
1909.36
1910.18
1910.99
1911.81
1912.62
1913.44
1914.25
1915.07
1915.89
1916.7
1917.52
1918.33
1919.15
1919.97
1920.79
1921.6
1922.42
1923.24
1924.05
1924.87
1925.69
1926.51
1927.33
1928.15
1928.96
1929.78
1930.6
1931.42
1932.24
1933.06
1933.88
1934.7
1935.52
1936.34
1937.16
1937.98
1938.8
1939.62
1940.44
1941.26
1942.08
1942.9
1943.73
1944.55
1945.37
1946.19
1947.01
1947.83
1948.66
1949.48
1950.3
1951.13
1951.95
1952.77
1953.59
1954.42
1955.24
1956.07
1956.89
1957.71
1958.54
1959.36
1960.19
1961.01
1961.84
1962.66
1963.49
1964.31
1965.14
1965.97
1966.79
1967.62
1968.44
1969.27
1970.1
1970.92
1971.75
1972.58
1973.41
1974.23
1975.06
1975.89
1976.72
1977.55
1978.37
1979.2
1980.03
1980.86
1981.69
1982.52
1983.35
1984.18
1985.01
1985.84
1986.67
1987.5
1988.33
1989.16
1989.99
1990.82
1991.65
1992.49
1993.32
1994.15
1994.98
1995.81
1996.65
1997.48
1998.31
1999.14
1999.98
2000.81
2001.64
2002.48
2003.31
2004.15
2004.98
2005.81
2006.65
2007.48
2008.32
2009.15
2009.99
2010.82
2011.66
2012.5
2013.33
2014.17
2015
2015.84
2016.68
2017.51
2018.35
2019.19
2020.03
2020.86
2021.7
2022.54
2023.38
2024.22
2025.05
2025.89
2026.73
2027.57
2028.41
2029.25
2030.09
2030.93
2031.77
2032.61
2033.45
2034.29
2035.13
2035.97
2036.81
2037.65
2038.49
2039.33
2040.17
2041.02
2041.86
2042.7
2043.54
2044.38
2045.23
2046.07
2046.91
2047.75
2048.6
2049.44
2050.28
2051.13
2051.97
2052.81
2053.66
2054.5
2055.34
2056.19
2057.03
2057.88
2058.72
2059.57
2060.41
2061.26
2062.1
2062.95
2063.79
2064.64
2065.49
2066.33
2067.18
2068.03
2068.87
2069.72
2070.57
2071.41
2072.26
2073.11
2073.96
2074.8
2075.65
2076.5
2077.35
2078.2
2079.05
2079.89
2080.74
2081.59
2082.44
2083.29
2084.14
2084.99
2085.84
2086.69
2087.54
2088.39
2089.24
2090.09
2090.94
2091.79
2092.65
2093.5
2094.35
2095.2
2096.05
2096.9
2097.76
2098.61
2099.46
2100.31
2101.17
2102.02
2102.87
2103.73
2104.58
2105.43
2106.29
2107.14
2108
2108.85
2109.71
2110.56
2111.42
2112.27
2113.13
2113.98
2114.84
2115.69
2116.55
2117.4
2118.26
2119.12
2119.97
2120.83
2121.69
2122.55
2123.4
2124.26
2125.12
2125.98
2126.83
2127.69
2128.55
2129.41
2130.27
2131.13
2131.99
2132.85
2133.71
2134.57
2135.43
2136.29
2137.15
2138.01
2138.87
2139.73
2140.59
2141.45
2142.31
2143.17
2144.03
2144.9
2145.76
2146.62
2147.48
2148.34
2149.21
2150.07
2150.93
2151.8
2152.66
2153.52
2154.39
2155.25
2156.11
2156.98
2157.84
2158.71
2159.57
2160.43
2161.3
2162.16
2163.03
2163.9
2164.76
2165.63
2166.49
2167.36
2168.22
2169.09
2169.96
2170.82
2171.69
2172.56
2173.42
2174.29
2175.16
2176.03
2176.89
2177.76
2178.63
2179.5
2180.37
2181.24
2182.1
2182.97
2183.84
2184.71
2185.58
2186.45
2187.32
2188.19
2189.06
2189.93
2190.8
2191.67
2192.54
2193.41
2194.28
2195.16
2196.03
2196.9
2197.77
2198.64
2199.51
2200.38
2201.26
2202.13
2203
2203.87
2204.75
2205.62
2206.49
2207.37
2208.24
2209.11
2209.99
2210.86
2211.73
2212.61
2213.48
2214.36
2215.23
2216.11
2216.98
2217.86
2218.73
2219.61
2220.48
2221.36
2222.23
2223.11
2223.99
2224.86
2225.74
2226.62
2227.49
2228.37
2229.25
2230.12
2231
2231.88
2232.76
2233.63
2234.51
2235.39
2236.27
2237.15
2238.03
2238.9
2239.78
2240.66
2241.54
2242.42
2243.3
2244.18
2245.06
2245.94
2246.82
2247.7
2248.58
2249.46
2250.34
2251.22
2252.11
2252.99
2253.87
2254.75
2255.63
2256.51
2257.4
2258.28
2259.16
2260.04
2260.92
2261.81
2262.69
2263.57
2264.46
2265.34
2266.22
2267.11
2267.99
2268.87
2269.76
2270.64
2271.53
2272.41
2273.3
2274.18
2275.06
2275.95
2276.83
2277.72
2278.6
2279.49
2280.38
2281.26
2282.15
2283.03
2283.92
2284.81
2285.69
2286.58
2287.46
2288.35
2289.24
2290.12
2291.01
2291.9
2292.79
2293.67
2294.56
2295.45
2296.34
2297.22
2298.11
2299
2299.89
2300.78
2301.67
2302.56
2303.44
2304.33
2305.22
2306.11
2307
2307.89
2308.78
2309.67
2310.56
2311.45
2312.34
2313.23
2314.12
2315.01
2315.9
2316.79
2317.68
2318.57
2319.47
2320.36
2321.25
2322.14
2323.03
2323.92
2324.82
2325.71
2326.6
2327.49
2328.39
2329.28
2330.17
2331.06
2331.96
2332.85
2333.74
2334.64
2335.53
2336.43
2337.32
2338.21
2339.11
2340
2340.9
2341.79
2342.69
2343.58
2344.48
2345.37
2346.27
2347.16
2348.06
2348.96
2349.85
2350.75
2351.64
2352.54
2353.44
2354.33
2355.23
2356.13
2357.02
2357.92
2358.82
2359.72
2360.61
2361.51
2362.41
2363.31
2364.21
2365.1
2366
2366.9
2367.8
2368.7
2369.6
2370.5
2371.39
2372.29
2373.19
2374.09
2374.99
2375.89
2376.79
2377.69
2378.59
2379.49
2380.39
2381.29
2382.2
2383.1
2384
2384.9
2385.8
2386.7
2387.6
2388.5
2389.41
2390.31
2391.21
2392.11
2393.02
2393.92
2394.82
2395.72
2396.63
2397.53
2398.43
2399.34
2400.24
2401.14
2402.05
2402.95
2403.86
2404.76
2405.66
2406.57
2407.47
2408.38
2409.28
2410.19
2411.09
2412
2412.9
2413.81
2414.72
2415.62
2416.53
2417.43
2418.34
2419.25
2420.15
2421.06
2421.97
2422.87
2423.78
2424.69
2425.6
2426.5
2427.41
2428.32
2429.23
2430.14
2431.05
2431.95
2432.86
2433.77
2434.68
2435.59
2436.5
2437.41
2438.32
2439.23
2440.14
2441.05
2441.96
2442.87
2443.78
2444.69
2445.6
2446.51
2447.42
2448.33
2449.25
2450.16
2451.07
2451.98
2452.89
2453.81
2454.72
2455.63
2456.54
2457.46
2458.37
2459.28
2460.2
2461.11
2462.02
2462.94
2463.85
2464.76
2465.68
2466.59
2467.51
2468.42
2469.34
2470.25
2471.17
2472.08
2473
2473.91
2474.83
2475.74
2476.66
2477.58
2478.49
2479.41
2480.33
2481.24
2482.16
2483.08
2484
2484.91
2485.83
2486.75
2487.67
2488.58
2489.5
2490.42
2491.34
2492.26
2493.18
2494.1
2495.01
2495.93
2496.85
2497.77
2498.69
2499.61
2500.53
2501.45
2502.37
2503.29
2504.21
2505.13
2506.05
2506.98
2507.9
2508.82
2509.74
2510.66
2511.58
2512.5
2513.43
2514.35
2515.27
2516.19
2517.12
2518.04
2518.96
2519.89
2520.81
2521.73
2522.65
2523.58
2524.5
2525.43
2526.35
2527.27
2528.2
2529.12
2530.05
2530.97
2531.9
2532.82
2533.75
2534.67
2535.6
2536.52
2537.45
2538.37
2539.3
2540.23
2541.15
2542.08
2543
2543.93
2544.86
2545.78
2546.71
2547.64
2548.57
2549.49
2550.42
2551.35
2552.28
2553.2
2554.13
2555.06
2555.99
2556.92
2557.84
2558.77
2559.7
2560.63
2561.56
2562.49
2563.42
2564.35
2565.28
2566.21
2567.14
2568.07
2569
2569.93
2570.86
2571.79
2572.72
2573.65
2574.58
2575.51
2576.44
2577.37
2578.3
2579.23
2580.17
2581.1
2582.03
2582.96
2583.89
2584.82
2585.76
2586.69
2587.62
2588.56
2589.49
2590.42
2591.35
2592.29
2593.22
2594.15
2595.09
2596.02
2596.96
2597.89
2598.82
2599.76
2600.69
2601.63
2602.56
2603.5
2604.43
2605.37
2606.3
2607.24
2608.18
2609.11
2610.05
2610.98
2611.92
2612.86
2613.79
2614.73
2615.67
2616.6
2617.54
2618.48
2619.42
2620.35
2621.29
2622.23
2623.17
2624.11
2625.04
2625.98
2626.92
2627.86
2628.8
2629.74
2630.68
2631.62
2632.56
2633.5
2634.44
2635.38
2636.32
2637.26
2638.2
2639.14
2640.08
2641.02
2641.96
2642.9
2643.84
2644.78
2645.72
2646.67
2647.61
2648.55
2649.49
2650.43
2651.38
2652.32
2653.26
2654.2
2655.15
2656.09
2657.03
2657.98
2658.92
2659.86
2660.81
2661.75
2662.7
2663.64
2664.58
2665.53
2666.47
2667.42
2668.36
2669.31
2670.25
2671.2
2672.14
2673.09
2674.03
2674.98
2675.92
2676.87
2677.82
2678.76
2679.71
2680.66
2681.6
2682.55
2683.5
2684.44
2685.39
2686.34
2687.29
2688.23
2689.18
2690.13
2691.08
2692.02
2692.97
2693.92
2694.87
2695.82
2696.77
2697.72
2698.66
2699.61
2700.56
2701.51
2702.46
2703.41
2704.36
2705.31
2706.26
2707.21
2708.16
2709.11
2710.06
2711.02
2711.97
2712.92
2713.87
2714.82
2715.77
2716.72
2717.67
2718.63
2719.58
2720.53
2721.48
2722.44
2723.39
2724.34
2725.29
2726.25
2727.2
2728.15
2729.11
2730.06
2731.02
2731.97
2732.92
2733.88
2734.83
2735.79
2736.74
2737.7
2738.65
2739.61
2740.56
2741.52
2742.47
2743.43
2744.38
2745.34
2746.3
2747.25
2748.21
2749.17
2750.12
2751.08
2752.04
2752.99
2753.95
2754.91
2755.87
2756.83
2757.78
2758.74
2759.7
2760.66
2761.62
2762.58
2763.53
2764.49
2765.45
2766.41
2767.37
2768.33
2769.29
2770.25
2771.21
2772.17
2773.13
2774.09
2775.05
2776.01
2776.98
2777.94
2778.9
2779.86
2780.82
2781.78
2782.75
2783.71
2784.67
2785.63
2786.6
2787.56
2788.52
2789.48
2790.45
2791.41
2792.37
2793.34
2794.3
2795.27
2796.23
2797.2
2798.16
2799.12
2800.09
2801.06
2802.02
2802.99
2803.95
2804.92
2805.88
2806.85
2807.82
2808.78
2809.75
2810.72
2811.68
2812.65
2813.62
2814.58
2815.55
2816.52
2817.49
2818.46
2819.43
2820.39
2821.36
2822.33
2823.3
2824.27
2825.24
2826.21
2827.18
2828.15
2829.12
2830.09
2831.06
2832.03
2833
2833.97
2834.94
2835.91
2836.88
2837.86
2838.83
2839.8
2840.77
2841.74
2842.72
2843.69
2844.66
2845.63
2846.61
2847.58
2848.55
2849.53
2850.5
2851.47
2852.45
2853.42
2854.4
2855.37
2856.35
2857.32
2858.3
2859.27
2860.25
2861.22
2862.2
2863.17
2864.15
2865.13
2866.1
2867.08
2868.05
2869.03
2870.01
2870.98
2871.96
2872.94
2873.92
2874.89
2875.87
2876.85
2877.83
2878.81
2879.78
2880.76
2881.74
2882.72
2883.7
2884.68
2885.66
2886.64
2887.61
2888.59
2889.57
2890.55
2891.53
2892.51
2893.49
2894.47
2895.46
2896.44
2897.42
2898.4
2899.38
2900.36
2901.34
2902.32
2903.31
2904.29
2905.27
2906.25
2907.23
2908.22
2909.2
2910.18
2911.17
2912.15
2913.13
2914.12
2915.1
2916.08
2917.07
2918.05
2919.04
2920.02
2921
2921.99
2922.97
2923.96
2924.94
2925.93
2926.92
2927.9
2928.89
2929.87
2930.86
2931.85
2932.83
2933.82
2934.81
2935.79
2936.78
2937.77
2938.75
2939.74
2940.73
2941.72
2942.71
2943.69
2944.68
2945.67
2946.66
2947.65
2948.64
2949.63
2950.62
2951.61
2952.6
2953.58
2954.57
2955.56
2956.56
2957.55
2958.54
2959.53
2960.52
2961.51
2962.5
2963.49
2964.48
2965.47
2966.47
2967.46
2968.45
2969.44
2970.43
2971.43
2972.42
2973.41
2974.41
2975.4
2976.39
2977.38
2978.38
2979.37
2980.37
2981.36
2982.35
2983.35
2984.34
2985.34
2986.33
2987.33
2988.32
2989.32
2990.31
2991.31
2992.3
2993.3
2994.3
2995.29
2996.29
2997.28
2998.28
2999.28
3000.27
3001.27
3002.27
3003.27
3004.26
3005.26
3006.26
3007.26
3008.26
3009.25
3010.25
3011.25
3012.25
3013.25
3014.25
3015.25
3016.25
3017.25
3018.25
3019.25
3020.25
3021.25
3022.25
3023.25
3024.25
3025.25
3026.25
3027.25
3028.25
3029.25
3030.26
3031.26
3032.26
3033.26
3034.26
3035.26
3036.27
3037.27
3038.27
3039.28
3040.28
3041.28
3042.28
3043.29
3044.29
3045.3
3046.3
3047.3
3048.31
3049.31
3050.32
3051.32
3052.33
3053.33
3054.34
3055.34
3056.35
3057.35
3058.36
3059.36
3060.37
3061.37
3062.38
3063.39
3064.39
3065.4
3066.41
3067.41
3068.42
3069.43
3070.43
3071.44
3072.45
3073.46
3074.46
3075.47
3076.48
3077.49
3078.5
3079.5
3080.51
3081.52
3082.53
3083.54
3084.55
3085.56
3086.57
3087.57
3088.58
3089.59
3090.6
3091.61
3092.62
3093.63
3094.64
3095.65
3096.66
3097.68
3098.69
3099.7
3100.71
3101.72
3102.73
3103.74
3104.75
3105.77
3106.78
3107.79
3108.8
3109.81
3110.83
3111.84
3112.85
3113.87
3114.88
3115.89
3116.91
3117.92
3118.93
3119.95
3120.96
3121.97
3122.99
3124
3125.02
3126.03
3127.05
3128.06
3129.08
3130.09
3131.11
3132.12
3133.14
3134.15
3135.17
3136.19
3137.2
3138.22
3139.24
3140.25
3141.27
3142.29
3143.3
3144.32
3145.34
3146.36
3147.38
3148.39
3149.41
3150.43
3151.45
3152.47
3153.49
3154.51
3155.53
3156.55
3157.57
3158.59
3159.61
3160.63
3161.65
3162.67
3163.69
3164.71
3165.73
3166.75
3167.77
3168.79
3169.82
3170.84
3171.86
3172.88
3173.91
3174.93
3175.95
3176.97
3178
3179.02
3180.04
3181.07
3182.09
3183.12
3184.14
3185.16
3186.19
3187.21
3188.24
3189.26
3190.29
3191.31
3192.34
3193.37
3194.39
3195.42
3196.44
3197.47
3198.5
3199.52
3200.55
3201.58
3202.61
3203.63
3204.66
3205.69
3206.72
3207.74
3208.77
3209.8
3210.83
3211.86
3212.89
3213.91
3214.94
3215.97
3217
3218.03
3219.06
3220.09
3221.12
3222.15
3223.18
3224.21
3225.24
3226.27
3227.3
3228.33
3229.36
3230.39
3231.43
3232.46
3233.49
3234.52
3235.55
3236.58
3237.62
3238.65
3239.68
3240.71
3241.75
3242.78
3243.81
3244.84
3245.88
3246.91
3247.94
3248.98
3250.01
3251.04
3252.08
3253.11
3254.15
3255.18
3256.22
3257.25
3258.28
3259.32
3260.35
3261.39
3262.43
3263.46
3264.5
3265.53
3266.57
3267.6
3268.64
3269.68
3270.71
3271.75
3272.79
3273.82
3274.86
3275.9
3276.93
3277.97
3279.01
3280.05
3281.09
3282.12
3283.16
3284.2
3285.24
3286.28
3287.32
3288.35
3289.39
3290.43
3291.47
3292.51
3293.55
3294.59
3295.63
3296.67
3297.71
3298.75
3299.79
3300.83
3301.87
3302.91
3303.95
3305
3306.04
3307.08
3308.12
3309.16
3310.2
3311.25
3312.29
3313.33
3314.37
3315.42
3316.46
3317.5
3318.55
3319.59
3320.63
3321.68
3322.72
3323.76
3324.81
3325.85
3326.9
3327.94
3328.99
3330.03
3331.08
3332.12
3333.17
3334.21
3335.26
3336.31
3337.35
3338.4
3339.45
3340.49
3341.54
3342.59
3343.63
3344.68
3345.73
3346.78
3347.82
3348.87
3349.92
3350.97
3352.02
3353.07
3354.11
3355.16
3356.21
3357.26
3358.31
3359.36
3360.41
3361.46
3362.51
3363.56
3364.61
3365.66
3366.71
3367.76
3368.81
3369.86
3370.91
3371.96
3373.01
3374.06
3375.12
3376.17
3377.22
3378.27
3379.32
3380.37
3381.43
3382.48
3383.53
3384.58
3385.63
3386.69
3387.74
3388.79
3389.85
3390.9
3391.95
3393
3394.06
3395.11
3396.16
3397.22
3398.27
3399.33
3400.38
3401.43
3402.49
3403.54
3404.6
3405.65
3406.71
3407.76
3408.82
3409.87
3410.93
3411.98
3413.04
3414.1
3415.15
3416.21
3417.26
3418.32
3419.38
3420.43
3421.49
3422.55
3423.6
3424.66
3425.72
3426.78
3427.83
3428.89
3429.95
3431.01
3432.07
3433.12
3434.18
3435.24
3436.3
3437.36
3438.42
3439.48
3440.54
3441.6
3442.66
3443.72
3444.78
3445.84
3446.9
3447.96
3449.02
3450.08
3451.14
3452.2
3453.26
3454.32
3455.38
3456.44
3457.51
3458.57
3459.63
3460.69
3461.75
3462.82
3463.88
3464.94
3466
3467.07
3468.13
3469.19
3470.26
3471.32
3472.38
3473.45
3474.51
3475.58
3476.64
3477.71
3478.77
3479.84
3480.9
3481.97
3483.03
3484.1
3485.16
3486.23
3487.29
3488.36
3489.43
3490.49
3491.56
3492.63
3493.69
3494.76
3495.83
3496.9
3497.96
3499.03
3500.1
3501.17
3502.23
3503.3
3504.37
3505.44
3506.51
3507.58
3508.65
3509.72
3510.79
3511.85
3512.92
3513.99
3515.06
3516.13
3517.2
3518.28
3519.35
3520.42
3521.49
3522.56
3523.63
3524.7
3525.77
3526.84
3527.92
3528.99
3530.06
3531.13
3532.2
3533.28
3534.35
3535.42
3536.5
3537.57
3538.64
3539.72
3540.79
3541.86
3542.94
3544.01
3545.09
3546.16
3547.24
3548.31
3549.38
3550.46
3551.53
3552.61
3553.69
3554.76
3555.84
3556.91
3557.99
3559.07
3560.14
3561.22
3562.3
3563.37
3564.45
3565.53
3566.6
3567.68
3568.76
3569.84
3570.91
3571.99
3573.07
3574.15
3575.23
3576.3
3577.38
3578.46
3579.54
3580.62
3581.7
3582.78
3583.86
3584.94
3586.02
3587.1
3588.18
3589.26
3590.34
3591.42
3592.5
3593.58
3594.66
3595.74
3596.82
3597.9
3598.98
3600.07
3601.15
3602.23
3603.31
3604.39
3605.48
3606.56
3607.64
3608.72
3609.81
3610.89
3611.97
3613.06
3614.14
3615.23
3616.31
3617.39
3618.48
3619.56
3620.65
3621.73
3622.82
3623.9
3624.99
3626.07
3627.16
3628.25
3629.33
3630.42
3631.5
3632.59
3633.68
3634.76
3635.85
3636.94
3638.03
3639.11
3640.2
3641.29
3642.38
3643.47
3644.56
3645.64
3646.73
3647.82
3648.91
3650
3651.09
3652.18
3653.27
3654.36
3655.45
3656.54
3657.63
3658.72
3659.81
3660.91
3662
3663.09
3664.18
3665.27
3666.36
3667.46
3668.55
3669.64
3670.74
3671.83
3672.92
3674.02
3675.11
3676.2
3677.3
3678.39
3679.49
3680.58
3681.68
3682.77
3683.87
3684.96
3686.06
3687.15
3688.25
3689.34
3690.44
3691.54
3692.63
3693.73
3694.83
3695.92
3697.02
3698.12
3699.22
3700.32
3701.41
3702.51
3703.61
3704.71
3705.81
3706.91
3708.01
3709.11
3710.21
3711.31
3712.41
3713.51
3714.61
3715.71
3716.81
3717.91
3719.01
3720.11
3721.21
3722.31
3723.42
3724.52
3725.62
3726.72
3727.82
3728.93
3730.03
3731.13
3732.24
3733.34
3734.44
3735.55
3736.65
3737.75
3738.86
3739.96
3741.07
3742.17
3743.28
3744.38
3745.49
3746.59
3747.7
3748.8
3749.91
3751.01
3752.12
3753.23
3754.33
3755.44
3756.55
3757.65
3758.76
3759.87
3760.97
3762.08
3763.19
3764.3
3765.4
3766.51
3767.62
3768.73
3769.84
3770.94
3772.05
3773.16
3774.27
3775.38
3776.49
3777.6
3778.71
3779.82
3780.93
3782.04
3783.15
3784.26
3785.37
3786.48
3787.59
3788.7
3789.81
3790.92
3792.03
3793.14
3794.25
3795.37
3796.48
3797.59
3798.7
3799.81
3800.93
3802.04
3803.15
3804.26
3805.38
3806.49
3807.6
3808.71
3809.83
3810.94
3812.06
3813.17
3814.28
3815.4
3816.51
3817.63
3818.74
3819.85
3820.97
3822.08
3823.2
3824.31
3825.43
3826.54
3827.66
3828.77
3829.89
3831
3832.12
3833.24
3834.35
3835.47
3836.58
3837.7
3838.82
3839.93
3841.05
3842.17
3843.28
3844.4
3845.52
3846.63
3847.75
3848.87
3849.99
3851.1
3852.22
3853.34
3854.46
3855.58
3856.69
3857.81
3858.93
3860.05
3861.17
3862.29
3863.41
3864.53
3865.65
3866.76
3867.88
3869
3870.12
3871.24
3872.36
3873.48
3874.6
3875.72
3876.84
3877.96
3879.09
3880.21
3881.33
3882.45
3883.57
3884.69
3885.81
3886.93
3888.06
3889.18
3890.3
3891.42
3892.54
3893.67
3894.79
3895.91
3897.03
3898.16
3899.28
3900.4
3901.52
3902.65
3903.77
3904.89
3906.02
3907.14
3908.26
3909.39
3910.51
3911.64
3912.76
3913.89
3915.01
3916.13
3917.26
3918.38
3919.51
3920.63
3921.76
3922.88
3924.01
3925.14
3926.26
3927.39
3928.51
3929.64
3930.76
3931.89
3933.02
3934.14
3935.27
3936.4
3937.52
3938.65
3939.78
3940.9
3942.03
3943.16
3944.29
3945.41
3946.54
3947.67
3948.8
3949.93
3951.05
3952.18
3953.31
3954.44
3955.57
3956.7
3957.82
3958.95
3960.08
3961.21
3962.34
3963.47
3964.6
3965.73
3966.86
3967.99
3969.12
3970.25
3971.38
3972.51
3973.64
3974.77
3975.9
3977.03
3978.16
3979.29
3980.42
3981.55
3982.68
3983.81
3984.95
3986.08
3987.21
3988.34
3989.47
3990.6
3991.73
3992.87
3994
3995.13
3996.26
3997.4
3998.53
3999.66
4000.79
4001.93
4003.06
4004.19
4005.32
4006.46
4007.59
4008.72
4009.86
4010.99
4012.12
4013.26
4014.39
4015.52
4016.66
4017.79
4018.93
4020.06
4021.19
4022.33
4023.46
4024.6
4025.73
4026.87
4028
4029.14
4030.27
4031.41
4032.54
4033.68
4034.81
4035.95
4037.08
4038.22
4039.35
4040.49
4041.62
4042.76
4043.9
4045.03
4046.17
4047.3
4048.44
4049.58
4050.71
4051.85
4052.99
4054.12
4055.26
4056.4
4057.53
4058.67
4059.81
4060.94
4062.08
4063.22
4064.35
4065.49
4066.63
4067.77
4068.91
4070.04
4071.18
4072.32
4073.46
4074.6
4075.73
4076.87
4078.01
4079.15
4080.29
4081.43
4082.57
4083.7
4084.84
4085.98
4087.12
4088.26
4089.4
4090.54
4091.68
4092.82
4093.96
4095.1
4096.24
4097.38
4098.52
4099.66
4100.8
4101.94
4103.08
4104.23
4105.37
4106.51
4107.65
4108.79
4109.93
4111.08
4112.22
4113.36
4114.5
4115.64
4116.79
4117.93
4119.07
4120.22
4121.36
4122.5
4123.65
4124.79
4125.93
4127.08
4128.22
4129.36
4130.51
4131.65
4132.8
4133.94
4135.09
4136.23
4137.38
4138.52
4139.67
4140.82
4141.96
4143.11
4144.25
4145.4
4146.55
4147.69
4148.84
4149.99
4151.14
4152.28
4153.43
4154.58
4155.73
4156.87
4158.02
4159.17
4160.32
4161.47
4162.62
4163.77
4164.92
4166.07
4167.22
4168.37
4169.52
4170.67
4171.82
4172.97
4174.12
4175.27
4176.42
4177.57
4178.72
4179.87
4181.03
4182.18
4183.33
4184.48
4185.63
4186.79
4187.94
4189.09
4190.25
4191.4
4192.55
4193.71
4194.86
4196.01
4197.17
4198.32
4199.48
4200.63
4201.79
4202.94
4204.1
4205.25
4206.41
4207.56
4208.72
4209.88
4211.03
4212.19
4213.35
4214.5
4215.66
4216.82
4217.97
4219.13
4220.29
4221.45
4222.6
4223.76
4224.92
4226.08
4227.24
4228.4
4229.56
4230.71
4231.87
4233.03
4234.19
4235.35
4236.51
4237.67
4238.83
4239.99
4241.15
4242.31
4243.48
4244.64
4245.8
4246.96
4248.12
4249.28
4250.44
4251.6
4252.77
4253.93
4255.09
4256.25
4257.42
4258.58
4259.74
4260.9
4262.07
4263.23
4264.39
4265.56
4266.72
4267.88
4269.05
4270.21
4271.37
4272.54
4273.7
4274.87
4276.03
4277.2
4278.36
4279.52
4280.69
4281.85
4283.02
4284.18
4285.35
4286.52
4287.68
4288.85
4290.01
4291.18
4292.34
4293.51
4294.68
4295.84
4297.01
4298.17
4299.34
4300.51
4301.67
4302.84
4304.01
4305.17
4306.34
4307.51
4308.68
4309.84
4311.01
4312.18
4313.35
4314.51
4315.68
4316.85
4318.02
4319.19
4320.35
4321.52
4322.69
4323.86
4325.03
4326.2
4327.36
4328.53
4329.7
4330.87
4332.04
4333.21
4334.38
4335.55
4336.72
4337.89
4339.06
4340.23
4341.4
4342.57
4343.74
4344.91
4346.08
4347.25
4348.42
4349.59
4350.76
4351.93
4353.1
4354.28
4355.45
4356.62
4357.79
4358.96
4360.14
4361.31
4362.48
4363.65
4364.83
4366
4367.17
4368.34
4369.52
4370.69
4371.86
4373.04
4374.21
4375.39
4376.56
4377.74
4378.91
4380.08
4381.26
4382.43
4383.61
4384.78
4385.96
4387.14
4388.31
4389.49
4390.66
4391.84
4393.02
4394.19
4395.37
4396.55
4397.72
4398.9
4400.08
4401.25
4402.43
4403.61
4404.79
4405.96
4407.14
4408.32
4409.5
4410.68
4411.86
4413.03
4414.21
4415.39
4416.57
4417.75
4418.93
4420.11
4421.29
4422.47
4423.65
4424.83
4426.01
4427.19
4428.37
4429.55
4430.73
4431.91
4433.09
4434.27
4435.45
4436.63
4437.81
4438.99
4440.18
4441.36
4442.54
4443.72
4444.9
4446.08
4447.27
4448.45
4449.63
4450.81
4451.99
4453.18
4454.36
4455.54
4456.73
4457.91
4459.09
4460.28
4461.46
4462.64
4463.83
4465.01
4466.19
4467.38
4468.56
4469.75
4470.93
4472.12
4473.3
4474.49
4475.67
4476.86
4478.04
4479.23
4480.41
4481.6
4482.78
4483.97
4485.16
4486.34
4487.53
4488.71
4489.9
4491.09
4492.27
4493.46
4494.65
4495.84
4497.02
4498.21
4499.4
4500.59
4501.77
4502.96
4504.15
4505.34
4506.53
4507.71
4508.9
4510.09
4511.28
4512.47
4513.66
4514.85
4516.04
4517.23
4518.42
4519.61
4520.8
4521.99
4523.18
4524.37
4525.56
4526.75
4527.94
4529.13
4530.32
4531.51
4532.7
4533.89
4535.08
4536.28
4537.47
4538.66
4539.85
4541.04
4542.24
4543.43
4544.62
4545.81
4547.01
4548.2
4549.39
4550.59
4551.78
4552.97
4554.17
4555.36
4556.55
4557.75
4558.94
4560.14
4561.33
4562.52
4563.72
4564.91
4566.11
4567.3
4568.5
4569.69
4570.89
4572.08
4573.28
4574.47
4575.67
4576.87
4578.06
4579.26
4580.45
4581.65
4582.85
4584.04
4585.24
4586.44
4587.63
4588.83
4590.03
4591.23
4592.42
4593.62
4594.82
4596.02
4597.21
4598.41
4599.61
4600.81
4602.01
4603.2
4604.4
4605.6
4606.8
4608
4609.2
4610.4
4611.6
4612.8
4614
4615.2
4616.4
4617.6
4618.79
4619.99
4621.19
4622.4
4623.6
4624.8
4626
4627.2
4628.4
4629.6
4630.8
4632
4633.2
4634.4
4635.6
4636.81
4638.01
4639.21
4640.41
4641.61
4642.81
4644.02
4645.22
4646.42
4647.62
4648.83
4650.03
4651.23
4652.43
4653.64
4654.84
4656.04
4657.25
4658.45
4659.65
4660.86
4662.06
4663.26
4664.47
4665.67
4666.87
4668.08
4669.28
4670.49
4671.69
4672.89
4674.1
4675.3
4676.51
4677.71
4678.92
4680.12
4681.33
4682.53
4683.74
4684.94
4686.15
4687.36
4688.56
4689.77
4690.97
4692.18
4693.38
4694.59
4695.8
4697
4698.21
4699.42
4700.62
4701.83
4703.04
4704.24
4705.45
4706.66
4707.87
4709.07
4710.28
4711.49
4712.7
4713.9
4715.11
4716.32
4717.53
4718.74
4719.94
4721.15
4722.36
4723.57
4724.78
4725.99
4727.2
4728.4
4729.61
4730.82
4732.03
4733.24
4734.45
4735.66
4736.87
4738.08
4739.29
4740.5
4741.71
4742.92
4744.13
4745.34
4746.55
4747.76
4748.97
4750.18
4751.39
4752.6
4753.81
4755.02
4756.24
4757.45
4758.66
4759.87
4761.08
4762.29
4763.5
4764.71
4765.93
4767.14
4768.35
4769.56
4770.77
4771.98
4773.2
4774.41
4775.62
4776.83
4778.04
4779.26
4780.47
4781.68
4782.89
4784.11
4785.32
4786.53
4787.74
4788.96
4790.17
4791.38
4792.6
4793.81
4795.02
4796.24
4797.45
4798.66
4799.87
4801.09
4802.3
4803.51
4804.73
4805.94
4807.16
4808.37
4809.58
4810.8
4812.01
4813.22
4814.44
4815.65
4816.87
4818.08
4819.3
4820.51
4821.72
4822.94
4824.15
4825.37
4826.58
4827.8
4829.01
4830.23
4831.44
4832.66
4833.87
4835.09
4836.3
4837.52
4838.73
4839.95
4841.17
4842.38
4843.6
4844.81
4846.03
4847.25
4848.46
4849.68
4850.89
4852.11
4853.33
4854.54
4855.76
4856.98
4858.19
4859.41
4860.63
4861.85
4863.06
4864.28
4865.5
4866.72
4867.93
4869.15
4870.37
4871.59
4872.8
4874.02
4875.24
4876.46
4877.68
4878.9
4880.11
4881.33
4882.55
4883.77
4884.99
4886.21
4887.43
4888.65
4889.87
4891.09
4892.31
4893.53
4894.75
4895.97
4897.19
4898.41
4899.63
4900.85
4902.07
4903.29
4904.51
4905.74
4906.96
4908.18
4909.4
4910.62
4911.84
4913.07
4914.29
4915.51
4916.73
4917.96
4919.18
4920.4
4921.62
4922.85
4924.07
4925.29
4926.52
4927.74
4928.97
4930.19
4931.41
4932.64
4933.86
4935.09
4936.31
4937.54
4938.76
4939.98
4941.21
4942.44
4943.66
4944.89
4946.11
4947.34
4948.56
4949.79
4951.01
4952.24
4953.47
4954.69
4955.92
4957.15
4958.37
4959.6
4960.83
4962.05
4963.28
4964.51
4965.74
4966.96
4968.19
4969.42
4970.65
4971.88
4973.1
4974.33
4975.56
4976.79
4978.02
4979.25
4980.48
4981.71
4982.94
4984.17
4985.39
4986.62
4987.85
4989.08
4990.31
4991.54
4992.78
4994.01
4995.24
4996.47
4997.7
4998.93
5000.16
5001.39
5002.62
5003.86
5005.09
5006.32
5007.55
5008.78
5010.02
5011.25
5012.48
5013.72
5014.95
5016.18
5017.41
5018.65
5019.88
5021.12
5022.35
5023.58
5024.82
5026.05
5027.29
5028.52
5029.76
5030.99
5032.23
5033.46
5034.7
5035.93
5037.17
5038.41
5039.64
5040.88
5042.12
5043.35
5044.59
5045.83
5047.06
5048.3
5049.54
5050.77
5052.01
5053.25
5054.49
5055.73
5056.97
5058.2
5059.44
5060.68
5061.92
5063.16
5064.4
5065.64
5066.88
5068.12
5069.36
5070.6
5071.84
5073.08
5074.32
5075.56
5076.8
5078.04
5079.28
5080.53
5081.77
5083.01
5084.25
5085.49
5086.74
5087.98
5089.22
5090.46
5091.71
5092.95
5094.19
5095.43
5096.68
5097.92
5099.17
5100.41
5101.65
5102.9
5104.14
5105.39
5106.63
5107.88
5109.12
5110.37
5111.61
5112.86
5114.1
5115.35
5116.59
5117.84
5119.08
5120.33
5121.58
5122.82
5124.07
5125.32
5126.56
5127.81
5129.06
5130.31
5131.55
5132.8
5134.05
5135.3
5136.54
5137.79
5139.04
5140.29
5141.54
5142.79
5144.04
5145.29
5146.54
5147.78
5149.03
5150.28
5151.53
5152.78
5154.03
5155.29
5156.54
5157.79
5159.04
5160.29
5161.54
5162.79
5164.04
5165.29
5166.55
5167.8
5169.05
5170.3
5171.56
5172.81
5174.06
5175.31
5176.57
5177.82
5179.07
5180.33
5181.58
5182.83
5184.09
5185.34
5186.6
5187.85
5189.11
5190.36
5191.62
5192.87
5194.13
5195.38
5196.64
5197.89
5199.15
5200.41
5201.66
5202.92
5204.17
5205.43
5206.69
5207.94
5209.2
5210.46
5211.72
5212.97
5214.23
5215.49
5216.75
5218
5219.26
5220.52
5221.78
5223.04
5224.29
5225.55
5226.81
5228.07
5229.33
5230.59
5231.85
5233.11
5234.37
5235.63
5236.89
5238.15
5239.41
5240.67
5241.93
5243.19
5244.45
5245.71
5246.97
5248.23
5249.49
5250.75
5252.01
5253.27
5254.53
5255.8
5257.06
5258.32
5259.58
5260.84
5262.11
5263.37
5264.63
5265.89
5267.15
5268.42
5269.68
5270.94
5272.21
5273.47
5274.73
5276
5277.26
5278.52
5279.79
5281.05
5282.31
5283.58
5284.84
5286.11
5287.37
5288.64
5289.9
5291.17
5292.43
5293.7
5294.96
5296.23
5297.49
5298.76
5300.02
5301.29
5302.56
5303.82
5305.09
5306.35
5307.62
5308.89
5310.15
5311.42
5312.69
5313.96
5315.22
5316.49
5317.76
5319.03
5320.29
5321.56
5322.83
5324.1
5325.37
5326.64
5327.9
5329.17
5330.44
5331.71
5332.98
5334.25
5335.52
5336.79
5338.06
5339.33
5340.6
5341.87
5343.14
5344.41
5345.68
5346.95
5348.22
5349.49
5350.76
5352.03
5353.31
5354.58
5355.85
5357.12
5358.39
5359.66
5360.94
5362.21
5363.48
5364.75
5366.03
5367.3
5368.57
5369.84
5371.12
5372.39
5373.66
5374.94
5376.21
5377.48
5378.76
5380.03
5381.3
5382.58
5383.85
5385.13
5386.4
5387.67
5388.95
5390.22
5391.5
5392.77
5394.05
5395.32
5396.59
5397.87
5399.14
5400.42
5401.69
5402.97
5404.24
5405.52
5406.8
5408.07
5409.35
5410.62
5411.9
5413.17
5414.45
5415.72
5417
5418.28
5419.55
5420.83
5422.1
5423.38
5424.66
5425.93
5427.21
5428.49
5429.76
5431.04
5432.32
5433.59
5434.87
5436.15
5437.42
5438.7
5439.98
5441.26
5442.53
5443.81
5445.09
5446.37
5447.65
5448.92
5450.2
5451.48
5452.76
5454.04
5455.32
5456.6
5457.87
5459.15
5460.43
5461.71
5462.99
5464.27
5465.55
5466.83
5468.11
5469.39
5470.67
5471.95
5473.23
5474.51
5475.79
5477.07
5478.35
5479.63
5480.92
5482.2
5483.48
5484.76
5486.04
5487.32
5488.61
5489.89
5491.17
5492.45
5493.74
5495.02
5496.3
5497.59
5498.87
5500.15
5501.44
5502.72
5504.01
5505.29
5506.57
5507.86
5509.14
5510.43
5511.71
5513
5514.28
5515.57
5516.86
5518.14
5519.43
5520.71
5522
5523.29
5524.57
5525.86
5527.15
5528.43
5529.72
5531.01
5532.3
5533.59
5534.87
5536.16
5537.45
5538.74
5540.03
5541.32
5542.61
5543.9
5545.18
5546.47
5547.76
5549.05
5550.34
5551.63
5552.92
5554.21
5555.51
5556.8
5558.09
5559.38
5560.67
5561.96
5563.25
5564.54
5565.84
5567.13
5568.42
5569.71
5571
5572.3
5573.59
5574.88
5576.17
5577.47
5578.76
5580.05
5581.35
5582.64
5583.93
5585.23
5586.52
5587.82
5589.11
5590.4
5591.7
5592.99
5594.29
5595.58
5596.88
5598.17
5599.47
5600.76
5602.06
5603.35
5604.65
5605.94
5607.24
5608.54
5609.83
5611.13
5612.42
5613.72
5615.02
5616.31
5617.61
5618.91
5620.2
5621.5
5622.8
5624.1
5625.39
5626.69
5627.99
5629.29
5630.58
5631.88
5633.18
5634.48
5635.78
5637.07
5638.37
5639.67
5640.97
5642.27
5643.57
5644.87
5646.17
5647.47
5648.77
5650.07
5651.37
5652.67
5653.97
5655.27
5656.57
5657.87
5659.17
5660.47
5661.77
5663.07
5664.37
5665.67
5666.97
5668.28
5669.58
5670.88
5672.18
5673.48
5674.79
5676.09
5677.39
5678.69
5680
5681.3
5682.6
5683.9
5685.21
5686.51
5687.81
5689.12
5690.42
5691.73
5693.03
5694.33
5695.64
5696.94
5698.25
5699.55
5700.85
5702.16
5703.46
5704.77
5706.07
5707.38
5708.68
5709.99
5711.3
5712.6
5713.91
5715.21
5716.52
5717.82
5719.13
5720.44
5721.74
5723.05
5724.36
5725.66
5726.97
5728.28
5729.58
5730.89
5732.2
5733.5
5734.81
5736.12
5737.43
5738.73
5740.04
5741.35
5742.66
5743.96
5745.27
5746.58
5747.89
5749.2
5750.51
5751.81
5753.12
5754.43
5755.74
5757.05
5758.36
5759.67
5760.98
5762.29
5763.6
5764.9
5766.21
5767.52
5768.83
5770.14
5771.45
5772.76
5774.07
5775.38
5776.69
5778
5779.32
5780.63
5781.94
5783.25
5784.56
5785.87
5787.18
5788.49
5789.8
5791.11
5792.43
5793.74
5795.05
5796.36
5797.67
5798.98
5800.3
5801.61
5802.92
5804.23
5805.55
5806.86
5808.17
5809.48
5810.8
5812.11
5813.42
5814.74
5816.05
5817.36
5818.68
5819.99
5821.3
5822.62
5823.93
5825.24
5826.56
5827.87
5829.19
5830.5
5831.81
5833.13
5834.44
5835.76
5837.07
5838.39
5839.7
5841.02
5842.33
5843.65
5844.96
5846.28
5847.59
5848.91
5850.23
5851.54
5852.86
5854.17
5855.49
5856.81
5858.12
5859.44
5860.76
5862.07
5863.39
5864.71
5866.02
5867.34
5868.66
5869.98
5871.29
5872.61
5873.93
5875.25
5876.56
5877.88
5879.2
5880.52
5881.84
5883.16
5884.48
5885.79
5887.11
5888.43
5889.75
5891.07
5892.39
5893.71
5895.03
5896.35
5897.67
5898.99
5900.31
5901.63
5902.95
5904.27
5905.59
5906.91
5908.23
5909.55
5910.87
5912.2
5913.52
5914.84
5916.16
5917.48
5918.81
5920.13
5921.45
5922.77
5924.1
5925.42
5926.74
5928.06
5929.39
5930.71
5932.03
5933.36
5934.68
5936.01
5937.33
5938.66
5939.98
5941.3
5942.63
5943.95
5945.28
5946.6
5947.93
5949.26
5950.58
5951.91
5953.23
5954.56
5955.89
5957.21
5958.54
5959.87
5961.19
5962.52
5963.85
5965.17
5966.5
5967.83
5969.16
5970.49
5971.81
5973.14
5974.47
5975.8
5977.13
5978.46
5979.79
5981.12
5982.45
5983.77
5985.1
5986.43
5987.76
5989.09
5990.42
5991.75
5993.09
5994.42
5995.75
5997.08
5998.41
5999.74
6001.07
6002.4
6003.73
6005.07
6006.4
6007.73
6009.06
6010.39
6011.73
6013.06
6014.39
6015.72
6017.06
6018.39
6019.72
6021.06
6022.39
6023.72
6025.06
6026.39
6027.72
6029.06
6030.39
6031.73
6033.06
6034.4
6035.73
6037.06
6038.4
6039.73
6041.07
6042.4
6043.74
6045.08
6046.41
6047.75
6049.08
6050.42
6051.76
6053.09
6054.43
6055.76
6057.1
6058.44
6059.78
6061.11
6062.45
6063.79
6065.13
6066.46
6067.8
6069.14
6070.48
6071.82
6073.15
6074.49
6075.83
6077.17
6078.51
6079.85
6081.19
6082.53
6083.87
6085.21
6086.55
6087.89
6089.23
6090.57
6091.91
6093.25
6094.59
6095.93
6097.27
6098.61
6099.95
6101.29
6102.63
6103.98
6105.32
6106.66
6108
6109.34
6110.69
6112.03
6113.37
6114.71
6116.06
6117.4
6118.74
6120.09
6121.43
6122.77
6124.12
6125.46
6126.81
6128.15
6129.49
6130.84
6132.18
6133.53
6134.87
6136.22
6137.56
6138.91
6140.25
6141.6
6142.94
6144.29
6145.64
6146.98
6148.33
6149.68
6151.02
6152.37
6153.72
6155.06
6156.41
6157.76
6159.1
6160.45
6161.8
6163.15
6164.5
6165.84
6167.19
6168.54
6169.89
6171.24
6172.59
6173.94
6175.29
6176.63
6177.98
6179.33
6180.68
6182.03
6183.38
6184.73
6186.08
6187.43
6188.78
6190.13
6191.49
6192.84
6194.19
6195.54
6196.89
6198.24
6199.59
6200.94
6202.3
6203.65
6205
6206.35
6207.7
6209.06
6210.41
6211.76
6213.11
6214.47
6215.82
6217.17
6218.53
6219.88
6221.23
6222.59
6223.94
6225.29
6226.65
6228
6229.35
6230.71
6232.06
6233.42
6234.77
6236.13
6237.48
6238.84
6240.19
6241.54
6242.9
6244.25
6245.61
6246.97
6248.32
6249.68
6251.03
6252.39
6253.74
6255.1
6256.45
6257.81
6259.17
6260.52
6261.88
6263.24
6264.59
6265.95
6267.31
6268.66
6270.02
6271.38
6272.73
6274.09
6275.45
6276.81
6278.16
6279.52
6280.88
6282.24
6283.6
6284.95
6286.31
6287.67
6289.03
6290.39
6291.75
6293.11
6294.47
6295.83
6297.19
6298.55
6299.9
6301.26
6302.62
6303.99
6305.35
6306.71
6308.07
6309.43
6310.79
6312.15
6313.51
6314.87
6316.23
6317.6
6318.96
6320.32
6321.68
6323.04
6324.41
6325.77
6327.13
6328.49
6329.86
6331.22
6332.58
6333.95
6335.31
6336.67
6338.04
6339.4
6340.77
6342.13
6343.49
6344.86
6346.22
6347.59
6348.95
6350.32
6351.68
6353.05
6354.42
6355.78
6357.15
6358.51
6359.88
6361.25
6362.61
6363.98
6365.35
6366.71
6368.08
6369.45
6370.81
6372.18
6373.55
6374.92
6376.28
6377.65
6379.02
6380.39
6381.76
6383.12
6384.49
6385.86
6387.23
6388.6
6389.97
6391.34
6392.7
6394.07
6395.44
6396.81
6398.18
6399.55
6400.92
6402.29
6403.66
6405.03
6406.4
6407.77
6409.14
6410.51
6411.88
6413.25
6414.62
6415.99
6417.37
6418.74
6420.11
6421.48
6422.85
6424.22
6425.59
6426.97
6428.34
6429.71
6431.08
6432.45
6433.83
6435.2
6436.57
6437.94
6439.32
6440.69
6442.06
6443.44
6444.81
6446.18
6447.56
6448.93
6450.3
6451.68
6453.05
6454.43
6455.8
6457.17
6458.55
6459.92
6461.3
6462.67
6464.05
6465.42
6466.8
6468.17
6469.55
6470.93
6472.3
6473.68
6475.05
6476.43
6477.81
6479.18
6480.56
6481.94
6483.31
6484.69
6486.07
6487.44
6488.82
6490.2
6491.57
6492.95
6494.33
6495.71
6497.08
6498.46
6499.84
6501.22
6502.6
6503.97
6505.35
6506.73
6508.11
6509.49
6510.87
6512.25
6513.63
6515
6516.38
6517.76
6519.14
6520.52
6521.9
6523.28
6524.66
6526.04
6527.42
6528.8
6530.18
6531.56
6532.94
6534.32
6535.7
6537.08
6538.46
6539.84
6541.22
6542.6
6543.98
6545.36
6546.75
6548.13
6549.51
6550.89
6552.27
6553.65
6555.03
6556.42
6557.8
6559.18
6560.56
6561.94
6563.32
6564.71
6566.09
6567.47
6568.85
6570.23
6571.62
6573
6574.38
6575.76
6577.15
6578.53
6579.91
6581.29
6582.68
6584.06
6585.44
6586.82
6588.21
6589.59
6590.97
6592.36
6593.74
6595.12
6596.51
6597.89
6599.27
6600.66
6602.04
6603.42
6604.81
6606.19
6607.57
6608.96
6610.34
6611.73
6613.11
6614.5
6615.88
6617.26
6618.65
6620.03
6621.42
6622.8
6624.19
6625.57
6626.96
6628.34
6629.73
6631.11
6632.5
6633.88
6635.27
6636.65
6638.04
6639.42
6640.81
6642.19
6643.58
6644.97
6646.35
6647.74
6649.12
6650.51
6651.9
6653.28
6654.67
6656.06
6657.44
6658.83
6660.22
6661.6
6662.99
6664.38
6665.76
6667.15
6668.54
6669.93
6671.31
6672.7
6674.09
6675.48
6676.86
6678.25
6679.64
6681.03
6682.41
6683.8
6685.19
6686.58
6687.97
6689.36
6690.75
6692.13
6693.52
6694.91
6696.3
6697.69
6699.08
6700.47
6701.86
6703.25
6704.64
6706.03
6707.42
6708.8
6710.19
6711.58
6712.97
6714.36
6715.75
6717.14
6718.54
6719.93
6721.32
6722.71
6724.1
6725.49
6726.88
6728.27
6729.66
6731.05
6732.44
6733.83
6735.23
6736.62
6738.01
6739.4
6740.79
6742.18
6743.57
6744.97
6746.36
6747.75
6749.14
6750.53
6751.93
6753.32
6754.71
6756.1
6757.5
6758.89
6760.28
6761.67
6763.07
6764.46
6765.85
6767.25
6768.64
6770.03
6771.43
6772.82
6774.21
6775.61
6777
6778.4
6779.79
6781.18
6782.58
6783.97
6785.37
6786.76
6788.16
6789.55
6790.95
6792.34
6793.73
6795.13
6796.53
6797.92
6799.32
6800.71
6802.11
6803.5
6804.9
6806.29
6807.69
6809.09
6810.48
6811.88
6813.28
6814.67
6816.07
6817.47
6818.86
6820.26
6821.66
6823.06
6824.45
6825.85
6827.25
6828.65
6830.05
6831.44
6832.84
6834.24
6835.64
6837.04
6838.44
6839.84
6841.24
6842.63
6844.03
6845.43
6846.83
6848.23
6849.63
6851.03
6852.43
6853.83
6855.23
6856.63
6858.03
6859.43
6860.83
6862.24
6863.64
6865.04
6866.44
6867.84
6869.24
6870.64
6872.04
6873.45
6874.85
6876.25
6877.65
6879.05
6880.46
6881.86
6883.26
6884.66
6886.07
6887.47
6888.87
6890.28
6891.68
6893.08
6894.49
6895.89
6897.29
6898.7
6900.1
6901.5
6902.91
6904.31
6905.72
6907.12
6908.52
6909.93
6911.33
6912.74
6914.14
6915.55
6916.95
6918.36
6919.76
6921.17
6922.57
6923.98
6925.39
6926.79
6928.2
6929.6
6931.01
6932.42
6933.82
6935.23
6936.63
6938.04
6939.45
6940.85
6942.26
6943.67
6945.08
6946.48
6947.89
6949.3
6950.71
6952.11
6953.52
6954.93
6956.34
6957.75
6959.15
6960.56
6961.97
6963.38
6964.79
6966.2
6967.61
6969.01
6970.42
6971.83
6973.24
6974.65
6976.06
6977.47
6978.88
6980.29
6981.7
6983.11
6984.52
6985.93
6987.34
6988.75
6990.16
6991.57
6992.98
6994.39
6995.8
6997.21
6998.63
7000.04
7001.45
7002.86
7004.27
7005.68
7007.09
7008.5
7009.92
7011.33
7012.74
7014.15
7015.56
7016.98
7018.39
7019.8
7021.21
7022.63
7024.04
7025.45
7026.86
7028.28
7029.69
7031.1
7032.52
7033.93
7035.34
7036.76
7038.17
7039.59
7041
7042.41
7043.83
7045.24
7046.66
7048.07
7049.49
7050.9
7052.32
7053.73
7055.15
7056.56
7057.98
7059.39
7060.81
7062.23
7063.64
7065.06
7066.47
7067.89
7069.31
7070.72
7072.14
7073.56
7074.97
7076.39
7077.81
7079.23
7080.64
7082.06
7083.48
7084.89
7086.31
7087.73
7089.15
7090.57
7091.98
7093.4
7094.82
7096.24
7097.66
7099.08
7100.49
7101.91
7103.33
7104.75
7106.17
7107.59
7109.01
7110.43
7111.85
7113.27
7114.69
7116.11
7117.53
7118.95
7120.37
7121.79
7123.21
7124.63
7126.05
7127.47
7128.89
7130.31
7131.74
7133.16
7134.58
7136
7137.42
7138.84
7140.27
7141.69
7143.11
7144.53
7145.96
7147.38
7148.8
7150.23
7151.65
7153.07
7154.5
7155.92
7157.35
7158.77
7160.19
7161.62
7163.04
7164.47
7165.89
7167.32
7168.74
7170.17
7171.59
7173.02
7174.45
7175.87
7177.3
7178.72
7180.15
7181.58
7183
7184.43
7185.86
7187.29
7188.71
7190.14
7191.57
7192.99
7194.42
7195.85
7197.28
7198.71
7200.13
7201.56
7202.99
7204.42
7205.85
7207.27
7208.7
7210.13
7211.56
7212.99
7214.42
7215.85
7217.28
7218.71
7220.13
7221.56
7222.99
7224.42
7225.85
7227.28
7228.71
7230.14
7231.57
7233
7234.43
7235.86
7237.29
7238.72
7240.15
7241.58
7243.01
7244.45
7245.88
7247.31
7248.74
7250.17
7251.6
7253.03
7254.46
7255.89
7257.32
7258.76
7260.19
7261.62
7263.05
7264.48
7265.91
7267.35
7268.78
7270.21
7271.64
7273.08
7274.51
7275.94
7277.37
7278.81
7280.24
7281.67
7283.1
7284.54
7285.97
7287.4
7288.84
7290.27
7291.7
7293.14
7294.57
7296.01
7297.44
7298.87
7300.31
7301.74
7303.18
7304.61
7306.04
7307.48
7308.91
7310.35
7311.78
7313.22
7314.65
7316.09
7317.52
7318.96
7320.39
7321.83
7323.26
7324.7
7326.13
7327.57
7329
7330.44
7331.87
7333.31
7334.75
7336.18
7337.62
7339.05
7340.49
7341.93
7343.36
7344.8
7346.24
7347.67
7349.11
7350.55
7351.98
7353.42
7354.86
7356.29
7357.73
7359.17
7360.61
7362.04
7363.48
7364.92
7366.36
7367.79
7369.23
7370.67
7372.11
7373.55
7374.98
7376.42
7377.86
7379.3
7380.74
7382.18
7383.62
7385.06
7386.49
7387.93
7389.37
7390.81
7392.25
7393.69
7395.13
7396.57
7398.01
7399.45
7400.89
7402.33
7403.77
7405.21
7406.65
7408.09
7409.54
7410.98
7412.42
7413.86
7415.3
7416.74
7418.18
7419.63
7421.07
7422.51
7423.95
7425.4
7426.84
7428.28
7429.72
7431.17
7432.61
7434.05
7435.5
7436.94
7438.38
7439.83
7441.27
7442.72
7444.16
7445.6
7447.05
7448.49
7449.94
7451.38
7452.83
7454.27
7455.72
7457.16
7458.61
7460.06
7461.5
7462.95
7464.39
7465.84
7467.29
7468.73
7470.18
7471.62
7473.07
7474.52
7475.97
7477.41
7478.86
7480.31
7481.76
7483.2
7484.65
7486.1
7487.55
7489
7490.44
7491.89
7493.34
7494.79
7496.24
7497.69
7499.14
7500.59
7502.04
7503.48
7504.93
7506.38
7507.83
7509.28
7510.73
7512.19
7513.64
7515.09
7516.54
7517.99
7519.44
7520.89
7522.34
7523.79
7525.24
7526.7
7528.15
7529.6
7531.05
7532.51
7533.96
7535.41
7536.86
7538.32
7539.77
7541.22
7542.68
7544.13
7545.58
7547.04
7548.49
7549.94
7551.4
7552.85
7554.31
7555.76
7557.22
7558.67
7560.13
7561.58
7563.04
7564.49
7565.95
7567.4
7568.86
7570.32
7571.77
7573.23
7574.68
7576.14
7577.6
7579.05
7580.51
7581.97
7583.43
7584.88
7586.34
7587.8
7589.26
7590.71
7592.17
7593.63
7595.09
7596.55
7598.01
7599.47
7600.92
7602.38
7603.84
7605.3
7606.76
7608.22
7609.68
7611.14
7612.6
7614.06
7615.52
7616.98
7618.44
7619.9
7621.36
7622.82
7624.28
7625.74
7627.2
7628.67
7630.13
7631.59
7633.05
7634.51
7635.97
7637.43
7638.9
7640.36
7641.82
7643.28
7644.74
7646.21
7647.67
7649.13
7650.59
7652.05
7653.52
7654.98
7656.44
7657.91
7659.37
7660.83
7662.29
7663.76
7665.22
7666.68
7668.15
7669.61
7671.07
7672.54
7674
7675.47
7676.93
7678.39
7679.86
7681.32
7682.79
7684.25
7685.71
7687.18
7688.64
7690.11
7691.57
7693.04
7694.5
7695.97
7697.43
7698.9
7700.37
7701.83
7703.3
7704.76
7706.23
7707.69
7709.16
7710.63
7712.09
7713.56
7715.03
7716.49
7717.96
7719.43
7720.89
7722.36
7723.83
7725.3
7726.76
7728.23
7729.7
7731.17
7732.64
7734.1
7735.57
7737.04
7738.51
7739.98
7741.45
7742.92
7744.39
7745.86
7747.33
7748.79
7750.26
7751.73
7753.2
7754.67
7756.15
7757.62
7759.09
7760.56
7762.03
7763.5
7764.97
7766.44
7767.91
7769.38
7770.86
7772.33
7773.8
7775.27
7776.75
7778.22
7779.69
7781.16
7782.64
7784.11
7785.58
7787.06
7788.53
7790.01
7791.48
7792.96
7794.43
7795.9
7797.38
7798.85
7800.33
7801.81
7803.28
7804.76
7806.23
7807.71
7809.19
7810.66
7812.14
7813.62
7815.09
7816.57
7818.05
7819.52
7821
7822.48
7823.96
7825.44
7826.91
7828.39
7829.87
7831.35
7832.83
7834.31
7835.79
7837.26
7838.74
7840.22
7841.7
7843.18
7844.66
7846.14
7847.62
7849.1
7850.58
7852.06
7853.54
7855.03
7856.51
7857.99
7859.47
7860.95
7862.43
7863.91
7865.39
7866.88
7868.36
7869.84
7871.32
7872.8
7874.29
7875.77
7877.25
7878.73
7880.22
7881.7
7883.18
7884.67
7886.15
7887.63
7889.12
7890.6
7892.08
7893.57
7895.05
7896.54
7898.02
7899.5
7900.99
7902.47
7903.96
7905.44
7906.93
7908.41
7909.9
7911.38
7912.87
7914.35
7915.84
7917.33
7918.81
7920.3
7921.78
7923.27
7924.76
7926.24
7927.73
7929.22
7930.7
7932.19
7933.68
7935.17
7936.65
7938.14
7939.63
7941.12
7942.61
7944.09
7945.58
7947.07
7948.56
7950.05
7951.54
7953.03
7954.51
7956
7957.49
7958.98
7960.47
7961.96
7963.45
7964.94
7966.43
7967.92
7969.41
7970.9
7972.39
7973.88
7975.37
7976.87
7978.36
7979.85
7981.34
7982.83
7984.32
7985.81
7987.31
7988.8
7990.29
7991.78
7993.27
7994.77
7996.26
7997.75
7999.24
8000.74
8002.23
8003.72
8005.22
8006.71
8008.2
8009.7
8011.19
8012.69
8014.18
8015.67
8017.17
8018.66
8020.16
8021.65
8023.15
8024.64
8026.14
8027.63
8029.13
8030.62
8032.12
8033.61
8035.11
8036.61
8038.1
8039.6
8041.1
8042.59
8044.09
8045.59
8047.08
8048.58
8050.08
8051.57
8053.07
8054.57
8056.07
8057.56
8059.06
8060.56
8062.06
8063.56
8065.06
8066.55
8068.05
8069.55
8071.05
8072.55
8074.05
8075.55
8077.05
8078.55
8080.05
8081.55
8083.05
8084.55
8086.05
8087.55
8089.05
8090.55
8092.05
8093.55
8095.05
8096.55
8098.06
8099.56
8101.06
8102.56
8104.06
8105.57
8107.07
8108.57
8110.07
8111.58
8113.08
8114.58
8116.09
8117.59
8119.09
8120.6
8122.1
8123.6
8125.11
8126.61
8128.12
8129.62
8131.13
8132.63
8134.14
8135.64
8137.15
8138.65
8140.16
8141.66
8143.17
8144.67
8146.18
8147.69
8149.19
8150.7
8152.21
8153.71
8155.22
8156.73
8158.23
8159.74
8161.25
8162.76
8164.26
8165.77
8167.28
8168.79
8170.3
8171.81
8173.31
8174.82
8176.33
8177.84
8179.35
8180.86
8182.37
8183.88
8185.39
8186.9
8188.41
8189.92
8191.43
8192.94
8194.45
8195.96
8197.47
8198.98
8200.49
8202
8203.51
8205.02
8206.53
8208.05
8209.56
8211.07
8212.58
8214.09
8215.6
8217.12
8218.63
8220.14
8221.65
8223.16
8224.68
8226.19
8227.7
8229.22
8230.73
8232.24
8233.75
8235.27
8236.78
8238.29
8239.81
8241.32
8242.83
8244.35
8245.86
8247.38
8248.89
8250.4
8251.92
8253.43
8254.95
8256.46
8257.98
8259.49
8261.01
8262.52
8264.04
8265.55
8267.07
8268.58
8270.1
8271.61
8273.13
8274.64
8276.16
8277.67
8279.19
8280.71
8282.22
8283.74
8285.26
8286.77
8288.29
8289.81
8291.32
8292.84
8294.36
8295.88
8297.39
8298.91
8300.43
8301.95
8303.46
8304.98
8306.5
8308.02
8309.54
8311.06
8312.58
8314.1
8315.61
8317.13
8318.65
8320.17
8321.69
8323.21
8324.73
8326.25
8327.77
8329.29
8330.82
8332.34
8333.86
8335.38
8336.9
8338.42
8339.94
8341.46
8342.99
8344.51
8346.03
8347.55
8349.08
8350.6
8352.12
8353.64
8355.17
8356.69
8358.22
8359.74
8361.26
8362.79
8364.31
8365.84
8367.36
8368.88
8370.41
8371.93
8373.46
8374.99
8376.51
8378.04
8379.56
8381.09
8382.62
8384.14
8385.67
8387.2
8388.72
8390.25
8391.78
8393.3
8394.83
8396.36
8397.89
8399.42
8400.95
8402.47
8404
8405.53
8407.06
8408.59
8410.12
8411.65
8413.18
8414.71
8416.24
8417.77
8419.3
8420.83
8422.36
8423.89
8425.42
8426.95
8428.49
8430.02
8431.55
8433.08
8434.61
8436.14
8437.68
8439.21
8440.74
8442.27
8443.81
8445.34
8446.87
8448.41
8449.94
8451.47
8453.01
8454.54
8456.07
8457.61
8459.14
8460.67
8462.21
8463.74
8465.28
8466.81
8468.35
8469.88
8471.42
8472.95
8474.49
8476.02
8477.56
8479.09
8480.63
8482.16
8483.7
8485.23
8486.77
8488.31
8489.84
8491.38
8492.92
8494.45
8495.99
8497.53
8499.06
8500.6
8502.14
8503.67
8505.21
8506.75
8508.29
8509.82
8511.36
8512.9
8514.44
8515.98
8517.51
8519.05
8520.59
8522.13
8523.67
8525.21
8526.75
8528.28
8529.82
8531.36
8532.9
8534.44
8535.98
8537.52
8539.06
8540.6
8542.14
