0.533326
0.535755
0.537102
0.538746
0.540691
0.542943
0.545503
0.548372
0.551552
0.555041
0.558838
0.562946
0.567367
0.572108
0.577154
0.582518
0.588196
0.594193
0.600509
0.607141
0.614087
0.621348
0.628924
0.636812
0.645008
0.653502
0.662297
0.671384
0.680749
0.690387
0.700292
0.710446
0.720838
0.731448
0.742266
0.75327
0.76444
0.775753
0.787189
0.798718
0.810321
0.821963
0.833623
0.845264
0.856861
0.868386
0.879805
0.89109
0.902208
0.913129
0.923825
0.934263
0.944415
0.954256
0.963759
0.972898
0.981659
0.990018
0.997961
1.00548
1.01255
1.01917
1.02534
1.03106
1.03632
1.04113
1.0455
1.04942
1.05291
1.05598
1.05863
1.06087
1.06273
1.06421
1.06531
1.06607
1.06648
1.06658
1.06637
1.06588
1.06512
1.06411
1.06288
1.06145
1.05984
1.05807
1.05618
1.05417
1.05208
1.04994
1.04775
1.04555
1.04336
1.0412
1.03909
1.03703
1.03506
1.03318
1.0314
1.02974
1.02821
1.02681
1.02556
1.02445
1.02349
1.02269
1.02204
1.02155
1.02122
1.02103
1.02099
1.0211
1.02135
1.02173
1.02223
1.02283
1.02354
1.02434
1.02521
1.02614
1.02712
1.02813
1.02915
1.03018
1.03121
1.03221
1.03318
1.03412
1.035
1.03584
1.03662
1.03735
1.03802
1.03864
1.03921
1.03973
1.0402
1.04063
1.04103
1.0414
1.04174
1.04207
1.04239
1.04269
1.04301
1.04334
1.04367
1.04403
1.04441
1.04481
1.04524
1.0457
1.04618
1.04667
1.04718
1.0477
1.04822
1.04874
1.04923
1.0497
1.05012
1.0505
1.05082
1.05108
1.05125
1.05134
1.05134
1.05124
1.05104
1.05073
1.05032
1.04979
1.04914
1.04838
1.04749
1.04649
1.04538
1.04415
1.04281
1.04136
1.03982
1.03819
1.03649
1.03472
1.0329
1.03105
1.02918
1.02731
1.02545
1.02362
1.02183
1.0201
1.01843
1.01685
1.01535
1.01396
1.01267
1.01148
1.01041
1.00946
1.00861
1.00788
1.00725
1.00673
1.0063
1.00597
1.00571
1.00553
1.0054
1.00531
1.00526
1.00523
1.00521
1.0052
1.00518
1.00513
1.00506
1.00497
1.00484
1.00467
1.00446
1.00422
1.00394
1.00363
1.00327
1.00289
1.00247
1.00201
1.0015
1.00096
1.00036
0.999713
0.999012
0.998255
0.997441
0.996569
0.995639
0.994654
0.993623
0.992551
0.99145
0.990329
0.9892
0.98807
0.986962
0.985885
0.984853
0.983878
0.982981
0.982169
0.981454
0.980852
0.980374
0.980024
0.979807
0.979733
0.979805
0.980024
0.980387
0.980892
0.981537
0.982312
0.98321
0.984218
0.985321
0.986513
0.987783
0.989108
0.99049
0.991911
0.993361
0.99484
0.996331
0.997835
0.999346
1.00086
1.00236
1.00385
1.00532
1.00676
1.00816
1.00952
1.0108
1.01202
1.01316
1.0142
1.01513
1.01596
1.01667
1.01725
1.01771
1.01805
1.01827
1.01838
1.01837
1.01827
1.01808
1.01781
1.01748
1.01707
1.01662
1.01612
1.01559
1.01502
1.01442
1.0138
1.01316
1.01251
1.01185
1.01119
1.01053
1.00988
1.00926
1.00866
1.0081
1.00758
1.00712
1.00672
1.00639
1.00614
1.00597
1.00588
1.00589
1.00599
1.00618
1.00645
1.00682
1.00727
1.00779
1.00838
1.00904
1.00976
1.01054
1.01135
1.01221
1.0131
1.01402
1.01494
1.01588
1.01682
1.01776
1.01868
1.01959
1.02047
1.02131
1.02213
1.02289
1.02361
1.02427
1.02487
1.0254
1.02587
1.02627
1.02658
1.02681
1.02696
1.02702
1.02698
1.02685
1.02661
1.02628
1.02584
1.02529
1.02464
1.02387
1.02298
1.02199
1.02087
1.01965
1.01833
1.01692
1.01542
1.01384
1.01222
1.01056
1.00888
1.00721
1.00557
1.00398
1.00248
1.00107
0.999791
0.998657
0.997687
0.996899
0.996308
0.995922
0.995752
0.995801
0.996076
0.996573
0.997286
0.998211
0.999336
1.00065
1.00214
1.00379
1.00558
1.00748
1.00949
1.01157
1.01371
1.01589
1.01808
1.02027
1.02244
1.02458
1.02666
1.02867
1.03061
1.03246
1.0342
1.03584
1.03736
1.03876
1.04004
1.04117
1.04216
1.04302
1.04372
1.04429
1.04471
1.045
1.04514
1.04517
1.04506
1.04485
1.04454
1.04414
1.04365
1.04309
1.04247
1.0418
1.04109
1.04034
1.03954
1.03872
1.03786
1.03696
1.03604
1.03508
1.03409
1.03306
1.03201
1.03092
1.02981
1.02867
1.02752
1.02635
1.02519
1.02403
1.02289
1.02177
1.02069
1.01965
1.01865
1.01772
1.01685
1.01605
1.01533
1.01469
1.01415
1.0137
1.01336
1.01313
1.01302
1.01303
1.01318
1.01346
1.01389
1.01446
1.01517
1.01603
1.01703
1.01817
1.01944
1.02082
1.0223
1.02386
1.02549
1.02717
1.02886
1.03056
1.03225
1.03388
1.03546
1.03695
1.03834
1.03961
1.04074
1.04173
1.04255
1.04321
1.04371
1.04403
1.04417
1.04416
1.04398
1.04365
1.04318
1.04258
1.04185
1.04103
1.04011
1.0391
1.03802
1.03689
1.0357
1.03448
1.03323
1.03197
1.03071
1.02947
1.02825
1.02707
1.02595
1.02489
1.02392
1.02304
1.02228
1.02163
1.02111
1.02074
1.0205
1.02042
1.02048
1.0207
1.02107
1.02157
1.0222
1.02295
1.02381
1.02477
1.02579
1.02688
1.02802
1.02919
1.03037
1.03156
1.03273
1.03388
1.035
1.03608
1.03709
1.03805
1.03895
1.03978
1.04054
1.04122
1.04182
1.04235
1.0428
1.04318
1.04348
1.04371
1.04388
1.04397
1.04401
1.04399
1.04391
1.04378
1.0436
1.04337
1.04311
1.0428
1.04247
1.0421
1.04171
1.04129
1.04084
1.04038
1.03991
1.03942
1.03892
1.03842
1.03791
1.03741
1.0369
1.03641
1.03592
1.03545
1.03499
1.03456
1.03414
1.03374
1.03337
1.03302
1.0327
1.03241
1.03215
1.03191
1.03171
1.03154
1.0314
1.03129
1.03121
1.03116
1.03113
1.03114
1.03116
1.03121
1.03128
1.03135
1.03144
1.03153
1.03162
1.0317
1.03175
1.03179
1.0318
1.03176
1.03168
1.03155
1.03136
1.03109
1.03075
1.03034
1.02983
1.02924
1.02854
1.02776
1.02686
1.02587
1.02477
1.02358
1.02228
1.02089
1.01941
1.01785
1.01622
1.01453
1.0128
1.01103
1.00925
1.00747
1.00571
1.00397
1.00228
1.00066
0.999107
0.997647
0.996285
0.995036
0.993904
0.992897
0.992022
0.99128
0.990678
0.990211
0.98988
0.989683
0.989614
0.98967
0.989847
0.990141
0.990544
0.991052
0.991654
0.992349
0.993124
0.993973
0.994892
0.995878
0.99692
0.998011
0.999146
1.00032
1.00152
1.00275
1.00399
1.00524
1.0065
1.00774
1.00898
1.0102
1.01139
1.01256
1.01369
1.01479
1.01586
1.01688
1.01786
1.0188
1.01969
1.02053
1.02133
1.02208
1.02277
1.02341
1.02399
1.0245
1.02495
1.02534
1.02564
1.02588
1.02603
1.02611
1.02611
1.02603
1.02587
1.02564
1.02534
1.02497
1.02453
1.02403
1.02347
1.02285
1.02219
1.02148
1.02073
1.01995
1.01914
1.01832
1.01749
1.01666
1.01583
1.01503
1.01425
1.01351
1.01283
1.01221
1.01165
1.01117
1.01079
1.0105
1.01031
1.01022
1.01025
1.01038
1.01062
1.01097
1.01141
1.01195
1.01257
1.01326
1.014
1.0148
1.01562
1.01646
1.01731
1.01815
1.01898
1.01978
1.02054
1.02125
1.02192
1.02253
1.02309
1.02358
1.02402
1.02441
1.02473
1.02501
1.02523
1.0254
1.02552
1.0256
1.02563
1.02562
1.02558
1.02551
1.0254
1.02527
1.02511
1.02494
1.02476
1.02457
1.02437
1.02419
1.02401
1.02384
1.0237
1.02357
1.02347
1.0234
1.02336
1.02334
1.02336
1.02341
1.02349
1.0236
1.02373
1.02389
1.02408
1.02429
1.02453
1.02479
1.02507
1.02538
1.0257
1.02604
1.0264
1.02677
1.02715
1.02754
1.02792
1.02831
1.02869
1.02908
1.02945
1.02982
1.03019
1.03057
1.03094
1.03133
1.03174
1.03217
1.03262
1.0331
1.03361
1.03416
1.03475
1.03537
1.03603
1.03672
1.03745
1.0382
1.03898
1.03979
1.04063
1.04148
1.04236
1.04325
1.04417
1.04509
1.04604
1.047
1.04797
1.04896
1.04996
1.05097
1.05198
1.05299
1.05401
1.05503
1.05604
1.05703
1.05801
1.05897
1.0599
1.0608
1.06167
1.0625
1.06329
1.06403
1.06472
1.06535
1.06592
1.06641
1.06684
1.06717
1.06742
1.06756
1.06758
1.06748
1.06724
1.06686
1.06632
1.06563
1.06476
1.06373
1.06252
1.06115
1.05961
1.05791
1.05606
1.05407
1.05196
1.04974
1.04743
1.04504
1.04261
1.04015
1.03768
1.03522
1.03278
1.03039
1.02806
1.0258
1.02362
1.02153
1.01955
1.01766
1.01588
1.0142
1.01262
1.01113
1.00973
1.00842
1.00717
1.00599
1.00487
1.00379
1.00276
1.00176
1.00078
0.999836
0.998909
0.998007
0.997126
0.996271
0.995449
0.994659
0.993915
0.99322
0.992579
0.991998
0.991483
0.991049
0.990694
0.990426
0.990248
0.990165
0.990181
0.990296
0.99051
0.990822
0.991231
0.991737
0.992334
0.993015
0.993776
0.994606
0.995499
0.996439
0.997413
0.998411
0.99942
1.00043
1.00142
1.00237
1.00328
1.00413
1.00491
1.00561
1.00622
1.00673
1.00714
1.00743
1.00762
1.0077
1.00767
1.00754
1.0073
1.00699
1.0066
1.00615
1.00565
1.00511
1.00456
1.004
1.00346
1.00294
1.00246
1.00203
1.00165
1.00132
1.00107
1.00088
1.00075
1.00068
1.00067
1.00071
1.00081
1.00094
1.00112
1.00132
1.00156
1.00181
1.00209
1.00238
1.00268
1.00299
1.00331
1.00363
1.00396
1.0043
1.00465
1.005
1.00536
1.00574
1.00612
1.00652
1.00693
1.00737
1.00784
1.00833
1.00885
1.0094
1.00999
1.0106
1.01123
1.01189
1.01255
1.01322
1.01389
1.01453
1.01513
1.01569
1.01619
1.01662
1.01697
1.01724
1.01741
1.01749
1.01748
1.01738
1.0172
1.01694
1.01663
1.01627
1.01589
1.01549
1.01509
1.01473
1.0144
1.01413
1.01393
1.01383
1.01383
1.01396
1.01422
1.01461
1.01515
1.01584
1.01668
1.01766
1.01878
1.02003
1.0214
1.02288
1.02446
1.02611
1.02783
1.02958
1.03136
1.03314
1.03492
1.03667
1.03837
1.04001
1.04158
1.04307
1.04446
1.04576
1.04695
1.04802
1.04898
1.04981
1.05051
1.05109
1.05155
1.05189
1.05211
1.05221
1.05222
1.05214
1.05198
1.05175
1.05148
1.05116
1.05081
1.05045
1.05008
1.04971
1.04935
1.04899
1.04862
1.04825
1.04787
1.04746
1.04703
1.04656
1.04603
1.04546
1.04482
1.04412
1.04337
1.04255
1.04169
1.04079
1.03985
1.0389
1.03795
1.03701
1.03608
1.03519
1.03435
1.03356
1.03284
1.03217
1.03158
1.03104
1.03057
1.03016
1.0298
1.02948
1.02921
1.02898
1.02878
1.02861
1.02847
1.02835
1.02827
1.0282
1.02816
1.02815
1.02816
1.02819
1.02825
1.02831
1.02839
1.02848
1.02857
1.02866
1.02875
1.02883
1.0289
1.02895
1.02899
1.029
1.029
1.02897
1.02892
1.02885
1.02876
1.02866
1.02855
1.02842
1.02829
1.02816
1.02803
1.02791
1.0278
1.0277
1.02761
1.02754
1.02748
1.02743
1.02738
1.02732
1.02725
1.02715
1.02701
1.02683
1.02658
1.02626
1.02585
1.02534
1.02473
1.02401
1.02319
1.02227
1.02126
1.02016
1.01899
1.01777
1.01651
1.01521
1.01391
1.01261
1.01132
1.01007
1.00885
1.00768
1.00656
1.00551
1.00454
1.00365
1.00285
1.00216
1.00157
1.0011
1.00076
1.00056
1.00049
1.00056
1.00078
1.00115
1.00166
1.00231
1.0031
1.00402
1.00506
1.00622
1.00749
1.00885
1.0103
1.01183
1.01344
1.0151
1.01681
1.01856
1.02034
1.02216
1.02399
1.02584
1.0277
1.02957
1.03145
1.03334
1.03523
1.03713
1.03904
1.04095
1.04286
1.04477
1.04668
1.04858
1.05049
1.05239
1.05429
1.05619
1.05809
1.05999
1.06191
1.06385
1.06581
1.0678
1.06982
1.07189
1.07401
1.07618
1.0784
1.08067
1.08299
1.08533
1.08771
1.09009
1.09247
1.09482
1.09712
1.09937
1.10153
1.10359
1.10553
1.10732
1.10896
1.11042
1.11168
1.11274
1.11359
1.11422
1.11463
1.11481
1.11475
1.11447
1.11398
1.11328
1.11238
1.11129
1.11004
1.10864
1.1071
1.10545
1.1037
1.10188
1.09999
1.09806
1.0961
1.09412
1.09213
1.09015
1.08819
1.08623
1.0843
1.08238
1.08048
1.07859
1.0767
1.07481
1.0729
1.07097
1.069
1.06698
1.0649
1.06276
1.06053
1.05822
1.05582
1.05333
1.05076
1.04811
1.0454
1.04263
1.03983
1.037
1.03418
1.03138
1.02862
1.02592
1.0233
1.02077
1.01835
1.01604
1.01387
1.01182
1.0099
1.00811
1.00644
1.00489
1.00345
1.00211
1.00086
0.999689
0.998596
0.997567
0.996607
0.99571
0.994879
0.994109
0.993406
0.992775
0.992215
0.991733
0.991329
0.991
0.990745
0.990559
0.990437
0.990362
0.990319
0.9903
0.99029
0.990264
0.990214
0.990123
0.989972
0.989753
0.989459
0.989081
0.988617
0.98807
0.987442
0.986739
0.985969
0.985143
0.984267
0.983357
0.982437
0.981513
0.980606
0.979726
0.978895
0.978126
0.97743
0.97682
0.97631
0.975908
0.975624
0.975469
0.975439
0.975536
0.97577
0.976135
0.976629
0.977246
0.977981
0.978824
0.979767
0.9808
0.981913
0.983094
0.984326
0.985606
0.986913
0.98824
0.989576
0.990913
0.99224
0.993543
0.994822
0.996065
0.997272
0.998435
0.99955
1.00061
1.00162
1.00256
1.00344
1.00424
1.00497
1.00563
1.00619
1.00667
1.00705
1.00734
1.00752
1.0076
1.00758
1.00745
1.00724
1.00693
1.00653
1.00607
1.00554
1.00498
1.00438
1.00377
1.00317
1.0026
1.00208
1.00163
1.00125
1.00097
1.00079
1.00072
1.00076
1.00091
1.00117
1.00153
1.00198
1.00251
1.0031
1.00374
1.00443
1.00514
1.00586
1.00659
1.00731
1.00803
1.00874
1.00944
1.01013
1.01081
1.01149
1.01218
1.01288
1.01359
1.01432
1.01508
1.01586
1.01667
1.01752
1.0184
1.0193
1.02024
1.0212
1.02218
1.02318
1.02419
1.02521
1.02623
1.02725
1.02825
1.02924
1.03022
1.03117
1.0321
1.033
1.03387
1.03471
1.0355
1.03626
1.03697
1.03764
1.03825
1.03882
1.03933
1.03979
1.04019
1.04053
1.04081
1.04103
1.0412
1.04131
1.04135
1.04134
1.04127
1.04113
1.04093
1.04066
1.04031
1.03988
1.03937
1.03876
1.03808
1.03729
1.03642
1.03545
1.0344
1.03327
1.03206
1.0308
1.02948
1.02812
1.02673
1.02532
1.02391
1.02251
1.02111
1.01974
1.01841
1.0171
1.01583
1.01458
1.01338
1.01219
1.01104
1.00991
1.00879
1.00768
1.00658
1.00549
1.00439
1.00331
1.00224
1.00118
1.00014
0.999132
0.998165
0.997256
0.99642
0.995672
0.995027
0.994505
0.99412
0.993879
0.9938
0.993888
0.994148
0.994583
0.995187
0.99596
0.996889
0.997973
0.999195
1.00054
1.00199
1.00353
1.00514
1.0068
1.0085
1.01022
1.01193
1.01363
1.01529
1.01691
1.01846
1.01994
1.02132
1.02261
1.02379
1.02485
1.02579
1.0266
1.02727
1.02782
1.02823
1.0285
1.02865
1.02866
1.02856
1.02834
1.02801
1.02758
1.02707
1.02648
1.02582
1.02511
1.02436
1.02359
1.0228
1.022
1.02121
1.02044
1.01969
1.01897
1.0183
1.01767
1.01709
1.01656
1.0161
1.01568
1.01532
1.015
1.01473
1.01448
1.01428
1.0141
1.01394
1.0138
1.01366
1.01352
1.01339
1.01326
1.01313
1.01301
1.01291
1.01283
1.01278
1.01278
1.01283
1.01294
1.01314
1.01341
1.01379
1.01425
1.01482
1.01549
1.01625
1.01709
1.01801
1.01899
1.02002
1.02109
1.02218
1.02327
1.02435
1.0254
1.02642
1.02739
1.0283
1.02915
1.02994
1.03066
1.03132
1.03191
1.03244
1.03292
1.03336
1.03376
1.03413
1.03449
1.03485
1.03522
1.0356
1.03601
1.03646
1.03695
1.03748
1.03806
1.0387
1.03937
1.04007
1.04079
1.0415
1.04221
1.04289
1.04353
1.0441
1.0446
1.04502
1.04534
1.04558
1.04573
1.04578
1.04576
1.04566
1.0455
1.04529
1.04504
1.04477
1.04446
1.04414
1.0438
1.04345
1.04308
1.0427
1.04229
1.04185
1.04137
1.04086
1.04031
1.03972
1.03909
1.03842
1.0377
1.03695
1.03618
1.03538
1.03456
1.03374
1.03291
1.0321
1.03131
1.03055
1.02982
1.02914
1.02852
1.02795
1.02746
1.02703
1.02668
1.02642
1.02623
1.02612
1.0261
1.02617
1.02632
1.02654
1.02683
1.02719
1.02761
1.02807
1.02856
1.02908
1.0296
1.03012
1.03062
1.03108
1.03148
1.03182
1.03209
1.03226
1.03231
1.03226
1.03208
1.03177
1.03132
1.03075
1.03003
1.02918
1.02821
1.02712
1.02591
1.02461
1.02322
1.02176
1.02023
1.01866
1.01706
1.01545
1.01383
1.01223
1.01065
1.00912
1.00763
1.00622
1.00487
1.00361
1.00244
1.00137
1.0004
0.999536
0.998762
0.998093
0.997522
0.997042
0.996653
0.996351
0.996122
0.995971
0.995891
0.995876
0.995917
0.996015
0.996168
0.99637
0.996625
0.996928
0.997279
0.997678
0.998126
0.998632
0.999194
0.999823
1.00052
1.0013
1.00216
1.00311
1.00416
1.00531
1.00656
1.00793
1.0094
1.01097
1.01264
1.0144
1.01623
1.01813
1.02009
1.02207
1.02407
1.02606
1.02802
1.02993
1.03178
1.03355
1.03522
1.03677
1.03819
1.03947
1.04061
1.0416
1.04244
1.04313
1.04367
1.04406
1.04431
1.04444
1.04445
1.04434
1.04413
1.04383
1.04343
1.04297
1.04243
1.04183
1.04118
1.04047
1.0397
1.03889
1.03803
1.03712
1.03617
1.03517
1.03412
1.03302
1.03187
1.03067
1.02942
1.02812
1.02677
1.02538
1.02393
1.02245
1.02092
1.01935
1.01775
1.01612
1.01446
1.01278
1.01109
1.0094
1.00772
1.00606
1.00444
1.00286
1.00135
0.999901
0.99854
0.997281
0.996119
0.99507
0.994142
0.993335
0.992646
0.992082
0.991633
0.991303
0.991075
0.990946
0.990904
0.990942
0.991041
0.991195
0.991394
0.991634
0.991906
0.992197
0.992507
0.992821
0.993147
0.993477
0.993814
0.994157
0.994507
0.994869
0.995244
0.995637
0.996055
0.996492
0.996958
0.997445
0.997958
0.998491
0.999048
0.999618
1.0002
1.00078
1.00137
1.00194
1.00249
1.00302
1.00351
1.00396
1.00436
1.00469
1.00496
1.00516
1.00527
1.00531
1.00525
1.00511
1.00486
1.00452
1.00408
1.00354
1.00291
1.00219
1.00139
1.00052
0.999579
0.998588
0.997555
0.996492
0.995409
0.99432
0.993236
0.992161
0.99111
0.990091
0.98911
0.988171
0.987284
0.986456
0.985696
0.985008
0.984399
0.98387
0.983438
0.983104
0.982873
0.982752
0.982743
0.982852
0.983086
0.983443
0.983932
0.984552
0.985297
0.986174
0.987171
0.988282
0.989504
0.990827
0.992237
0.993727
0.995279
0.996881
0.998523
1.00019
1.00186
1.00353
1.00519
1.00683
1.00845
1.01003
1.01159
1.01311
1.0146
1.01606
1.01749
1.01889
1.02028
1.02166
1.02302
1.02438
1.02574
1.0271
1.02848
1.02987
1.03128
1.0327
1.03414
1.0356
1.03706
1.03852
1.03995
1.04136
1.04272
1.04401
1.04522
1.04633
1.04732
1.04819
1.04891
1.04948
1.0499
1.05017
1.05028
1.05025
1.05008
1.04977
1.04935
1.04881
1.04817
1.04744
1.04663
1.04575
1.04481
1.04381
1.04276
1.04167
1.04055
1.03938
1.0382
1.03698
1.03574
1.03447
1.03319
1.03189
1.03057
1.02924
1.0279
1.02655
1.02519
1.02382
1.02245
1.02108
1.01971
1.01834
1.01697
1.01561
1.01425
1.0129
1.01157
1.01024
1.00892
1.00762
1.00632
1.00504
1.00376
1.00248
1.0012
0.999931
0.998655
0.997382
0.996113
0.994844
0.993592
0.992353
0.991135
0.989952
0.988811
0.987724
0.986695
0.985735
0.984855
0.984067
0.983371
0.982779
0.9823
0.981932
0.981678
0.98154
0.981523
0.981612
0.981811
0.982114
0.982507
0.98299
0.983556
0.984191
0.984889
0.985645
0.986446
0.987288
0.988164
0.989074
0.990008
0.990968
0.991952
0.992952
0.993968
0.994997
0.996033
0.997071
0.998113
0.999156
1.00019
1.00121
1.00222
1.00321
1.00418
1.00512
1.00605
1.00694
1.0078
1.00864
1.00945
1.01025
1.01101
1.01176
1.01249
1.0132
1.0139
1.01458
1.01524
1.01589
1.01652
1.01713
1.01772
1.01828
1.01881
1.01931
1.01978
1.02021
1.02059
1.02094
1.02124
1.02151
1.02173
1.02192
1.02206
1.02217
1.02224
1.02227
1.02227
1.02225
1.02219
1.02211
1.02202
1.0219
1.02177
1.02163
1.02148
1.02134
1.0212
1.02109
1.02099
1.02094
1.02092
1.02095
1.02104
1.02118
1.02139
1.02165
1.02198
1.02236
1.02279
1.02325
1.02375
1.02426
1.02477
1.02528
1.02576
1.0262
1.02659
1.02692
1.02717
1.02735
1.02745
1.02746
1.02738
1.02722
1.02698
1.02667
1.0263
1.02588
1.02543
1.02494
1.02444
1.02394
1.02344
1.02296
1.02252
1.02211
1.02174
1.02143
1.02118
1.02098
1.02085
1.02078
1.02078
1.02085
1.02098
1.02117
1.02142
1.02173
1.0221
1.02251
1.02297
1.02346
1.02398
1.02452
1.02509
1.02567
1.02626
1.02686
1.02746
1.02806
1.02864
1.02923
1.02981
1.03038
1.03094
1.0315
1.03206
1.03263
1.03322
1.03382
1.03444
1.0351
1.03581
1.03656
1.03737
1.03825
1.03919
1.04022
1.04132
1.04249
1.04374
1.04507
1.04646
1.04791
1.04941
1.05093
1.05247
1.05401
1.05553
1.05702
1.05847
1.05985
1.06117
1.06241
1.06357
1.06464
1.06562
1.06652
1.06734
1.06808
1.06876
1.06936
1.06991
1.0704
1.07084
1.07123
1.07158
1.0719
1.07217
1.07241
1.07261
1.07278
1.07291
1.07301
1.07307
1.0731
1.07309
1.07305
1.07297
1.07286
1.07273
1.07257
1.07237
1.07216
1.07192
1.07165
1.07136
1.07105
1.07072
1.07036
1.06997
1.06956
1.06911
1.06862
1.06809
1.06752
1.06689
1.0662
1.06545
1.06464
1.06376
1.06281
1.0618
1.06072
1.05957
1.05837
1.05712
1.05582
1.05448
1.05311
1.05173
1.05033
1.04894
1.04756
1.04621
1.04489
1.04361
1.04239
1.04123
1.04014
1.03913
1.0382
1.03737
1.03663
1.03599
1.03546
1.03503
1.03471
1.0345
1.03441
1.03442
1.03453
1.03475
1.03507
1.03549
1.036
1.03659
1.03727
1.03803
1.03885
1.03975
1.04071
1.04173
1.04281
1.04393
1.0451
1.0463
1.04752
1.04874
1.04997
1.05118
1.05236
1.05349
1.05455
1.05554
1.05644
1.05724
1.05793
1.05851
1.05897
1.05931
1.05953
1.05964
1.05963
1.05951
1.0593
1.05898
1.05858
1.05811
1.05756
1.05695
1.05627
1.05555
1.05478
1.05397
1.05313
1.05227
1.05138
1.05047
1.04955
1.04861
1.04766
1.04671
1.04575
1.0448
1.04385
1.04291
1.04198
1.04109
1.04023
1.03943
1.03868
1.03801
1.03743
1.03695
1.03658
1.03633
1.03621
1.03623
1.03638
1.03666
1.03707
1.0376
1.03823
1.03894
1.03973
1.04057
1.04144
1.04233
1.0432
1.04403
1.04482
1.04554
1.04618
1.04672
1.04714
1.04745
1.04765
1.04771
1.04764
1.04745
1.04712
1.04667
1.0461
1.04541
1.0446
1.04368
1.04266
1.04154
1.04032
1.039
1.03759
1.0361
1.03453
1.03288
1.03116
1.02938
1.02755
1.02567
1.02374
1.02179
1.01983
1.01786
1.01589
1.01395
1.01203
1.01015
1.00831
1.00652
1.00479
1.00311
1.00149
0.999922
0.998405
0.996935
0.995504
0.994111
0.99275
0.991417
0.990109
0.988818
0.987552
0.986303
0.985081
0.983887
0.982728
0.981609
0.980543
0.979533
0.97859
0.977726
0.976954
0.97628
0.97571
0.975259
0.974931
0.974728
0.974653
0.974708
0.974891
0.975201
0.975631
0.976181
0.976839
0.977594
0.978446
0.979378
0.980381
0.981442
0.982551
0.983694
0.984854
0.986017
0.987169
0.988292
0.989373
0.990394
0.991339
0.992202
0.992965
0.993626
0.994183
0.994629
0.994968
0.995208
0.995349
0.995408
0.995401
0.995334
0.995219
0.995072
0.994902
0.994709
0.994504
0.994291
0.994068
0.993834
0.993586
0.993317
0.993027
0.992715
0.992373
0.992003
0.991605
0.991183
0.990742
0.990287
0.989828
0.989383
0.988962
0.988579
0.988253
0.988005
0.987845
0.987789
0.98785
0.988043
0.988375
0.988849
0.989464
0.990224
0.991125
0.992162
0.993323
0.994598
0.995976
0.997444
0.99898
1.00057
1.00221
1.00388
1.00556
1.00725
1.00893
1.0106
1.01224
1.01386
1.01545
1.01702
1.01856
1.02009
1.0216
1.0231
1.0246
1.02611
1.02763
1.02916
1.03072
1.03229
1.03388
1.03549
1.03712
1.03874
1.04036
1.04195
1.04352
1.04502
1.04646
1.0478
1.04905
1.05017
1.05115
1.05199
1.05266
1.05317
1.05351
1.05368
1.05367
1.0535
1.05317
1.0527
1.0521
1.05138
1.05057
1.04969
1.04874
1.04777
1.04677
1.04579
1.04484
1.04394
1.04311
1.04237
1.04173
1.04121
1.04082
1.04057
1.04048
1.04054
1.04076
1.04112
1.04163
1.04228
1.04305
1.04391
1.04486
1.04587
1.04692
1.04799
1.04906
1.0501
1.05109
1.05202
1.05287
1.05363
1.05429
1.05483
1.05526
1.05556
1.05574
1.05581
1.05577
1.05563
1.05542
1.05514
1.05481
1.05446
1.05409
1.05372
1.05337
1.05303
1.05272
1.05243
1.05215
1.0519
1.05165
1.05139
1.05112
1.05083
1.0505
1.05014
1.04973
1.04928
1.04877
1.04821
1.0476
1.04695
1.04624
1.0455
1.04473
1.04393
1.04311
1.04229
1.04147
1.04066
1.03987
1.0391
1.03835
1.03765
1.037
1.03639
1.03585
1.03538
1.03497
1.03465
1.03442
1.03428
1.03425
1.03431
1.03448
1.03476
1.03514
1.03563
1.03621
1.03689
1.03766
1.0385
1.03941
1.04039
1.04142
1.04249
1.04359
1.04472
1.04587
1.04702
1.04818
1.04934
1.0505
1.05164
1.05277
1.05388
1.05496
1.05602
1.05705
1.05805
1.05901
1.05993
1.06082
1.06166
1.06245
1.06321
1.06391
1.06456
1.06516
1.06571
1.0662
1.06664
1.06703
1.06736
1.06763
1.06786
1.06803
1.06814
1.06821
1.06822
1.06818
1.06809
1.06794
1.06775
1.0675
1.06719
1.06683
1.06641
1.06594
1.06542
1.06484
1.0642
1.06352
1.06278
1.06199
1.06115
1.06025
1.05931
1.05832
1.05729
1.05622
1.05512
1.05399
1.05283
1.05167
1.05049
1.04932
1.04815
1.04701
1.04589
1.04481
1.04377
1.04279
1.04187
1.04101
1.04022
1.03951
1.03887
1.03831
1.03783
1.03741
1.03705
1.03676
1.03651
1.0363
1.03612
1.03596
1.03581
1.03566
1.03551
1.03534
1.03515
1.03495
1.03471
1.03445
1.03415
1.03382
1.03346
1.03305
1.03261
1.03213
1.03158
1.031
1.03035
1.02965
1.02888
1.02804
1.02713
1.02615
1.02508
1.02394
1.02272
1.02143
1.02007
1.01863
1.01713
1.01558
1.01398
1.01233
1.01066
1.00898
1.00729
1.00561
1.00395
1.00234
1.00078
0.999295
0.997889
0.996573
0.995369
0.994275
0.993309
0.99247
0.991769
0.991205
0.990781
0.990489
0.990333
0.9903
0.990388
0.990581
0.990871
0.991245
0.991691
0.992194
0.992736
0.993307
0.993895
0.994487
0.995072
0.995639
0.996184
0.996698
0.997172
0.997608
0.997995
0.998339
0.998637
0.998887
0.999096
0.999259
0.999379
0.999464
0.999513
0.999533
0.999523
0.999488
0.999437
0.999371
0.999293
0.999209
0.99912
0.999029
0.998942
0.998859
0.998779
0.998703
0.99863
0.99856
0.998489
0.998413
0.998334
0.998246
0.99814
0.99802
0.997881
0.997717
0.997527
0.997305
0.997054
0.99677
0.996446
0.996087
0.995684
0.995246
0.994769
0.994257
0.993717
0.993146
0.992557
0.991952
0.991344
0.99074
0.990154
0.9896
0.989089
0.988635
0.988255
0.987962
0.987764
0.987672
0.987701
0.987851
0.988128
0.988531
0.989066
0.989725
0.990502
0.991391
0.992377
0.99345
0.994598
0.995803
0.997058
0.998346
0.999654
1.00097
1.00228
1.00357
1.00485
1.00608
1.00727
1.00841
1.0095
1.01052
1.01147
1.01235
1.01315
1.01388
1.01453
1.0151
1.01561
1.01604
1.01641
1.01673
1.017
1.01722
1.01741
1.01756
1.01769
1.01781
1.01791
1.018
1.01809
1.01818
1.01827
1.01836
1.01845
1.01854
1.01863
1.01872
1.01881
1.01889
1.01897
1.01904
1.01911
1.01917
1.01922
1.01926
1.01929
1.01931
1.0193
1.01929
1.01926
1.01921
1.01915
1.01908
1.019
1.01892
1.01883
1.01875
1.01868
1.01862
1.01857
1.01855
1.01855
1.01858
1.01864
1.01872
1.01882
1.01895
1.0191
1.01928
1.01947
1.01968
1.01991
1.02015
1.02041
1.02068
1.02096
1.02124
1.02153
1.0218
1.02207
1.02234
1.0226
1.02286
1.02313
1.02343
1.02378
1.0242
1.0247
1.02532
1.02608
1.027
1.02808
1.02935
1.03082
1.03249
1.03435
1.0364
1.03862
1.041
1.04352
1.04615
1.04886
1.05163
1.05441
1.05719
1.05992
1.06258
1.06513
1.06756
1.06985
1.07196
1.07389
1.07563
1.07717
1.07852
1.07966
1.08061
1.08137
1.08195
1.08237
1.08265
1.08278
1.08281
1.08273
1.08257
1.08236
1.08211
1.08184
1.08156
1.0813
1.08108
1.0809
1.08077
1.08071
1.08072
1.08081
1.08098
1.08122
1.08153
1.08191
1.08233
1.08278
1.08326
1.08374
1.0842
1.08462
1.08499
1.08528
1.08548
1.08556
1.08552
1.08533
1.08498
1.08445
1.08376
1.08288
1.08181
1.08057
1.07914
1.07755
1.0758
1.07391
1.0719
1.06978
1.06757
1.06531
1.06299
1.06066
1.05832
1.05601
1.05373
1.05149
1.04933
1.04726
1.04527
1.0434
1.04164
1.04002
1.03853
1.03718
1.03599
1.03495
1.03406
1.03334
1.03278
1.03238
1.03214
1.03205
1.03211
1.03232
1.03266
1.03314
1.03374
1.03445
1.03527
1.03618
1.03717
1.03823
1.03935
1.04052
1.04172
1.04295
1.04418
1.04543
1.04666
1.04789
1.0491
1.05028
1.05142
1.05254
1.05361
1.05463
1.0556
1.05651
1.05737
1.05816
1.05888
1.05951
1.06006
1.06052
1.06088
1.06113
1.06125
1.06125
1.06111
1.06083
1.06039
1.05981
1.05907
1.05817
1.05712
1.05592
1.05457
1.05309
1.05148
1.04976
1.04794
1.04605
1.04408
1.04206
1.04001
1.03795
1.03588
1.03382
1.03179
1.0298
1.02787
1.026
1.02422
1.02252
1.02091
1.01941
1.01802
1.01674
1.01557
1.0145
1.01355
1.01269
1.01193
1.01125
1.01065
1.01012
1.00965
1.00923
1.00885
1.00851
1.0082
1.00791
1.00765
1.0074
1.00717
1.00695
1.00675
1.00657
1.0064
1.00625
1.00613
1.00603
1.00596
1.00591
1.00591
1.00593
1.00599
1.00609
1.00621
1.00636
1.00653
1.00673
1.00694
1.00716
1.00738
1.00761
1.00783
1.00804
1.00825
1.00845
1.00863
1.00881
1.00897
1.00914
1.0093
1.00946
1.00962
1.0098
1.00998
1.01018
1.01039
1.01063
1.0109
1.01119
1.01151
1.01186
1.01224
1.01263
1.01304
1.01345
1.01387
1.01427
1.01464
1.01498
1.01525
1.01545
1.01557
1.01559
1.01549
1.01528
1.01494
1.01448
1.01391
1.01324
1.01246
1.01161
1.01071
1.00977
1.00883
1.0079
1.00701
1.00618
1.00544
1.0048
1.00428
1.00389
1.00364
1.00355
1.0036
1.00381
1.00417
1.00468
1.00533
1.00613
1.00705
1.0081
1.00926
1.01051
1.01185
1.01326
1.01474
1.01626
1.01781
1.01938
1.02095
1.02252
1.02407
1.02558
1.02706
1.02848
1.02984
1.03114
1.03238
1.03354
1.03464
1.03565
1.0366
1.03747
1.03827
1.03901
1.03967
1.04026
1.04078
1.04124
1.04163
1.04195
1.04221
1.04239
1.0425
1.04254
1.04249
1.04236
1.04214
1.04183
1.04143
1.04092
1.04032
1.03962
1.03882
1.03793
1.03696
1.03591
1.0348
1.03363
1.03242
1.03118
1.02993
1.02868
1.02745
1.02623
1.02505
1.02391
1.02283
1.02179
1.02082
1.0199
1.01906
1.01828
1.01756
1.01692
1.01634
1.01584
1.0154
1.01503
1.01473
1.01449
1.01432
1.0142
1.01413
1.01412
1.01414
1.0142
1.01428
1.01439
1.0145
1.01463
1.01475
1.01488
1.015
1.01511
1.01522
1.01531
1.01541
1.0155
1.01558
1.01567
1.01576
1.01587
1.01599
1.01613
1.0163
1.0165
1.01673
1.01701
1.01734
1.01772
1.01817
1.01868
1.01927
1.01994
1.0207
1.02155
1.02249
1.02353
1.02465
1.02587
1.02718
1.02855
1.03
1.0315
1.03304
1.0346
1.03617
1.03774
1.03927
1.04077
1.0422
1.04356
1.04482
1.04598
1.04703
1.04794
1.04872
1.04935
1.04983
1.05015
1.0503
1.05029
1.05012
1.04978
1.04929
1.04868
1.04795
1.04713
1.04626
1.04535
1.04444
1.04358
1.04279
1.04211
1.04156
1.04118
1.04098
1.04097
1.04118
1.04159
1.04222
1.04305
1.04409
1.04531
1.04671
1.04826
1.04995
1.05175
1.05364
1.05561
1.05763
1.05968
1.06173
1.06378
1.0658
1.06777
1.06967
1.07149
1.07322
1.07484
1.07633
1.07769
1.0789
1.07997
1.08087
1.08161
1.08217
1.08256
1.08278
1.08282
1.08269
1.0824
1.08194
1.08133
1.08057
1.07968
1.07867
1.07754
1.07632
1.07502
1.07364
1.07221
1.07074
1.06924
1.06772
1.06618
1.06465
1.06313
1.06163
1.06016
1.0587
1.05729
1.05592
1.05458
1.05329
1.05204
1.05083
1.04966
1.04853
1.04742
1.04635
1.04528
1.04422
1.04316
1.04209
1.041
1.03988
1.03873
1.03753
1.03629
1.035
1.03367
1.0323
1.03088
1.02943
1.02795
1.02645
1.02494
1.02345
1.02196
1.02051
1.01911
1.01776
1.01648
1.01528
1.01417
1.01316
1.01226
1.01147
1.01079
1.01022
1.00976
1.00941
1.00916
1.00899
1.0089
1.00887
1.00889
1.00894
1.009
1.00907
1.00913
1.00916
1.00917
1.00913
1.00904
1.00892
1.00873
1.00851
1.00825
1.00794
1.00761
1.00724
1.00686
1.00647
1.00608
1.0057
1.00534
1.00501
1.00472
1.00448
1.0043
1.00419
1.00415
1.00418
1.0043
1.0045
1.00477
1.0051
1.00549
1.00592
1.00638
1.00685
1.00733
1.00779
1.00822
1.00861
1.00894
1.00923
1.00944
1.0096
1.0097
1.00973
1.00972
1.00966
1.00957
1.00946
1.00935
1.00924
1.00914
1.00908
1.00907
1.00911
1.00921
1.00937
1.00961
1.00992
1.01029
1.01072
1.01121
1.01175
1.01233
1.01295
1.01358
1.01424
1.01492
1.01561
1.01631
1.01703
1.01776
1.01851
1.01928
1.02007
1.02088
1.0217
1.02254
1.0234
1.02425
1.02511
1.02595
1.02677
1.02757
1.02832
1.02902
1.02966
1.03023
1.03071
1.0311
1.03138
1.03155
1.0316
1.03153
1.03133
1.03099
1.03053
1.02994
1.02923
1.02839
1.02745
1.02641
1.02528
1.02408
1.0228
1.02148
1.02011
1.01871
1.0173
1.01589
1.01449
1.01311
1.01176
1.01045
1.0092
1.00801
1.00689
1.00584
1.00488
1.00401
1.00323
1.00255
1.00196
1.00148
1.00109
1.00081
1.00062
1.00052
1.00052
1.00061
1.00077
1.00101
1.00133
1.00171
1.00215
1.00265
1.0032
1.00381
1.00446
1.00517
1.00593
1.00674
1.0076
1.00852
1.0095
1.01054
1.01165
1.01284
1.0141
1.01543
1.01685
1.01834
1.01992
1.02157
1.02329
1.02507
1.02692
1.02881
1.03075
1.03271
1.03469
1.03666
1.03863
1.04056
1.04246
1.04429
1.04606
1.04775
1.04935
1.05086
1.05227
1.05358
1.0548
1.05593
1.05698
1.05796
1.05888
1.05974
1.06057
1.06136
1.06214
1.0629
1.06367
1.06443
1.0652
1.06598
1.06676
1.06754
1.06832
1.06909
1.06984
1.07056
1.07123
1.07186
1.07242
1.0729
1.07329
1.0736
1.0738
1.0739
1.07389
1.07379
1.07358
1.07327
1.07288
1.07241
1.07187
1.07126
1.0706
1.0699
1.06917
1.0684
1.0676
1.06678
1.06594
1.06506
1.06415
1.06321
1.06222
1.06118
1.06009
1.05893
1.05771
1.05643
1.05507
1.05366
1.05217
1.05064
1.04905
1.04742
1.04575
1.04406
1.04236
1.04067
1.03899
1.03733
1.03572
1.03417
1.03269
1.03129
1.02999
1.02881
1.02774
1.02682
1.02604
1.02542
1.02496
1.02468
1.02458
1.02466
1.02492
1.02537
1.026
1.0268
1.02776
1.02886
1.0301
1.03145
1.03289
1.03438
1.03591
1.03744
1.03894
1.0404
1.04179
1.04308
1.04427
1.04534
1.04629
1.04713
1.04784
1.04844
1.04892
1.0493
1.04957
1.04974
1.04983
1.04982
1.04972
1.04955
1.04928
1.04894
1.04853
1.04805
1.04751
1.04692
1.04629
1.04563
1.04496
1.04429
1.04363
1.04299
1.04239
1.04184
1.04134
1.04089
1.04051
1.0402
1.03995
1.03977
1.03965
1.03959
1.03958
1.03962
1.0397
1.03982
1.03995
1.0401
1.04025
1.04039
1.04051
1.04061
1.04066
1.04067
1.04064
1.04055
1.04042
1.04024
1.04003
1.03978
1.03952
1.03925
1.03898
1.03874
1.03851
1.03833
1.03818
1.03808
1.03804
1.03804
1.0381
1.03821
1.03836
1.03856
1.0388
1.03906
1.03933
1.03963
1.03992
1.04021
1.04048
1.04073
1.04094
1.04112
1.04125
1.04132
1.04135
1.04133
1.04126
1.04114
1.04098
1.0408
1.04059
1.04038
1.04016
1.03997
1.03981
1.0397
1.03965
1.03967
1.03979
1.03999
1.04031
1.04074
1.04128
1.04195
1.04274
1.04364
1.04466
1.04579
1.04702
1.04834
1.04972
1.05115
1.05262
1.05409
1.05554
1.05695
1.05828
1.05951
1.0606
1.06152
1.06225
1.06275
1.06302
1.06301
1.06274
1.06218
1.06135
1.06024
1.05888
1.05727
1.05544
1.05342
1.05125
1.04895
1.04656
1.04411
1.04164
1.03917
1.03673
1.03436
1.03205
1.02985
1.02775
1.02576
1.02389
1.02216
1.02054
1.01905
1.01767
1.01642
1.01527
1.01423
1.01328
1.01241
1.01163
1.01092
1.01026
1.00966
1.0091
1.00857
1.00808
1.00761
1.00716
1.00671
1.00628
1.00587
1.00546
1.00507
1.0047
1.00435
1.00403
1.00374
1.00349
1.00329
1.00313
1.00303
1.00299
1.00301
1.00309
1.00324
1.00346
1.00373
1.00407
1.00446
1.0049
1.0054
1.00595
1.00653
1.00714
1.00776
1.0084
1.00904
1.00965
1.01024
1.01077
1.01125
1.01165
1.01197
1.01219
1.0123
1.01231
1.0122
1.01197
1.01163
1.01118
1.01062
1.00998
1.00924
1.00844
1.00757
1.00667
1.00573
1.00476
1.00379
1.00282
1.00187
1.00093
1.00002
0.999137
0.998286
0.997466
0.996669
0.995902
0.995152
0.99442
0.993695
0.992974
0.992256
0.991538
0.990815
0.99009
0.989365
0.988646
0.987933
0.987233
0.986555
0.985903
0.985291
0.984724
0.984209
0.983761
0.983388
0.983093
0.982881
0.982757
0.982727
0.982789
0.982944
0.983188
0.983518
0.983925
0.984406
0.984949
0.985543
0.986182
0.98686
0.987568
0.988296
0.989047
0.989815
0.990596
0.991396
0.992217
0.993062
0.993934
0.994834
0.99577
0.996743
0.997761
0.998821
0.999924
1.00108
1.00227
1.0035
1.00477
1.00607
1.0074
1.00875
1.01011
1.01148
1.01286
1.01424
1.01562
1.01698
1.01834
1.01968
1.02099
1.02229
1.02356
1.02479
1.02599
1.02714
1.02824
1.02929
1.03027
1.03119
1.03203
1.03279
1.03346
1.03404
1.03453
1.03492
1.03522
1.03542
1.03554
1.03557
1.03552
1.0354
1.03521
1.03497
1.03468
1.03434
1.03395
1.03353
1.03307
1.03255
1.03199
1.03137
1.03068
1.02992
1.02907
1.02815
1.02714
1.02604
1.02485
1.0236
1.02228
1.02092
1.01952
1.01811
1.0167
1.01531
1.01397
1.01268
1.01146
1.01032
1.00927
1.00832
1.00747
1.00673
1.00609
1.00556
1.00513
1.00479
1.00456
1.00443
1.0044
1.00446
1.00462
1.00489
1.00525
1.00572
1.00629
1.00695
1.00772
1.00857
1.00952
1.01053
1.01161
1.01274
1.0139
1.01508
1.01624
1.01739
1.0185
1.01953
1.02049
1.02134
1.02209
1.0227
1.02319
1.02354
1.02375
1.02383
1.02379
1.02364
1.0234
1.0231
1.02274
1.02237
1.02201
1.02169
1.02144
1.02128
1.02125
1.02136
1.02163
1.02208
1.02273
1.02357
1.02463
1.02589
1.02734
1.02899
1.03081
1.03279
1.0349
1.03713
1.03944
1.04182
1.04422
1.04663
1.04901
1.05132
1.05355
1.05566
1.05762
1.0594
1.061
1.06238
1.06353
1.06443
1.06508
1.06546
1.06558
1.06542
1.065
1.06432
1.06339
1.06223
1.06084
1.05925
1.05748
1.05553
1.05345
1.05125
1.04896
1.0466
1.04421
1.04179
1.03939
1.03703
1.03473
1.03251
1.0304
1.02841
1.02656
1.02486
1.02331
1.02193
1.02072
1.01968
1.0188
1.01807
1.01749
1.01706
1.01675
1.01656
1.01647
1.01647
1.01656
1.01672
1.01695
1.01723
1.01755
1.0179
1.01826
1.01864
1.019
1.01934
1.01963
1.01987
1.02004
1.02012
1.0201
1.01997
1.01971
1.01933
1.01882
1.01818
1.01742
1.01655
1.01559
1.01455
1.01345
1.01232
1.01118
1.01005
1.00896
1.00792
1.00695
1.00607
1.0053
1.00463
1.00409
1.00365
1.00334
1.00315
1.00307
1.0031
1.00323
1.00345
1.00376
1.00416
1.00462
1.00515
1.00574
1.00639
1.00708
1.00782
1.00861
1.00944
1.01032
1.01124
1.01219
1.01319
1.01424
1.01533
1.01646
1.01765
1.01889
1.02017
1.02151
1.0229
1.02433
1.0258
1.02732
1.02888
1.03046
1.03205
1.03365
1.03525
1.03683
1.03837
1.03987
1.04129
1.04264
1.04389
1.04502
1.04602
1.04687
1.04756
1.04808
1.04841
1.04855
1.04851
1.04826
1.04783
1.0472
1.04639
1.04541
1.04428
1.043
1.0416
1.0401
1.03851
1.03685
1.03516
1.03345
1.03175
1.03006
1.02841
1.02683
1.02532
1.0239
1.02259
1.02139
1.02033
1.0194
1.01862
1.01799
1.01753
1.01721
1.01706
1.01706
1.01721
1.0175
1.01794
1.01851
1.01919
1.01997
1.02083
1.02176
1.02274
1.02375
1.02476
1.02576
1.02673
1.02765
1.0285
1.02927
1.02994
1.03051
1.03097
1.03131
1.03152
1.0316
1.03156
1.03139
1.0311
1.03071
1.03021
1.02962
1.02896
1.02824
1.02747
1.02667
1.02587
1.02507
1.0243
1.02357
1.0229
1.0223
1.02179
1.02138
1.02109
1.02091
1.02085
1.02092
1.02111
1.02142
1.02184
1.02238
1.02302
1.02376
1.02459
1.0255
1.02647
1.02752
1.02861
1.02976
1.03094
1.03216
1.03341
1.03469
1.03598
1.03728
1.0386
1.03991
1.04123
1.04253
1.04382
1.04509
1.04632
1.04751
1.04864
1.0497
1.05067
1.05154
1.0523
1.05293
1.05341
1.05373
1.05387
1.05382
1.05357
1.05311
1.05243
1.05155
1.05045
1.04915
1.04765
1.04598
1.04414
1.04216
1.04007
1.03789
1.03565
1.03339
1.03113
1.02892
1.02676
1.0247
1.02277
1.02099
1.01938
1.01797
1.01676
1.01579
1.01505
1.01455
1.01431
1.01432
1.01458
1.01508
1.01582
1.01678
1.01794
1.0193
1.02084
1.02252
1.02433
1.02624
1.02823
1.03026
1.03233
1.03439
1.03643
1.03841
1.04032
1.04213
1.04384
1.04542
1.04685
1.04813
1.04925
1.05022
1.05101
1.05164
1.05211
1.05241
1.05254
1.05252
1.05236
1.05205
1.0516
1.05103
1.05034
1.04954
1.04865
1.04767
1.04662
1.0455
1.04433
1.04311
1.04187
1.04061
1.03932
1.03803
1.03672
1.03541
1.03409
1.03276
1.03141
1.03004
1.02865
1.02723
1.02578
1.02429
1.02277
1.02122
1.01963
1.018
1.01634
1.01467
1.01296
1.01125
1.00952
1.00779
1.00605
1.00432
1.00261
1.00091
0.999244
0.997604
0.99601
0.994468
0.992985
0.991568
0.990229
0.988975
0.987813
0.986748
0.985793
0.984946
0.984219
0.983617
0.98313
0.982779
0.982547
0.982443
0.982459
0.982602
0.982867
0.983247
0.983744
0.984356
0.985081
0.985923
0.986882
0.987952
0.989147
0.990464
0.991897
0.993457
0.99514
0.996943
0.998863
1.0009
1.00304
1.00528
1.0076
1.01001
1.01248
1.01501
1.01758
1.02018
1.02278
1.02538
1.02796
1.0305
1.03298
1.0354
1.03773
1.03996
1.04208
1.04409
1.04598
1.04773
1.04935
1.05082
1.05216
1.05336
1.05442
1.05536
1.05616
1.05685
1.05742
1.05789
1.05826
1.05855
1.05876
1.0589
1.05898
1.059
1.05898
1.05892
1.05882
1.05868
1.05852
1.05833
1.05811
1.05786
1.05759
1.0573
1.05698
1.05663
1.05625
1.05584
1.05541
1.05494
1.05445
1.05394
1.05341
1.05285
1.05229
1.05171
1.05114
1.05057
1.05002
1.0495
1.049
1.04855
1.04814
1.04779
1.04749
1.04726
1.04709
1.04699
1.04696
1.04699
1.04708
1.04724
1.04745
1.04771
1.04803
1.04839
1.04879
1.04923
1.0497
1.0502
1.05073
1.05128
1.05185
1.05244
1.05304
1.05367
1.0543
1.05495
1.05561
1.05628
1.05695
1.05763
1.05831
1.05899
1.05964
1.06029
1.06091
1.0615
1.06205
1.06255
1.06301
1.0634
1.06374
1.064
1.06418
1.06428
1.06431
1.06427
1.06415
1.06395
1.0637
1.06338
1.063
1.06258
1.06211
1.0616
1.06103
1.06042
1.05975
1.05902
1.05821
1.05731
1.05632
1.05521
1.05399
1.05262
1.05111
1.04945
1.04764
1.04566
1.04353
1.04124
1.0388
1.03621
1.03348
1.03062
1.02763
1.02454
1.02135
1.01808
1.01475
1.01136
1.00795
1.00452
1.0011
0.997694
0.994332
0.991029
0.987799
0.984663
0.98164
0.978744
0.975987
0.973389
0.970961
0.968713
0.96665
0.964782
0.963114
0.961648
0.960383
0.959319
0.958465
0.957802
0.957337
0.957061
0.956976
0.957075
0.957359
0.957819
0.958456
0.959262
0.96023
0.96136
0.962637
0.964058
0.965608
0.967283
0.969071
0.970956
0.972922
0.974958
0.977052
0.979188
0.981348
0.983518
0.985688
0.987843
0.989969
0.992054
0.994088
0.996065
0.997975
0.999812
1.00157
1.00325
1.00484
1.00634
1.00776
1.00908
1.01032
1.01147
1.01254
1.01352
1.01442
1.01524
1.01599
1.01666
1.01727
1.01782
1.01831
1.01876
1.01916
1.01953
1.01988
1.0202
1.0205
1.0208
1.02109
1.02139
1.02168
1.02198
1.02228
1.02259
1.02289
1.02318
1.02347
1.02376
1.02403
1.0243
1.02455
1.02479
1.02502
1.02523
1.02545
1.02566
1.02588
1.0261
1.02633
1.02658
1.02684
1.02713
1.02744
1.02778
1.02815
1.02854
1.02896
1.0294
1.02987
1.03036
1.03087
1.03139
1.03193
1.03248
1.03304
1.03362
1.0342
1.03479
1.0354
1.03601
1.03663
1.03726
1.03789
1.03853
1.03917
1.03981
1.04045
1.04109
1.04171
1.04231
1.04288
1.04342
1.04393
1.04438
1.04478
1.04511
1.04537
1.04555
1.04566
1.04567
1.04561
1.04545
1.04521
1.04489
1.04448
1.04399
1.04344
1.0428
1.0421
1.04133
1.0405
1.03961
1.03866
1.03765
1.0366
1.0355
1.03437
1.03321
1.03204
1.03088
1.02974
1.02863
1.02759
1.02662
1.02577
1.02503
1.02444
1.02401
1.02376
1.02369
1.02381
1.02412
1.02462
1.02527
1.02605
1.02694
1.02789
1.02886
1.0298
1.03069
1.03147
1.03213
1.03264
1.033
1.0332
1.03325
1.03318
1.03301
1.03276
1.03245
1.03211
1.03175
1.03139
1.03104
1.0307
1.03039
1.03009
1.02981
1.02955
1.02931
1.02909
1.02889
1.02871
1.02856
1.02843
1.02833
1.02826
1.02823
1.02823
1.02826
1.02832
1.02842
1.02853
1.02866
1.02882
1.02898
1.02915
1.02932
1.02949
1.02965
1.0298
1.02995
1.0301
1.03025
1.0304
1.03056
1.03074
1.03095
1.03119
1.03147
1.0318
1.0322
1.03266
1.0332
1.03382
1.03453
1.03532
1.03619
1.03715
1.03817
1.03926
1.0404
1.04158
1.04278
1.04398
1.04515
1.0463
1.04738
1.0484
1.04932
1.05015
1.05087
1.05146
1.05193
1.05228
1.05251
1.05263
1.05264
1.05256
1.05239
1.05215
1.05185
1.05151
1.05114
1.05075
1.05036
1.04998
1.0496
1.04924
1.04891
1.0486
1.04831
1.04805
1.04779
1.04755
1.04731
1.04706
1.04679
1.04649
1.04615
1.04576
1.04531
1.04481
1.04424
1.04361
1.04291
1.04215
1.04133
1.04046
1.03954
1.03859
1.0376
1.03659
1.03557
1.03455
1.03352
1.0325
1.0315
1.0305
1.02952
1.02856
1.02762
1.02669
1.02578
1.02489
1.02401
1.02315
1.0223
1.02147
1.02067
1.0199
1.01916
1.01845
1.0178
1.01719
1.01665
1.01618
1.01577
1.01545
1.01522
1.01507
1.01501
1.01504
1.01515
1.01533
1.01558
1.01589
1.01624
1.01662
1.01703
1.01745
1.01787
1.01827
1.01864
1.01898
1.01926
1.01948
1.01963
1.0197
1.01967
1.01953
1.01927
1.01889
1.01838
1.01774
1.01695
1.01603
1.01498
1.0138
1.01252
1.01115
1.0097
1.0082
1.00667
1.00513
1.00361
1.00214
1.00074
0.999419
0.998208
0.997126
0.996191
0.995415
0.994808
0.99438
0.994139
0.994089
0.994228
0.994551
0.995053
0.995717
0.996544
0.997515
0.99861
0.99982
1.00113
1.00251
1.00396
1.00545
1.00696
1.00848
1.01
1.01151
1.01298
1.01441
1.01579
1.01711
1.01837
1.01956
1.02068
1.02172
1.02269
1.02358
1.02439
1.02512
1.02577
1.02634
1.02682
1.02722
1.02754
1.02777
1.02792
1.02798
1.02796
1.02786
1.02767
1.02741
1.02707
1.02666
1.02617
1.02562
1.025
1.02434
1.02361
1.02285
1.02203
1.02118
1.02029
1.01938
1.01843
1.01746
1.01648
1.01548
1.01448
1.01348
1.01248
1.01149
1.01052
1.00957
1.00865
1.00777
1.00694
1.00615
1.00542
1.00475
1.00415
1.00362
1.00317
1.0028
1.00252
1.00231
1.00219
1.00216
1.00222
1.00238
1.00262
1.00296
1.00339
1.00392
1.00456
1.00529
1.00613
1.00708
1.00814
1.00931
1.0106
1.01199
1.01349
1.01511
1.01683
1.01865
1.02057
1.02257
1.02464
1.02677
1.02894
1.03114
1.03336
1.03557
1.03776
1.03991
1.04201
1.04404
1.04599
1.04785
1.04961
1.05127
1.05282
1.05428
1.05562
1.05687
1.05803
1.05909
1.06007
1.06098
1.06181
1.06257
1.06327
1.0639
1.06447
1.06498
1.06543
1.06582
1.06614
1.06641
1.06661
1.06674
1.06682
1.06683
1.06677
1.06665
1.06646
1.06621
1.06588
1.06549
1.06503
1.06448
1.06385
1.06315
1.06235
1.06146
1.06046
1.05936
1.05815
1.05682
1.05538
1.05382
1.05214
1.05035
1.04844
1.04641
1.04428
1.04204
1.03971
1.03729
1.03479
1.03223
1.02961
1.02695
1.02426
1.02156
1.01886
1.01617
1.01351
1.0109
1.00834
1.00587
1.00349
1.00122
0.999068
0.997055
0.995193
0.993488
0.991956
0.990602
0.989429
0.988444
0.987646
0.98704
0.986624
0.986392
0.986343
0.986469
0.986768
0.987228
0.98784
0.988601
0.989497
0.990521
0.991667
0.992923
0.994279
0.995729
0.997259
0.998867
1.00054
1.00228
1.00406
1.00589
1.00776
1.00965
1.01157
1.01349
1.01542
1.01734
1.01925
1.02114
1.023
1.02481
1.02657
1.02827
1.02989
1.03144
1.03289
1.03425
1.0355
1.03663
1.03765
1.03855
1.03932
1.03996
1.04047
1.04085
1.0411
1.04121
1.04119
1.04103
1.04074
1.04032
1.03975
1.03906
1.03823
1.03727
1.03619
1.03499
1.03367
1.03224
1.03072
1.02911
1.02743
1.02567
1.02387
1.02204
1.02019
1.01834
1.01649
1.01468
1.0129
1.01118
1.00952
1.00793
1.00644
1.00503
1.00372
1.00251
1.00141
1.0004
0.999503
0.9987
0.997994
0.997384
0.996858
0.996412
0.996042
0.995743
0.99551
0.995338
0.995216
0.995142
0.995108
0.995119
0.995166
0.995253
0.995369
0.995523
0.995717
0.995947
0.996222
0.996533
0.996893
0.997297
0.997748
0.998245
0.998786
0.999367
0.999985
1.00063
1.00131
1.00199
1.00268
1.00338
1.00407
1.00474
1.00538
1.006
1.00658
1.00714
1.00766
1.00815
1.00861
1.00905
1.00949
1.00991
1.01033
1.01075
1.01119
1.01165
1.01212
1.01262
1.01314
1.01368
1.01425
1.01484
1.01545
1.01607
1.0167
1.01734
1.01798
1.01863
1.01927
1.01991
1.02054
1.02117
1.02181
1.02244
1.02308
1.02373
1.0244
1.02509
1.02581
1.02656
1.02736
1.02821
1.0291
1.03005
1.03106
1.03212
1.03324
1.03441
1.03563
1.0369
1.03821
1.03956
1.04094
1.04236
1.0438
1.04527
1.04675
1.04826
1.04978
1.0513
1.05283
1.05435
1.05587
1.05737
1.05883
1.06026
1.06164
1.06297
1.06424
1.06544
1.06656
1.06761
1.06859
1.0695
1.07033
1.07111
1.07184
1.07252
1.07316
1.07376
1.07432
1.07485
1.07534
1.07578
1.07616
1.07648
1.07671
1.07685
1.07687
1.07675
1.07647
1.07602
1.07538
1.07452
1.07344
1.07213
1.07058
1.06879
1.06677
1.06453
1.06207
1.05943
1.05662
1.05366
1.05058
1.0474
1.04416
1.04088
1.03759
1.03431
1.03106
1.02786
1.02473
1.0217
1.01877
1.01597
1.0133
1.01078
1.00841
1.00622
1.00421
1.00238
1.00075
0.999323
0.998103
0.997092
0.996299
0.995725
0.995364
0.995224
0.995309
0.995608
0.996126
0.996852
0.997785
0.998918
1.00024
1.00176
1.00344
1.00529
1.00729
1.00942
1.01167
1.01403
1.01646
1.01894
1.02145
1.02397
1.02646
1.0289
1.03127
1.03351
1.03563
1.03757
1.03933
1.04087
1.04218
1.04325
1.04405
1.0446
1.04487
1.04488
1.04463
1.04413
1.0434
1.04245
1.0413
1.03999
1.03852
1.03694
1.03526
1.03352
1.03173
1.02993
1.02813
1.02635
1.02462
1.02296
1.02138
1.01988
1.01848
1.0172
1.01603
1.01498
1.01406
1.01327
1.0126
1.01206
1.01164
1.01134
1.01116
1.01108
1.01111
1.01122
1.01142
1.01168
1.012
1.01236
1.01275
1.01315
1.01354
1.01392
1.01428
1.01459
1.01486
1.01507
1.01522
1.01532
1.01535
1.01534
1.01527
1.01517
1.01504
1.0149
1.01475
1.01461
1.01448
1.0144
1.01436
1.01438
1.01447
1.01463
1.01488
1.01521
1.01562
1.01613
1.01674
1.01743
1.01822
1.01909
1.02005
1.0211
1.02222
1.02342
1.02468
1.02601
1.02739
1.02882
1.03029
1.03179
1.0333
1.03483
1.03635
1.03786
1.03935
1.0408
1.04219
1.04352
1.04477
1.04594
1.04701
1.04796
1.04879
1.0495
1.05006
1.05047
1.05073
1.05082
1.05075
1.05051
1.05009
1.04952
1.04878
1.04788
1.04685
1.04567
1.04438
1.04299
1.04151
1.03996
1.03838
1.03677
1.03517
1.03358
1.03204
1.03056
1.02916
1.02786
1.02666
1.02558
1.02461
1.02376
1.02303
1.02241
1.02189
1.02147
1.02113
1.02086
1.02064
1.02047
1.02032
1.02018
1.02005
1.01991
1.01976
1.01959
1.01939
1.01917
1.01893
1.01866
1.01837
1.01806
1.01773
1.01738
1.01702
1.01664
1.01626
1.01588
1.01549
1.01511
1.01473
1.01434
1.01396
1.01358
1.01319
1.01281
1.01243
1.01205
1.01168
1.01131
1.01095
1.0106
1.01026
1.00995
1.00968
1.00944
1.00924
1.0091
1.00902
1.009
1.00907
1.00921
1.00944
1.00976
1.01018
1.01068
1.01129
1.012
1.0128
1.0137
1.01469
1.01577
1.01693
1.01816
1.01946
1.02081
1.02221
1.02365
1.02511
1.02659
1.02807
1.02956
1.03104
1.03251
1.03396
1.0354
1.03681
1.03822
1.03961
1.04098
1.04235
1.0437
1.04505
1.04639
1.04771
1.04901
1.05029
1.05154
1.05275
1.05393
1.05506
1.05613
1.05715
1.05812
1.05903
1.05988
1.06068
1.06142
1.0621
1.06274
1.06332
1.06385
1.06433
1.06475
1.06511
1.06541
1.06563
1.06578
1.06584
1.06581
1.06569
1.06545
1.0651
1.06465
1.06407
1.06339
1.06259
1.06169
1.06069
1.0596
1.05845
1.05723
1.05597
1.05468
1.05337
1.05207
1.05079
1.04954
1.04835
1.04722
1.04616
1.0452
1.04433
1.04355
1.04289
1.04233
1.04188
1.04153
1.04127
1.04111
1.04103
1.04102
1.04107
1.04116
1.04128
1.04142
1.04155
1.04167
1.04175
1.04178
1.04174
1.04163
1.04144
1.04116
1.04078
1.04031
1.03976
1.03914
1.03845
1.03771
1.03695
1.03618
1.03542
1.03469
1.03401
1.03338
1.03283
1.03236
1.03196
1.03164
1.03138
1.03118
1.03103
1.03092
1.03081
1.0307
1.03058
1.03044
1.03025
1.03002
1.02973
1.02939
1.02899
1.02852
1.028
1.02742
1.02679
1.0261
1.02537
1.02459
1.02376
1.02289
1.02198
1.02103
1.02004
1.01901
1.01795
1.01687
1.01578
1.01468
1.01358
1.01249
1.01141
1.01037
1.00935
1.00838
1.00745
1.00658
1.00577
1.00501
1.00431
1.00366
1.00307
1.00252
1.00202
1.00157
1.00116
1.0008
1.00048
1.00021
0.999995
0.99984
0.999753
0.999744
0.999821
1
1.00029
1.0007
1.00124
1.00194
1.00278
1.00379
1.00497
1.00631
1.00783
1.00951
1.01136
1.01336
1.01551
1.01779
1.0202
1.02271
1.0253
1.02797
1.03068
1.03343
1.03618
1.03891
1.04161
1.04425
1.0468
1.04925
1.05156
1.05372
1.05571
1.05751
1.05909
1.06044
1.06154
1.0624
1.06299
1.06331
1.06337
1.06316
1.06269
1.06196
1.061
1.05981
1.0584
1.05679
1.055
1.05306
1.05098
1.04878
1.04649
1.04414
1.04174
1.03932
1.03691
1.03453
1.0322
1.02996
1.02782
1.0258
1.02393
1.02222
1.02068
1.01933
1.01817
1.01722
1.01647
1.01592
1.01558
1.01543
1.01546
1.01567
1.01604
1.01656
1.01721
1.01799
1.01885
1.0198
1.02081
1.02188
1.02297
1.02408
1.02519
1.02629
1.02738
1.02842
1.02944
1.0304
1.03131
1.03217
1.03296
1.0337
1.03437
1.03498
1.03553
1.03601
1.03644
1.03681
1.03714
1.03741
1.03762
1.0378
1.03793
1.03801
1.03806
1.03806
1.03802
1.03794
1.03782
1.03767
1.03746
1.03723
1.03695
1.03664
1.03629
1.03591
1.0355
1.03507
1.03461
1.03413
1.03363
1.03312
1.03259
1.03203
1.03146
1.03087
1.03025
1.02961
1.02893
1.02823
1.02749
1.02672
1.02592
1.02508
1.02421
1.02332
1.0224
1.02147
1.02054
1.0196
1.01868
1.01778
1.01692
1.01609
1.01533
1.01463
1.014
1.01347
1.01304
1.01272
1.01251
1.01244
1.01251
1.01272
1.01308
1.01359
1.01425
1.01507
1.01604
1.01715
1.0184
1.01979
1.02131
1.02294
1.02468
1.02651
1.02843
1.03041
1.03244
1.0345
1.03657
1.03863
1.04065
1.04263
1.04452
1.04632
1.04801
1.04958
1.05101
1.05229
1.05344
1.05445
1.05534
1.0561
1.05677
1.05734
1.05785
1.0583
1.05873
1.05913
1.05953
1.05993
1.06035
1.0608
1.06127
1.06175
1.06226
1.06278
1.0633
1.06381
1.06431
1.06478
1.06522
1.06562
1.06596
1.06625
1.06647
1.06663
1.06671
1.06673
1.06667
1.06653
1.06631
1.06602
1.06564
1.06517
1.06462
1.06397
1.06325
1.06244
1.06154
1.06057
1.05953
1.05841
1.05725
1.05604
1.05481
1.05356
1.05233
1.05113
1.04998
1.0489
1.04792
1.04704
1.04631
1.04572
1.04531
1.04508
1.04504
1.04519
1.04554
1.04609
1.04682
1.04774
1.04883
1.05008
1.05147
1.05299
1.05461
1.05631
1.05807
1.05987
1.06166
1.06344
1.06518
1.06683
1.06839
1.06981
1.07108
1.07217
1.07306
1.07374
1.07419
1.07442
1.07442
1.07418
1.07373
1.07307
1.07222
1.07119
1.07001
1.0687
1.06727
1.06576
1.06418
1.06256
1.06091
1.05926
1.05763
1.05603
1.05448
1.05299
1.05158
1.05025
1.04902
1.04789
1.04687
1.04595
1.04514
1.04445
1.04387
1.04341
1.04306
1.04282
1.04271
1.04272
1.04287
1.04315
1.04356
1.04411
1.04481
1.04565
1.04663
1.04775
1.049
1.05036
1.05183
1.05337
1.05497
1.0566
1.05824
1.05985
1.06141
1.06289
1.06425
1.06547
1.06654
1.06744
1.06815
1.06867
1.069
1.06913
1.06907
1.06883
1.06842
1.06784
1.06712
1.06624
1.06523
1.0641
1.06285
1.06149
1.06002
1.05846
1.0568
1.05506
1.05323
1.05134
1.04937
1.04734
1.04526
1.04314
1.04098
1.03879
1.03659
1.03439
1.03219
1.03001
1.02787
1.02578
1.02374
1.02178
1.0199
1.01812
1.01643
1.01485
1.0134
1.01205
1.01083
1.00972
1.00873
1.00785
1.00709
1.00643
1.00587
1.0054
1.00502
1.00472
1.00448
1.0043
1.00419
1.00412
1.00409
1.00408
1.0041
1.00414
1.00419
1.00424
1.00429
1.00433
1.00435
1.00436
1.00436
1.00433
1.00428
1.0042
1.0041
1.00398
1.00383
1.00366
1.00348
1.00327
1.00305
1.00282
1.00257
1.00232
1.00205
1.00178
1.00149
1.00119
1.00087
1.00053
1.00017
0.999788
0.999379
0.998943
0.998479
0.997989
0.997476
0.996941
0.996394
0.995835
0.995274
0.994722
0.994191
0.993687
0.993226
0.992819
0.992472
0.992203
0.992018
0.991926
0.991931
0.992043
0.992268
0.992606
0.993056
0.993617
0.994283
0.995052
0.995911
0.996856
0.99787
0.998941
1.00006
1.00119
1.00234
1.00348
1.00459
1.00565
1.00665
1.00757
1.00839
1.0091
1.00968
1.01013
1.01043
1.01058
1.01058
1.01042
1.01012
1.00968
1.00912
1.00843
1.00765
1.00679
1.00587
1.0049
1.00391
1.00293
1.00196
1.00102
1.00013
0.999297
0.998533
0.997845
0.99724
0.996719
0.996282
0.995918
0.99563
0.995412
0.995253
0.995147
0.995087
0.99507
0.995089
0.995134
0.995206
0.995299
0.995409
0.995541
0.995689
0.995856
0.996048
0.996259
0.996492
0.996752
0.997037
0.99735
0.997691
0.998062
0.998455
0.998873
0.999308
0.999757
1.00022
1.00069
1.00116
1.00163
1.00209
1.00254
1.00296
1.00336
1.00372
1.00404
1.00432
1.00454
1.00471
1.00482
1.00488
1.00487
1.0048
1.00468
1.0045
1.00428
1.00402
1.00373
1.00342
1.00311
1.00281
1.00252
1.00227
1.00207
1.00193
1.00187
1.00189
1.002
1.00221
1.00253
1.00296
1.00349
1.00413
1.00486
1.00568
1.00657
1.00752
1.0085
1.00951
1.01051
1.01149
1.01242
1.01329
1.01407
1.01475
1.01531
1.01574
1.01602
1.01615
1.01612
1.01594
1.01561
1.01512
1.0145
1.01374
1.01288
1.01192
1.01088
1.00979
1.00865
1.0075
1.00636
1.00523
1.00414
1.0031
1.00213
1.00124
1.00043
0.999705
0.999074
0.998534
0.998077
0.997702
0.997406
0.997187
0.997033
0.996942
0.996907
0.99692
0.99699
0.997106
0.997265
0.997475
0.997736
0.998054
0.998432
0.998872
0.999382
0.999964
1.00062
1.00135
1.00216
1.00305
1.00402
1.00505
1.00616
1.00732
1.00852
1.00976
1.01103
1.01231
1.01358
1.01484
1.01606
1.01724
1.01836
1.0194
1.02036
1.02121
1.02195
1.02258
1.02306
1.02341
1.02362
1.02367
1.02357
1.0233
1.02288
1.02231
1.02158
1.0207
1.01968
1.01853
1.01725
1.01586
1.01435
1.01275
1.01105
1.00928
1.00743
1.00552
1.00356
1.00155
0.99951
0.997456
0.995396
0.993342
0.991312
0.989322
0.987391
0.985529
0.983755
0.982086
0.980536
0.979115
0.977836
0.976708
0.975738
0.974931
0.974284
0.973807
0.973495
0.973355
0.973384
0.973582
0.973951
0.974492
0.975202
0.976086
0.977144
0.978372
0.979769
0.981321
0.983025
0.984866
0.986828
0.98889
0.991039
0.993247
0.995498
0.997764
1.00002
1.00226
1.00445
1.00658
1.00863
1.0106
1.01246
1.01422
1.01587
1.01741
1.01884
1.02016
1.02138
1.02251
1.02355
1.02451
1.0254
1.02624
1.02702
1.02775
1.02844
1.02908
1.02969
1.03025
1.03076
1.03123
1.03165
1.03201
1.03231
1.03255
1.03273
1.03284
1.0329
1.03288
1.03281
1.03269
1.03252
1.0323
1.03205
1.03176
1.03145
1.03111
1.03077
1.03042
1.03008
1.02975
1.02943
1.02914
1.02887
1.02865
1.02848
1.02836
1.02831
1.02833
1.02843
1.02863
1.02892
1.0293
1.02979
1.03038
1.03106
1.03184
1.03269
1.03362
1.03459
1.03561
1.03666
1.03771
1.03875
1.03978
1.04076
1.04169
1.04256
1.04336
1.04408
1.04471
1.04525
1.04569
1.04604
1.04629
1.04644
1.04649
1.04644
1.04629
1.04605
1.04571
1.04528
1.04478
1.04419
1.04354
1.04283
1.04206
1.04124
1.04039
1.03949
1.03857
1.03761
1.03661
1.03556
1.03446
1.0333
1.03206
1.03074
1.02933
1.02782
1.02621
1.0245
1.0227
1.0208
1.01883
1.0168
1.01473
1.01263
1.01053
1.00845
1.00643
1.00446
1.00258
1.0008
0.999129
0.997566
0.996121
0.994794
0.993584
0.99249
0.991501
0.990619
0.989833
0.989141
0.988535
0.98801
0.987555
0.987166
0.986839
0.986564
0.986337
0.986146
0.985986
0.985851
0.985732
0.985619
0.985496
0.985358
0.985199
0.985007
0.98477
0.98449
0.984162
0.983784
0.983365
0.982909
0.982427
0.981932
0.98144
0.980961
0.980519
0.980125
0.979797
0.979545
0.979385
0.979322
0.979358
0.979497
0.979742
0.980088
0.980525
0.981041
0.981636
0.982297
0.983013
0.983774
0.984571
0.985391
0.986223
0.987063
0.987896
0.98872
0.98953
0.990318
0.991087
0.991828
0.992536
0.993219
0.993868
0.994487
0.995071
0.995631
0.996158
0.996656
0.997125
0.997567
0.997979
0.998369
0.998732
0.99907
0.999388
0.999687
0.999973
1.00026
1.00054
1.00082
1.00112
1.00144
1.00178
1.00216
1.00256
1.00298
1.00343
1.0039
1.00437
1.00485
1.0053
1.00573
1.0061
1.00641
1.00664
1.0068
1.00685
1.0068
1.00664
1.00638
1.00603
1.00557
1.00503
1.00442
1.00374
1.00301
1.00225
1.00147
1.00067
0.999893
0.999131
0.998403
0.997716
0.997087
0.996522
0.996032
0.995624
0.995297
0.995059
0.994906
0.994844
0.994873
0.994991
0.995192
0.995469
0.995826
0.996254
0.996746
0.997305
0.997921
0.998594
0.999325
1.00011
1.00094
1.00183
1.00277
1.00377
1.00481
1.00591
1.00707
1.00827
1.00953
1.01083
1.01219
1.01358
1.01501
1.01648
1.01798
1.0195
1.02103
1.02255
1.02407
1.02555
1.027
1.02838
1.02969
1.03092
1.03204
1.03304
1.03392
1.03467
1.03529
1.03577
1.03612
1.03635
1.03645
1.03646
1.03637
1.03621
1.03598
1.03569
1.03536
1.035
1.03461
1.0342
1.03378
1.03336
1.03294
1.03253
1.03213
1.03175
1.03139
1.03106
1.03076
1.0305
1.03029
1.03012
1.03
1.02994
1.02994
1.03
1.03013
1.03033
1.0306
1.03094
1.03135
1.03181
1.03232
1.03287
1.03344
1.03402
1.03458
1.03513
1.03564
1.03609
1.03647
1.03678
1.03701
1.03715
1.03719
1.03714
1.03699
1.03674
1.0364
1.03595
1.0354
1.03475
1.034
1.03313
1.03216
1.03107
1.02988
1.02857
1.02716
1.02565
1.02404
1.02235
1.02057
1.01872
1.01681
1.01484
1.01284
1.01082
1.00878
1.00674
1.00471
1.0027
1.00072
0.998789
0.996918
0.995108
0.993364
0.991699
0.990117
0.988618
0.98721
0.985895
0.98467
0.983537
0.9825
0.981556
0.980715
0.979968
0.979316
0.978754
0.978282
0.977899
0.977605
0.977387
0.977234
0.977148
0.977117
0.977131
0.977183
0.977258
0.977353
0.977459
0.977562
0.977663
0.977751
0.977824
0.977874
0.977899
0.977894
0.977854
0.977783
0.977676
0.977534
0.977356
0.977145
0.976904
0.976637
0.976347
0.976043
0.97573
0.975418
0.975117
0.974836
0.974589
0.974387
0.974243
0.974167
0.974174
0.974266
0.974461
0.974756
0.975167
0.975694
0.976342
0.977111
0.978006
0.979018
0.980159
0.981418
0.982792
0.984278
0.985871
0.987564
0.989342
0.991204
0.99314
0.995139
0.99719
0.999279
1.0014
1.00354
1.00568
1.00782
1.00995
1.01205
1.01411
1.01613
1.01808
1.01997
1.02179
1.02352
1.02515
1.0267
1.02813
1.02946
1.03067
1.03178
1.03278
1.03367
1.03446
1.03514
1.03573
1.03622
1.03663
1.03696
1.03721
1.03739
1.0375
1.03754
1.03753
1.03746
1.03733
1.03714
1.03689
1.03658
1.0362
1.03577
1.03526
1.03469
1.03404
1.03332
1.03252
1.03163
1.03066
1.0296
1.02845
1.0272
1.02586
1.02442
1.02289
1.02125
1.01953
1.01772
1.01582
1.01386
1.01183
1.00976
1.00766
1.00554
1.00343
1.00134
0.999299
0.997319
0.995423
0.993628
0.991952
0.990413
0.989027
0.987802
0.986754
0.985891
0.985217
0.984741
0.98446
0.984367
0.984463
0.984736
0.985171
0.985756
0.986468
0.987286
0.988189
0.989141
0.990116
0.99109
0.992033
0.992917
0.993712
0.994401
0.994962
0.995379
0.995643
0.995747
0.995689
0.995469
0.995099
0.99459
0.993952
0.993205
0.992369
0.991462
0.990509
0.989533
0.988556
0.987602
0.986685
0.985832
0.985055
0.984369
0.983788
0.983324
0.982978
0.982763
0.982683
0.982744
0.98295
0.983295
0.98378
0.984405
0.985169
0.986065
0.98709
0.988234
0.989496
0.990858
0.992316
0.993849
0.99545
0.997104
0.998789
1.00049
1.00219
1.00386
1.0055
1.00708
1.00859
1.01001
1.01134
1.01256
1.01367
1.01466
1.01552
1.01625
1.01685
1.01733
1.01768
1.01791
1.01802
1.01802
1.01792
1.01772
1.01743
1.01706
1.01662
1.0161
1.01554
1.01492
1.01425
1.01355
1.01282
1.01206
1.01128
1.01049
1.0097
1.00891
1.00813
1.00738
1.00666
1.00599
1.00537
1.00481
1.00432
1.0039
1.00356
1.0033
1.00311
1.00301
1.00297
1.003
1.00308
1.0032
1.00336
1.00352
1.00368
1.00382
1.00392
1.00397
1.00395
1.00384
1.00363
1.00333
1.00291
1.00238
1.00172
1.00096
1.0001
0.999147
0.99811
0.997005
0.995853
0.99466
0.993453
0.992247
0.991055
0.989894
0.988781
0.987729
0.986746
0.985847
0.985038
0.984328
0.983717
0.983207
0.982805
0.982502
0.982293
0.982185
0.982172
0.982243
0.982393
0.982616
0.982902
0.983247
0.98364
0.984073
0.984541
0.985034
0.985548
0.986072
0.986603
0.987132
0.987656
0.988174
0.988683
0.989183
0.989671
0.990153
0.990636
0.991119
0.991618
0.992137
0.992688
0.993276
0.993913
0.994611
0.995381
0.996232
0.997176
0.998215
0.999357
1.0006
1.00196
1.00344
1.00503
1.00672
1.00851
1.01041
1.01239
1.01445
1.01659
1.01879
1.02104
1.02333
1.02564
1.02797
1.0303
1.03261
1.03489
1.03711
1.03927
1.04135
1.04332
1.04517
1.04688
1.04844
1.04982
1.05102
1.05201
1.05278
1.05334
1.05366
1.05375
1.0536
1.05322
1.05261
1.05176
1.05071
1.04944
1.04798
1.04633
1.0445
1.04253
1.04042
1.03819
1.03586
1.03347
1.03101
1.02854
1.02606
1.02361
1.02121
1.01889
1.01667
1.01459
1.01264
1.01084
1.00922
1.00777
1.00651
1.00543
1.00453
1.0038
1.00324
1.00283
1.00255
1.00241
1.00237
1.00243
1.00256
1.00277
1.00303
1.00333
1.00367
1.00403
1.00442
1.00483
1.00526
1.0057
1.00617
1.00667
1.0072
1.00777
1.00838
1.00904
1.00977
1.01056
1.01142
1.01236
1.01338
1.01449
1.0157
1.01699
1.01838
1.01987
1.02144
1.0231
1.02484
1.02667
1.02857
1.03054
1.03257
1.03466
1.03679
1.03895
1.04114
1.04332
1.04551
1.04766
1.04977
1.05182
1.05379
1.05566
1.05741
1.05902
1.06049
1.06179
1.06291
1.06385
1.06458
1.06512
1.06545
1.06558
1.0655
1.06521
1.06472
1.06404
1.06315
1.06208
1.06083
1.05941
1.05784
1.05611
1.05425
1.05226
1.05018
1.048
1.04574
1.04342
1.04105
1.03866
1.03624
1.03383
1.03143
1.02905
1.02672
1.02444
1.02223
1.02009
1.01805
1.0161
1.01425
1.01251
1.01088
1.00935
1.00792
1.00657
1.0053
1.00409
1.00292
1.00179
1.00069
0.9996
0.99853
0.997481
0.996455
0.995461
0.994517
0.993637
0.992841
0.99214
0.99154
0.991052
0.990682
0.990432
0.990296
0.99027
0.990337
0.99049
0.990715
0.990991
0.991313
0.991661
0.99202
0.992375
0.992715
0.993026
0.993303
0.993536
0.993715
0.993846
0.993914
0.993925
0.993875
0.993764
0.993598
0.993376
0.993105
0.992786
0.992426
0.992033
0.991614
0.991173
0.990717
0.990257
0.989797
0.989339
0.9889
0.98848
0.988087
0.987722
0.987399
0.987116
0.986881
0.986698
0.986566
0.986496
0.986479
0.986521
0.986619
0.98678
0.986997
0.98727
0.9876
0.987989
0.988434
0.98893
0.989477
0.990075
0.990719
0.991404
0.99213
0.992894
0.993685
0.994502
0.995341
0.996194
0.997055
0.997916
0.998774
0.999624
1.00046
1.00129
1.00209
1.00288
1.00365
1.0044
1.00514
1.00587
1.00659
1.0073
1.00801
1.00873
1.00945
1.01018
1.01093
1.01168
1.01245
1.01322
1.01401
1.01481
1.01562
1.01643
1.01725
1.01806
1.01886
1.01966
1.02044
1.0212
1.02194
1.02263
1.02329
1.0239
1.02445
1.02495
1.02538
1.02573
1.02601
1.0262
1.02631
1.02633
1.02625
1.02609
1.02584
1.02551
1.0251
1.02462
1.02407
1.02346
1.02281
1.02211
1.02138
1.02063
1.01986
1.01909
1.01832
1.01755
1.01681
1.0161
1.01541
1.01477
1.01417
1.01362
1.01313
1.01269
1.01232
1.01201
1.01176
1.01158
1.01147
1.01142
1.01143
1.0115
1.01163
1.01181
1.01202
1.01227
1.01254
1.01283
1.01313
1.01344
1.01374
1.01404
1.01434
1.01462
1.01489
1.01516
1.01543
1.0157
1.01596
1.01624
1.01652
1.01681
1.0171
1.0174
1.0177
1.01799
1.01826
1.01851
1.01871
1.01886
1.01894
1.01895
1.01886
1.01868
1.01837
1.01795
1.01739
1.0167
1.01588
1.01491
1.01381
1.01258
1.01124
1.00979
1.00825
1.00663
1.00496
1.00326
1.00155
0.999859
0.998204
0.996606
0.995089
0.993676
0.992384
0.991229
0.990227
0.989392
0.988728
0.988248
0.987956
0.987856
0.987945
0.988225
0.988691
0.989336
0.990152
0.991125
0.992239
0.993489
0.994852
0.996314
0.997858
0.999464
1.00112
1.00281
1.00451
1.00621
1.00791
1.00957
1.01121
1.01281
1.01438
1.01589
1.01736
1.01878
1.02015
1.02147
1.02275
1.02397
1.02513
1.02623
1.02727
1.02823
1.02911
1.02991
1.03062
1.03123
1.03175
1.03216
1.03248
1.03269
1.03281
1.03285
1.0328
1.03269
1.03251
1.03229
1.03202
1.03173
1.03141
1.03109
1.03078
1.03047
1.03018
1.02992
1.02971
1.02953
1.02941
1.02935
1.02936
1.02943
1.02958
1.02981
1.03012
1.03052
1.031
1.03157
1.03222
1.03295
1.03374
1.03461
1.03552
1.03648
1.03746
1.03846
1.03947
1.04047
1.04144
1.04237
1.04326
1.04408
1.04483
1.04549
1.04606
1.04653
1.0469
1.04715
1.04729
1.04731
1.04721
1.04697
1.04662
1.04613
1.04552
1.04476
1.04389
1.04288
1.04175
1.04051
1.03916
1.03771
1.03616
1.03455
1.03287
1.03115
1.0294
1.02764
1.02589
1.02415
1.02246
1.02081
1.01923
1.01772
1.01631
1.01498
1.01376
1.01264
1.01164
1.01075
1.00998
1.00934
1.00882
1.00843
1.00817
1.00804
1.00803
1.00815
1.0084
1.00878
1.00927
1.00987
1.01058
1.0114
1.01231
1.0133
1.01436
1.01549
1.01666
1.01787
1.01911
1.02034
1.02157
1.02277
1.02393
1.02503
1.02607
1.02703
1.02789
1.02865
1.02931
1.02984
1.03025
1.03053
1.03069
1.03072
1.03063
1.03041
1.03008
1.02963
1.02907
1.0284
1.02764
1.02678
1.02584
1.02482
1.02373
1.02257
1.02135
1.02008
1.01877
1.01741
1.01602
1.01461
1.01318
1.01175
1.01032
1.00889
1.00748
1.00609
1.00472
1.00339
1.00208
1.00081
0.999564
0.998352
0.997165
0.996008
0.994869
0.993753
0.992658
0.991581
0.990523
0.989489
0.98848
0.987493
0.986543
0.985633
0.98477
0.983962
0.983216
0.982542
0.981943
0.981427
0.981002
0.98067
0.980436
0.9803
0.980267
0.980333
0.980502
0.980768
0.98113
0.981584
0.982135
0.982777
0.983504
0.984313
0.985204
0.986169
0.987209
0.988319
0.989503
0.990753
0.992076
0.993464
0.994922
0.996442
0.998029
0.999675
1.00139
1.00317
1.005
1.00689
1.00884
1.01084
1.01288
1.01496
1.01707
1.01921
1.02136
1.02351
1.02566
1.0278
1.02991
1.032
1.03404
1.03605
1.038
1.03991
1.04177
1.04359
1.04538
1.04714
1.04889
1.05062
1.05235
1.05409
1.05584
1.05759
1.05936
1.06112
1.06288
1.06463
1.06636
1.06804
1.06968
1.07124
1.07272
1.07409
1.07536
1.07649
1.07749
1.07835
1.07906
1.0796
1.08
1.08023
1.08032
1.08025
1.08005
1.07971
1.07924
1.07867
1.07799
1.07722
1.07637
1.07545
1.07446
1.07343
1.07235
1.07124
1.07009
1.06893
1.06774
1.06653
1.0653
1.06405
1.0628
1.06152
1.06023
1.05893
1.0576
1.05625
1.05488
1.05348
1.05205
1.05059
1.0491
1.04758
1.04603
1.04445
1.04284
1.04121
1.03956
1.03789
1.03623
1.03456
1.03292
1.0313
1.02973
1.02821
1.02675
1.02538
1.02409
1.0229
1.02181
1.02082
1.01993
1.01914
1.01844
1.01783
1.01728
1.01678
1.01632
1.01588
1.01546
1.01501
1.01454
1.01402
1.01345
1.0128
1.01207
1.01126
1.01034
1.00933
1.00821
1.00701
1.00571
1.00432
1.00287
1.00137
0.999817
0.998237
0.996639
0.995042
0.993447
0.991868
0.990309
0.988774
0.987264
0.985783
0.984329
0.982909
0.981523
0.980171
0.978866
0.977611
0.976422
0.975312
0.974293
0.973382
0.972602
0.971968
0.971496
0.971203
0.971102
0.971205
0.971512
0.972026
0.972745
0.973659
0.974756
0.976029
0.977451
0.979005
0.980668
0.982415
0.984225
0.986068
0.987924
0.989765
0.991575
0.99333
0.995015
0.996608
0.998102
0.999486
1.00075
1.0019
1.00292
1.00382
1.0046
1.00527
1.00582
1.00628
1.00663
1.00691
1.00712
1.00726
1.00734
1.00738
1.00737
1.00732
1.00725
1.00715
1.00703
1.00688
1.00672
1.00655
1.00636
1.00616
1.00596
1.00575
1.00554
1.00534
1.00515
1.00498
1.00482
1.0047
1.00462
1.00456
1.00455
1.00458
1.00465
1.00476
1.00493
1.00513
1.00537
1.00566
1.006
1.00639
1.00682
1.0073
1.00783
1.00842
1.00906
1.00975
1.01049
1.01129
1.01213
1.01303
1.01397
1.01495
1.01597
1.01701
1.01809
1.01917
1.02028
1.02139
1.02251
1.02361
1.02471
1.0258
1.02688
1.02794
1.02898
1.02999
1.03098
1.03195
1.0329
1.0338
1.03468
1.03552
1.03632
1.03707
1.03776
1.03839
1.03895
1.03943
1.03982
1.04013
1.04032
1.04041
1.04039
1.04025
1.03999
1.03962
1.03914
1.03856
1.03788
1.03711
1.03626
1.03535
1.03439
1.03338
1.03235
1.03129
1.03023
1.02916
1.02811
1.02706
1.02602
1.02502
1.02403
1.02305
1.0221
1.02117
1.02026
1.01936
1.01847
1.01759
1.0167
1.01581
1.01491
1.01399
1.01305
1.01209
1.01108
1.01004
1.00896
1.00783
1.00666
1.00543
1.00416
1.00284
1.00149
1.0001
0.998673
0.997235
0.995788
0.994347
0.992917
0.991522
0.990178
0.988896
0.987687
0.986571
0.985561
0.984668
0.983906
0.983276
0.982791
0.982446
0.982245
0.982183
0.982255
0.982452
0.982761
0.983172
0.983673
0.984243
0.984869
0.985536
0.986227
0.986923
0.987612
0.98827
0.988883
0.989436
0.989905
0.990281
0.990548
0.990696
0.990712
0.990579
0.990295
0.989854
0.989251
0.988488
0.987566
0.986485
0.985254
0.983888
0.982393
0.980782
0.97907
0.977263
0.975387
0.973449
0.971466
0.96945
0.967408
0.965352
0.963296
0.961248
0.959222
0.957223
0.955266
0.953359
0.951519
0.949763
0.948096
0.94654
0.945115
0.943824
0.942686
0.941714
0.940919
0.940311
0.939896
0.939683
0.939671
0.939855
0.940239
0.940815
0.94157
0.942499
0.943591
0.944828
0.946199
0.947689
0.949281
0.950964
0.952722
0.954537
0.956399
0.958293
0.960207
0.962139
0.964079
0.966023
0.967971
0.969918
0.971864
0.973809
0.975761
0.977718
0.979679
0.981652
0.983634
0.985623
0.987612
0.989603
0.991589
0.993561
0.995512
0.997436
0.999317
1.00115
1.00292
1.00462
1.00625
1.00779
1.00925
1.01062
1.0119
1.01308
1.01418
1.01519
1.01611
1.01696
1.01772
1.01842
1.01906
1.01963
1.02014
1.02061
1.02103
1.02141
1.02175
1.02206
1.02233
1.02256
1.02278
1.02296
1.02313
1.02327
1.02338
1.02348
1.02355
1.02359
1.02363
1.02364
1.02362
1.02358
1.02353
1.02346
1.02337
1.02325
1.02312
1.02298
1.02282
1.02266
1.02248
1.02229
1.02211
1.02192
1.02174
1.02158
1.02143
1.0213
1.0212
1.02114
1.02112
1.02115
1.02124
1.02138
1.02159
1.02188
1.02222
1.02264
1.02312
1.02367
1.02428
1.02494
1.02566
1.02641
1.02719
1.02799
1.0288
1.02961
1.03042
1.03122
1.032
1.03274
1.03346
1.03413
1.03476
1.03534
1.03585
1.0363
1.03666
1.03694
1.03712
1.03718
1.03713
1.03694
1.03661
1.03614
1.0355
1.03472
1.03378
1.03269
1.03146
1.03011
1.02864
1.02708
1.02543
1.02374
1.022
1.02025
1.0185
1.01676
1.01505
1.01338
1.01176
1.0102
1.00869
1.00724
1.00585
1.00453
1.00327
1.00208
1.00096
0.999903
0.998926
0.998027
0.997211
0.996484
0.995846
0.995308
0.994876
0.994549
0.994324
0.994207
0.994197
0.994296
0.994496
0.994794
0.995182
0.995652
0.996207
0.996831
0.997522
0.998272
0.99907
0.999913
1.0008
1.00173
1.00269
1.00368
1.0047
1.00575
1.00683
1.00794
1.00907
1.01021
1.01138
1.01255
1.01374
1.01493
1.01612
1.0173
1.01846
1.0196
1.02071
1.02178
1.02281
1.02379
1.02472
1.0256
1.02642
1.02719
1.0279
1.02856
1.02918
1.02975
1.03028
1.03077
1.03124
1.03168
1.03211
1.03251
1.03291
1.03331
1.0337
1.03408
1.03448
1.03488
1.03528
1.03569
1.0361
1.03652
1.03695
1.03739
1.03784
1.03829
1.03874
1.0392
1.03966
1.04011
1.04057
1.04101
1.04145
1.04187
1.04227
1.04264
1.04299
1.04329
1.04355
1.04375
1.04389
1.04396
1.04396
1.04387
1.0437
1.04342
1.04304
1.04256
1.04198
1.04128
1.04049
1.03961
1.03863
1.03758
1.03645
1.03527
1.03404
1.03277
1.03147
1.03016
1.02884
1.02752
1.02621
1.02491
1.02364
1.02241
1.02122
1.02007
1.01897
1.01793
1.01695
1.01603
1.01516
1.01436
1.01361
1.01292
1.01228
1.0117
1.01115
1.01064
1.01016
1.00971
1.00927
1.00886
1.00844
1.00804
1.00763
1.00721
1.00677
1.00631
1.00581
1.00528
1.00472
1.00409
1.00342
1.0027
1.00192
1.00109
1.00019
0.999242
0.998243
0.997198
0.996117
0.995003
0.993863
0.992705
0.991536
0.990368
0.989205
0.988059
0.986944
0.985861
0.984822
0.983836
0.98291
0.982052
0.981276
0.980589
0.979997
0.97951
0.97914
0.978892
0.978777
0.978807
0.97899
0.979334
0.979849
0.980534
0.981397
0.982446
0.983672
0.985076
0.98665
0.988384
0.99027
0.992289
0.994422
0.996646
0.998936
1.00127
1.00361
1.00594
1.00823
1.01044
1.01255
1.01454
1.01638
1.01806
1.01956
1.02086
1.02197
1.02288
1.02359
1.02411
1.02445
1.0246
1.02461
1.02447
1.02422
1.02387
1.02345
1.02297
1.02245
1.02192
1.02139
1.02087
1.02036
1.01989
1.01945
1.01904
1.01867
1.01833
1.01801
1.01772
1.01745
1.0172
1.01697
1.01674
1.01652
1.01629
1.01606
1.01582
1.01558
1.01533
1.01507
1.01479
1.0145
1.01418
1.01385
1.01349
1.01311
1.0127
1.01227
1.01181
1.01133
1.01083
1.0103
1.00977
1.00923
1.0087
1.00818
1.00768
1.00722
1.0068
1.00643
1.00613
1.00591
1.00577
1.00572
1.00576
1.00591
1.00616
1.00651
1.00697
1.00753
1.00819
1.00895
1.0098
1.01073
1.01175
1.01284
1.01399
1.0152
1.01648
1.0178
1.01918
1.02061
1.02208
1.0236
1.02516
1.02678
1.02845
1.03017
1.03194
1.03377
1.03565
1.03757
1.03954
1.04154
1.04356
1.04558
1.0476
1.04959
1.05153
1.0534
1.05518
1.05683
1.05835
1.05971
1.06089
1.06187
1.06263
1.06317
1.06346
1.06351
1.06331
1.06285
1.06214
1.06117
1.05996
1.0585
1.05681
1.0549
1.05278
1.05045
1.04794
1.04525
1.0424
1.03941
1.03629
1.03305
1.02973
1.02632
1.02286
1.01935
1.01581
1.01227
1.00874
1.00524
1.00177
0.998373
0.995042
0.991798
0.988652
0.985615
0.982705
0.979922
0.97728
0.974776
0.972422
0.970216
0.968162
0.966258
0.964511
0.962917
0.961478
0.960188
0.959047
0.958052
0.957208
0.95651
0.955955
0.955543
0.95528
0.955163
0.955199
0.955393
0.955736
0.956243
0.956912
0.957749
0.958755
0.95993
0.961282
0.962803
0.964487
0.966333
0.968326
0.970463
0.972724
0.975105
0.977574
0.980119
0.982718
0.985346
0.987984
0.990608
0.993198
0.995736
0.998196
1.00056
1.00282
1.00496
1.00697
1.00883
1.01054
1.0121
1.01349
1.01473
1.01581
1.01674
1.01751
1.01814
1.01863
1.01901
1.01927
1.01943
1.0195
1.01949
1.01942
1.01928
1.01908
1.01884
1.01856
1.01823
1.01787
1.01746
1.01702
1.01653
1.016
1.01543
1.01482
1.01417
1.01347
1.01273
1.01194
1.01111
1.01023
1.0093
1.00831
1.00727
1.00617
1.00501
1.0038
1.00253
1.00121
0.999838
0.998435
0.997011
0.995571
0.994133
0.992716
0.991335
0.990011
0.988757
0.987601
0.986558
0.985636
0.984855
0.984219
0.983743
0.983418
0.983246
0.983222
0.983341
0.983596
0.983971
0.984457
0.985035
0.985697
0.986437
0.987237
0.988097
0.98901
0.989964
0.990963
0.991995
0.993065
0.994169
0.99531
0.996483
0.997684
0.998911
1.00016
1.00143
1.00271
1.004
1.00527
1.00655
1.0078
1.00903
1.01023
1.01138
1.01249
1.01353
1.01451
1.01541
1.01623
1.01696
1.0176
1.01814
1.01857
1.0189
1.01911
1.01922
1.01922
1.01911
1.01889
1.01857
1.01815
1.01765
1.01705
1.01637
1.01562
1.01482
1.01395
1.01304
1.01209
1.01111
1.01011
1.0091
1.00809
1.00707
1.00608
1.0051
1.00416
1.00325
1.00239
1.00158
1.00083
1.00015
0.999529
0.998987
0.998516
0.998121
0.997805
0.997558
0.997379
0.997269
0.997221
0.997232
0.997302
0.997421
0.997592
0.997807
0.998065
0.99836
0.998696
0.999073
0.999492
0.999956
1.00046
1.00102
1.00164
1.00231
1.00304
1.00385
1.00472
1.00567
1.00669
1.0078
1.00899
1.01027
1.01163
1.01307
1.01459
1.01618
1.01784
1.01956
1.02133
1.02315
1.025
1.02688
1.02877
1.03066
1.03254
1.03442
1.03627
1.03808
1.03986
1.04159
1.04326
1.04488
1.04644
1.04793
1.04937
1.05074
1.05206
1.05331
1.0545
1.05562
1.05667
1.05764
1.05853
1.05934
1.06005
1.06065
1.06113
1.06149
1.06172
1.06179
1.06172
1.06149
1.0611
1.06056
1.05987
1.05903
1.05808
1.05702
1.05588
1.05465
1.05339
1.0521
1.0508
1.04953
1.04829
1.04711
1.046
1.04497
1.04403
1.04319
1.04246
1.04182
1.0413
1.04088
1.04056
1.04035
1.04024
1.04023
1.04031
1.04049
1.04075
1.04109
1.04149
1.04195
1.04244
1.04296
1.04347
1.04395
1.04438
1.04472
1.04495
1.04505
1.04499
1.04476
1.04435
1.04376
1.043
1.04206
1.04099
1.03979
1.03849
1.03713
1.03572
1.03431
1.03291
1.03154
1.03023
1.02898
1.02783
1.02676
1.0258
1.02493
1.02417
1.02352
1.02297
1.02252
1.02218
1.02192
1.02175
1.02166
1.02165
1.0217
1.02182
1.02199
1.02222
1.02249
1.0228
1.02315
1.02353
1.02394
1.02439
1.02486
1.02534
1.02585
1.02636
1.02688
1.0274
1.02792
1.02843
1.02892
1.02941
1.02987
1.03031
1.03074
1.03116
1.03157
1.03198
1.03239
1.03282
1.03327
1.03375
1.03427
1.03483
1.03544
1.03611
1.03684
1.03762
1.03845
1.03933
1.04026
1.04123
1.04222
1.04323
1.04425
1.04527
1.04627
1.04724
1.04817
1.04905
1.04986
1.05059
1.05124
1.05178
1.05222
1.05255
1.05276
1.05285
1.05281
1.05265
1.05237
1.05197
1.05145
1.05082
1.05009
1.04926
1.04834
1.04736
1.04631
1.04521
1.0441
1.04297
1.04185
1.04078
1.03977
1.03884
1.03804
1.03737
1.03685
1.03652
1.03638
1.03644
1.03672
1.03721
1.03789
1.03877
1.03981
1.04099
1.04229
1.04368
1.04511
1.04655
1.04797
1.04932
1.05058
1.0517
1.05267
1.05345
1.05404
1.0544
1.05455
1.05446
1.05415
1.05362
1.05287
1.05192
1.05078
1.04947
1.048
1.04639
1.04466
1.04282
1.0409
1.0389
1.03686
1.03478
1.03269
1.03059
1.0285
1.02643
1.02439
1.02239
1.02044
1.01853
1.01669
1.0149
1.01318
1.01152
1.00994
1.00841
1.00697
1.0056
1.00431
1.00312
1.00202
1.00102
1.00013
0.999354
0.998705
0.998192
0.997819
0.997594
0.997525
0.99762
0.997871
0.998293
0.998888
0.999654
1.00058
1.00167
1.00292
1.0043
1.00583
1.00746
1.00918
1.01098
1.01282
1.0147
1.01658
1.01844
1.02025
1.022
1.02365
1.0252
1.02663
1.02792
1.02907
1.03005
1.03087
1.03153
1.03202
1.03236
1.03256
1.0326
1.03252
1.03233
1.03205
1.03169
1.03128
1.03083
1.03038
1.02993
1.02951
1.02913
1.02882
1.02859
1.02844
1.02839
1.02844
1.02858
1.02883
1.02917
1.02959
1.03008
1.03063
1.03123
1.03185
1.03249
1.03313
1.03375
1.03436
1.03493
1.03545
1.03594
1.03638
1.03677
1.03711
1.0374
1.03763
1.03783
1.03797
1.03806
1.0381
1.03808
1.038
1.03785
1.03764
1.03736
1.03701
1.03658
1.03608
1.03551
1.03487
1.03416
1.03339
1.03258
1.03172
1.03082
1.02991
1.02897
1.02804
1.02713
1.02623
1.02536
1.02453
1.02375
1.02302
1.02235
1.02174
1.0212
1.02071
1.0203
1.01994
1.01965
1.01941
1.01922
1.01908
1.01898
1.01891
1.01886
1.01882
1.0188
1.01876
1.01872
1.01865
1.01854
1.0184
1.01819
1.01793
1.01759
1.01719
1.01671
1.01615
1.01551
1.01479
1.01399
1.01313
1.0122
1.01122
1.0102
1.00914
1.00805
1.00695
1.00585
1.00475
1.00366
1.0026
1.00155
1.00054
0.999546
0.998586
0.997658
0.996755
0.995881
0.995034
0.994211
0.993412
0.992642
0.991896
0.991183
0.990504
0.989862
0.989273
0.988733
0.988254
0.987841
0.987503
0.987249
0.987086
0.987021
0.987053
0.987197
0.987449
0.987811
0.988283
0.98887
0.989565
0.990361
0.991255
0.992237
0.993292
0.994416
0.995589
0.996804
0.99804
0.999283
1.00052
1.00174
1.00292
1.00406
1.00514
1.00616
1.00712
1.00802
1.00885
1.00963
1.01035
1.01104
1.0117
1.01233
1.01297
1.0136
1.01426
1.01495
1.01567
1.01642
1.01723
1.01809
1.01901
1.01998
1.02102
1.02211
1.02326
1.02447
1.02574
1.02707
1.02844
1.02987
1.03133
1.03285
1.0344
1.03599
1.03761
1.03927
1.04096
1.04268
1.04443
1.04622
1.04802
1.04986
1.05171
1.05359
1.05549
1.05741
1.05934
1.06128
1.06324
1.06519
1.06716
1.06911
1.07107
1.07301
1.07493
1.07683
1.07869
1.08051
1.08228
1.08398
1.08561
1.08716
1.08861
1.08997
1.09122
1.09238
1.09342
1.09437
1.09522
1.09598
1.09665
1.09724
1.09777
1.09823
1.09864
1.09899
1.09929
1.09954
1.09974
1.09989
1.09999
1.10004
1.10003
1.09996
1.09983
1.09963
1.09936
1.09903
1.09861
1.09814
1.09759
1.09699
1.09635
1.09565
1.09493
1.09419
1.09344
1.0927
1.09199
1.09131
1.09069
1.09013
1.08965
1.08926
1.08896
1.08876
1.08866
1.08867
1.08878
1.08898
1.08928
1.08965
1.09008
1.09057
1.09109
1.09163
1.09216
1.09267
1.09312
1.09351
1.09381
1.09401
1.09407
1.09401
1.09379
1.09341
1.09285
1.09213
1.09122
1.09015
1.0889
1.08748
1.0859
1.08417
1.08229
1.08027
1.07812
1.07586
1.07349
1.07103
1.06847
1.06584
1.06314
1.06037
1.05754
1.05466
1.05174
1.04877
1.04577
1.04274
1.0397
1.03664
1.03358
1.03054
1.02751
1.02453
1.02159
1.01873
1.01595
1.01327
1.01071
1.0083
1.00604
1.00396
1.00207
1.00039
0.998917
0.997675
0.996666
0.99589
0.995356
0.995051
0.994972
0.995106
0.995447
0.995969
0.996663
0.997506
0.998487
0.999582
1.00077
1.00206
1.00341
1.00483
1.0063
1.00782
1.00938
1.01097
1.01259
1.01423
1.01589
1.01756
1.01923
1.02089
1.02254
1.02418
1.02578
1.02736
1.0289
1.0304
1.03185
1.03324
1.03457
1.03582
1.03699
1.03808
1.03908
1.03997
1.04075
1.04143
1.04201
1.04249
1.04287
1.04316
1.04336
1.04348
1.04354
1.04354
1.04348
1.04338
1.04323
1.04305
1.04282
1.04257
1.04229
1.04197
1.04163
1.04126
1.04086
1.04044
1.03999
1.03952
1.03903
1.03852
1.03799
1.03746
1.03692
1.03637
1.03582
1.03527
1.03474
1.03421
1.03369
1.03318
1.0327
1.03224
1.0318
1.03139
1.03102
1.03069
1.0304
1.03014
1.02994
1.02978
1.02967
1.02962
1.02961
1.02967
1.02978
1.02994
1.03017
1.03046
1.0308
1.03119
1.03163
1.03212
1.03264
1.03319
1.03374
1.03431
1.03486
1.0354
1.03589
1.03635
1.03675
1.03709
1.03736
1.03757
1.03771
1.0378
1.03783
1.03784
1.03781
1.03778
1.03777
1.03778
1.03785
1.03797
1.03818
1.03848
1.03888
1.03939
1.04002
1.04075
1.04159
1.04252
1.04354
1.04462
1.04575
1.0469
1.04806
1.04921
1.0503
1.05134
1.05229
1.05314
1.05387
1.05446
1.05491
1.0552
1.05533
1.0553
1.05512
1.05477
1.05429
1.05366
1.05292
1.05208
1.05114
1.05014
1.0491
1.04802
1.04694
1.04588
1.04484
1.04385
1.04291
1.04205
1.04127
1.04057
1.03997
1.03946
1.03905
1.03873
1.03851
1.03839
1.03836
1.03842
1.03855
1.03876
1.03903
1.03936
1.03973
1.04014
1.04058
1.04103
1.04148
1.04193
1.04237
1.04277
1.04314
1.04347
1.04374
1.04397
1.04412
1.0442
1.04422
1.04416
1.04402
1.04381
1.04352
1.04315
1.04272
1.04223
1.04167
1.04106
1.04041
1.03971
1.03898
1.03823
1.03747
1.03671
1.03596
1.03523
1.03453
1.03386
1.03323
1.03265
1.03213
1.03165
1.03122
1.03085
1.03051
1.03021
1.02993
1.02966
1.02939
1.0291
1.02877
1.02838
1.02792
1.02737
1.02672
1.02596
1.02507
1.02406
1.02293
1.02166
1.02026
1.01874
1.0171
1.01536
1.01352
1.0116
1.00959
1.00753
1.00541
1.00325
1.00106
0.998846
0.996629
0.994422
0.992233
0.990076
0.987966
0.985915
0.98394
0.982044
0.980245
0.978549
0.976968
0.975506
0.97417
0.972962
0.97189
0.970946
0.97013
0.969442
0.968874
0.968425
0.968093
0.967861
0.967734
0.967702
0.967764
0.967911
0.968141
0.96845
0.968834
0.969289
0.969817
0.97041
0.971067
0.971787
0.972562
0.973389
0.974264
0.975182
0.976135
0.977118
0.978128
0.979159
0.980208
0.981276
0.98236
0.98346
0.984577
0.985708
0.986859
0.988032
0.989232
0.990453
0.991693
0.992956
0.994239
0.995538
0.996846
0.998158
0.999468
1.00077
1.00205
1.00331
1.00454
1.00573
1.00688
1.00799
1.00905
1.01006
1.01103
1.01196
1.01287
1.01374
1.01461
1.01548
1.01636
1.01728
1.01823
1.01924
1.02033
1.0215
1.02277
1.02415
1.02565
1.02727
1.02901
1.03088
1.03288
1.03499
1.03722
1.03954
1.04196
1.04445
1.04699
1.04958
1.05218
1.05478
1.05737
1.0599
1.06238
1.06477
1.06705
1.0692
1.07121
1.07305
1.07473
1.07623
1.07753
1.07865
1.07957
1.0803
1.08085
1.08121
1.08141
1.08145
1.08133
1.08109
1.08071
1.08023
1.07965
1.07898
1.07825
1.07746
1.07662
1.07576
1.07488
1.07399
1.07312
1.07227
1.07144
1.07066
1.06993
1.06925
1.06864
1.0681
1.06762
1.06721
1.06686
1.06656
1.06632
1.0661
1.0659
1.0657
1.06548
1.06523
1.06491
1.06451
1.06401
1.0634
1.06264
1.06173
1.06067
1.05944
1.05805
1.0565
1.0548
1.05297
1.05101
1.04895
1.0468
1.04459
1.04234
1.04006
1.03778
1.03552
1.0333
1.03111
1.029
1.02695
1.02498
1.0231
1.02131
1.01962
1.01802
1.01652
1.01511
1.01379
1.01256
1.01141
1.01033
1.00933
1.00839
1.0075
1.00666
1.00587
1.00513
1.00442
1.00375
1.0031
1.00249
1.00192
1.00137
1.00086
1.0004
0.999979
0.999612
0.999305
0.999061
0.998891
0.998799
0.998794
0.998892
0.999091
0.999395
0.999813
1.00034
1.00099
1.00176
1.00266
1.00367
1.00479
1.00603
1.00736
1.0088
1.01034
1.01198
1.0137
1.0155
1.01738
1.01934
1.02135
1.02342
1.02554
1.02768
1.02983
1.03199
1.03412
1.0362
1.03822
1.04015
1.04196
1.04363
1.04514
1.04646
1.04758
1.04849
1.04915
1.04957
1.04974
1.04964
1.04927
1.04863
1.04773
1.04658
1.04518
1.04356
1.04172
1.0397
1.03751
1.03519
1.03277
1.03028
1.02775
1.02522
1.02272
1.02028
1.01793
1.0157
1.01359
1.01164
1.00985
1.00824
1.0068
1.00555
1.00448
1.00359
1.00288
1.00233
1.00193
1.00169
1.00158
1.00159
1.0017
1.00192
1.00223
1.0026
1.00303
1.00351
1.00402
1.00455
1.00509
1.00562
1.00614
1.00663
1.0071
1.00752
1.00791
1.00824
1.00854
1.00879
1.00899
1.00916
1.00928
1.00937
1.00945
1.0095
1.00954
1.00958
1.00962
1.00966
1.0097
1.00975
1.00979
1.00983
1.00986
1.00987
1.00985
1.0098
1.00971
1.00959
1.00943
1.00923
1.009
1.00874
1.00845
1.00815
1.00785
1.00755
1.00727
1.00702
1.00681
1.00665
1.00657
1.00656
1.00663
1.00681
1.00709
1.00748
1.00798
1.0086
1.00932
1.01014
1.01105
1.01205
