0.0142132
0.01423
0.0142391
0.0142501
0.014263
0.0142779
0.014295
0.0143141
0.014335
0.0143578
0.0143824
0.0144086
0.0144366
0.0144662
0.0144974
0.0145301
0.0145643
0.0146001
0.0146372
0.0146757
0.0147156
0.0147567
0.014799
0.0148425
0.0148872
0.0149331
0.0149799
0.0150277
0.0150765
0.0151261
0.0151766
0.0152278
0.0152799
0.0153324
0.0153857
0.0154396
0.015494
0.0155489
0.0156042
0.0156598
0.0157158
0.0157719
0.0158284
0.015885
0.0159417
0.0159984
0.0160551
0.016112
0.0161687
0.0162253
0.0162819
0.0163381
0.016394
0.0164497
0.0165049
0.0165598
0.0166143
0.0166683
0.0167218
0.0167747
0.0168271
0.0168788
0.0169298
0.0169801
0.0170297
0.0170785
0.0171266
0.0171738
0.0172203
0.0172657
0.0173104
0.017354
0.0173968
0.0174386
0.0174796
0.0175195
0.0175584
0.0175964
0.0176335
0.0176696
0.0177047
0.0177389
0.0177723
0.0178046
0.0178361
0.0178668
0.0178966
0.0179256
0.0179537
0.017981
0.0180077
0.0180336
0.0180588
0.0180835
0.0181075
0.0181308
0.0181537
0.0181761
0.0181979
0.0182193
0.0182403
0.0182609
0.0182812
0.0183011
0.0183208
0.0183401
0.0183593
0.0183782
0.0183968
0.0184152
0.0184336
0.0184516
0.0184695
0.0184873
0.0185049
0.0185225
0.01854
0.0185574
0.0185746
0.0185916
0.0186086
0.0186254
0.0186422
0.0186588
0.0186753
0.0186917
0.0187079
0.0187239
0.0187397
0.0187553
0.0187707
0.0187859
0.0188009
0.0188157
0.0188302
0.0188445
0.0188585
0.0188723
0.0188856
0.0188987
0.0189114
0.0189238
0.018936
0.0189477
0.0189591
0.0189702
0.0189811
0.0189915
0.0190014
0.0190111
0.0190205
0.0190295
0.0190381
0.0190465
0.0190545
0.0190621
0.0190695
0.0190764
0.0190831
0.0190895
0.0190956
0.0191014
0.0191069
0.0191122
0.0191172
0.0191219
0.0191265
0.0191308
0.0191348
0.0191386
0.0191423
0.0191457
0.0191489
0.0191519
0.0191548
0.0191575
0.01916
0.0191624
0.0191646
0.0191667
0.0191686
0.0191703
0.0191719
0.0191735
0.0191748
0.0191761
0.0191772
0.0191783
0.0191792
0.01918
0.0191806
0.0191812
0.0191817
0.019182
0.0191824
0.0191825
0.0191825
0.0191826
0.0191825
0.0191822
0.019182
0.0191817
0.0191812
0.0191808
0.0191803
0.0191798
0.0191794
0.0191788
0.0191783
0.0191777
0.0191771
0.0191766
0.0191761
0.0191756
0.0191752
0.0191749
0.0191747
0.0191745
0.0191745
0.0191745
0.0191748
0.019175
0.0191754
0.0191759
0.0191764
0.0191772
0.0191781
0.0191791
0.0191803
0.0191815
0.0191828
0.0191842
0.0191857
0.0191874
0.0191891
0.0191909
0.0191928
0.0191947
0.0191966
0.0191985
0.0192005
0.0192024
0.0192042
0.0192061
0.0192078
0.0192096
0.0192112
0.0192127
0.019214
0.0192151
0.0192161
0.0192169
0.0192175
0.0192179
0.0192181
0.0192181
0.0192178
0.0192173
0.0192165
0.0192154
0.0192141
0.0192125
0.0192106
0.0192085
0.0192061
0.0192034
0.0192004
0.0191971
0.0191935
0.0191897
0.0191856
0.0191812
0.0191766
0.0191718
0.0191668
0.0191614
0.019156
0.0191503
0.0191443
0.0191384
0.0191322
0.0191258
0.0191192
0.0191126
0.0191059
0.019099
0.0190921
0.019085
0.0190779
0.0190708
0.0190638
0.0190567
0.0190495
0.0190423
0.0190353
0.0190282
0.0190213
0.0190144
0.0190076
0.0190009
0.0189944
0.0189878
0.0189813
0.0189752
0.0189691
0.0189633
0.0189576
0.0189522
0.0189467
0.0189415
0.0189365
0.0189317
0.0189271
0.0189227
0.0189184
0.0189143
0.0189105
0.0189069
0.0189035
0.0189004
0.0188974
0.0188946
0.018892
0.0188897
0.0188876
0.0188857
0.0188838
0.0188823
0.0188809
0.0188797
0.0188787
0.018878
0.0188774
0.018877
0.0188767
0.0188767
0.0188769
0.0188773
0.0188778
0.0188785
0.0188793
0.0188804
0.0188817
0.0188831
0.0188847
0.0188864
0.0188883
0.0188906
0.0188929
0.0188953
0.0188979
0.0189007
0.0189036
0.0189068
0.0189101
0.0189136
0.0189172
0.018921
0.018925
0.0189291
0.0189335
0.0189381
0.0189428
0.0189478
0.0189528
0.0189581
0.0189635
0.0189692
0.0189751
0.018981
0.0189872
0.0189936
0.0190001
0.0190069
0.0190138
0.0190209
0.0190281
0.0190356
0.019043
0.0190506
0.0190584
0.0190663
0.0190742
0.0190823
0.0190904
0.0190986
0.0191068
0.0191152
0.0191235
0.0191319
0.0191404
0.0191488
0.0191572
0.0191655
0.0191739
0.0191821
0.0191903
0.0191984
0.0192064
0.0192144
0.0192223
0.0192302
0.0192379
0.0192454
0.0192529
0.0192603
0.0192677
0.0192748
0.0192818
0.0192887
0.0192955
0.0193021
0.0193086
0.019315
0.0193212
0.0193274
0.0193335
0.0193395
0.0193454
0.0193513
0.019357
0.0193627
0.0193683
0.0193739
0.0193793
0.0193847
0.0193902
0.0193956
0.0194008
0.0194061
0.0194114
0.0194167
0.0194219
0.0194272
0.0194323
0.0194374
0.0194425
0.0194476
0.0194527
0.0194578
0.0194627
0.0194676
0.0194725
0.0194774
0.0194822
0.0194869
0.0194915
0.019496
0.0195004
0.0195047
0.0195089
0.0195131
0.0195172
0.019521
0.0195248
0.0195284
0.0195318
0.0195349
0.0195381
0.019541
0.0195437
0.0195462
0.0195485
0.0195506
0.0195525
0.0195543
0.0195558
0.0195571
0.0195582
0.019559
0.0195597
0.0195602
0.0195603
0.0195603
0.01956
0.0195595
0.0195588
0.019558
0.0195569
0.0195556
0.0195541
0.0195524
0.0195506
0.0195484
0.0195461
0.0195436
0.0195409
0.0195381
0.0195351
0.0195319
0.0195285
0.0195251
0.0195214
0.0195177
0.0195136
0.0195095
0.0195053
0.0195009
0.0194964
0.0194918
0.019487
0.0194822
0.0194772
0.0194723
0.0194672
0.019462
0.0194567
0.0194514
0.019446
0.0194407
0.0194353
0.0194299
0.0194245
0.0194191
0.0194137
0.0194084
0.0194031
0.0193979
0.0193927
0.0193877
0.0193826
0.0193777
0.0193729
0.0193682
0.0193636
0.019359
0.0193546
0.0193503
0.0193462
0.0193421
0.0193383
0.0193346
0.019331
0.0193276
0.0193243
0.0193213
0.0193184
0.0193157
0.0193132
0.0193107
0.0193086
0.0193066
0.0193048
0.0193032
0.0193016
0.0193003
0.0192991
0.019298
0.0192972
0.0192965
0.019296
0.0192955
0.0192952
0.0192951
0.0192951
0.0192954
0.0192957
0.019296
0.0192965
0.0192971
0.0192979
0.0192988
0.0192998
0.0193008
0.0193019
0.0193032
0.0193045
0.0193059
0.0193073
0.0193088
0.0193102
0.0193118
0.0193134
0.0193151
0.0193167
0.0193185
0.0193202
0.019322
0.0193238
0.0193256
0.0193273
0.0193291
0.0193309
0.0193327
0.0193345
0.0193363
0.019338
0.0193398
0.0193415
0.0193432
0.0193451
0.019347
0.0193487
0.0193505
0.0193523
0.0193542
0.019356
0.019358
0.01936
0.0193621
0.0193641
0.0193663
0.0193685
0.0193708
0.0193732
0.0193756
0.0193782
0.0193809
0.0193837
0.0193867
0.0193898
0.0193929
0.0193964
0.0193998
0.0194034
0.0194072
0.0194112
0.0194152
0.0194195
0.019424
0.0194284
0.019433
0.0194377
0.0194425
0.0194474
0.0194525
0.0194576
0.0194628
0.019468
0.0194733
0.0194787
0.0194841
0.0194895
0.0194949
0.0195004
0.0195058
0.0195112
0.0195166
0.019522
0.0195274
0.0195326
0.0195378
0.0195429
0.0195479
0.0195528
0.0195576
0.0195623
0.019567
0.0195715
0.0195758
0.0195799
0.0195841
0.0195881
0.0195918
0.0195956
0.0195992
0.0196027
0.0196061
0.0196096
0.0196128
0.019616
0.0196191
0.0196222
0.0196253
0.0196283
0.0196314
0.0196343
0.0196374
0.0196405
0.0196436
0.0196467
0.0196499
0.0196533
0.0196568
0.0196603
0.0196639
0.0196678
0.0196717
0.0196759
0.0196803
0.0196849
0.0196897
0.0196947
0.0196998
0.0197053
0.019711
0.0197169
0.0197232
0.0197297
0.0197363
0.0197433
0.0197504
0.0197579
0.0197655
0.0197733
0.0197814
0.0197899
0.0197985
0.0198073
0.0198163
0.0198254
0.0198347
0.0198442
0.0198538
0.0198635
0.0198734
0.0198834
0.0198935
0.0199035
0.0199136
0.0199237
0.0199339
0.0199441
0.0199542
0.0199644
0.0199744
0.0199844
0.0199942
0.020004
0.0200138
0.0200232
0.0200326
0.0200419
0.0200512
0.0200601
0.020069
0.0200775
0.0200859
0.0200942
0.0201023
0.0201102
0.0201178
0.020125
0.020132
0.0201388
0.0201455
0.0201518
0.0201579
0.0201637
0.0201693
0.0201745
0.0201796
0.0201842
0.0201886
0.0201926
0.0201963
0.0201998
0.0202029
0.0202058
0.0202084
0.0202107
0.0202127
0.0202144
0.0202158
0.0202169
0.0202177
0.0202181
0.0202183
0.0202183
0.0202179
0.0202173
0.0202163
0.0202152
0.0202138
0.0202122
0.0202103
0.0202083
0.020206
0.0202035
0.0202009
0.0201981
0.0201951
0.0201919
0.0201886
0.0201851
0.0201816
0.020178
0.0201743
0.0201706
0.0201667
0.0201627
0.0201588
0.0201548
0.0201507
0.0201466
0.0201426
0.0201385
0.0201345
0.0201305
0.0201265
0.0201227
0.0201187
0.0201149
0.020111
0.0201074
0.0201037
0.0201002
0.0200967
0.0200932
0.0200898
0.0200865
0.0200833
0.0200802
0.0200772
0.0200743
0.0200714
0.0200687
0.0200661
0.0200635
0.0200611
0.0200587
0.0200563
0.0200541
0.0200519
0.0200499
0.0200479
0.0200459
0.0200441
0.0200424
0.0200407
0.0200391
0.0200377
0.0200362
0.0200349
0.0200336
0.0200325
0.0200315
0.0200305
0.0200296
0.0200288
0.0200281
0.0200274
0.0200268
0.0200263
0.0200259
0.0200257
0.0200256
0.0200256
0.0200256
0.0200257
0.020026
0.0200264
0.020027
0.0200276
0.0200284
0.0200293
0.0200302
0.0200313
0.0200325
0.0200337
0.0200349
0.0200364
0.020038
0.0200397
0.0200413
0.0200431
0.020045
0.020047
0.020049
0.0200511
0.0200533
0.0200554
0.0200577
0.0200601
0.0200625
0.020065
0.0200675
0.0200701
0.0200727
0.0200754
0.0200781
0.0200809
0.0200836
0.0200865
0.0200894
0.0200922
0.020095
0.0200979
0.0201007
0.0201036
0.0201065
0.0201094
0.0201122
0.0201151
0.0201178
0.0201206
0.0201232
0.0201259
0.0201284
0.0201309
0.0201333
0.0201356
0.0201378
0.0201399
0.0201418
0.0201434
0.0201449
0.0201462
0.0201473
0.0201483
0.0201489
0.0201494
0.0201496
0.0201495
0.0201492
0.0201486
0.0201477
0.0201466
0.0201452
0.0201436
0.0201416
0.0201393
0.0201367
0.0201339
0.0201308
0.0201273
0.0201236
0.0201197
0.0201155
0.0201109
0.0201062
0.0201014
0.0200963
0.0200911
0.0200857
0.0200801
0.0200744
0.0200686
0.0200626
0.0200566
0.0200506
0.0200444
0.0200382
0.0200321
0.0200261
0.02002
0.0200141
0.0200081
0.0200023
0.0199966
0.019991
0.0199855
0.0199802
0.0199752
0.0199703
0.0199655
0.0199611
0.0199568
0.0199527
0.019949
0.0199454
0.0199421
0.0199391
0.0199363
0.0199336
0.0199314
0.0199293
0.0199276
0.019926
0.0199248
0.0199238
0.019923
0.0199225
0.0199221
0.019922
0.0199222
0.0199225
0.019923
0.0199237
0.0199247
0.0199258
0.019927
0.0199284
0.01993
0.0199317
0.0199335
0.0199354
0.0199375
0.0199397
0.0199421
0.0199446
0.0199471
0.0199498
0.0199526
0.0199554
0.0199584
0.0199615
0.0199647
0.0199681
0.0199716
0.0199751
0.0199788
0.0199826
0.0199866
0.0199907
0.0199949
0.0199992
0.0200036
0.0200081
0.020013
0.0200178
0.0200228
0.0200279
0.020033
0.0200384
0.0200438
0.0200495
0.0200551
0.0200609
0.0200667
0.0200726
0.0200784
0.0200844
0.0200904
0.0200966
0.0201026
0.0201087
0.0201148
0.020121
0.0201271
0.020133
0.020139
0.0201449
0.0201508
0.0201568
0.0201624
0.020168
0.0201736
0.0201791
0.0201845
0.0201898
0.0201949
0.0202
0.0202049
0.0202097
0.0202143
0.0202189
0.0202233
0.0202277
0.020232
0.0202362
0.0202402
0.0202441
0.020248
0.0202518
0.0202556
0.0202592
0.0202628
0.0202664
0.0202698
0.0202732
0.0202766
0.0202799
0.0202832
0.0202865
0.0202898
0.0202931
0.0202963
0.0202995
0.0203027
0.0203058
0.020309
0.0203122
0.0203153
0.0203183
0.0203215
0.0203247
0.0203278
0.0203309
0.020334
0.020337
0.02034
0.020343
0.0203459
0.0203487
0.0203515
0.0203543
0.0203569
0.0203596
0.0203622
0.0203647
0.0203672
0.0203695
0.0203717
0.0203738
0.0203757
0.0203777
0.0203795
0.0203812
0.0203827
0.0203841
0.0203853
0.0203864
0.0203873
0.0203881
0.0203888
0.0203894
0.0203897
0.0203899
0.0203898
0.0203896
0.0203891
0.0203885
0.0203876
0.0203865
0.0203852
0.0203837
0.0203821
0.0203801
0.020378
0.0203756
0.020373
0.0203701
0.0203671
0.0203638
0.0203603
0.0203566
0.0203526
0.0203485
0.0203442
0.0203396
0.0203349
0.0203299
0.0203248
0.0203195
0.020314
0.0203083
0.0203025
0.0202966
0.0202904
0.0202841
0.0202778
0.0202714
0.0202649
0.0202584
0.0202517
0.020245
0.0202383
0.0202316
0.0202248
0.020218
0.0202112
0.0202043
0.0201976
0.0201909
0.0201843
0.0201777
0.0201712
0.0201648
0.0201584
0.0201521
0.0201458
0.0201396
0.0201335
0.0201275
0.0201217
0.020116
0.0201104
0.0201049
0.0200994
0.020094
0.0200887
0.0200835
0.0200785
0.0200734
0.0200686
0.0200638
0.020059
0.0200544
0.0200498
0.0200454
0.0200411
0.0200369
0.0200327
0.0200287
0.0200247
0.0200207
0.0200169
0.020013
0.0200094
0.0200058
0.0200023
0.0199988
0.0199953
0.019992
0.0199886
0.0199853
0.0199823
0.0199793
0.0199764
0.0199734
0.0199707
0.0199681
0.0199654
0.0199629
0.0199605
0.0199581
0.0199558
0.0199535
0.0199515
0.0199494
0.0199474
0.0199455
0.0199437
0.0199419
0.0199403
0.0199386
0.0199371
0.0199356
0.0199342
0.0199329
0.0199316
0.0199304
0.0199292
0.0199281
0.019927
0.0199261
0.0199252
0.0199242
0.0199234
0.0199225
0.0199215
0.0199208
0.01992
0.0199192
0.0199184
0.0199176
0.0199167
0.0199158
0.019915
0.019914
0.0199131
0.0199119
0.0199108
0.0199095
0.0199082
0.0199068
0.0199053
0.0199037
0.0199018
0.0198998
0.0198977
0.0198953
0.0198929
0.0198903
0.0198875
0.0198845
0.0198814
0.0198781
0.0198746
0.0198709
0.019867
0.0198629
0.0198587
0.0198543
0.0198498
0.0198451
0.0198401
0.0198351
0.0198298
0.0198243
0.0198187
0.0198131
0.0198073
0.0198013
0.0197952
0.019789
0.0197828
0.0197765
0.0197701
0.0197636
0.0197569
0.0197502
0.0197435
0.0197367
0.0197298
0.0197228
0.0197159
0.0197089
0.0197019
0.0196948
0.0196876
0.0196806
0.0196736
0.0196665
0.0196595
0.0196525
0.0196454
0.0196385
0.0196315
0.0196247
0.0196178
0.0196109
0.0196041
0.0195974
0.0195906
0.0195839
0.0195774
0.0195708
0.0195642
0.0195578
0.0195514
0.019545
0.0195388
0.0195326
0.0195263
0.0195201
0.019514
0.0195078
0.0195017
0.0194957
0.0194896
0.0194835
0.0194775
0.0194716
0.0194656
0.0194596
0.0194536
0.0194475
0.0194414
0.0194353
0.0194291
0.0194228
0.0194165
0.01941
0.0194035
0.0193969
0.0193903
0.0193836
0.0193767
0.0193698
0.0193628
0.0193557
0.0193484
0.019341
0.0193335
0.0193258
0.019318
0.0193101
0.0193021
0.019294
0.0192858
0.0192775
0.019269
0.0192604
0.0192518
0.0192429
0.0192341
0.0192253
0.0192163
0.0192073
0.0191982
0.0191891
0.0191801
0.0191711
0.0191621
0.0191531
0.0191444
0.0191355
0.0191268
0.0191183
0.0191099
0.0191017
0.0190936
0.0190857
0.019078
0.0190706
0.0190635
0.0190565
0.0190499
0.0190437
0.0190377
0.0190322
0.0190269
0.019022
0.0190176
0.0190135
0.0190098
0.0190066
0.0190037
0.0190012
0.0189992
0.0189976
0.0189965
0.0189957
0.0189954
0.0189955
0.018996
0.0189969
0.0189984
0.0190001
0.0190023
0.0190047
0.0190076
0.0190109
0.0190145
0.0190185
0.0190228
0.0190273
0.0190322
0.0190374
0.0190429
0.0190486
0.0190545
0.0190607
0.019067
0.0190738
0.0190807
0.0190877
0.0190948
0.0191023
0.0191097
0.0191174
0.0191252
0.0191332
0.0191411
0.0191492
0.0191575
0.0191658
0.0191741
0.0191825
0.0191908
0.0191993
0.0192078
0.0192162
0.0192246
0.019233
0.0192414
0.0192498
0.0192581
0.0192664
0.0192746
0.0192827
0.0192906
0.0192984
0.0193062
0.0193138
0.0193214
0.0193286
0.0193358
0.0193428
0.0193496
0.0193562
0.0193626
0.0193687
0.0193746
0.0193803
0.0193857
0.0193909
0.0193959
0.0194006
0.0194051
0.0194094
0.0194134
0.0194171
0.0194205
0.0194236
0.0194265
0.0194291
0.0194315
0.0194336
0.0194353
0.0194369
0.0194382
0.0194392
0.0194399
0.0194405
0.0194408
0.0194408
0.0194405
0.0194399
0.0194391
0.0194381
0.019437
0.0194356
0.019434
0.0194321
0.01943
0.0194277
0.0194252
0.0194224
0.0194194
0.0194164
0.019413
0.0194094
0.0194055
0.0194016
0.0193974
0.0193931
0.0193886
0.0193838
0.0193789
0.0193739
0.0193688
0.0193635
0.019358
0.0193524
0.0193466
0.0193408
0.0193349
0.0193289
0.0193228
0.0193166
0.0193103
0.019304
0.0192977
0.0192913
0.0192849
0.0192785
0.0192721
0.0192657
0.0192592
0.0192528
0.0192465
0.0192401
0.0192339
0.0192276
0.0192214
0.0192152
0.019209
0.019203
0.0191971
0.0191913
0.0191855
0.0191799
0.0191743
0.0191687
0.0191632
0.0191579
0.0191525
0.0191472
0.0191422
0.0191372
0.0191322
0.0191273
0.0191224
0.0191175
0.0191127
0.0191079
0.0191033
0.0190986
0.019094
0.0190894
0.0190849
0.0190804
0.019076
0.0190715
0.0190671
0.0190628
0.0190584
0.0190541
0.0190497
0.0190454
0.0190412
0.019037
0.0190327
0.0190285
0.0190245
0.0190203
0.0190162
0.0190122
0.0190084
0.0190046
0.0190008
0.018997
0.0189933
0.0189897
0.0189862
0.0189828
0.0189794
0.0189761
0.018973
0.0189699
0.0189669
0.0189639
0.0189611
0.0189583
0.0189556
0.0189531
0.0189506
0.0189483
0.0189461
0.0189439
0.0189418
0.0189398
0.0189378
0.018936
0.0189342
0.0189325
0.0189308
0.0189293
0.0189278
0.0189263
0.0189249
0.0189234
0.018922
0.0189207
0.0189194
0.0189181
0.0189169
0.0189156
0.0189145
0.0189133
0.0189122
0.0189111
0.01891
0.018909
0.0189079
0.0189068
0.0189058
0.0189048
0.0189039
0.018903
0.0189021
0.0189013
0.0189004
0.0188996
0.0188989
0.0188982
0.0188975
0.0188969
0.0188963
0.0188958
0.0188953
0.0188947
0.0188943
0.0188938
0.0188934
0.0188929
0.0188925
0.018892
0.0188914
0.0188908
0.0188901
0.0188895
0.0188887
0.0188879
0.0188871
0.0188861
0.0188851
0.018884
0.0188828
0.0188814
0.01888
0.0188785
0.0188768
0.018875
0.018873
0.018871
0.0188688
0.0188665
0.018864
0.0188613
0.0188586
0.0188558
0.0188528
0.0188496
0.0188464
0.0188431
0.0188396
0.0188359
0.0188322
0.0188284
0.0188245
0.0188205
0.0188164
0.0188122
0.018808
0.0188037
0.0187993
0.0187949
0.0187905
0.018786
0.0187815
0.0187771
0.0187727
0.0187683
0.0187638
0.0187594
0.0187551
0.0187509
0.0187467
0.0187425
0.0187385
0.0187345
0.0187307
0.0187269
0.0187233
0.0187197
0.0187164
0.0187132
0.0187102
0.0187073
0.0187047
0.0187022
0.0186999
0.0186978
0.0186959
0.0186943
0.0186928
0.0186915
0.0186904
0.0186895
0.0186889
0.0186884
0.0186881
0.018688
0.0186881
0.0186885
0.0186891
0.0186898
0.0186907
0.0186918
0.0186931
0.0186946
0.0186962
0.018698
0.0187
0.0187021
0.0187045
0.018707
0.0187097
0.0187127
0.0187158
0.0187189
0.0187223
0.0187257
0.0187293
0.0187331
0.018737
0.018741
0.0187452
0.0187494
0.0187537
0.0187582
0.0187628
0.0187674
0.018772
0.0187768
0.0187816
0.0187865
0.0187913
0.0187962
0.0188011
0.0188058
0.0188106
0.0188154
0.0188201
0.0188247
0.0188292
0.0188337
0.0188381
0.0188423
0.0188464
0.0188504
0.0188542
0.0188577
0.0188612
0.0188644
0.0188675
0.0188705
0.0188732
0.0188758
0.0188782
0.0188804
0.0188824
0.0188842
0.0188859
0.0188873
0.0188886
0.0188899
0.0188908
0.0188916
0.0188924
0.0188931
0.0188936
0.0188941
0.0188944
0.0188947
0.018895
0.0188952
0.0188953
0.0188955
0.0188957
0.0188959
0.0188961
0.0188963
0.0188965
0.0188968
0.0188972
0.0188976
0.0188981
0.0188988
0.0188995
0.0189001
0.0189008
0.0189018
0.0189028
0.0189039
0.0189051
0.0189064
0.0189077
0.0189091
0.0189106
0.0189123
0.018914
0.0189156
0.0189172
0.018919
0.0189208
0.0189226
0.0189244
0.0189263
0.018928
0.0189297
0.0189315
0.0189332
0.0189349
0.0189365
0.0189379
0.0189393
0.0189406
0.0189417
0.0189427
0.0189436
0.0189443
0.0189448
0.0189452
0.0189454
0.0189454
0.0189452
0.0189449
0.0189443
0.0189436
0.0189426
0.0189413
0.0189399
0.0189383
0.0189363
0.0189342
0.0189318
0.0189293
0.0189265
0.0189236
0.0189203
0.0189168
0.0189131
0.0189093
0.0189051
0.0189009
0.0188964
0.0188917
0.0188869
0.0188818
0.0188765
0.0188711
0.0188656
0.0188599
0.0188541
0.0188481
0.0188419
0.0188357
0.0188293
0.0188228
0.0188162
0.0188095
0.0188027
0.0187958
0.0187889
0.0187818
0.0187746
0.0187676
0.0187604
0.0187532
0.018746
0.0187388
0.0187317
0.0187245
0.0187174
0.0187102
0.0187032
0.0186961
0.0186893
0.0186824
0.0186756
0.0186689
0.0186624
0.0186561
0.01865
0.0186441
0.0186384
0.018633
0.0186277
0.0186227
0.0186181
0.0186137
0.0186097
0.0186059
0.0186025
0.0185994
0.0185968
0.0185945
0.0185927
0.0185913
0.0185902
0.0185896
0.0185896
0.0185899
0.0185908
0.0185921
0.0185938
0.018596
0.0185988
0.0186019
0.0186055
0.0186097
0.0186144
0.0186194
0.0186249
0.0186308
0.0186374
0.0186443
0.0186517
0.0186593
0.0186675
0.0186759
0.0186849
0.0186941
0.0187037
0.0187137
0.0187238
0.0187343
0.0187451
0.0187561
0.0187675
0.018779
0.0187907
0.0188026
0.0188148
0.0188271
0.0188394
0.0188518
0.0188643
0.018877
0.0188896
0.0189023
0.0189149
0.0189277
0.0189403
0.0189528
0.0189653
0.0189776
0.0189899
0.0190021
0.0190142
0.0190261
0.0190379
0.0190493
0.0190606
0.0190716
0.0190825
0.0190933
0.0191037
0.0191138
0.0191237
0.0191332
0.0191425
0.0191515
0.0191602
0.0191687
0.0191769
0.0191848
0.0191924
0.0191997
0.0192068
0.0192136
0.01922
0.0192263
0.0192322
0.019238
0.0192435
0.0192488
0.0192539
0.0192587
0.0192635
0.0192681
0.0192725
0.0192766
0.0192807
0.0192846
0.0192883
0.0192921
0.0192957
0.0192992
0.0193027
0.0193061
0.0193094
0.0193127
0.0193159
0.019319
0.019322
0.0193251
0.0193282
0.0193313
0.0193345
0.0193375
0.0193405
0.0193435
0.0193466
0.0193496
0.0193526
0.0193555
0.0193585
0.0193615
0.0193644
0.0193672
0.0193701
0.019373
0.0193757
0.0193784
0.019381
0.0193837
0.0193863
0.0193888
0.0193912
0.0193936
0.019396
0.0193982
0.0194003
0.0194023
0.0194042
0.019406
0.0194076
0.0194091
0.0194104
0.0194117
0.0194128
0.0194137
0.0194145
0.019415
0.0194155
0.0194158
0.0194159
0.0194159
0.0194157
0.0194154
0.0194148
0.019414
0.0194132
0.0194121
0.0194109
0.0194096
0.019408
0.0194063
0.0194046
0.0194026
0.0194006
0.0193984
0.0193961
0.0193936
0.019391
0.0193883
0.0193855
0.0193826
0.0193796
0.0193766
0.0193734
0.0193703
0.019367
0.0193636
0.0193602
0.0193566
0.019353
0.0193494
0.0193458
0.019342
0.0193382
0.0193346
0.0193307
0.0193268
0.0193229
0.0193189
0.0193147
0.0193106
0.0193063
0.019302
0.0192977
0.0192933
0.0192888
0.0192843
0.0192797
0.019275
0.0192703
0.0192654
0.0192604
0.0192553
0.0192501
0.0192447
0.0192392
0.0192336
0.0192278
0.019222
0.0192159
0.0192098
0.0192035
0.019197
0.0191904
0.0191837
0.0191769
0.0191698
0.0191626
0.0191552
0.0191478
0.0191402
0.0191324
0.0191245
0.0191165
0.0191084
0.0191002
0.0190919
0.0190834
0.0190749
0.0190663
0.0190577
0.019049
0.0190402
0.0190314
0.0190226
0.0190136
0.0190048
0.018996
0.0189872
0.0189783
0.0189695
0.0189608
0.0189521
0.0189435
0.0189351
0.0189268
0.0189186
0.0189106
0.0189025
0.0188949
0.0188872
0.0188798
0.0188727
0.0188658
0.0188591
0.0188526
0.0188465
0.0188406
0.018835
0.0188297
0.0188246
0.0188199
0.0188153
0.0188111
0.0188072
0.0188036
0.0188003
0.0187973
0.0187947
0.0187923
0.0187902
0.0187884
0.0187869
0.0187858
0.0187848
0.018784
0.0187835
0.0187831
0.0187831
0.0187832
0.0187834
0.0187838
0.0187846
0.0187853
0.0187862
0.0187871
0.0187882
0.0187893
0.0187906
0.0187918
0.018793
0.0187943
0.0187957
0.0187969
0.0187984
0.0187997
0.0188011
0.0188025
0.0188038
0.018805
0.0188064
0.0188075
0.0188087
0.0188099
0.0188111
0.0188121
0.0188132
0.0188143
0.0188154
0.0188163
0.0188174
0.0188183
0.0188193
0.0188204
0.0188213
0.0188224
0.0188234
0.0188245
0.0188256
0.0188268
0.0188281
0.0188296
0.0188309
0.0188324
0.0188339
0.0188356
0.0188374
0.0188391
0.018841
0.0188431
0.0188452
0.0188473
0.0188497
0.0188522
0.0188547
0.0188573
0.01886
0.0188629
0.018866
0.018869
0.0188721
0.0188754
0.0188786
0.0188819
0.0188855
0.0188891
0.0188927
0.0188964
0.0189002
0.0189041
0.018908
0.018912
0.018916
0.01892
0.018924
0.018928
0.0189322
0.0189364
0.0189407
0.018945
0.0189493
0.0189538
0.0189583
0.0189627
0.0189673
0.0189719
0.0189765
0.0189813
0.0189861
0.0189911
0.0189961
0.0190015
0.0190068
0.0190122
0.0190177
0.0190234
0.0190293
0.0190353
0.0190413
0.0190477
0.0190543
0.0190609
0.0190677
0.0190748
0.0190821
0.0190896
0.0190974
0.0191053
0.0191134
0.0191219
0.0191306
0.0191396
0.0191488
0.0191582
0.0191678
0.0191778
0.0191878
0.0191981
0.0192087
0.0192195
0.0192305
0.0192419
0.0192535
0.0192652
0.0192772
0.0192893
0.0193016
0.0193141
0.0193267
0.0193395
0.0193524
0.0193655
0.0193787
0.0193919
0.0194052
0.0194187
0.0194322
0.0194457
0.0194593
0.0194729
0.0194866
0.0195003
0.0195139
0.0195275
0.019541
0.0195546
0.019568
0.0195814
0.0195946
0.0196078
0.0196209
0.0196339
0.0196468
0.0196594
0.019672
0.0196844
0.0196967
0.0197089
0.019721
0.0197329
0.0197446
0.0197561
0.0197676
0.0197788
0.01979
0.0198009
0.0198116
0.0198221
0.0198326
0.0198428
0.0198529
0.0198628
0.0198725
0.0198821
0.0198915
0.0199008
0.0199099
0.0199188
0.0199276
0.0199362
0.0199446
0.0199527
0.0199607
0.0199684
0.019976
0.0199833
0.0199904
0.0199971
0.0200037
0.02001
0.020016
0.0200218
0.0200272
0.0200324
0.0200371
0.0200416
0.0200458
0.0200496
0.020053
0.020056
0.0200587
0.0200611
0.0200631
0.0200646
0.0200657
0.0200664
0.0200666
0.0200666
0.0200661
0.020065
0.0200636
0.0200618
0.0200596
0.0200569
0.0200539
0.0200505
0.0200466
0.0200423
0.0200376
0.0200327
0.0200274
0.0200217
0.0200157
0.0200093
0.0200027
0.0199958
0.0199886
0.0199811
0.0199734
0.0199654
0.0199572
0.0199487
0.0199402
0.0199315
0.0199228
0.0199138
0.0199047
0.0198955
0.0198863
0.0198771
0.0198678
0.0198586
0.0198493
0.0198399
0.0198308
0.0198215
0.0198125
0.0198034
0.0197945
0.0197858
0.0197772
0.0197687
0.0197603
0.0197521
0.0197441
0.0197361
0.0197283
0.0197209
0.0197136
0.0197066
0.0196997
0.019693
0.0196865
0.0196801
0.019674
0.0196681
0.0196624
0.019657
0.0196516
0.0196466
0.0196418
0.0196372
0.0196326
0.0196282
0.0196239
0.0196198
0.0196159
0.0196121
0.0196084
0.0196049
0.0196014
0.0195981
0.0195946
0.0195913
0.0195881
0.019585
0.0195818
0.0195787
0.0195756
0.0195726
0.0195695
0.0195664
0.0195633
0.0195602
0.019557
0.0195538
0.0195504
0.0195469
0.0195435
0.0195398
0.0195362
0.0195325
0.0195286
0.0195245
0.0195204
0.0195162
0.019512
0.0195075
0.0195029
0.0194982
0.0194935
0.0194886
0.0194837
0.0194786
0.0194733
0.019468
0.0194624
0.0194569
0.0194513
0.0194457
0.0194399
0.0194342
0.0194283
0.0194224
0.0194164
0.0194104
0.0194045
0.0193985
0.0193926
0.0193866
0.0193806
0.0193747
0.0193688
0.0193631
0.0193573
0.0193516
0.0193459
0.0193404
0.0193349
0.0193296
0.0193244
0.0193192
0.0193142
0.0193094
0.0193047
0.0192999
0.0192954
0.0192911
0.0192868
0.0192827
0.0192787
0.0192749
0.0192713
0.0192677
0.0192643
0.019261
0.019258
0.0192549
0.0192519
0.0192492
0.0192465
0.019244
0.0192415
0.0192391
0.0192368
0.0192344
0.0192322
0.0192301
0.0192279
0.0192259
0.0192237
0.0192216
0.0192193
0.0192172
0.0192148
0.0192125
0.0192101
0.0192076
0.019205
0.0192023
0.0191994
0.0191964
0.0191934
0.0191901
0.0191868
0.0191833
0.0191797
0.0191757
0.0191717
0.0191675
0.0191631
0.0191586
0.019154
0.0191491
0.0191441
0.0191391
0.0191338
0.0191284
0.0191228
0.0191172
0.0191114
0.0191055
0.0190996
0.0190935
0.0190874
0.0190813
0.0190751
0.019069
0.019063
0.019057
0.0190511
0.0190453
0.0190395
0.0190338
0.0190283
0.0190229
0.0190178
0.0190127
0.019008
0.0190034
0.0189991
0.018995
0.0189913
0.0189878
0.0189846
0.0189817
0.0189792
0.018977
0.0189751
0.0189736
0.0189724
0.0189716
0.0189713
0.0189713
0.0189717
0.0189724
0.0189736
0.0189751
0.018977
0.0189794
0.0189821
0.0189853
0.0189888
0.0189927
0.0189971
0.0190017
0.0190068
0.0190123
0.019018
0.0190242
0.0190308
0.0190375
0.0190448
0.0190522
0.01906
0.0190681
0.0190764
0.019085
0.0190938
0.0191029
0.0191122
0.0191217
0.0191314
0.0191413
0.0191515
0.0191618
0.0191721
0.0191827
0.0191935
0.0192043
0.0192153
0.0192262
0.0192373
0.0192483
0.0192594
0.0192705
0.0192817
0.0192928
0.0193038
0.0193148
0.0193257
0.0193365
0.0193473
0.0193578
0.0193683
0.0193785
0.0193885
0.0193983
0.0194079
0.0194172
0.0194264
0.0194352
0.0194437
0.0194519
0.0194597
0.0194671
0.0194742
0.0194808
0.0194869
0.0194928
0.0194982
0.0195032
0.0195076
0.0195116
0.019515
0.019518
0.0195204
0.0195223
0.0195237
0.0195245
0.0195247
0.0195243
0.0195235
0.019522
0.0195201
0.0195176
0.0195145
0.0195109
0.0195069
0.0195023
0.0194973
0.0194918
0.0194858
0.0194793
0.0194725
0.0194652
0.0194575
0.0194495
0.0194412
0.0194324
0.0194235
0.0194142
0.0194047
0.0193949
0.019385
0.019375
0.0193648
0.0193546
0.0193442
0.0193338
0.0193234
0.019313
0.0193026
0.0192922
0.0192819
0.0192718
0.0192618
0.0192519
0.0192421
0.0192324
0.0192229
0.0192137
0.0192046
0.0191957
0.0191871
0.0191787
0.0191706
0.0191627
0.0191551
0.0191478
0.0191409
0.0191342
0.0191277
0.0191215
0.0191156
0.01911
0.0191047
0.0190996
0.0190948
0.0190904
0.0190863
0.0190825
0.0190788
0.0190755
0.0190724
0.0190696
0.0190671
0.0190649
0.0190628
0.019061
0.0190595
0.0190583
0.0190574
0.0190565
0.019056
0.0190556
0.0190553
0.0190553
0.0190555
0.0190558
0.0190563
0.0190569
0.0190577
0.0190586
0.0190596
0.0190608
0.0190622
0.0190637
0.0190652
0.019067
0.0190688
0.0190707
0.0190727
0.0190748
0.0190769
0.0190791
0.0190815
0.0190839
0.0190864
0.019089
0.0190917
0.0190946
0.0190975
0.0191006
0.0191037
0.0191069
0.0191103
0.0191138
0.0191172
0.0191209
0.0191247
0.0191286
0.0191326
0.0191368
0.0191411
0.0191456
0.0191502
0.0191549
0.0191597
0.0191646
0.0191697
0.019175
0.0191803
0.0191858
0.0191914
0.0191972
0.0192031
0.0192092
0.0192153
0.0192215
0.0192278
0.0192341
0.0192407
0.0192472
0.0192539
0.0192606
0.0192673
0.019274
0.0192807
0.0192873
0.019294
0.0193007
0.0193073
0.0193137
0.0193201
0.0193264
0.0193325
0.0193385
0.0193443
0.0193499
0.0193554
0.0193606
0.0193657
0.0193705
0.0193749
0.0193792
0.0193834
0.0193871
0.0193905
0.0193936
0.0193964
0.0193989
0.019401
0.0194028
0.0194042
0.0194054
0.0194062
0.0194068
0.0194069
0.0194067
0.0194063
0.0194055
0.0194043
0.0194029
0.0194012
0.0193992
0.0193969
0.0193943
0.0193916
0.0193886
0.0193852
0.0193817
0.0193781
0.0193743
0.0193702
0.0193661
0.0193619
0.0193575
0.0193531
0.0193486
0.019344
0.0193393
0.0193346
0.0193299
0.0193252
0.0193205
0.0193159
0.0193113
0.0193067
0.0193023
0.0192979
0.0192936
0.0192893
0.0192853
0.0192813
0.0192774
0.0192736
0.0192701
0.0192667
0.0192634
0.0192604
0.0192575
0.0192548
0.0192522
0.0192498
0.0192476
0.0192456
0.0192436
0.0192419
0.0192404
0.019239
0.0192378
0.0192367
0.0192357
0.0192349
0.0192341
0.0192335
0.0192329
0.0192325
0.019232
0.0192317
0.0192314
0.0192312
0.019231
0.0192307
0.0192305
0.0192302
0.0192298
0.0192293
0.0192287
0.0192281
0.0192274
0.0192266
0.0192255
0.0192244
0.019223
0.0192215
0.0192197
0.0192178
0.0192157
0.0192134
0.0192109
0.0192082
0.0192054
0.0192024
0.0191991
0.0191957
0.0191921
0.0191884
0.0191843
0.0191802
0.019176
0.0191716
0.0191671
0.0191625
0.0191579
0.0191532
0.0191485
0.0191437
0.0191389
0.0191342
0.0191294
0.0191248
0.0191201
0.0191156
0.0191112
0.019107
0.0191028
0.0190988
0.0190949
0.0190913
0.0190878
0.0190845
0.0190814
0.0190786
0.0190759
0.0190735
0.0190713
0.0190693
0.0190677
0.0190663
0.0190651
0.0190642
0.0190635
0.0190632
0.0190631
0.0190632
0.0190636
0.0190643
0.0190653
0.0190664
0.0190677
0.0190694
0.0190712
0.0190733
0.0190756
0.0190782
0.0190809
0.0190839
0.019087
0.0190904
0.0190939
0.0190975
0.0191013
0.0191052
0.0191093
0.0191135
0.0191178
0.0191222
0.0191267
0.0191313
0.019136
0.0191409
0.0191458
0.0191508
0.0191559
0.0191611
0.0191663
0.0191716
0.019177
0.0191824
0.0191879
0.0191932
0.0191987
0.0192042
0.0192097
0.0192153
0.019221
0.0192266
0.0192322
0.0192379
0.0192437
0.0192495
0.0192553
0.0192611
0.0192669
0.0192728
0.0192787
0.0192846
0.0192906
0.0192966
0.0193027
0.0193087
0.0193148
0.019321
0.0193273
0.0193335
0.0193397
0.019346
0.0193524
0.0193586
0.019365
0.0193715
0.0193779
0.0193844
0.0193908
0.0193972
0.0194036
0.0194101
0.0194164
0.0194227
0.0194289
0.0194352
0.0194413
0.0194474
0.0194534
0.0194592
0.0194649
0.0194703
0.0194757
0.0194809
0.0194858
0.0194905
0.0194949
0.0194991
0.019503
0.0195065
0.0195099
0.0195128
0.0195155
0.0195178
0.0195197
0.0195213
0.0195226
0.0195234
0.0195239
0.0195238
0.0195234
0.0195225
0.0195212
0.0195197
0.0195176
0.0195152
0.0195123
0.0195091
0.0195055
0.0195016
0.0194972
0.0194925
0.0194874
0.0194821
0.0194765
0.0194706
0.0194645
0.0194581
0.0194514
0.0194445
0.0194374
0.01943
0.0194226
0.0194149
0.0194072
0.0193993
0.0193913
0.0193832
0.0193749
0.0193667
0.0193583
0.0193498
0.0193412
0.0193327
0.0193241
0.0193155
0.019307
0.0192984
0.0192897
0.0192811
0.0192724
0.0192637
0.0192551
0.0192464
0.0192377
0.0192289
0.0192201
0.0192113
0.0192024
0.0191935
0.0191845
0.0191755
0.0191663
0.0191572
0.0191481
0.0191388
0.0191294
0.0191199
0.0191102
0.0191004
0.0190905
0.0190804
0.0190703
0.0190601
0.0190497
0.0190392
0.0190286
0.0190179
0.019007
0.0189961
0.018985
0.0189739
0.0189627
0.0189513
0.01894
0.0189286
0.0189171
0.0189056
0.0188941
0.0188825
0.0188709
0.0188593
0.0188478
0.0188362
0.0188249
0.0188135
0.0188023
0.0187912
0.0187802
0.0187692
0.0187587
0.0187481
0.0187378
0.0187276
0.0187177
0.0187081
0.0186987
0.0186896
0.0186808
0.0186722
0.018664
0.0186561
0.0186485
0.0186413
0.0186344
0.018628
0.018622
0.0186162
0.0186109
0.0186061
0.0186017
0.0185976
0.0185939
0.0185907
0.018588
0.0185857
0.0185838
0.0185824
0.0185815
0.018581
0.018581
0.0185815
0.0185823
0.0185836
0.0185854
0.0185876
0.0185902
0.0185932
0.0185967
0.0186005
0.0186048
0.0186094
0.0186143
0.0186195
0.018625
0.0186309
0.0186371
0.0186435
0.0186502
0.0186572
0.0186644
0.0186718
0.0186794
0.0186872
0.018695
0.0187031
0.0187112
0.0187195
0.0187277
0.0187361
0.0187444
0.0187527
0.0187612
0.0187696
0.0187779
0.0187861
0.0187942
0.0188024
0.0188104
0.0188184
0.0188262
0.018834
0.0188416
0.0188491
0.0188564
0.0188635
0.0188704
0.0188771
0.0188837
0.0188901
0.0188962
0.0189021
0.018908
0.0189136
0.0189191
0.0189242
0.0189292
0.018934
0.0189387
0.0189432
0.0189475
0.0189516
0.0189556
0.0189595
0.0189632
0.0189667
0.0189702
0.0189735
0.0189767
0.0189798
0.0189829
0.018986
0.0189889
0.0189919
0.0189948
0.0189977
0.0190007
0.0190037
0.0190067
0.0190097
0.0190129
0.019016
0.0190192
0.0190225
0.019026
0.0190296
0.0190332
0.0190369
0.0190408
0.0190447
0.0190486
0.0190527
0.019057
0.0190613
0.0190657
0.0190701
0.0190748
0.0190796
0.0190843
0.0190892
0.0190942
0.0190992
0.0191043
0.0191094
0.0191145
0.0191196
0.0191247
0.0191299
0.0191351
0.0191402
0.0191454
0.0191504
0.0191554
0.0191603
0.0191652
0.0191699
0.0191746
0.0191791
0.0191834
0.0191876
0.0191917
0.0191956
0.0191993
0.0192027
0.019206
0.0192091
0.0192121
0.0192147
0.0192171
0.0192191
0.019221
0.0192227
0.0192241
0.0192253
0.0192261
0.0192267
0.0192269
0.0192269
0.0192266
0.0192259
0.0192251
0.0192239
0.0192224
0.0192207
0.0192188
0.0192165
0.019214
0.0192113
0.0192083
0.0192051
0.0192016
0.019198
0.0191941
0.0191901
0.0191858
0.0191813
0.0191768
0.0191721
0.0191673
0.0191622
0.0191572
0.019152
0.0191468
0.0191415
0.0191362
0.0191309
0.0191255
0.0191202
0.0191147
0.0191093
0.0191039
0.0190987
0.0190934
0.0190882
0.019083
0.019078
0.019073
0.0190681
0.0190633
0.0190587
0.0190541
0.0190497
0.0190455
0.0190414
0.0190375
0.0190336
0.0190298
0.0190263
0.019023
0.0190198
0.0190168
0.0190138
0.0190112
0.0190087
0.0190065
0.0190043
0.0190024
0.0190006
0.0189991
0.0189977
0.0189965
0.0189955
0.0189947
0.0189941
0.0189936
0.0189934
0.0189933
0.0189934
0.0189936
0.0189941
0.0189946
0.0189954
0.0189964
0.0189975
0.0189987
0.0190002
0.0190017
0.0190034
0.0190053
0.0190073
0.0190093
0.0190114
0.0190136
0.019016
0.0190185
0.019021
0.0190237
0.0190264
0.0190291
0.0190318
0.0190345
0.0190373
0.01904
0.0190427
0.0190455
0.0190482
0.0190509
0.0190536
0.0190561
0.0190587
0.0190612
0.0190636
0.019066
0.0190684
0.0190707
0.0190729
0.0190751
0.0190771
0.0190791
0.0190809
0.0190827
0.0190844
0.0190861
0.0190876
0.0190891
0.0190905
0.0190921
0.0190934
0.0190949
0.0190961
0.0190975
0.0190988
0.0191002
0.0191015
0.0191029
0.0191042
0.0191056
0.019107
0.0191086
0.0191102
0.019112
0.0191138
0.0191157
0.0191178
0.0191199
0.0191221
0.0191243
0.0191269
0.0191296
0.0191324
0.0191354
0.0191385
0.0191419
0.0191455
0.0191491
0.0191529
0.019157
0.0191612
0.0191655
0.0191699
0.0191744
0.0191792
0.019184
0.019189
0.0191941
0.0191992
0.0192045
0.0192098
0.0192153
0.0192208
0.0192263
0.0192319
0.0192376
0.0192432
0.0192489
0.0192544
0.0192599
0.0192654
0.0192708
0.019276
0.019281
0.019286
0.0192909
0.0192957
0.0193003
0.0193046
0.0193088
0.0193128
0.0193166
0.0193203
0.0193237
0.0193268
0.0193298
0.0193324
0.0193348
0.0193371
0.0193391
0.0193409
0.0193424
0.0193437
0.0193446
0.0193454
0.0193459
0.0193462
0.0193464
0.0193463
0.0193459
0.0193455
0.0193446
0.0193437
0.0193426
0.0193414
0.0193399
0.0193384
0.0193367
0.019335
0.0193331
0.0193311
0.019329
0.0193268
0.0193245
0.019322
0.0193196
0.0193171
0.0193146
0.019312
0.0193095
0.0193069
0.0193043
0.0193016
0.019299
0.0192963
0.0192937
0.0192911
0.0192885
0.0192861
0.0192835
0.019281
0.0192784
0.0192759
0.0192734
0.019271
0.0192687
0.0192662
0.0192638
0.0192614
0.019259
0.0192566
0.0192543
0.0192519
0.0192495
0.0192471
0.0192447
0.0192424
0.0192402
0.0192379
0.0192355
0.0192332
0.0192309
0.0192287
0.0192264
0.0192241
0.0192219
0.0192197
0.0192175
0.0192152
0.0192131
0.0192109
0.0192088
0.0192067
0.0192047
0.0192028
0.019201
0.0191992
0.0191974
0.0191957
0.0191941
0.0191924
0.019191
0.0191895
0.019188
0.0191867
0.0191855
0.0191844
0.0191833
0.0191823
0.0191813
0.0191804
0.0191795
0.0191786
0.0191777
0.0191769
0.0191761
0.0191753
0.0191745
0.0191738
0.019173
0.0191722
0.0191715
0.0191707
0.01917
0.0191692
0.0191684
0.0191675
0.0191667
0.0191656
0.0191646
0.0191636
0.0191624
0.0191612
0.0191601
0.0191588
0.0191577
0.0191563
0.0191551
0.0191538
0.0191523
0.0191509
0.0191494
0.0191479
0.0191464
0.0191447
0.0191431
0.0191414
0.0191396
0.0191379
0.0191362
0.0191343
0.0191324
0.0191306
0.0191287
0.0191267
0.0191248
0.0191227
0.0191207
0.0191186
0.0191165
0.0191143
0.0191121
0.0191099
0.0191077
0.0191054
0.0191033
0.019101
0.0190986
0.0190963
0.0190939
0.0190915
0.0190891
0.0190867
0.0190843
0.0190819
0.0190796
0.0190774
0.019075
0.0190729
0.0190707
0.0190685
0.0190665
0.0190647
0.0190627
0.019061
0.0190593
0.0190577
0.0190563
0.019055
0.0190539
0.0190529
0.0190521
0.0190514
0.0190509
0.0190506
0.0190505
0.0190505
0.0190508
0.0190513
0.019052
0.019053
0.019054
0.0190553
0.0190569
0.0190586
0.0190606
0.0190628
0.0190652
0.0190678
0.0190707
0.0190737
0.0190768
0.0190802
0.0190839
0.0190878
0.0190918
0.019096
0.0191004
0.0191049
0.0191097
0.0191146
0.0191196
0.0191249
0.0191302
0.0191356
0.0191411
0.0191468
0.0191526
0.0191583
0.019164
0.0191699
0.0191759
0.019182
0.019188
0.019194
0.0192001
0.0192061
0.0192123
0.0192184
0.0192244
0.0192304
0.0192362
0.0192422
0.019248
0.0192539
0.0192598
0.0192656
0.0192713
0.0192769
0.0192825
0.0192879
0.0192933
0.0192987
0.019304
0.0193092
0.0193143
0.0193194
0.0193243
0.0193291
0.0193338
0.0193383
0.0193428
0.0193471
0.0193514
0.0193555
0.0193595
0.0193633
0.019367
0.0193705
0.0193738
0.019377
0.0193799
0.0193827
0.0193851
0.0193875
0.0193895
0.0193913
0.0193929
0.0193941
0.019395
0.0193957
0.0193961
0.0193963
0.019396
0.0193955
0.0193948
0.0193937
0.0193922
0.0193904
0.0193884
0.019386
0.0193834
0.0193805
0.0193773
0.0193739
0.0193702
0.0193661
0.0193618
0.0193574
0.0193528
0.0193478
0.0193427
0.0193374
0.019332
0.0193264
0.0193208
0.019315
0.0193091
0.0193031
0.0192972
0.0192914
0.0192855
0.0192797
0.0192739
0.0192681
0.0192624
0.0192569
0.0192514
0.0192461
0.0192408
0.0192359
0.0192311
0.0192265
0.0192221
0.0192179
0.0192139
0.0192103
0.0192069
0.0192037
0.0192008
0.0191982
0.0191958
0.0191938
0.019192
0.0191905
0.0191893
0.0191884
0.0191877
0.0191873
0.0191873
0.0191876
0.019188
0.0191888
0.0191897
0.0191908
0.0191922
0.0191937
0.0191954
0.0191973
0.0191995
0.0192018
0.0192041
0.0192066
0.0192093
0.0192122
0.0192151
0.019218
0.019221
0.0192241
0.0192271
0.0192303
0.0192334
0.0192366
0.0192398
0.0192429
0.0192459
0.019249
0.019252
0.019255
0.0192579
0.0192607
0.0192634
0.0192659
0.0192685
0.0192709
0.0192732
0.0192754
0.0192775
0.0192794
0.0192813
0.0192829
0.0192845
0.0192859
0.0192873
0.0192885
0.0192895
0.0192905
0.0192912
0.0192919
0.0192925
0.0192928
0.0192931
0.0192933
0.0192935
0.0192935
0.0192934
0.0192932
0.019293
0.0192927
0.0192922
0.0192915
0.0192908
0.0192901
0.0192892
0.0192883
0.0192872
0.0192862
0.019285
0.0192837
0.0192823
0.0192809
0.0192793
0.0192778
0.0192762
0.0192745
0.0192728
0.019271
0.0192691
0.0192672
0.0192653
0.0192634
0.0192614
0.0192594
0.0192573
0.0192553
0.0192534
0.0192513
0.0192493
0.0192474
0.0192455
0.0192437
0.019242
0.0192403
0.0192387
0.0192373
0.019236
0.0192348
0.0192337
0.0192327
0.0192319
0.0192313
0.0192309
0.0192305
0.0192304
0.0192304
0.0192307
0.0192312
0.0192318
0.0192328
0.0192338
0.0192352
0.0192366
0.0192383
0.0192402
0.0192424
0.0192447
0.0192473
0.01925
0.0192529
0.0192561
0.0192594
0.019263
0.0192667
0.0192707
0.0192748
0.019279
0.0192834
0.0192881
0.0192929
0.0192977
0.0193027
0.0193077
0.019313
0.0193182
0.0193237
0.0193293
0.0193351
0.0193408
0.0193465
0.0193524
0.0193584
0.0193644
0.0193705
0.0193766
0.0193828
0.0193889
0.0193952
0.0194013
0.0194075
0.0194136
0.0194198
0.0194259
0.019432
0.019438
0.0194439
0.0194497
0.0194555
0.0194612
0.0194668
0.0194723
0.0194776
0.0194829
0.019488
0.019493
0.0194978
0.0195023
0.0195068
0.019511
0.0195151
0.0195188
0.0195223
0.0195257
0.0195289
0.0195318
0.0195344
0.0195369
0.0195391
0.019541
0.0195427
0.0195442
0.0195454
0.0195464
0.0195471
0.0195476
0.0195477
0.0195478
0.0195476
0.019547
0.0195465
0.0195456
0.0195445
0.0195432
0.0195417
0.0195401
0.0195382
0.0195362
0.0195339
0.0195316
0.0195291
0.0195265
0.0195237
0.0195208
0.0195178
0.0195148
0.0195117
0.0195084
0.0195052
0.0195017
0.0194983
0.0194949
0.0194914
0.0194879
0.0194844
0.019481
0.0194775
0.0194741
0.0194706
0.0194672
0.0194638
0.0194605
0.0194572
0.019454
0.0194508
0.0194477
0.0194446
0.0194417
0.0194388
0.0194361
0.0194334
0.0194307
0.0194281
0.0194256
0.0194232
0.0194208
0.0194184
0.0194162
0.0194141
0.019412
0.0194101
0.0194081
0.0194062
0.0194044
0.0194026
0.0194009
0.0193992
0.0193975
0.0193958
0.0193943
0.0193927
0.0193912
0.0193897
0.0193883
0.0193868
0.0193854
0.0193841
0.0193827
0.0193814
0.0193801
0.0193788
0.0193775
0.0193762
0.0193749
0.0193735
0.0193721
0.0193707
0.0193693
0.0193679
0.0193663
0.0193648
0.0193632
0.0193615
0.0193598
0.019358
0.0193562
0.0193544
0.0193524
0.0193504
0.0193483
0.0193462
0.0193439
0.0193416
0.0193393
0.0193369
0.0193343
0.0193318
0.0193292
0.0193264
0.0193236
0.0193207
0.0193178
0.0193148
0.0193117
0.0193086
0.0193053
0.0193021
0.0192988
0.0192954
0.0192918
0.0192884
0.0192848
0.0192811
0.0192775
0.0192738
0.0192702
0.0192665
0.0192627
0.0192591
0.0192554
0.0192517
0.019248
0.0192443
0.0192406
0.0192369
0.0192333
0.0192297
0.0192261
0.0192227
0.0192192
0.0192158
0.0192125
0.0192094
0.0192064
0.0192035
0.0192007
0.0191982
0.0191956
0.0191933
0.0191912
0.0191891
0.0191875
0.019186
0.0191847
0.0191835
0.0191826
0.019182
0.0191817
0.0191815
0.0191818
0.0191823
0.019183
0.0191842
0.0191857
0.0191875
0.0191897
0.0191923
0.0191951
0.0191983
0.0192019
0.0192058
0.0192101
0.0192148
0.0192197
0.0192251
0.0192308
0.019237
0.0192435
0.0192504
0.0192577
0.0192652
0.0192729
0.0192812
0.0192896
0.0192984
0.0193073
0.0193166
0.0193262
0.0193359
0.0193459
0.0193562
0.0193666
0.0193774
0.0193881
0.0193991
0.0194101
0.0194212
0.0194324
0.0194435
0.0194548
0.0194661
0.0194774
0.0194887
0.0194999
0.019511
0.019522
0.019533
0.0195436
0.0195543
0.0195647
0.019575
0.019585
0.0195948
0.0196043
0.0196136
0.0196225
0.0196311
0.0196394
0.0196474
0.019655
0.0196623
0.0196693
0.0196758
0.019682
0.0196878
0.0196932
0.0196982
0.0197027
0.0197069
0.0197106
0.019714
0.0197171
0.0197197
0.0197219
0.0197237
0.0197252
0.0197262
0.0197269
0.0197272
0.0197273
0.019727
0.0197263
0.0197253
0.0197241
0.0197226
0.0197206
0.0197186
0.0197162
0.0197136
0.0197108
0.0197078
0.0197045
0.0197011
0.0196975
0.0196936
0.0196897
0.0196856
0.0196815
0.0196772
0.0196727
0.0196682
0.0196635
0.0196588
0.019654
0.0196491
0.0196441
0.0196391
0.0196341
0.019629
0.0196238
0.0196188
0.0196137
0.0196085
0.0196034
0.0195983
0.0195932
0.019588
0.0195829
0.0195777
0.0195725
0.0195673
0.0195622
0.0195571
0.0195519
0.0195467
0.0195417
0.0195365
0.0195314
0.0195263
0.0195212
0.019516
0.0195109
0.0195059
0.0195007
0.0194955
0.0194903
0.0194852
0.0194799
0.0194748
0.0194695
0.0194643
0.019459
0.0194537
0.0194485
0.0194431
0.0194377
0.0194323
0.0194268
0.0194214
0.0194159
0.0194103
0.0194047
0.0193991
0.0193934
0.0193877
0.019382
0.0193762
0.0193704
0.0193645
0.0193586
0.0193526
0.0193465
0.0193403
0.0193342
0.0193281
0.0193219
0.0193157
0.0193094
0.019303
0.0192966
0.0192902
0.0192837
0.0192771
0.0192706
0.019264
0.0192574
0.0192508
0.0192442
0.0192375
0.0192309
0.0192242
0.0192175
0.0192108
0.0192042
0.0191976
0.0191908
0.0191842
0.0191775
0.0191709
0.0191643
0.0191578
0.0191514
0.019145
0.0191386
0.0191323
0.0191261
0.01912
0.019114
0.0191081
0.0191022
0.0190965
0.019091
0.0190856
0.0190803
0.0190751
0.0190699
0.019065
0.0190603
0.0190556
0.0190512
0.019047
0.0190429
0.0190389
0.0190352
0.0190317
0.0190285
0.0190254
0.0190226
0.01902
0.0190177
0.0190156
0.0190137
0.019012
0.0190106
0.0190093
0.0190083
0.0190075
0.019007
0.0190067
0.0190065
0.0190066
0.0190071
0.0190077
0.0190085
0.0190096
0.0190109
0.0190124
0.0190142
0.0190161
0.0190183
0.0190206
0.0190232
0.019026
0.019029
0.0190322
0.0190354
0.0190389
0.0190425
0.0190463
0.0190504
0.0190546
0.0190588
0.0190632
0.0190677
0.0190723
0.019077
0.0190818
0.0190867
0.0190916
0.0190966
0.0191016
0.0191066
0.0191116
0.0191166
0.0191218
0.0191269
0.0191318
0.0191368
0.0191418
0.0191467
0.0191515
0.0191563
0.0191611
0.0191657
0.0191702
0.0191745
0.0191788
0.0191829
0.0191868
0.0191907
0.0191945
0.019198
0.0192014
0.0192047
0.0192077
0.0192106
0.0192134
0.0192158
0.0192181
0.0192202
0.0192221
0.0192238
0.0192252
0.0192264
0.0192274
0.0192282
0.0192286
0.0192289
0.0192289
0.0192288
0.0192283
0.0192277
0.0192267
0.0192255
0.0192241
0.0192223
0.0192203
0.0192181
0.0192157
0.0192131
0.0192103
0.0192071
0.0192039
0.0192002
0.0191964
0.0191924
0.0191882
0.0191838
0.0191792
0.0191743
0.0191692
0.0191641
0.0191587
0.0191531
0.0191474
0.0191416
0.0191357
0.0191297
0.0191235
0.0191173
0.019111
0.0191046
0.0190982
0.0190919
0.0190854
0.0190789
0.0190725
0.0190661
0.0190596
0.0190534
0.0190472
0.019041
0.0190349
0.019029
0.0190231
0.0190174
0.0190116
0.0190062
0.0190008
0.0189956
0.0189906
0.0189856
0.0189809
0.0189764
0.018972
0.0189678
0.0189637
0.01896
0.0189563
0.0189529
0.0189497
0.0189468
0.0189439
0.0189414
0.018939
0.0189368
0.0189349
0.018933
0.0189315
0.0189302
0.018929
0.0189281
0.0189274
0.018927
0.0189269
0.0189269
0.0189272
0.0189277
0.0189285
0.0189296
0.0189309
0.0189324
0.0189342
0.0189363
0.0189385
0.0189409
0.0189437
0.0189467
0.0189499
0.0189532
0.0189569
0.0189606
0.0189646
0.0189688
0.0189731
0.0189777
0.0189823
0.0189871
0.018992
0.0189971
0.0190024
0.0190076
0.0190129
0.0190183
0.0190238
0.0190293
0.0190349
0.0190405
0.0190463
0.019052
0.0190577
0.0190636
0.0190693
0.0190751
0.019081
0.0190867
0.0190925
0.0190983
0.0191042
0.01911
0.0191158
0.0191216
0.0191274
0.0191332
0.019139
0.0191449
0.0191508
0.0191566
0.0191624
0.0191684
0.0191744
0.0191803
0.0191863
0.0191925
0.0191985
0.0192047
0.0192108
0.019217
0.0192233
0.0192296
0.0192359
0.0192422
0.0192486
0.019255
0.0192615
0.0192679
0.0192744
0.0192809
0.0192874
0.019294
0.0193005
0.0193069
0.0193133
0.0193198
0.0193262
0.0193327
0.0193391
0.0193455
0.0193517
0.0193579
0.0193641
0.0193703
0.0193762
0.0193821
0.0193881
0.0193939
0.0193996
0.0194052
0.0194107
0.0194161
0.0194212
0.0194264
0.0194314
0.0194362
0.0194411
0.0194458
0.0194503
0.0194547
0.0194589
0.0194632
0.0194673
0.0194712
0.0194751
0.0194788
0.0194825
0.0194859
0.0194893
0.0194925
0.0194956
0.0194987
0.0195016
0.0195045
0.0195073
0.01951
0.0195125
0.019515
0.0195173
0.0195196
0.0195218
0.0195238
0.0195258
0.0195277
0.0195294
0.0195311
0.0195327
0.0195342
0.0195356
0.019537
0.0195382
0.0195393
0.0195404
0.0195413
0.0195422
0.0195429
0.0195435
0.019544
0.0195445
0.0195448
0.0195449
0.0195451
0.0195451
0.019545
0.0195448
0.0195446
0.0195442
0.0195437
0.0195431
0.0195424
0.0195417
0.0195408
0.0195399
0.0195388
0.0195376
0.0195364
0.0195351
0.0195338
0.0195325
0.0195311
0.0195297
0.0195281
0.0195265
0.0195249
0.0195233
0.0195216
0.0195199
0.0195181
0.0195164
0.0195146
0.0195127
0.0195109
0.0195093
0.0195075
0.0195058
0.0195041
0.0195024
0.0195008
0.0194992
0.0194975
0.019496
0.0194944
0.0194929
0.0194915
0.0194901
0.0194888
0.0194875
0.0194862
0.0194851
0.0194839
0.0194828
0.0194816
0.0194806
0.0194797
0.0194787
0.0194777
0.0194769
0.0194761
0.0194753
0.0194746
0.0194738
0.0194731
0.0194725
0.0194718
0.0194711
0.0194705
0.01947
0.0194693
0.0194687
0.019468
0.0194674
0.0194667
0.019466
0.0194653
0.0194644
0.0194635
0.0194626
0.0194616
0.0194605
0.0194594
0.0194582
0.0194569
0.0194555
0.0194539
0.0194522
0.0194504
0.0194485
0.0194465
0.0194445
0.0194421
0.0194398
0.0194373
0.0194346
0.0194318
0.0194289
0.0194258
0.0194227
0.0194195
0.0194162
0.0194127
0.0194092
0.0194056
0.0194019
0.0193982
0.0193944
0.0193905
0.0193867
0.0193828
0.0193789
0.0193749
0.0193708
0.0193667
0.0193627
0.0193588
0.0193548
0.0193508
0.019347
0.0193432
0.0193395
0.0193358
0.0193322
0.0193286
0.0193251
0.0193218
0.0193185
0.0193154
0.0193123
0.0193095
0.0193067
0.0193041
0.0193016
0.0192993
0.0192971
0.0192951
0.0192932
0.0192915
0.0192899
0.0192886
0.0192873
0.0192861
0.0192852
0.0192844
0.0192839
0.0192834
0.0192832
0.0192829
0.0192829
0.019283
0.0192833
0.0192838
0.0192843
0.0192849
0.0192857
0.0192865
0.0192875
0.0192883
0.0192893
0.0192904
0.0192915
0.0192926
0.0192937
0.0192948
0.019296
0.0192972
0.0192984
0.0192994
0.0193004
0.0193013
0.0193022
0.019303
0.0193037
0.0193043
0.0193047
0.0193051
0.0193052
0.0193053
0.019305
0.0193047
0.0193042
0.0193037
0.019303
0.019302
0.0193009
0.0192996
0.0192983
0.0192967
0.019295
0.019293
0.019291
0.0192889
0.0192865
0.019284
0.0192814
0.0192786
0.0192757
0.0192728
0.0192699
0.0192667
0.0192635
0.0192603
0.0192571
0.0192538
0.0192504
0.0192472
0.0192438
0.0192404
0.0192371
0.0192338
0.0192305
0.0192273
0.0192241
0.019221
0.019218
0.019215
0.0192121
0.0192092
0.0192065
0.0192039
0.0192013
0.019199
0.0191966
0.0191944
0.0191923
0.0191903
0.0191885
0.0191867
0.0191851
0.0191836
0.0191823
0.019181
0.0191799
0.0191789
0.019178
0.0191773
0.0191767
0.0191762
0.0191758
0.0191755
0.0191753
0.0191754
0.0191754
0.0191756
0.019176
0.0191765
0.0191771
0.0191779
0.0191786
0.0191795
0.0191806
0.0191817
0.0191831
0.0191845
0.0191861
0.0191877
0.0191897
0.0191915
0.0191936
0.0191957
0.019198
0.0192004
0.0192029
0.0192055
0.0192082
0.0192111
0.0192142
0.0192173
0.0192206
0.019224
0.0192275
0.0192312
0.0192349
0.0192387
0.0192426
0.0192467
0.0192508
0.019255
0.0192593
0.0192637
0.0192682
0.0192728
0.0192775
0.0192821
0.0192869
0.0192916
0.0192963
0.0193012
0.019306
0.0193107
0.0193156
0.0193204
0.0193251
0.0193298
0.0193345
0.0193391
0.0193437
0.0193482
0.0193526
0.019357
0.0193611
0.0193652
0.0193693
0.0193732
0.019377
0.0193806
0.0193841
0.0193875
0.0193906
0.0193937
0.0193966
0.0193993
0.0194018
0.0194042
0.0194065
0.0194085
0.0194105
0.0194123
0.0194138
0.0194153
0.0194166
0.0194178
0.0194189
0.0194198
0.0194206
0.0194212
0.0194218
0.0194222
0.0194226
0.0194227
0.0194228
0.019423
0.019423
0.0194229
0.0194228
0.0194226
0.0194223
0.019422
0.0194217
0.0194212
0.0194207
0.0194203
0.0194199
0.0194195
0.019419
0.0194186
0.0194181
0.0194176
0.0194171
0.0194168
0.0194164
0.0194159
0.0194155
0.0194151
0.0194147
0.0194144
0.0194142
0.0194139
0.0194136
0.0194133
0.0194131
0.019413
0.0194128
0.0194127
0.0194127
0.0194127
0.0194128
0.019413
0.0194132
0.0194134
0.0194138
0.0194142
0.0194147
0.0194153
0.0194159
0.0194166
0.0194174
0.0194183
0.0194193
0.0194204
0.0194217
0.0194231
0.0194246
0.0194263
0.019428
0.0194299
0.019432
0.0194342
0.0194365
0.0194389
0.0194414
0.0194441
0.0194468
0.0194498
0.0194528
0.0194558
0.0194591
0.0194624
0.0194656
0.0194689
0.0194724
0.0194757
0.0194792
0.0194826
0.0194859
0.0194892
0.0194926
0.0194957
0.019499
0.0195021
0.0195051
0.0195079
0.0195106
0.0195131
0.0195155
0.0195177
0.0195197
0.0195215
0.0195231
0.0195246
0.0195257
0.0195267
0.0195273
0.0195277
0.0195279
0.0195279
0.0195275
0.0195268
0.0195259
0.0195246
0.0195231
0.0195212
0.0195192
0.0195167
0.0195141
0.0195112
0.019508
0.0195045
0.0195006
0.0194966
0.0194921
0.0194874
0.0194824
0.0194771
0.0194716
0.0194657
0.0194596
0.0194532
0.0194465
0.0194396
0.0194323
0.0194249
0.0194172
0.0194095
0.0194014
0.0193932
0.0193848
0.0193762
0.0193675
0.0193587
0.0193497
0.0193406
0.0193314
0.0193222
0.0193129
0.0193036
0.0192942
0.0192849
0.0192755
0.0192662
0.0192569
0.0192477
0.0192385
0.0192295
0.0192205
0.0192117
0.019203
0.0191945
0.0191861
0.0191779
0.0191699
0.0191621
0.0191545
0.019147
0.0191397
0.0191325
0.0191255
0.0191187
0.0191122
0.0191058
0.0190996
0.0190936
0.0190878
0.0190822
0.0190767
0.0190715
0.0190664
0.0190615
0.0190568
0.0190521
0.0190475
0.0190431
0.0190387
0.0190346
0.0190305
0.0190265
0.0190226
0.0190188
0.0190151
0.0190114
0.0190079
0.0190044
0.0190011
0.0189978
0.0189946
0.0189915
0.0189885
0.0189856
0.0189829
0.0189802
0.0189778
0.0189754
0.0189731
0.018971
0.0189691
0.0189674
0.0189659
0.0189647
0.0189636
0.0189626
0.018962
0.0189616
0.0189615
0.0189617
0.0189621
0.0189628
0.0189639
0.0189652
0.0189669
0.0189688
0.018971
0.0189735
0.0189765
0.0189799
0.0189836
0.0189875
0.0189917
0.0189962
0.0190012
0.0190065
0.0190121
0.0190179
0.0190241
0.0190306
0.0190374
0.0190446
0.019052
0.0190597
0.0190676
0.019076
0.0190844
0.0190931
0.0191021
0.0191113
0.0191206
0.0191303
0.0191401
0.0191501
0.0191602
0.0191705
0.0191809
0.0191916
0.0192025
0.0192135
0.0192245
0.0192356
0.019247
0.0192584
0.01927
0.0192815
0.0192932
0.0193048
0.0193166
0.0193284
0.0193403
0.0193522
0.0193642
0.0193762
0.0193882
0.0194002
0.0194122
0.0194242
0.0194362
0.0194482
0.0194602
0.019472
0.0194838
0.0194956
0.0195073
0.0195188
0.0195303
0.0195417
0.0195529
0.0195641
0.019575
0.0195857
0.0195963
0.0196068
0.0196171
0.0196271
0.019637
0.0196466
0.0196561
0.0196653
0.0196742
0.0196829
0.0196913
0.0196994
0.0197074
0.0197151
0.0197225
0.0197295
0.0197363
0.0197428
0.0197491
0.0197551
0.0197607
0.0197661
0.0197711
0.0197758
0.0197803
0.0197846
0.0197886
0.0197923
0.0197958
0.0197991
0.0198021
0.0198049
0.0198075
0.0198099
0.019812
0.0198139
0.0198157
0.0198172
0.0198185
0.0198196
0.0198207
0.0198216
0.0198223
0.0198228
0.0198232
0.0198233
0.0198234
0.0198234
0.0198232
0.019823
0.0198226
0.019822
0.0198214
0.0198206
0.0198197
0.0198188
0.0198177
0.0198165
0.0198152
0.0198137
0.0198122
0.0198106
0.0198089
0.0198071
0.0198051
0.019803
0.0198009
0.0197987
0.0197965
0.0197941
0.0197917
0.019789
0.0197862
0.0197835
0.0197804
0.0197774
0.0197743
0.0197711
0.0197678
0.0197645
0.019761
0.0197575
0.0197539
0.0197502
0.0197464
0.0197425
0.0197387
0.0197348
0.0197309
0.0197267
0.0197227
0.0197185
0.0197144
0.0197103
0.0197062
0.0197021
0.019698
0.019694
0.0196899
0.0196859
0.0196819
0.019678
0.0196741
0.0196703
0.0196666
0.019663
0.0196594
0.019656
0.0196527
0.0196495
0.0196465
0.0196436
0.0196406
0.019638
0.0196356
0.0196333
0.019631
0.0196291
0.0196273
0.0196257
0.0196243
0.0196231
0.019622
0.0196212
0.0196207
0.0196203
0.0196201
0.0196202
0.0196203
0.0196208
0.0196215
0.0196222
0.0196232
0.0196245
0.019626
0.0196275
0.0196292
0.0196311
0.0196331
0.0196353
0.0196377
0.0196401
0.0196428
0.0196456
0.0196485
0.0196515
0.0196545
0.0196576
0.019661
0.0196642
0.0196677
0.0196712
0.0196747
0.0196782
0.0196819
0.0196856
0.0196893
0.0196932
0.0196971
0.0197011
0.019705
0.019709
0.0197131
0.0197174
0.0197215
0.0197259
0.0197303
0.0197347
0.0197391
0.0197437
0.0197483
0.0197531
0.0197579
0.0197629
0.0197681
0.0197734
0.0197788
0.0197844
0.01979
0.019796
0.0198021
0.0198083
0.0198147
0.0198214
0.0198282
0.0198353
0.0198426
0.0198501
0.0198577
0.0198656
0.0198737
0.019882
0.0198905
0.0198992
0.0199081
0.0199174
0.0199268
0.0199364
0.019946
0.0199558
0.0199659
0.0199762
0.0199866
0.0199971
0.0200078
0.0200186
0.0200294
0.0200404
0.0200514
0.0200624
0.0200735
0.0200846
0.0200958
0.0201068
0.0201177
0.0201287
0.0201395
0.0201503
0.0201611
0.0201716
0.020182
0.0201924
0.0202025
0.0202123
0.0202219
0.0202313
0.0202405
0.0202494
0.020258
0.0202663
0.0202744
0.0202821
0.0202893
0.0202963
0.0203029
0.0203091
0.0203149
0.0203204
0.0203254
0.0203301
0.0203343
0.0203382
0.0203416
0.0203446
0.0203471
0.0203492
0.0203509
0.0203523
0.0203532
0.0203537
0.020354
0.0203538
0.0203531
0.0203522
0.0203509
0.0203493
0.0203475
0.0203453
0.020343
0.0203403
0.0203372
0.0203339
0.0203305
0.0203268
0.0203228
0.0203187
0.0203145
0.0203099
0.0203053
0.0203006
0.0202957
0.0202906
0.0202852
0.0202798
0.0202743
0.0202685
0.0202627
0.0202568
0.0202508
0.0202445
0.0202381
0.0202315
0.0202248
0.0202178
0.0202107
0.0202033
0.0201959
0.0201882
0.0201802
0.0201721
0.0201638
0.0201552
0.0201464
0.0201373
0.020128
0.0201185
0.0201087
0.0200987
0.0200883
0.0200776
0.0200667
0.0200556
0.020044
0.0200323
0.0200203
0.0200079
0.0199953
0.0199825
0.0199693
0.0199557
0.0199419
0.0199278
0.0199135
0.0198989
0.0198839
0.0198686
0.0198531
0.0198372
0.0198212
0.0198048
0.0197882
0.0197713
0.0197542
0.0197368
0.0197193
0.0197014
0.0196834
0.0196652
0.0196468
0.0196283
0.0196094
0.0195905
0.0195715
0.0195523
0.019533
0.0195136
0.0194941
0.0194746
0.0194551
0.0194356
0.0194161
0.0193965
0.019377
0.0193577
0.0193382
0.019319
0.0192999
0.0192809
0.0192621
0.0192435
0.0192252
0.019207
0.0191891
0.0191716
0.0191543
0.0191374
0.0191208
0.0191045
0.0190886
0.0190731
0.019058
0.0190434
0.0190292
0.0190153
0.0190019
0.018989
0.0189765
0.0189645
0.018953
0.0189421
0.0189316
0.0189216
0.0189122
0.0189032
0.0188948
0.018887
0.0188796
0.0188727
0.0188665
0.0188607
0.0188555
0.0188508
0.0188467
0.0188429
0.0188397
0.0188371
0.0188351
0.0188335
0.0188324
0.018832
0.018832
0.0188325
0.0188336
0.0188351
0.0188371
0.0188396
0.0188425
0.018846
0.0188499
0.0188541
0.0188587
0.0188638
0.0188692
0.018875
0.0188812
0.0188876
0.0188943
0.0189013
0.0189086
0.0189161
0.0189238
0.0189317
0.0189398
0.018948
0.0189562
0.0189646
0.0189729
0.0189814
0.0189898
0.0189983
0.0190067
0.019015
0.019023
0.019031
0.0190388
0.0190464
0.0190539
0.0190611
0.0190681
0.0190748
0.0190811
0.0190873
0.019093
0.0190985
0.0191037
0.0191085
0.0191129
0.0191171
0.0191208
0.0191241
0.019127
0.0191296
0.0191317
0.0191336
0.019135
0.0191361
0.0191369
0.0191373
0.0191375
0.0191372
0.0191365
0.0191356
0.0191343
0.0191328
0.019131
0.0191289
0.0191265
0.0191239
0.0191211
0.0191181
0.019115
0.0191118
0.0191084
0.019105
0.0191015
0.0190979
0.0190943
0.0190906
0.019087
0.0190832
0.0190797
0.0190762
0.0190729
0.0190697
0.0190667
0.0190638
0.0190611
0.0190587
0.0190564
0.0190544
0.0190526
0.0190511
0.0190499
0.019049
0.0190484
0.0190483
0.0190483
0.0190486
0.0190494
0.0190505
0.0190519
0.0190536
0.0190557
0.0190581
0.0190609
0.0190639
0.0190673
0.0190709
0.0190749
0.0190792
0.0190837
0.0190886
0.0190937
0.0190989
0.0191044
0.0191101
0.019116
0.019122
0.0191282
0.0191346
0.0191411
0.0191476
0.0191542
0.0191609
0.0191677
0.0191744
0.0191813
0.019188
0.0191949
0.0192017
0.0192085
0.0192153
0.019222
0.0192286
0.0192352
0.0192417
0.0192481
0.0192544
0.0192608
0.0192669
0.0192729
0.0192787
0.0192847
0.0192904
0.019296
0.0193016
0.019307
0.0193123
0.0193176
0.0193229
0.0193281
0.0193331
0.0193382
0.0193431
0.0193482
0.0193531
0.019358
0.019363
0.0193678
0.0193728
0.0193779
0.0193831
0.0193882
0.0193935
0.0193987
0.0194041
0.0194095
0.019415
0.0194206
0.0194262
0.019432
0.0194378
0.0194439
0.0194499
0.019456
0.0194624
0.0194687
0.0194752
0.0194817
0.0194884
0.0194952
0.019502
0.0195088
0.0195158
0.0195229
0.0195299
0.0195371
0.0195443
0.0195514
0.0195587
0.019566
0.0195733
0.0195807
0.0195881
0.0195955
0.0196028
0.0196102
0.0196174
0.0196248
0.019632
0.0196393
0.0196465
0.0196537
0.0196609
0.019668
0.0196751
0.0196822
0.0196891
0.019696
0.0197028
0.0197096
0.0197163
0.0197229
0.0197294
0.019736
0.0197425
0.0197489
0.0197554
0.0197616
0.0197678
0.019774
0.01978
0.0197861
0.0197919
0.0197978
0.0198035
0.019809
0.0198145
0.0198202
0.0198256
0.0198309
0.0198361
0.0198412
0.0198462
0.0198511
0.0198559
0.0198605
0.019865
0.0198693
0.0198736
0.0198777
0.0198817
0.0198855
0.0198892
0.0198927
0.019896
0.0198991
0.0199021
0.0199049
0.0199075
0.0199098
0.019912
0.0199139
0.0199156
0.0199172
0.0199184
0.0199195
0.0199204
0.019921
0.0199213
0.0199213
0.0199211
0.0199206
0.0199198
0.0199188
0.0199174
0.0199159
0.019914
0.0199118
0.0199093
0.0199066
0.0199035
0.0199002
0.0198966
0.0198928
0.0198885
0.019884
0.0198794
0.0198743
0.019869
0.0198634
0.0198576
0.0198516
0.0198453
0.0198387
0.0198319
0.0198249
0.0198177
0.0198102
0.0198025
0.0197946
0.0197866
0.0197785
0.0197702
0.0197619
0.0197534
0.0197447
0.0197359
0.019727
0.0197179
0.0197087
0.0196995
0.0196902
0.0196807
0.0196712
0.0196617
0.019652
0.0196422
0.0196323
0.0196224
0.0196124
0.0196022
0.019592
0.0195817
0.0195713
0.0195609
0.0195502
0.0195396
0.0195289
0.0195181
0.0195072
0.0194961
0.019485
0.0194738
0.0194625
0.0194512
0.0194396
0.0194281
0.0194164
0.0194048
0.019393
0.0193811
0.0193692
0.0193571
0.0193452
0.019333
0.0193209
0.0193087
0.0192965
0.0192843
0.0192722
0.0192601
0.019248
0.0192359
0.0192239
0.0192118
0.0191999
0.019188
0.0191762
0.0191645
0.019153
0.0191416
0.0191302
0.0191189
0.0191078
0.019097
0.0190862
0.0190756
0.0190651
0.0190548
0.0190447
0.0190349
0.0190252
0.0190159
0.0190067
0.0189977
0.0189888
0.0189803
0.0189721
0.0189641
0.0189563
0.0189488
0.0189415
0.0189346
0.0189279
0.0189215
0.0189154
0.0189096
0.0189041
0.0188989
0.0188941
0.0188894
0.0188852
0.0188811
0.0188773
0.0188738
0.0188706
0.0188678
0.0188652
0.0188628
0.0188608
0.0188591
0.0188577
0.0188565
0.0188555
0.018855
0.0188546
0.0188545
0.0188545
0.0188549
0.0188554
0.0188561
0.0188571
0.0188583
0.0188597
0.0188612
0.0188629
0.0188648
0.018867
0.0188692
0.0188716
0.0188741
0.0188768
0.0188796
0.0188824
0.0188853
0.0188882
0.0188914
0.0188946
0.0188979
0.018901
0.0189043
0.0189075
0.0189108
0.0189141
0.0189173
0.0189206
0.0189238
0.0189269
0.01893
0.018933
0.0189359
0.0189388
0.0189416
0.0189442
0.0189468
0.0189491
0.0189515
0.0189537
0.0189557
0.0189575
0.0189591
0.0189608
0.0189623
0.0189636
0.0189647
0.0189657
0.0189666
0.0189674
0.0189681
0.0189686
0.0189689
0.0189691
0.0189693
0.0189694
0.0189693
0.0189692
0.0189689
0.0189687
0.0189683
0.0189678
0.0189672
0.0189668
0.0189663
0.0189657
0.0189652
0.0189646
0.018964
0.0189635
0.0189631
0.0189626
0.0189623
0.018962
0.0189617
0.0189615
0.0189614
0.0189614
0.0189615
0.0189617
0.0189621
0.0189624
0.0189629
0.0189636
0.0189643
0.0189651
0.0189661
0.0189672
0.0189683
0.0189696
0.018971
0.0189725
0.018974
0.0189757
0.0189774
0.0189792
0.018981
0.0189829
0.0189849
0.0189869
0.0189891
0.0189913
0.0189935
0.0189957
0.0189979
0.0190001
0.0190024
0.0190047
0.0190069
0.0190092
0.0190114
0.0190136
0.0190158
0.019018
0.0190201
0.0190223
0.0190243
0.0190264
0.0190285
0.0190307
0.0190327
0.0190349
0.019037
0.0190391
0.0190413
0.0190436
0.019046
0.0190484
0.0190509
0.0190536
0.0190563
0.0190591
0.0190621
0.0190653
0.0190686
0.0190719
0.0190756
0.0190794
0.0190835
0.0190877
0.0190921
0.0190967
0.0191015
0.0191066
0.0191117
0.0191171
0.0191227
0.0191284
0.0191344
0.0191407
0.0191471
0.0191537
0.0191605
0.0191674
0.0191745
0.0191818
0.0191892
0.0191968
0.0192046
0.0192124
0.0192204
0.0192284
0.0192367
0.0192451
0.0192535
0.019262
0.0192705
0.0192792
0.019288
0.0192968
0.0193056
0.0193145
0.0193234
0.0193323
0.0193412
0.0193502
0.0193591
0.0193681
0.019377
0.0193859
0.0193948
0.0194035
0.0194123
0.019421
0.0194296
0.019438
0.0194464
0.0194547
0.0194628
0.0194708
0.0194786
0.0194863
0.0194939
0.0195012
0.0195084
0.0195152
0.0195219
0.0195284
0.0195345
0.0195403
0.0195459
0.0195512
0.0195561
0.0195608
0.0195652
0.0195692
0.019573
0.0195764
0.0195794
0.0195821
0.0195844
0.0195863
0.0195878
0.0195891
0.0195899
0.0195903
0.0195904
0.0195902
0.0195896
0.0195887
0.0195873
0.0195857
0.0195837
0.0195814
0.0195788
0.0195759
0.0195726
0.0195692
0.0195654
0.0195614
0.0195572
0.0195527
0.019548
0.0195432
0.0195382
0.019533
0.0195277
0.0195223
0.0195167
0.019511
0.0195051
0.0194992
0.0194931
0.019487
0.0194808
0.0194745
0.0194682
0.0194618
0.0194554
0.0194489
0.0194424
0.0194359
0.0194295
0.019423
0.0194164
0.0194099
0.0194032
0.0193967
0.0193902
0.0193837
0.0193773
0.019371
0.0193646
0.0193583
0.019352
0.0193458
0.0193396
0.0193336
0.0193276
0.0193217
0.0193159
0.0193101
0.0193044
0.019299
0.0192939
0.0192887
0.0192837
0.0192789
0.0192744
0.0192699
0.0192657
0.0192618
0.0192581
0.0192546
0.0192513
0.0192482
0.0192455
0.0192431
0.019241
0.0192392
0.0192377
0.0192365
0.0192357
0.019235
0.0192347
0.0192347
0.019235
0.0192357
0.0192367
0.0192381
0.0192398
0.0192418
0.0192442
0.0192469
0.0192499
0.0192532
0.0192569
0.0192609
0.0192651
0.0192696
0.0192744
0.0192795
0.0192848
0.0192905
0.0192963
0.0193025
0.0193089
0.0193155
0.0193224
0.0193295
0.0193368
0.0193443
0.019352
0.0193599
0.0193678
0.0193761
0.0193845
0.0193931
0.0194018
0.0194106
0.0194197
0.0194288
0.0194381
0.0194475
0.0194572
0.019467
0.0194767
0.0194866
0.0194966
0.0195068
0.019517
0.0195272
0.0195375
0.0195479
0.0195583
0.0195689
0.0195795
0.01959
0.0196006
0.0196112
0.0196219
0.0196326
0.0196431
0.0196538
0.0196643
0.0196747
0.0196851
0.0196954
0.0197056
0.0197156
0.0197255
0.0197353
0.0197448
0.0197541
0.0197632
0.0197721
0.0197806
0.0197889
0.0197969
0.0198046
0.0198119
0.0198189
0.0198256
0.0198319
0.0198379
0.0198434
0.0198485
0.0198531
0.0198574
0.0198612
0.0198646
0.0198675
0.01987
0.0198721
0.0198736
0.0198747
0.0198754
0.0198756
0.0198754
0.0198748
0.0198738
0.0198724
0.0198706
0.0198684
0.0198658
0.0198629
0.0198596
0.019856
0.0198521
0.0198479
0.0198435
0.0198388
0.0198338
0.0198287
0.0198233
0.0198178
0.019812
0.019806
0.0197999
0.0197938
0.0197875
0.0197811
0.0197746
0.0197679
0.0197613
0.0197545
0.0197476
0.0197408
0.0197339
0.019727
0.0197202
0.0197132
0.0197064
0.0196994
0.0196924
0.0196854
0.0196784
0.0196714
0.0196644
0.0196574
0.0196504
0.0196434
0.0196364
0.0196295
0.0196225
0.0196155
0.0196086
0.0196016
0.0195947
0.0195877
0.0195806
0.0195736
0.0195666
0.0195596
0.0195526
0.0195457
0.0195387
0.0195317
0.0195248
0.0195177
0.0195107
0.0195037
0.0194966
0.0194896
0.0194825
0.0194756
0.0194687
0.0194617
0.0194548
0.0194478
0.0194408
0.019434
0.0194271
0.0194204
0.0194138
0.0194071
0.0194004
0.0193941
0.0193876
0.0193814
0.0193751
0.019369
0.0193629
0.0193569
0.019351
0.0193453
0.0193397
0.0193342
0.0193289
0.0193237
0.0193187
0.0193139
0.0193092
0.0193047
0.0193002
0.0192961
0.019292
0.0192882
0.0192845
0.019281
0.0192777
0.0192745
0.0192716
0.0192688
0.0192662
0.019264
0.0192618
0.0192597
0.019258
0.0192565
0.0192552
0.0192539
0.0192529
0.0192521
0.0192515
0.0192511
0.0192509
0.0192509
0.019251
0.0192513
0.0192518
0.0192526
0.0192533
0.0192543
0.0192554
0.0192568
0.0192582
0.0192598
0.0192615
0.0192633
0.0192652
0.0192672
0.0192694
0.0192717
0.0192741
0.0192766
0.0192792
0.0192818
0.0192845
0.0192873
0.0192903
0.0192933
0.0192962
0.0192992
0.0193023
0.0193055
0.0193086
0.0193118
0.0193151
0.0193182
0.0193213
0.0193245
0.0193277
0.0193308
0.0193339
0.0193368
0.0193398
0.0193427
0.0193456
0.0193483
0.019351
0.0193537
0.0193562
0.0193587
0.019361
0.0193632
0.0193653
0.0193673
0.0193692
0.019371
0.0193726
0.0193741
0.0193756
0.0193768
0.0193778
0.0193787
0.0193795
0.0193802
0.0193807
0.0193811
0.0193813
0.0193814
0.0193814
0.0193813
0.0193811
0.0193806
0.0193801
0.0193794
0.0193785
0.0193776
0.0193765
0.0193754
0.0193741
0.0193727
0.0193712
0.0193697
0.019368
0.0193663
0.0193645
0.0193627
0.0193607
0.0193588
0.0193567
0.0193546
0.0193524
0.0193502
0.0193481
0.0193459
0.0193437
0.0193415
0.0193393
0.0193371
0.019335
0.0193329
0.0193308
0.0193288
0.0193266
0.0193247
0.0193228
0.0193209
0.0193191
0.0193173
0.0193155
0.0193138
0.0193123
0.0193109
0.0193096
0.0193083
0.0193071
0.019306
0.019305
0.0193041
0.0193032
0.0193025
0.0193018
0.0193013
0.0193009
0.0193005
0.0193002
0.0193001
0.0193
0.0193001
0.0193003
0.0193007
0.0193011
0.0193016
0.0193024
0.0193033
0.0193042
0.0193053
0.0193064
0.0193077
0.0193092
0.0193107
0.0193124
0.0193141
0.019316
0.0193179
0.01932
0.0193223
0.0193246
0.019327
0.0193294
0.0193319
0.0193346
0.0193374
0.0193402
0.0193431
0.019346
0.019349
0.019352
0.0193551
0.0193583
0.0193614
0.0193647
0.0193679
0.0193711
0.0193742
0.0193774
0.0193807
0.0193839
0.0193871
0.0193903
0.0193935
0.0193965
0.0193995
0.0194024
0.0194052
0.019408
0.0194107
0.0194132
0.0194157
0.0194182
0.0194205
0.0194227
0.0194247
0.0194265
0.0194282
0.0194298
0.0194313
0.0194327
0.0194338
0.0194348
0.0194358
0.0194365
0.0194369
0.0194374
0.0194376
0.0194377
0.0194376
0.0194373
0.0194369
0.0194363
0.0194356
0.0194347
0.0194337
0.0194326
0.0194312
0.0194298
0.0194282
0.0194266
0.0194248
0.019423
0.019421
0.0194189
0.0194166
0.0194143
0.019412
0.0194095
0.0194069
0.0194043
0.0194016
0.0193989
0.0193961
0.0193932
0.0193902
0.0193872
0.0193842
0.019381
0.0193779
0.0193748
0.0193716
0.0193683
0.0193652
0.0193619
0.0193586
0.0193553
0.019352
0.0193486
0.0193453
0.0193419
0.0193385
0.0193351
0.0193317
0.0193283
0.0193249
0.0193216
0.0193182
0.0193149
0.0193117
0.0193084
0.0193051
0.0193019
0.0192987
0.0192956
0.0192925
0.0192896
0.0192866
0.0192836
0.0192808
0.019278
0.0192752
0.0192727
0.0192701
0.0192674
0.019265
0.0192626
0.0192603
0.0192579
0.0192557
0.0192535
0.0192515
0.0192494
0.0192474
0.0192454
0.0192435
0.0192416
0.0192399
0.0192382
0.0192366
0.019235
0.0192333
0.0192317
0.0192303
0.0192289
0.0192276
0.0192263
0.0192251
0.0192239
0.0192228
0.0192218
0.0192209
0.0192201
0.0192193
0.0192186
0.0192179
0.0192175
0.019217
0.0192168
0.0192166
0.0192165
0.0192167
0.0192169
0.0192172
0.0192178
0.0192185
0.0192194
0.0192206
0.0192218
0.0192233
0.0192249
0.0192268
0.0192288
0.0192311
0.0192337
0.0192364
0.0192393
0.0192424
0.0192457
0.0192494
0.0192532
0.0192572
0.0192613
0.0192658
0.0192705
0.0192753
0.0192803
0.0192855
0.0192907
0.0192961
0.0193018
0.0193075
0.0193134
0.0193193
0.0193253
0.0193314
0.0193375
0.0193435
0.0193497
0.0193558
0.0193619
0.0193679
0.019374
0.0193799
0.0193856
0.0193912
0.0193968
0.0194022
0.0194074
0.0194125
0.0194174
0.019422
0.0194264
0.0194306
0.0194345
0.0194382
0.0194417
0.0194449
0.019448
0.0194508
0.0194534
0.0194557
0.0194577
0.0194594
0.019461
0.0194624
0.0194635
0.0194644
0.0194651
0.0194655
0.0194658
0.0194659
0.0194658
0.0194656
0.0194653
0.0194649
0.0194644
0.0194637
0.0194629
0.0194621
0.0194611
0.0194601
0.0194591
0.0194581
0.019457
0.0194559
0.0194549
0.019454
0.019453
0.019452
0.0194511
0.0194502
0.0194494
0.0194487
0.019448
0.0194475
0.019447
0.0194465
0.0194462
0.0194459
0.0194457
0.0194457
0.0194457
0.0194459
0.0194462
0.0194465
0.019447
0.0194475
0.019448
0.0194487
0.0194494
0.0194502
0.0194511
0.0194521
0.0194531
0.0194541
0.0194553
0.0194564
0.0194575
0.0194586
0.0194597
0.0194608
0.0194619
0.0194629
0.0194639
0.0194649
0.0194658
0.0194667
0.0194673
0.019468
0.0194686
0.0194691
0.0194695
0.0194696
0.0194697
0.0194697
0.0194695
0.0194691
0.0194685
0.0194677
0.0194667
0.0194656
0.0194642
0.0194626
0.0194608
0.0194588
0.0194565
0.019454
0.0194514
0.0194484
0.0194453
0.0194419
0.0194383
0.0194345
0.0194304
0.0194261
0.0194216
0.0194169
0.019412
0.0194069
0.0194017
0.0193962
0.0193907
0.0193851
0.0193793
0.0193735
0.0193675
0.0193616
0.0193557
0.0193496
0.0193436
0.0193377
0.0193318
0.0193259
0.0193202
0.0193146
0.0193093
0.019304
0.0192989
0.0192941
0.0192896
0.0192852
0.0192812
0.0192775
0.019274
0.0192709
0.0192682
0.0192659
0.0192639
0.0192623
0.0192611
0.0192602
0.0192598
0.0192598
0.0192602
0.019261
0.0192623
0.0192641
0.0192662
0.0192687
0.0192716
0.0192749
0.0192785
0.0192825
0.0192869
0.0192916
0.0192968
0.0193022
0.0193078
0.0193138
0.0193199
0.0193263
0.0193331
0.01934
0.0193471
0.0193544
0.0193619
0.0193695
0.0193772
0.019385
0.0193929
0.0194008
0.019409
0.0194169
0.019425
0.0194331
0.0194412
0.0194492
0.0194572
0.0194651
0.0194729
0.0194806
0.0194882
0.0194957
0.0195031
0.0195104
0.0195175
0.0195244
0.0195312
0.0195378
0.0195442
0.0195503
0.0195563
0.0195621
0.0195678
0.0195732
0.0195784
0.0195833
0.019588
0.0195923
0.0195965
0.0196003
0.0196039
0.0196072
0.0196102
0.019613
0.0196155
0.0196177
0.0196195
0.0196211
0.0196224
0.0196234
0.019624
0.0196243
0.0196243
0.0196239
0.0196233
0.0196223
0.0196211
0.0196196
0.0196177
0.0196158
0.0196134
0.0196107
0.0196077
0.0196045
0.0196009
0.0195972
0.0195931
0.0195888
0.0195842
0.0195793
0.0195744
0.0195691
0.0195636
0.0195579
0.0195519
0.0195459
0.0195397
0.0195334
0.0195268
0.0195202
0.0195134
0.0195064
0.0194995
0.0194924
0.0194852
0.019478
0.0194707
0.0194633
0.019456
0.0194486
0.0194412
0.0194338
0.0194266
0.0194193
0.019412
0.0194048
0.0193975
0.0193904
0.0193834
0.0193765
0.0193696
0.0193628
0.0193561
0.0193495
0.019343
0.0193366
0.0193304
0.0193242
0.0193182
0.0193123
0.0193066
0.0193009
0.0192953
0.0192898
0.0192845
0.0192792
0.019274
0.0192689
0.0192639
0.019259
0.0192542
0.0192494
0.0192448
0.0192402
0.0192357
0.0192313
0.0192269
0.0192225
0.0192182
0.019214
0.0192098
0.0192056
0.0192015
0.0191976
0.0191938
0.0191899
0.0191861
0.0191824
0.0191787
0.0191753
0.0191718
0.0191686
0.0191654
0.0191623
0.0191594
0.0191565
0.0191538
0.0191513
0.0191489
0.0191467
0.0191447
0.0191429
0.0191412
0.0191396
0.0191383
0.0191372
0.0191363
0.0191356
0.0191352
0.0191351
0.019135
0.0191353
0.0191357
0.0191364
0.0191374
0.0191385
0.0191399
0.0191416
0.0191435
0.0191455
0.0191479
0.0191505
0.0191533
0.0191563
0.0191596
0.0191632
0.0191671
0.0191712
0.0191755
0.01918
0.0191848
0.0191898
0.0191952
0.0192007
0.0192065
0.0192126
0.0192188
0.0192254
0.0192322
0.0192393
0.0192466
0.0192541
0.0192619
0.01927
0.0192782
0.0192866
0.0192954
0.0193044
0.0193136
0.019323
0.0193326
0.0193425
0.0193525
0.0193627
0.0193731
0.0193836
0.0193944
0.0194052
0.0194162
0.0194273
0.0194385
0.0194498
0.0194613
0.0194728
0.0194844
0.0194961
0.0195077
0.0195193
0.019531
0.0195427
0.0195544
0.019566
0.0195775
0.0195889
0.0196002
0.0196114
0.0196226
0.0196336
0.0196445
0.0196551
0.0196656
0.0196758
0.019686
0.0196958
0.0197054
0.0197147
0.0197239
0.0197328
0.0197414
0.0197496
0.0197575
0.0197651
0.0197723
0.0197793
0.0197858
0.0197921
0.0197979
0.0198034
0.0198086
0.0198134
0.0198177
0.0198216
0.0198251
0.0198283
0.019831
0.0198333
0.0198352
0.0198367
0.0198378
0.0198384
0.0198387
0.0198386
0.0198382
0.0198373
0.0198359
0.0198342
0.0198322
0.0198297
0.0198269
0.0198237
0.0198201
0.0198162
0.0198121
0.0198074
0.0198026
0.0197975
0.019792
0.0197862
0.0197802
0.019774
0.0197677
0.019761
0.0197541
0.0197471
0.0197398
0.0197325
0.019725
0.0197174
0.0197096
0.0197018
0.0196939
0.019686
0.019678
0.01967
0.0196619
0.019654
0.019646
0.0196381
0.0196303
0.0196225
0.0196147
0.0196071
0.0195996
0.0195921
0.0195847
0.0195775
0.0195704
0.0195633
0.0195565
0.0195497
0.0195432
0.0195368
0.0195305
0.0195244
0.0195184
0.0195125
0.0195068
0.0195011
0.0194957
0.0194903
0.019485
0.0194799
0.0194748
0.01947
0.0194651
0.0194604
0.0194558
0.0194512
0.0194466
0.0194424
0.019438
0.0194337
0.0194295
0.0194254
0.0194213
0.0194173
0.0194135
0.0194096
0.0194058
0.019402
0.0193984
0.0193948
0.0193913
0.0193878
0.0193845
0.0193814
0.0193782
0.0193752
0.0193725
0.0193697
0.019367
0.0193646
0.0193622
0.01936
0.0193579
0.0193559
0.019354
0.0193523
0.0193507
0.0193494
0.0193481
0.019347
0.0193461
0.0193453
0.0193446
0.0193441
0.0193437
0.0193435
0.0193433
0.0193433
0.0193433
0.0193435
0.0193439
0.0193442
0.0193448
0.0193453
0.019346
0.0193467
0.0193475
0.0193482
0.019349
0.0193499
0.0193508
0.0193516
0.0193525
0.0193534
0.0193543
0.0193552
0.019356
0.019357
0.0193578
0.0193588
0.0193596
0.0193606
0.0193614
0.0193625
0.0193634
0.0193645
0.0193654
0.0193664
0.0193674
0.0193686
0.0193699
0.0193711
0.0193724
0.0193738
0.0193752
0.0193767
0.0193784
0.0193801
0.0193819
0.0193839
0.0193861
0.0193884
0.0193908
0.0193934
0.0193962
0.019399
0.0194021
0.0194052
0.0194085
0.019412
0.0194156
0.0194193
0.0194232
0.0194272
0.0194313
0.0194356
0.0194398
0.0194441
0.0194487
0.0194532
0.0194578
0.0194624
0.0194671
0.0194718
0.0194766
0.0194813
0.019486
0.0194906
0.0194953
0.0194999
0.0195045
0.019509
0.0195135
0.0195177
0.0195219
0.0195259
0.0195299
0.0195338
0.0195374
0.0195409
0.0195442
0.0195474
0.0195504
0.0195532
0.0195559
0.0195585
0.0195608
0.019563
0.0195649
0.0195669
0.0195685
0.01957
0.0195712
0.0195724
0.0195734
0.0195742
0.0195749
0.0195754
0.0195758
0.019576
0.0195763
0.0195762
0.0195762
0.0195761
0.0195758
0.0195755
0.0195751
0.0195746
0.0195741
0.0195735
0.0195729
0.0195724
0.0195717
0.0195711
0.0195706
0.0195701
0.0195696
0.0195692
0.0195689
0.0195686
0.0195684
0.0195684
0.0195685
0.0195686
0.0195689
0.0195694
0.01957
0.0195708
0.0195716
0.0195727
0.0195741
0.0195756
0.0195772
0.019579
0.0195811
0.0195832
0.0195856
0.0195882
0.019591
0.019594
0.0195971
0.0196004
0.019604
0.0196078
0.0196117
0.0196157
0.0196199
0.0196242
0.0196287
0.0196333
0.0196381
0.019643
0.0196479
0.019653
0.0196582
0.0196634
0.0196685
0.0196738
0.0196791
0.0196844
0.0196896
0.0196949
0.0197001
0.0197053
0.0197103
0.0197154
0.0197204
0.0197253
0.01973
0.0197347
0.0197391
0.0197434
0.0197476
0.0197516
0.0197555
0.0197593
0.0197629
0.0197662
0.0197693
0.0197722
0.0197749
0.0197776
0.01978
0.0197821
0.019784
0.0197859
0.0197875
0.0197887
0.01979
0.0197909
0.0197917
0.0197922
0.0197925
0.0197927
0.0197926
0.0197925
0.0197921
0.0197914
0.0197906
0.0197898
0.0197887
0.0197874
0.0197859
0.0197843
0.0197826
0.0197806
0.0197787
0.0197765
0.0197743
0.019772
0.0197695
0.0197671
0.0197645
0.0197619
0.019759
0.0197562
0.0197534
0.0197504
0.0197474
0.0197444
0.0197413
0.0197382
0.0197349
0.0197317
0.0197286
0.0197253
0.019722
0.0197186
0.0197153
0.0197119
0.0197085
0.019705
0.0197014
0.0196978
0.0196942
0.0196906
0.0196868
0.019683
0.0196792
0.0196753
0.0196713
0.0196673
0.0196632
0.019659
0.0196546
0.0196503
0.0196459
0.0196414
0.0196369
0.0196322
0.0196275
0.0196227
0.0196178
0.0196128
0.0196078
0.0196027
0.0195974
0.0195921
0.0195868
0.0195813
0.0195757
0.0195701
0.0195644
0.0195588
0.0195529
0.0195472
0.0195414
0.0195355
0.0195296
0.0195238
0.0195178
0.0195118
0.0195059
0.0195001
0.0194941
0.0194882
0.0194824
0.0194767
0.0194708
0.0194652
0.0194597
0.0194542
0.019449
0.0194438
0.0194386
0.0194336
0.0194287
0.0194241
0.0194195
0.019415
0.0194107
0.0194067
0.0194029
0.0193992
0.0193958
0.0193925
0.0193894
0.0193866
0.0193841
0.0193818
0.0193797
0.019378
0.0193764
0.0193752
0.0193741
0.0193732
0.0193726
0.0193723
0.0193722
0.0193723
0.0193726
0.0193731
0.019374
0.0193751
0.0193764
0.0193778
0.0193795
0.0193813
0.0193833
0.0193853
0.0193875
0.0193899
0.0193923
0.0193948
0.0193975
0.0194002
0.0194029
0.0194057
0.0194085
0.0194114
0.0194142
0.019417
0.0194198
0.0194226
0.0194252
0.0194277
0.0194301
0.0194323
0.0194345
0.0194365
0.0194383
0.01944
0.0194414
0.0194427
0.0194437
0.0194445
0.0194449
0.0194452
0.0194452
0.0194449
0.0194443
0.0194435
0.0194424
0.019441
0.0194392
0.0194371
0.0194346
0.0194318
0.0194286
0.0194251
0.0194211
0.0194169
0.0194123
0.0194073
0.0194021
0.0193964
0.0193904
0.0193839
0.0193773
0.0193702
0.0193628
0.0193551
0.019347
0.0193386
0.0193299
0.0193209
0.0193117
0.0193022
0.0192925
0.0192826
0.0192724
0.0192621
0.0192514
0.0192408
0.01923
0.0192192
0.0192082
0.0191973
0.0191862
0.0191752
0.0191642
0.0191533
0.0191423
0.0191315
0.0191208
0.0191101
0.0190998
0.0190895
0.0190794
0.0190695
0.0190599
0.0190503
0.0190412
0.0190322
0.0190235
0.0190151
0.019007
0.0189993
0.018992
0.018985
0.0189783
0.0189719
0.0189661
0.0189606
0.0189553
0.0189506
0.0189463
0.0189423
0.0189388
0.0189357
0.018933
0.0189308
0.018929
0.0189276
0.0189268
0.0189263
0.0189263
0.0189266
0.0189275
0.0189288
0.0189306
0.0189328
0.0189355
0.0189386
0.0189421
0.0189461
0.0189505
0.0189553
0.0189604
0.018966
0.018972
0.0189784
0.0189852
0.0189922
0.0189997
0.0190074
0.0190154
0.0190237
0.0190323
0.0190412
0.0190503
0.0190596
0.0190691
0.0190788
0.0190886
0.0190986
0.0191087
0.0191187
0.019129
0.0191393
0.0191496
0.01916
0.0191704
0.0191808
0.0191911
0.0192015
0.0192117
0.0192219
0.0192319
0.019242
0.0192519
0.0192618
0.0192715
0.0192812
0.0192908
0.0193003
0.0193098
0.0193191
0.0193282
0.0193374
0.0193465
0.0193556
0.0193645
0.0193734
0.0193821
0.0193909
0.0193996
0.0194082
0.0194168
0.0194255
0.0194342
0.0194429
0.0194516
0.0194603
0.0194691
0.0194779
0.0194869
0.0194959
0.019505
0.0195141
0.0195233
0.0195326
0.019542
0.0195516
0.0195612
0.0195709
0.0195808
0.0195907
0.0196007
0.0196106
0.0196207
0.0196308
0.019641
0.0196513
0.0196616
0.0196719
0.0196823
0.0196928
0.0197034
0.0197137
0.0197242
0.0197347
0.019745
0.0197553
0.0197655
0.0197758
0.019786
0.0197959
0.0198059
0.0198158
0.0198255
0.0198351
0.0198445
0.0198539
0.019863
0.019872
0.0198808
0.0198894
0.0198979
0.0199061
0.0199142
0.019922
0.0199296
0.0199372
0.0199445
0.0199516
0.0199583
0.0199649
0.0199712
0.0199773
0.0199833
0.019989
0.0199945
0.0199997
0.0200047
0.0200095
0.020014
0.0200183
0.0200223
0.0200261
0.0200297
0.020033
0.0200361
0.0200391
0.0200418
0.0200443
0.0200465
0.0200485
0.0200504
0.020052
0.0200534
0.0200545
0.0200556
0.0200564
0.0200571
0.0200576
0.0200579
0.0200581
0.0200582
0.020058
0.0200577
0.0200572
0.0200567
0.0200561
0.0200554
0.0200545
0.0200535
0.0200525
0.0200514
0.0200502
0.020049
0.0200478
0.0200466
0.0200452
0.0200439
0.0200424
0.0200411
0.0200396
0.0200383
0.0200368
0.0200354
0.0200339
0.0200324
0.0200309
0.0200296
0.0200281
0.0200267
0.0200252
0.0200239
0.0200225
0.0200211
0.0200197
0.0200183
0.020017
0.0200156
0.0200143
0.0200129
0.0200114
0.0200099
0.0200082
0.0200066
0.0200048
0.020003
0.0200012
0.0199992
0.019997
0.0199947
0.0199923
0.0199897
0.019987
0.0199842
0.0199813
0.019978
0.0199747
0.0199711
0.0199673
0.0199632
0.019959
0.0199546
0.0199499
0.019945
0.0199398
0.0199343
0.0199285
0.0199223
0.019916
0.0199094
0.0199027
0.0198957
0.0198883
0.0198807
0.0198728
0.0198648
0.0198564
0.0198479
0.0198392
0.0198302
0.0198209
0.0198115
0.0198018
0.019792
0.019782
0.0197718
0.0197615
0.0197509
0.0197403
0.0197296
0.0197187
0.0197076
0.0196966
0.0196854
0.0196741
0.0196627
0.0196512
0.0196397
0.0196283
0.0196167
0.0196051
0.0195935
0.0195818
0.0195701
0.0195585
0.0195469
0.0195351
0.0195235
0.0195119
0.0195004
0.0194889
0.0194774
0.0194659
0.0194545
0.0194432
0.0194319
0.0194207
0.0194097
0.0193988
0.019388
0.0193772
0.0193666
0.0193561
0.0193457
0.0193354
0.0193254
0.0193154
0.0193056
0.0192961
0.0192867
0.0192774
0.0192683
0.0192594
0.0192506
0.0192422
0.019234
0.0192259
0.0192181
0.0192106
0.0192033
0.0191963
0.0191894
0.0191829
0.0191766
0.0191706
0.0191649
0.0191593
0.0191541
0.019149
0.0191442
0.0191397
0.0191355
0.0191315
0.0191276
0.019124
0.0191208
0.0191177
0.0191148
0.0191122
0.0191097
0.0191074
0.0191053
0.0191033
0.0191015
0.0190998
0.0190984
0.0190971
0.0190959
0.0190948
0.019094
0.0190932
0.0190926
0.0190921
0.0190917
0.0190915
0.0190914
0.0190913
0.0190914
0.0190917
0.0190921
0.0190926
0.0190932
0.0190938
0.0190946
0.0190955
0.0190964
0.0190976
0.0190988
0.0191
0.0191014
0.0191029
0.0191045
0.0191064
0.0191082
0.0191102
0.0191121
0.0191143
0.0191164
0.0191187
0.0191211
0.0191235
0.019126
0.0191286
0.0191313
0.019134
0.0191369
0.0191397
0.0191426
0.0191454
0.0191483
0.0191514
0.0191544
0.0191574
0.0191603
0.0191632
0.019166
0.0191689
0.0191717
0.0191745
0.0191771
0.0191798
0.0191822
0.0191846
0.019187
0.0191891
0.0191912
0.0191931
0.0191949
0.0191966
0.0191982
0.0191996
0.0192009
0.019202
0.019203
0.0192039
0.0192047
0.0192053
0.0192057
0.019206
0.0192062
0.0192063
0.0192062
0.019206
0.0192058
0.0192054
0.019205
0.0192044
0.0192037
0.0192031
0.0192024
0.0192017
0.0192009
0.0192002
0.0191995
0.019199
0.0191984
0.019198
0.0191975
0.0191972
0.019197
0.0191969
0.0191971
0.0191973
0.0191976
0.0191982
0.0191989
0.0191998
0.0192008
0.0192021
0.0192036
0.0192053
0.0192073
0.0192094
0.0192118
0.0192143
0.0192169
0.0192197
0.0192228
0.0192261
0.0192295
0.0192331
0.0192368
0.0192406
0.0192446
0.0192486
0.0192527
0.019257
0.0192614
0.0192658
0.0192702
0.0192746
0.0192791
0.0192835
0.0192878
0.0192922
0.0192965
0.0193007
0.0193048
0.0193089
0.0193128
0.0193166
0.0193203
0.019324
0.0193275
0.0193307
0.0193339
0.019337
0.0193398
0.0193425
0.0193451
0.0193475
0.0193497
0.0193519
0.0193539
0.0193558
0.0193575
0.0193592
0.0193607
0.0193621
0.0193634
0.0193646
0.0193658
0.0193668
0.0193678
0.0193688
0.0193696
0.0193703
0.0193712
0.019372
0.0193729
0.0193737
0.0193746
0.0193754
0.0193763
0.0193772
0.0193781
0.019379
0.0193801
0.0193811
0.0193822
0.0193834
0.0193846
0.0193859
0.019387
0.0193882
0.0193895
0.0193908
0.0193922
0.0193935
0.0193948
0.0193961
0.0193974
0.0193988
0.0194001
0.0194014
0.0194026
0.0194037
0.0194049
0.0194059
0.0194069
0.0194078
0.0194086
0.0194092
0.0194097
0.0194101
0.0194104
0.0194105
0.0194105
0.0194104
0.0194101
0.0194098
0.0194093
0.0194087
0.0194078
0.0194069
0.0194057
0.0194045
0.0194031
0.0194017
0.0194002
0.0193985
0.0193967
0.0193948
0.0193928
0.0193909
0.0193887
0.0193867
0.0193846
0.0193825
0.0193805
0.0193785
0.0193766
0.0193747
0.019373
0.0193715
0.01937
0.0193686
0.0193675
0.0193666
0.0193657
0.0193652
0.019365
0.0193651
0.0193652
0.0193658
0.0193665
0.0193675
0.0193689
0.0193706
0.0193726
0.0193748
0.0193774
0.0193803
0.0193833
0.0193867
0.0193903
0.0193942
0.0193984
0.0194027
0.0194072
0.019412
0.0194169
0.0194219
0.0194271
0.0194324
0.0194379
0.0194434
0.0194488
0.0194544
0.0194599
0.0194654
0.019471
0.0194764
0.0194817
0.019487
0.0194921
0.0194973
0.0195022
0.0195069
0.0195115
0.0195159
0.0195201
0.0195241
0.0195278
0.0195314
0.0195347
0.0195377
0.0195403
0.0195428
0.0195451
0.0195472
0.0195489
0.0195505
0.0195518
0.0195527
0.0195536
0.0195542
0.0195545
0.0195547
0.0195545
0.0195541
0.0195537
0.0195531
0.0195522
0.0195512
0.0195501
0.0195488
0.0195474
0.019546
0.0195443
0.0195427
0.019541
0.0195392
0.0195375
0.0195356
0.0195336
0.0195315
0.0195294
0.0195274
0.0195253
0.0195233
0.0195213
0.0195193
0.0195174
0.0195154
0.0195135
0.0195116
0.0195098
0.019508
0.0195062
0.0195044
0.0195027
0.0195011
0.0194995
0.0194978
0.0194964
0.0194948
0.0194933
0.0194919
0.0194905
0.0194891
0.0194877
0.0194863
0.019485
0.0194835
0.0194821
0.0194807
0.0194792
0.0194778
0.0194763
0.0194748
0.0194733
0.0194716
0.01947
0.0194682
0.0194665
0.0194646
0.0194625
0.0194604
0.0194583
0.019456
0.0194536
0.0194511
0.0194485
0.0194458
0.0194431
0.01944
0.019437
0.0194339
0.0194308
0.0194275
0.0194242
0.0194207
0.0194171
0.0194135
0.0194099
0.0194062
0.0194024
0.0193986
0.0193948
0.0193911
0.0193873
0.0193835
0.0193798
0.0193761
0.0193725
0.0193689
0.0193653
0.0193619
0.0193585
0.0193552
0.019352
0.019349
0.019346
0.0193432
0.0193405
0.019338
0.0193357
0.0193334
0.0193315
0.0193297
0.019328
0.0193265
0.0193252
0.0193242
0.0193233
0.0193226
0.019322
0.0193217
0.0193216
0.0193216
0.0193218
0.0193223
0.0193228
0.0193236
0.0193245
0.0193257
0.019327
0.0193286
0.0193301
0.0193319
0.0193339
0.0193361
0.0193385
0.019341
0.0193438
0.0193467
0.0193498
0.0193531
0.0193564
0.01936
0.0193636
0.0193675
0.0193715
0.0193757
0.0193799
0.0193843
0.0193888
0.0193935
0.0193982
0.0194031
0.0194081
0.0194132
0.0194182
0.0194235
0.0194288
0.0194342
0.0194395
0.0194449
0.0194503
0.0194557
0.0194612
0.0194665
0.0194719
0.0194773
0.0194826
0.019488
0.0194932
0.0194983
0.0195034
0.0195084
0.0195133
0.0195182
0.0195231
0.0195277
0.0195323
0.0195368
0.0195412
0.0195455
0.0195496
0.0195537
0.0195577
0.0195614
0.0195651
0.0195688
0.0195722
0.0195756
0.0195788
0.0195818
0.0195848
0.0195876
0.0195903
0.0195929
0.0195955
0.0195978
0.0196
0.0196022
0.0196042
0.019606
0.0196078
0.0196092
0.0196106
0.0196119
0.019613
0.0196139
0.0196147
0.0196152
0.0196156
0.0196159
0.019616
0.0196159
0.0196156
0.0196152
0.0196145
0.0196135
0.0196125
0.0196113
0.0196097
0.019608
0.0196063
0.0196042
0.019602
0.0195996
0.019597
0.0195942
0.0195913
0.0195883
0.0195851
0.0195818
0.0195783
0.0195748
0.0195711
0.0195673
0.0195634
0.0195595
0.0195555
0.0195515
0.0195474
0.0195435
0.0195395
0.0195356
0.0195316
0.0195278
0.019524
0.0195204
0.0195168
0.0195134
0.0195101
0.019507
0.019504
0.0195012
0.0194984
0.019496
0.0194937
0.0194915
0.0194897
0.019488
0.0194865
0.0194852
0.0194842
0.0194833
0.0194826
0.0194822
0.0194819
0.0194819
0.0194821
0.0194824
0.0194829
0.0194835
0.0194844
0.0194854
0.0194865
0.0194878
0.0194892
0.0194907
0.0194922
0.0194939
0.0194956
0.0194973
0.0194993
0.0195012
0.019503
0.0195048
0.0195066
0.0195086
0.0195104
0.0195121
0.0195137
0.0195155
0.0195171
0.0195186
0.0195201
0.0195215
0.0195228
0.019524
0.0195252
0.0195261
0.0195271
0.019528
0.0195289
0.0195296
0.0195303
0.0195308
0.0195314
0.0195319
0.0195324
0.0195329
0.0195333
0.0195338
0.0195341
0.0195346
0.019535
0.0195354
0.019536
0.0195365
0.0195369
0.0195374
0.019538
0.0195385
0.0195392
0.0195398
0.0195404
0.0195411
0.0195417
0.0195425
0.0195432
0.019544
0.0195447
0.0195455
0.0195462
0.019547
0.0195478
0.0195485
0.0195492
0.0195499
0.0195505
0.0195512
0.0195518
0.0195523
0.0195527
0.019553
0.0195533
0.0195534
0.0195536
0.0195535
0.0195534
0.0195532
0.0195529
0.0195525
0.019552
0.0195515
0.0195508
0.01955
0.019549
0.019548
0.0195469
0.0195458
0.0195445
0.0195432
0.0195418
0.0195404
0.0195388
0.0195372
0.0195355
0.0195339
0.0195323
0.0195304
0.0195287
0.0195268
0.0195249
0.0195231
0.0195212
0.0195193
0.0195176
0.0195158
0.0195141
0.0195124
0.0195107
0.0195092
0.0195076
0.0195061
0.0195048
0.0195035
0.0195023
0.0195011
0.0195001
0.0194991
0.0194982
0.0194974
0.0194967
0.0194961
0.0194957
0.0194953
0.0194952
0.0194951
0.0194951
0.0194952
0.0194954
0.0194957
0.0194963
0.0194969
0.0194976
0.0194984
0.0194993
0.0195004
0.0195016
0.0195028
0.0195041
0.0195055
0.0195071
0.0195087
0.0195103
0.0195121
0.0195138
0.0195156
0.0195175
0.0195195
0.0195214
0.0195235
0.0195254
0.0195274
0.0195294
0.0195315
0.0195335
0.0195355
0.0195375
0.0195395
0.0195415
0.0195434
0.0195453
0.0195472
0.019549
0.0195508
0.0195525
0.0195543
0.019556
0.0195576
0.0195594
0.019561
0.0195627
0.0195643
0.0195659
0.0195674
0.0195688
0.0195702
0.0195715
0.0195728
0.0195741
0.0195754
0.0195765
0.0195775
0.0195786
0.0195795
0.0195805
0.0195813
0.0195821
0.0195827
0.0195832
0.0195836
0.0195839
0.0195841
0.0195841
0.0195841
0.0195838
0.0195834
0.0195829
0.0195821
0.0195812
0.0195801
0.0195788
0.0195773
0.0195756
0.0195736
0.0195714
0.0195691
0.0195665
0.0195636
0.0195606
0.0195573
0.0195538
0.01955
0.0195462
0.019542
0.0195376
0.019533
0.0195281
0.0195231
0.0195179
0.0195125
0.0195071
0.0195012
0.0194953
0.0194893
0.0194832
0.0194769
0.0194705
0.019464
0.0194574
0.0194506
0.0194439
0.019437
0.0194301
0.019423
0.0194161
0.0194091
0.0194021
0.019395
0.019388
0.019381
0.019374
0.0193671
0.0193601
0.0193532
0.0193464
0.0193397
0.0193328
0.0193261
0.0193195
0.0193129
0.0193063
0.0192998
0.0192934
0.0192871
0.0192808
0.0192746
0.0192684
0.0192625
0.0192566
0.0192508
0.019245
0.0192393
0.0192337
0.0192283
0.0192229
0.0192177
0.0192127
0.0192077
0.0192028
0.0191979
0.0191933
0.0191888
0.0191845
0.0191801
0.019176
0.0191722
0.0191684
0.0191648
0.0191613
0.019158
0.019155
0.0191521
0.0191494
0.0191469
0.0191446
0.0191425
0.0191405
0.0191388
0.0191372
0.0191359
0.0191347
0.0191337
0.0191329
0.0191322
0.0191317
0.0191315
0.0191313
0.0191313
0.0191316
0.019132
0.0191325
0.0191331
0.019134
0.0191349
0.019136
0.0191373
0.0191386
0.01914
0.0191415
0.019143
0.0191447
0.0191465
0.0191483
0.0191501
0.0191521
0.019154
0.0191558
0.0191578
0.0191597
0.0191615
0.0191634
0.0191653
0.0191671
0.0191688
0.0191705
0.0191722
0.0191736
0.0191751
0.0191764
0.0191776
0.0191788
0.0191798
0.0191807
0.0191814
0.019182
0.0191825
0.0191827
0.0191828
0.0191829
0.0191827
0.0191824
0.0191818
0.0191811
0.0191803
0.0191792
0.0191781
0.0191769
0.0191755
0.019174
0.0191724
0.0191705
0.0191686
0.0191666
0.0191645
0.0191623
0.0191599
0.0191575
0.0191551
0.0191526
0.0191501
0.0191476
0.0191451
0.0191426
0.0191402
0.0191377
0.0191353
0.019133
0.0191307
0.0191286
0.0191265
0.0191246
0.0191227
0.019121
0.0191194
0.0191179
0.0191165
0.0191154
0.0191143
0.0191134
0.0191127
0.0191122
0.0191117
0.0191116
0.0191116
0.0191117
0.019112
0.0191124
0.0191131
0.0191138
0.0191147
0.0191156
0.0191167
0.0191179
0.0191193
0.0191207
0.0191221
0.0191236
0.0191253
0.019127
0.0191287
0.0191305
0.0191323
0.019134
0.0191357
0.0191374
0.0191391
0.0191406
0.0191422
0.0191436
0.019145
0.0191464
0.0191477
0.0191488
0.0191497
0.0191506
0.0191512
0.0191517
0.0191522
0.0191525
0.0191525
0.0191525
0.0191522
0.0191517
0.0191512
0.0191503
0.0191493
0.0191482
0.0191469
0.0191453
0.0191437
0.0191417
0.0191396
0.0191374
0.019135
0.0191324
0.0191296
0.0191267
0.0191236
0.0191204
0.0191169
0.0191133
0.0191096
0.0191056
0.0191016
0.0190974
0.0190932
0.0190888
0.0190845
0.0190798
0.0190752
0.0190704
0.0190656
0.0190606
0.0190557
0.0190507
0.0190456
0.0190406
0.0190355
0.0190303
0.0190253
0.0190202
0.0190151
0.0190102
0.0190053
0.0190005
0.0189958
0.0189912
0.0189866
0.0189822
0.0189778
0.0189736
0.0189695
0.0189656
0.0189618
0.0189581
0.0189548
0.0189516
0.0189486
0.0189458
0.0189432
0.0189408
0.0189386
0.0189368
0.0189352
0.0189339
0.0189327
0.0189319
0.0189314
0.0189312
0.0189312
0.0189316
0.0189323
0.0189333
0.0189347
0.0189363
0.0189383
0.0189406
0.0189432
0.0189461
0.0189494
0.0189529
0.0189568
0.0189612
0.0189659
0.0189708
0.0189761
0.0189817
0.0189877
0.0189941
0.0190006
0.0190075
0.0190146
0.0190222
0.01903
0.0190382
0.0190466
0.0190552
0.0190641
0.0190733
0.0190827
0.0190923
0.0191023
0.0191125
0.0191228
0.0191334
0.0191441
0.019155
0.019166
0.0191773
0.0191887
0.0192001
0.0192118
0.0192235
0.0192353
0.0192471
0.019259
0.0192708
0.0192828
0.0192947
0.0193065
0.0193183
0.0193301
0.0193417
0.0193532
0.0193646
0.0193758
0.0193868
0.0193977
0.0194084
0.0194189
0.0194292
0.0194392
0.0194489
0.0194583
0.0194674
0.0194762
0.0194846
0.0194926
0.0195004
0.0195077
0.0195147
0.0195213
0.0195276
0.0195335
0.0195389
0.0195439
0.0195485
0.0195527
0.0195566
0.0195601
0.0195632
0.019566
0.0195684
0.0195705
0.0195724
0.0195737
0.0195748
0.0195757
0.0195763
0.0195766
0.0195766
0.0195764
0.019576
0.0195754
0.0195746
0.0195737
0.0195727
0.0195716
0.0195703
0.019569
0.0195676
0.0195662
0.0195646
0.0195631
0.0195617
0.0195602
0.0195587
0.0195573
0.0195559
0.0195546
0.0195533
0.0195521
0.0195509
0.01955
0.019549
0.0195481
0.0195472
0.0195465
0.0195458
0.0195453
0.0195448
0.0195444
0.019544
0.0195436
0.0195434
0.0195431
0.0195429
0.0195426
0.0195423
0.019542
0.0195418
0.0195415
0.0195411
0.0195405
0.0195399
0.0195392
0.0195383
0.0195374
0.0195363
0.0195352
0.0195338
0.0195323
0.0195305
0.0195287
0.0195265
0.0195243
0.0195219
0.0195194
0.0195166
0.0195136
0.0195105
0.0195072
0.0195037
0.0195001
0.0194963
0.0194924
0.0194884
0.0194843
0.0194801
0.0194758
0.0194715
0.0194671
0.0194626
0.0194582
0.0194537
0.0194494
0.019445
0.0194407
0.0194365
0.0194325
0.0194284
0.0194245
0.0194207
0.0194171
0.0194135
0.0194102
0.0194071
0.0194042
0.0194015
0.019399
0.0193967
0.0193947
0.0193929
0.0193913
0.0193899
0.0193889
0.0193882
0.0193876
0.0193873
0.0193873
0.0193875
0.019388
0.0193886
0.0193896
0.0193909
0.0193924
0.0193941
0.0193959
0.019398
0.0194004
0.0194029
0.0194057
0.0194087
0.0194118
0.0194151
0.0194185
0.0194221
0.0194258
0.0194296
0.0194335
0.0194374
0.0194414
0.0194455
0.0194496
0.0194539
0.019458
0.019462
0.0194662
0.0194703
0.0194744
0.0194785
0.0194824
0.0194863
0.0194902
0.0194938
0.0194974
0.0195009
0.0195043
0.0195075
0.0195106
0.0195136
0.0195166
0.0195194
0.019522
0.0195246
0.0195271
0.0195295
0.0195317
0.0195338
0.0195359
0.0195378
0.0195397
0.0195416
0.0195433
0.019545
0.0195466
0.0195482
0.0195497
0.0195513
0.0195528
0.0195543
0.0195558
0.0195573
0.0195588
0.0195604
0.0195619
0.0195633
0.0195649
0.0195664
0.019568
0.0195695
0.019571
0.0195726
0.0195741
0.0195757
0.0195772
0.0195788
0.0195803
0.0195819
0.0195835
0.0195851
0.0195866
0.0195881
0.0195895
0.019591
0.0195924
0.0195937
0.0195949
0.0195962
0.0195974
0.0195985
0.0195995
0.0196005
0.0196014
0.0196021
0.0196028
0.0196034
0.019604
0.0196046
0.019605
0.0196054
0.0196057
0.0196058
0.0196059
0.019606
0.0196059
0.0196058
0.0196055
0.0196053
0.019605
0.0196046
0.0196042
0.0196037
0.0196032
0.0196026
0.0196021
0.0196015
0.019601
0.0196004
0.0195998
0.0195992
0.0195986
0.019598
0.0195975
0.0195969
0.0195963
0.019596
0.0195956
0.0195953
0.019595
0.0195948
0.0195947
0.0195947
0.0195947
0.0195949
0.0195951
0.0195953
0.0195958
0.0195964
0.019597
0.0195978
0.0195987
0.0195997
0.0196009
0.0196022
0.0196036
0.0196052
0.019607
0.0196088
0.0196109
0.019613
0.0196154
0.0196178
0.0196204
0.0196231
0.019626
0.019629
0.0196321
0.0196353
0.0196387
0.0196423
0.0196459
0.0196496
0.0196535
0.0196574
0.0196614
0.0196655
0.0196696
0.0196738
0.019678
0.0196822
0.0196866
0.0196909
0.0196951
0.0196994
0.0197036
0.0197079
0.0197121
0.0197162
0.0197202
0.0197242
0.0197281
0.0197319
0.0197356
0.0197392
0.0197426
0.0197459
0.0197491
0.0197521
0.0197549
0.0197576
0.01976
0.0197622
0.0197643
0.0197662
0.0197679
0.0197694
0.0197707
0.0197717
0.0197726
0.0197732
0.0197736
0.0197738
0.0197738
0.0197735
0.0197731
0.0197724
0.0197715
0.0197705
0.0197691
0.0197676
0.0197659
0.019764
0.019762
0.0197597
0.0197573
0.0197546
0.0197518
0.0197487
0.0197456
0.0197422
0.0197386
0.019735
0.0197311
0.0197271
0.0197228
0.0197185
0.0197139
0.0197093
0.0197045
0.0196996
0.0196944
0.0196891
0.0196837
0.019678
0.0196723
0.0196665
0.0196605
0.0196544
0.0196482
0.0196418
0.0196352
0.0196285
0.0196216
0.0196146
0.0196073
0.0195999
0.0195926
0.0195849
0.0195771
0.019569
0.0195609
0.0195525
0.0195439
0.0195353
0.0195265
0.0195176
0.0195084
0.0194989
0.0194894
0.0194797
0.0194698
0.0194597
0.0194495
0.0194391
0.0194284
0.0194177
0.0194067
0.0193957
0.0193846
0.0193733
0.0193619
0.0193502
0.0193385
0.0193266
0.0193146
0.0193025
0.0192903
0.0192782
0.0192658
0.0192534
0.0192409
0.0192285
0.019216
0.0192035
0.019191
0.0191785
0.019166
0.0191535
0.0191411
0.0191287
0.0191163
0.0191042
0.0190921
0.01908
0.0190682
0.0190564
0.0190446
0.019033
0.0190218
0.0190105
0.0189995
0.0189888
0.0189782
0.0189679
0.0189577
0.0189477
0.018938
0.0189286
0.0189194
0.0189105
0.0189019
0.0188934
0.0188854
0.0188777
0.0188701
0.0188629
0.0188561
0.0188496
0.0188433
0.0188373
0.0188317
0.0188263
0.0188212
0.0188164
0.018812
0.0188079
0.018804
0.0188004
0.0187971
0.0187942
0.0187915
0.0187891
0.018787
0.0187851
0.0187835
0.0187821
0.0187811
0.0187804
0.0187798
0.0187794
0.0187793
0.0187793
0.0187795
0.01878
0.0187805
0.0187814
0.0187823
0.0187834
0.0187845
0.0187859
0.0187873
0.0187889
0.0187904
0.0187921
0.0187938
0.0187956
0.0187973
0.018799
0.0188008
0.0188025
0.0188043
0.018806
0.0188076
0.0188092
0.0188108
0.0188122
0.0188137
0.018815
0.0188163
0.0188175
0.0188186
0.0188196
0.0188205
0.0188212
0.0188219
0.0188224
0.0188228
0.0188231
0.0188234
0.0188237
0.0188238
0.0188239
0.0188239
0.0188239
0.0188237
0.0188235
0.0188234
0.0188232
0.018823
0.0188228
0.0188225
0.0188223
0.0188221
0.0188221
0.018822
0.018822
0.0188221
0.0188222
0.0188225
0.0188229
0.0188234
0.0188241
0.0188249
0.0188258
0.0188269
0.0188281
0.0188295
0.0188311
0.018833
0.018835
0.0188372
0.0188396
0.0188422
0.0188451
0.0188484
0.0188518
0.0188554
0.0188592
0.0188634
0.0188678
0.0188726
0.0188776
0.0188829
0.0188885
0.0188943
0.0189006
0.0189071
0.018914
0.0189212
0.0189287
0.0189365
0.0189446
0.0189532
0.018962
0.0189713
0.0189809
0.0189907
0.0190008
0.0190114
0.0190221
0.0190333
0.0190447
0.0190564
0.0190684
0.0190807
0.0190934
0.0191063
0.0191194
0.0191327
0.0191463
0.01916
0.0191739
0.0191879
0.0192021
0.0192165
0.0192308
0.0192452
0.0192598
0.0192744
0.0192889
0.0193035
0.019318
0.0193325
0.0193469
0.0193612
0.0193753
0.0193893
0.0194031
0.0194168
0.0194303
0.0194435
0.0194565
0.0194691
0.0194815
0.0194936
0.0195054
0.0195169
0.019528
0.0195387
0.0195491
0.019559
0.0195686
0.0195779
0.0195867
0.0195952
0.0196031
0.0196107
0.0196179
0.0196246
0.019631
0.0196369
0.0196424
0.0196475
0.0196523
0.0196565
0.0196604
0.019664
0.0196672
0.01967
0.0196724
0.0196746
0.0196765
0.019678
0.0196791
0.0196801
0.0196807
0.0196811
0.0196813
0.0196813
0.0196811
0.0196807
0.0196801
0.0196793
0.0196786
0.0196775
0.0196765
0.0196755
0.0196742
0.019673
0.0196717
0.0196703
0.019669
0.0196676
0.0196662
0.0196648
0.0196634
0.019662
0.0196607
0.0196593
0.019658
0.0196567
0.0196555
0.0196543
0.0196531
0.0196519
0.0196508
0.0196497
0.0196486
0.0196475
0.0196464
0.0196453
0.0196442
0.0196431
