0.73665
0.746793
0.752515
0.75956
0.767962
0.777765
0.789019
0.801779
0.816103
0.832057
0.84971
0.86913
0.890386
0.913542
0.938653
0.965756
0.994865
1.02596
1.05897
1.09378
1.13018
1.1679
1.20655
1.24567
1.28469
1.32299
1.35992
1.39485
1.42721
1.4566
1.48274
1.50557
1.52523
1.54199
1.55628
1.56852
1.57909
1.58823
1.59593
1.60205
1.60637
1.60879
1.60951
1.60893
1.60754
1.60572
1.60364
1.60134
1.59867
1.59547
1.59158
1.58692
1.5815
1.5754
1.56881
1.56191
1.55491
1.54796
1.54119
1.53469
1.52852
1.52271
1.5173
1.51229
1.5077
1.50351
1.49972
1.49631
1.49323
1.49041
1.48778
1.48522
1.48266
1.48003
1.47731
1.4745
1.47164
1.46878
1.46596
1.46323
1.46063
1.45819
1.45591
1.45382
1.45195
1.45031
1.44895
1.44791
1.44722
1.44689
1.44696
1.4474
1.4482
1.44928
1.45053
1.4518
1.45295
1.45386
1.45452
1.455
1.45545
1.45605
1.45696
1.45831
1.46013
1.4624
1.46501
1.46782
1.47071
1.47358
1.47636
1.47906
1.48169
1.48431
1.48699
1.4898
1.4928
1.49609
1.49972
1.50376
1.50823
1.51309
1.51827
1.5236
1.52885
1.53373
1.53796
1.54125
1.54341
1.54434
1.5441
1.54289
1.5411
1.53919
1.53759
1.53667
1.53663
1.53752
1.53929
1.54181
1.54491
1.54841
1.55212
1.55586
1.55943
1.56268
1.56553
1.56794
1.56998
1.57177
1.57344
1.57512
1.5769
1.57879
1.58079
1.58284
1.5849
1.5869
1.58879
1.59044
1.59161
1.59195
1.59113
1.58899
1.5857
1.58162
1.57722
1.57286
1.56876
1.56503
1.5617
1.55877
1.55621
1.55399
1.5521
1.55052
1.54928
1.54841
1.54795
1.54788
1.54817
1.54871
1.54938
1.55007
1.55069
1.55122
1.55171
1.55228
1.55307
1.55428
1.55608
1.5586
1.56188
1.56586
1.57036
1.57507
1.57965
1.58377
1.58714
1.58963
1.59118
1.59189
1.59191
1.59145
1.59073
1.58992
1.58914
1.58841
1.58766
1.58679
1.58567
1.58419
1.58228
1.57995
1.57721
1.5741
1.57066
1.56695
1.56302
1.55895
1.55481
1.55067
1.54656
1.54249
1.53837
1.53413
1.5297
1.52509
1.52038
1.51579
1.51153
1.50786
1.50496
1.50296
1.5019
1.50177
1.50254
1.50412
1.50643
1.50937
1.51282
1.51666
1.52065
1.5245
1.5278
1.5301
1.53097
1.53017
1.52767
1.52371
1.51872
1.5132
1.50761
1.50231
1.49753
1.4934
1.48997
1.48724
1.48517
1.48371
1.48278
1.48229
1.48214
1.48227
1.48262
1.4832
1.48404
1.48521
1.48677
1.48873
1.49108
1.49376
1.49666
1.49967
1.50261
1.50534
1.50772
1.50964
1.51108
1.51207
1.51268
1.51299
1.51304
1.51277
1.51207
1.51081
1.5089
1.50643
1.50361
1.50071
1.49803
1.49577
1.49404
1.49288
1.49229
1.49226
1.49283
1.49403
1.49592
1.49853
1.50187
1.50588
1.51043
1.51539
1.52054
1.52568
1.53061
1.53517
1.53926
1.54282
1.54582
1.54821
1.54993
1.55087
1.55095
1.5501
1.54833
1.5457
1.54228
1.53819
1.53352
1.52834
1.52273
1.5168
1.51069
1.50463
1.49888
1.49372
1.48941
1.48614
1.48403
1.48314
1.48345
1.48488
1.48729
1.49052
1.49436
1.49863
1.50314
1.50781
1.51259
1.5175
1.52257
1.52775
1.53292
1.53788
1.54241
1.54636
1.54968
1.55247
1.55488
1.55709
1.55916
1.56106
1.56255
1.56327
1.5628
1.56081
1.55722
1.55227
1.54644
1.54025
1.53417
1.52851
1.52344
1.51902
1.51523
1.51205
1.50942
1.50727
1.50557
1.50424
1.50327
1.50265
1.50242
1.50267
1.50357
1.50532
1.5081
1.51198
1.51675
1.52181
1.52629
1.5294
1.53084
1.53093
1.53028
1.52939
1.52856
1.52789
1.52738
1.52705
1.52691
1.52697
1.52727
1.52784
1.52869
1.52984
1.53125
1.5329
1.53469
1.53651
1.53824
1.53974
1.54086
1.54148
1.54149
1.54083
1.53943
1.53729
1.53444
1.53093
1.52686
1.52235
1.51752
1.51253
1.50752
1.50263
1.49804
1.49392
1.49041
1.48767
1.48583
1.48498
1.48526
1.48675
1.4895
1.49354
1.49877
1.50499
1.51186
1.51884
1.52523
1.53032
1.53358
1.53483
1.53432
1.53262
1.53037
1.52815
1.52632
1.52508
1.52447
1.52447
1.52499
1.52591
1.52712
1.5285
1.52991
1.53123
1.53234
1.5331
1.5334
1.53313
1.53227
1.53085
1.52898
1.52682
1.52459
1.52246
1.52062
1.51917
1.51816
1.51758
1.51733
1.5173
1.51735
1.51737
1.51734
1.51732
1.51739
1.51766
1.5182
1.51901
1.52005
1.52126
1.5226
1.52402
1.52552
1.52712
1.52886
1.53076
1.53285
1.5351
1.53747
1.53988
1.54228
1.54459
1.5468
1.54897
1.55116
1.55347
1.55601
1.55885
1.56204
1.56556
1.56933
1.57318
1.57686
1.58006
1.58244
1.58368
1.58356
1.58194
1.57884
1.57439
1.56886
1.56266
1.55619
1.54987
1.54398
1.5387
1.53411
1.5302
1.5269
1.52414
1.52182
1.51985
1.51815
1.51666
1.51535
1.51423
1.51332
1.51265
1.51225
1.51207
1.51207
1.51214
1.51221
1.5122
1.51205
1.51171
1.51111
1.51028
1.5093
1.50833
1.50755
1.50708
1.50695
1.50706
1.50724
1.50731
1.50712
1.50663
1.50589
1.50498
1.504
1.50304
1.50219
1.50151
1.50102
1.50076
1.5007
1.50077
1.50084
1.50077
1.50039
1.49958
1.49828
1.49654
1.49447
1.49225
1.49008
1.48818
1.48669
1.48574
1.48536
1.48556
1.48631
1.48751
1.48904
1.49069
1.49223
1.49348
1.49432
1.49481
1.49517
1.4957
1.49669
1.49841
1.50103
1.50461
1.50915
1.51453
1.52058
1.52704
1.53357
1.53984
1.54554
1.55045
1.5545
1.55773
1.56021
1.56207
1.56339
1.56421
1.56454
1.56437
1.56366
1.56238
1.56052
1.5581
1.55515
1.55172
1.54788
1.5437
1.53924
1.53458
1.5298
1.525
1.52029
1.5158
1.51166
1.50798
1.50489
1.50251
1.50093
1.50021
1.50033
1.50126
1.50287
1.50502
1.50756
1.51034
1.51327
1.51631
1.51944
1.52267
1.52592
1.52895
1.53137
1.53261
1.53207
1.52936
1.52459
1.51841
1.51173
1.50538
1.49993
1.49564
1.49254
1.49059
1.48967
1.48971
1.49061
1.49227
1.49462
1.49758
1.50108
1.50507
1.5095
1.51434
1.51955
1.52507
1.5308
1.53662
1.54237
1.54786
1.55294
1.55752
1.56155
1.56509
1.56823
1.5711
1.57384
1.57653
1.57922
1.58189
1.58439
1.58646
1.58781
1.58822
1.58769
1.58649
1.58504
1.58369
1.58256
1.58149
1.58017
1.57831
1.57583
1.57282
1.5695
1.56604
1.56257
1.55919
1.55597
1.55303
1.55051
1.54851
1.54712
1.54632
1.54601
1.54604
1.54621
1.5464
1.54655
1.54664
1.54672
1.5468
1.54687
1.54685
1.54667
1.5462
1.54538
1.54413
1.54245
1.54034
1.53783
1.53491
1.53158
1.52782
1.52363
1.51904
1.51413
1.50901
1.50384
1.49879
1.49404
1.48978
1.48617
1.48336
1.48143
1.48045
1.48038
1.48114
1.48256
1.48441
1.48644
1.48837
1.48996
1.49102
1.49142
1.49108
1.48993
1.48799
1.48527
1.48191
1.47806
1.47392
1.4697
1.46559
1.4617
1.45811
1.45484
1.45188
1.44916
1.44664
1.44427
1.44205
1.44002
1.43823
1.43677
1.43573
1.4352
1.43528
1.43605
1.43762
1.44004
1.44332
1.44736
1.45192
1.45664
1.46114
1.46514
1.46859
1.47169
1.47475
1.47805
1.48177
1.48594
1.49048
1.49521
1.49991
1.50437
1.50837
1.51174
1.51436
1.51614
1.51699
1.51686
1.51576
1.51369
1.51076
1.5071
1.50287
1.49828
1.49352
1.48882
1.48437
1.48038
1.47699
1.47431
1.47242
1.47129
1.47085
1.47091
1.47121
1.4714
1.47111
1.47001
1.46794
1.46492
1.46116
1.45699
1.45275
1.44869
1.44499
1.44179
1.43915
1.43714
1.43582
1.4352
1.43526
1.43597
1.43726
1.43908
1.44136
1.44403
1.44704
1.45038
1.45409
1.45823
1.46293
1.46832
1.47454
1.48168
1.48978
1.49878
1.50848
1.5186
1.52872
1.53838
1.54708
1.55438
1.55992
1.56342
1.56477
1.56397
1.56115
1.55662
1.55076
1.54398
1.53669
1.52917
1.52155
1.51382
1.5059
1.49777
1.48949
1.48128
1.47344
1.46622
1.45984
1.45442
1.45005
1.44678
1.44463
1.4436
1.4437
1.44492
1.44725
1.45069
1.4552
1.46067
1.46688
1.47342
1.47972
1.48516
1.48925
1.49181
1.49299
1.49312
1.49263
1.49188
1.49113
1.4906
1.49045
1.49081
1.4918
1.49346
1.49578
1.49867
1.50194
1.50533
1.50853
1.51124
1.51321
1.51427
1.51438
1.51358
1.51199
1.5098
1.50725
1.5046
1.50212
1.50006
1.49857
1.49766
1.49719
1.49688
1.49637
1.49532
1.4936
1.49126
1.48855
1.48583
1.48346
1.48171
1.48077
1.48065
1.48124
1.4823
1.48355
1.48469
1.48553
1.48596
1.48597
1.48563
1.48505
1.48436
1.48366
1.48302
1.48239
1.48163
1.48058
1.4791
1.47722
1.47513
1.47317
1.47166
1.47084
1.47086
1.47172
1.47339
1.47578
1.47879
1.48234
1.48634
1.4907
1.49531
1.50005
1.50476
1.50926
1.51334
1.51677
1.51938
1.52102
1.5216
1.52109
1.51953
1.51704
1.51381
1.51006
1.5061
1.50221
1.49866
1.49565
1.49328
1.49155
1.49034
1.48944
1.48857
1.48746
1.48595
1.48399
1.48169
1.47923
1.47682
1.47467
1.47294
1.47176
1.47123
1.47142
1.47244
1.47437
1.47731
1.48133
1.4865
1.49277
1.50004
1.50809
1.5166
1.52516
1.53335
1.54077
1.54712
1.55222
1.55607
1.55882
1.56071
1.56202
1.56298
1.56378
1.56449
1.56513
1.56563
1.5659
1.56584
1.56537
1.56454
1.56348
1.56241
1.56161
1.56127
1.56149
1.56222
1.56327
1.56439
1.5654
1.56618
1.56672
1.567
1.56693
1.56632
1.56491
1.56246
1.5589
1.5543
1.5489
1.54298
1.53682
1.53064
1.52458
1.51865
1.51279
1.50691
1.50094
1.49495
1.48908
1.48357
1.47868
1.47458
1.47134
1.46889
1.46711
1.4658
1.46481
1.46401
1.46335
1.46279
1.46236
1.46208
1.46199
1.46213
1.46256
1.46333
1.46449
1.46605
1.46804
1.47046
1.47325
1.47636
1.47969
1.48312
1.48652
1.48978
1.49278
1.49543
1.49766
1.49945
1.50082
1.50185
1.50267
1.50346
1.50441
1.50574
1.50759
1.51006
1.51318
1.51689
1.52109
1.52561
1.5302
1.53458
1.53844
1.54149
1.54349
1.54429
1.54382
1.54211
1.53919
1.53519
1.53029
1.52478
1.51901
1.51331
1.50797
1.50316
1.49897
1.49539
1.49239
1.4899
1.4879
1.48635
1.48523
1.48452
1.48417
1.48404
1.48394
1.48361
1.48288
1.48168
1.4801
1.47835
1.47663
1.4751
1.47385
1.47293
1.47234
1.47206
1.47206
1.4723
1.47273
1.47328
1.47389
1.47448
1.47499
1.4754
1.47572
1.47598
1.47627
1.47667
1.47726
1.47812
1.47932
1.48088
1.48281
1.48506
1.48755
1.49021
1.493
1.4959
1.49894
1.50211
1.50538
1.50862
1.51159
1.51401
1.51556
1.51603
1.51535
1.5136
1.51094
1.50753
1.50357
1.49927
1.49491
1.49079
1.48722
1.48446
1.48269
1.48202
1.48247
1.48402
1.48656
1.48993
1.49389
1.49821
1.50263
1.50692
1.51093
1.51456
1.51778
1.5206
1.52305
1.5252
1.52711
1.52891
1.53077
1.53285
1.53537
1.53849
1.54233
1.5469
1.55215
1.55793
1.56402
1.57018
1.57619
1.58185
1.58702
1.59159
1.59546
1.59854
1.60081
1.60235
1.60338
1.60421
1.60512
1.60634
1.60795
1.60998
1.61231
1.61477
1.61712
1.61911
1.62052
1.62117
1.6209
1.6196
1.61727
1.61412
1.61049
1.60682
1.60347
1.60069
1.59857
1.59704
1.596
1.5953
1.59481
1.59444
1.59412
1.59385
1.59359
1.59331
1.59293
1.59228
1.59118
1.58941
1.58683
1.58335
1.57895
1.57366
1.56757
1.56079
1.55349
1.54583
1.53795
1.52994
1.52184
1.51368
1.50548
1.4973
1.48923
1.48141
1.47398
1.46709
1.46086
1.45539
1.45074
1.44695
1.44404
1.442
1.44076
1.44027
1.44044
1.44116
1.44233
1.44385
1.44565
1.44766
1.4498
1.45202
1.45426
1.45644
1.45851
1.46042
1.46212
1.46364
1.46499
1.46621
1.46732
1.46829
1.4691
1.4697
1.47006
1.47017
1.47006
1.46978
1.46942
1.46908
1.46888
1.46893
1.46931
1.47011
1.47134
1.47302
1.47511
1.47758
1.48039
1.4835
1.48687
1.49038
1.49384
1.49691
1.49917
1.50031
1.50032
1.49952
1.49851
1.49787
1.49803
1.49925
1.5016
1.50504
1.50943
1.51462
1.52043
1.52669
1.53324
1.53992
1.54656
1.55297
1.55903
1.5646
1.56965
1.57419
1.57828
1.58199
1.58541
1.58852
1.59127
1.59347
1.59492
1.59543
1.59499
1.59381
1.59227
1.59084
1.58988
1.58963
1.59013
1.59119
1.59243
1.59336
1.59343
1.59228
1.58978
1.58613
1.58175
1.57711
1.57264
1.56862
1.56512
1.56209
1.55935
1.55672
1.554
1.55107
1.54788
1.54444
1.5408
1.53704
1.53321
1.52929
1.52524
1.521
1.51649
1.51168
1.50661
1.50139
1.49618
1.49113
1.48638
1.48204
1.47817
1.47485
1.47211
1.47
1.46849
1.46758
1.46721
1.4673
1.46777
1.46849
1.46925
1.46983
1.46999
1.46951
1.46829
1.46637
1.46388
1.46105
1.4581
1.45522
1.45256
1.45018
1.44813
1.44642
1.44509
1.44421
1.44388
1.44421
1.4453
1.44724
1.45004
1.45364
1.45789
1.46259
1.46748
1.4723
1.4768
1.48082
1.48431
1.48735
1.4901
1.49283
1.49577
1.49913
1.503
1.50738
1.51212
1.51696
1.52162
1.52579
1.52925
1.53188
1.53364
1.53464
1.53502
1.53498
1.53466
1.53421
1.53375
1.53336
1.53316
1.53326
1.53378
1.53482
1.53643
1.53862
1.54135
1.54455
1.54808
1.55178
1.55547
1.55894
1.56204
1.56464
1.56673
1.56835
1.5696
1.57055
1.57124
1.57163
1.57165
1.57118
1.57014
1.56845
1.56609
1.56304
1.55934
1.55509
1.55048
1.54582
1.54145
1.5377
1.53479
1.5329
1.53207
1.53228
1.53342
1.5353
1.53769
1.5403
1.54286
1.54511
1.54684
1.54793
1.54829
1.54791
1.5468
1.54499
1.54253
1.53947
1.5359
1.53191
1.52763
1.5232
1.51879
1.51457
1.51072
1.5074
1.50474
1.50282
1.50168
1.50133
1.50169
1.50264
1.50401
1.5056
1.50717
1.50853
1.5095
1.50996
1.50987
1.50924
1.50814
1.50668
1.50502
1.50332
1.50176
1.50047
1.49957
1.49911
1.4991
1.49952
1.50028
1.50131
1.5025
1.50376
1.50504
1.50631
1.50762
1.50906
1.51078
1.51292
1.51563
1.51899
1.52301
1.52764
1.53268
1.53791
1.54307
1.54795
1.55241
1.5564
1.55993
1.56307
1.56591
1.56853
1.57101
1.5734
1.57572
1.57794
1.58007
1.58209
1.584
1.58579
1.58748
1.58906
1.59049
1.59174
1.59276
1.59345
1.59372
1.59345
1.59252
1.5909
1.58865
1.58592
1.58291
1.57974
1.57647
1.57308
1.56953
1.56581
1.56197
1.55814
1.55451
1.55124
1.54844
1.54612
1.54421
1.5426
1.5411
1.53957
1.53784
1.53583
1.53354
1.5311
1.52878
1.52686
1.52558
1.52503
1.52509
1.52552
1.52596
1.5261
1.52577
1.52495
1.52384
1.52272
1.52192
1.52172
1.5223
1.52376
1.52612
1.5293
1.53316
1.53751
1.54213
1.54674
1.5511
1.55494
1.55804
1.56019
1.56127
1.56119
1.55999
1.55773
1.55453
1.55051
1.54582
1.54063
1.53514
1.52958
1.5242
1.51924
1.51487
1.51125
1.50848
1.50658
1.50555
1.50532
1.50578
1.50682
1.50831
1.51015
1.51225
1.51456
1.51704
1.51961
1.52215
1.52445
1.52628
1.52741
1.52769
1.5271
1.52574
1.52376
1.52126
1.5183
1.51491
1.51105
1.50677
1.5022
1.49753
1.49306
1.48905
1.48576
1.48336
1.48193
1.48149
1.48195
1.48319
1.48503
1.48728
1.48973
1.49221
1.4946
1.49682
1.49889
1.50087
1.50287
1.50504
1.50755
1.51058
1.51431
1.51885
1.52425
1.53045
1.53729
1.54452
1.55182
1.55888
1.56544
1.57127
1.57625
1.58031
1.5834
1.58553
1.58669
1.58693
1.58625
1.58469
1.58224
1.57893
1.57481
1.56998
1.56461
1.55891
1.55308
1.54729
1.54164
1.53612
1.53066
1.52518
1.5196
1.51395
1.50834
1.50298
1.49807
1.49384
1.49044
1.48793
1.48619
1.48498
1.48387
1.48243
1.48029
1.47727
1.4734
1.46883
1.4638
1.45856
1.4534
1.44867
1.44469
1.44171
1.43982
1.43897
1.43895
1.43942
1.44001
1.44043
1.44048
1.44009
1.43933
1.43834
1.4373
1.43638
1.43571
1.4354
1.43548
1.43593
1.4367
1.43768
1.43874
1.43974
1.44056
1.44109
1.44128
1.4411
1.44059
1.4398
1.43879
1.43767
1.4365
1.43541
1.43451
1.4339
1.43372
1.43408
1.43505
1.43667
1.43889
1.44162
1.4447
1.44798
1.45128
1.45451
1.45764
1.4607
1.46377
1.46695
1.47032
1.47396
1.47794
1.48233
1.48715
1.49238
1.4979
1.50344
1.50861
1.51295
1.51606
1.51774
1.51811
1.51754
1.51654
1.51566
1.51531
1.51581
1.5173
1.51977
1.52315
1.52726
1.53191
1.5369
1.54206
1.54727
1.55243
1.55743
1.56217
1.5665
1.57023
1.57317
1.57517
1.57616
1.57619
1.57546
1.57423
1.57276
1.57122
1.56963
1.5679
1.56583
1.56319
1.5598
1.55557
1.55049
1.54464
1.53822
1.53146
1.52465
1.51805
1.51194
1.50651
1.50198
1.49846
1.49607
1.49484
1.49472
1.49553
1.49698
1.49865
1.50007
1.50083
1.50067
1.49959
1.49777
1.49551
1.49313
1.49093
1.4892
1.48815
1.48794
1.48866
1.49028
1.49274
1.49586
1.49946
1.50335
1.50735
1.51134
1.5152
1.51884
1.52218
1.52509
1.52745
1.52914
1.53003
1.53003
1.52908
1.52717
1.52433
1.52064
1.51626
1.51136
1.50614
1.50082
1.49559
1.49064
1.48609
1.48205
1.47857
1.4757
1.47348
1.47197
1.47119
1.47117
1.47187
1.47325
1.47522
1.47767
1.48046
1.48346
1.4865
1.48943
1.49205
1.49413
1.49544
1.49575
1.49495
1.49301
1.49004
1.48629
1.4821
1.47792
1.47424
1.47143
1.46973
1.46923
1.46987
1.4715
1.47395
1.47706
1.48066
1.4846
1.4887
1.4928
1.49676
1.50043
1.5037
1.5065
1.5088
1.5106
1.51193
1.51287
1.5135
1.51392
1.51421
1.51443
1.51458
1.51455
1.51414
1.51312
1.51134
1.50883
1.50584
1.50272
1.49981
1.49734
1.49539
1.49395
1.49291
1.49215
1.49154
1.491
1.49044
1.48984
1.48918
1.48845
1.48768
1.48694
1.48635
1.48605
1.48627
1.48721
1.48904
1.49185
1.4956
1.50014
1.50521
1.51046
1.51556
1.5202
1.52419
1.52748
1.53014
1.53232
1.5342
1.53589
1.53749
1.53901
1.54045
1.54177
1.54298
1.54405
1.54502
1.54593
1.54684
1.5478
1.54881
1.54985
1.5508
1.55152
1.5518
1.55143
1.55026
1.54821
1.54532
1.54173
1.53765
1.53333
1.52906
1.52505
1.52152
1.51857
1.51624
1.51444
1.51301
1.51172
1.51035
1.50876
1.50688
1.50474
1.50242
1.50005
1.49772
1.49547
1.49333
1.49126
1.48921
1.48713
1.48502
1.48292
1.48092
1.47916
1.47777
1.4769
1.47666
1.47712
1.47835
1.48038
1.4832
1.48678
1.49099
1.49571
1.50077
1.50606
1.5115
1.51707
1.52276
1.52859
1.53452
1.54049
1.54641
1.55215
1.55757
1.56252
1.56686
1.57051
1.5734
1.57549
1.57667
1.5767
1.57519
1.57168
1.56589
1.55791
1.54825
1.53762
1.52671
1.51604
1.50596
1.49665
1.48818
1.48054
1.47369
1.46755
1.46207
1.45722
1.45298
1.44935
1.44635
1.44398
1.44224
1.44111
1.44059
1.44067
1.44134
1.44263
1.44455
1.44712
1.45036
1.45424
1.45871
1.46369
1.46905
1.47465
1.48035
1.48603
1.49161
1.49706
1.50239
1.5076
1.51264
1.5174
1.52173
1.52548
1.5286
1.53118
1.5335
1.53588
1.53865
1.54203
1.54615
1.55101
1.55656
1.56272
1.5694
1.57648
1.58379
1.59111
1.59813
1.60447
1.60974
1.61359
1.61578
1.61616
1.61469
1.61146
1.60664
1.60052
1.59345
1.58584
1.57805
1.57041
1.56318
1.55657
1.55073
1.54574
1.54163
1.53835
1.53583
1.53394
1.53254
1.53151
1.53074
1.53017
1.52977
1.52955
1.52956
1.52985
1.53048
1.5315
1.53297
1.53492
1.53736
1.5402
1.54336
1.54666
1.54994
1.55299
1.55563
1.55766
1.55888
1.55914
1.55828
1.55624
1.553
1.54859
1.54311
1.53669
1.52951
1.52181
1.51386
1.50593
1.4983
1.49121
1.48484
1.47931
1.47471
1.47107
1.46842
1.46675
1.46607
1.46636
1.4676
1.46976
1.47275
1.47649
1.48084
1.48564
1.49072
1.49593
1.50112
1.50619
1.51105
1.51565
1.51996
1.52392
1.52748
1.53052
1.53292
1.53451
1.5351
1.53451
1.53262
1.52947
1.52529
1.52048
1.51546
1.51061
1.50615
1.50218
1.49871
1.49567
1.49298
1.49057
1.48838
1.48633
1.48438
1.48246
1.4805
1.47842
1.47615
1.47363
1.47088
1.46796
1.46499
1.46212
1.45948
1.4572
1.45538
1.45403
1.45317
1.45275
1.45267
1.45283
1.45315
1.45351
1.45383
1.45406
1.45413
1.45402
1.45373
1.45329
1.4528
1.45241
1.45228
1.45264
1.45373
1.45578
1.459
1.46355
1.46949
1.47673
1.48502
1.49391
1.50289
1.51149
1.51946
1.52677
1.53355
1.53995
1.54601
1.5517
1.55693
1.56166
1.56586
1.56956
1.57281
1.57566
1.57811
1.58011
1.58158
1.58243
1.58256
1.58192
1.5805
1.57835
1.57554
1.57219
1.56845
1.56451
1.56052
1.55663
1.55295
1.5495
1.54628
1.54325
1.54037
1.53761
1.53499
1.53254
1.53036
1.52857
1.52733
1.52682
1.52718
1.52847
1.53062
1.53337
1.53634
1.53913
1.54149
1.54341
1.54502
1.54645
1.54776
1.5489
1.54974
1.55019
1.55025
1.54998
1.54953
1.54907
1.54877
1.54878
1.54921
1.55011
1.5515
1.55334
1.55555
1.55802
1.56059
1.56306
1.56521
1.56676
1.56752
1.56732
1.56616
1.56415
1.56158
1.55879
1.55616
1.55397
1.5524
1.5515
1.55115
1.55114
1.55118
1.55101
1.55045
1.54949
1.54824
1.54691
1.54569
1.54473
1.54404
1.54353
1.543
1.54223
1.54105
1.53934
1.5371
1.53444
1.53152
1.52854
1.52568
1.52309
1.52084
1.51891
1.5172
1.51558
1.51388
1.51195
1.50967
1.50699
1.50392
1.50052
1.4969
1.49322
1.48963
1.48633
1.48351
1.48132
1.47991
1.47934
1.47964
1.48077
1.4826
1.48499
1.4877
1.49049
1.49315
1.49547
1.49736
1.49882
1.49993
1.50083
1.50168
1.50263
1.50376
1.50509
1.50656
1.50808
1.5095
1.5107
1.51159
1.51214
1.51235
1.51228
1.512
1.51157
1.51105
1.51047
1.50983
1.50912
1.5083
1.50732
1.50614
1.50476
1.50318
1.50144
1.49963
1.49778
1.49599
1.49434
1.49293
1.49188
1.49131
1.49131
1.49189
1.49303
1.4946
1.49643
1.4983
1.49996
1.5012
1.50187
1.5019
1.5013
1.50015
1.49858
1.49669
1.49457
1.49228
1.48985
1.48727
1.48454
1.48168
1.47871
1.47571
1.4728
1.47011
1.46781
1.46607
1.46505
1.46483
1.46546
1.46691
1.46907
1.47181
1.47493
1.47824
1.48155
1.48469
1.48755
1.49007
1.49224
1.49413
1.4958
1.49734
1.49878
1.50016
1.50147
1.50271
1.50391
1.50506
1.50622
1.50739
1.50859
1.50981
1.51099
1.51212
1.51317
1.51419
1.51525
1.51647
1.51793
1.5197
1.52177
1.52408
1.52652
1.52896
1.53127
1.53335
1.53514
1.53666
1.53797
1.53915
1.54033
1.54157
1.54292
1.54435
1.54578
1.54708
1.54807
1.54858
1.54845
1.54759
1.54599
1.54383
1.5414
1.53907
1.53718
1.53599
1.53559
1.53591
1.53674
1.5378
1.53879
1.5395
1.53985
1.53985
1.5396
1.53925
1.53897
1.53894
1.53935
1.54034
1.54196
1.54411
1.54649
1.54864
1.55003
1.55028
1.54934
1.54743
1.54493
1.54228
1.53981
1.53776
1.53621
1.53506
1.53408
1.53299
1.5315
1.52939
1.52661
1.52326
1.51956
1.51583
1.51239
1.50954
1.50751
1.50648
1.50657
1.50782
1.51026
1.51387
1.5186
1.52436
1.53104
1.53849
1.54654
1.55499
1.56362
1.57221
1.58054
1.5884
1.5956
1.60198
1.60743
1.6119
1.61537
1.61783
1.61927
1.61975
1.61938
1.61839
1.61709
1.61576
1.61466
1.61391
1.61354
1.61351
1.61374
1.61413
1.61453
1.61482
1.61486
1.61456
1.6139
1.61297
1.61183
1.61049
1.60878
1.6064
1.60297
1.59818
1.59192
1.58434
1.57576
1.56662
1.55729
1.54809
1.5392
1.53075
1.52287
1.51567
1.50927
1.50378
1.49928
1.49581
1.49341
1.49211
1.49193
1.49289
1.49504
1.49843
1.50314
1.50925
1.51676
1.52557
1.53539
1.54564
1.55559
1.56457
1.57225
1.57872
1.58428
1.5891
1.59316
1.59624
1.59811
1.59856
1.59751
1.59495
1.59103
1.58604
1.58038
1.57448
1.56868
1.56305
1.55739
1.55132
1.54454
1.53713
1.52955
1.52243
1.51626
1.51131
1.5076
1.50499
1.50328
1.50221
1.50156
1.50108
1.5006
1.5
1.49924
1.49834
1.49739
1.49652
1.49586
1.49549
1.49546
1.49573
1.49618
1.49662
1.49678
1.49641
1.49528
1.49329
1.49048
1.48706
1.48334
1.47966
1.47634
1.47361
1.47165
1.47049
1.47014
1.47054
1.47159
1.47321
1.47529
1.47775
1.48055
1.48363
1.48697
1.49052
1.49425
1.4981
1.50202
1.50593
1.50978
1.51353
1.51713
1.52056
1.52378
1.52672
1.52928
1.53131
1.53264
1.53314
1.53274
1.53146
1.52938
1.52666
1.52348
1.52002
1.51651
1.51311
1.50995
1.50711
1.50454
1.50214
1.49975
1.49718
1.4943
1.49105
1.4875
1.4838
1.48021
1.47696
1.47427
1.4723
1.47108
1.47059
1.47076
1.47148
1.47262
1.47405
1.47564
1.47726
1.47882
1.48025
1.48155
1.48273
1.48381
1.48483
1.4858
1.48672
1.48757
1.48832
1.48897
1.48956
1.49013
1.49071
1.49133
1.49197
1.49259
1.49312
1.49351
1.4937
1.49365
1.49333
1.49272
1.49186
1.49081
1.48967
1.48855
1.48755
1.4867
1.48599
1.48532
1.48452
1.48342
1.48192
1.48004
1.47796
1.47599
1.47447
1.4737
1.4738
1.47479
1.47653
1.47877
1.48125
1.48371
1.48592
1.48775
1.48918
1.49024
1.49107
1.49186
1.49278
1.49397
1.4955
1.49737
1.49953
1.50193
1.50449
1.50717
1.50997
1.51288
1.51593
1.51912
1.52245
1.52585
1.52924
1.53248
1.53545
1.53803
1.54016
1.54179
1.54289
1.54345
1.54345
1.54289
1.54178
1.54018
1.53815
1.53577
1.53309
1.53028
1.52762
1.52545
1.5241
1.52373
1.5243
1.52561
1.52734
1.52921
1.53092
1.53221
1.53286
1.53277
1.53198
1.53067
1.52905
1.52733
1.52563
1.52402
1.52253
1.52118
1.51992
1.5187
1.5174
1.51592
1.51414
1.51203
1.50963
1.50706
1.50448
1.50203
1.49988
1.49814
1.4969
1.49624
1.49619
1.49677
1.49789
1.49939
1.501
1.50237
1.50311
1.50293
1.50174
1.49968
1.49709
1.49439
1.49197
1.49009
1.48887
1.48825
1.48808
1.48816
1.48829
1.48828
1.48803
1.48743
1.48642
1.48494
1.48292
1.48037
1.4773
1.47384
1.47013
1.46637
1.46272
1.45934
1.45632
1.45375
1.45167
1.4501
1.44903
1.44844
1.44829
1.44855
1.44915
1.45005
1.45119
1.45251
1.45398
1.45559
1.45734
1.45927
1.46143
1.46391
1.46676
1.47003
1.47373
1.47783
1.48224
1.48685
1.49156
1.4963
1.50105
1.50579
1.51054
1.51532
1.52012
1.52494
1.52976
1.53454
1.53918
1.54357
1.54755
1.55098
1.55376
1.55585
1.55728
1.55808
1.55827
1.55781
1.5567
1.5549
1.55243
1.54932
1.54562
1.54141
1.53678
1.53184
1.52676
1.52173
1.51695
1.5126
1.50883
1.50569
1.50314
1.50103
1.49908
1.49696
1.49434
1.49095
1.48671
1.48168
1.47607
1.47021
1.46444
1.45911
1.45447
1.4507
1.4479
1.4461
1.44533
1.44562
1.44697
1.44937
1.45269
1.45667
1.46092
1.46494
1.46823
1.47038
1.47117
1.47058
1.46882
1.46625
1.46327
1.46024
1.45742
1.45499
1.453
1.4515
1.4505
1.45001
1.45004
1.45059
1.45164
1.45307
1.45471
1.45628
1.45745
1.45795
1.45766
1.45667
1.45526
1.45381
1.4527
1.45221
1.4525
1.45364
1.45563
1.45839
1.46184
1.46589
1.47043
1.4753
1.48026
1.48497
1.48902
1.49198
1.49354
1.49361
1.49233
1.48999
1.48691
1.48338
1.47965
1.47591
1.47238
1.46926
1.46678
1.46511
1.46439
1.4647
1.46608
1.46849
1.47186
1.47611
1.48106
1.48653
1.49227
1.49804
1.50356
1.50861
1.51304
1.51677
1.51978
1.52213
1.52388
1.52505
1.52569
1.5258
1.52544
1.52467
1.52362
1.52241
1.52113
1.51984
1.51853
1.51717
1.51569
1.5141
1.51245
1.51089
1.50958
1.50872
1.50845
1.50888
1.51003
1.51186
1.51429
1.51717
1.52037
1.52375
1.52722
1.53077
1.53442
1.53829
1.5425
1.54715
1.5523
1.55791
1.56389
1.57006
1.57625
1.58227
1.588
1.59336
1.59836
1.60305
1.60748
1.61166
1.61554
1.619
1.62185
1.62388
1.62485
1.62455
1.62277
1.61937
1.61423
1.60734
1.5988
1.58881
1.57763
1.56555
1.55286
1.53989
1.52692
1.51425
1.50219
1.49098
1.48085
1.47193
1.46425
1.45782
1.45254
1.44834
1.44514
1.44288
1.4415
1.44098
1.44125
1.44226
1.44391
1.44608
1.44861
1.45134
1.45408
1.45662
1.45883
1.46061
1.46196
1.46299
1.46389
1.46485
1.46608
1.46773
1.46989
1.47259
1.47582
1.47949
1.48349
1.48767
1.49182
1.49574
1.49924
1.50215
1.50436
1.50581
1.50652
1.50659
1.50621
1.50559
1.50494
1.5044
1.50402
1.50376
1.50349
1.50307
1.50238
1.50133
1.49983
1.49781
1.49517
1.49178
1.48755
1.48239
1.47635
1.46964
1.46264
1.45583
1.44974
1.44484
1.44149
1.43993
1.44032
1.44269
1.447
1.45312
1.46083
1.4698
1.47955
1.4895
1.49897
1.50737
1.51431
1.51972
1.52375
1.5267
1.52885
1.53044
1.53163
1.5325
1.53309
1.53335
1.53319
1.53248
1.53106
1.52886
1.52594
1.52254
1.51905
1.51588
1.51345
1.51205
1.51187
1.513
1.51543
1.51904
1.52365
1.52902
1.53488
1.5409
1.54679
1.55228
1.55723
1.56161
1.5655
1.56895
1.57192
1.57423
1.5756
1.57577
1.57457
1.57195
1.568
1.56291
1.55695
1.55046
1.54382
1.53743
1.53169
1.52692
1.52333
1.521
1.5199
1.51987
1.52069
1.52211
1.5239
1.52587
1.52789
1.52989
1.53178
1.53351
1.53498
1.53605
1.53659
1.53647
1.53564
1.53412
1.53203
1.52953
1.5268
1.524
1.5213
1.51885
1.51678
1.51522
1.51431
1.51412
1.51473
1.51616
1.51839
1.52137
1.52499
1.52905
1.53327
1.53728
1.54069
1.5431
1.54421
1.54389
1.54216
1.53924
1.53544
1.53113
1.5267
1.52247
1.51867
1.51544
1.51283
1.51078
1.50921
1.50802
1.50712
1.50648
1.50612
1.50607
1.50641
1.50714
1.50823
1.50957
1.51105
1.51256
1.51403
1.51543
1.51667
1.51767
1.51832
1.51853
1.51826
1.51754
1.51643
1.51505
1.51348
1.51182
1.51012
1.50839
1.50664
1.50482
1.50287
1.50072
1.49833
1.49567
1.49281
1.48984
1.48692
1.48422
1.48188
1.48004
1.47877
1.47815
1.4782
1.47893
1.48028
1.48217
1.48446
1.48702
1.48973
1.49251
1.4953
1.49799
1.50046
1.50253
1.5041
1.50511
1.50561
1.5057
1.50548
1.50506
1.5045
1.50388
1.50327
1.50274
1.50238
1.50224
1.50236
1.50276
1.50346
1.50446
1.50582
1.50761
1.50994
1.51289
1.51653
1.52084
1.52574
1.53106
1.53655
1.54188
1.5467
1.55072
1.55375
1.55583
1.55716
1.55814
1.55916
1.5606
1.56264
1.5653
1.56842
1.57174
1.57495
1.57778
1.58007
1.58177
1.58294
1.58369
1.58413
1.58438
1.58451
1.58455
1.58445
1.58411
1.58338
1.58207
1.58004
1.57721
1.57362
1.56938
1.56468
1.55971
1.5546
1.54943
1.54427
1.53914
1.53413
1.52937
1.52502
1.52126
1.51815
1.51563
1.51347
1.51137
1.50905
1.50639
1.50353
1.50081
1.49867
1.4975
1.49758
1.49905
1.50195
1.50621
1.51174
1.51841
1.52608
1.53449
1.54321
1.55145
1.55815
1.56228
1.56347
1.56219
1.55942
1.55607
1.55266
1.54933
1.54602
1.54259
1.53895
1.53506
1.53097
1.52679
1.52268
1.51878
1.51523
1.51213
1.50954
1.50749
1.50602
1.50511
1.50472
1.50474
1.50503
1.50545
1.50593
1.50647
1.5072
1.5083
1.50997
1.51233
1.51547
1.51935
1.5239
1.52902
1.53456
1.54045
1.54662
1.55308
1.55988
1.56716
1.57508
1.58383
1.59355
1.60423
1.61554
1.62662
1.63603
1.64218
1.64413
1.6421
1.63718
1.63051
1.62294
1.61505
1.60725
1.59981
1.59284
1.58637
1.58035
1.57475
1.56955
1.56477
1.56041
1.55645
1.55281
1.54939
1.54605
1.54272
1.53938
1.53615
1.5332
1.53077
1.52905
1.5282
1.5283
1.52937
1.5314
1.5343
1.53797
1.54224
1.54688
1.55166
1.55631
1.56058
1.5643
1.56735
1.56968
1.57134
1.57239
1.57291
1.573
1.5727
1.57202
1.57094
1.56937
1.56722
1.5644
1.56084
1.55655
1.55162
1.54624
1.54066
1.53516
1.52999
1.52533
1.52126
1.51777
1.51476
1.5121
1.5096
1.50712
1.50463
1.50218
1.49996
1.49819
1.49708
1.49682
1.49748
1.49909
1.5016
1.5049
1.50884
1.51323
1.51786
1.5225
1.52697
1.5311
1.53482
1.53807
1.54086
1.54317
1.54495
1.54611
1.54655
1.54616
1.54489
1.54276
1.5399
1.53649
1.53274
1.5289
1.52514
1.52162
1.51844
1.51562
1.51317
1.51105
1.50918
1.50745
1.5057
1.50369
1.50121
1.49805
1.49417
1.48965
1.48477
1.47983
1.47515
1.47096
1.4674
1.46449
1.46219
1.46039
1.459
1.45788
1.45691
1.45598
1.45503
1.45401
1.45294
1.45185
1.45083
1.45003
1.44959
1.44967
1.4504
1.45188
1.45413
1.45714
1.46085
1.46517
1.47005
1.47542
1.48122
1.48738
1.49379
1.50029
1.50668
1.51273
1.5182
1.52287
1.52662
1.52938
1.53124
1.53237
1.53299
1.53336
1.53365
1.53394
1.53417
1.53414
1.53353
1.53198
1.52917
1.52498
1.51959
1.51341
1.50705
1.5011
1.49605
1.49226
1.48993
1.48914
1.48986
1.49198
1.49531
1.4996
1.50452
1.50968
1.51464
1.51891
1.52203
1.52369
1.52377
1.52238
1.51982
1.51651
1.51287
1.50924
1.50586
1.50289
1.50039
1.49838
1.49687
1.49586
1.49533
1.49526
1.49562
1.49638
1.49745
1.49876
1.5002
1.50167
1.50308
1.5043
1.50526
1.50586
1.50603
1.5057
1.50482
1.50335
1.50128
1.49861
1.49537
1.4916
1.48737
1.48277
1.47789
1.47286
1.46781
1.4629
1.4583
1.45419
1.45074
1.44809
1.44636
1.44562
1.44592
1.44721
1.44942
1.45238
1.45587
1.45957
1.46305
1.46593
1.46789
1.46886
1.46897
1.46854
1.46794
1.46749
1.46739
1.46782
1.46888
1.47065
1.47319
1.47655
1.48075
1.48578
1.49156
1.49796
1.50476
1.51166
1.51829
1.5242
1.52895
1.53221
1.53376
1.53361
1.53193
1.52904
1.52534
1.52122
1.51704
1.5131
1.50967
1.50693
1.50501
1.50396
1.50378
1.50435
1.50546
1.50682
1.50808
1.50891
1.50904
1.50838
1.50693
1.50486
1.50236
1.4997
1.49711
1.49482
1.49301
1.49175
1.49107
1.49091
1.49116
1.4917
1.4924
1.49316
1.49388
1.49454
1.49512
1.49568
1.49628
1.49699
1.49785
1.49887
1.50001
1.50122
1.50247
1.50377
1.50515
1.50668
1.50836
1.51015
1.51188
1.51318
1.51349
1.51214
1.50862
1.50284
1.49532
1.48692
1.47858
1.47106
1.46488
1.46031
1.45747
1.45636
1.45689
1.45893
1.46231
1.46689
1.47246
1.47883
1.4857
1.49269
1.49936
1.50522
1.50984
1.51291
1.51426
1.5139
1.512
1.50886
1.50485
1.50033
1.49561
1.49098
1.48669
1.48296
1.47996
1.47786
1.47677
1.4768
1.478
1.48037
1.48385
1.48831
1.49356
1.49933
1.50534
1.51127
1.51683
1.52173
1.52572
1.5286
1.53029
1.53079
1.53018
1.52864
1.52636
1.52351
1.5203
1.51693
1.51364
1.51065
1.50816
1.5063
1.50516
1.50471
1.50488
1.50549
1.50636
1.50722
1.50784
1.50801
1.50755
1.50639
1.5045
1.5019
1.49867
1.49488
1.49063
1.486
1.48106
1.47589
1.47057
1.46519
1.45987
1.45472
1.44987
1.44547
1.44163
1.43848
1.43609
1.43456
1.43393
1.43424
1.4355
1.43769
1.44074
1.44458
1.4491
1.4542
1.45981
1.4659
1.47249
1.47966
1.48748
1.49602
1.50533
1.51538
1.52612
1.53746
1.54923
1.56124
1.57322
1.58486
1.59576
1.6055
1.61366
1.61988
1.62393
1.62578
1.62561
1.62373
1.62049
1.61612
1.61069
1.60422
1.59675
1.58844
1.57964
1.57072
1.56202
1.5538
1.54618
1.5392
1.53285
1.52709
1.52189
1.51718
1.51293
1.5091
1.50562
1.50246
1.49952
1.49674
1.49402
1.49127
1.48844
1.48555
1.48266
1.47991
1.47743
1.47532
1.47367
1.47251
1.47188
1.4718
1.47228
1.47335
1.47501
1.47726
1.48008
1.48345
1.48735
1.49177
1.49669
1.50209
1.5079
1.51404
1.52034
1.52658
1.53251
1.53784
1.54236
1.54602
1.54888
1.55117
1.55311
1.55485
1.55639
1.55762
1.5583
1.55823
1.55725
1.55533
1.55253
1.54903
1.54501
1.54069
1.53624
1.53181
1.52755
1.52355
1.51993
1.51676
1.51411
1.51202
1.51053
1.50961
1.50921
1.50925
1.50962
1.51022
1.51098
1.51189
1.51295
1.51419
1.51562
1.5172
1.5189
1.52069
1.52259
1.52461
1.52678
1.52907
1.53137
1.53351
1.5353
1.53655
1.53712
1.53694
1.53595
1.53408
1.53128
1.52753
1.52295
1.51777
1.51235
1.50705
1.50216
1.49787
1.49427
1.49136
1.48911
1.48748
1.48644
1.48597
1.48606
1.48669
1.4878
1.48934
1.49117
1.4932
1.49529
1.49735
1.49931
1.5011
1.50269
1.50405
1.50521
1.50621
1.50712
1.508
1.50892
1.50988
1.51089
1.5119
1.51285
1.51366
1.51425
1.51458
1.51464
1.51451
1.51432
1.51424
1.5144
1.51486
1.51562
1.51662
1.51776
1.51891
1.5199
1.52057
1.52074
1.52029
1.51912
1.51724
1.51474
1.51179
1.50858
1.50532
1.50218
1.4993
1.49674
1.49454
1.49273
1.49131
1.49028
1.48965
1.48941
1.48954
1.48997
1.4906
1.4913
1.49194
1.49235
1.49241
1.49199
1.49097
1.48924
1.48674
1.48351
1.47973
1.4757
1.47172
1.46801
1.46463
1.46154
1.45862
1.45578
1.45294
1.45012
1.44739
1.44492
1.44288
1.44153
1.4411
1.44182
1.44386
1.44734
1.45228
1.45858
1.46601
1.47421
1.48272
1.49094
1.49828
1.50421
1.50832
1.51047
1.51074
1.50949
1.50721
1.50441
1.50149
1.49866
1.49595
1.4933
1.49067
1.48807
1.48559
1.48333
1.48138
1.47974
1.47845
1.47752
1.47701
1.47698
1.4775
1.47863
1.48039
1.48274
1.48559
1.48878
1.49208
1.49523
1.4979
1.4998
1.50071
1.5005
1.4992
1.49692
1.49389
1.49033
1.48649
1.48263
1.47894
1.4756
1.47269
1.47026
1.4683
1.46677
1.46566
1.46498
1.46478
1.46514
1.46614
1.46789
1.47046
1.47391
1.47826
1.48347
1.4895
1.49624
1.50356
1.51128
1.51919
1.52699
1.53432
1.54077
1.54589
1.54928
1.55063
1.54988
1.5472
1.54303
1.53799
1.53276
1.52795
1.52401
1.52118
1.51951
1.51889
1.5191
1.51983
1.52071
1.52135
1.5214
1.52058
1.51876
1.51598
1.51248
1.50863
1.50483
1.50141
1.49857
1.49633
1.49455
1.49305
1.49169
1.49043
1.48941
1.48883
1.48892
1.48986
1.49175
1.49461
1.49837
1.50292
1.50806
1.51358
1.51921
1.52466
1.52967
1.534
1.53749
1.54006
1.5417
1.54244
1.54232
1.54142
1.53982
1.53759
1.53484
1.53166
1.52815
1.52438
1.52039
1.51622
1.51189
1.50744
1.50289
1.49825
1.4935
1.48863
1.4836
1.47838
1.473
1.46753
1.46212
1.45699
1.45238
1.44855
1.44574
1.44413
1.44385
1.44495
1.44741
1.45112
1.45592
1.46151
1.46756
1.47366
1.4794
1.48442
1.48847
1.49143
1.49326
1.49397
1.49365
1.49242
1.49047
1.48804
1.48539
1.48267
1.48001
1.47748
1.47517
1.47317
1.47161
1.47063
1.47035
1.47088
1.4723
1.47469
1.47812
1.48261
1.48812
1.49455
1.50165
1.50909
1.51642
1.52312
1.52871
1.53284
1.53537
1.53635
1.536
1.53462
1.53248
1.52986
1.52704
1.52432
1.52197
1.52023
1.51926
1.51919
1.52009
1.522
1.52493
1.52884
1.53358
1.53885
1.5442
1.54913
1.55327
1.55656
1.55919
1.56147
1.56367
1.56589
1.56808
1.57013
1.57192
1.57336
1.57439
1.57498
1.5752
1.57514
1.57496
1.57486
1.57499
1.57544
1.57622
1.57727
1.57843
1.5795
1.58024
1.58038
1.57968
1.57797
1.57518
1.57142
1.56694
1.5621
1.55728
1.55284
1.54905
1.5461
1.54409
1.54305
1.54295
1.54372
1.54522
1.54729
1.54974
1.55232
1.55479
1.55683
1.5581
1.55833
1.55746
1.5557
1.55355
1.55159
1.55036
1.55024
1.55145
1.55402
1.55785
1.56264
1.56798
1.57327
1.5778
1.58085
1.58183
1.58036
1.57643
1.57028
1.56235
1.55315
1.54315
1.5328
1.52247
1.51249
1.50317
1.49479
1.48761
1.48184
1.47765
1.47511
1.47422
1.47489
1.47696
1.48023
1.48442
1.48921
1.4942
1.49899
1.50322
1.50664
1.50914
1.51074
1.51158
1.51186
1.51178
1.51151
1.51115
1.51079
1.5106
1.51083
1.51179
1.51372
1.51673
1.52081
1.52579
1.53138
1.53718
1.54274
1.54755
1.55121
1.55343
1.55415
1.55348
1.55161
1.54881
1.54527
1.54118
1.53667
1.53187
1.52691
1.52199
1.51733
1.51316
1.50969
1.50704
1.50524
1.50422
1.50386
1.50397
1.50438
1.5049
1.50538
1.50569
1.50572
1.50542
1.5048
1.50388
1.50275
1.50152
1.50024
1.49896
1.49765
1.49628
1.49481
1.49329
1.49186
1.49066
1.48985
1.48949
1.48956
1.48992
1.49045
1.49101
1.49152
1.49193
1.4922
1.49234
1.49233
1.49218
1.4919
1.49149
1.49098
1.49045
1.49001
1.48978
1.48989
1.49046
1.49157
1.4933
1.49571
1.49886
1.50277
1.50741
1.51266
1.51831
1.52403
1.52945
1.53414
1.53778
1.54015
1.54123
1.54119
1.54033
1.53902
1.53752
1.53597
1.5344
1.53279
1.53107
1.52922
1.52723
1.52513
1.52298
1.52087
1.51898
1.51751
1.51668
1.51667
1.51756
1.51928
1.52171
1.52461
1.52777
1.53099
1.53418
1.53732
1.54043
1.54358
1.54676
1.54993
1.55296
1.55572
1.55811
1.56013
1.56185
1.56346
1.56515
1.5671
1.56946
1.57231
1.57563
1.57932
1.58313
1.58676
1.58987
1.59215
1.59334
1.59331
1.59203
1.58959
1.58616
1.58204
1.57757
1.57312
1.569
1.56545
1.56259
1.56037
1.55865
1.55719
1.55573
1.55398
1.5517
1.54873
1.54498
1.54049
1.53538
1.52986
1.52415
1.51852
1.51322
1.50845
1.50441
1.50122
1.49894
1.49758
1.49704
1.49722
1.49801
1.49937
1.50131
1.50383
1.50684
1.5101
1.51327
1.51602
1.51811
1.51947
1.52014
1.52016
1.51953
1.51824
1.51632
1.51397
1.5115
1.50933
1.50781
1.50718
1.50756
1.50893
1.5112
1.51421
1.51774
1.5216
1.52558
1.52948
1.53317
1.53651
1.53936
1.54164
1.54325
1.54411
1.54417
1.54342
1.54186
1.53953
1.5365
1.53288
1.52879
1.52438
1.51979
1.51518
1.51069
1.50641
1.50243
1.49876
1.49541
1.49236
1.48962
1.48718
1.48509
1.4834
1.4822
1.48157
1.4816
1.4824
1.48403
1.48655
1.48996
1.49424
1.49928
1.505
1.51129
1.51806
1.5252
1.53254
1.53983
1.54673
1.55285
1.55786
1.56149
1.56362
1.56421
1.56329
1.56098
1.55746
1.55301
1.54794
1.54261
1.53735
1.53246
1.52815
1.52456
1.52176
1.51976
1.5185
1.51789
1.51779
1.51805
1.51854
1.51914
1.51974
1.52022
1.52045
1.52029
1.51965
1.51851
1.51701
1.51536
1.51381
1.51257
1.51178
1.51147
1.51163
1.51221
1.51319
1.51454
1.51632
1.5186
1.52147
1.52506
1.52947
1.53474
1.54086
1.54771
1.55505
1.56252
1.56969
1.57608
1.58128
1.585
1.58713
1.58775
1.58708
1.58538
1.58297
1.58008
1.57689
1.5735
1.56992
1.56615
1.56215
1.55792
1.55349
1.54889
1.54414
1.53924
1.53413
1.52871
1.52282
1.51634
1.50921
1.50147
1.4933
1.48496
1.47682
1.46925
1.46258
1.4571
1.45302
1.45044
1.4494
1.44981
1.45152
1.4543
1.45785
1.46187
1.46605
1.4702
1.47423
1.47818
1.48219
1.48642
1.49101
1.49598
1.50129
1.50679
1.51228
1.51756
1.52242
1.5267
1.5303
1.53321
1.53552
1.53733
1.53873
1.53971
1.54014
1.53982
1.53848
1.53589
1.53189
1.52646
1.51972
1.51195
1.50354
1.49494
1.48657
1.47882
1.47199
1.46627
1.46173
1.45837
1.4561
1.45486
1.45452
1.45499
1.45617
1.45795
1.4602
1.46278
1.46552
1.4682
1.4706
1.47251
1.47374
1.47416
1.47374
1.4725
1.47053
1.46798
1.46499
1.4617
1.45824
1.45474
1.45132
1.44813
1.44529
1.44295
1.44124
1.44029
1.44021
1.44108
1.44297
1.44587
1.44973
1.45441
1.45968
1.46525
1.47076
1.47585
1.48019
1.48356
1.48587
1.48716
1.48759
1.48737
1.48673
1.48589
1.48504
1.48432
1.48382
1.48356
1.48343
1.4832
1.4826
1.48129
1.47897
1.4755
1.47087
1.46525
1.459
1.45257
1.44646
1.44115
1.43703
1.43438
1.43335
1.43401
1.43631
1.44016
1.44536
1.45167
1.45877
1.46632
1.47395
1.48131
1.48812
1.49417
1.49935
1.50365
1.50709
1.50976
1.51174
1.51311
1.51396
1.51442
1.51463
1.51477
1.51502
1.51554
1.51647
1.51784
1.51966
1.52185
1.5243
1.52684
1.52927
1.53137
1.53288
1.53362
1.53349
1.53257
1.53102
1.52907
1.52698
1.52492
1.52305
1.52144
1.52013
1.51912
1.51837
1.51785
1.51753
1.51744
1.51765
1.51826
1.51926
1.52057
1.52204
1.52348
1.52475
1.52579
1.52655
1.52703
1.52718
1.52692
1.52616
1.52478
1.52269
1.51983
1.5162
1.51188
1.50698
1.50167
1.49614
1.49057
1.48514
1.47998
1.4752
1.47089
1.46714
1.46402
1.46161
1.45999
1.45923
1.4594
1.46049
1.46245
1.46505
1.46789
1.47041
1.47189
1.47175
1.46965
1.46574
1.46055
1.45488
1.44954
1.44509
1.44185
1.43988
1.4391
1.43934
1.44045
1.44228
1.44473
1.44776
1.45136
1.45552
1.46024
1.46544
1.471
1.47671
1.4823
1.48745
1.49187
1.49532
1.49765
1.49883
1.4989
1.49798
1.49622
1.49383
1.49101
1.488
1.48504
1.48238
1.48024
1.47881
1.47822
1.47853
1.47971
1.48163
1.48408
1.48677
1.4894
1.49171
1.49356
1.4949
1.49578
1.4963
1.49657
1.49668
1.49665
1.49649
1.49617
1.49563
1.49482
1.49375
1.49246
1.49106
1.4897
1.48856
1.4878
1.48758
1.48797
1.48901
1.49065
1.49278
1.49525
1.49783
1.50028
1.50235
1.50384
1.50464
1.50472
1.50419
1.50319
1.50193
1.50061
1.49938
1.49837
1.49764
1.49722
1.49718
1.49758
1.49851
1.50005
1.50228
1.50521
1.5088
1.51291
1.51738
1.52198
1.52645
1.53048
1.53361
1.53528
1.53487
1.53187
1.5262
1.51828
1.50898
1.49938
1.49039
1.48263
1.47638
1.47165
1.46825
1.46592
1.46436
1.46333
1.46261
1.46207
1.46161
1.46115
1.46063
1.46001
1.45927
1.45844
1.4576
1.45685
1.45633
1.45616
1.45646
1.45731
1.45878
1.46089
1.46364
1.46699
1.47085
1.4751
1.47959
1.48418
1.48875
1.49321
1.49753
1.50172
1.50585
1.50999
1.51427
1.51886
1.52397
1.5298
1.53641
1.54342
1.54979
1.55391
1.55451
1.55168
1.54694
1.54209
1.53836
1.53622
1.53565
1.53637
1.53801
1.54014
1.54237
1.54441
1.54611
1.54746
1.54849
1.54924
1.54964
1.54958
1.54886
1.54735
1.54493
1.54162
1.53753
1.53286
1.52787
1.52278
1.51779
1.51307
1.5087
1.50474
1.5012
1.49807
1.49527
1.49272
1.49033
1.48802
1.48571
1.48335
1.48091
1.47834
1.47561
1.47267
1.46952
1.46619
1.46281
1.45955
1.45662
1.45423
1.45253
1.45162
1.45153
1.45225
1.45371
1.45585
1.45858
1.46176
1.46525
1.46884
1.47231
1.47543
1.47803
1.48002
1.48142
1.48236
1.48303
1.48362
1.4843
1.48515
1.48623
1.48751
1.48895
1.49051
1.49218
1.49395
1.49586
1.49796
1.50028
1.50279
1.50539
1.50794
1.51025
1.51221
1.51383
1.51525
1.51668
1.51833
1.52032
1.52265
1.52519
1.52776
1.53016
1.5322
1.53373
1.53471
1.53509
1.53486
1.53404
1.53259
1.53053
1.52786
1.52462
1.52091
1.51689
1.51276
1.50882
1.50542
1.5029
1.50156
1.50157
1.50297
1.50563
1.50928
1.51354
1.518
1.52226
1.52601
1.52905
1.53133
1.53292
1.534
1.53476
1.53545
1.53623
1.53724
1.53855
1.54014
1.54196
1.54389
1.54577
1.54739
1.54856
1.54905
1.5487
1.54741
1.54515
1.54198
1.53804
1.53355
1.52874
1.52386
1.51912
1.51471
1.51076
1.50732
1.50437
1.50184
1.49958
1.49741
1.49514
1.49259
1.48963
1.48614
1.4821
1.47753
1.47251
1.46721
1.46182
1.45661
1.45183
1.44773
1.44451
1.44231
1.44117
1.44104
1.44179
1.44323
1.44516
1.44744
1.44996
1.45274
1.45587
1.45946
1.46368
1.46867
1.47452
1.48129
1.48897
1.49746
1.50657
1.51609
1.52572
1.53516
1.54414
1.55243
1.55985
1.56626
1.57161
1.57583
1.57893
1.58093
1.58193
1.58208
1.58159
1.5807
1.57962
1.57851
1.57745
1.57642
1.57533
1.57405
1.57241
1.57029
1.56759
1.56426
1.56028
1.55569
1.55058
1.54509
1.53941
1.5337
1.5281
1.52271
1.51758
1.51273
1.50818
1.50397
1.50012
1.49665
1.49354
1.49078
1.48831
1.48611
1.48412
1.48229
1.4806
1.47899
1.47741
1.47579
1.47407
1.47219
1.47011
1.46784
1.46546
1.4631
1.46091
1.45905
1.45768
1.4569
1.4568
1.45741
1.45873
1.46072
1.4633
1.46638
1.46983
1.47356
1.47746
1.48143
1.48536
1.4891
1.49252
1.49553
1.49815
1.50047
1.5027
1.50506
1.50773
1.51082
1.51433
1.5182
1.52231
1.52654
1.53076
1.53485
1.5387
1.54219
1.54523
1.54776
1.54977
1.55129
1.5524
1.55317
1.55373
1.55416
1.55456
1.55502
1.55567
1.55658
1.55783
1.55945
1.56142
1.56371
1.56627
1.56909
1.57213
1.5754
1.57885
1.58241
1.58597
1.58929
1.59207
1.59395
1.59457
1.59375
1.59152
1.58809
1.58376
1.57886
1.57367
1.56841
1.56324
1.55826
1.5535
1.54893
1.54449
1.5401
1.53566
1.53107
1.52631
1.52134
1.51624
1.51112
1.50618
1.50164
1.49771
1.49457
1.49236
1.49114
1.49092
1.49169
1.49335
1.4958
1.49891
1.5025
1.50639
1.51038
1.51428
1.5179
1.52108
1.52366
1.52547
1.52633
1.52604
1.52448
1.52168
1.51789
1.51356
1.50927
1.50558
1.5029
1.50146
1.50121
1.50191
1.50314
1.50442
1.50527
1.50533
1.50438
1.50237
1.4994
1.49577
1.49192
1.48838
1.48563
1.48408
1.48399
1.48553
1.48871
1.49342
1.49937
1.506
1.51249
1.51784
1.52125
1.52249
1.52199
1.5205
1.51872
1.51711
1.51586
1.51505
1.5146
1.51443
1.51442
1.51445
1.51447
1.51449
1.51459
1.51488
1.51545
1.51631
1.51741
1.51861
1.51967
1.52038
1.5205
1.51988
1.51842
1.5162
1.51346
1.51067
1.50826
1.50654
1.50557
1.5052
1.50517
1.50529
1.50549
1.50584
1.50655
1.50778
1.50967
1.51222
1.51534
1.51888
1.5227
1.52672
1.53093
1.53538
1.54013
1.54523
1.55064
1.55625
1.56185
1.56719
1.57202
1.57615
1.57948
1.58201
1.58378
1.58486
1.58537
1.58537
1.58497
1.58427
1.58337
1.58238
1.58135
1.58034
1.57934
1.57834
1.57732
1.57623
1.57508
1.57384
1.57251
1.57109
1.56957
1.56795
1.5662
1.56432
1.56232
1.56021
1.55805
1.55592
1.55393
1.5522
1.55084
1.54991
1.54942
1.54936
1.54964
1.55014
1.55073
1.55127
1.55165
1.55176
1.55153
1.55094
1.55001
1.54884
1.54754
1.5463
1.54531
1.54474
1.54476
1.54546
1.54686
1.54887
1.55133
1.55405
1.55686
1.55966
1.56243
1.5652
1.56801
1.57086
1.57374
1.57667
1.57966
1.58276
1.58603
1.58945
1.59298
1.5965
1.59983
1.60275
1.60499
1.60629
1.6064
1.60515
1.60244
1.59826
1.59273
1.58601
1.57833
1.56992
1.56106
1.55197
1.54289
1.53402
1.52552
1.51754
1.51021
1.50363
1.49789
1.49306
1.48919
1.48631
1.48444
1.48354
1.48355
1.48438
1.48585
1.48779
1.48997
1.49218
1.49431
1.49628
1.49811
1.49987
1.50166
1.50361
1.50587
1.50867
1.51223
1.51673
1.52221
1.52857
1.53551
1.54265
1.54956
1.55581
1.56106
1.5651
1.56779
1.56913
1.56919
1.56805
1.56581
1.56257
1.55844
1.55355
1.54812
1.54239
1.53661
1.53102
1.52579
1.521
1.51663
1.5126
1.50879
1.50509
1.50145
1.49788
1.49446
1.49134
1.48871
1.48677
1.48567
1.48552
1.48634
1.48808
1.49058
1.49364
1.49698
1.50033
1.50343
1.50616
1.50851
1.51058
1.5126
1.51483
1.51753
1.52091
1.52513
1.53028
1.53635
1.54328
1.55092
1.55907
1.56747
1.57581
1.58374
1.59094
1.59706
1.60182
1.60501
1.60651
1.60629
1.60443
1.6011
1.59662
1.59134
1.58567
1.57988
1.57409
1.5681
1.56147
1.55372
1.54462
1.53443
1.52374
1.51326
1.50351
1.4948
1.48724
1.48082
1.47545
1.47097
1.46722
1.46398
1.46107
1.4583
1.45554
1.4527
1.44982
1.44697
1.44434
1.44214
1.44062
1.43998
1.44037
1.44188
1.44447
1.44805
1.4524
1.45727
1.46239
1.46749
1.47231
1.47666
1.48036
1.48323
1.48515
1.48602
1.48584
1.48474
1.48295
1.48082
1.47868
1.47682
1.47544
1.47462
1.47433
1.47446
1.47488
1.47545
1.47608
1.47675
1.47746
1.47826
1.47917
1.48023
1.48148
1.48296
1.48472
1.48679
1.48914
1.4917
1.49435
1.49692
1.49928
1.50128
1.50286
1.50399
1.50474
1.50521
1.50553
1.50584
1.50625
1.50686
1.50771
1.50883
1.51018
1.51169
1.51317
1.51437
1.51497
1.51477
1.51375
1.51216
1.51046
1.5091
1.50845
1.50869
1.50987
1.51189
1.51454
1.51751
1.52034
1.52253
1.5237
1.52375
1.52293
1.52169
1.52053
1.51981
1.51972
1.52029
1.52146
1.52304
1.52479
1.52642
1.5276
1.52801
1.52737
1.52553
1.52245
1.51826
1.51319
1.50754
1.50164
1.49578
1.49022
1.48514
1.4807
1.47697
1.47403
1.47187
1.47048
1.46981
1.4698
1.47036
1.47144
1.47299
1.47496
1.47728
1.47986
1.48257
1.48524
1.4877
1.48982
1.4915
1.4927
1.49345
1.49383
1.49397
1.494
1.49409
1.49439
1.4951
1.49636
1.49828
1.50087
1.50401
1.50748
1.51091
1.51392
1.51617
1.51747
1.5178
1.51729
1.51618
1.51474
1.51319
1.51167
1.51025
1.50891
1.50766
1.50647
1.50541
1.50454
1.50398
1.50383
1.50416
1.50504
1.50648
1.50846
1.51092
1.51377
1.51691
1.52019
1.52345
1.52651
1.52919
1.53129
1.53259
1.5329
1.53206
1.52999
1.52667
1.5222
1.51677
1.51061
1.50397
1.49711
1.49025
1.48363
1.47745
1.47194
1.46729
1.46372
1.4614
1.46044
1.46091
1.46282
1.46613
1.47073
1.4765
1.48331
1.49096
1.49926
1.50797
1.51685
1.52565
1.53417
1.54222
1.54962
1.55616
1.56161
1.56573
1.56838
1.56952
1.56927
1.56788
1.56567
1.56294
1.55989
1.5566
1.55303
1.54907
1.54458
1.53949
1.53389
1.528
1.52217
1.51675
1.51203
1.50819
1.50522
1.503
1.5013
1.49984
1.49838
1.49678
1.495
1.4931
1.49118
1.4894
1.48791
1.48687
1.48642
1.48667
1.48771
1.48954
1.49216
1.49552
1.49961
1.5044
1.50985
1.51587
1.52224
1.52863
1.53456
1.5395
1.54297
1.54468
1.54457
1.54288
1.54001
1.53645
1.5326
1.52882
1.5253
1.52216
1.5194
1.51697
1.51473
1.51252
1.51018
1.50752
1.50442
1.50084
1.49681
1.49245
1.48794
1.48346
1.47916
1.47512
1.47138
1.46792
1.46472
1.46175
1.45901
1.4565
1.45426
1.45236
1.45088
1.44992
1.44959
1.44998
1.45115
1.45313
1.45587
1.45931
1.46329
1.46765
1.47216
1.47662
1.48084
1.48469
1.48812
1.49116
1.49387
1.49632
1.49851
1.50036
1.5017
1.50227
1.50182
1.50013
1.49711
1.49281
1.48744
1.48128
1.4747
1.46808
1.46178
1.4561
1.45123
1.44729
1.44427
1.44208
1.44058
1.43958
1.4389
1.43837
1.43786
1.43726
1.43649
1.43551
1.43424
1.43267
1.43085
1.42895
1.42723
1.42603
1.42566
1.42638
1.42836
1.43171
1.43649
1.44272
1.4504
1.45949
1.46992
1.48153
1.49411
1.50733
1.52074
1.5338
1.54588
1.55639
1.56486
1.57111
1.57521
1.57743
1.57813
1.57767
1.57637
1.57449
1.57226
1.56982
1.56727
1.56464
1.56192
1.55906
1.55595
1.55244
1.54835
1.54346
1.53763
1.5308
1.5231
1.51487
1.50659
1.49883
1.49212
1.4869
1.48344
1.48185
1.4821
1.48399
1.48727
1.49164
1.49673
1.50223
1.50781
1.51321
1.51824
1.52277
1.52673
1.53009
1.53282
1.53492
1.53635
1.5371
1.53719
1.53669
1.53573
1.5345
1.53318
1.532
1.53113
1.53072
1.53083
1.53146
1.53249
1.53371
1.53485
1.5356
1.53576
1.53521
1.53396
1.53209
1.52975
1.5271
1.5243
1.52151
1.51887
1.51654
1.51463
1.51324
1.51239
1.51209
1.51231
1.51298
1.51404
1.51541
1.51703
1.51884
1.52078
1.52279
1.5248
1.52674
1.52851
1.53
1.53114
1.53185
1.53213
1.53199
1.53154
1.53089
1.53019
1.52954
1.52904
1.5287
1.5285
1.52834
1.52809
1.52758
1.52667
1.52527
1.52334
1.5209
1.51807
1.51496
1.51176
1.50863
1.50572
1.50315
1.501
1.49934
1.49825
1.49783
1.49818
1.49941
1.5016
1.5048
1.50899
1.51408
1.5199
1.52621
1.53271
1.53907
1.54497
1.55008
1.55418
1.5571
1.55877
1.55916
1.55833
1.55637
1.55339
1.54955
1.54505
1.54008
1.53486
1.52959
1.52447
1.51964
1.51525
1.51138
1.50813
1.50551
1.50355
1.50225
1.50159
1.50155
1.50215
1.50339
1.50531
1.50796
1.51135
1.51543
1.52005
1.52485
1.52924
1.53242
1.53368
1.53269
1.52968
1.52534
1.52048
1.51576
1.51162
1.5083
1.50585
1.50422
1.50326
1.5028
1.50271
1.5029
1.50336
1.50415
1.50537
1.50714
1.5095
1.51243
1.51579
1.51932
1.52271
1.52563
1.52778
1.52902
1.52933
1.52881
1.52771
1.52626
1.5247
1.52321
1.5219
1.52084
1.5201
1.51976
1.51993
1.52071
1.52221
1.52448
1.52751
1.53115
1.53516
1.53921
1.54295
1.54599
1.54803
1.54881
1.54823
1.54628
1.54308
1.53883
1.53379
1.52824
1.52243
1.51658
1.51089
1.5055
1.50052
1.49605
1.49214
1.48882
1.4861
1.48398
1.48242
1.48136
1.4807
1.48034
1.48011
1.47984
1.47936
1.47851
1.47722
1.47548
1.47335
1.47099
1.46858
1.46633
1.46444
1.46306
1.4623
1.46219
1.46268
1.46367
1.46503
1.46657
1.46813
1.46954
1.47066
1.47138
1.4716
1.47124
1.47022
1.46847
1.46595
1.46266
1.45865
1.45402
1.4489
1.44345
1.43786
1.43229
1.42693
1.42194
1.41748
1.41371
1.41073
1.40864
1.40749
1.40728
1.40792
1.4093
1.41122
1.41352
1.41605
1.41872
1.42156
1.42466
1.42816
1.43222
1.43696
1.44244
1.44864
1.45542
1.4626
1.46993
1.47716
1.48408
1.4905
1.49627
1.50131
1.50559
1.5092
1.51235
1.5153
1.51823
1.52123
1.52415
1.52668
1.52837
1.52881
1.52784
1.52561
1.52248
1.51889
1.51513
1.51139
1.50775
1.50426
1.50097
1.49799
1.49544
1.49346
1.49213
1.49149
1.49148
1.49193
1.4926
1.49321
1.49349
1.49323
1.49236
1.49092
1.48901
1.4868
1.48443
1.48202
1.47963
1.47732
1.47512
1.47311
1.47139
1.47012
1.46948
1.46962
1.47056
1.47218
1.47417
1.47616
1.47791
1.47939
1.48082
1.48249
1.4846
1.48714
1.48997
1.49282
1.49544
1.49767
1.49947
1.50093
1.50218
1.50338
1.50461
1.50592
1.50734
1.50892
1.51075
1.51289
1.51541
1.51833
1.52161
1.52514
1.52878
1.53237
1.53572
1.53863
1.54092
1.54246
1.54318
1.54313
1.54242
1.54119
1.53961
1.53778
1.5358
1.53372
1.5316
1.5295
1.52753
1.5258
1.5244
1.52341
1.5228
1.52249
1.5223
1.52203
1.52155
1.52081
1.5199
1.51896
1.51818
1.51771
1.51766
1.51804
1.5188
1.51987
1.52114
1.52258
1.52418
1.52603
1.52819
1.53067
1.5334
1.53623
1.53903
1.54182
1.54473
1.54797
1.55165
1.55573
1.56
1.56415
1.56784
1.57082
1.57296
1.57426
1.57478
1.57464
1.57392
1.57267
1.57092
1.56874
1.56629
1.56381
1.56162
1.56002
1.55921
1.55927
1.5601
1.56142
1.56277
1.56366
1.56362
1.56245
1.56021
1.55714
1.55336
1.54876
1.54297
1.5357
1.52713
1.51791
1.50883
1.50056
1.49342
1.4875
1.48274
1.47904
1.47636
1.47466
1.47393
1.47416
1.4753
1.47729
1.48006
1.48352
1.48761
1.49226
1.49742
1.50297
1.50877
1.51462
1.52024
1.52529
1.5294
1.53222
1.53349
1.53309
1.53108
1.52773
1.52339
1.5185
1.51351
1.50883
1.50481
1.5017
1.49962
1.49861
1.49859
1.49945
1.50105
1.5033
1.50613
1.50953
1.5135
1.51805
1.52315
1.52877
1.53482
1.54117
1.54763
1.55396
1.55992
1.5652
1.56955
1.57274
1.57462
1.57516
1.57445
1.5727
1.57021
1.56729
1.56425
1.56132
1.55865
1.5563
1.55426
1.55247
1.55086
1.54935
1.54787
1.54633
1.54463
1.54267
1.54034
1.53752
1.53414
1.53015
1.52555
1.52042
1.51491
1.50919
1.50347
1.49793
1.49271
1.48788
1.48345
1.47936
1.47551
1.47182
1.46822
1.46472
1.46143
1.45846
1.45597
1.45408
1.45288
1.45241
1.45264
1.4535
1.45484
1.45648
1.45819
1.45973
1.46094
1.4617
1.46197
1.4618
1.4613
1.46057
1.45976
1.45897
1.45828
1.45769
1.45717
1.45666
1.45614
1.45555
1.45485
1.45398
1.45286
1.4514
1.44959
1.44749
1.44523
1.443
1.44096
1.43925
1.43794
1.43698
1.43624
1.43549
1.43442
1.43273
1.43019
1.42676
1.42258
1.41795
1.41325
1.40883
1.40498
1.40188
1.39966
1.39837
1.39801
1.39855
1.39995
1.40216
1.40512
1.4088
1.41311
1.41799
1.42337
1.42916
1.43531
1.44177
1.44851
1.45549
1.46261
1.46976
1.4768
1.48355
1.48985
1.49559
1.50071
1.50524
1.50926
1.51288
1.5162
1.51928
1.52216
1.52479
1.52711
1.52905
1.53056
1.53159
1.53212
1.53211
1.53155
1.53038
1.52861
1.52626
1.52342
1.52019
1.5167
1.51308
1.5094
1.50568
1.50189
1.49794
1.49371
1.48914
1.4843
1.47943
1.47487
1.47097
1.46798
1.46606
1.46523
1.46547
1.46671
1.46889
1.47197
1.47587
1.48049
1.48572
1.49137
1.49722
1.50297
1.50829
1.51279
1.51611
1.51803
1.51855
1.51786
1.51637
1.51452
1.51277
1.51148
1.5109
1.51116
1.51226
1.51411
1.51657
1.51946
1.52263
1.52597
1.5294
1.53283
1.53619
1.53936
1.54218
1.54448
1.54605
1.54666
1.54603
1.54396
1.54048
1.53587
1.53066
1.52545
1.5207
1.51672
1.51365
1.51151
1.51027
1.50984
1.51011
1.5109
1.51195
1.51294
1.51363
1.51391
1.51392
1.51393
1.51419
1.51487
1.516
1.51751
1.51933
1.52142
1.52376
1.52641
1.52942
1.53283
1.53666
1.54081
1.5451
1.54924
1.55289
1.55576
1.55773
1.5589
1.55957
1.56011
1.56092
1.56224
1.56415
1.5665
1.56891
1.57084
1.57176
1.57133
1.56942
1.5662
1.56197
1.55708
1.55187
1.54663
1.54154
1.53671
1.53215
1.5278
1.52354
1.51927
1.51492
1.5105
1.5061
1.50184
1.49788
1.49433
1.49127
1.48873
1.48673
1.48528
1.48447
1.48443
1.48534
1.4874
1.49073
1.49536
1.50121
1.50805
1.51555
1.5233
1.5308
1.53759
1.5433
1.54772
1.55083
1.55276
1.55372
1.55392
1.55349
1.55248
1.5509
1.54868
1.54577
1.54218
1.53798
1.53332
1.52846
1.52369
1.51933
1.51565
1.51287
1.51108
1.5103
1.51044
1.51135
1.51282
1.51467
1.51671
1.51882
1.52091
1.52295
1.52493
1.52682
1.52852
1.5299
1.53074
1.53084
1.53006
1.52841
1.52601
1.52308
1.51989
1.51671
1.51375
1.51115
1.50896
1.50714
1.50556
1.50402
1.50231
1.50033
1.49809
1.49573
1.49346
1.49143
1.48974
1.48837
1.48726
1.48636
1.48564
1.48517
1.48506
1.48551
1.48667
1.48871
1.49168
1.49559
1.50042
1.50612
1.51268
1.52007
1.5282
1.53688
1.54576
1.55435
1.56211
1.56849
1.57302
1.57544
1.5757
1.57396
1.57051
1.56576
1.56012
1.55401
1.54782
1.54185
1.53632
1.53134
1.52689
1.52289
1.51929
1.51612
1.51345
1.51141
1.51013
1.50966
1.50997
1.51099
1.51259
1.51458
1.51679
1.51899
1.52096
1.5225
1.52343
1.5236
1.52294
1.52148
1.51937
1.51687
1.51435
1.51218
1.51076
1.51039
1.51128
1.51343
1.51656
1.52012
1.52335
1.52541
1.52571
1.52408
1.52082
1.51649
1.51173
1.50707
1.50288
1.4994
1.49676
1.49502
1.49416
1.49409
1.49465
1.49562
1.49678
1.49792
1.49891
1.49971
1.50035
1.5009
1.50143
1.50199
1.50257
1.50311
1.50351
1.50365
1.50348
1.50298
1.50211
1.50079
1.49889
1.49631
1.49309
1.48939
1.48556
1.48195
1.47889
1.47657
1.47506
1.47427
1.474
1.47398
1.47399
1.47385
1.47353
1.4731
1.47273
1.47262
1.47296
1.47386
1.47536
1.47744
1.47998
1.48285
1.48592
1.48907
1.4922
1.49521
1.49803
1.50056
1.50271
1.50442
1.50566
1.50644
1.5068
1.50685
1.50671
1.50653
1.50651
1.50679
1.50752
1.50879
1.51063
1.51301
1.51586
1.51908
1.52251
1.526
1.52939
1.53252
1.53527
1.53755
1.53931
1.54059
1.54143
1.54199
1.54243
1.54301
1.544
1.54566
1.54819
1.55168
1.55605
1.56104
1.56616
1.57074
1.57402
1.57535
1.57436
1.57106
1.56581
1.55917
1.55175
1.54417
1.53691
1.5304
1.52495
1.52076
1.51798
1.51664
1.51672
1.51815
1.52077
1.5244
1.52882
1.53383
1.53926
1.54499
1.55101
1.55735
1.56408
1.57125
1.57884
1.58672
1.59464
1.60223
1.60908
1.61475
1.61889
1.62118
1.62149
1.61981
1.61632
1.61136
1.60538
1.59885
1.59219
1.58572
1.57963
1.57403
1.56894
1.56433
1.56018
1.55648
1.55322
1.55043
1.54818
1.54651
1.54548
1.54514
1.54544
1.54631
1.54761
1.54919
1.55083
1.55231
1.55343
1.55395
1.55365
1.55231
1.54979
1.54602
1.54107
1.5351
1.52835
1.52107
1.51348
1.50576
1.49805
1.49044
1.48306
1.47606
1.46963
1.46397
1.45926
1.4557
1.4534
1.45244
1.45281
1.45445
1.45724
1.461
1.46548
1.4704
1.47544
1.48026
1.48455
1.48808
1.49081
1.4929
1.49467
1.49649
1.49866
1.50142
1.50482
1.50879
1.51315
1.51767
1.5221
1.52625
1.53003
1.53344
1.53658
1.53961
1.54271
1.54601
1.54958
1.55339
1.55731
1.56112
1.56461
1.5676
1.57004
1.57202
1.57375
1.57544
1.57727
1.57927
1.58129
1.583
1.58402
1.58395
1.58255
1.57974
1.57563
1.57047
1.56458
1.55832
1.55208
1.54624
1.54113
1.53703
1.5341
1.53239
1.53185
1.53231
1.53356
1.53528
1.53717
1.53896
1.54049
1.5418
1.54301
1.54433
1.54587
1.54766
1.54963
1.5517
1.55378
1.55584
1.55785
1.55977
1.56156
1.56316
1.56447
1.56543
1.56596
1.56602
1.56556
1.56458
1.56305
1.561
1.55846
1.55552
1.55226
1.54881
1.54526
1.54173
1.53829
1.53504
1.53202
1.52927
1.52681
1.52458
1.52248
1.52039
1.51815
1.51561
1.5127
1.50938
1.50572
1.50185
1.4979
1.49406
1.49046
1.48719
1.48428
1.48171
1.47943
1.47737
1.47546
1.47365
1.47191
1.47028
1.46879
1.46753
1.46659
1.4661
1.46619
1.46699
1.46859
1.47101
1.47419
1.47796
1.48201
1.48597
1.48943
1.49201
1.49347
1.49371
1.49278
1.49088
1.48822
1.48503
1.48147
1.47763
1.47353
1.46915
1.46451
1.45966
1.45473
1.44991
1.44543
1.44146
1.4381
1.4353
1.43291
1.43073
1.42858
1.42633
1.42396
1.42157
1.41929
1.41732
1.41581
1.41491
1.4147
1.41523
1.4165
1.41845
1.42101
1.42406
1.42749
1.43114
1.43488
1.43853
1.44192
1.44487
1.44721
1.44876
1.44937
1.44895
1.44748
1.44502
1.44176
1.43791
1.43375
1.42957
1.42562
1.42211
1.41917
1.41688
1.41523
1.41421
1.41378
1.41396
1.4148
1.41643
1.41896
1.42244
1.42686
1.43203
1.43766
1.44337
1.4488
1.45372
1.45803
1.46177
1.46503
1.4679
1.47048
1.47285
1.47507
1.47719
1.47919
1.48099
1.48247
1.48345
1.48373
1.48318
1.48171
1.47936
1.47624
1.47253
1.46844
1.46418
1.45994
1.45591
1.45223
1.44904
1.44642
1.44448
1.44328
1.44285
1.4432
1.44429
1.44607
1.44848
1.45144
1.45488
1.45877
1.46307
1.46771
1.47261
1.47765
1.48263
1.48734
1.49156
1.4951
1.49792
1.50008
1.5018
1.50336
1.50503
1.50702
1.50945
1.51227
1.51537
1.5185
1.52142
1.52385
1.52555
1.52636
1.52625
1.5253
1.52374
1.52188
1.52004
1.51853
1.51761
1.51746
1.51814
1.51959
1.52152
1.52351
1.525
1.52545
1.52454
1.52224
1.51882
1.5147
1.5103
1.50596
1.50192
1.49835
1.49535
1.49299
1.49132
1.49035
1.49005
1.49037
1.49119
1.49241
1.4939
1.4956
1.49744
1.4994
1.50144
1.50352
1.50553
1.5074
1.50904
1.51047
1.51173
1.51295
1.51421
1.51556
1.51694
1.51819
1.51907
1.51932
1.51874
1.51723
1.51485
1.51181
1.5084
1.50494
1.50172
1.49898
1.49685
1.49543
1.49473
1.49476
1.49549
1.49688
1.49884
1.50125
1.50389
1.5065
1.50878
1.51044
1.51125
1.51106
1.50982
1.50754
1.50434
1.50034
1.49574
1.49074
1.48556
1.48042
1.47552
1.47106
1.4672
1.46409
1.46186
1.46063
1.46049
1.46151
1.46375
1.46723
1.47194
1.47783
1.48479
1.49265
1.50116
1.50999
1.5187
1.52685
1.534
1.53982
1.54413
1.54691
1.54828
1.54842
1.54757
1.54595
1.54379
1.54134
1.53886
1.53661
1.53477
1.53339
1.53235
1.5314
1.53021
1.52852
1.5263
1.52372
1.5211
1.5187
1.51664
1.51483
1.51301
1.51086
1.50814
1.50484
1.5012
1.49761
1.49449
1.49217
1.49076
1.49025
1.49043
1.4911
1.49202
1.49305
1.49408
1.49505
1.49592
1.49663
1.49713
1.49743
1.49757
1.49768
1.49795
1.49858
1.49975
1.50156
1.50399
1.50689
1.50999
1.51293
1.51532
1.51679
1.5171
1.51618
1.51418
1.51141
1.50828
1.50515
1.50234
1.50005
1.49836
1.4973
1.49691
1.49719
1.49817
1.49983
1.5021
1.50482
1.50776
1.51067
1.51329
1.51538
1.51674
1.51728
1.51707
1.51635
1.51543
1.51461
1.51414
1.51416
1.51473
1.51585
1.51747
1.51953
1.52195
1.52465
1.52755
1.53057
1.53363
1.53665
1.53954
1.54222
1.54462
1.54667
1.54836
1.54972
1.55084
1.5518
1.55264
1.55336
1.55393
1.55425
1.55425
1.55386
1.55304
1.55176
1.55005
1.54795
1.54552
1.54287
1.54008
1.53724
1.53443
1.53167
1.52895
1.52622
1.52336
1.52024
1.51676
1.51284
1.5085
1.50381
1.4989
1.49388
1.48884
1.48388
1.4791
1.47463
1.47069
1.46749
1.46522
1.46392
1.46329
1.46269
1.46126
1.4584
1.45418
1.44931
1.44478
1.44137
1.43954
1.43946
1.44113
1.44444
1.44917
1.45498
1.46141
1.46795
1.47412
1.47963
1.48448
1.48889
1.49324
1.49788
1.50298
1.50854
1.51428
1.51974
1.52435
1.5276
1.52934
1.52974
1.5293
1.52853
1.52783
1.52743
1.52743
1.52782
1.52855
1.52958
1.53089
1.53244
1.5342
1.53616
1.53827
1.54047
1.54269
1.54485
1.54683
1.54849
1.5497
1.55035
1.55042
1.54999
1.5492
1.54818
1.54702
1.54573
1.54432
1.54277
1.54111
1.53943
1.53786
1.53651
1.53544
1.53463
1.53394
1.5332
1.5322
1.5308
1.52895
1.52667
1.52406
1.52122
1.51829
1.51538
1.51258
1.50999
1.5077
1.50583
1.50449
1.50379
1.50379
1.50452
1.50595
1.50794
1.51033
1.51289
1.5154
1.51765
1.51947
1.52078
1.52155
1.52181
1.52165
1.5212
1.52058
1.51995
1.51938
1.51885
1.51821
1.51716
1.51533
1.51243
1.50831
1.50307
1.49701
1.4905
1.48395
1.47765
1.4718
1.46652
1.46179
1.4576
1.45387
1.45051
1.44745
1.44459
1.44187
1.4392
1.43655
1.43394
1.43149
1.42937
1.42778
1.4269
1.42687
1.4277
1.42936
1.43173
1.43465
1.43795
1.44144
1.44494
1.4483
1.4514
1.45417
1.4566
1.45875
1.46071
1.46262
1.4646
1.46675
1.46906
1.47151
1.47396
1.47627
1.47831
1.47996
1.48114
1.48182
1.48199
1.4817
1.48101
1.47995
1.47855
1.47679
1.47462
1.47204
1.46911
1.46603
1.46305
1.46052
1.45874
1.45798
1.45843
1.46016
1.46318
1.46738
1.47256
1.47845
1.4847
1.49088
1.49656
1.50133
1.50489
1.50713
1.50813
1.50808
1.50725
1.50583
1.50396
1.50171
1.4991
1.49606
1.4925
1.48828
1.4833
1.47755
1.47118
1.46441
1.45754
1.45083
1.44453
1.43882
1.43387
1.42979
1.42668
1.42459
1.42356
1.42356
1.42456
1.42648
1.4292
1.43257
1.43643
1.4406
1.44491
1.44923
1.45348
1.45762
1.46162
1.46547
1.46914
1.47257
1.47569
1.47844
1.48076
1.48259
1.48392
1.48474
1.48512
1.48511
1.48484
1.48442
1.48399
1.4837
1.48362
1.48382
1.48425
1.4848
1.48529
1.48552
1.4853
1.4845
1.48311
1.48123
1.47903
1.47671
1.47446
1.47245
1.47077
1.46949
1.46863
1.46819
1.46814
1.46847
1.46914
1.47008
1.47118
1.47233
1.47337
1.47413
1.47446
1.47425
1.47343
1.47203
1.47013
1.46789
1.46553
1.46324
1.46121
1.45955
1.45829
1.45743
1.45696
1.45685
1.45713
1.45783
1.45899
1.46066
1.46286
1.46556
1.46869
1.47212
1.47568
1.47919
1.48247
1.48539
1.48788
1.48995
1.49167
1.49317
1.49459
1.49607
1.49775
1.49972
1.50201
1.50462
1.50751
1.51055
1.51363
1.51661
1.51938
1.52184
1.524
1.52587
1.52751
1.52896
1.5302
1.53119
1.53179
1.53188
1.53135
1.53015
1.52833
1.52599
1.52324
1.52024
1.51708
1.51385
1.51059
1.50731
1.50404
1.50081
1.49766
1.49472
1.49211
1.49001
1.4886
1.48804
1.48846
1.48991
1.4924
1.49584
1.5001
1.50502
1.51044
1.51622
1.52226
1.52848
1.53478
1.54106
1.54718
1.55296
1.55818
1.56263
1.56607
1.56834
1.56933
1.56903
1.56751
1.56493
1.56148
1.55738
1.55289
1.54821
1.54355
1.53911
1.53505
1.53153
1.52865
1.52646
1.52493
1.52395
1.52336
1.52293
1.52243
1.52165
1.52043
1.51867
1.51636
1.51357
1.51049
1.50733
1.50435
1.5018
1.49988
1.49868
1.49821
1.49835
1.4989
1.49962
1.50028
1.50075
1.50101
1.50112
1.50122
1.50145
1.5019
1.50263
1.50367
1.505
1.50658
1.50836
1.5103
1.51232
1.5144
1.51649
1.51858
1.52069
1.52284
1.52505
1.52736
1.52978
1.53231
1.5349
1.53751
1.54006
1.54245
1.54459
1.54641
1.54787
1.54898
1.54978
1.55039
1.55093
1.55152
1.55229
1.55325
1.5544
1.55563
1.55685
1.55796
1.5589
1.55959
1.55996
1.55993
1.55939
1.5583
1.55666
1.55453
1.552
1.54917
1.54612
1.54291
1.53951
1.53585
1.53184
1.52745
1.52269
1.51769
1.51262
1.50765
1.50289
1.49839
1.49415
1.49015
1.48635
1.48274
1.47935
1.47625
1.47353
1.47128
1.46959
1.4685
1.46801
1.46813
1.46882
1.47005
1.47178
1.47394
1.47645
1.47916
1.48189
1.48443
1.48652
1.48796
1.48863
1.48852
1.48776
1.48661
1.48538
1.48442
1.48403
1.48445
1.48586
1.48832
1.49184
1.49633
1.50157
1.50724
1.51287
1.51795
1.52202
1.5248
1.52635
1.52698
1.52712
1.52719
1.52748
1.52814
1.52916
1.53046
1.53192
1.53343
1.53492
1.53635
1.53772
1.539
1.54013
1.54098
1.54137
1.5411
1.53998
1.53789
1.53482
1.5309
1.52639
1.52168
1.5172
1.51337
1.51052
1.50887
1.50849
1.50935
1.51127
1.51402
1.51735
1.52101
1.52481
1.52861
1.5323
1.53583
1.53911
1.5421
1.54472
1.54691
1.54859
1.54972
1.55025
1.55012
1.54929
1.54769
1.54526
1.54196
1.53782
1.533
1.52776
1.52249
1.5176
1.51347
1.51041
1.50865
1.50831
1.5094
1.51183
1.51544
1.51995
1.52507
1.53056
1.53626
1.54211
1.54808
1.55408
1.55995
1.56544
1.57029
1.57433
1.5775
1.57985
1.58154
1.58269
1.58337
1.58358
1.58328
1.58239
1.58087
1.57873
1.57603
1.57285
1.5693
1.56546
1.56134
1.5569
1.55203
1.54663
1.5406
1.53395
1.52675
1.51916
1.51141
1.50372
1.49632
1.48941
1.48309
1.47744
1.47246
1.46818
1.4646
1.46176
1.45975
1.45864
1.45852
1.45939
1.4612
1.46379
1.46685
1.46999
1.47273
1.47464
1.47544
1.47503
1.4735
1.47105
1.46789
1.46421
1.46016
1.45587
1.45152
1.44728
1.44334
1.43991
1.43713
1.43514
1.43401
1.43378
1.43442
1.43584
1.43792
1.44049
1.44336
1.44638
1.44938
1.45226
1.45496
1.45747
1.45982
1.46208
1.46435
1.46672
1.4693
1.47218
1.4754
1.47895
1.48278
1.48677
1.49075
1.49455
1.49797
1.50088
1.50316
1.50476
1.50571
1.50607
1.50593
1.50538
1.50447
1.50322
1.50163
1.49969
1.49739
1.49476
1.49184
1.48871
1.48549
1.48232
1.47936
1.47684
1.47495
1.47393
1.47394
1.47512
1.4775
1.48105
1.48562
1.49099
1.49683
1.50281
1.50858
1.51384
1.51838
1.52213
1.52509
1.52736
1.52909
1.53043
1.53156
1.53259
1.53369
1.53496
1.53655
1.53857
1.54113
1.54431
1.54815
1.55256
1.55736
1.56218
1.5665
1.56974
1.57134
1.57097
1.56872
1.56504
1.56059
1.55595
1.5515
1.54742
1.54373
1.5404
1.53738
1.53464
1.53214
1.52981
1.52754
1.52521
1.52273
1.52003
1.51712
1.51408
1.51109
1.5083
1.50588
1.50397
1.50266
1.502
1.502
1.50261
1.50379
1.50544
1.50743
1.50961
1.51184
1.514
1.51604
1.51797
1.5199
1.5219
1.52399
1.5261
1.52811
1.52992
1.5315
1.53296
1.5345
1.53634
1.5387
1.54168
1.5453
1.54948
1.55405
1.55876
1.56336
1.56762
1.57139
1.57462
1.5773
1.57946
1.5811
1.58219
1.58274
1.58275
1.58227
1.58138
1.58018
1.57878
1.57731
1.57588
1.57463
1.57371
1.57327
1.57345
1.57431
1.57582
1.57786
1.58016
1.58242
1.58429
1.58549
1.58578
1.58504
1.58323
1.58041
1.57669
1.57227
1.56737
1.56227
1.55725
1.55256
1.5484
1.54488
1.54204
1.53981
1.53805
1.53658
1.5352
1.5337
1.53191
1.52974
1.52711
1.52403
1.52059
1.51687
1.51301
1.50913
1.50535
1.50179
1.49855
1.49569
1.49329
1.49138
1.48997
1.48904
1.48854
1.48837
1.48839
1.48844
1.48841
1.48829
1.48822
1.48844
1.4892
1.49067
1.4929
1.49584
1.49931
1.50311
1.50702
1.51084
1.51442
1.51767
1.52052
1.5229
1.52472
1.52582
1.52605
1.52529
1.52355
1.52097
1.5178
1.51434
1.51085
1.50752
1.50446
1.50169
1.4992
1.49697
1.49494
1.4931
1.49144
1.49
1.48886
1.48814
1.48802
1.48865
1.49022
1.49287
1.4967
1.50177
1.50806
1.51546
1.52378
1.53275
1.54199
1.55107
1.55952
1.56685
1.57268
1.57673
1.57892
1.57933
1.57822
1.57594
1.57289
1.56945
1.56596
1.56266
1.55973
1.55727
1.55531
1.55379
1.55261
1.55162
1.55068
1.54967
1.54849
1.54712
1.54554
1.54378
1.54187
1.53982
1.53765
1.53537
1.533
1.53056
1.52813
1.52582
1.52376
1.5221
1.52098
1.52054
1.52086
1.522
1.52396
1.52675
1.53031
1.53458
1.53951
1.54499
1.55091
1.55708
1.56326
1.56917
1.57447
1.57883
1.582
1.58379
1.58419
1.58334
1.58153
1.57909
1.57628
1.57323
1.56998
1.56652
1.5628
1.55883
1.55462
1.55017
1.54547
1.5405
1.53525
1.52974
1.52404
1.51829
1.51264
1.50728
1.50242
1.49822
1.49488
1.4925
1.49119
1.49096
1.49172
1.49331
1.49546
1.49785
1.50015
1.50206
1.50338
1.50403
1.50408
1.50366
1.50299
1.50227
1.50168
1.50135
1.50129
1.50147
1.50176
1.50202
1.50213
1.50198
1.50152
1.50079
1.49988
1.49892
1.49805
1.4974
1.49705
1.49702
1.49726
1.49765
1.49801
1.49815
1.49787
1.49706
1.49571
1.49392
1.49191
1.48997
1.48843
1.48754
1.48752
1.48848
1.49042
1.49327
1.49682
1.50078
1.50479
1.50849
1.51157
1.51388
1.51547
1.51653
1.51739
1.51834
1.51962
1.52134
1.52348
1.52589
1.52842
1.53091
1.5333
1.5356
1.53789
1.54027
1.54284
1.54561
1.54841
1.55076
1.55195
1.55116
1.54793
1.54244
1.53535
1.52755
1.51976
1.51247
1.5059
1.50012
1.49513
1.49085
1.48723
1.48425
1.48189
1.48021
1.47927
1.47917
1.47999
1.48181
1.48468
1.48861
1.49356
1.49938
1.50577
1.51228
1.51829
1.52311
1.52623
1.52743
1.52695
1.52532
1.5232
1.52115
1.51944
1.51812
1.51706
1.51604
1.51489
1.51355
1.5121
1.51074
1.50975
1.50942
1.50999
1.51163
1.51447
1.51859
1.52407
1.531
1.5394
1.54927
1.56048
1.57274
1.58544
1.59754
1.60755
1.61387
1.61545
1.61239
1.60572
1.59684
1.58691
1.57672
1.56678
1.55743
1.54889
1.54133
1.53485
1.52952
1.52532
1.52222
1.52008
1.51872
1.51787
1.51722
1.51651
1.51554
1.51429
1.51286
1.51144
1.51023
1.5094
1.50906
1.50928
1.51002
1.51122
1.51277
1.5145
1.51622
1.51774
1.51886
1.51943
1.51934
1.51852
1.51698
1.51478
1.51199
1.50875
1.5052
1.50148
1.49776
1.49422
1.49101
1.48832
1.48629
1.48505
1.48471
1.48535
1.48697
1.48959
1.49315
1.49759
1.50279
1.50863
1.51497
1.52165
1.52848
1.53532
1.54195
1.5482
1.55384
1.55869
1.56263
1.56566
1.56792
1.56967
1.57116
1.57262
1.57414
1.57567
1.57701
1.57784
1.5778
1.57657
1.57394
1.56989
1.56456
1.55828
1.55144
1.54443
1.53759
1.53113
1.5252
1.51988
1.51526
1.51146
1.50857
1.50667
1.50578
1.50579
1.50652
1.50774
1.50919
1.51068
1.51209
1.51344
1.51481
1.51635
1.51817
1.52036
1.52294
1.52584
1.52889
1.53188
1.53453
1.53657
1.53779
1.53809
1.53752
1.53625
1.53457
1.53281
1.53129
1.53026
1.52988
1.53025
1.53137
1.53318
1.5356
1.53846
1.54162
1.54487
1.54805
1.55104
1.5538
1.55638
1.55888
1.56139
1.56393
1.56642
1.56868
1.57048
1.57157
1.57173
1.57078
1.56859
1.5651
1.56036
1.55448
1.54765
1.54012
1.53212
1.52389
1.51562
1.50748
1.49963
1.4922
1.48531
1.47908
1.4736
1.46897
1.46521
1.46233
1.46027
1.45889
1.45802
1.45748
1.45716
1.45706
1.45728
1.45803
1.45949
1.46182
1.46507
1.46913
1.47373
1.47844
1.4827
1.48602
1.48812
1.48903
1.48902
1.4885
1.48782
1.48726
1.48697
1.48699
1.48723
1.48746
1.4874
1.48678
1.48548
1.48353
1.48115
1.47865
1.47627
1.47416
1.47236
1.47075
1.46917
1.46745
1.46547
1.46324
1.46085
1.45842
1.45606
1.4538
1.45163
1.44947
1.44725
1.44491
1.44243
1.43983
1.43719
1.43467
1.43249
1.43091
1.43023
1.4307
1.4325
1.43568
1.44019
1.44582
1.45223
1.45891
1.46525
1.47065
1.47469
1.47727
1.47869
1.47947
1.48018
1.48132
1.48322
1.48603
1.48973
1.4942
1.49921
1.50449
1.50974
1.51466
1.51899
1.52253
1.52515
1.52684
1.5277
1.52794
1.52779
1.5275
1.52724
1.5271
1.52715
1.52737
1.52772
1.52813
1.52848
1.52863
1.52845
1.52783
1.52673
1.52516
1.5232
1.52096
1.51855
1.51605
1.51354
1.51104
1.50852
1.50583
1.50282
1.49932
1.49533
1.491
1.48665
1.48268
1.47944
1.4772
1.4761
1.47619
1.47742
1.47971
1.48291
1.48683
1.49127
1.49601
1.50089
1.50573
1.51041
1.51484
1.51897
1.52272
1.526
1.52868
1.53055
1.53147
1.53139
1.53037
1.52861
1.52632
1.52377
1.52116
1.51872
1.51658
1.51486
1.51362
1.51289
1.51263
1.51276
1.51316
1.5137
1.51423
1.51463
1.51479
1.51463
1.51413
1.51333
1.51226
1.51099
1.50959
1.50811
1.5066
1.50511
1.50366
1.50232
1.50115
1.50022
1.49961
1.49937
1.4995
1.5
1.50082
1.50188
1.50308
1.50433
1.50554
1.50668
1.50771
1.50867
1.50959
1.51054
1.51162
1.51291
1.51447
1.51629
1.51826
1.5201
1.52139
1.52163
1.52041
1.51753
1.51314
1.50768
1.50171
1.4958
1.49039
1.48574
1.482
1.47916
1.47713
1.47571
1.47467
1.47372
1.4726
1.47114
1.46924
1.46696
1.46444
1.46191
1.45959
1.45757
1.45579
1.45399
1.45183
1.44903
1.44548
1.44133
1.43685
1.43234
1.42805
1.42413
1.42069
1.4178
1.41552
1.41392
1.41308
1.41306
1.4139
1.41562
1.41816
1.42143
1.42533
1.42973
1.43454
1.43966
1.44502
1.45053
1.45606
1.46149
1.46667
1.47148
1.47586
1.47982
1.48341
1.48674
1.48989
1.49294
1.49591
1.4988
1.50155
1.50409
1.50636
1.50833
1.51003
1.51157
1.51309
1.51474
1.51661
1.51866
1.52077
1.52267
1.52404
1.52457
1.52402
1.52224
1.51922
1.51509
1.51005
1.50438
1.49838
1.49233
1.48648
1.48105
1.4762
1.47204
1.46864
1.46605
1.46423
1.46313
1.46262
1.46256
1.46276
1.46306
1.46328
1.46334
1.46321
1.46295
1.46269
1.46258
1.4628
1.46349
1.46474
1.4666
1.46902
1.47193
1.47518
1.47862
1.48207
1.4854
1.48852
1.49142
1.49416
1.49686
1.49963
1.50257
1.50569
1.50891
1.51208
1.51502
1.51759
1.51974
1.52145
1.52276
1.52366
1.52412
1.52409
1.52358
1.52261
1.52129
1.51975
1.51813
1.51655
1.51512
1.51391
1.51299
1.51236
1.51203
1.51196
1.51208
1.51229
1.51248
1.51251
1.51224
1.51156
1.5104
1.50874
1.50659
1.50404
1.50116
1.49805
1.49477
1.4914
1.48799
1.48456
1.48109
1.47751
1.47377
1.46979
1.46558
1.46123
1.45688
1.45277
1.44908
1.44602
1.44368
1.44212
1.44135
1.44128
1.44183
1.44287
1.44426
1.44585
1.44753
1.44921
1.45081
1.4523
1.45367
1.4549
1.45596
1.45684
1.45756
1.45815
1.45871
1.45932
1.46011
1.46116
1.46254
1.46426
1.46631
1.46863
1.47113
1.47371
1.47626
1.47867
1.48084
1.4827
1.48418
1.48524
1.48584
1.48596
1.48562
1.48488
1.48385
1.48264
1.48142
1.48031
1.47946
1.47898
1.47896
1.47947
1.48052
1.48214
1.4843
1.48696
1.49
1.4933
1.49668
1.49993
1.50288
1.50534
1.50721
1.50843
1.50901
1.509
1.50852
1.5077
1.50669
1.50562
1.50458
1.50363
1.50274
1.50187
1.50092
1.49982
1.49845
1.49674
1.4946
1.49205
1.48913
1.48603
1.48304
1.48048
1.47867
1.47783
1.47809
1.47943
1.48175
1.48488
1.48858
1.49264
1.49683
1.50096
1.5049
1.50852
1.51174
1.51448
1.51664
1.51817
1.51907
1.51942
1.51937
1.51911
1.51878
1.51843
1.51806
1.5176
1.51701
1.51626
1.51534
1.51426
1.513
1.51152
1.50974
1.50757
1.5049
1.50164
1.49774
1.49321
1.48815
1.48272
1.47715
1.47168
1.46651
1.46182
1.45771
1.45424
1.45141
1.4492
1.44754
1.44636
1.4456
1.44525
1.44533
1.44594
1.44718
1.44909
1.45162
1.45466
1.45803
1.46153
1.465
1.4683
1.47142
1.47442
1.47739
1.48044
1.48362
1.4869
1.49025
1.49358
1.4968
1.49988
1.50291
1.50605
1.5095
1.51337
1.51761
1.52192
1.52577
1.52847
1.52935
1.52796
1.52429
1.51875
1.51201
1.50481
1.49777
1.49136
1.48589
1.48154
1.47837
1.47635
1.47539
1.4753
1.47586
1.47683
1.47796
1.47906
1.48
1.48074
1.48128
1.48171
1.48208
1.48248
1.48295
1.48352
1.48423
1.48514
1.48632
1.48787
1.48985
1.49227
1.49505
1.49806
1.50109
1.50389
1.50621
1.50776
1.50829
1.50761
1.50568
1.50262
1.49876
1.49461
1.49075
1.48774
1.48605
1.48594
1.48749
1.49059
1.49492
1.5
1.50523
1.51001
1.51386
1.51653
1.51803
1.51863
1.51868
1.51858
1.51864
1.51908
1.52002
1.52144
1.52325
1.52527
1.52726
1.52898
1.5302
1.53079
1.53072
1.5301
1.52913
1.52804
1.52698
1.52602
1.52516
1.52438
1.52372
1.52333
1.52336
1.52395
1.52518
1.52699
1.52925
1.53173
1.53415
1.53621
1.53765
1.53834
1.5383
1.53769
1.53681
1.53601
1.53561
1.53585
1.53682
1.53842
1.54036
1.54222
1.54353
1.54393
1.54325
1.5415
1.53883
1.53542
1.53141
1.52689
1.5219
1.51652
1.51085
1.50504
1.49932
1.49389
1.48896
1.48473
1.48134
1.47891
1.47755
1.47731
1.47822
1.48022
1.48313
1.48669
1.49056
1.49444
1.49812
1.50153
1.50471
1.50776
1.51077
1.51382
1.51697
1.52024
1.52364
1.52712
1.53059
1.53394
1.53707
1.53991
1.54245
1.54466
1.5465
1.54791
1.5488
1.54913
1.54889
1.54818
1.54721
1.5462
1.54538
1.54486
1.54463
1.54456
1.54449
1.54425
1.54371
1.54286
1.54176
1.54053
1.53932
1.53827
1.53747
1.53694
1.53662
1.53639
1.53607
1.53544
1.53432
1.53257
1.53015
1.5271
1.52355
1.5197
1.51577
1.51194
1.50839
1.5052
1.50242
1.50001
1.49796
1.49622
1.4948
1.49372
1.49305
1.49287
1.49324
1.4942
1.49577
1.49791
1.50055
1.50361
1.50696
1.5105
1.51415
1.51785
1.52159
1.52541
1.52932
1.53329
1.53711
1.5404
1.54258
1.54306
1.54156
1.53822
1.53366
1.52862
1.52382
1.51976
1.5167
1.51477
1.51396
1.51417
1.51528
1.51718
1.51973
1.52283
1.52632
1.53002
1.53366
1.53689
1.53927
1.54037
1.53983
1.53741
1.53306
1.52686
1.51905
1.50998
1.50016
1.49015
1.48053
1.47179
1.4642
1.45782
1.45249
1.44795
1.4441
1.441
1.43896
1.43831
1.43931
1.44208
1.4466
1.45271
1.4602
1.46877
1.47807
1.48772
1.49736
1.50665
1.5153
1.5231
1.52994
1.53576
1.5406
1.54451
1.54758
1.54991
1.55158
1.55265
1.55311
1.55292
1.55198
1.55017
1.54744
1.54385
1.53957
1.53492
1.53022
1.52574
1.52166
1.51809
1.51503
1.51244
1.51025
1.50831
1.50651
1.50473
1.50289
1.50097
1.49901
1.49713
1.49544
1.4941
1.49325
1.49301
1.49351
1.49479
1.49688
1.49974
1.50326
1.50727
1.5116
1.51602
1.52037
1.52449
1.5283
1.53176
1.53485
1.53756
1.53984
1.54163
1.54283
1.54335
1.54308
1.54197
1.54003
1.53735
1.53411
1.5305
1.5268
1.52323
1.52001
1.51731
1.51527
1.51403
1.51369
1.51438
1.51617
1.51908
1.52304
1.52788
1.53335
1.53913
1.54487
1.55023
1.5549
1.55861
1.56116
1.56246
1.56248
1.56128
1.55899
1.55583
1.55207
1.54805
1.54416
1.54078
1.53822
1.5367
1.53625
1.53678
1.53805
1.53979
1.54172
1.54363
1.54546
1.54726
1.54915
1.55125
1.55361
1.55621
1.55893
1.56164
1.56415
1.56632
1.56804
1.56924
1.56993
1.57017
1.57005
1.56968
1.56917
1.56866
1.56823
1.56798
1.56799
1.56828
1.56888
1.56972
1.5707
1.57163
1.57224
1.57222
1.57129
1.56925
1.56607
1.56188
1.55694
1.55159
1.54617
1.54097
1.53621
1.53203
1.52849
1.52565
1.52352
1.52211
1.52146
1.52158
1.52254
1.52439
1.5272
1.53107
1.53606
1.5422
1.54942
1.55752
1.56604
1.57436
1.58175
1.58768
1.59199
1.595
1.59723
1.59919
1.60125
1.60361
1.6063
1.60922
1.61217
1.61476
1.61645
1.61655
1.61444
1.60977
1.60265
1.59362
1.58343
1.57288
1.56263
1.55323
1.545
1.53819
1.5329
1.52918
1.52704
1.52642
1.52722
1.52934
1.53265
1.53708
1.5426
1.54921
1.55686
1.56531
1.57399
1.58205
1.58865
1.59338
1.59636
1.59796
1.59851
1.59809
1.59665
1.59407
1.59028
1.58525
1.57908
1.57194
1.56409
1.55587
1.54765
1.53982
1.53271
1.52662
1.52172
1.51812
1.51584
1.51485
1.51506
1.51633
1.51849
1.5213
1.52453
1.52793
1.53133
1.53457
1.53757
1.54029
1.54272
1.54485
1.54669
1.54817
1.54921
1.54966
1.54933
1.54799
1.54545
1.54157
1.5363
1.52973
1.52208
1.51364
1.50483
1.49605
1.48775
1.48028
1.47393
1.46888
1.46518
1.46276
1.4614
1.46082
1.46068
1.46064
1.46046
1.46
1.45926
1.45835
1.45742
1.45666
1.45621
1.45618
1.45665
1.45765
1.45923
1.46143
1.46427
1.46775
1.47184
1.47645
1.48144
1.4866
1.49172
1.4966
1.50106
1.50497
1.50824
1.51082
1.51269
1.51381
1.51418
1.51379
1.51266
1.51086
1.5085
1.50582
1.50307
1.50056
1.49854
1.49721
1.49664
1.49682
1.49765
1.49892
1.50041
1.50184
1.50299
1.5037
1.50391
1.5037
1.50319
1.50259
1.50208
1.50181
1.50182
1.50205
1.50234
1.50248
1.50223
1.50145
1.50013
1.49841
1.49651
1.49463
1.49283
1.49089
1.48848
1.48537
1.48169
1.47787
1.47441
1.47162
1.46961
1.46834
1.4677
1.46755
1.46778
1.46828
1.46894
1.4697
1.4705
1.47136
1.47238
1.47365
1.47531
1.47742
1.47995
1.48281
1.4858
1.48872
1.49135
1.49354
1.49516
1.49619
1.49664
1.49656
1.49607
1.49528
1.49434
1.49336
1.49242
1.49158
1.49086
1.4903
1.48994
1.48987
1.49019
1.49101
1.49243
1.4945
1.49725
1.50064
1.5046
1.50909
1.51403
1.51936
1.52501
1.53085
1.53671
1.54242
1.54778
1.55265
1.55689
1.56044
1.5633
1.56557
1.5674
1.56901
1.5706
1.57232
1.57417
1.57607
1.57781
1.5791
1.57963
1.57913
1.57739
1.5744
1.57028
1.56529
1.55976
1.554
1.54828
1.5428
1.53768
1.53299
1.52874
1.52496
1.52163
1.51874
1.51629
1.51429
1.51274
1.51164
1.51095
1.5106
1.51047
1.5104
1.51017
1.50958
1.50846
1.50682
1.50482
1.50284
1.50136
1.50084
1.50166
1.504
1.50784
1.51289
1.51852
1.52365
1.52688
1.52698
1.52362
1.51763
1.51042
1.50327
1.49692
1.49166
1.48752
1.48439
1.48214
1.48062
1.47972
1.47936
1.47948
1.48006
1.48111
1.48265
1.48467
1.48718
1.49016
1.49359
1.49742
1.50164
1.50622
1.51115
1.51642
1.522
1.52786
1.53393
1.54008
1.54615
1.55194
1.55724
1.56189
1.56576
1.56883
1.57113
1.57273
1.57375
1.57427
1.57437
1.57403
1.57321
1.57184
1.56986
1.56729
1.56414
1.56045
1.55624
1.5515
1.5462
1.54035
1.53397
1.52716
1.52004
1.51281
1.50564
1.49873
1.49222
1.48623
1.48081
1.47596
1.47165
1.46783
1.46446
1.46149
1.45891
1.45674
1.45502
1.45378
1.45305
1.45281
1.45304
1.45369
1.45468
1.45597
1.4575
1.45924
1.46115
1.46319
1.46534
1.46759
1.46995
1.47239
1.47488
1.47735
1.47973
1.48192
1.4839
1.48568
1.48732
1.48889
1.4905
1.49222
1.49408
1.49603
1.49798
1.4998
1.50134
1.5025
1.5032
1.50341
1.50313
1.5024
1.50132
1.50003
1.49874
1.49766
1.49699
1.49688
1.49738
1.49843
1.4999
1.5016
1.5033
1.50486
1.50615
1.50715
1.50787
1.50829
1.50838
1.50802
1.50715
1.50571
1.50372
1.50128
1.49853
1.49563
1.49274
1.49002
1.48765
1.48576
1.4845
1.48398
1.48433
1.48561
1.4879
1.4912
1.49544
1.50034
1.50535
1.50962
1.5122
1.5125
1.51062
1.5072
1.50306
1.4988
1.49477
1.49113
1.48795
1.48525
1.4831
1.48152
1.48054
1.48013
1.48022
1.48067
1.48127
1.48177
1.4819
1.48147
1.48043
1.47888
1.47705
1.47517
1.47347
1.47211
1.47118
