0.196291
0.196917
0.197267
0.197695
0.198199
0.198781
0.199441
0.200177
0.200988
0.201875
0.202835
0.203867
0.204969
0.206142
0.207383
0.20869
0.210063
0.211499
0.212996
0.214554
0.216168
0.217837
0.219557
0.221327
0.223143
0.225003
0.226904
0.228841
0.230813
0.232814
0.234845
0.236898
0.238971
0.241062
0.243165
0.245278
0.247397
0.24952
0.251642
0.25376
0.255872
0.257975
0.260065
0.262139
0.264197
0.266234
0.268248
0.270238
0.272199
0.274132
0.276032
0.277899
0.27973
0.281522
0.283277
0.284989
0.286659
0.288287
0.289869
0.291405
0.292895
0.294337
0.295733
0.29708
0.298382
0.299636
0.300843
0.302003
0.303117
0.304187
0.305213
0.306195
0.307137
0.308037
0.308899
0.309722
0.31051
0.311261
0.311979
0.312665
0.313321
0.313947
0.314546
0.315117
0.315665
0.316189
0.316691
0.317174
0.317638
0.318085
0.318516
0.318933
0.319339
0.319734
0.320118
0.320494
0.320861
0.321221
0.321573
0.321918
0.322254
0.322583
0.322903
0.323214
0.323514
0.323803
0.324079
0.324342
0.32459
0.324826
0.325046
0.32525
0.32544
0.325615
0.325776
0.325923
0.326057
0.32618
0.326292
0.326395
0.32649
0.326578
0.326661
0.326739
0.326814
0.326886
0.326957
0.327026
0.327095
0.327165
0.327233
0.327302
0.32737
0.327438
0.327505
0.327572
0.327637
0.3277
0.327761
0.327819
0.327874
0.327925
0.327972
0.328015
0.328054
0.328088
0.328117
0.328144
0.328167
0.328188
0.328205
0.328221
0.328236
0.32825
0.328264
0.328279
0.328295
0.328313
0.328333
0.328357
0.328384
0.328414
0.328448
0.328486
0.328528
0.328574
0.328623
0.328675
0.328731
0.32879
0.328851
0.328914
0.328977
0.329041
0.329105
0.329167
0.329228
0.329285
0.32934
0.32939
0.329437
0.329479
0.329516
0.329547
0.329572
0.329594
0.32961
0.329621
0.329629
0.329635
0.329636
0.329635
0.329633
0.329628
0.32962
0.329611
0.329597
0.32958
0.329556
0.329526
0.32949
0.329445
0.329392
0.329329
0.329259
0.32918
0.329093
0.328999
0.328901
0.328799
0.328695
0.328589
0.328482
0.328375
0.328268
0.328162
0.328055
0.327946
0.327835
0.32772
0.327601
0.327478
0.327346
0.32721
0.327067
0.326918
0.326763
0.326606
0.326446
0.326286
0.326127
0.325974
0.325826
0.325687
0.325558
0.325442
0.32534
0.325255
0.325187
0.325137
0.325104
0.325089
0.325093
0.325114
0.325152
0.325206
0.325276
0.325358
0.325453
0.325558
0.325672
0.325794
0.325923
0.326056
0.326192
0.32633
0.326469
0.326607
0.326744
0.326876
0.327005
0.327129
0.327245
0.327354
0.327454
0.327544
0.327623
0.327691
0.327745
0.327785
0.327811
0.327824
0.327821
0.327805
0.327775
0.327733
0.327678
0.327614
0.327541
0.32746
0.327374
0.327284
0.327192
0.3271
0.32701
0.326923
0.326842
0.326768
0.326703
0.326646
0.326599
0.326562
0.326538
0.326525
0.326525
0.326536
0.326561
0.326598
0.326649
0.326711
0.326787
0.326877
0.32698
0.327098
0.32723
0.327376
0.327538
0.327714
0.327904
0.328112
0.328335
0.328572
0.328823
0.329089
0.329369
0.32966
0.329962
0.330272
0.330588
0.330909
0.331231
0.331554
0.331874
0.332189
0.332495
0.33279
0.333074
0.333341
0.333591
0.333823
0.334034
0.334222
0.334388
0.334531
0.334649
0.334744
0.334815
0.334865
0.334894
0.334902
0.334893
0.334867
0.334825
0.334772
0.334708
0.334636
0.334557
0.334473
0.334385
0.334296
0.334207
0.334118
0.334033
0.33395
0.33387
0.333796
0.333728
0.333665
0.333607
0.333555
0.333508
0.333468
0.333431
0.333399
0.333371
0.333346
0.333322
0.333299
0.333276
0.33325
0.333221
0.333189
0.33315
0.333105
0.333052
0.33299
0.332919
0.332839
0.332749
0.33265
0.332543
0.332429
0.33231
0.332187
0.332062
0.331937
0.331814
0.331695
0.33158
0.331472
0.33137
0.331275
0.331187
0.331103
0.331022
0.330942
0.330861
0.330775
0.330681
0.330575
0.330455
0.330318
0.330161
0.329982
0.329778
0.329551
0.329298
0.329019
0.328715
0.328387
0.328037
0.327666
0.327278
0.326873
0.326454
0.326024
0.325586
0.325141
0.324692
0.324241
0.32379
0.32334
0.322893
0.32245
0.322014
0.321585
0.321164
0.320754
0.320354
0.319966
0.319591
0.319231
0.318886
0.318556
0.31824
0.317939
0.317652
0.317379
0.317117
0.316867
0.316626
0.316392
0.316162
0.315934
0.315705
0.315475
0.31524
0.314999
0.31475
0.314493
0.314228
0.313954
0.313673
0.313385
0.313093
0.312798
0.312502
0.312207
0.311915
0.311629
0.311352
0.311087
0.310834
0.310594
0.310372
0.310168
0.309984
0.309821
0.309679
0.309561
0.309466
0.309394
0.309347
0.309323
0.309322
0.309344
0.309387
0.309451
0.309533
0.309634
0.30975
0.30988
0.310021
0.310173
0.310334
0.310502
0.310675
0.310853
0.311034
0.311218
0.311404
0.311593
0.311784
0.311979
0.312179
0.312385
0.312595
0.312814
0.31304
0.313275
0.31352
0.313775
0.314041
0.314316
0.314602
0.314898
0.315203
0.315515
0.315831
0.316151
0.316473
0.316796
0.317115
0.317431
0.31774
0.318041
0.318332
0.318612
0.318879
0.319134
0.319377
0.319607
0.319824
0.32003
0.320226
0.320412
0.32059
0.320762
0.320927
0.321088
0.321245
0.321399
0.321551
0.321699
0.321845
0.321988
0.322127
0.322262
0.322391
0.322516
0.322634
0.322746
0.32285
0.322948
0.323039
0.323124
0.323203
0.323278
0.323349
0.323417
0.323484
0.323549
0.323616
0.323682
0.323749
0.323816
0.323884
0.323953
0.324021
0.324089
0.324154
0.324217
0.324277
0.324332
0.324383
0.324428
0.324469
0.324505
0.324538
0.324568
0.324598
0.324627
0.32466
0.324696
0.324737
0.324786
0.324843
0.324912
0.324991
0.325082
0.325184
0.325299
0.325425
0.325561
0.325706
0.32586
0.326019
0.326181
0.326347
0.326514
0.326679
0.326841
0.327
0.327153
0.327299
0.327438
0.327567
0.327688
0.327799
0.3279
0.327991
0.32807
0.328139
0.328196
0.328243
0.328279
0.328306
0.328322
0.32833
0.328328
0.328319
0.328305
0.328285
0.328259
0.328231
0.328199
0.328166
0.328131
0.328093
0.328052
0.32801
0.327964
0.327915
0.327862
0.327804
0.327741
0.327674
0.327602
0.327525
0.327443
0.327358
0.32727
0.32718
0.32709
0.327
0.326911
0.326822
0.326736
0.326652
0.32657
0.326491
0.326414
0.326338
0.326263
0.326189
0.326114
0.326039
0.325962
0.325883
0.325801
0.325719
0.325634
0.325547
0.32546
0.325373
0.325287
0.325202
0.32512
0.325042
0.324969
0.324904
0.324845
0.324795
0.324756
0.324727
0.32471
0.324703
0.324707
0.324722
0.324749
0.324784
0.324827
0.324875
0.324926
0.324979
0.325032
0.325082
0.325128
0.325169
0.325203
0.325229
0.325247
0.325255
0.325255
0.325246
0.32523
0.325205
0.325174
0.325136
0.325092
0.325044
0.324992
0.324937
0.324881
0.324824
0.324767
0.32471
0.324656
0.324604
0.324556
0.324512
0.324471
0.324435
0.324403
0.324375
0.324351
0.324331
0.324314
0.324298
0.324284
0.324271
0.324255
0.324239
0.32422
0.324196
0.324168
0.324134
0.324093
0.324046
0.323991
0.323927
0.323855
0.323774
0.323685
0.323588
0.323483
0.323369
0.323248
0.323119
0.322984
0.322843
0.322696
0.322545
0.322388
0.322226
0.32206
0.321888
0.321711
0.321528
0.32134
0.321147
0.320947
0.32074
0.320526
0.320306
0.320079
0.319848
0.319612
0.319373
0.319131
0.318887
0.318645
0.318403
0.318164
0.31793
0.317701
0.317477
0.317261
0.317051
0.316849
0.316655
0.316468
0.316289
0.316118
0.315954
0.315796
0.315645
0.3155
0.31536
0.315226
0.315095
0.314969
0.314845
0.314723
0.314605
0.31449
0.314378
0.314268
0.314161
0.314059
0.313961
0.313868
0.313781
0.3137
0.313627
0.313562
0.313507
0.313462
0.313427
0.313405
0.313396
0.3134
0.313419
0.313453
0.313505
0.313574
0.313662
0.313771
0.3139
0.314052
0.314224
0.314418
0.314635
0.314874
0.315133
0.315412
0.315709
0.316022
0.316349
0.316686
0.317032
0.317383
0.317737
0.318089
0.318437
0.318779
0.31911
0.319429
0.319732
0.320017
0.320284
0.320533
0.32076
0.320967
0.321155
0.321324
0.321476
0.321612
0.321736
0.321849
0.321956
0.322057
0.322157
0.322259
0.322364
0.322474
0.322592
0.322717
0.32285
0.32299
0.323136
0.323286
0.32344
0.323594
0.323746
0.323894
0.324034
0.324164
0.324281
0.324384
0.324471
0.324539
0.324588
0.324616
0.324622
0.324607
0.324569
0.324508
0.324426
0.324322
0.324198
0.324054
0.323891
0.32371
0.323513
0.323299
0.323069
0.322826
0.322571
0.322304
0.322026
0.321738
0.321442
0.321137
0.320826
0.320508
0.320184
0.319857
0.319525
0.31919
0.318854
0.318514
0.318172
0.317829
0.317484
0.317138
0.316791
0.316442
0.316093
0.315741
0.315388
0.315032
0.314673
0.314313
0.31395
0.313586
0.313221
0.312855
0.312492
0.312131
0.311776
0.311428
0.311091
0.310767
0.310458
0.310168
0.309898
0.30965
0.309426
0.309225
0.309052
0.308903
0.308778
0.308677
0.308597
0.308539
0.308499
0.308476
0.308468
0.308476
0.308496
0.308528
0.308572
0.308629
0.308698
0.308779
0.308872
0.308976
0.309092
0.309217
0.309353
0.309497
0.309645
0.309798
0.309952
0.310105
0.310254
0.310397
0.310531
0.310656
0.310769
0.310871
0.31096
0.311038
0.311106
0.311166
0.311219
0.311268
0.311314
0.31136
0.311408
0.31146
0.311517
0.311582
0.311656
0.311737
0.311828
0.311929
0.31204
0.312159
0.312287
0.312423
0.312567
0.312715
0.31287
0.313028
0.31319
0.313353
0.313518
0.313682
0.313844
0.314004
0.31416
0.314311
0.314458
0.314597
0.31473
0.314856
0.314975
0.315085
0.315188
0.315282
0.31537
0.315451
0.315525
0.315592
0.315654
0.315711
0.315763
0.315811
0.315855
0.315895
0.315932
0.315965
0.315995
0.316021
0.316041
0.316057
0.316068
0.316073
0.316073
0.316067
0.316055
0.316039
0.316017
0.315991
0.315962
0.315931
0.315898
0.315866
0.315836
0.315809
0.315786
0.31577
0.315761
0.315759
0.315764
0.315778
0.315799
0.315827
0.315862
0.315901
0.315943
0.315987
0.31603
0.316071
0.316108
0.316141
0.316168
0.316187
0.316198
0.316201
0.316194
0.316179
0.316157
0.316126
0.316087
0.316043
0.315991
0.315935
0.315872
0.315804
0.315731
0.315655
0.315576
0.315494
0.315409
0.315323
0.315238
0.315155
0.315073
0.314997
0.314926
0.314861
0.314803
0.314754
0.314713
0.314682
0.314659
0.314644
0.314635
0.314633
0.314636
0.314641
0.314648
0.314657
0.314664
0.314669
0.314671
0.314669
0.314664
0.314654
0.314641
0.314624
0.314605
0.314583
0.31456
0.314537
0.314515
0.314495
0.314476
0.314463
0.314454
0.314452
0.314456
0.314465
0.314482
0.314505
0.314534
0.314568
0.314606
0.314646
0.314689
0.314733
0.314777
0.314821
0.314863
0.314903
0.314941
0.314977
0.315011
0.315044
0.315074
0.315104
0.315135
0.315168
0.315203
0.315242
0.315287
0.315337
0.315396
0.315462
0.315537
0.315624
0.315721
0.315828
0.315946
0.316074
0.316212
0.31636
0.316515
0.316677
0.316844
0.317012
0.317182
0.31735
0.317516
0.317676
0.31783
0.317974
0.31811
0.318236
0.318351
0.318455
0.318548
0.318631
0.318704
0.318769
0.318827
0.318877
0.318922
0.318961
0.318998
0.31903
0.319061
0.319089
0.319116
0.319141
0.319165
0.319187
0.319207
0.319226
0.319243
0.319258
0.319272
0.319282
0.319291
0.319296
0.3193
0.319302
0.319303
0.319303
0.319301
0.319299
0.319296
0.319294
0.319293
0.319293
0.319294
0.319297
0.319303
0.319309
0.319318
0.319328
0.319339
0.31935
0.319362
0.319373
0.319382
0.319391
0.319398
0.319402
0.319404
0.319406
0.319405
0.319404
0.319403
0.319403
0.319403
0.319404
0.319408
0.319412
0.319418
0.319426
0.319434
0.319442
0.319449
0.319454
0.319455
0.319452
0.319443
0.319427
0.319403
0.31937
0.319328
0.319275
0.319211
0.319137
0.319054
0.31896
0.318856
0.318743
0.318622
0.318495
0.318361
0.31822
0.318076
0.317928
0.317778
0.317626
0.317476
0.317325
0.317179
0.317035
0.316898
0.316767
0.316645
0.316532
0.316429
0.316337
0.316258
0.31619
0.316134
0.316091
0.31606
0.316041
0.316032
0.316034
0.316045
0.316066
0.316094
0.316131
0.316177
0.316231
0.316296
0.316373
0.316463
0.31657
0.316694
0.31684
0.317009
0.317202
0.317423
0.317672
0.31795
0.318257
0.318593
0.318957
0.319347
0.319761
0.320197
0.320651
0.321121
0.321603
0.322093
0.322588
0.323085
0.323581
0.324071
0.324557
0.325034
0.325501
0.325956
0.326401
0.326835
0.327258
0.327669
0.32807
0.32846
0.328841
0.329212
0.329574
0.329928
0.330274
0.33061
0.330939
0.331258
0.331569
0.33187
0.332162
0.332444
0.332717
0.332979
0.33323
0.333471
0.333701
0.333919
0.334127
0.334321
0.334503
0.334673
0.33483
0.334973
0.335101
0.335214
0.33531
0.335392
0.335456
0.335504
0.335533
0.335545
0.335537
0.335513
0.33547
0.33541
0.335333
0.33524
0.335132
0.33501
0.334875
0.334729
0.334575
0.334412
0.334242
0.334068
0.333892
0.333715
0.333539
0.333364
0.333193
0.333026
0.332865
0.332712
0.332565
0.332427
0.332298
0.332178
0.332067
0.331965
0.331873
0.33179
0.331716
0.33165
0.331592
0.331541
0.331495
0.331454
0.331416
0.331378
0.331342
0.331302
0.33126
0.331212
0.331157
0.331094
0.331021
0.330939
0.330845
0.33074
0.330625
0.330496
0.330357
0.330206
0.330047
0.32988
0.329705
0.329524
0.32934
0.329152
0.328963
0.328772
0.328584
0.328397
0.328213
0.328034
0.327858
0.327687
0.327521
0.32736
0.327205
0.327055
0.326907
0.326764
0.326624
0.326487
0.326352
0.326217
0.326082
0.325946
0.325808
0.325668
0.325524
0.325377
0.325226
0.32507
0.324909
0.324743
0.324571
0.324394
0.32421
0.32402
0.323824
0.323621
0.32341
0.323192
0.322964
0.322728
0.322482
0.322225
0.321956
0.321676
0.321383
0.321076
0.320755
0.320421
0.320073
0.319711
0.319338
0.318953
0.318558
0.318153
0.317742
0.317326
0.316908
0.316489
0.316072
0.31566
0.315255
0.31486
0.314476
0.314107
0.313755
0.31342
0.313104
0.31281
0.312538
0.312289
0.312065
0.311866
0.31169
0.31154
0.311415
0.311315
0.311238
0.311183
0.31115
0.311137
0.311143
0.311167
0.311206
0.31126
0.311326
0.311403
0.311488
0.311581
0.311679
0.311781
0.311885
0.31199
0.312096
0.312199
0.312302
0.312403
0.312502
0.312599
0.312694
0.312789
0.312882
0.312976
0.313071
0.313168
0.313266
0.313367
0.313471
0.313577
0.313686
0.313797
0.313912
0.314027
0.314144
0.31426
0.314376
0.314493
0.314607
0.31472
0.314829
0.314938
0.315043
0.315147
0.31525
0.315353
0.315456
0.315561
0.315667
0.315776
0.315888
0.316004
0.316124
0.316246
0.316373
0.316504
0.316637
0.316773
0.31691
0.317049
0.317189
0.317329
0.31747
0.317609
0.317749
0.317889
0.318029
0.318171
0.318314
0.318459
0.318607
0.318759
0.318914
0.319072
0.319234
0.319401
0.319572
0.319746
0.319924
0.320105
0.320287
0.320468
0.320646
0.320821
0.320987
0.321143
0.321288
0.321416
0.321527
0.321621
0.321693
0.321748
0.321783
0.321799
0.321797
0.321778
0.321744
0.321696
0.321635
0.321563
0.32148
0.321389
0.321292
0.321187
0.321078
0.320964
0.320847
0.320727
0.320604
0.32048
0.320356
0.320231
0.320105
0.319978
0.319851
0.319722
0.319592
0.319461
0.319327
0.319192
0.319054
0.318914
0.318772
0.318627
0.31848
0.318332
0.318181
0.31803
0.317877
0.317723
0.31757
0.317417
0.317265
0.317114
0.316965
0.316819
0.316676
0.31654
0.316411
0.31629
0.316179
0.316077
0.315989
0.315911
0.315845
0.31579
0.315746
0.31571
0.315681
0.315658
0.315637
0.315616
0.315594
0.315568
0.315537
0.315501
0.315458
0.315408
0.315353
0.315293
0.31523
0.315168
0.315105
0.315046
0.314991
0.314944
0.314907
0.314881
0.314868
0.314869
0.314886
0.314919
0.31497
0.315036
0.315119
0.315218
0.315332
0.315459
0.315599
0.315747
0.315905
0.316069
0.316238
0.316409
0.316581
0.316752
0.316921
0.317088
0.317252
0.317411
0.317565
0.317716
0.317861
0.318003
0.318141
0.318275
0.318406
0.318536
0.318664
0.318791
0.318918
0.319044
0.319169
0.319296
0.319422
0.319549
0.319678
0.319806
0.319935
0.320064
0.320194
0.320325
0.320457
0.320592
0.320728
0.320868
0.32101
0.321159
0.321312
0.321472
0.321639
0.321813
0.321995
0.322184
0.32238
0.322581
0.322787
0.322996
0.323207
0.323418
0.323627
0.323831
0.324028
0.324218
0.324398
0.324566
0.324722
0.324863
0.324992
0.325105
0.325206
0.325293
0.325368
0.325432
0.325486
0.32553
0.325567
0.325597
0.325621
0.32564
0.325655
0.325666
0.325674
0.325679
0.325679
0.325677
0.32567
0.325657
0.325639
0.325613
0.325578
0.325534
0.325479
0.325413
0.325334
0.325242
0.325135
0.325015
0.324881
0.324734
0.324573
0.324401
0.324217
0.324023
0.323823
0.323615
0.323404
0.32319
0.322975
0.322762
0.322553
0.32235
0.322155
0.32197
0.321796
0.321634
0.321486
0.321352
0.321229
0.321119
0.32102
0.320928
0.320841
0.320755
0.320666
0.320571
0.320467
0.32035
0.320218
0.320071
0.319906
0.319725
0.31953
0.319323
0.319106
0.318883
0.318657
0.318432
0.31821
0.317995
0.317789
0.317594
0.31741
0.317238
0.317077
0.316925
0.316781
0.316644
0.316512
0.31638
0.316248
0.316113
0.315975
0.315832
0.315683
0.31553
0.315373
0.315215
0.315058
0.314905
0.314758
0.31462
0.314494
0.314384
0.31429
0.314214
0.314159
0.314126
0.314114
0.314124
0.314155
0.314206
0.314276
0.314364
0.314469
0.31459
0.314724
0.31487
0.315028
0.315195
0.315372
0.315557
0.315749
0.315948
0.316154
0.316364
0.31658
0.3168
0.317022
0.317248
0.317478
0.317709
0.317943
0.318178
0.318414
0.31865
0.318887
0.319124
0.319359
0.319593
0.319825
0.320055
0.320282
0.320505
0.320724
0.320939
0.32115
0.321358
0.32156
0.321758
0.321952
0.322142
0.322329
0.322512
0.322693
0.322871
0.323047
0.32322
0.32339
0.323557
0.323721
0.323882
0.324037
0.324187
0.324329
0.324464
0.324589
0.324701
0.3248
0.324885
0.324953
0.325005
0.32504
0.325057
0.325054
0.325035
0.324998
0.324944
0.324876
0.324796
0.324703
0.324601
0.324492
0.324377
0.32426
0.32414
0.324019
0.323901
0.323786
0.323673
0.323564
0.323459
0.323358
0.323259
0.323163
0.323067
0.322971
0.322873
0.322773
0.322666
0.322553
0.322432
0.322301
0.322159
0.322006
0.321842
0.321667
0.32148
0.321284
0.321078
0.320864
0.320643
0.320417
0.320187
0.319954
0.319719
0.319484
0.319249
0.319013
0.31878
0.318548
0.318319
0.318093
0.31787
0.317652
0.317439
0.317232
0.31703
0.316837
0.316652
0.316477
0.316313
0.316162
0.316024
0.315901
0.315792
0.3157
0.315625
0.315567
0.315525
0.315499
0.315488
0.315492
0.315509
0.315537
0.315575
0.315622
0.315675
0.315733
0.315795
0.315858
0.315922
0.315987
0.31605
0.316111
0.316172
0.31623
0.316288
0.316343
0.316398
0.316452
0.316506
0.31656
0.316616
0.316672
0.316732
0.316794
0.316859
0.316928
0.317
0.317076
0.317155
0.317239
0.317328
0.317421
0.317518
0.317618
0.317723
0.317833
0.317949
0.318069
0.318194
0.318326
0.318462
0.318605
0.318754
0.318909
0.319069
0.319233
0.319401
0.319569
0.319739
0.319908
0.320073
0.320233
0.320386
0.32053
0.320664
0.320786
0.320895
0.320988
0.321065
0.321127
0.321172
0.321201
0.321214
0.321212
0.321195
0.321167
0.321128
0.321083
0.321033
0.320981
0.320933
0.320889
0.320854
0.320831
0.320822
0.320828
0.320851
0.320891
0.320947
0.321017
0.321101
0.321197
0.3213
0.321408
0.321517
0.321625
0.321729
0.321827
0.321914
0.32199
0.322051
0.322098
0.322128
0.322141
0.322135
0.32211
0.322065
0.322001
0.321917
0.321814
0.321693
0.321557
0.321405
0.321243
0.321072
0.320897
0.320721
0.320547
0.32038
0.320224
0.320082
0.319956
0.319849
0.319763
0.319696
0.319649
0.319619
0.319604
0.319601
0.319606
0.319616
0.319626
0.319634
0.319635
0.319629
0.319612
0.319586
0.31955
0.319505
0.319453
0.319397
0.319339
0.319281
0.319225
0.319176
0.319132
0.319096
0.319067
0.319046
0.319032
0.319023
0.319018
0.319013
0.319009
0.319004
0.318995
0.318982
0.318965
0.318943
0.318916
0.318884
0.318848
0.318808
0.318767
0.318724
0.31868
0.318638
0.318598
0.318561
0.318529
0.318503
0.318482
0.318469
0.318463
0.318468
0.318479
0.318499
0.318528
0.318564
0.318607
0.318657
0.318713
0.318774
0.318838
0.318905
0.318973
0.319041
0.319107
0.319171
0.31923
0.319284
0.319332
0.319374
0.31941
0.319438
0.31946
0.319476
0.319486
0.319491
0.319491
0.319487
0.31948
0.319471
0.319459
0.319445
0.319429
0.319411
0.319392
0.319371
0.319348
0.319322
0.319293
0.319261
0.319226
0.319187
0.319145
0.319097
0.319045
0.318988
0.318927
0.31886
0.318789
0.318712
0.31863
0.318542
0.318449
0.318351
0.318247
0.318139
0.318027
0.317914
0.317799
0.317684
0.317571
0.317461
0.317357
0.31726
0.317172
0.317096
0.317033
0.316984
0.316951
0.316933
0.316932
0.316947
0.316975
0.317019
0.317075
0.317142
0.317218
0.3173
0.317387
0.317479
0.317571
0.317663
0.317757
0.317849
0.317942
0.318035
0.31813
0.318226
0.318327
0.318433
0.318546
0.318667
0.318796
0.318934
0.319083
0.31924
0.319406
0.319578
0.319753
0.319931
0.32011
0.320285
0.320454
0.320614
0.320761
0.320895
0.321011
0.32111
0.321189
0.321249
0.321288
0.321309
0.321311
0.321296
0.321267
0.321227
0.321179
0.321126
0.321071
0.321018
0.320971
0.320934
0.320909
0.320899
0.320908
0.320936
0.320987
0.321059
0.321153
0.321267
0.321402
0.321553
0.321719
0.321897
0.322084
0.322275
0.322467
0.322657
0.322841
0.323017
0.323182
0.323333
0.32347
0.323592
0.323699
0.323791
0.32387
0.323938
0.323993
0.324038
0.324072
0.324098
0.324116
0.324125
0.324125
0.324113
0.324089
0.32405
0.323994
0.32392
0.323826
0.323711
0.323575
0.323417
0.323237
0.32304
0.322826
0.322599
0.322364
0.322124
0.321882
0.321643
0.321411
0.32119
0.320979
0.320783
0.3206
0.320432
0.320278
0.320136
0.320005
0.319882
0.319767
0.319657
0.31955
0.319446
0.319344
0.31924
0.319139
0.319037
0.318935
0.318835
0.318737
0.31864
0.318548
0.318459
0.318375
0.318297
0.318226
0.318162
0.318104
0.318054
0.318013
0.31798
0.317954
0.317937
0.317928
0.317925
0.317929
0.317939
0.317954
0.317973
0.317994
0.318016
0.318039
0.31806
0.318081
0.318098
0.318112
0.31812
0.318125
0.318125
0.318121
0.318112
0.318098
0.318081
0.318061
0.318038
0.318014
0.317989
0.317963
0.317938
0.317915
0.317892
0.317871
0.317853
0.317837
0.317824
0.317815
0.31781
0.317808
0.317811
0.317819
0.317831
0.317849
0.317871
0.317899
0.317931
0.317968
0.318008
0.31805
0.318095
0.318142
0.318188
0.318235
0.31828
0.318322
0.31836
0.318395
0.318426
0.318453
0.318475
0.318495
0.318512
0.318527
0.318542
0.318557
0.318575
0.318596
0.31862
0.318649
0.318683
0.318722
0.318766
0.318815
0.318867
0.318922
0.318978
0.319033
0.319086
0.319137
0.319181
0.319218
0.319247
0.319265
0.319272
0.319267
0.319247
0.319213
0.319164
0.319101
0.319022
0.31893
0.318825
0.318708
0.318581
0.318443
0.318298
0.318146
0.317991
0.317832
0.317674
0.317516
0.317359
0.317206
0.317058
0.316916
0.316782
0.316655
0.316537
0.316428
0.316329
0.316239
0.31616
0.316092
0.316034
0.31599
0.315956
0.315934
0.315924
0.315927
0.315941
0.315969
0.316007
0.316056
0.316117
0.31619
0.316273
0.316366
0.316468
0.316578
0.316697
0.316823
0.316958
0.317099
0.317247
0.317401
0.317562
0.317728
0.317899
0.318076
0.318258
0.318445
0.318637
0.318833
0.319033
0.319238
0.319445
0.319657
0.319872
0.32009
0.32031
0.320532
0.320755
0.32098
0.321203
0.321427
0.321648
0.321867
0.322081
0.322289
0.322491
0.322685
0.322871
0.323047
0.323215
0.323372
0.32352
0.32366
0.323792
0.323917
0.324036
0.324152
0.324267
0.32438
0.324495
0.324611
0.32473
0.324853
0.324978
0.325107
0.325239
0.325372
0.325506
0.32564
0.325771
0.325897
0.326018
0.326131
0.326235
0.326328
0.32641
0.326481
0.32654
0.326588
0.326626
0.326653
0.326673
0.326686
0.326695
0.326699
0.326701
0.326701
0.326701
0.3267
0.326698
0.326695
0.32669
0.326683
0.32667
0.326652
0.326627
0.326594
0.326551
0.326498
0.326435
0.326361
0.326275
0.326179
0.326072
0.325955
0.325831
0.325699
0.325561
0.325419
0.325273
0.325124
0.324975
0.324825
0.324676
0.324528
0.324381
0.324235
0.324089
0.323945
0.3238
0.323654
0.323507
0.323358
0.323207
0.323054
0.322898
0.32274
0.322577
0.322412
0.322246
0.322077
0.321907
0.321738
0.321568
0.321401
0.321236
0.321073
0.320914
0.320759
0.320609
0.320465
0.320327
0.320196
0.320071
0.319954
0.319844
0.319743
0.319649
0.319562
0.319483
0.319412
0.319348
0.319291
0.319242
0.3192
0.319165
0.319136
0.319114
0.319098
0.319088
0.319085
0.319087
0.319095
0.319111
0.319132
0.31916
0.319193
0.319234
0.319283
0.319339
0.319402
0.319473
0.319552
0.31964
0.319738
0.319844
0.319959
0.320083
0.320216
0.320358
0.320507
0.320662
0.320823
0.320988
0.321158
0.32133
0.321503
0.321676
0.321849
0.322019
0.322187
0.322353
0.322515
0.322673
0.322826
0.322973
0.323115
0.323251
0.323379
0.323501
0.323615
0.323722
0.32382
0.32391
0.32399
0.324059
0.324119
0.324168
0.324207
0.324235
0.324252
0.324259
0.324255
0.324241
0.324219
0.324187
0.324149
0.324104
0.324054
0.323999
0.323939
0.323876
0.323811
0.323744
0.323674
0.323602
0.323527
0.323449
0.323366
0.323278
0.323183
0.323078
0.322964
0.322837
0.322699
0.322545
0.322375
0.322189
0.321987
0.321766
0.321528
0.321274
0.321003
0.320716
0.320415
0.320099
0.319771
0.319431
0.31908
0.318717
0.318346
0.317966
0.317578
0.317182
0.316781
0.316374
0.315964
0.315551
0.315139
0.314727
0.314319
0.313917
0.313525
0.313142
0.312774
0.312422
0.312088
0.311775
0.311484
0.311217
0.310977
0.310762
0.310575
0.310417
0.310287
0.310184
0.31011
0.310062
0.310038
0.310039
0.310061
0.310102
0.310159
0.31023
0.310314
0.310406
0.310504
0.310606
0.310709
0.310811
0.310911
0.311006
0.311097
0.311182
0.311261
0.311334
0.311401
0.311462
0.311519
0.311572
0.311621
0.311667
0.311711
0.311753
0.311794
0.311833
0.311872
0.31191
0.311947
0.311983
0.312018
0.312052
0.312085
0.312117
0.312147
0.312176
0.312202
0.312226
0.312248
0.312268
0.312284
0.312297
0.312307
0.312315
0.31232
0.312321
0.31232
0.312315
0.312309
0.312301
0.31229
0.312278
0.312264
0.312251
0.312237
0.312223
0.312211
0.312202
0.312195
0.312193
0.312195
0.312204
0.312221
0.312246
0.31228
0.312325
0.312379
0.312445
0.312525
0.312614
0.312715
0.312826
0.312945
0.313073
0.313207
0.313344
0.313485
0.313627
0.313766
0.313902
0.314033
0.314155
0.31427
0.314375
0.31447
0.314555
0.314629
0.314693
0.314748
0.314797
0.31484
0.314877
0.314912
0.314947
0.314983
0.315019
0.315059
0.315102
0.31515
0.3152
0.315255
0.315312
0.31537
0.31543
0.315489
0.315547
0.315602
0.315654
0.315699
0.31574
0.315775
0.315804
0.315827
0.315844
0.315856
0.315864
0.31587
0.315873
0.315876
0.315878
0.315882
0.315887
0.315894
0.315902
0.315912
0.315922
0.315935
0.315947
0.315959
0.315968
0.315977
0.315983
0.315985
0.315985
0.315982
0.315977
0.315969
0.315961
0.315952
0.315943
0.315937
0.315935
0.315936
0.315944
0.31596
0.315983
0.316015
0.316057
0.316108
0.316169
0.31624
0.316319
0.316409
0.316506
0.316609
0.316719
0.316834
0.316951
0.31707
0.317188
0.317305
0.317416
0.317522
0.31762
0.317708
0.317786
0.317851
0.317901
0.317936
0.317957
0.317962
0.317953
0.31793
0.317894
0.317848
0.317793
0.317733
0.317671
0.31761
0.317555
0.317507
0.317471
0.317448
0.317441
0.317453
0.317484
0.317532
0.3176
0.317682
0.317778
0.317884
0.317997
0.318112
0.318225
0.318332
0.318429
0.318512
0.318579
0.318625
0.318651
0.318655
0.318636
0.318595
0.318533
0.318452
0.318352
0.318238
0.318111
0.317974
0.31783
0.317681
0.31753
0.317377
0.317227
0.31708
0.31694
0.316806
0.316683
0.316568
0.316464
0.316371
0.316289
0.316219
0.316162
0.316115
0.316079
0.316054
0.316038
0.316031
0.316029
0.316035
0.316045
0.316057
0.31607
0.31608
0.316088
0.316091
0.316086
0.316072
0.316046
0.316008
0.315955
0.315888
0.315806
0.315708
0.315593
0.315465
0.315324
0.315173
0.315013
0.314847
0.314679
0.314512
0.314346
0.314186
0.314035
0.313893
0.313763
0.313644
0.313539
0.313445
0.313364
0.313295
0.313236
0.313186
0.313143
0.313107
0.313077
0.313052
0.313031
0.313014
0.313001
0.312994
0.312991
0.312993
0.313001
0.313016
0.31304
0.313072
0.313113
0.313165
0.313227
0.3133
0.313384
0.31348
0.313588
0.313708
0.313842
0.313987
0.314144
0.314313
0.314492
0.314681
0.314879
0.315084
0.315295
0.31551
0.315729
0.315949
0.316169
0.316387
0.316603
0.316814
0.317021
0.317222
0.317416
0.317603
0.317782
0.317952
0.318114
0.318267
0.31841
0.318545
0.31867
0.318787
0.318896
0.318999
0.319095
0.319188
0.319277
0.319365
0.319453
0.319542
0.319634
0.31973
0.319828
0.319931
0.320036
0.320144
0.320253
0.320363
0.320473
0.32058
0.320683
0.320783
0.320878
0.320967
0.321051
0.32113
0.321205
0.321276
0.321344
0.321409
0.321474
0.321538
0.321602
0.32167
0.32174
0.321813
0.321891
0.321974
0.322065
0.322163
0.32227
0.322385
0.32251
0.322644
0.322788
0.322939
0.323097
0.323261
0.323428
0.3236
0.323772
0.323945
0.324116
0.324285
0.32445
0.324612
0.32477
0.324926
0.325076
0.325222
0.325364
0.325502
0.325634
0.325761
0.32588
0.32599
0.326092
0.326182
0.32626
0.326324
0.32637
0.326399
0.326407
0.326393
0.326355
0.326293
0.326205
0.326091
0.325954
0.325794
0.325613
0.325416
0.325207
0.324992
0.324775
0.324563
0.324361
0.324176
0.324013
0.323876
0.323768
0.323692
0.323648
0.323638
0.323658
0.323709
0.323785
0.323885
0.324002
0.324133
0.324274
0.32442
0.324568
0.324714
0.324857
0.324995
0.325126
0.325252
0.325372
0.325486
0.325594
0.3257
0.325803
0.325903
0.326003
0.326104
0.326204
0.326305
0.326405
0.326505
0.326605
0.326705
0.326803
0.326899
0.326993
0.327086
0.327179
0.32727
0.327363
0.327458
0.327556
0.327658
0.327767
0.327881
0.328003
0.328132
0.328268
0.32841
0.328557
0.328709
0.328864
0.32902
0.329177
0.329335
0.329492
0.329648
0.329804
0.329959
0.330115
0.330271
0.330429
0.330588
0.330749
0.330913
0.331079
0.331247
0.331416
0.331586
0.331754
0.331921
0.332084
0.332242
0.332394
0.332537
0.332671
0.332793
0.332903
0.333001
0.333084
0.333153
0.333205
0.333244
0.333267
0.333275
0.333267
0.333246
0.33321
0.33316
0.333098
0.333021
0.332933
0.332833
0.332722
0.332601
0.332471
0.332333
0.332189
0.332039
0.331883
0.331724
0.331559
0.331393
0.331225
0.331055
0.330883
0.33071
0.330535
0.330359
0.330181
0.330002
0.329823
0.329642
0.329461
0.32928
0.3291
0.328922
0.328748
0.328578
0.328414
0.328255
0.328104
0.327961
0.327825
0.327697
0.327576
0.327463
0.327355
0.327252
0.327152
0.327056
0.326964
0.326872
0.326784
0.326698
0.326614
0.326533
0.326454
0.32638
0.326309
0.326244
0.326183
0.326129
0.326081
0.326038
0.326001
0.325969
0.325942
0.32592
0.325901
0.325887
0.325877
0.325871
0.32587
0.325875
0.325884
0.325901
0.325925
0.325957
0.325999
0.326051
0.326114
0.326188
0.326273
0.326369
0.326475
0.326588
0.32671
0.326836
0.326966
0.327096
0.327226
0.327352
0.327472
0.327586
0.32769
0.327784
0.327866
0.327938
0.327997
0.328045
0.32808
0.328104
0.328117
0.32812
0.328111
0.328092
0.328063
0.328025
0.327976
0.327917
0.327847
0.327766
0.327673
0.327568
0.327449
0.327318
0.327173
0.327015
0.326843
0.326659
0.326461
0.326252
0.326032
0.325803
0.325566
0.325323
0.325075
0.324825
0.324572
0.324318
0.324063
0.32381
0.323558
0.323308
0.323059
0.322813
0.32257
0.322329
0.322091
0.321858
0.321629
0.321404
0.321185
0.320972
0.320764
0.320564
0.320371
0.320186
0.320009
0.319839
0.319676
0.319519
0.319368
0.319223
0.319084
0.318948
0.318818
0.31869
0.318567
0.318446
0.318329
0.318214
0.318103
0.317994
0.317887
0.317782
0.317679
0.317575
0.317473
0.31737
0.317264
0.317155
0.317042
0.316923
0.3168
0.316669
0.316533
0.316389
0.316239
0.316083
0.315921
0.315755
0.315585
0.315413
0.31524
0.315067
0.314896
0.314728
0.314562
0.314401
0.314244
0.314092
0.313945
0.313804
0.313669
0.313542
0.31342
0.313308
0.313203
0.313108
0.313023
0.31295
0.312889
0.312842
0.312809
0.312791
0.31279
0.312806
0.312838
0.312888
0.312954
0.313038
0.313136
0.31325
0.313377
0.313517
0.313669
0.313829
0.313998
0.314175
0.314357
0.314544
0.314733
0.314925
0.315117
0.315309
0.3155
0.31569
0.315876
0.316059
0.316238
0.316413
0.316582
0.316745
0.316902
0.317052
0.317195
0.317331
0.317459
0.31758
0.317694
0.3178
0.317901
0.317996
0.318085
0.318172
0.318256
0.318341
0.318426
0.318516
0.318611
0.318713
0.318825
0.318947
0.31908
0.319226
0.319387
0.31956
0.319747
0.319947
0.32016
0.320384
0.320617
0.320859
0.321107
0.321359
0.321614
0.321869
0.322121
0.32237
0.322613
0.322848
0.323075
0.323291
0.323495
0.323686
0.323865
0.324031
0.324182
0.324321
0.324447
0.324558
0.324657
0.324744
0.324818
0.324881
0.324932
0.324973
0.325005
0.325028
0.325044
0.325054
0.32506
0.325064
0.325069
0.325077
0.325091
0.325111
0.32514
0.325179
0.325229
0.325292
0.325367
0.325456
0.325556
0.325668
0.325789
0.32592
0.326059
0.326202
0.326348
0.326494
0.326637
0.326775
0.326906
0.327026
0.327134
0.327227
0.327306
0.327368
0.327412
0.327442
0.327455
0.327454
0.327438
0.327412
0.327375
0.32733
0.327278
0.327221
0.327159
0.327092
0.327023
0.32695
0.326873
0.326793
0.326709
0.326623
0.326531
0.326436
0.326337
0.326234
0.326127
0.326016
0.325904
0.325792
0.325679
0.325565
0.325453
0.325342
0.325232
0.325126
0.325024
0.324926
0.32483
0.324741
0.324657
0.324577
0.324502
0.324433
0.324371
0.324314
0.324262
0.324216
0.324174
0.324134
0.324094
0.324056
0.324017
0.323975
0.323929
0.323878
0.323818
0.323753
0.323679
0.323598
0.323509
0.323414
0.323313
0.32321
0.323103
0.322997
0.322892
0.322792
0.322696
0.322607
0.322528
0.322458
0.322399
0.322352
0.322318
0.322296
0.322287
0.32229
0.322307
0.322335
0.322375
0.322425
0.322484
0.322552
0.322626
0.322707
0.322792
0.322882
0.322973
0.323067
0.32316
0.323252
0.323344
0.323435
0.323525
0.323614
0.323701
0.323786
0.323871
0.323956
0.324039
0.324125
0.32421
0.324296
0.324384
0.324474
0.324566
0.32466
0.324756
0.324855
0.324956
0.32506
0.325167
0.325279
0.325394
0.325512
0.325632
0.325753
0.325873
0.325989
0.3261
0.326203
0.326294
0.326371
0.326432
0.326475
0.326498
0.3265
0.326482
0.326444
0.326386
0.326312
0.326222
0.32612
0.326009
0.325892
0.325771
0.325649
0.325529
0.325413
0.325303
0.325201
0.325107
0.325021
0.324944
0.324874
0.324812
0.324755
0.324704
0.324655
0.324607
0.324558
0.324505
0.324446
0.324378
0.324301
0.324213
0.324111
0.323994
0.323862
0.323715
0.323552
0.323373
0.323181
0.322975
0.322759
0.322532
0.322298
0.32206
0.321819
0.32158
0.321343
0.321112
0.320888
0.320673
0.320468
0.320273
0.320091
0.31992
0.31976
0.319612
0.319475
0.319347
0.319228
0.319117
0.319011
0.31891
0.318812
0.318715
0.318617
0.318518
0.318417
0.318308
0.318194
0.318073
0.317943
0.317802
0.317653
0.317494
0.317327
0.317152
0.316974
0.316793
0.316612
0.316434
0.316261
0.316094
0.315935
0.315784
0.315639
0.315499
0.315361
0.315221
0.315076
0.314923
0.314758
0.314579
0.314385
0.314175
0.31395
0.313713
0.313466
0.313213
0.312959
0.312709
0.312468
0.312241
0.312031
0.311844
0.311681
0.311546
0.311441
0.311366
0.311323
0.311311
0.311328
0.311373
0.311445
0.311542
0.31166
0.311797
0.311951
0.312117
0.312295
0.312482
0.312674
0.312868
0.313064
0.31326
0.313454
0.313645
0.313834
0.314017
0.314196
0.314371
0.31454
0.314704
0.314864
0.315019
0.315169
0.315315
0.315459
0.3156
0.315739
0.315878
0.316018
0.316159
0.316302
0.316449
0.316598
0.316751
0.316907
0.317065
0.317225
0.317384
0.31754
0.31769
0.317831
0.317962
0.31808
0.318181
0.318265
0.318329
0.318374
0.318399
0.318405
0.318393
0.318366
0.318327
0.318279
0.318225
0.318168
0.318111
0.318057
0.31801
0.31797
0.31794
0.317921
0.317914
0.317919
0.317935
0.317962
0.317999
0.318048
0.318106
0.318174
0.318253
0.318342
0.31844
0.318548
0.318666
0.318793
0.31893
0.319077
0.319233
0.319397
0.319569
0.319747
0.319931
0.32012
0.320314
0.320511
0.32071
0.320912
0.321114
0.321318
0.321522
0.321726
0.32193
0.322132
0.322333
0.322534
0.322733
0.32293
0.323124
0.323316
0.323506
0.323693
0.323877
0.324057
0.324233
0.324403
0.324567
0.324725
0.324877
0.32502
0.325156
0.325283
0.325401
0.325508
0.325606
0.325691
0.325766
0.325828
0.325879
0.325919
0.325946
0.325963
0.325968
0.325964
0.325951
0.325928
0.3259
0.325865
0.325825
0.325779
0.325731
0.32568
0.325626
0.325568
0.325508
0.325445
0.325378
0.325307
0.325231
0.325151
0.325065
0.324973
0.324875
0.324771
0.324661
0.324544
0.324421
0.324292
0.324158
0.324018
0.323875
0.323726
0.323573
0.323417
0.323256
0.323093
0.322926
0.322756
0.322584
0.32241
0.322233
0.322054
0.321875
0.321694
0.321512
0.32133
0.321147
0.320964
0.32078
0.320595
0.320409
0.320222
0.320035
0.319846
0.319655
0.319462
0.319267
0.31907
0.318872
0.318671
0.318467
0.318262
0.318056
0.317849
0.317642
0.317436
0.31723
0.317026
0.316825
0.316628
0.316434
0.316248
0.316066
0.315893
0.315727
0.315569
0.315422
0.315284
0.315157
0.31504
0.314935
0.314842
0.314761
0.314692
0.314637
0.314594
0.314564
0.314547
0.314542
0.31455
0.314568
0.314597
0.314637
0.314684
0.314739
0.3148
0.314866
0.314936
0.31501
0.315086
0.315167
0.31525
0.315336
0.315425
0.315519
0.315617
0.31572
0.315829
0.315945
0.316067
0.316194
0.316327
0.316465
0.316607
0.316753
0.3169
0.317047
0.317193
0.317338
0.31748
0.317616
0.317746
0.317869
0.317984
0.318089
0.318183
0.318264
0.318333
0.318389
0.31843
0.318457
0.318468
0.318464
0.318445
0.318411
0.318361
0.318299
0.318223
0.318136
0.31804
0.317937
0.317829
0.317719
0.317611
0.317505
0.317407
0.317319
0.317242
0.317178
0.317128
0.317093
0.317071
0.317063
0.317067
0.31708
0.317097
0.317118
0.317136
0.31715
0.317155
0.317148
0.317126
0.317087
0.317029
0.316951
0.316852
0.316732
0.316591
0.316429
0.316249
0.316053
0.315841
0.315616
0.315381
0.315137
0.314888
0.314636
0.314383
0.314132
0.313886
0.313647
0.313416
0.313197
0.312989
0.312795
0.312615
0.31245
0.312301
0.312167
0.31205
0.311947
0.311861
0.311788
0.311728
0.31168
0.311643
0.311618
0.3116
0.311592
0.31159
0.311596
0.311608
0.311628
0.311653
0.311687
0.311728
0.311777
0.311835
0.311901
0.311974
0.312055
0.312143
0.312237
0.312335
0.312434
0.312533
0.31263
0.312722
0.312808
0.312885
0.312949
0.313002
0.313042
0.313064
0.313073
0.313065
0.313039
0.312998
0.312942
0.312871
0.312787
0.312692
0.312589
0.312477
0.312363
0.312247
0.312132
0.312022
0.31192
0.311827
0.311746
0.31168
0.311628
0.311596
0.311582
0.311587
0.311612
0.311656
0.311719
0.311799
0.311893
0.312002
0.312119
0.312243
0.312372
0.312498
0.312621
0.312737
0.312842
0.312932
0.313004
0.313056
0.313087
0.313094
0.313076
0.313035
0.312971
0.312884
0.312777
0.312653
0.312515
0.312365
0.312207
0.312045
0.311883
0.311725
0.311571
0.311426
0.31129
0.311167
0.311056
0.310959
0.310875
0.310804
0.310746
0.310699
0.310664
0.310638
0.310621
0.310614
0.310614
0.310623
0.310639
0.310663
0.310694
0.310733
0.310779
0.310832
0.310893
0.310962
0.311038
0.31112
0.311209
0.311304
0.311405
0.311511
0.311621
0.311733
0.311848
0.311964
0.31208
0.312196
0.312309
0.312421
0.31253
0.312637
0.31274
0.312841
0.31294
0.313037
0.313132
0.313227
0.313321
0.313414
0.313504
0.313591
0.313674
0.313749
0.313816
0.313872
0.313915
0.313945
0.313961
0.313964
0.313952
0.313927
0.313891
0.313845
0.313792
0.313735
0.313674
0.313612
0.313551
0.313494
0.313441
0.313393
0.313351
0.313314
0.313283
0.313258
0.313238
0.313223
0.31321
0.3132
0.313191
0.313182
0.313172
0.313161
0.313148
0.313131
0.313111
0.313086
0.313058
0.313026
0.31299
0.31295
0.312908
0.312863
0.312815
0.312767
0.312719
0.312671
0.312624
0.31258
0.312539
0.312504
0.312473
0.312447
0.312427
0.312413
0.312405
0.312403
0.312406
0.312414
0.312426
0.312441
0.312458
0.312475
0.312492
0.312508
0.312521
0.31253
0.312535
0.312537
0.312536
0.312531
0.312522
0.312511
0.312501
0.31249
0.312479
0.312471
0.312465
0.312463
0.312464
0.31247
0.312479
0.312494
0.312513
0.312537
0.312566
0.312599
0.312638
0.312681
0.312732
0.31279
0.312856
0.31293
0.313014
0.313109
0.313213
0.313329
0.313457
0.313596
0.313745
0.313905
0.314077
0.314257
0.314447
0.314645
0.314852
0.315065
0.315285
0.315511
0.315741
0.315976
0.316215
0.316457
0.316701
0.316946
0.317193
0.31744
0.317686
0.317931
0.318174
0.318414
0.31865
0.31888
0.319106
0.319325
0.319536
0.319738
0.319931
0.320117
0.320291
0.320456
0.32061
0.320754
0.320888
0.321011
0.321124
0.321227
0.321319
0.321401
0.321473
0.321535
0.321586
0.321629
0.321662
0.321685
0.3217
0.321706
0.321706
0.321701
0.321691
0.321678
0.321663
0.321647
0.321631
0.321615
0.321601
0.321587
0.321576
0.321564
0.321554
0.321543
0.321531
0.321516
0.321497
0.321474
0.321444
0.321406
0.32136
0.321304
0.321239
0.321165
0.321079
0.320983
0.320879
0.320766
0.320645
0.320518
0.320384
0.320245
0.320104
0.31996
0.319815
0.319669
0.319523
0.319378
0.319235
0.319093
0.318951
0.31881
0.31867
0.31853
0.31839
0.318249
0.318106
0.317962
0.317817
0.317669
0.317519
0.317369
0.317218
0.317067
0.316918
0.316771
0.316628
0.316488
0.316354
0.316225
0.3161
0.315979
0.31586
0.315743
0.315625
0.315507
0.315388
0.315268
0.315148
0.315027
0.314907
0.314788
0.314674
0.314565
0.314464
0.314373
0.314295
0.31423
0.314182
0.31415
0.314138
0.314146
0.314176
0.314229
0.314304
0.314402
0.314524
0.314666
0.314829
0.315012
0.315211
0.315424
0.31565
0.315885
0.316125
0.316367
0.31661
0.31685
0.317084
0.31731
0.317527
0.317733
0.317926
0.318106
0.318274
0.318427
0.318569
0.318696
0.318811
0.318912
0.319002
0.31908
0.319146
0.319201
0.319246
0.31928
0.319304
0.319322
0.31933
0.319332
0.319331
0.319328
0.319324
0.319322
0.319325
0.319334
0.319351
0.319378
0.319416
0.319467
0.319528
0.319601
0.319685
0.319777
0.319877
0.319982
0.320091
0.3202
0.320308
0.320411
0.320508
0.320595
0.320673
0.320738
0.320789
0.320823
0.320842
0.320842
0.320826
0.32079
0.320737
0.320666
0.320577
0.320472
0.320352
0.320216
0.320067
0.319905
0.319734
0.319551
0.31936
0.319162
0.318956
0.318744
0.318526
0.318302
0.318073
0.317837
0.317596
0.317351
0.317097
0.316838
0.316572
0.3163
0.31602
0.315735
0.315442
0.315143
0.314839
0.31453
0.314216
0.313898
0.313579
0.313261
0.312944
0.312629
0.312321
0.312023
0.311735
0.311461
0.311204
0.310967
0.310752
0.310561
0.310396
0.310256
0.310143
0.310057
0.309995
0.309956
0.309939
0.30994
0.309958
0.309988
0.310029
0.31008
0.310136
0.310198
0.310265
0.310337
0.310414
0.310498
0.31059
0.310692
0.310804
0.310929
0.311066
0.311215
0.311377
0.31155
0.311733
0.311924
0.312121
0.312321
0.312522
0.312721
0.312916
0.313104
0.313285
0.313457
0.313621
0.313777
0.313927
0.31407
0.31421
0.314349
0.31449
0.314633
0.314781
0.314935
0.315097
0.315268
0.315449
0.315642
0.315846
0.316061
0.316289
0.316529
0.316782
0.317049
0.317329
0.317622
0.31793
0.318252
0.31859
0.318942
0.319311
0.319693
0.320089
0.320499
0.32092
0.321351
0.321789
0.322231
0.322676
0.32312
0.323561
0.323997
0.324425
0.324843
0.325251
0.325646
0.326028
0.326397
0.326751
0.327092
0.327416
0.327725
0.328016
0.328287
0.328538
0.328765
0.328967
0.329143
0.32929
0.329408
0.329496
0.329553
0.32958
0.329579
0.329549
0.329493
0.329413
0.329312
0.329191
0.329055
0.328907
0.328749
0.328585
0.328419
0.328253
0.32809
0.327933
0.327785
0.327648
0.327522
0.327412
0.327316
0.327235
0.327172
0.327124
0.327095
0.32708
0.327083
0.3271
0.327133
0.327178
0.327236
0.327306
0.327388
0.327479
0.327578
0.327686
0.327799
0.327918
0.328041
0.328168
0.328296
0.328425
0.328554
0.328681
0.328805
0.328925
0.329041
0.329151
0.329255
0.329354
0.329448
0.329536
0.32962
0.329701
0.329781
0.329862
0.329947
0.330034
0.330127
0.330229
0.33034
0.330463
0.330595
0.330737
0.330888
0.331048
0.331213
0.33138
0.331546
0.331709
0.331863
0.332007
0.332136
0.33225
0.332345
0.332419
0.332472
0.332504
0.332514
0.332502
0.332471
0.332419
0.33235
0.332264
0.332162
0.332045
0.331914
0.331772
0.331618
0.331457
0.331286
0.331109
0.330925
0.330737
0.330544
0.330346
0.330147
0.329946
0.329743
0.329541
0.329339
0.329137
0.328937
0.328739
0.328545
0.328353
0.328165
0.327981
0.327799
0.32762
0.327445
0.327272
0.327101
0.326931
0.326762
0.326594
0.326425
0.326256
0.326086
0.325913
0.32574
0.325566
0.32539
0.325213
0.325036
0.324859
0.324682
0.324508
0.324334
0.324163
0.323993
0.323826
0.323663
0.323503
0.323346
0.323192
0.323041
0.322891
0.322743
0.322595
0.322448
0.322302
0.322155
0.322009
0.321862
0.321715
0.321567
0.321418
0.321267
0.321114
0.320958
0.320799
0.320638
0.320473
0.320306
0.320136
0.319965
0.319793
0.319622
0.319455
0.319292
0.319135
0.318988
0.318853
0.318732
0.318626
0.318538
0.318468
0.31842
0.318394
0.31839
0.318409
0.31845
0.318514
0.318599
0.318703
0.318825
0.318961
0.319111
0.319271
0.319439
0.319611
0.319784
0.319957
0.320125
0.320289
0.320446
0.320593
0.320729
0.320852
0.320962
0.321057
0.321137
0.3212
0.321247
0.321275
0.321284
0.321276
0.321249
0.321203
0.321141
0.321063
0.32097
0.320865
0.320749
0.320626
0.320497
0.320367
0.320235
0.320106
0.319981
0.319862
0.319751
0.319647
0.319553
0.319468
0.319394
0.31933
0.319276
0.319232
0.319198
0.319174
0.31916
0.319158
0.319165
0.319184
0.319213
0.319252
0.319303
0.319364
0.319435
0.319515
0.319603
0.319698
0.319799
0.319903
0.320009
0.320115
0.320222
0.320325
0.320424
0.32052
0.320609
0.320692
0.32077
0.320843
0.32091
0.320975
0.321038
0.321102
0.321167
0.321236
0.321311
0.321393
0.321484
0.321586
0.321697
0.321819
0.321952
0.322096
0.322249
0.322409
0.322577
0.322751
0.32293
0.32311
0.323291
0.323471
0.32365
0.323825
0.323995
0.324158
0.324314
0.32446
0.324597
0.324722
0.324834
0.324936
0.325027
0.325105
0.325171
0.325227
0.325271
0.325306
0.325333
0.325351
0.325363
0.32537
0.325372
0.325372
0.325371
0.325368
0.325366
0.325367
0.32537
0.325379
0.325392
0.325411
0.325436
0.325468
0.325507
0.325553
0.325608
0.325672
0.325744
0.325826
0.325918
0.326021
0.326134
0.326259
0.326395
0.326542
0.326701
0.326872
0.327056
0.32725
0.327455
0.327671
0.327896
0.32813
0.328372
0.328621
0.328876
0.329137
0.329402
0.329671
0.329943
0.330215
0.330487
0.330758
0.331024
0.331286
0.331539
0.331781
0.33201
0.332222
0.332414
0.332584
0.332729
0.332847
0.332935
0.332991
0.333014
0.333005
0.332961
0.332883
0.332771
0.332628
0.332454
0.332252
0.332023
0.331771
0.331499
0.331208
0.3309
0.330581
0.330252
0.329916
0.329575
0.329233
0.32889
0.328549
0.328213
0.327884
0.327562
0.327248
0.326943
0.326648
0.326363
0.326089
0.325826
0.325574
0.32533
0.325097
0.324871
0.324653
0.324442
0.324236
0.324035
0.323838
0.323645
0.323456
0.32327
0.323089
0.322912
0.322741
0.322575
0.322419
0.322271
0.322135
0.322012
0.321903
0.321811
0.321736
0.32168
0.321644
0.321627
0.32163
0.321654
0.321694
0.321751
0.321823
0.321905
0.321996
0.322093
0.32219
0.322285
0.322374
0.322453
0.322518
0.322567
0.322598
0.322606
0.322591
0.322552
0.322489
0.322401
0.322289
0.322155
0.322003
0.321833
0.321651
0.321459
0.321262
0.321063
0.320866
0.320677
0.320497
0.32033
0.320179
0.320045
0.319931
0.319836
0.319762
0.319707
0.319672
0.319654
0.31965
0.319659
0.319677
0.3197
0.319725
0.319749
0.319768
0.319779
0.319778
0.319762
0.31973
0.319677
0.319603
0.319505
0.319382
0.319235
0.319062
0.318864
0.318643
0.318397
0.31813
0.317843
0.31754
0.317223
0.316895
0.316558
0.316218
0.315879
0.315544
0.315217
0.314902
0.314603
0.314322
0.314063
0.313828
0.31362
0.313438
0.313285
0.313159
0.31306
0.312985
0.312936
0.312907
0.312897
0.312903
0.312922
0.312951
0.312988
0.313029
0.313073
0.313116
0.313157
0.313192
0.313222
0.313245
0.31326
0.313266
0.313262
0.313248
0.313225
0.313192
0.313149
0.313098
0.313039
0.312972
0.3129
0.312823
0.312742
0.31266
0.312579
0.312498
0.31242
0.312344
0.312273
0.312206
0.312146
0.312092
0.312044
0.312002
0.311968
0.31194
0.311919
0.311905
0.311898
0.311899
0.311906
0.311919
0.31194
0.311966
0.311998
0.312036
0.312079
0.312126
0.312178
0.312233
0.312293
0.312356
0.312421
0.312492
0.312566
0.312645
0.312729
0.312818
0.312911
0.313012
0.313119
0.313232
0.313352
0.313478
0.31361
0.313748
0.313891
0.314038
0.314188
0.314341
0.314496
0.314651
0.314808
0.314964
0.31512
0.315276
0.315431
0.315586
0.31574
0.315895
0.316051
0.316207
0.316365
0.316525
0.316688
0.316853
0.31702
0.317192
0.317367
0.317545
0.317727
0.317912
0.3181
0.318291
0.318485
0.318682
0.318883
0.319086
0.319291
0.319499
0.319709
0.31992
0.320133
0.320347
0.320562
0.320777
0.320992
0.321209
0.321425
0.321642
0.321861
0.32208
0.3223
0.322522
0.322746
0.322973
0.3232
0.323429
0.323661
0.323894
0.324129
0.324364
0.324598
0.324833
0.325067
0.325298
0.325526
0.32575
0.325971
0.326188
0.326399
0.326605
0.326806
0.327001
0.32719
0.327375
0.327553
0.327726
0.327894
0.328055
0.328209
0.328355
0.328492
0.32862
0.328737
0.328842
0.328932
0.329007
0.329066
0.329108
0.329133
0.32914
0.32913
0.329103
0.329061
0.329007
0.328941
0.328868
0.328789
0.328708
0.32863
0.328558
0.328494
0.328444
0.328407
0.32839
0.328389
0.328408
0.328449
0.328506
0.328582
0.328674
0.32878
0.328896
0.329021
0.32915
0.32928
0.329409
0.329533
0.329653
0.329764
0.329867
0.329962
0.330047
0.330123
0.330192
0.330253
0.330306
0.330354
0.330398
0.330437
0.330471
0.330503
0.330531
0.330556
0.330578
0.330597
0.330612
0.330622
0.330627
0.330627
0.330622
0.330611
0.330594
0.330572
0.330543
0.330508
0.330467
0.330419
0.330366
0.330306
0.330241
0.330169
0.33009
0.330006
0.329914
0.329816
0.329711
0.329601
0.329483
0.329361
0.329234
0.329104
0.32897
0.328835
0.3287
0.328563
0.328427
0.328291
0.328156
0.328022
0.327889
0.327753
0.327617
0.327476
0.327333
0.327181
0.327022
0.326854
0.326676
0.326485
0.326281
0.326064
0.325832
0.325587
0.325326
0.325052
0.324765
0.324466
0.324159
0.323844
0.323526
0.323205
0.322885
0.322569
0.322261
0.321961
0.321672
0.321396
0.321134
0.320886
0.320651
0.320429
0.320216
0.320013
0.319816
0.319622
0.319429
0.319234
0.319036
0.318832
0.318621
0.318404
0.318181
0.317953
0.317721
0.317489
0.317258
0.317031
0.316811
0.316602
0.316406
0.316224
0.316058
0.31591
0.315783
0.315674
0.315585
0.315515
0.315464
0.315429
0.315411
0.315407
0.315415
0.315436
0.315466
0.315505
0.315552
0.315604
0.315661
0.315723
0.315788
0.315855
0.315924
0.315994
0.316062
0.316129
0.316193
0.316254
0.316311
0.316364
0.316411
0.316453
0.31649
0.316522
0.31655
0.316576
0.316601
0.316624
0.316649
0.316674
0.316703
0.316734
0.316771
0.316811
0.316857
0.316906
0.316958
0.317013
0.317068
0.317121
0.317171
0.317216
0.317253
0.31728
0.317297
0.317303
0.317299
0.317284
0.317258
0.317226
0.317187
0.317146
0.317103
0.317063
0.317026
0.316994
0.31697
0.316953
0.316943
0.316942
0.316948
0.316961
0.316978
0.317
0.317026
0.317053
0.317082
0.317113
0.317147
0.317184
0.317224
0.317271
0.317324
0.317384
0.317452
0.317532
0.317621
0.317719
0.317827
0.317945
0.318069
0.318202
0.318339
0.318481
0.318626
0.318772
0.318918
0.319062
0.319205
0.319345
0.319482
0.319616
0.319747
0.319874
0.319999
0.32012
0.320238
0.320352
0.320465
0.320574
0.32068
0.320783
0.320882
0.320977
0.321067
0.321152
0.321232
0.321307
0.321376
0.321439
0.321496
0.321546
0.32159
0.321628
0.32166
0.321685
0.321705
0.32172
0.32173
0.321736
0.321739
0.321739
0.321738
0.321736
0.321737
0.321742
0.32175
0.321765
0.32179
0.321825
0.321873
0.321936
0.322016
0.322115
0.322234
0.322373
0.322534
0.322718
0.322924
0.32315
0.323397
0.323662
0.323943
0.324238
0.324543
0.324856
0.325174
0.325493
0.325809
0.326122
0.326429
0.326728
0.327017
0.327296
0.327565
0.327822
0.328069
0.328304
0.328529
0.328742
0.328946
0.329139
0.329321
0.329494
0.329656
0.329808
0.329949
0.330079
0.330197
0.330303
0.330395
0.330473
0.330536
0.330581
0.33061
0.330618
0.330606
0.330573
0.330517
0.330439
0.330336
0.330211
0.330062
0.329891
0.329697
0.329482
0.329248
0.328996
0.328728
0.328445
0.328148
0.327841
0.327524
0.327198
0.326866
0.326528
0.326186
0.325841
0.325494
0.325146
0.324798
0.32445
0.324105
0.323762
0.323423
0.323089
0.32276
0.322439
0.322127
0.321824
0.321531
0.32125
0.320981
0.320725
0.320484
0.320258
0.32005
0.319859
0.319685
0.31953
0.319395
0.31928
0.319184
0.319108
0.31905
0.31901
0.318985
0.318975
0.318976
0.318986
0.319004
0.319027
0.319053
0.319079
0.319104
0.319127
0.319146
0.319162
0.319172
0.319176
0.319175
0.319169
0.319158
0.319143
0.319124
0.319103
0.319079
0.319055
0.319032
0.319009
0.31899
0.318973
0.318962
0.318957
0.31896
0.318972
0.318994
0.319028
0.319074
0.319134
0.319208
0.319296
0.319397
0.319513
0.319641
0.319781
0.319928
0.320085
0.320248
0.320414
0.320582
0.320749
0.320913
0.321072
0.321225
0.321369
0.321502
0.321624
0.321733
0.32183
0.321914
0.321984
0.322041
0.322086
0.322118
0.322138
0.322146
0.322143
0.32213
0.322109
0.32208
0.322043
0.322001
0.321954
0.321905
0.321852
0.321798
0.321744
0.321691
0.321638
0.321588
0.321541
0.321497
0.321456
0.32142
0.32139
0.321364
0.321346
0.321334
0.321331
0.321335
0.321349
0.321372
0.321404
0.321447
0.321499
0.32156
0.32163
0.321708
0.321795
0.321888
0.321987
0.32209
0.322198
0.322307
0.322417
0.322525
0.322631
0.322734
0.322833
0.322924
0.323008
0.323084
0.32315
0.323205
0.323252
0.323287
0.323313
0.32333
0.32334
0.323342
0.32334
0.323334
0.323328
0.323322
0.323318
0.323319
0.323326
0.323341
0.323365
0.323398
0.323443
0.323499
0.323565
0.323643
0.32373
0.323828
0.323934
0.324048
0.324169
0.324294
0.324425
0.324559
0.324696
0.324835
0.324976
0.325118
0.325261
0.325405
0.32555
0.325694
0.325839
0.325984
0.326129
0.326274
0.326417
0.32656
0.326701
0.326839
0.326974
0.327106
0.327234
0.327357
0.327476
0.327588
0.327694
0.327795
0.327889
0.327976
0.328055
0.328127
0.328192
0.328249
0.328298
0.328339
0.328372
0.328396
0.328412
0.32842
0.328421
0.328414
0.328401
0.328383
0.32836
0.328334
0.328305
0.328275
0.328244
0.328215
0.328187
0.328165
0.328145
0.328129
0.328117
0.32811
0.328107
0.328107
0.32811
0.328111
0.328113
0.328112
0.328106
0.328094
0.328073
0.328042
0.328
0.327947
0.327881
0.327804
0.327714
0.327613
0.327501
0.327379
0.327251
0.327117
0.32698
0.326843
0.326706
0.326574
0.326446
0.326326
0.326215
0.326114
0.326023
0.325941
0.325868
0.325804
0.325746
0.325693
0.325645
0.325596
0.325548
0.325498
0.325444
0.325385
0.325319
0.325245
0.325163
0.325073
0.324974
0.324868
0.324756
0.324638
0.324517
0.32439
0.324263
0.324134
0.324006
0.323877
0.323749
0.323623
0.323498
0.323372
0.323247
0.323122
0.322995
0.322867
0.322736
0.322604
0.322469
0.32233
0.322188
0.322044
0.321898
0.321749
0.321598
0.321446
0.321293
0.32114
0.320988
0.320836
0.320686
0.32054
0.320396
0.320256
0.32012
0.319988
0.319858
0.319731
0.319607
0.319483
0.319359
0.319233
0.319103
0.31897
0.31883
0.318683
0.318529
0.318365
0.318193
0.318009
0.317815
0.317612
0.317398
0.317174
0.316941
0.316699
0.316451
0.316195
0.315935
0.31567
0.315404
0.315137
0.314872
0.314611
0.314358
0.314113
0.313881
0.313663
0.313462
0.31328
0.313119
0.312981
0.312869
0.312782
0.312722
0.312691
0.312688
0.312713
0.312767
0.312849
0.312958
0.313096
0.313259
0.313447
0.313658
0.313893
0.314148
0.314423
0.314716
0.315026
0.31535
0.315687
0.316036
0.316393
0.316756
0.317122
0.31749
0.317857
0.31822
0.318575
0.318921
0.319256
0.319577
0.319883
0.320174
0.320447
0.320704
0.320943
0.321165
0.321371
0.321563
0.321741
0.321907
0.322064
0.322212
0.322353
0.322488
0.322619
0.322746
0.322871
0.322993
0.323114
0.323234
0.323353
0.323469
0.323584
0.323697
0.323806
0.32391
0.32401
0.324103
0.324187
0.32426
0.324322
0.324371
0.324405
0.324423
0.324421
0.324401
0.324361
0.3243
0.324219
0.324117
0.323997
0.323858
0.323702
0.32353
0.323346
0.32315
0.322943
0.32273
0.32251
0.322286
0.322059
0.32183
0.321599
0.321367
0.321135
0.320903
0.320671
0.32044
0.320209
0.319979
0.319749
0.319521
0.319293
0.319066
0.318841
0.318616
0.318397
0.318179
0.317965
0.317756
0.317552
0.317355
0.317165
0.316984
0.316812
0.316652
0.316504
0.316369
0.316248
0.316142
0.316051
0.315976
0.315917
0.315874
0.315848
0.315836
0.31584
0.315859
0.315894
0.315943
0.316005
0.31608
0.316168
0.316269
0.316382
0.316505
0.31664
0.316785
0.316937
0.317099
0.317267
0.317441
0.31762
0.317803
0.317988
0.318175
0.318362
0.318548
0.318734
0.318916
0.319097
0.319273
0.319447
0.319616
0.319782
0.319943
0.3201
0.320252
0.320398
0.32054
0.320675
0.320803
0.320924
0.321036
0.32114
0.321233
0.321316
0.321387
0.321448
0.321497
0.321534
0.321561
0.32158
0.321589
0.321594
0.321594
0.321594
0.321597
0.321605
0.32162
0.321647
0.321687
0.321744
0.321818
0.321909
0.322021
0.322153
0.322302
0.322469
0.322651
0.322847
0.323053
0.323267
0.323487
0.323707
0.323927
0.324142
0.324349
0.324546
0.324731
0.324899
0.325051
0.325184
0.325297
0.325389
0.32546
0.325507
0.325532
0.325536
0.325516
0.325476
0.325415
0.325335
0.325237
0.325124
0.324996
0.324856
0.324707
0.324549
0.324385
0.324216
0.324045
0.323873
0.323701
0.32353
0.323362
0.323198
0.323037
0.322881
0.322729
0.322582
0.322439
0.322301
0.322166
0.322034
0.321906
0.32178
0.321656
0.321535
0.321415
0.321298
0.321183
0.321071
0.320962
0.320858
0.320759
0.320668
0.320586
0.320515
0.320455
0.320408
0.320376
0.320358
0.320356
0.320367
0.320393
0.320431
0.320481
0.320541
0.320609
0.320683
0.320761
0.320842
0.320924
0.321005
0.321084
0.321159
0.321228
0.321292
0.321347
0.321394
0.321432
0.321459
0.321474
0.321478
0.321469
0.321447
0.321412
0.321366
0.321306
0.321235
0.321153
0.32106
0.320957
0.320848
0.320731
0.32061
0.320485
0.32036
0.320235
0.320114
0.319998
0.31989
0.319791
0.319702
0.319627
0.319565
0.319519
0.319489
0.319477
0.319483
0.319508
0.319551
0.319612
0.319692
0.319788
0.319903
0.320033
0.320179
0.320339
0.320511
0.320692
0.320884
0.321082
0.321285
0.32149
0.321696
0.321902
0.322104
0.322301
0.322492
0.322675
0.32285
0.323014
0.323169
0.323314
0.323449
0.323573
0.323688
0.323792
0.323887
0.323974
0.324053
0.324124
0.324188
0.324245
0.324294
0.324337
0.324373
0.324405
0.324431
0.324452
0.324469
0.324483
0.324495
0.324505
0.324515
0.324524
0.324534
0.324544
0.324554
0.324567
0.324578
0.324589
0.324597
0.324603
0.324605
0.324603
0.324596
0.324583
0.324567
0.324545
0.324521
0.324496
0.324472
0.32445
0.324433
0.324424
0.324423
0.324433
0.324456
0.324491
0.324538
0.324599
0.32467
0.324751
0.324839
0.324932
0.325029
0.325127
0.325224
0.325318
0.32541
0.325499
0.325583
0.325666
0.325746
0.325824
0.325901
0.325978
0.326055
0.326131
0.326207
0.32628
0.326351
0.326417
0.326475
0.326526
0.326566
0.326594
0.326607
0.326608
0.326591
0.326558
0.326509
0.326442
0.326358
0.326255
0.326135
0.326
0.325848
0.32568
0.325497
0.325299
0.325087
0.324861
0.324623
0.324373
0.324112
0.323841
0.323563
0.323277
0.322986
0.32269
0.322394
0.322096
0.3218
0.321507
0.321219
0.320938
0.320663
0.320399
0.320144
0.319901
0.31967
0.319452
0.319246
0.319052
0.318871
0.318702
0.318544
0.318396
0.318259
0.318129
0.318006
0.31789
0.31778
0.317673
0.317571
0.317472
0.317378
0.317287
0.3172
0.317117
0.31704
0.316968
0.316903
0.316845
0.316792
0.316749
0.316713
0.316685
0.316665
0.316652
0.316648
0.316651
0.316662
0.316682
0.316709
0.316743
0.316786
0.316838
0.316898
0.316966
0.317043
0.317129
0.317224
0.31733
0.317445
0.317569
0.317703
0.317847
0.318
0.318162
0.318333
0.31851
0.318694
0.318882
0.319075
0.319269
0.319467
0.319666
0.319868
0.32007
0.320273
0.320479
0.320685
0.320893
0.321103
0.321314
0.321523
0.321731
0.321937
0.322137
0.32233
0.322514
0.322687
0.322847
0.322992
0.323121
0.323232
0.323324
0.323397
0.323452
0.323489
0.323509
0.323514
0.323505
0.323485
0.323456
0.323419
0.323377
0.323334
0.323289
0.323246
0.323206
0.32317
0.323138
0.323113
0.323092
0.323079
0.32307
0.323067
0.323067
0.323069
0.323073
0.323076
0.323076
0.323071
0.32306
0.323041
0.323012
0.322971
0.322916
0.322847
0.322764
0.322666
0.322553
0.322427
0.322288
0.322137
0.321976
0.321809
0.321636
0.321461
0.321286
0.321114
0.320945
0.320783
0.320627
0.320481
0.320342
0.320214
0.320094
0.319981
0.319873
0.319771
0.319673
0.319576
0.319481
0.319386
0.319288
0.31919
0.31909
0.318989
0.318885
0.318781
0.318676
0.318572
0.318467
0.318366
0.318266
0.31817
0.318079
0.317992
0.317909
0.317831
0.317759
0.317692
0.317632
0.317577
0.317526
0.31748
0.317438
0.3174
0.317366
0.317334
0.317303
0.317273
0.317242
0.31721
0.317175
0.317138
0.317097
0.317054
0.317006
0.316954
0.3169
0.316842
0.316784
0.316724
0.316665
0.316608
0.316553
0.316503
0.316458
0.316419
0.316386
0.31636
0.316341
0.31633
0.316328
0.316332
0.316343
0.316361
0.316385
0.316415
0.316449
0.316487
0.31653
0.316576
0.316626
0.316678
0.316734
0.316792
0.316853
0.316915
0.316979
0.317045
0.317113
0.317183
0.317254
0.317327
0.317402
0.317479
0.317558
0.317639
0.317722
0.317808
0.317894
0.317982
0.318071
0.318162
0.318252
0.318343
0.318434
0.318525
0.318614
0.318703
0.318791
0.318878
0.318965
0.319051
0.319136
0.319219
0.319301
0.319381
0.319459
0.319535
0.319607
0.319675
0.319739
0.319797
0.31985
0.319895
0.319932
0.319962
0.319984
0.319997
0.32
0.319995
0.319979
0.319956
0.319924
0.319882
0.319833
0.319776
0.319712
0.319641
0.319567
0.319486
0.319403
0.319318
0.319231
0.319145
0.319059
0.318975
0.318894
0.318816
0.318743
0.318674
0.318611
0.318555
0.318506
0.318464
0.31843
0.318405
0.31839
0.318385
0.318391
0.318409
0.318439
0.318482
0.31854
0.318611
0.318696
0.318795
0.318908
0.319034
0.31917
0.319317
0.319471
0.319632
0.319797
0.319964
0.320131
0.320297
0.320458
0.320616
0.320768
0.320914
0.321052
0.321182
0.321304
0.321417
0.32152
0.321613
0.321698
0.321774
0.321841
0.321899
0.32195
0.321992
0.322027
0.322054
0.322075
0.322089
0.322096
0.322095
0.322088
0.322073
0.322052
0.322023
0.321986
0.321943
0.321893
0.321836
0.321773
0.321704
0.321629
0.321551
0.32147
0.321387
0.321303
0.321219
0.321137
0.321056
0.320978
0.320902
0.32083
0.32076
0.320694
0.32063
0.320566
0.320504
0.32044
0.320374
0.320305
0.320231
0.320152
0.320067
0.319974
0.319875
0.319768
0.319656
0.319537
0.319413
0.319286
0.319158
0.319027
0.318899
0.318774
0.318653
0.318538
0.31843
0.31833
0.318238
0.318154
0.318079
0.318013
0.317956
0.317907
0.317866
0.317831
0.317804
0.317782
0.317767
0.317757
0.317752
0.317752
0.317757
0.317766
0.317778
0.317795
0.317815
0.317839
0.317866
0.317896
0.317929
0.317964
0.318
0.318039
0.318078
0.318117
0.318156
0.318192
0.318228
0.318261
0.318292
0.31832
0.318345
0.318368
0.318389
0.318408
0.318425
0.318443
0.318462
0.318482
0.318507
0.318536
0.31857
0.318612
0.318663
0.318722
0.31879
0.318868
0.318954
0.319049
0.319152
0.319261
0.319374
0.319492
0.319609
0.319724
0.319834
0.319936
0.32003
0.320109
0.320173
0.32022
0.320246
0.32025
0.320231
0.32019
0.320127
0.320042
0.319936
0.319812
0.319672
0.319518
0.319356
0.319187
0.319016
0.318846
0.318681
0.318523
0.318376
0.318244
0.318128
0.318032
0.317955
0.3179
0.317867
0.317856
0.317868
0.317902
0.317957
0.31803
0.318121
0.318229
0.318351
0.318485
0.31863
0.318784
0.318943
0.319107
0.319273
0.31944
0.319607
0.319772
0.319934
0.32009
0.320243
0.32039
0.32053
0.320664
0.320792
0.320913
0.321028
0.321136
0.321237
0.321333
0.321423
0.321506
0.321584
0.321655
0.321719
0.321777
0.321826
0.321868
0.321902
0.321927
0.321944
0.321953
0.321956
0.321951
0.32194
0.321924
0.321906
0.321886
0.321866
0.321848
0.321831
0.321816
0.321804
0.321794
0.321789
0.321785
0.321784
0.321785
0.321789
0.321793
0.3218
0.32181
0.321821
0.321836
0.321854
0.321874
0.321898
0.321924
0.321953
0.321983
0.322016
0.322049
0.322084
0.322119
0.322154
0.322187
0.322218
0.322247
0.322273
0.322296
0.322314
0.322328
0.322338
0.322343
0.322342
0.322338
0.322327
0.322313
0.322294
0.322271
0.322245
0.322217
0.322184
0.322149
0.322112
0.322072
0.322032
0.321991
0.321949
0.321906
0.321863
0.321819
0.321775
0.321732
0.321689
0.321648
0.321607
0.321568
0.32153
0.321495
0.321462
0.32143
0.321401
0.321374
0.321349
0.321327
0.321308
0.321292
0.321279
0.321269
0.321261
0.321258
0.321256
0.321258
0.321262
0.32127
0.321279
0.321291
0.321305
0.321323
0.321343
0.321365
0.32139
0.321418
0.321449
0.321484
0.321522
0.321564
0.321609
0.32166
0.321714
0.321771
0.321833
0.321898
0.321965
0.322036
0.322108
0.322182
0.322256
0.322331
0.322404
0.322475
0.322543
0.322604
0.322661
0.322708
0.322747
0.322773
0.322785
0.322782
0.322761
0.322722
0.322661
0.322579
0.322474
0.322346
0.322196
0.322023
0.321828
0.321612
0.321374
0.321117
0.320841
0.320549
0.320239
0.319913
0.319572
0.319215
0.318844
0.318458
0.318057
0.317643
0.317215
0.316776
0.316325
0.315863
0.315394
0.31492
0.314443
0.313964
0.313486
0.313014
0.312548
0.312094
0.311652
0.311223
0.310812
0.310419
0.310045
0.309691
0.309357
0.309043
0.308751
0.308479
0.308225
0.307991
0.307775
0.307577
0.307395
0.307228
0.307078
0.306944
0.306824
0.30672
0.306632
0.30656
0.306506
0.306468
0.306448
0.306448
0.306467
0.306506
0.306566
0.306645
0.306744
0.306862
0.306999
0.307153
0.307321
0.307502
0.307694
0.307894
0.308102
0.308312
0.308524
0.308735
0.308943
0.309145
0.309339
0.309525
0.309702
0.309868
0.310023
0.310166
0.3103
0.310425
0.31054
0.310648
0.310751
0.31085
0.310947
0.311042
0.31114
0.311241
0.311347
0.311458
0.311578
0.311705
0.311843
0.311991
0.31215
0.312322
0.312504
0.312698
0.312905
0.313125
0.313355
0.313599
0.313854
0.31412
0.314397
0.314684
0.314982
0.315288
0.315602
0.315923
0.316251
0.316584
0.316922
0.317263
0.317607
0.317953
0.3183
0.318647
0.318994
0.319341
0.319686
0.32003
0.320372
0.320712
0.32105
0.321384
0.321715
0.322044
0.322368
0.322688
0.323002
0.32331
0.323611
0.323902
0.324185
0.324456
0.324714
0.324958
0.325185
0.325394
0.325584
0.325754
0.325902
0.32603
0.326134
0.326218
0.32628
0.326324
0.32635
0.32636
0.326357
0.326344
0.32632
0.326288
0.326251
0.326208
0.326161
0.32611
0.326054
0.325994
0.32593
0.325862
0.325789
0.325713
0.325633
0.325551
0.325465
0.325376
0.325286
0.325194
0.325101
0.325008
0.324915
0.324825
0.324737
0.324654
0.324577
0.324509
0.324449
0.324401
0.324363
0.324338
0.324323
0.324319
0.324322
0.324333
0.324346
0.324358
0.324367
0.324369
0.324358
0.324334
0.324292
0.324231
0.324151
0.324051
0.323932
0.323796
0.323643
0.323478
0.323303
0.323122
0.322938
0.322755
0.322574
0.322398
0.32223
0.322071
0.321922
0.321782
0.32165
0.321526
0.321409
0.321296
0.321184
0.321071
0.320955
0.320833
0.320704
0.320566
0.320418
0.320259
0.320088
0.319908
0.319717
0.319519
0.319315
0.319108
0.3189
0.318692
0.318488
0.318289
0.318097
0.317914
0.31774
0.317577
0.317425
0.317284
0.317153
0.317033
0.316922
0.316819
0.316724
0.316635
0.31655
0.316471
0.316397
0.316326
0.31626
0.316198
0.316143
0.316095
0.316056
0.316028
0.316011
0.316006
0.316014
0.316036
0.316071
0.316117
0.316176
0.316246
0.316323
0.316408
0.316497
0.316591
0.316688
0.316788
0.316889
0.316993
0.317099
0.317207
0.31732
0.317436
0.317558
0.317685
0.317819
0.317961
0.318109
0.318266
0.31843
0.318602
0.318781
0.318966
0.319157
0.319353
0.319554
0.319758
0.319965
0.320175
0.320386
0.320598
0.320812
0.321025
0.321238
0.32145
0.321662
0.321871
0.322079
0.322284
0.322484
0.322682
0.322875
0.323063
0.323244
0.323418
0.323586
0.323745
0.323895
0.324038
0.324172
0.3243
0.324422
0.32454
0.324656
0.324771
0.324887
0.325008
0.325133
0.325267
0.325408
0.325559
0.325721
0.325892
0.326071
0.326257
0.326449
0.326644
0.326838
0.32703
0.327214
0.32739
0.327552
0.3277
0.327831
0.327943
0.328034
0.328105
0.328155
0.328185
0.328196
0.328189
0.328168
0.328133
0.328089
0.328039
0.327983
0.327927
0.327873
0.327823
0.327778
0.32774
0.32771
0.327688
0.327672
0.327664
0.327663
0.327665
0.327671
0.327677
0.327684
0.327689
0.327691
0.327691
0.327686
0.327679
0.327667
0.32765
0.327628
0.327601
0.327567
0.327526
0.327477
0.327416
0.327343
0.327257
0.327156
0.327038
0.326903
0.326751
0.326582
0.326398
0.3262
0.325987
0.325764
0.325532
0.325293
0.32505
0.324805
0.324561
0.32432
0.324083
0.323854
0.323633
0.323422
0.323224
0.323038
0.322865
0.322707
0.322562
0.322431
0.322313
0.322206
0.32211
0.322023
0.321944
0.321871
0.321802
0.321737
0.321674
0.321612
0.32155
0.321488
0.321424
0.321359
0.321292
0.321223
0.321152
0.32108
0.321006
0.32093
0.320854
0.320776
0.320696
0.320614
0.320531
0.320446
0.320359
0.32027
0.320181
0.320088
0.319994
0.319899
0.319803
0.319707
0.31961
0.319516
0.319423
0.319333
0.319248
0.319167
0.319093
0.319026
0.318966
0.318915
0.318874
0.318843
0.318821
0.318807
0.318802
0.318803
0.318812
0.318825
0.31884
0.318856
0.31887
0.318882
0.318889
0.318888
0.318878
0.318859
0.318831
0.318792
0.318742
0.318682
0.318615
0.318542
0.318463
0.318384
0.318304
0.318226
0.318153
0.318085
0.318026
0.317975
0.317934
0.317903
0.317883
0.317874
0.317874
0.317883
0.317902
0.317929
0.317964
0.318006
0.318055
0.318112
0.318176
0.31825
0.318332
0.318424
0.318528
0.318642
0.31877
0.31891
0.319062
0.319229
0.319408
0.3196
0.319803
0.320015
0.320235
0.320461
0.320691
0.320922
0.321153
0.32138
0.321603
0.321819
0.322028
0.32223
0.322422
0.322605
0.32278
0.322948
0.323108
0.323263
0.323415
0.323565
0.323712
0.32386
0.32401
0.324163
0.324319
0.324482
0.324649
0.324822
0.325003
0.32519
0.325385
0.325589
0.3258
0.326019
0.326247
0.326482
0.326727
0.326981
0.327243
0.327512
0.327788
0.32807
0.328355
0.328643
0.328932
0.329218
0.329501
0.329778
0.330048
0.33031
0.330562
0.330803
0.331034
0.331254
0.331462
0.33166
0.331847
0.332023
0.332186
0.332336
0.33247
0.332587
0.332684
0.33276
0.332813
0.332841
0.332844
0.332822
0.332774
0.332701
0.332605
0.332486
0.332347
0.332189
0.332016
0.331827
0.331626
0.331413
0.33119
0.330958
0.330718
0.330472
0.330219
0.329959
0.329693
0.329421
0.329142
0.328856
0.328564
0.328264
0.327956
0.32764
0.327316
0.326983
0.32664
0.326286
0.325922
0.325547
0.325161
0.324764
0.324358
0.323942
0.323516
0.323085
0.322649
0.322209
0.321771
0.321333
0.320903
0.320481
0.320073
0.31968
0.319304
0.318951
0.318622
0.318318
0.318041
0.317792
0.317569
0.317372
0.317201
0.317053
0.316926
0.316818
0.316726
0.316647
0.316579
0.316519
0.316465
0.316414
0.316364
0.316314
0.316262
0.316207
0.316148
0.316084
0.316015
0.31594
0.315859
0.315773
0.315683
0.315588
0.315489
0.315387
0.315282
0.315177
0.315072
0.314967
0.314864
0.314764
0.314667
0.314571
0.31448
0.314392
0.314309
0.31423
0.314156
0.314088
0.314026
0.313971
0.313922
0.313881
0.313849
0.313825
0.313811
0.313807
0.313812
0.313828
0.313852
0.313884
0.313924
0.31397
0.314019
0.314071
0.314123
0.314174
0.314222
0.314265
0.314301
0.31433
0.314351
0.314363
0.314367
0.314361
0.314349
0.314331
0.314307
0.314278
0.314247
0.314216
0.314185
0.314155
0.314127
0.314103
0.314082
0.314066
0.314055
0.314046
0.314042
0.31404
0.314041
0.314045
0.314051
0.314059
0.314067
0.314078
0.314089
0.314103
0.314118
0.314136
0.314157
0.314182
0.314212
0.314248
0.314292
0.314343
0.314404
0.314474
0.314554
0.314644
0.314744
0.314856
0.314976
0.315105
0.315243
0.315388
0.315539
0.315696
0.315858
0.316024
0.316197
0.316376
0.316562
0.316754
0.316955
0.317165
0.317383
0.317611
0.317847
0.318093
0.318346
0.318606
0.318871
0.31914
0.319411
0.319681
0.31995
0.320215
0.320476
0.320731
0.320977
0.321215
0.321443
0.321661
0.321869
0.322064
0.32225
0.322425
0.32259
0.322743
0.322888
0.323024
0.323151
0.323269
0.323379
0.323481
0.323575
0.323659
0.323734
0.323798
0.323849
0.323887
0.323909
0.323915
0.323902
0.32387
0.323817
0.323743
0.323649
0.323533
0.323398
0.323245
0.323077
0.322896
0.322707
0.322511
0.322312
0.322114
0.32192
0.321731
0.321553
0.321385
0.321231
0.321092
0.320968
0.320861
0.32077
0.320697
0.320641
0.320601
0.320578
0.320571
0.320578
0.3206
0.320633
0.320678
0.320734
0.320799
0.32087
0.320947
0.321028
0.321111
0.321195
0.321276
0.321353
0.321425
0.321492
0.32155
0.3216
0.32164
0.321672
0.321695
0.321709
0.321714
0.321712
0.321701
0.321682
0.321654
0.321615
0.321565
0.321501
0.321423
0.321327
0.321211
0.321074
0.320915
0.320732
0.320525
0.320295
0.320043
0.31977
0.319478
0.31917
0.318848
0.318515
0.318176
0.317831
0.317485
0.317141
0.316801
0.316467
0.316143
0.31583
0.315529
0.315241
0.314969
0.314712
0.31447
0.314243
0.314031
0.313835
0.313653
0.313485
0.31333
0.313189
0.313061
0.312946
0.312843
0.312753
0.312675
0.31261
0.312559
0.312519
0.312494
0.312481
0.312482
0.312495
0.312521
0.312558
0.312606
0.312663
0.312728
0.312799
0.312875
0.312954
0.313036
0.313118
0.3132
0.313279
0.313357
0.313433
0.313505
0.313575
0.313643
0.313709
0.313776
0.313843
0.313911
0.313981
0.314055
0.314132
0.314213
0.314298
0.314386
0.314479
0.314574
0.314672
0.31477
0.314868
0.314964
0.315056
0.315143
0.315221
0.315289
0.315345
0.315387
0.315412
0.31542
0.315409
0.315377
0.315325
0.315253
0.315162
0.315054
0.31493
0.314794
0.314646
0.314491
0.31433
0.314168
0.314005
0.313844
0.313688
0.313537
0.313393
0.313257
0.313128
0.31301
0.312899
0.312797
0.312704
0.312619
0.312542
0.312473
0.312412
0.31236
0.312315
0.312278
0.312249
0.312229
0.312217
0.312213
0.312219
0.312232
0.312255
0.312286
0.312324
0.312371
0.312426
0.312486
0.312552
0.312624
0.3127
0.31278
0.312863
0.312948
0.313035
0.313125
0.313216
0.313308
0.313402
0.313498
0.313596
0.313698
0.313803
0.313914
0.314029
0.31415
0.314277
0.31441
0.314549
0.314695
0.314847
0.315002
0.315161
0.315323
0.315484
0.315642
0.315797
0.315943
0.316079
0.316202
0.316309
0.316398
0.316468
0.316518
0.316547
0.316556
0.316547
0.31652
0.316477
0.316419
0.316351
0.316275
0.31619
0.316102
0.31601
0.315916
0.31582
0.315723
0.315625
0.315527
0.315428
0.315328
0.315228
0.315129
0.31503
0.314935
0.314843
0.314756
0.314676
0.314606
0.314547
0.3145
0.314467
0.31445
0.314449
0.314465
0.314498
0.314547
0.314611
0.314688
0.314776
0.314873
0.314979
0.315087
0.315199
0.315311
0.315421
0.315528
0.31563
0.315727
0.315818
0.315904
0.315987
0.316067
0.316146
0.316225
0.316306
0.316391
0.316482
0.316579
0.316684
0.316797
0.31692
0.317051
0.317191
0.317339
0.317494
0.317653
0.317816
0.317982
0.318148
0.318313
0.318475
0.318632
0.318784
0.318927
0.319065
0.319193
0.319312
0.319421
0.319522
0.319613
0.319695
0.319767
0.319831
0.319886
0.319934
0.319976
0.32001
0.32004
0.320064
0.320083
0.320099
0.320112
0.320122
0.32013
0.320137
0.320144
0.320149
0.320156
0.320164
0.320174
0.320186
0.3202
0.320217
0.320239
0.320265
0.320295
0.32033
0.32037
0.320415
0.320465
0.32052
0.320581
0.320646
0.320717
0.320791
0.320869
0.320952
0.321038
0.321129
0.321221
0.321316
0.321412
0.321509
0.321607
0.321705
0.321801
0.321895
0.321985
0.32207
0.32215
0.322221
0.322284
0.322337
0.322377
0.322404
0.322417
0.322414
0.322393
0.322356
0.322301
0.322227
0.322136
0.322028
0.321905
0.321767
0.321618
0.32146
0.321295
0.321127
0.320957
0.320791
0.320628
0.320473
0.320329
0.320195
0.320077
0.319972
0.319883
0.31981
0.319751
0.319707
0.319675
0.319655
0.319644
0.319642
0.319645
0.319652
0.319662
0.319674
0.319687
0.319699
0.319711
0.319721
0.319731
0.31974
0.319749
0.319758
0.319767
0.319775
0.319782
0.319788
0.319793
0.319795
0.319795
0.319792
0.319784
0.319774
0.319761
0.319744
0.319726
0.319706
0.319687
0.319668
0.319652
0.319639
0.319632
0.319632
0.319639
0.319655
0.319681
0.319717
0.319765
0.319824
0.319894
0.319975
0.320068
0.320174
0.320291
0.32042
0.32056
0.320711
0.320874
0.321046
0.321229
0.32142
0.321619
0.321824
0.322033
0.322246
0.322462
0.322679
0.322895
0.323109
0.323319
0.323527
0.32373
0.32393
0.324124
0.324315
0.324501
0.324683
0.324863
0.32504
0.325215
0.325391
0.325566
0.325743
0.325922
0.326102
0.326285
0.326472
0.326661
0.326854
0.327049
0.327246
0.327441
0.327637
0.327831
0.328021
0.328206
0.328386
0.328559
0.328723
0.328879
0.329027
0.329165
0.329293
0.329413
0.329521
0.329618
0.329702
0.329773
0.329829
0.329868
0.329891
0.329896
0.329883
0.329855
0.329813
0.329759
0.329698
0.329631
0.329566
0.329506
0.329454
0.329414
0.329389
0.329381
0.329389
0.329415
0.329457
0.329514
0.329582
0.329659
0.329741
0.329825
0.329908
0.329985
0.330054
0.330112
0.330157
0.330187
0.3302
0.330199
0.330181
0.330148
0.3301
0.33004
0.329968
0.329887
0.329798
0.329705
0.329609
0.329511
0.329413
0.329316
0.329221
0.329128
0.329039
0.328953
0.328868
0.328786
0.328704
0.328622
0.328538
0.328451
0.32836
0.328264
0.328162
0.328054
0.327939
0.327816
0.327686
0.327549
0.327404
0.327253
0.327096
0.326936
0.326772
0.326606
0.326439
0.326271
0.326106
0.325941
0.325781
0.325624
0.325471
0.325324
0.325183
0.325047
0.324918
0.324795
0.324679
0.324569
0.324465
0.324369
0.324279
0.324194
0.324115
0.324043
0.323976
0.323916
0.323863
0.323816
0.323777
0.323746
0.323722
0.323707
0.323702
0.323706
0.323721
0.323745
0.323781
0.323827
0.323884
0.323951
0.324028
0.324113
0.324208
0.324309
0.324417
0.324529
0.324647
0.324769
0.324893
0.32502
0.325149
0.325279
0.325409
0.32554
0.325672
0.325804
0.325937
0.326069
0.326201
0.326331
0.326461
0.326589
0.326713
0.326835
0.326952
0.327066
0.327173
0.327275
0.327371
0.327462
0.327548
0.327629
0.327706
0.327781
0.327855
0.327929
0.328004
0.328084
0.328168
0.328258
0.328356
0.328463
0.328581
0.328708
0.328847
0.328997
0.329158
0.329329
0.329509
0.329698
0.329892
0.33009
0.33029
0.330488
0.330683
0.330872
0.331053
0.331224
0.331383
0.33153
0.331666
0.331791
0.331905
0.332009
0.332106
0.332195
0.332277
0.332353
0.332423
0.332487
0.332544
0.332595
0.332638
0.332674
0.332702
0.332722
0.332734
0.332737
0.332733
0.332719
0.332696
0.332665
0.332626
0.332577
0.332519
0.332451
0.332374
0.332287
0.332189
0.332081
0.331963
0.331835
0.331695
0.331545
0.331385
0.331216
0.331037
0.330851
0.330657
0.330456
0.330249
0.330037
0.329823
0.329605
0.329386
0.329166
0.328947
0.328729
0.328513
0.328303
0.328098
0.3279
0.327711
0.327536
0.327374
0.327231
0.327107
0.327005
0.326927
0.326875
0.326847
0.326842
0.326858
0.326894
0.326945
0.327007
0.327076
0.327146
0.327214
0.327276
0.327329
0.327369
0.327397
0.32741
0.327408
0.327393
0.327364
0.327323
0.327271
0.327212
0.327146
0.327076
0.327005
0.326935
0.326866
0.326803
0.326747
0.326697
0.326656
0.326624
0.326603
0.326592
0.32659
0.326598
0.326615
0.326641
0.326674
0.326714
0.32676
0.32681
0.326864
0.32692
0.326979
0.327038
0.327096
0.327152
0.327205
0.327255
0.3273
0.327339
0.327372
0.327397
0.327414
0.327421
0.32742
0.327409
0.327389
0.32736
0.327324
0.327281
0.327234
0.327182
0.32713
0.327077
0.327026
0.32698
0.326939
0.326905
0.326879
0.326862
0.326855
0.326856
0.326865
0.326883
0.326907
0.326936
0.326969
0.327004
0.32704
0.327074
0.327104
0.327129
0.327148
0.32716
0.327163
0.327158
0.327144
0.32712
0.327087
0.327045
0.326996
0.326939
0.326875
0.326806
0.326731
0.326652
0.32657
0.326486
0.3264
0.326313
0.326225
0.326137
0.326048
0.32596
0.325871
0.325783
0.325696
0.325609
0.325522
0.325434
0.325345
0.325257
0.325169
0.325081
0.324994
0.324909
0.324823
0.324739
0.324656
0.324573
0.324489
0.324406
0.324322
0.324235
0.324146
0.324055
0.323959
0.323859
0.323754
0.323645
0.32353
0.32341
0.323287
0.32316
0.32303
0.3229
0.322768
0.322639
0.322513
0.322391
0.322275
0.322166
0.322063
0.321969
0.321883
0.321806
0.321737
0.321677
0.321627
0.321586
0.321552
0.321526
0.321509
0.321502
0.321502
0.321511
0.32153
0.32156
0.321599
0.321648
0.321707
0.321774
0.321852
0.321938
0.322031
0.322129
0.322231
0.322335
0.32244
0.322544
0.322647
0.322746
0.322841
0.322933
0.323021
0.323107
0.32319
0.323272
0.323354
0.323435
0.323518
0.323603
0.32369
0.323778
0.323869
0.323963
0.324059
0.324159
0.324262
0.32437
0.324482
0.324599
0.324722
0.324852
0.324986
0.325128
0.325275
0.325427
0.325582
0.32574
0.325898
0.326055
0.32621
0.326362
0.326508
0.326649
0.326784
0.326914
0.327037
0.327155
0.327269
0.327379
0.327485
0.32759
0.327692
0.327794
0.327894
0.327993
0.328092
0.32819
0.328287
0.328383
0.328476
0.328566
0.328652
0.328732
0.328805
0.328869
0.328924
0.328965
0.328992
0.329004
0.328998
0.328973
0.328927
0.32886
0.328771
0.32866
0.328529
0.328375
0.328203
0.328013
0.327806
0.327584
0.327351
0.327107
0.326856
0.3266
0.326341
0.326081
0.325824
0.325569
0.325319
0.325074
0.324836
0.324605
0.324381
0.324166
0.323957
0.323756
0.32356
0.323371
0.323185
0.323003
0.322824
0.322647
0.32247
0.322292
0.322115
0.321936
0.321755
0.321571
0.321385
0.321197
0.321006
0.320813
0.320619
0.320423
0.320227
0.320032
0.319839
0.319648
0.319461
0.31928
0.319106
0.318939
0.318782
0.318635
0.318498
0.318374
0.318263
0.318165
0.318081
0.31801
0.317953
0.317911
0.317882
0.317867
0.317866
0.317878
0.317903
0.31794
0.317989
0.318049
0.318119
0.318196
0.318282
0.318373
0.318468
0.318564
0.318663
0.318761
0.318857
0.318948
0.319034
0.319112
0.319182
0.319243
0.319295
0.319335
0.319364
0.319381
0.319386
0.319379
0.31936
0.319329
0.319287
0.319235
0.319172
0.319098
0.319014
0.31892
0.318818
0.318707
0.318589
0.318463
0.31833
0.318189
0.318045
0.317895
0.317743
0.317585
0.317426
0.317265
0.317104
0.316943
0.316784
0.316627
0.316473
0.316323
0.316178
0.316038
0.315903
0.315775
0.315654
0.315539
0.315431
0.31533
0.315235
0.315147
0.315065
0.314988
0.314913
0.314842
0.314772
0.314701
0.314629
0.314556
0.314478
0.314396
0.314309
0.314217
0.314119
0.314015
0.313906
0.313793
0.313675
0.313553
0.313429
0.313301
0.313173
0.313042
0.312911
0.312781
0.31265
0.31252
0.312389
0.31226
0.312131
0.312004
0.311879
0.311756
0.311635
0.311518
0.311403
0.311293
0.311187
0.311086
0.310989
0.310897
0.310808
0.310723
0.310642
0.310563
0.310486
0.310412
0.310339
0.310268
0.3102
0.310137
0.310079
0.310031
0.309994
0.309971
0.309963
0.309972
0.309999
0.310042
0.310101
0.310174
0.310258
0.310349
0.310445
0.310543
0.31064
0.310737
0.310831
0.310924
0.311016
0.311107
0.311201
0.311298
0.3114
0.31151
0.311629
0.311759
0.311898
0.31205
0.312214
0.312392
0.312582
0.312784
0.312998
0.313222
0.313455
0.313698
0.313946
0.314199
0.314455
0.314712
0.314968
0.315221
0.31547
0.315714
0.315951
0.316181
0.316404
0.316619
0.316827
0.317031
0.317229
0.317426
0.317623
0.317821
0.318022
0.318228
0.318444
0.318668
0.318904
0.319153
0.319413
0.319687
0.319974
0.320272
0.320584
0.320904
0.321233
0.321568
0.321908
0.322251
0.322597
0.322943
0.323288
0.32363
0.323968
0.324302
0.324633
0.324956
0.325274
0.325585
0.32589
0.326187
0.326475
0.326755
0.327024
0.327282
0.327527
0.32776
0.327977
0.328179
0.328365
0.328534
0.328688
0.328824
0.328944
0.329049
0.32914
0.329219
0.329288
0.329346
0.329398
0.329444
0.329489
0.329532
0.329575
0.32962
0.329667
0.329718
0.329771
0.329829
0.329888
0.32995
0.330012
0.330073
0.330136
0.330196
0.330252
0.330305
0.330353
0.330396
0.330434
0.330466
0.330492
0.330512
0.330526
0.330533
0.330535
0.330531
0.330521
0.330506
0.330485
0.33046
0.330428
0.330392
0.330351
0.330305
0.330255
0.330201
0.330143
0.330082
0.330018
0.329951
0.329883
0.329814
0.329745
0.329674
0.329605
0.329538
0.329471
0.329408
0.329347
0.329288
0.329234
0.329184
0.32914
0.329101
0.329068
0.329041
0.329021
0.329008
0.329
0.328999
0.329004
0.329013
0.329027
0.329042
0.32906
0.329079
0.329098
0.329116
0.329132
0.329146
0.329158
0.329165
0.329171
0.329173
0.329173
0.32917
0.329165
0.329158
0.329149
0.329139
0.329128
0.329116
0.329103
0.329092
0.32908
0.329072
0.329067
0.329065
0.329069
0.329081
0.329099
0.329127
0.329164
0.32921
0.329267
0.329332
0.329406
0.329487
0.329575
0.329667
0.329763
0.329861
0.329957
0.330052
0.330142
0.330226
0.330305
0.330376
0.330439
0.330495
0.330543
0.330582
0.330615
0.330642
0.330665
0.330685
0.330702
0.330717
0.330733
0.330749
0.330765
0.330785
0.330807
0.330832
0.330861
0.330892
0.330927
0.330964
0.331003
0.331045
0.331088
0.33113
0.331173
0.331213
0.331249
0.331281
0.331305
0.331321
0.331327
0.331318
0.331295
0.331255
0.331198
0.331122
0.331025
0.330908
0.330769
0.330608
0.330427
0.330225
0.330004
0.329764
0.329504
0.329228
0.328934
0.328624
0.328299
0.327961
0.327609
0.327244
0.326868
0.326482
0.326087
0.325685
0.325276
0.324864
0.324448
0.324031
0.323614
0.323196
0.322782
0.32237
0.321963
0.321562
0.321167
0.32078
0.320403
0.320035
0.31968
0.319339
0.319012
0.3187
0.318404
0.318126
0.317865
0.317622
0.317396
0.317187
0.316994
0.316818
0.316655
0.316506
0.316368
0.316239
0.316119
0.316004
0.315892
0.315782
0.315672
0.315559
0.315442
0.31532
0.315191
0.315054
0.314908
0.314755
0.314592
0.314423
0.314245
0.314062
0.313873
0.31368
0.313485
0.313289
0.313092
0.312898
0.312707
0.312517
0.312334
0.312156
0.311985
0.31182
0.311663
0.311512
0.311371
0.311237
0.311113
0.310997
0.310888
0.310789
0.310699
0.310617
0.310544
0.310478
0.310421
0.310372
0.310331
0.310297
0.310269
0.310249
0.310235
0.310225
0.31022
0.310219
0.31022
0.310222
0.310225
0.310228
0.31023
0.310229
0.310227
0.310222
0.310216
0.310206
0.310196
0.310186
0.310178
0.310172
0.31017
0.310174
0.310185
0.310206
0.310238
0.310282
0.31034
0.310412
0.310502
0.310608
0.310731
0.310872
0.311029
0.311203
0.311392
0.311594
0.311809
0.312036
0.312269
0.312507
0.312748
0.312988
0.313224
0.313454
0.313675
0.313885
0.314082
0.314263
0.314428
0.314577
0.314708
0.314821
0.314918
0.314997
0.315062
0.315111
0.315146
0.315169
0.315181
0.315181
0.31517
0.315151
0.315123
0.315086
0.315042
0.314991
0.314934
0.314872
0.314805
0.314735
0.314664
0.314591
0.314519
0.314447
0.31438
0.314316
0.314255
0.314199
0.314148
0.314101
0.314059
0.314021
0.313985
0.313954
0.313925
0.313899
0.313876
0.313856
0.31384
0.313827
0.313818
0.313814
0.313815
0.313822
0.313834
0.313852
0.313876
0.313906
0.313943
0.313986
0.314034
0.314087
0.314144
0.314206
0.314271
0.314339
0.31441
0.314483
0.314558
0.314635
0.314712
0.314791
0.314872
0.314954
0.315037
0.315123
0.315211
0.315303
0.315397
0.315494
0.315593
0.315694
0.315797
0.315902
0.316007
0.316113
0.316217
0.316319
0.316419
0.316516
0.316609
0.316696
0.316779
0.316855
0.316925
0.316989
0.317046
0.317096
0.31714
0.317175
0.317202
0.317222
0.317234
0.317238
0.317234
0.317222
0.317202
0.317175
0.317141
0.317101
0.317054
0.317001
0.316942
0.316878
0.316809
0.316737
0.316661
0.316585
0.316506
0.316429
0.316352
0.316279
0.316207
0.316141
0.316078
0.316021
0.31597
0.315925
0.315884
0.315849
0.315819
0.315793
0.31577
0.31575
0.315731
0.315715
0.3157
0.315687
0.315675
0.315665
0.315657
0.315652
0.31565
0.315652
0.315659
0.31567
0.315686
0.315707
0.315732
0.31576
0.315792
0.315826
0.315863
0.3159
0.315939
0.315978
0.316018
0.316056
0.316095
0.316135
0.316174
0.316216
0.316259
0.316305
0.316356
0.31641
0.31647
0.316535
0.316609
0.316689
0.316777
0.316874
0.316979
0.317093
0.317215
0.317344
0.317481
0.317625
0.317774
0.31793
0.318091
0.318257
0.318427
0.318602
0.318782
0.318965
0.319153
0.319346
0.319544
0.319747
0.319956
0.320171
0.320392
0.320617
0.320849
0.321085
0.321325
0.321567
0.321811
0.322054
0.322294
0.322529
0.322757
0.322977
0.323186
0.323382
0.323564
0.323728
0.323875
0.324003
0.324109
0.324196
0.324261
0.324305
0.324327
0.324329
0.32431
0.324272
0.324215
0.324139
0.324045
0.323937
0.323814
0.323678
0.32353
0.323373
0.323208
0.323037
0.322861
0.322683
0.322503
0.322324
0.322147
0.321974
0.321808
0.321649
0.321499
0.321357
0.321228
0.32111
0.321004
0.320912
0.320835
0.320771
0.320722
0.320689
0.320669
0.320663
0.32067
0.320688
0.320717
0.320756
0.320803
0.320856
0.320913
0.320973
0.321033
0.321091
0.321146
0.321195
0.321239
0.321276
0.321306
0.321328
0.321344
0.321354
0.32136
0.321365
0.321368
0.321374
0.321382
0.321395
0.321413
0.321439
0.321473
0.321516
0.321568
0.321629
0.321699
0.321779
0.32187
0.321971
0.322085
0.32221
0.322349
0.322501
0.322669
0.32285
0.323046
0.323258
0.323485
0.323729
0.323986
0.324257
0.32454
0.324835
0.32514
0.325454
0.325774
0.326099
0.326428
0.326758
0.327087
0.327413
0.327735
0.32805
0.328358
0.328657
0.328945
0.32922
0.329484
0.329734
0.32997
0.330192
0.330401
0.330596
0.33078
0.330952
0.331115
0.331269
0.331416
0.331559
0.3317
0.331839
0.331979
0.332123
0.332271
0.332425
0.332587
0.332755
0.332933
0.333121
0.333317
0.333522
0.333734
0.333953
0.334176
0.334402
0.334629
0.334855
0.335079
0.335297
0.335506
0.335706
0.335892
0.336061
0.336212
0.336341
0.336445
0.336523
0.336572
0.336589
0.336575
0.336528
0.336447
0.336336
0.336196
0.336027
0.335834
0.33562
0.335387
0.335141
0.334885
0.334624
0.334361
0.334099
0.333842
0.333591
0.33335
0.333121
0.332905
0.332702
0.332513
0.332338
0.332178
0.332029
0.331892
0.331766
0.331648
0.331537
0.331431
0.331328
0.331225
0.331121
0.331013
0.330899
0.330775
0.330642
0.330498
0.330342
0.330172
0.329989
0.329792
0.329582
0.329359
0.329124
0.328879
0.328626
0.328367
0.328103
0.327839
0.327578
0.327321
0.327073
0.326838
0.32662
0.32642
0.326244
0.326092
0.325967
0.325868
0.325797
0.325751
0.325732
0.325733
0.325755
0.325791
0.325841
0.325898
0.325961
0.326024
0.326086
0.326142
0.32619
0.326227
0.326253
0.326266
0.326265
0.32625
0.326221
0.32618
0.326126
0.326063
0.325991
0.325913
0.325831
0.325748
0.325665
0.325584
0.325505
0.325429
0.325355
0.325282
0.325211
0.325138
0.325061
0.324979
0.32489
0.324792
0.324685
0.324568
0.324443
0.324311
0.324173
0.324031
0.323887
0.323743
0.323603
0.323464
0.323331
0.323201
0.323076
0.322953
0.322834
0.322717
0.3226
0.322484
0.322366
0.322247
0.322125
0.322
0.321873
0.321745
0.321615
0.321484
0.321351
0.321219
0.321088
0.320956
0.320825
0.320694
0.320561
0.320426
0.320289
0.320148
0.320002
0.319852
0.319698
0.31954
0.319379
0.319215
0.319051
0.318888
0.318728
0.318573
0.318426
0.318288
0.31816
0.318045
0.317943
0.317855
0.31778
0.31772
0.317673
0.317639
0.317617
0.317605
0.317601
0.317605
0.317615
0.317629
0.317647
0.317667
0.317688
0.317711
0.317735
0.31776
0.317785
0.317812
0.31784
0.317871
0.317904
0.31794
0.317979
0.318021
0.318065
0.318112
0.318162
0.318214
0.318269
0.318328
0.318391
0.318457
0.318528
0.318604
0.318687
0.318778
0.318878
0.318988
0.319108
0.31924
0.319384
0.319541
0.319709
0.319889
0.32008
0.320283
0.320496
0.320715
0.320941
0.32117
0.3214
0.321629
0.321854
0.322074
0.322286
0.322487
0.322676
0.322851
0.32301
0.323153
0.323279
0.323386
0.323475
0.323546
0.323598
0.323633
0.323651
0.323654
0.323642
0.323616
0.323577
0.323527
0.323466
0.323395
0.323315
0.323227
0.323131
0.323027
0.322916
0.322798
0.322674
0.322544
0.32241
0.322271
0.322127
0.32198
0.321832
0.321682
0.321534
0.321386
0.321242
0.321103
0.320968
0.320841
0.320721
0.32061
0.320508
0.320416
0.320332
0.320256
0.32019
0.320132
0.320082
0.320038
0.319999
0.319963
0.31993
0.319899
0.319868
0.319836
0.319802
0.319765
0.319723
0.319676
0.319625
0.319569
0.319508
0.319442
0.319373
0.319303
0.319231
0.31916
0.31909
0.319025
0.318965
0.318914
0.318872
0.318841
0.318823
0.318818
0.318829
0.318855
0.318897
0.318955
0.319028
0.319116
0.319217
0.319332
0.319459
0.319596
0.319741
0.319894
0.320052
0.320216
0.320382
0.320549
0.320716
0.320882
0.321044
0.321204
0.321357
0.321504
0.321642
0.321771
0.32189
0.321996
0.32209
0.32217
0.322235
0.322286
0.32232
0.322339
0.322342
0.322331
0.322306
0.322269
0.322221
0.322165
0.322102
0.322037
0.32197
0.321907
0.32185
0.321802
0.321764
0.321739
0.321728
0.321734
0.321757
0.321796
0.321851
0.321923
0.322008
0.322106
0.322214
0.32233
0.32245
0.322571
0.32269
0.322804
0.32291
0.323005
0.323086
0.323152
0.323203
0.323237
0.323257
0.323265
0.323263
0.323254
0.323242
0.323228
0.323217
0.323209
0.323204
0.323202
0.323201
0.323199
0.323195
0.323184
0.323167
0.323143
0.323109
0.323065
0.323013
0.322953
0.322886
0.322813
0.322736
0.322656
0.322575
0.322494
0.322414
0.322335
0.32226
0.322188
0.322121
0.322061
0.322008
0.321962
0.321926
0.321899
0.321885
0.321883
0.321893
0.321917
0.321953
0.322002
0.322062
0.322133
0.322214
0.322301
0.322394
0.322492
0.322591
0.322692
0.322794
0.322895
0.322997
0.323099
0.323205
0.323313
0.323429
0.323553
0.323688
0.323836
0.323997
0.324173
0.324364
0.324568
0.324783
0.325008
0.325237
0.325468
0.325695
0.325914
0.326121
0.326311
0.326482
0.326628
0.326749
0.32684
0.3269
0.326927
0.32692
0.326878
0.3268
0.326685
0.326535
0.326349
0.326131
0.325879
0.325597
0.325287
0.324952
0.324595
0.324222
0.323835
0.323438
0.323036
0.322631
0.322229
0.321831
0.321441
