0.00863076
0.00863848
0.00864235
0.00864697
0.00865235
0.00865853
0.00866545
0.00867311
0.00868148
0.00869052
0.00870019
0.00871048
0.00872135
0.00873274
0.00874469
0.00875712
0.00877002
0.00878334
0.00879707
0.00881119
0.00882564
0.0088404
0.00885549
0.00887079
0.00888634
0.00890209
0.00891797
0.00893402
0.00895016
0.00896641
0.00898271
0.00899905
0.00901539
0.00903173
0.009048
0.00906424
0.00908037
0.00909642
0.00911232
0.00912808
0.00914369
0.00915911
0.00917435
0.00918938
0.00920417
0.00921876
0.00923312
0.00924723
0.00926112
0.00927474
0.0092881
0.00930128
0.0093142
0.00932687
0.00933934
0.00935159
0.00936366
0.00937555
0.00938726
0.00939885
0.00941031
0.00942166
0.00943297
0.00944424
0.00945546
0.0094667
0.00947796
0.00948926
0.00950065
0.0095121
0.00952371
0.00953548
0.00954736
0.00955941
0.00957166
0.00958408
0.0095967
0.00960953
0.00962257
0.0096358
0.00964927
0.00966287
0.00967668
0.00969069
0.00970488
0.00971919
0.00973366
0.00974828
0.00976299
0.00977777
0.00979262
0.00980749
0.00982239
0.00983729
0.00985216
0.00986691
0.00988162
0.0098962
0.00991064
0.00992492
0.00993896
0.00995279
0.00996638
0.00997968
0.00999271
0.0100054
0.0100178
0.0100298
0.0100415
0.0100528
0.0100637
0.0100741
0.0100842
0.0100938
0.010103
0.0101117
0.01012
0.0101278
0.0101352
0.0101421
0.0101486
0.0101546
0.0101602
0.0101654
0.0101701
0.0101744
0.0101783
0.0101818
0.010185
0.0101878
0.0101903
0.0101924
0.0101942
0.0101957
0.010197
0.0101979
0.0101986
0.0101991
0.0101994
0.0101995
0.0101994
0.0101991
0.0101988
0.0101983
0.0101977
0.010197
0.0101963
0.0101955
0.0101946
0.0101937
0.0101928
0.010192
0.0101911
0.0101903
0.0101896
0.0101889
0.0101882
0.0101877
0.0101872
0.0101868
0.0101865
0.0101864
0.0101864
0.0101864
0.0101866
0.0101869
0.0101873
0.0101878
0.0101884
0.0101891
0.0101899
0.0101907
0.0101916
0.0101925
0.0101935
0.0101945
0.0101955
0.0101965
0.0101974
0.0101983
0.010199
0.0101998
0.0102004
0.0102009
0.0102012
0.0102015
0.0102015
0.0102014
0.0102011
0.0102007
0.0102
0.0101992
0.0101983
0.0101971
0.0101958
0.0101943
0.0101926
0.0101909
0.010189
0.010187
0.0101849
0.0101827
0.0101804
0.0101781
0.0101757
0.0101733
0.010171
0.0101686
0.0101662
0.0101638
0.0101614
0.0101591
0.0101569
0.0101546
0.0101525
0.0101503
0.0101483
0.0101463
0.0101444
0.0101425
0.0101406
0.0101389
0.0101372
0.0101355
0.010134
0.0101325
0.010131
0.0101296
0.0101283
0.0101271
0.0101259
0.0101248
0.0101238
0.0101229
0.010122
0.0101212
0.0101204
0.0101198
0.0101192
0.0101187
0.0101182
0.0101178
0.0101175
0.0101172
0.0101169
0.0101168
0.0101167
0.0101166
0.0101165
0.0101165
0.0101165
0.0101165
0.0101166
0.0101167
0.0101169
0.0101171
0.0101173
0.0101175
0.0101177
0.010118
0.0101184
0.0101188
0.0101193
0.0101198
0.0101204
0.010121
0.0101217
0.0101225
0.0101234
0.0101244
0.0101255
0.0101267
0.010128
0.0101295
0.0101311
0.0101328
0.0101346
0.0101367
0.0101388
0.010141
0.0101434
0.0101459
0.0101486
0.0101514
0.0101542
0.0101572
0.0101603
0.0101635
0.0101667
0.01017
0.0101733
0.0101767
0.0101801
0.0101834
0.0101867
0.01019
0.0101931
0.0101962
0.0101992
0.0102021
0.0102048
0.0102074
0.0102097
0.0102119
0.0102139
0.0102156
0.0102172
0.0102185
0.0102196
0.0102204
0.0102211
0.0102215
0.0102217
0.0102217
0.0102216
0.0102212
0.0102207
0.0102201
0.0102194
0.0102185
0.0102176
0.0102166
0.0102156
0.0102146
0.0102135
0.0102125
0.0102116
0.0102107
0.0102099
0.0102092
0.0102087
0.0102082
0.0102079
0.0102077
0.0102077
0.0102079
0.0102082
0.0102087
0.0102094
0.0102102
0.0102112
0.0102124
0.0102138
0.0102153
0.0102171
0.010219
0.0102211
0.0102233
0.0102257
0.0102283
0.010231
0.0102339
0.0102369
0.0102401
0.0102433
0.0102468
0.0102503
0.0102539
0.0102576
0.0102614
0.0102653
0.0102691
0.0102731
0.0102771
0.010281
0.010285
0.0102889
0.0102928
0.0102966
0.0103004
0.010304
0.0103075
0.0103109
0.0103142
0.0103173
0.0103203
0.0103231
0.0103257
0.0103281
0.0103304
0.0103324
0.0103343
0.010336
0.0103374
0.0103387
0.0103398
0.0103407
0.0103414
0.010342
0.0103424
0.0103427
0.0103428
0.0103428
0.0103427
0.0103424
0.0103421
0.0103416
0.0103411
0.0103405
0.0103399
0.0103392
0.0103384
0.0103376
0.0103368
0.010336
0.0103351
0.0103342
0.0103334
0.0103325
0.0103317
0.0103308
0.01033
0.0103292
0.0103285
0.0103277
0.010327
0.0103264
0.0103258
0.0103253
0.0103248
0.0103243
0.010324
0.0103237
0.0103235
0.0103233
0.0103233
0.0103233
0.0103233
0.0103235
0.0103237
0.010324
0.0103243
0.0103246
0.0103251
0.0103255
0.010326
0.0103265
0.0103271
0.0103276
0.0103282
0.0103287
0.0103292
0.0103297
0.0103301
0.0103304
0.0103307
0.0103308
0.0103309
0.0103309
0.0103308
0.0103306
0.0103303
0.0103299
0.0103294
0.0103287
0.010328
0.0103271
0.0103262
0.0103252
0.010324
0.0103228
0.0103215
0.0103202
0.0103188
0.0103173
0.0103158
0.0103142
0.0103125
0.0103108
0.0103091
0.0103074
0.0103056
0.0103037
0.0103019
0.0103
0.0102981
0.0102961
0.0102942
0.0102923
0.0102904
0.0102885
0.0102866
0.0102848
0.010283
0.0102813
0.0102797
0.0102782
0.0102768
0.0102755
0.0102744
0.0102734
0.0102726
0.010272
0.0102715
0.0102713
0.0102713
0.0102714
0.0102718
0.0102724
0.0102732
0.0102742
0.0102754
0.0102769
0.0102785
0.0102803
0.0102823
0.0102846
0.010287
0.0102896
0.0102923
0.0102952
0.0102982
0.0103014
0.0103046
0.0103081
0.0103116
0.0103152
0.0103189
0.0103226
0.0103265
0.0103304
0.0103344
0.0103384
0.0103426
0.0103468
0.010351
0.0103553
0.0103597
0.010364
0.0103685
0.0103729
0.0103775
0.0103821
0.0103867
0.0103913
0.010396
0.0104008
0.0104055
0.0104103
0.0104151
0.0104199
0.0104246
0.0104294
0.0104342
0.0104388
0.0104435
0.010448
0.0104525
0.010457
0.0104613
0.0104655
0.0104695
0.0104734
0.0104772
0.0104808
0.0104842
0.0104875
0.0104906
0.0104936
0.0104963
0.0104989
0.0105013
0.0105036
0.0105057
0.0105076
0.0105094
0.0105111
0.0105126
0.0105141
0.0105154
0.0105166
0.0105178
0.0105189
0.0105199
0.0105208
0.0105217
0.0105225
0.0105232
0.0105239
0.0105245
0.0105251
0.0105256
0.0105261
0.0105265
0.0105268
0.0105271
0.0105272
0.0105274
0.0105274
0.0105274
0.0105273
0.0105271
0.0105268
0.0105265
0.0105261
0.0105256
0.010525
0.0105244
0.0105237
0.010523
0.0105221
0.0105212
0.0105202
0.0105192
0.010518
0.0105168
0.0105155
0.010514
0.0105125
0.0105108
0.010509
0.0105071
0.0105051
0.010503
0.0105007
0.0104983
0.0104957
0.010493
0.0104903
0.0104873
0.0104843
0.0104811
0.0104777
0.0104743
0.0104708
0.0104671
0.0104634
0.0104596
0.0104558
0.0104519
0.010448
0.0104441
0.0104402
0.0104362
0.0104323
0.0104285
0.0104247
0.010421
0.0104173
0.0104137
0.0104103
0.010407
0.0104038
0.0104007
0.0103979
0.0103952
0.0103927
0.0103903
0.0103882
0.0103862
0.0103845
0.010383
0.0103816
0.0103805
0.0103796
0.0103789
0.0103784
0.0103781
0.0103779
0.0103779
0.0103781
0.0103784
0.0103788
0.0103793
0.01038
0.0103807
0.0103815
0.0103823
0.0103833
0.0103843
0.0103853
0.0103863
0.0103874
0.0103885
0.0103897
0.0103908
0.010392
0.0103932
0.0103944
0.0103957
0.010397
0.0103984
0.0103998
0.0104012
0.0104027
0.0104043
0.0104059
0.0104075
0.0104093
0.0104111
0.010413
0.010415
0.0104171
0.0104193
0.0104216
0.010424
0.0104265
0.0104291
0.0104318
0.0104346
0.0104375
0.0104406
0.0104437
0.0104469
0.0104501
0.0104534
0.0104568
0.0104602
0.0104636
0.0104671
0.0104705
0.0104739
0.0104772
0.0104805
0.0104837
0.0104868
0.0104898
0.0104926
0.0104953
0.0104977
0.0105
0.010502
0.0105038
0.0105054
0.0105067
0.0105077
0.0105084
0.0105088
0.0105089
0.0105087
0.0105082
0.0105074
0.0105062
0.0105048
0.010503
0.010501
0.0104986
0.010496
0.0104931
0.0104899
0.0104865
0.0104828
0.010479
0.0104749
0.0104707
0.0104663
0.0104618
0.0104572
0.0104524
0.0104476
0.0104428
0.010438
0.0104331
0.0104283
0.0104235
0.0104188
0.0104141
0.0104096
0.0104051
0.0104007
0.0103964
0.0103923
0.0103883
0.0103844
0.0103806
0.0103769
0.0103733
0.0103698
0.0103664
0.0103631
0.0103598
0.0103566
0.0103533
0.0103501
0.0103469
0.0103437
0.0103405
0.0103373
0.010334
0.0103307
0.0103274
0.010324
0.0103206
0.0103172
0.0103138
0.0103103
0.0103068
0.0103033
0.0102998
0.0102962
0.0102927
0.0102892
0.0102857
0.0102823
0.0102789
0.0102756
0.0102724
0.0102692
0.0102661
0.0102632
0.0102603
0.0102576
0.0102549
0.0102525
0.0102501
0.0102479
0.0102458
0.010244
0.0102422
0.0102406
0.0102392
0.0102379
0.0102368
0.0102359
0.0102351
0.0102345
0.0102341
0.0102339
0.0102338
0.0102339
0.0102343
0.0102348
0.0102354
0.0102363
0.0102373
0.0102385
0.0102398
0.0102413
0.010243
0.0102448
0.0102467
0.0102487
0.0102508
0.010253
0.0102552
0.0102575
0.0102598
0.0102621
0.0102644
0.0102666
0.0102688
0.010271
0.010273
0.0102749
0.0102766
0.0102782
0.0102797
0.0102809
0.010282
0.0102828
0.0102834
0.0102837
0.0102838
0.0102837
0.0102833
0.0102826
0.0102817
0.0102806
0.0102792
0.0102776
0.0102758
0.0102737
0.0102715
0.0102691
0.0102665
0.0102638
0.010261
0.0102581
0.0102552
0.0102521
0.0102491
0.0102461
0.0102432
0.0102403
0.0102375
0.0102349
0.0102324
0.01023
0.0102278
0.0102259
0.0102242
0.0102227
0.0102214
0.0102205
0.0102197
0.0102192
0.0102191
0.0102191
0.0102194
0.01022
0.0102208
0.0102218
0.010223
0.0102244
0.0102259
0.0102277
0.0102294
0.0102313
0.0102332
0.0102352
0.0102373
0.0102393
0.0102412
0.0102432
0.010245
0.0102468
0.0102485
0.01025
0.0102515
0.0102528
0.0102539
0.010255
0.0102559
0.0102566
0.0102573
0.0102578
0.0102581
0.0102584
0.0102585
0.0102586
0.0102585
0.0102584
0.0102582
0.010258
0.0102577
0.0102574
0.010257
0.0102567
0.0102564
0.0102561
0.0102558
0.0102555
0.0102554
0.0102552
0.0102551
0.010255
0.010255
0.010255
0.0102551
0.0102553
0.0102555
0.0102558
0.0102561
0.0102564
0.0102568
0.0102573
0.0102578
0.0102583
0.0102589
0.0102595
0.0102602
0.0102608
0.0102615
0.0102622
0.010263
0.0102638
0.0102646
0.0102654
0.0102663
0.0102673
0.0102683
0.0102693
0.0102705
0.0102716
0.0102729
0.0102742
0.0102756
0.0102771
0.0102787
0.0102804
0.0102822
0.0102841
0.0102861
0.0102881
0.0102903
0.0102925
0.0102949
0.0102973
0.0102998
0.0103024
0.010305
0.0103077
0.0103104
0.0103131
0.0103159
0.0103187
0.0103215
0.0103244
0.0103272
0.01033
0.0103329
0.0103357
0.0103385
0.0103413
0.0103441
0.0103469
0.0103497
0.0103525
0.0103553
0.0103581
0.0103608
0.0103636
0.0103664
0.0103692
0.0103719
0.0103747
0.0103775
0.0103802
0.0103829
0.0103857
0.0103884
0.0103911
0.0103938
0.0103965
0.0103991
0.0104017
0.0104043
0.0104069
0.0104094
0.010412
0.0104145
0.010417
0.0104194
0.0104218
0.0104242
0.0104266
0.0104289
0.0104312
0.0104334
0.0104356
0.0104378
0.0104398
0.0104419
0.0104439
0.0104458
0.0104476
0.0104494
0.0104511
0.0104527
0.0104542
0.0104556
0.0104569
0.0104581
0.0104593
0.0104603
0.0104613
0.0104621
0.0104629
0.0104636
0.0104642
0.0104647
0.0104652
0.0104657
0.0104661
0.0104665
0.0104669
0.0104672
0.0104676
0.0104679
0.0104683
0.0104687
0.0104691
0.0104696
0.0104701
0.0104707
0.0104713
0.0104719
0.0104726
0.0104734
0.0104742
0.010475
0.0104759
0.0104768
0.0104778
0.0104787
0.0104797
0.0104808
0.0104818
0.0104828
0.0104839
0.0104849
0.0104859
0.0104869
0.0104878
0.0104888
0.0104897
0.0104905
0.0104913
0.0104921
0.0104928
0.0104935
0.0104941
0.0104947
0.0104951
0.0104956
0.010496
0.0104963
0.0104966
0.0104968
0.0104969
0.010497
0.010497
0.010497
0.0104969
0.0104967
0.0104965
0.0104963
0.0104959
0.0104955
0.010495
0.0104944
0.0104937
0.010493
0.0104921
0.0104912
0.0104902
0.0104891
0.0104878
0.0104865
0.010485
0.0104834
0.0104817
0.0104799
0.010478
0.010476
0.0104739
0.0104716
0.0104693
0.0104669
0.0104645
0.0104619
0.0104593
0.0104567
0.010454
0.0104513
0.0104485
0.0104458
0.010443
0.0104403
0.0104375
0.0104348
0.0104321
0.0104294
0.0104267
0.0104241
0.0104216
0.0104191
0.0104167
0.0104144
0.0104122
0.01041
0.010408
0.010406
0.0104042
0.0104025
0.0104009
0.0103994
0.0103981
0.0103969
0.0103959
0.010395
0.0103943
0.0103938
0.0103935
0.0103933
0.0103932
0.0103934
0.0103937
0.0103942
0.0103949
0.0103958
0.0103968
0.010398
0.0103993
0.0104008
0.0104025
0.0104042
0.0104061
0.0104081
0.0104103
0.0104125
0.0104149
0.0104173
0.0104198
0.0104224
0.010425
0.0104277
0.0104303
0.010433
0.0104358
0.0104385
0.0104413
0.010444
0.0104468
0.0104495
0.0104522
0.0104549
0.0104576
0.0104603
0.0104629
0.0104656
0.0104682
0.0104708
0.0104735
0.0104761
0.0104787
0.0104813
0.010484
0.0104867
0.0104893
0.010492
0.0104947
0.0104975
0.0105003
0.0105031
0.0105059
0.0105087
0.0105116
0.0105145
0.0105174
0.0105204
0.0105233
0.0105263
0.0105292
0.0105322
0.0105351
0.0105379
0.0105407
0.0105435
0.0105461
0.0105487
0.0105511
0.0105534
0.0105556
0.0105576
0.0105594
0.0105611
0.0105625
0.0105638
0.0105648
0.0105656
0.0105662
0.0105666
0.0105667
0.0105666
0.0105663
0.0105658
0.0105651
0.0105642
0.0105631
0.0105618
0.0105604
0.0105588
0.0105572
0.0105554
0.0105536
0.0105517
0.0105497
0.0105477
0.0105457
0.0105437
0.0105417
0.0105398
0.0105379
0.010536
0.0105342
0.0105326
0.0105309
0.0105294
0.0105279
0.0105266
0.0105253
0.0105242
0.0105231
0.0105221
0.0105212
0.0105203
0.0105195
0.0105188
0.0105181
0.0105175
0.0105169
0.0105163
0.0105157
0.0105151
0.0105144
0.0105138
0.0105131
0.0105123
0.0105115
0.0105106
0.0105097
0.0105086
0.0105075
0.0105063
0.0105049
0.0105035
0.010502
0.0105005
0.0104988
0.010497
0.0104952
0.0104933
0.0104913
0.0104893
0.0104872
0.0104851
0.0104829
0.0104807
0.0104784
0.0104761
0.0104738
0.0104716
0.0104692
0.0104669
0.0104645
0.0104622
0.0104598
0.0104574
0.010455
0.0104525
0.0104501
0.0104476
0.0104451
0.0104426
0.01044
0.0104375
0.0104349
0.0104323
0.0104296
0.010427
0.0104243
0.0104216
0.0104189
0.0104162
0.0104135
0.0104108
0.010408
0.0104053
0.0104026
0.0103999
0.0103972
0.0103945
0.0103919
0.0103892
0.0103866
0.010384
0.0103814
0.0103789
0.0103764
0.0103738
0.0103713
0.0103687
0.0103662
0.0103637
0.0103611
0.0103585
0.0103558
0.0103531
0.0103504
0.0103476
0.0103447
0.0103417
0.0103387
0.0103355
0.0103323
0.010329
0.0103256
0.0103222
0.0103187
0.0103152
0.0103115
0.0103079
0.0103042
0.0103006
0.0102969
0.0102933
0.0102897
0.0102861
0.0102827
0.0102793
0.0102761
0.010273
0.0102701
0.0102673
0.0102647
0.0102623
0.0102602
0.0102582
0.0102565
0.010255
0.0102537
0.0102527
0.010252
0.0102515
0.0102513
0.0102513
0.0102515
0.010252
0.0102528
0.0102538
0.010255
0.0102563
0.0102579
0.0102597
0.0102616
0.0102636
0.0102657
0.010268
0.0102703
0.0102726
0.010275
0.0102774
0.0102797
0.010282
0.0102841
0.0102862
0.0102882
0.01029
0.0102917
0.0102932
0.0102945
0.0102957
0.0102966
0.0102973
0.0102979
0.0102982
0.0102983
0.0102982
0.0102979
0.0102975
0.0102968
0.0102961
0.0102952
0.0102942
0.010293
0.0102919
0.0102906
0.0102893
0.010288
0.0102867
0.0102854
0.0102841
0.0102829
0.0102818
0.0102807
0.0102797
0.0102788
0.010278
0.0102772
0.0102766
0.0102761
0.0102757
0.0102754
0.0102752
0.0102751
0.010275
0.0102751
0.0102752
0.0102753
0.0102756
0.0102758
0.0102761
0.0102764
0.0102767
0.0102771
0.0102774
0.0102777
0.010278
0.0102783
0.0102786
0.0102789
0.0102791
0.0102793
0.0102795
0.0102796
0.0102798
0.0102799
0.01028
0.01028
0.01028
0.01028
0.0102799
0.0102799
0.0102799
0.0102798
0.0102797
0.0102796
0.0102794
0.0102793
0.0102791
0.0102789
0.0102788
0.0102785
0.0102783
0.010278
0.0102778
0.0102775
0.0102772
0.010277
0.0102767
0.0102764
0.0102761
0.0102758
0.0102755
0.0102752
0.0102749
0.0102746
0.0102744
0.0102741
0.0102739
0.0102738
0.0102736
0.0102735
0.0102735
0.0102734
0.0102735
0.0102735
0.0102736
0.0102737
0.0102739
0.0102742
0.0102745
0.0102748
0.0102751
0.0102755
0.010276
0.0102765
0.0102769
0.0102774
0.010278
0.0102785
0.0102791
0.0102796
0.0102802
0.0102807
0.0102813
0.0102818
0.0102823
0.0102827
0.0102832
0.0102835
0.0102839
0.0102842
0.0102845
0.0102847
0.010285
0.0102852
0.0102854
0.0102856
0.0102857
0.0102859
0.0102861
0.0102863
0.0102866
0.010287
0.0102874
0.0102879
0.0102885
0.0102893
0.0102901
0.0102911
0.0102923
0.0102935
0.010295
0.0102966
0.0102984
0.0103004
0.0103026
0.0103049
0.0103073
0.0103099
0.0103125
0.0103154
0.0103183
0.0103213
0.0103243
0.0103274
0.0103305
0.0103335
0.0103365
0.0103395
0.0103424
0.0103452
0.0103479
0.0103505
0.0103529
0.0103552
0.0103573
0.0103592
0.010361
0.0103625
0.0103639
0.0103651
0.010366
0.0103668
0.0103674
0.0103678
0.010368
0.0103679
0.0103678
0.0103674
0.0103669
0.0103662
0.0103654
0.0103645
0.0103634
0.0103621
0.0103608
0.0103594
0.0103579
0.0103562
0.0103545
0.0103528
0.010351
0.0103492
0.0103473
0.0103454
0.0103435
0.0103415
0.0103396
0.0103377
0.0103358
0.0103339
0.010332
0.0103302
0.0103284
0.0103266
0.010325
0.0103233
0.0103217
0.0103202
0.0103187
0.0103173
0.0103159
0.0103146
0.0103133
0.0103121
0.0103109
0.0103098
0.0103087
0.0103077
0.0103068
0.0103058
0.0103049
0.0103039
0.010303
0.0103022
0.0103013
0.0103005
0.0102996
0.0102987
0.0102978
0.0102969
0.010296
0.010295
0.0102941
0.0102931
0.010292
0.0102909
0.0102898
0.0102886
0.0102874
0.0102862
0.0102849
0.0102836
0.0102823
0.0102809
0.0102796
0.0102782
0.0102767
0.0102753
0.0102739
0.0102725
0.0102711
0.0102697
0.0102683
0.0102669
0.0102655
0.0102642
0.0102628
0.0102615
0.0102602
0.0102589
0.0102576
0.0102563
0.010255
0.0102537
0.0102523
0.0102509
0.0102494
0.0102479
0.0102463
0.0102447
0.010243
0.0102412
0.0102393
0.0102372
0.0102351
0.0102329
0.0102305
0.010228
0.0102255
0.0102228
0.0102199
0.010217
0.0102141
0.010211
0.0102078
0.0102046
0.0102013
0.010198
0.0101947
0.0101913
0.010188
0.0101847
0.0101814
0.0101782
0.010175
0.010172
0.010169
0.0101661
0.0101634
0.0101607
0.0101582
0.0101558
0.0101535
0.0101515
0.0101495
0.0101476
0.010146
0.0101444
0.0101431
0.0101418
0.0101407
0.0101397
0.0101388
0.010138
0.0101373
0.0101367
0.0101362
0.0101358
0.0101354
0.0101351
0.0101349
0.0101347
0.0101345
0.0101344
0.0101343
0.0101341
0.010134
0.0101339
0.0101337
0.0101336
0.0101334
0.0101332
0.0101329
0.0101327
0.0101324
0.010132
0.0101317
0.0101313
0.0101308
0.0101303
0.0101298
0.0101293
0.0101288
0.0101282
0.0101276
0.0101271
0.0101265
0.0101259
0.0101253
0.0101247
0.0101241
0.0101235
0.0101229
0.0101224
0.0101219
0.0101215
0.0101211
0.0101208
0.0101205
0.0101202
0.0101201
0.01012
0.01012
0.0101201
0.0101203
0.0101205
0.0101209
0.0101213
0.0101218
0.0101225
0.0101232
0.010124
0.0101249
0.0101258
0.0101269
0.010128
0.0101292
0.0101305
0.0101318
0.0101332
0.0101347
0.0101362
0.0101378
0.0101394
0.0101411
0.0101428
0.0101446
0.0101464
0.0101484
0.0101503
0.0101524
0.0101545
0.0101566
0.0101589
0.0101611
0.0101635
0.0101659
0.0101683
0.0101708
0.0101732
0.0101757
0.0101783
0.0101808
0.0101833
0.0101858
0.0101883
0.0101907
0.0101931
0.0101954
0.0101976
0.0101998
0.0102019
0.0102039
0.0102058
0.0102076
0.0102094
0.010211
0.0102126
0.0102141
0.0102156
0.010217
0.0102183
0.0102196
0.0102208
0.010222
0.0102232
0.0102244
0.0102255
0.0102266
0.0102277
0.0102288
0.0102298
0.0102309
0.010232
0.0102332
0.0102343
0.0102353
0.0102364
0.0102375
0.0102385
0.0102395
0.0102405
0.0102414
0.0102422
0.010243
0.0102437
0.0102442
0.0102448
0.0102452
0.0102455
0.0102456
0.0102457
0.0102457
0.0102455
0.0102452
0.0102448
0.0102443
0.0102436
0.0102429
0.0102421
0.0102412
0.0102403
0.0102392
0.0102382
0.010237
0.0102359
0.0102348
0.0102336
0.0102325
0.0102314
0.0102304
0.0102293
0.0102284
0.0102275
0.0102267
0.010226
0.0102254
0.0102249
0.0102245
0.0102242
0.0102239
0.0102238
0.0102238
0.0102238
0.0102239
0.0102241
0.0102244
0.0102248
0.0102252
0.0102256
0.0102261
0.0102266
0.0102271
0.0102276
0.0102281
0.0102285
0.0102289
0.0102292
0.0102295
0.0102296
0.0102297
0.0102296
0.0102295
0.0102292
0.0102288
0.0102282
0.0102275
0.0102267
0.0102258
0.0102247
0.0102235
0.0102222
0.0102209
0.0102194
0.0102178
0.0102162
0.0102146
0.0102128
0.0102111
0.0102093
0.0102075
0.0102057
0.0102039
0.0102022
0.0102004
0.0101988
0.0101971
0.0101955
0.0101939
0.0101924
0.010191
0.0101896
0.0101882
0.010187
0.0101858
0.0101846
0.0101835
0.0101825
0.0101814
0.0101805
0.0101797
0.0101788
0.0101781
0.0101774
0.0101768
0.0101763
0.0101758
0.0101754
0.0101751
0.0101748
0.0101746
0.0101745
0.0101745
0.0101746
0.0101748
0.010175
0.0101754
0.0101758
0.0101763
0.0101768
0.0101775
0.0101782
0.010179
0.0101799
0.0101808
0.0101818
0.0101828
0.0101838
0.0101849
0.010186
0.0101872
0.0101883
0.0101895
0.0101907
0.0101918
0.010193
0.0101942
0.0101954
0.0101965
0.0101976
0.0101987
0.0101998
0.0102009
0.0102019
0.0102029
0.0102039
0.0102048
0.0102058
0.0102066
0.0102075
0.0102083
0.0102091
0.0102098
0.0102105
0.0102112
0.0102118
0.0102123
0.0102128
0.0102133
0.0102136
0.010214
0.0102142
0.0102144
0.0102145
0.0102146
0.0102146
0.0102145
0.0102143
0.0102141
0.0102138
0.0102134
0.0102131
0.0102126
0.0102122
0.0102117
0.0102112
0.0102106
0.0102101
0.0102095
0.0102089
0.0102084
0.0102079
0.0102074
0.010207
0.0102065
0.0102061
0.0102058
0.0102054
0.0102051
0.0102048
0.0102046
0.0102044
0.0102043
0.0102042
0.0102041
0.010204
0.010204
0.010204
0.0102041
0.0102043
0.0102045
0.0102047
0.010205
0.0102053
0.0102058
0.0102063
0.0102069
0.0102075
0.0102082
0.0102091
0.01021
0.010211
0.010212
0.0102131
0.0102144
0.0102157
0.010217
0.0102185
0.0102199
0.0102214
0.010223
0.0102246
0.0102261
0.0102277
0.0102293
0.0102308
0.0102323
0.0102337
0.010235
0.0102362
0.0102373
0.0102383
0.0102392
0.0102399
0.0102404
0.0102408
0.010241
0.010241
0.0102408
0.0102404
0.0102397
0.0102389
0.0102378
0.0102366
0.0102351
0.0102335
0.0102317
0.0102297
0.0102275
0.0102252
0.0102227
0.0102201
0.0102175
0.0102148
0.010212
0.0102091
0.0102063
0.0102034
0.0102006
0.0101977
0.0101949
0.0101921
0.0101894
0.0101867
0.0101842
0.0101817
0.0101793
0.0101769
0.0101747
0.0101726
0.0101705
0.0101685
0.0101665
0.0101647
0.0101629
0.0101612
0.0101595
0.0101579
0.0101564
0.0101548
0.0101533
0.0101519
0.0101504
0.010149
0.0101476
0.0101462
0.0101449
0.0101436
0.0101423
0.010141
0.0101398
0.0101387
0.0101375
0.0101364
0.0101354
0.0101345
0.0101337
0.0101329
0.0101322
0.0101316
0.0101311
0.0101306
0.0101302
0.01013
0.0101298
0.0101296
0.0101296
0.0101296
0.0101297
0.0101298
0.01013
0.0101303
0.0101306
0.0101309
0.0101312
0.0101316
0.010132
0.0101324
0.0101329
0.0101334
0.0101338
0.0101343
0.0101348
0.0101353
0.0101358
0.0101363
0.0101368
0.0101373
0.0101379
0.0101384
0.0101389
0.0101394
0.0101399
0.0101403
0.0101408
0.0101412
0.0101415
0.0101418
0.010142
0.0101422
0.0101423
0.0101423
0.0101422
0.010142
0.0101417
0.0101413
0.0101408
0.0101401
0.0101394
0.0101385
0.0101375
0.0101364
0.0101352
0.010134
0.0101327
0.0101313
0.0101299
0.0101285
0.010127
0.0101256
0.0101243
0.010123
0.0101218
0.0101208
0.0101199
0.0101192
0.0101187
0.0101183
0.0101182
0.0101184
0.0101188
0.0101195
0.0101204
0.0101217
0.0101232
0.010125
0.010127
0.0101294
0.010132
0.0101348
0.0101378
0.010141
0.0101444
0.010148
0.0101517
0.0101555
0.0101594
0.0101634
0.0101674
0.0101714
0.0101753
0.0101792
0.0101831
0.0101869
0.0101905
0.0101941
0.0101975
0.0102008
0.0102038
0.0102067
0.0102095
0.010212
0.0102143
0.0102163
0.0102181
0.0102197
0.0102211
0.0102223
0.0102232
0.0102239
0.0102244
0.0102246
0.0102247
0.0102246
0.0102243
0.0102238
0.0102231
0.0102223
0.0102214
0.0102204
0.0102193
0.0102182
0.010217
0.0102158
0.0102147
0.0102136
0.0102125
0.0102116
0.0102108
0.0102101
0.0102095
0.0102091
0.010209
0.010209
0.0102092
0.0102097
0.0102103
0.0102112
0.0102123
0.0102136
0.0102151
0.0102168
0.0102187
0.0102208
0.0102229
0.0102253
0.0102277
0.0102303
0.0102329
0.0102356
0.0102384
0.0102412
0.010244
0.0102468
0.0102496
0.0102525
0.0102553
0.0102581
0.0102609
0.0102637
0.0102664
0.0102691
0.0102718
0.0102746
0.0102774
0.0102801
0.0102829
0.0102858
0.0102887
0.0102916
0.0102947
0.0102978
0.0103011
0.0103044
0.0103078
0.0103114
0.0103151
0.0103189
0.0103229
0.0103269
0.0103311
0.0103355
0.0103399
0.0103444
0.0103491
0.0103537
0.0103585
0.0103633
0.0103681
0.010373
0.0103778
0.0103827
0.0103875
0.0103922
0.010397
0.0104016
0.0104061
0.0104106
0.0104149
0.0104191
0.0104232
0.0104271
0.0104309
0.0104345
0.010438
0.0104413
0.0104445
0.0104475
0.0104503
0.0104529
0.0104554
0.0104577
0.0104599
0.010462
0.0104638
0.0104656
0.0104672
0.0104687
0.0104701
0.0104713
0.0104725
0.0104735
0.0104745
0.0104754
0.0104762
0.0104769
0.0104775
0.0104781
0.0104786
0.010479
0.0104792
0.0104795
0.0104797
0.0104797
0.0104797
0.0104796
0.0104795
0.0104793
0.0104789
0.0104785
0.010478
0.0104775
0.0104768
0.0104761
0.0104753
0.0104745
0.0104736
0.0104727
0.0104717
0.0104708
0.0104698
0.0104688
0.0104678
0.0104669
0.0104661
0.0104652
0.0104645
0.0104638
0.0104631
0.0104625
0.010462
0.0104615
0.0104611
0.0104608
0.0104605
0.0104602
0.01046
0.0104599
0.0104597
0.0104595
0.0104593
0.0104591
0.0104589
0.0104586
0.0104582
0.0104578
0.0104572
0.0104566
0.0104559
0.0104551
0.0104542
0.0104532
0.010452
0.0104508
0.0104494
0.0104478
0.0104461
0.0104443
0.0104423
0.0104403
0.0104381
0.0104357
0.0104332
0.0104306
0.0104279
0.010425
0.0104221
0.010419
0.0104159
0.0104127
0.0104095
0.0104062
0.0104029
0.0103995
0.0103962
0.0103929
0.0103896
0.0103864
0.0103833
0.0103803
0.0103774
0.0103747
0.0103721
0.0103698
0.0103676
0.0103657
0.0103639
0.0103625
0.0103612
0.0103602
0.0103595
0.0103591
0.0103589
0.010359
0.0103594
0.01036
0.0103609
0.010362
0.0103633
0.0103648
0.0103664
0.0103683
0.0103702
0.0103723
0.0103746
0.0103768
0.0103791
0.0103815
0.0103839
0.0103862
0.0103886
0.0103909
0.0103932
0.0103954
0.0103975
0.0103995
0.0104015
0.0104033
0.0104051
0.0104067
0.0104082
0.0104097
0.010411
0.0104122
0.0104133
0.0104143
0.0104153
0.0104162
0.010417
0.0104177
0.0104184
0.0104191
0.0104197
0.0104203
0.0104208
0.0104213
0.0104218
0.0104223
0.0104228
0.0104232
0.0104236
0.010424
0.0104244
0.0104247
0.0104249
0.0104252
0.0104254
0.0104256
0.0104257
0.0104258
0.0104258
0.0104257
0.0104256
0.0104254
0.0104252
0.0104249
0.0104246
0.0104243
0.010424
0.0104236
0.0104232
0.0104227
0.0104223
0.010422
0.0104216
0.0104214
0.0104211
0.0104209
0.0104208
0.0104207
0.0104207
0.0104209
0.0104211
0.0104214
0.0104219
0.0104225
0.0104232
0.010424
0.010425
0.010426
0.0104272
0.0104284
0.0104298
0.0104313
0.0104329
0.0104345
0.0104363
0.0104381
0.0104399
0.0104418
0.0104438
0.0104458
0.0104478
0.0104499
0.0104519
0.010454
0.0104561
0.0104582
0.0104603
0.0104623
0.0104644
0.0104665
0.0104685
0.0104706
0.0104726
0.0104747
0.0104767
0.0104788
0.0104809
0.010483
0.0104851
0.0104873
0.0104894
0.0104917
0.0104939
0.0104962
0.0104985
0.0105009
0.0105034
0.0105058
0.0105083
0.0105108
0.0105134
0.010516
0.0105186
0.0105212
0.0105239
0.0105265
0.0105292
0.0105318
0.0105345
0.0105371
0.0105398
0.0105424
0.010545
0.0105474
0.0105499
0.0105523
0.0105548
0.0105571
0.0105593
0.0105616
0.0105637
0.0105658
0.0105678
0.0105698
0.0105717
0.0105735
0.0105753
0.0105771
0.0105788
0.0105805
0.0105822
0.0105838
0.0105854
0.010587
0.0105886
0.0105901
0.0105917
0.0105932
0.0105948
0.0105963
0.0105979
0.0105994
0.0106009
0.0106024
0.010604
0.0106054
0.0106069
0.0106083
0.0106097
0.0106111
0.0106124
0.0106137
0.010615
0.0106161
0.0106173
0.0106184
0.0106194
0.0106204
0.0106213
0.0106222
0.0106229
0.0106236
0.0106242
0.0106247
0.0106251
0.0106254
0.0106256
0.0106256
0.0106256
0.0106253
0.010625
0.0106245
0.0106239
0.0106231
0.0106222
0.0106211
0.0106198
0.0106184
0.0106169
0.0106152
0.0106134
0.0106114
0.0106093
0.0106071
0.0106047
0.0106023
0.0105997
0.0105971
0.0105943
0.0105915
0.0105886
0.0105856
0.0105825
0.0105794
0.0105762
0.010573
0.0105697
0.0105663
0.0105629
0.0105595
0.0105559
0.0105524
0.0105488
0.0105451
0.0105414
0.0105376
0.0105338
0.01053
0.0105261
0.0105222
0.0105183
0.0105144
0.0105105
0.0105065
0.0105025
0.0104986
0.0104946
0.0104907
0.0104869
0.0104831
0.0104793
0.0104756
0.0104719
0.0104684
0.0104649
0.0104615
0.0104582
0.0104549
0.0104517
0.0104487
0.0104457
0.0104428
0.0104399
0.0104371
0.0104344
0.0104318
0.0104292
0.0104266
0.0104241
0.0104216
0.0104191
0.0104166
0.0104142
0.0104117
0.0104092
0.0104067
0.0104041
0.0104015
0.0103989
0.0103962
0.0103935
0.0103907
0.0103879
0.010385
0.010382
0.010379
0.0103759
0.0103727
0.0103695
0.0103661
0.0103628
0.0103593
0.0103558
0.0103523
0.0103486
0.010345
0.0103412
0.0103375
0.0103337
0.0103299
0.010326
0.0103222
0.0103184
0.0103146
0.0103108
0.0103071
0.0103034
0.0102997
0.0102962
0.0102927
0.0102893
0.0102859
0.0102827
0.0102796
0.0102767
0.0102738
0.0102711
0.0102685
0.0102661
0.0102638
0.0102617
0.0102597
0.0102578
0.0102561
0.0102545
0.010253
0.0102517
0.0102505
0.0102494
0.0102485
0.0102477
0.0102469
0.0102463
0.0102458
0.0102454
0.0102452
0.010245
0.010245
0.0102451
0.0102453
0.0102457
0.0102462
0.0102469
0.0102478
0.0102489
0.0102501
0.0102516
0.0102532
0.0102551
0.0102572
0.0102595
0.0102621
0.0102648
0.0102678
0.010271
0.0102745
0.0102781
0.0102819
0.0102859
0.01029
0.0102943
0.0102988
0.0103034
0.010308
0.0103128
0.0103177
0.0103226
0.0103275
0.0103325
0.0103375
0.0103424
0.0103474
0.0103522
0.0103571
0.0103619
0.0103666
0.0103712
0.0103757
0.0103802
0.0103844
0.0103886
0.0103926
0.0103965
0.0104002
0.0104037
0.0104072
0.0104104
0.0104135
0.0104164
0.0104191
0.0104216
0.010424
0.0104263
0.0104284
0.0104303
0.010432
0.0104336
0.0104351
0.0104365
0.0104377
0.0104388
0.0104398
0.0104407
0.0104415
0.0104423
0.010443
0.0104436
0.0104442
0.0104447
0.0104453
0.0104458
0.0104462
0.0104467
0.0104471
0.0104475
0.010448
0.0104484
0.0104488
0.0104492
0.0104496
0.01045
0.0104503
0.0104507
0.0104509
0.0104512
0.0104513
0.0104515
0.0104515
0.0104514
0.0104513
0.010451
0.0104507
0.0104502
0.0104496
0.0104489
0.0104481
0.0104471
0.010446
0.0104448
0.0104434
0.0104419
0.0104403
0.0104385
0.0104367
0.0104347
0.0104326
0.0104305
0.0104282
0.0104259
0.0104236
0.0104211
0.0104186
0.0104161
0.0104135
0.0104108
0.0104082
0.0104054
0.0104027
0.0103999
0.0103971
0.0103942
0.0103913
0.0103883
0.0103854
0.0103823
0.0103792
0.010376
0.0103728
0.0103695
0.010366
0.0103625
0.010359
0.0103553
0.0103515
0.0103477
0.0103437
0.0103397
0.0103356
0.0103314
0.0103271
0.0103228
0.0103184
0.0103139
0.0103094
0.0103048
0.0103003
0.0102957
0.0102911
0.0102865
0.0102819
0.0102773
0.0102728
0.0102682
0.0102638
0.0102593
0.0102549
0.0102506
0.0102463
0.010242
0.0102377
0.0102336
0.0102294
0.0102253
0.0102212
0.0102171
0.0102131
0.0102091
0.0102051
0.0102011
0.0101971
0.0101932
0.0101892
0.0101852
0.0101813
0.0101774
0.0101735
0.0101696
0.0101657
0.0101618
0.010158
0.0101543
0.0101506
0.0101469
0.0101434
0.01014
0.0101367
0.0101335
0.0101305
0.0101277
0.010125
0.0101225
0.0101203
0.0101183
0.0101165
0.010115
0.0101137
0.0101127
0.010112
0.0101115
0.0101113
0.0101115
0.0101119
0.0101125
0.0101135
0.0101146
0.0101161
0.0101177
0.0101197
0.0101218
0.0101241
0.0101266
0.0101293
0.0101322
0.0101352
0.0101383
0.0101416
0.0101449
0.0101484
0.0101519
0.0101555
0.0101591
0.0101628
0.0101664
0.0101701
0.0101738
0.0101774
0.010181
0.0101845
0.010188
0.0101914
0.0101948
0.010198
0.0102012
0.0102042
0.0102071
0.0102099
0.0102126
0.0102151
0.0102175
0.0102198
0.0102219
0.0102239
0.0102258
0.0102276
0.0102292
0.0102308
0.0102322
0.0102335
0.0102349
0.0102361
0.0102373
0.0102385
0.0102397
0.0102409
0.0102422
0.0102435
0.010245
0.0102465
0.0102482
0.01025
0.010252
0.0102542
0.0102567
0.0102593
0.0102623
0.0102655
0.010269
0.0102728
0.0102769
0.0102813
0.010286
0.0102911
0.0102964
0.0103021
0.0103081
0.0103144
0.010321
0.0103278
0.0103349
0.0103422
0.0103496
0.0103573
0.0103651
0.010373
0.010381
0.010389
0.0103971
0.0104051
0.010413
0.0104208
0.0104284
0.0104359
0.0104432
0.0104502
0.0104569
0.0104633
0.0104694
0.0104752
0.0104805
0.0104855
0.01049
0.0104942
0.0104979
0.0105012
0.0105041
0.0105066
0.0105087
0.0105103
0.0105116
0.0105126
0.0105132
0.0105135
0.0105136
0.0105134
0.0105129
0.0105123
0.0105115
0.0105105
0.0105095
0.0105083
0.0105071
0.0105058
0.0105044
0.0105031
0.0105018
0.0105004
0.0104992
0.010498
0.0104969
0.0104958
0.0104949
0.010494
0.0104932
0.0104926
0.010492
0.0104916
0.0104913
0.010491
0.0104909
0.0104909
0.010491
0.0104912
0.0104915
0.0104919
0.0104923
0.0104929
0.0104935
0.0104941
0.0104948
0.0104955
0.0104962
0.010497
0.0104977
0.0104985
0.0104992
0.0104999
0.0105005
0.0105011
0.0105016
0.010502
0.0105024
0.0105027
0.0105029
0.010503
0.0105031
0.010503
0.0105028
0.0105024
0.010502
0.0105015
0.0105008
0.0105
0.010499
0.0104978
0.0104965
0.010495
0.0104933
0.0104915
0.0104894
0.0104871
0.0104846
0.0104819
0.0104789
0.0104757
0.0104723
0.0104686
0.0104647
0.0104606
0.0104562
0.0104516
0.0104469
0.0104419
0.0104367
0.0104313
0.0104258
0.0104201
0.0104143
0.0104085
0.0104025
0.0103964
0.0103903
0.0103842
0.010378
0.0103718
0.0103657
0.0103595
0.0103534
0.0103473
0.0103413
0.0103353
0.0103294
0.0103236
0.0103179
0.0103123
0.0103067
0.0103012
0.0102959
0.0102906
0.0102855
0.0102804
0.0102755
0.0102706
0.0102659
0.0102613
0.0102568
0.0102524
0.0102482
0.010244
0.01024
0.0102361
0.0102324
0.0102289
0.0102255
0.0102223
0.0102192
0.0102164
0.0102137
0.0102112
0.0102089
0.0102068
0.0102049
0.0102032
0.0102017
0.0102003
0.0101991
0.0101981
0.0101973
0.0101965
0.0101959
0.0101954
0.0101948
0.0101944
0.010194
0.0101936
0.0101933
0.0101929
0.0101924
0.0101919
0.0101914
0.0101908
0.0101901
0.0101893
0.0101885
0.0101875
0.0101865
0.0101854
0.0101842
0.010183
0.0101816
0.0101801
0.0101786
0.0101771
0.0101755
0.0101739
0.0101722
0.0101705
0.0101689
0.0101672
0.0101656
0.0101641
0.0101625
0.0101611
0.0101597
0.0101585
0.0101574
0.0101564
0.0101556
0.0101549
0.0101543
0.0101539
0.0101537
0.0101537
0.0101538
0.0101541
0.0101546
0.0101553
0.0101562
0.0101572
0.0101583
0.0101596
0.010161
0.0101626
0.0101642
0.010166
0.0101679
0.0101699
0.0101719
0.0101741
0.0101764
0.0101787
0.0101811
0.0101835
0.0101861
0.0101887
0.0101914
0.0101941
0.010197
0.0101999
0.0102028
0.0102059
0.010209
0.0102121
0.0102153
0.0102186
0.0102219
0.0102253
0.0102286
0.010232
0.0102355
0.0102389
0.0102424
0.0102458
0.0102492
0.0102525
0.0102559
0.0102591
0.0102623
0.0102654
0.0102684
0.0102714
0.0102742
0.0102769
0.0102795
0.0102819
0.0102842
0.0102863
0.0102883
0.0102901
0.0102918
0.0102933
0.0102946
0.0102958
0.0102968
0.0102976
0.0102983
0.0102988
0.0102992
0.0102995
0.0102996
0.0102996
0.0102995
0.0102993
0.010299
0.0102987
0.0102982
0.0102978
0.0102973
0.0102967
0.0102961
0.0102955
0.0102949
0.0102943
0.0102938
0.0102932
0.0102927
0.0102922
0.0102919
0.0102916
0.0102913
0.0102911
0.010291
0.010291
0.0102911
0.0102913
0.0102916
0.010292
0.0102924
0.010293
0.0102937
0.0102944
0.0102952
0.0102961
0.010297
0.010298
0.0102991
0.0103002
0.0103013
0.0103024
0.0103035
0.0103047
0.0103057
0.0103068
0.0103078
0.0103087
0.0103095
0.0103102
0.0103108
0.0103113
0.0103117
0.0103119
0.010312
0.010312
0.0103118
0.0103114
0.0103108
0.0103101
0.0103092
0.0103082
0.010307
0.0103056
0.0103041
0.0103024
0.0103006
0.0102987
0.0102967
0.0102945
0.0102923
0.01029
0.0102876
0.0102851
0.0102826
0.0102801
0.0102776
0.010275
0.0102724
0.0102699
0.0102673
0.0102648
0.0102623
0.0102598
0.0102574
0.010255
0.0102526
0.0102503
0.0102481
0.0102458
0.0102436
0.0102414
0.0102393
0.0102372
0.0102351
0.010233
0.0102309
0.0102288
0.0102268
0.0102247
0.0102226
0.0102205
0.0102184
0.0102163
0.0102142
0.010212
0.0102098
0.0102076
0.0102053
0.0102031
0.0102008
0.0101986
0.0101963
0.010194
0.0101918
0.0101896
0.0101874
0.0101852
0.0101831
0.0101811
0.0101791
0.0101771
0.0101753
0.0101735
0.0101719
0.0101703
0.0101688
0.0101674
0.0101661
0.0101649
0.0101639
0.0101629
0.010162
0.0101613
0.0101606
0.0101601
0.0101596
0.0101592
0.0101589
0.0101587
0.0101585
0.0101585
0.0101585
0.0101586
0.0101588
0.010159
0.0101593
0.0101596
0.0101601
0.0101606
0.0101612
0.0101618
0.0101626
0.0101634
0.0101642
0.0101652
0.0101663
0.0101675
0.0101688
0.0101701
0.0101716
0.0101732
0.0101749
0.0101767
0.0101785
0.0101805
0.0101825
0.0101846
0.0101867
0.010189
0.0101913
0.0101937
0.0101961
0.0101986
0.0102012
0.0102037
0.0102064
0.0102091
0.0102118
0.0102145
0.0102173
0.0102201
0.0102229
0.0102257
0.0102286
0.0102315
0.0102344
0.0102373
0.0102403
0.0102432
0.0102461
0.010249
0.0102519
0.0102549
0.0102578
0.0102606
0.0102635
0.0102663
0.0102691
0.0102718
0.0102744
0.0102771
0.0102797
0.0102822
0.0102846
0.0102869
0.0102892
0.0102913
0.0102934
0.0102953
0.0102971
0.0102988
0.0103003
0.0103017
0.010303
0.0103041
0.010305
0.0103058
0.0103065
0.0103069
0.0103072
0.0103074
0.0103074
0.0103072
0.0103068
0.0103064
0.0103058
0.010305
0.0103043
0.0103034
0.0103024
0.0103014
0.0103003
0.0102992
0.0102982
0.0102971
0.0102962
0.0102953
0.0102944
0.0102937
0.0102931
0.0102926
0.0102924
0.0102923
0.0102924
0.0102927
0.0102932
0.010294
0.010295
0.0102963
0.0102978
0.0102996
0.0103016
0.0103038
0.0103063
0.0103091
0.010312
0.0103151
0.0103185
0.010322
0.0103257
0.0103296
0.0103336
0.0103377
0.010342
0.0103463
0.0103506
0.0103551
0.0103596
0.0103641
0.0103686
0.0103731
0.0103775
0.010382
0.0103864
0.0103907
0.0103949
0.0103991
0.0104031
0.010407
0.0104109
0.0104146
0.0104181
0.0104215
0.0104248
0.010428
0.010431
0.0104339
0.0104365
0.010439
0.0104414
0.0104436
0.0104457
0.0104476
0.0104494
0.0104511
0.0104527
0.0104541
0.0104555
0.0104568
0.010458
0.0104591
0.0104603
0.0104614
0.0104626
0.0104637
0.0104649
0.0104662
0.0104676
0.010469
0.0104706
0.0104722
0.010474
0.0104759
0.010478
0.0104803
0.0104826
0.0104852
0.0104879
0.0104907
0.0104936
0.0104967
0.0104998
0.010503
0.0105062
0.0105095
0.0105127
0.0105159
0.010519
0.0105219
0.0105247
0.0105273
0.0105297
0.0105319
0.0105337
0.0105353
0.0105365
0.0105373
0.0105377
0.0105378
0.0105374
0.0105367
0.0105355
0.0105339
0.0105319
0.0105296
0.0105268
0.0105237
0.0105203
0.0105166
0.0105126
0.0105084
0.0105039
0.0104993
0.0104945
0.0104897
0.0104848
0.0104798
0.0104749
0.0104699
0.010465
0.0104602
0.0104555
0.0104509
0.0104464
0.0104421
0.0104379
0.0104338
0.0104299
0.0104262
0.0104226
0.0104191
0.0104158
0.0104126
0.0104095
0.0104065
0.0104037
0.0104009
0.0103982
0.0103955
0.0103929
0.0103904
0.0103879
0.0103854
0.0103829
0.0103804
0.0103779
0.0103754
0.0103729
0.0103704
0.0103678
0.0103653
0.0103626
0.01036
0.0103573
0.0103545
0.0103517
0.0103489
0.0103459
0.0103428
0.0103397
0.0103366
0.0103333
0.01033
0.0103266
0.0103232
0.0103196
0.0103159
0.0103122
0.0103084
0.0103045
0.0103006
0.0102966
0.0102925
0.0102884
0.0102842
0.01028
0.0102758
0.0102716
0.0102674
0.0102631
0.0102589
0.0102546
0.0102504
0.0102462
0.010242
0.0102379
0.0102339
0.0102299
0.0102259
0.0102221
0.0102183
0.0102146
0.010211
0.0102076
0.0102043
0.010201
0.0101979
0.010195
0.0101921
0.0101894
0.0101868
0.0101844
0.0101821
0.01018
0.0101781
0.0101763
0.0101747
0.0101733
0.010172
0.010171
0.0101701
0.0101695
0.010169
0.0101687
0.0101687
0.0101688
0.0101692
0.0101698
0.0101706
0.0101716
0.0101728
0.0101743
0.0101759
0.0101778
0.0101798
0.0101821
0.0101845
0.0101871
0.0101899
0.0101929
0.0101959
0.0101991
0.0102024
0.0102058
0.0102092
0.0102127
0.0102163
0.0102198
0.0102233
0.0102269
0.0102303
0.0102338
0.0102371
0.0102404
0.0102436
0.0102466
0.0102495
0.0102523
0.0102549
0.0102573
0.0102596
0.0102617
0.0102636
0.0102653
0.0102669
0.0102682
0.0102694
0.0102704
0.0102712
0.0102718
0.0102723
0.0102725
0.0102726
0.0102726
0.0102723
0.0102719
0.0102713
0.0102706
0.0102697
0.0102687
0.0102675
0.0102662
0.0102647
0.0102632
0.0102614
0.0102596
0.0102577
0.0102557
0.0102535
0.0102513
0.010249
0.0102466
0.0102442
0.0102417
0.0102392
0.0102367
0.0102342
0.0102317
0.0102293
0.0102269
0.0102245
0.0102223
0.0102202
0.0102181
0.0102162
0.0102144
0.0102128
0.0102113
0.01021
0.0102088
0.0102078
0.010207
0.0102064
0.0102059
0.0102055
0.0102053
0.0102052
0.0102053
0.0102055
0.0102058
0.0102062
0.0102067
0.0102072
0.0102078
0.0102084
0.0102091
0.0102097
0.0102105
0.0102111
0.0102119
0.0102125
0.0102132
0.0102138
0.0102144
0.0102149
0.0102154
0.0102159
0.0102162
0.0102165
0.0102168
0.0102169
0.0102171
0.0102171
0.0102171
0.010217
0.0102169
0.0102167
0.0102164
0.010216
0.0102156
0.0102151
0.0102146
0.0102141
0.0102135
0.0102129
0.0102123
0.0102117
0.010211
0.0102104
0.0102099
0.0102093
0.0102088
0.0102084
0.010208
0.0102077
0.0102075
0.0102075
0.0102075
0.0102076
0.0102079
0.0102083
0.0102089
0.0102096
0.0102104
0.0102113
0.0102124
0.0102137
0.010215
0.0102165
0.0102181
0.0102197
0.0102214
0.0102232
0.0102251
0.010227
0.0102289
0.0102309
0.0102329
0.0102348
0.0102368
0.0102387
0.0102406
0.0102425
0.0102444
0.0102462
0.0102479
0.0102495
0.0102511
0.0102527
0.0102542
0.0102556
0.0102569
0.0102581
0.0102594
0.0102605
0.0102616
0.0102627
0.0102638
0.0102648
0.0102657
0.0102667
0.0102676
0.0102685
0.0102694
0.0102703
0.0102712
0.0102721
0.0102731
0.010274
0.0102751
0.0102761
0.0102773
0.0102785
0.0102797
0.0102811
0.0102825
0.010284
0.0102857
0.0102874
0.0102893
0.0102913
0.0102935
0.0102958
0.0102983
0.010301
0.0103038
0.0103067
0.0103099
0.0103132
0.0103167
0.0103204
0.0103243
0.0103283
0.0103324
0.0103368
0.0103412
0.0103458
0.0103505
0.0103553
0.0103602
0.0103652
0.0103702
0.0103753
0.0103805
0.0103856
0.0103908
0.0103959
0.0104011
0.0104062
0.0104113
0.0104163
0.0104212
0.010426
0.0104308
0.0104355
0.01044
0.0104444
0.0104486
0.0104528
0.0104568
0.0104606
0.0104643
0.0104679
0.0104713
0.0104746
0.0104777
0.0104807
0.0104836
0.0104863
0.010489
0.0104915
0.010494
0.0104963
0.0104986
0.0105009
0.0105031
0.0105053
0.0105074
0.0105096
0.0105117
0.0105139
0.0105161
0.0105184
0.0105207
0.0105231
0.0105255
0.010528
0.0105307
0.0105334
0.0105362
0.0105391
0.0105421
0.0105451
0.0105483
0.0105516
0.0105549
0.0105583
0.0105617
0.0105652
0.0105688
0.0105723
0.0105759
0.0105795
0.0105831
0.0105866
0.0105902
0.0105936
0.0105971
0.0106004
0.0106036
0.0106068
0.0106099
0.0106129
0.0106158
0.0106185
0.0106212
0.0106238
0.0106262
0.0106286
0.0106309
0.0106331
0.0106352
0.0106373
0.0106393
0.0106413
0.0106433
0.0106452
0.0106472
0.0106491
0.0106511
0.0106531
0.0106552
0.0106573
0.0106594
0.0106616
0.0106639
0.0106662
0.0106686
0.010671
0.0106735
0.010676
0.0106787
0.0106813
0.010684
0.0106867
0.0106895
0.0106923
0.0106951
0.0106979
0.0107007
0.0107035
0.0107063
0.0107091
0.0107119
0.0107147
0.0107174
0.0107201
0.0107227
0.0107254
0.010728
0.0107305
0.010733
0.0107354
0.0107377
0.01074
0.0107422
0.0107443
0.0107463
0.0107483
0.0107501
0.0107518
0.0107535
0.0107551
0.0107565
0.0107578
0.010759
0.0107602
0.0107612
0.0107621
0.0107628
0.0107635
0.010764
0.0107644
0.0107647
0.0107648
0.0107649
0.0107649
0.0107648
0.0107645
0.0107642
0.0107637
0.0107631
0.0107624
0.0107617
0.0107608
0.0107598
0.0107588
0.0107576
0.0107564
0.0107551
0.0107537
0.0107523
0.0107507
0.0107491
0.0107474
0.0107457
0.0107438
0.010742
0.0107401
0.0107381
0.0107361
0.010734
0.0107318
0.0107297
0.0107275
0.0107252
0.0107229
0.0107206
0.0107182
0.0107158
0.0107133
0.0107109
0.0107083
0.0107058
0.0107032
0.0107006
0.010698
0.0106954
0.0106928
0.0106901
0.0106875
0.0106849
0.0106823
0.0106797
0.0106771
0.0106747
0.0106722
0.0106698
0.0106674
0.0106652
0.0106629
0.0106608
0.0106588
0.0106568
0.0106549
0.0106532
0.0106515
0.0106499
0.0106484
0.010647
0.0106457
0.0106446
0.0106435
0.0106424
0.0106415
0.0106406
0.0106399
0.0106391
0.0106385
0.0106378
0.0106373
0.0106367
0.0106362
0.0106358
0.0106353
0.0106348
0.0106343
0.0106337
0.0106332
0.0106327
0.010632
0.0106313
0.0106306
0.0106298
0.0106289
0.0106279
0.0106269
0.0106257
0.0106245
0.0106232
0.0106218
0.0106203
0.0106187
0.0106171
0.0106154
0.0106136
0.0106117
0.0106098
0.0106078
0.0106058
0.0106037
0.0106016
0.0105995
0.0105973
0.0105951
0.0105929
0.0105907
0.0105884
0.0105861
0.0105837
0.0105813
0.0105788
0.0105762
0.0105736
0.0105709
0.0105681
0.0105651
0.010562
0.0105588
0.0105555
0.010552
0.0105484
0.0105445
0.0105405
0.0105364
0.010532
0.0105275
0.0105228
0.010518
0.010513
0.0105078
0.0105025
0.0104971
0.0104916
0.0104861
0.0104804
0.0104747
0.010469
0.0104632
0.0104574
0.0104517
0.010446
0.0104403
0.0104347
0.0104292
0.0104238
0.0104184
0.0104131
0.010408
0.0104029
0.010398
0.0103931
0.0103884
0.0103838
0.0103792
0.0103748
0.0103704
0.0103661
0.0103619
0.0103577
0.0103536
0.0103495
0.0103454
0.0103413
0.0103373
0.0103332
0.0103292
0.0103251
0.010321
0.0103168
0.0103126
0.0103084
0.0103041
0.0102998
0.0102954
0.0102909
0.0102864
0.0102818
0.0102771
0.0102724
0.0102676
0.0102628
0.0102579
0.0102529
0.0102479
0.0102429
0.0102377
0.0102326
0.0102275
0.0102223
0.0102171
0.010212
0.0102068
0.0102018
0.0101968
0.0101918
0.010187
0.0101823
0.0101777
0.0101733
0.010169
0.0101649
0.010161
0.0101573
0.0101539
0.0101506
0.0101476
0.0101449
0.0101424
0.0101401
0.0101381
0.0101364
0.0101349
0.0101336
0.0101325
0.0101317
0.0101311
0.0101307
0.0101305
0.0101306
0.0101308
0.0101312
0.0101318
0.0101325
0.0101334
0.0101345
0.0101358
0.0101372
0.0101388
0.0101405
0.0101423
0.0101444
0.0101466
0.0101489
0.0101514
0.010154
0.0101568
0.0101597
0.0101628
0.010166
0.0101694
0.0101729
0.0101767
0.0101805
0.0101845
0.0101887
0.0101929
0.0101973
0.0102019
0.0102065
0.0102113
0.0102162
0.0102211
0.0102262
0.0102313
0.0102365
0.0102418
0.0102471
0.0102524
0.0102578
0.0102632
0.0102686
0.010274
0.0102794
0.0102847
0.01029
0.0102953
0.0103006
0.0103057
0.0103109
0.0103159
0.0103209
0.0103258
0.0103307
0.0103355
0.0103402
0.0103448
0.0103494
0.0103539
0.0103583
0.0103626
0.0103669
0.0103711
0.0103753
0.0103795
0.0103836
0.0103876
0.0103916
0.0103956
0.0103996
0.0104035
0.0104075
0.0104114
0.0104152
0.0104191
0.0104229
0.0104266
0.0104303
0.010434
0.0104375
0.0104409
0.0104442
0.0104475
0.0104505
0.0104534
0.0104561
0.0104586
0.0104608
0.0104629
0.0104647
0.0104662
0.0104674
0.0104684
0.0104691
0.0104695
0.0104695
0.0104693
0.0104688
0.010468
0.0104668
0.0104654
0.0104638
0.0104618
0.0104596
0.0104572
0.0104545
0.0104517
0.0104487
0.0104456
0.0104422
0.0104388
0.0104353
0.0104317
0.010428
0.0104243
0.0104206
0.0104169
0.0104132
0.0104096
0.010406
0.0104026
0.0103992
0.0103959
0.0103927
0.0103897
0.0103868
0.010384
0.0103814
0.0103789
0.0103766
0.0103745
0.0103725
0.0103706
0.0103689
0.0103674
0.0103661
0.0103648
0.0103638
0.0103629
0.0103621
0.0103615
0.010361
0.0103606
0.0103605
0.0103604
0.0103605
0.0103607
0.0103611
0.0103617
0.0103623
0.0103631
0.0103641
0.0103652
0.0103664
0.0103678
0.0103693
0.010371
0.0103728
0.0103748
0.0103769
0.0103791
0.0103815
0.0103839
0.0103865
0.0103892
0.010392
0.010395
0.010398
0.0104011
0.0104042
0.0104075
0.0104108
0.0104142
0.0104176
0.0104211
0.0104245
0.010428
0.0104314
0.0104349
0.0104383
0.0104416
0.0104449
0.0104481
0.0104512
0.0104543
0.0104572
0.01046
0.0104626
0.0104651
0.0104674
0.0104696
0.0104716
0.0104734
0.010475
0.0104765
0.0104777
0.0104788
0.0104797
0.0104804
0.0104809
0.0104813
0.0104815
0.0104816
0.0104815
0.0104813
0.010481
0.0104805
0.01048
0.0104795
0.0104788
0.0104782
0.0104774
0.0104766
0.0104758
0.010475
0.0104742
0.0104734
0.0104726
0.0104718
0.010471
0.0104702
0.0104694
0.0104686
0.0104679
0.0104671
0.0104665
0.0104658
0.0104651
0.0104645
0.0104639
0.0104633
0.0104628
0.0104624
0.0104619
0.0104616
0.0104614
0.0104612
0.0104611
0.010461
0.0104611
0.0104613
0.0104615
0.0104619
0.0104623
0.0104629
0.0104636
0.0104644
0.0104652
0.0104662
0.0104672
0.0104683
0.0104694
0.0104707
0.0104719
0.0104732
0.0104744
0.0104757
0.010477
0.0104782
0.0104794
0.0104806
0.0104818
0.0104828
0.0104839
0.0104848
0.0104857
0.0104865
0.0104872
0.0104879
0.0104884
0.0104889
0.0104894
0.0104898
0.0104901
0.0104903
0.0104906
0.0104907
0.0104908
0.0104909
0.010491
0.010491
0.0104911
0.0104912
0.0104913
0.0104914
0.0104915
0.0104916
0.0104918
0.010492
0.0104922
0.0104924
0.0104927
0.010493
0.0104933
0.0104936
0.0104939
0.0104942
0.0104944
0.0104948
0.010495
0.0104953
0.0104955
0.0104957
0.0104959
0.010496
0.0104961
0.0104963
0.0104963
0.0104964
0.0104965
0.0104965
0.0104965
0.0104966
0.0104966
0.0104966
0.0104965
0.0104966
0.0104966
0.0104966
0.0104966
0.0104967
0.0104968
0.0104969
0.0104971
0.0104972
0.0104974
0.0104976
0.0104979
0.0104983
0.0104987
0.0104991
0.0104996
0.0105002
0.0105009
0.0105016
0.0105024
0.0105032
0.0105042
0.0105052
0.0105063
0.0105075
0.0105087
0.01051
0.0105115
0.0105129
0.0105145
0.0105161
0.0105178
0.0105195
0.0105212
0.010523
0.0105249
0.0105267
0.0105285
0.0105303
0.010532
0.0105337
0.0105353
0.0105368
0.0105382
0.0105395
0.0105407
0.0105417
0.0105425
0.010543
0.0105434
0.0105436
0.0105435
0.0105432
0.0105427
0.0105419
0.0105409
0.0105397
0.0105382
0.0105364
0.0105345
0.0105323
0.01053
0.0105274
0.0105247
0.0105218
0.0105189
0.0105157
0.0105125
0.0105092
0.0105058
0.0105024
0.0104989
0.0104954
0.0104919
0.0104884
0.0104849
0.0104815
0.010478
0.0104747
0.0104714
0.0104681
0.0104649
0.0104618
0.0104587
0.0104558
0.0104529
0.0104502
0.0104475
0.010445
0.0104425
0.0104401
0.0104379
0.0104357
0.0104337
0.0104317
0.0104299
0.0104281
0.0104265
0.0104249
0.0104235
0.0104221
0.0104207
0.0104195
0.0104183
0.0104171
0.010416
0.0104149
0.0104138
0.0104127
0.0104115
0.0104103
0.0104091
0.0104078
0.0104065
0.0104051
0.0104035
0.0104019
0.0104002
0.0103983
0.0103964
0.0103943
0.0103921
0.0103897
0.0103873
0.0103847
0.010382
0.0103792
0.0103763
0.0103733
0.0103702
0.010367
0.0103638
0.0103605
0.0103571
0.0103537
0.0103503
0.0103468
0.0103434
0.0103399
0.0103365
0.010333
0.0103296
0.0103262
0.0103227
0.0103194
0.010316
0.0103127
0.0103093
0.010306
0.0103027
0.0102995
0.0102962
0.0102929
0.0102897
0.0102864
0.0102831
0.0102798
0.0102766
0.0102732
0.0102699
0.0102665
0.0102631
0.0102598
0.0102563
0.0102529
0.0102494
0.0102459
0.0102424
0.0102389
0.0102354
0.010232
0.0102285
0.0102251
0.0102217
0.0102183
0.0102149
0.0102117
0.0102085
0.0102054
0.0102023
0.0101994
0.0101965
0.0101937
0.010191
0.0101884
0.0101859
0.0101835
0.0101812
0.0101791
0.010177
0.010175
0.0101732
0.0101714
0.0101697
0.0101681
0.0101666
0.0101651
0.0101638
0.0101625
0.0101614
0.0101603
0.0101593
0.0101584
0.0101576
0.0101568
0.0101562
0.0101556
0.0101552
0.0101548
0.0101546
0.0101544
0.0101544
0.0101546
0.0101548
0.0101553
0.0101558
0.0101566
0.0101575
0.0101586
0.0101599
0.0101614
0.0101632
0.0101651
0.0101672
0.0101696
0.0101722
0.010175
0.010178
0.0101811
0.0101845
0.0101881
0.0101918
0.0101958
0.0101998
0.010204
0.0102082
0.0102126
0.0102171
0.0102216
0.0102261
0.0102306
0.0102352
0.0102396
0.0102441
0.0102484
0.0102527
0.0102568
0.0102608
0.0102647
0.0102684
0.0102719
0.0102753
0.0102785
0.0102815
0.0102843
0.0102868
0.0102892
0.0102914
0.0102933
0.0102951
0.0102966
0.0102979
0.010299
0.0103
0.0103007
0.0103012
0.0103016
0.0103018
0.0103018
0.0103018
0.0103015
0.0103012
0.0103007
0.0103001
0.0102994
0.0102987
0.0102979
0.010297
0.0102961
0.0102951
0.0102942
0.0102933
0.0102924
0.0102915
0.0102907
0.01029
0.0102893
0.0102887
0.0102882
0.0102879
0.0102876
0.0102876
0.0102876
0.0102878
0.0102881
0.0102886
0.0102893
0.0102901
0.010291
0.0102921
0.0102934
0.0102948
0.0102963
0.0102979
0.0102997
0.0103015
0.0103035
0.0103055
0.0103077
0.0103099
0.0103121
0.0103145
0.0103168
0.0103193
0.0103217
0.0103242
0.0103267
0.0103292
0.0103317
0.0103342
0.0103367
0.0103393
0.0103418
0.0103443
0.0103467
0.0103492
0.0103516
0.0103539
0.0103563
0.0103585
0.0103608
0.0103629
0.010365
0.010367
0.0103689
0.0103707
0.0103724
0.010374
0.0103755
0.0103768
0.0103781
0.0103792
0.0103802
0.010381
0.0103818
0.0103824
0.0103828
0.0103832
0.0103834
0.0103835
0.0103835
0.0103834
0.0103832
0.0103829
0.0103825
0.010382
0.0103815
0.0103809
0.0103803
0.0103796
0.0103789
0.0103781
0.0103773
0.0103765
0.0103757
0.0103749
0.010374
0.0103731
0.0103723
0.0103714
0.0103706
0.0103697
0.0103689
0.0103681
0.0103673
0.0103665
0.0103657
0.0103649
0.0103642
0.0103635
0.0103628
0.0103621
0.0103615
0.0103608
0.0103602
0.0103595
0.0103589
0.0103582
0.0103576
0.0103569
0.0103563
0.0103556
0.0103549
0.0103541
0.0103533
0.0103525
0.0103516
0.0103506
0.0103496
0.0103485
0.0103474
0.0103462
0.0103449
0.0103435
0.0103421
0.0103406
0.010339
0.0103373
0.0103356
0.0103338
0.0103319
0.0103301
0.0103281
0.0103261
0.0103241
0.010322
0.0103198
0.0103177
0.0103154
0.0103131
0.0103108
0.0103084
0.010306
0.0103036
0.0103011
0.0102986
0.010296
0.0102933
0.0102907
0.010288
0.0102852
0.0102824
0.0102796
0.0102768
0.0102739
0.0102711
0.0102682
0.0102653
0.0102625
0.0102597
0.0102569
0.0102541
0.0102514
0.0102488
0.0102463
0.0102438
0.0102415
0.0102393
0.0102372
0.0102353
0.0102336
0.010232
0.0102306
0.0102294
0.0102283
0.0102274
0.0102268
0.0102263
0.010226
0.0102259
0.010226
0.0102263
0.0102267
0.0102273
0.010228
0.0102289
0.01023
0.0102311
0.0102324
0.0102338
0.0102354
0.010237
0.0102387
0.0102405
0.0102424
0.0102445
0.0102466
0.0102488
0.0102511
0.0102535
0.010256
0.0102586
0.0102612
0.0102639
0.0102667
0.0102695
0.0102724
0.0102753
0.0102782
0.0102812
0.0102841
0.0102871
0.01029
0.0102928
0.0102956
0.0102983
0.0103009
0.0103034
0.0103058
0.010308
0.0103101
0.010312
0.0103138
0.0103154
0.0103169
0.0103182
0.0103193
0.0103203
0.010321
0.0103217
0.0103222
0.0103225
0.0103227
0.0103229
0.0103229
0.0103228
0.0103226
0.0103224
0.0103221
0.0103218
0.0103215
0.0103211
0.0103208
0.0103205
0.0103202
0.0103199
0.0103197
0.0103195
0.0103195
0.0103195
0.0103197
0.0103199
0.0103203
0.0103208
0.0103214
0.0103221
0.010323
0.0103241
0.0103252
0.0103266
0.0103281
0.0103298
0.0103316
0.0103336
0.0103357
0.0103379
0.0103403
0.0103428
0.0103454
0.0103482
0.0103511
0.0103541
0.0103572
0.0103603
0.0103636
0.0103669
0.0103703
0.0103737
0.0103771
0.0103805
0.010384
0.0103874
0.0103908
0.0103942
0.0103975
0.0104008
0.010404
0.010407
0.01041
0.0104129
0.0104157
0.0104183
0.0104207
0.0104231
0.0104253
0.0104273
0.0104292
0.0104309
0.0104325
0.0104339
0.0104352
0.0104363
0.0104373
0.0104381
0.0104388
0.0104395
0.01044
0.0104404
0.0104408
0.0104411
0.0104413
0.0104414
0.0104415
0.0104416
0.0104416
0.0104416
0.0104416
0.0104415
0.0104415
0.0104415
0.0104415
0.0104415
0.0104415
0.0104415
0.0104416
0.0104417
0.0104417
0.0104419
0.010442
0.0104422
0.0104425
0.0104427
0.0104431
0.0104434
0.0104438
0.0104443
0.0104448
0.0104454
0.010446
0.0104467
0.0104475
0.0104483
0.0104492
0.0104502
0.0104512
0.0104523
0.0104535
0.0104548
0.0104561
0.0104576
0.010459
0.0104606
0.0104623
0.010464
0.0104658
0.0104677
0.0104697
0.0104717
0.0104738
0.010476
0.0104782
0.0104805
0.0104828
0.0104852
0.0104877
0.0104902
0.0104928
0.0104954
0.0104981
0.0105008
0.0105036
0.0105065
0.0105094
0.0105124
0.0105154
0.0105185
0.0105216
0.0105248
0.0105281
0.0105315
0.0105348
0.0105383
0.0105418
0.0105453
0.0105489
0.0105526
0.0105562
0.0105599
0.0105636
0.0105673
0.0105709
0.0105746
0.0105782
0.0105818
0.0105853
0.0105888
0.0105922
0.0105955
0.0105987
0.0106018
0.0106048
0.0106076
0.0106103
0.0106128
0.0106152
0.0106174
0.0106194
0.0106212
0.0106229
0.0106243
0.0106257
0.0106268
0.0106277
0.0106284
0.010629
0.0106294
0.0106296
0.0106297
0.0106297
0.0106295
0.0106293
0.0106289
0.0106285
0.0106281
0.0106276
0.0106271
0.0106266
0.0106261
0.0106257
0.0106254
0.0106251
0.0106249
0.0106248
0.0106248
0.010625
0.0106252
0.0106256
0.0106261
0.0106267
0.0106275
0.0106283
0.0106293
0.0106304
0.0106315
0.0106328
0.0106341
0.0106355
0.0106369
0.0106384
0.0106398
0.0106414
0.0106429
0.0106444
0.0106459
0.0106474
0.0106489
0.0106503
0.0106517
0.010653
0.0106543
0.0106556
0.0106568
0.010658
0.0106592
0.0106603
0.0106614
0.0106624
0.0106634
0.0106644
0.0106654
0.0106664
0.0106674
0.0106684
0.0106695
0.0106706
0.0106717
0.0106729
0.0106741
0.0106754
0.0106768
0.0106782
0.0106798
0.0106814
0.0106831
0.0106848
0.0106867
0.0106886
0.0106906
0.0106926
0.0106946
0.0106967
0.0106988
0.0107009
0.010703
0.0107051
0.010707
0.0107089
0.0107108
0.0107125
0.0107141
0.0107155
0.0107167
0.0107178
0.0107187
0.0107194
0.0107199
0.0107201
0.0107202
0.01072
0.0107196
0.010719
0.0107181
0.0107171
0.0107158
0.0107144
0.0107127
0.0107109
0.0107089
0.0107068
0.0107045
0.0107021
0.0106995
0.0106969
0.0106942
0.0106913
0.0106884
0.0106854
0.0106823
0.0106792
0.010676
0.0106728
0.0106696
0.0106663
0.010663
0.0106597
0.0106564
0.0106531
0.0106497
0.0106464
0.0106431
0.0106397
0.0106364
0.0106331
0.0106298
0.0106265
0.0106232
0.0106199
0.0106166
0.0106134
0.0106101
0.0106069
0.0106037
0.0106005
0.0105973
0.0105942
0.0105911
0.010588
0.010585
0.010582
0.0105791
0.0105762
0.0105734
0.0105707
0.0105681
0.0105656
0.0105632
0.0105609
0.0105587
0.0105566
0.0105547
0.0105528
0.0105511
0.0105495
0.0105481
0.0105468
0.0105457
0.0105446
0.0105437
0.0105429
0.0105422
0.0105416
0.0105411
0.0105407
0.0105404
0.0105401
0.0105399
0.0105397
0.0105396
0.0105394
0.0105393
0.0105391
0.0105389
0.0105386
0.0105383
0.0105379
0.0105374
0.0105369
0.0105362
0.0105354
0.0105344
0.0105333
0.0105322
0.0105308
0.0105293
0.0105276
0.0105258
0.0105238
0.0105216
0.0105193
0.0105168
0.0105141
0.0105113
0.0105084
0.0105053
0.0105021
0.0104987
0.0104953
0.0104917
0.010488
0.0104843
0.0104804
0.0104765
0.0104726
0.0104686
0.0104646
0.0104606
0.0104566
0.0104526
0.0104487
0.0104448
0.0104411
0.0104374
0.0104339
0.0104305
0.0104273
0.0104242
0.0104214
0.0104187
0.0104163
0.0104141
0.0104122
0.0104105
0.0104091
0.010408
0.0104072
0.0104067
0.0104064
0.0104065
0.0104068
0.0104075
0.0104084
0.0104096
0.0104111
0.0104129
0.0104149
0.0104172
0.0104196
0.0104224
0.0104253
0.0104283
0.0104316
0.010435
0.0104385
0.0104421
0.0104458
0.0104495
0.0104533
0.0104572
0.0104611
0.0104649
0.0104688
0.0104726
0.0104764
0.0104801
0.0104837
0.0104873
0.0104908
0.0104942
0.0104974
0.0105006
0.0105037
0.0105066
0.0105095
0.0105122
0.0105149
0.0105174
0.0105198
0.0105222
0.0105245
0.0105267
0.0105288
0.0105308
0.0105328
0.0105347
0.0105366
0.0105384
0.0105402
0.0105419
0.0105435
0.0105451
0.0105467
0.0105483
0.0105498
0.0105512
0.0105526
0.010554
0.0105553
0.0105567
0.0105579
0.0105591
0.0105604
0.0105615
0.0105627
0.0105637
0.0105648
0.0105659
0.0105669
0.0105679
0.0105689
0.0105699
0.0105709
0.0105718
0.0105727
0.0105737
0.0105746
0.0105755
0.0105763
0.0105772
0.010578
0.0105787
0.0105795
0.0105802
0.0105809
0.0105815
0.0105821
0.0105826
0.010583
0.0105834
0.0105837
0.010584
0.0105841
0.0105842
0.0105843
0.0105842
0.0105841
0.0105839
0.0105837
0.0105834
0.010583
0.0105827
0.0105822
0.0105818
0.0105813
0.0105808
0.0105803
0.0105797
0.0105792
0.0105787
0.0105782
0.0105777
0.0105772
0.0105768
0.0105763
0.0105759
0.0105755
0.0105752
0.0105748
0.0105745
0.0105742
0.0105738
0.0105735
0.0105732
0.0105728
0.0105725
0.0105721
0.0105717
0.0105713
0.0105709
0.0105704
0.0105699
0.0105694
0.0105688
0.0105682
0.0105676
0.0105669
0.0105662
0.0105654
0.0105646
0.0105638
0.010563
0.0105621
0.0105612
0.0105602
0.0105593
0.0105583
0.0105574
0.0105564
0.0105554
0.0105545
0.0105535
0.0105525
0.0105515
0.0105505
0.0105494
0.0105484
0.0105473
0.0105462
0.010545
0.0105438
0.0105425
0.0105411
0.0105397
0.0105382
0.0105366
0.0105348
0.010533
0.010531
0.010529
0.0105269
0.0105246
0.0105222
0.0105197
0.0105172
0.0105145
0.0105117
0.0105089
0.010506
0.0105031
0.0105001
0.0104971
0.0104941
0.0104911
0.0104881
0.0104852
0.0104822
0.0104793
0.0104764
0.0104736
0.0104709
0.0104682
0.0104655
0.010463
0.0104605
0.0104581
0.0104557
0.0104534
0.0104512
0.0104491
0.010447
0.010445
0.0104429
0.010441
0.0104391
0.0104373
0.0104354
0.0104336
0.0104319
0.0104301
0.0104283
0.0104266
0.0104248
0.0104231
0.0104214
0.0104196
0.0104178
0.010416
0.0104142
0.0104124
0.0104106
0.0104087
0.0104068
0.010405
0.0104031
0.0104012
0.0103992
0.0103973
0.0103953
0.0103934
0.0103914
0.0103895
0.0103875
0.0103856
0.0103837
0.0103819
0.0103801
0.0103783
0.0103766
0.0103749
0.0103734
0.0103719
0.0103705
0.0103692
0.010368
0.0103669
0.010366
0.0103652
0.0103645
0.010364
0.0103636
0.0103634
0.0103633
0.0103634
0.0103636
0.010364
0.0103645
0.0103652
0.010366
0.010367
0.0103681
0.0103693
0.0103706
0.010372
0.0103734
0.010375
0.0103766
0.0103783
0.01038
0.0103817
0.0103835
0.0103852
0.0103869
0.0103886
0.0103903
0.0103919
0.0103934
0.0103949
0.0103963
0.0103976
0.0103988
0.0103999
0.0104009
0.0104018
0.0104027
0.0104034
0.010404
0.0104045
0.0104049
0.0104052
0.0104053
0.0104054
0.0104054
0.0104052
0.010405
0.0104046
0.0104041
0.0104036
0.010403
0.0104022
0.0104015
0.0104006
0.0103996
0.0103986
0.0103976
0.0103965
0.0103953
0.0103942
0.010393
0.0103919
0.0103907
0.0103896
0.0103884
0.0103873
0.0103863
0.0103853
0.0103844
0.0103835
0.0103827
0.010382
0.0103813
0.0103807
0.0103801
0.0103796
0.0103792
0.0103788
0.0103784
0.010378
0.0103777
0.0103773
0.010377
0.0103766
0.0103762
0.0103757
0.0103752
0.0103746
0.010374
0.0103732
0.0103723
0.0103714
0.0103703
0.0103691
0.0103679
0.0103665
0.010365
0.0103635
0.0103618
0.01036
0.0103582
0.0103563
0.0103543
0.0103522
0.0103501
0.0103479
0.0103457
0.0103434
0.010341
0.0103387
0.0103363
0.0103338
0.0103313
0.0103288
0.0103263
0.0103237
0.010321
0.0103184
0.0103156
0.0103129
0.0103101
0.0103072
0.0103043
0.0103013
0.0102983
0.0102952
0.0102921
0.010289
0.0102858
0.0102826
0.0102794
0.0102761
0.0102728
0.0102696
0.0102663
0.0102631
0.0102599
0.0102567
0.0102536
0.0102505
0.0102475
0.0102445
0.0102416
0.0102388
0.010236
0.0102334
0.0102308
0.0102283
0.0102259
0.0102236
0.0102213
0.0102191
0.0102169
0.0102149
0.0102128
0.0102108
0.0102088
0.0102068
0.0102049
0.010203
0.010201
0.010199
0.0101971
0.0101951
0.0101931
0.010191
0.010189
0.0101869
0.0101847
0.0101826
0.0101805
0.0101782
0.010176
0.0101738
0.0101715
0.0101692
0.0101668
0.0101645
0.0101621
0.0101597
0.0101573
0.0101548
0.0101523
0.0101499
0.0101474
0.0101449
0.0101424
0.0101399
0.0101374
0.010135
0.0101326
0.0101302
0.0101278
0.0101255
0.0101233
0.0101211
0.0101191
0.0101171
0.0101152
0.0101134
0.0101117
0.0101102
0.0101087
0.0101074
0.0101063
0.0101052
0.0101043
0.0101035
0.0101027
0.0101022
0.0101017
0.0101013
0.010101
0.0101007
0.0101005
0.0101003
0.0101002
0.0101001
0.0101
0.0100999
0.0100998
0.0100996
0.0100995
0.0100993
0.010099
0.0100987
0.0100984
0.010098
0.0100976
0.0100971
0.0100966
0.0100961
0.0100955
0.0100949
0.0100943
0.0100937
0.0100932
0.0100926
0.0100921
0.0100916
0.0100911
0.0100907
0.0100904
0.0100902
0.0100901
0.0100902
0.0100903
0.0100906
0.010091
0.0100916
0.0100924
0.0100933
0.0100944
0.0100956
0.0100971
0.0100986
0.0101003
0.0101022
0.0101042
0.0101064
0.0101087
0.0101111
0.0101137
0.0101163
0.010119
0.0101217
0.0101246
0.0101275
0.0101304
0.0101334
0.0101364
0.0101394
0.0101424
0.0101454
0.0101484
0.0101513
0.0101543
0.0101571
0.0101599
0.0101627
0.0101654
0.010168
0.0101705
0.010173
0.0101754
0.0101776
0.0101798
0.0101819
0.0101838
0.0101856
0.0101874
0.0101889
0.0101904
0.0101917
0.010193
0.0101941
0.0101951
0.0101959
0.0101967
0.0101974
0.010198
0.0101986
0.0101991
0.0101995
0.0101999
0.0102003
0.0102007
0.0102011
0.0102016
0.0102022
0.0102028
0.0102035
0.0102043
0.0102053
0.0102065
0.0102078
0.0102093
0.0102111
0.010213
0.0102151
0.0102174
0.01022
0.0102228
0.0102258
0.0102289
0.0102323
0.0102358
0.0102395
0.0102433
0.0102472
0.0102511
0.0102551
0.0102592
0.0102632
0.0102672
0.0102712
0.010275
0.0102788
0.0102824
0.0102859
0.0102892
0.0102923
0.0102953
0.0102981
0.0103006
0.010303
0.0103051
0.010307
0.0103087
0.0103102
0.0103115
0.0103126
0.0103135
0.0103143
0.0103148
0.0103151
0.0103153
0.0103153
0.0103151
0.0103148
0.0103143
0.0103137
0.0103129
0.0103119
0.0103108
0.0103095
0.0103081
0.0103066
0.0103049
0.0103031
0.0103012
0.0102991
0.010297
0.0102947
0.0102923
0.0102899
0.0102874
0.0102848
0.0102821
0.0102794
0.0102767
0.0102739
0.0102711
0.0102684
0.0102656
0.0102628
0.01026
0.0102572
0.0102545
0.0102518
0.0102491
0.0102464
0.0102438
0.0102412
0.0102386
0.0102361
0.0102336
0.0102312
0.0102287
0.0102263
0.010224
0.0102216
0.0102193
0.010217
0.0102147
0.0102125
0.0102102
0.0102081
0.0102059
0.0102038
0.0102017
0.0101997
0.0101977
0.0101959
0.010194
0.0101922
0.0101906
0.0101889
0.0101874
0.010186
0.0101847
0.0101835
0.0101825
0.0101816
0.0101808
0.0101802
0.0101797
0.0101794
0.0101792
0.0101792
0.0101794
0.0101798
0.0101803
0.0101809
0.0101818
0.0101828
0.010184
0.0101853
0.0101868
0.0101884
0.0101901
0.0101919
0.0101938
0.0101958
0.0101979
0.0102
0.0102022
0.0102044
0.0102066
0.0102088
0.0102111
0.0102133
0.0102154
0.0102176
0.0102197
0.0102217
0.0102236
0.0102255
0.0102274
0.0102291
0.0102308
0.0102325
0.010234
0.0102355
0.010237
0.0102384
0.0102397
0.0102411
0.0102424
0.0102437
0.0102449
0.0102461
0.0102473
0.0102485
0.0102497
0.0102509
0.0102522
0.0102534
0.0102547
0.010256
0.0102573
0.0102586
0.0102599
0.0102613
0.0102627
0.0102641
0.0102656
0.0102671
0.0102685
0.01027
0.0102715
0.010273
0.0102745
0.010276
0.0102775
0.010279
0.0102805
0.010282
0.0102835
0.0102849
0.0102864
0.0102878
0.0102892
0.0102905
0.0102918
0.0102932
0.0102945
0.0102958
0.010297
0.0102983
0.0102996
0.0103009
0.0103021
0.0103035
0.0103048
0.0103062
0.0103076
0.010309
0.0103105
0.010312
0.0103135
0.0103151
0.0103167
0.0103183
0.0103199
0.0103216
0.0103232
0.0103249
0.0103266
0.0103282
0.0103299
0.0103315
0.0103332
0.0103347
0.0103362
0.0103377
0.0103391
0.0103405
0.0103418
0.010343
0.0103442
0.0103453
0.0103464
0.0103474
0.0103483
0.0103492
0.01035
0.0103507
0.0103514
0.010352
0.0103526
0.0103531
0.0103536
0.010354
0.0103543
0.0103546
0.0103549
0.0103551
0.0103553
0.0103554
0.0103555
0.0103555
0.0103555
0.0103554
0.0103553
0.0103551
0.0103549
0.0103547
0.0103544
0.0103541
0.0103538
0.0103534
0.0103529
0.0103525
0.0103521
0.0103516
0.0103511
0.0103507
0.0103502
0.0103498
0.0103494
0.010349
0.0103486
0.0103483
0.0103481
0.010348
0.0103479
0.0103479
0.010348
0.0103482
0.0103485
0.010349
0.0103495
0.0103502
0.010351
0.0103519
0.010353
0.0103541
0.0103554
0.0103568
0.0103582
0.0103598
0.0103614
0.010363
0.0103647
0.0103665
0.0103682
0.0103699
0.0103716
0.0103733
0.0103749
0.0103764
0.0103779
0.0103792
0.0103805
0.0103816
0.0103826
0.0103834
0.0103842
0.0103847
0.0103851
0.0103853
0.0103854
0.0103853
0.010385
0.0103846
0.010384
0.0103833
0.0103824
0.0103813
0.0103801
0.0103787
0.0103772
0.0103756
0.0103738
0.010372
0.01037
0.0103679
0.0103657
0.0103635
0.0103611
0.0103588
0.0103563
0.0103538
0.0103513
0.0103488
0.0103462
0.0103437
0.0103412
0.0103386
0.0103362
0.0103337
0.0103313
0.010329
0.0103267
0.0103245
0.0103224
0.0103203
0.0103184
0.0103166
0.0103148
0.0103133
0.0103117
0.0103104
0.0103092
0.0103081
0.0103071
0.0103063
0.0103057
0.0103052
0.0103049
0.0103047
0.0103047
0.0103049
0.0103052
0.0103057
0.0103064
0.0103072
0.0103082
0.0103094
0.0103108
0.0103124
0.0103141
0.0103161
0.0103182
0.0103204
0.0103229
0.0103255
0.0103283
0.0103311
0.0103342
0.0103373
0.0103406
0.0103439
0.0103474
0.0103509
0.0103545
0.0103582
0.0103619
0.0103657
0.0103694
0.0103732
0.010377
0.0103807
0.0103844
0.0103881
0.0103917
0.0103953
0.0103988
0.0104022
0.0104055
0.0104087
0.0104117
0.0104147
0.0104175
0.0104202
0.0104228
0.0104252
0.0104275
0.0104296
0.0104316
0.0104334
0.0104351
0.0104366
0.0104379
0.0104392
0.0104403
0.0104412
0.0104421
0.0104428
0.0104434
0.0104439
0.0104443
0.0104447
0.0104449
0.0104451
0.0104452
0.0104453
0.0104453
0.0104453
0.0104452
0.0104451
0.010445
0.0104449
0.0104447
0.0104445
0.0104443
0.010444
0.0104437
0.0104434
0.0104431
0.0104428
0.0104424
0.010442
0.0104415
0.010441
0.0104404
0.0104398
0.010439
0.0104382
0.0104373
0.0104363
0.0104351
0.0104339
0.0104325
0.010431
0.0104293
0.0104275
0.0104255
0.0104234
0.0104211
0.0104187
0.010416
0.0104133
0.0104103
0.0104072
0.0104039
0.0104004
0.0103969
0.0103932
0.0103893
0.0103854
0.0103813
0.0103772
0.010373
0.0103688
0.0103645
0.0103601
0.0103558
0.0103514
0.0103471
0.0103428
0.0103385
0.0103343
0.0103301
0.0103261
0.0103221
0.0103183
0.0103146
0.010311
0.0103075
0.0103042
0.010301
0.0102981
0.0102952
0.0102926
0.0102902
0.0102879
0.0102859
0.010284
0.0102824
0.010281
0.0102798
0.0102788
0.010278
0.0102774
0.0102771
0.0102769
0.010277
0.0102773
0.0102777
0.0102784
0.0102792
0.0102802
0.0102814
0.0102827
0.0102841
0.0102856
0.0102873
0.0102889
0.0102906
0.0102924
0.0102941
0.0102958
0.0102974
0.0102989
0.0103004
0.0103017
0.0103029
0.0103039
0.0103048
0.0103054
0.0103059
0.0103061
0.0103061
0.0103059
0.0103054
0.0103047
0.0103038
0.0103026
0.0103013
0.0102996
0.0102978
0.0102958
0.0102936
0.0102913
0.0102887
0.0102861
0.0102833
0.0102804
0.0102774
0.0102744
0.0102713
0.0102682
0.0102651
0.010262
0.0102589
0.0102559
0.0102529
0.0102501
0.0102473
0.0102447
0.0102422
0.0102398
0.0102375
0.0102355
0.0102335
0.0102318
0.0102302
0.0102287
0.0102274
0.0102262
0.0102252
0.0102244
0.0102236
0.010223
0.0102225
0.0102222
0.0102218
0.0102216
0.0102214
0.0102213
0.0102213
0.0102212
0.0102212
0.0102212
0.0102211
0.0102211
0.0102211
0.010221
0.0102209
0.0102207
0.0102205
0.0102202
0.0102199
0.0102194
0.0102189
0.0102184
0.0102177
0.0102169
0.010216
0.010215
0.010214
0.0102129
0.0102116
0.0102103
0.0102089
0.0102075
0.0102059
0.0102043
0.0102027
0.010201
0.0101993
0.0101975
0.0101958
0.0101941
0.0101923
0.0101906
0.0101889
0.0101872
0.0101856
0.0101841
0.0101826
0.0101811
0.0101797
0.0101784
0.0101771
0.0101759
0.0101748
0.0101737
0.0101726
0.0101716
0.0101707
0.0101697
0.0101688
0.010168
0.010167
0.0101661
0.0101652
0.0101643
0.0101634
0.0101625
0.0101615
0.0101606
0.0101596
0.0101586
0.0101577
0.0101567
0.0101557
0.0101548
0.0101538
0.0101529
0.0101519
0.0101511
0.0101502
0.0101494
0.0101487
0.0101481
0.0101475
0.0101471
0.0101467
0.0101464
0.0101463
0.0101463
0.0101464
0.0101467
0.0101471
0.0101476
0.0101483
0.0101492
0.0101503
0.0101515
0.0101528
0.0101543
0.010156
0.0101577
0.0101596
0.0101617
0.0101638
0.010166
0.0101683
0.0101707
0.0101731
0.0101756
0.0101781
0.0101806
0.0101831
0.0101855
0.0101879
0.0101903
0.0101926
0.0101948
0.0101969
0.0101989
0.0102009
0.0102027
0.0102044
0.010206
0.0102075
0.0102089
0.0102103
0.0102115
0.0102127
0.0102138
0.0102148
0.0102157
0.0102166
0.0102174
0.0102183
0.010219
0.0102198
0.0102205
0.0102212
0.010222
0.0102227
0.0102234
0.0102242
0.010225
0.0102257
0.0102266
0.0102274
0.0102282
0.010229
0.0102298
0.0102307
0.0102315
0.0102322
0.010233
0.0102337
0.0102343
0.0102349
0.0102354
0.0102358
0.0102361
0.0102364
0.0102365
0.0102365
0.0102364
0.0102361
0.0102358
0.0102353
0.0102346
0.0102339
0.0102331
0.0102322
0.0102311
0.0102301
0.0102289
0.0102277
0.0102264
0.0102251
0.0102239
0.0102226
0.0102214
0.0102201
0.0102189
0.0102179
0.0102168
0.0102158
0.0102149
0.0102141
0.0102134
0.0102128
0.0102122
0.0102117
0.0102114
0.0102111
0.0102109
0.0102107
0.0102106
0.0102106
0.0102106
0.0102107
0.0102108
0.0102109
0.010211
0.0102111
0.0102112
0.0102114
0.0102114
0.0102115
0.0102116
0.0102115
0.0102115
0.0102114
0.0102113
0.010211
0.0102108
0.0102105
0.0102101
0.0102096
0.0102091
0.0102085
0.010208
0.0102073
0.0102067
0.0102059
0.0102052
0.0102045
0.0102037
0.0102029
0.0102022
0.0102014
0.0102006
0.0101998
0.0101991
0.0101984
0.0101977
0.010197
0.0101963
0.0101957
0.0101952
0.0101947
0.0101943
0.0101939
0.0101935
0.0101932
0.010193
0.0101928
0.0101926
0.0101925
0.0101925
0.0101926
0.0101926
0.0101928
0.010193
0.0101932
0.0101935
0.0101939
0.0101943
0.0101947
0.0101952
0.0101958
0.0101964
0.0101971
0.0101978
0.0101987
0.0101996
0.0102005
0.0102016
0.0102028
0.010204
0.0102054
0.0102069
0.0102085
0.0102102
0.010212
0.010214
0.0102161
0.0102184
0.0102209
0.0102235
0.0102262
0.0102291
0.0102322
0.0102353
0.0102387
0.0102421
0.0102457
0.0102494
0.0102532
0.0102571
0.010261
0.010265
0.010269
0.0102731
0.010277
0.010281
0.010285
0.0102889
0.0102927
0.0102963
0.0102999
0.0103033
0.0103065
0.0103096
0.0103124
0.0103151
0.0103176
0.0103198
0.0103218
0.0103236
0.0103252
0.0103265
0.0103277
0.0103286
0.0103293
0.0103298
0.0103301
0.0103302
0.0103302
0.0103299
0.0103296
0.010329
0.0103284
0.0103276
0.0103267
0.0103257
0.0103246
0.0103234
0.0103221
0.0103208
0.0103194
0.0103179
0.0103164
0.0103149
0.0103134
0.0103118
0.0103102
0.0103087
0.0103071
0.0103056
0.0103041
0.0103026
0.0103012
0.0102999
0.0102986
0.0102974
0.0102962
0.0102951
0.0102942
0.0102933
0.0102925
0.0102918
0.0102912
0.0102906
0.0102902
0.0102898
0.0102895
0.0102892
0.010289
0.0102889
0.0102888
0.0102887
0.0102886
0.0102885
0.0102884
0.0102883
0.0102882
0.010288
0.0102878
0.0102876
0.0102873
0.010287
0.0102866
0.0102863
0.0102858
0.0102854
0.0102849
0.0102845
0.010284
0.0102836
0.0102831
0.0102827
0.0102824
0.010282
0.0102818
0.0102817
0.0102817
0.0102818
0.010282
0.0102823
0.0102828
0.0102834
0.0102842
0.010285
0.0102861
0.0102873
0.0102886
0.01029
0.0102916
0.0102934
0.0102952
0.0102971
0.0102992
0.0103013
0.0103035
0.0103058
0.0103082
0.0103106
0.0103131
0.0103155
0.0103181
0.0103206
0.0103232
0.0103257
0.0103283
0.0103309
0.0103334
0.0103359
0.0103384
0.0103409
0.0103433
0.0103456
0.0103479
0.0103502
0.0103524
0.0103546
0.0103567
0.0103587
0.0103607
0.0103627
0.0103645
0.0103664
0.0103681
0.0103699
0.0103716
0.0103732
0.0103748
0.0103763
0.0103778
0.0103793
0.0103807
0.0103821
0.0103835
0.0103848
0.0103861
0.0103873
0.0103886
0.0103897
0.0103909
0.010392
0.0103931
0.0103941
0.0103951
0.010396
0.0103969
0.0103978
0.0103986
0.0103993
0.0103999
0.0104005
0.010401
0.0104015
0.0104018
0.0104021
0.0104023
0.0104024
0.0104025
0.0104024
0.0104022
0.0104019
0.0104015
0.010401
0.0104004
0.0103997
0.0103988
0.0103979
0.0103968
0.0103956
0.0103943
0.0103929
0.0103914
0.0103897
0.010388
0.0103861
0.0103841
0.0103821
0.01038
0.0103778
0.0103756
0.0103733
0.0103709
0.0103685
0.0103661
0.0103638
0.0103615
0.0103592
0.010357
0.0103549
0.0103529
0.0103511
0.0103494
0.0103478
0.0103465
0.0103453
0.0103444
0.0103437
0.0103433
0.0103431
0.0103431
0.0103434
0.010344
0.0103448
0.0103458
0.0103472
0.0103487
0.0103505
0.0103525
0.0103547
0.0103571
0.0103596
0.0103623
0.0103652
0.0103681
0.0103712
0.0103743
0.0103774
0.0103806
0.0103839
0.0103872
0.0103904
0.0103936
0.0103968
0.0104
0.0104031
0.0104062
0.0104092
0.0104121
0.010415
0.0104178
0.0104205
0.0104232
0.0104258
0.0104283
0.0104308
0.0104332
0.0104356
0.0104379
0.0104402
0.0104425
0.0104447
0.0104469
0.0104491
0.0104513
0.0104534
0.0104556
0.0104577
0.0104599
0.0104619
0.010464
0.0104661
0.0104681
0.01047
0.010472
0.0104739
0.0104757
0.0104775
0.0104792
0.0104808
0.0104824
0.0104838
0.0104852
0.0104865
0.0104877
0.0104888
0.0104898
0.0104907
0.0104915
0.0104923
0.010493
0.0104935
0.0104941
0.0104945
0.0104949
0.0104952
0.0104954
0.0104957
0.0104958
0.010496
0.010496
0.010496
0.010496
0.0104959
0.0104958
0.0104956
0.0104954
0.010495
0.0104946
0.0104942
0.0104936
0.0104929
0.0104922
0.0104913
0.0104903
0.0104892
0.010488
0.0104867
0.0104852
0.0104836
0.0104819
0.0104801
0.0104782
0.0104762
0.0104741
0.0104719
0.0104696
0.0104673
0.0104649
0.0104624
0.01046
0.0104575
0.010455
0.0104525
0.01045
0.0104475
0.0104451
0.0104428
0.0104405
0.0104383
0.0104362
0.0104342
0.0104323
0.0104305
0.0104289
0.0104275
0.0104261
0.010425
0.010424
0.0104233
0.0104227
0.0104224
0.0104223
0.0104223
0.0104227
0.0104232
0.0104241
0.0104251
0.0104264
0.010428
0.0104298
0.0104318
0.010434
0.0104365
0.0104391
0.0104419
0.0104449
0.0104481
0.0104514
0.0104548
0.0104584
0.0104621
0.0104658
0.0104696
0.0104735
0.0104774
0.0104814
0.0104853
0.0104893
0.0104932
0.0104972
0.0105011
0.010505
0.0105089
0.0105128
0.0105167
0.0105205
0.0105243
0.010528
0.0105318
0.0105355
0.0105392
0.0105429
0.0105465
0.0105502
0.0105538
0.0105574
0.0105611
0.0105647
0.0105682
0.0105719
0.0105754
0.010579
0.0105826
0.0105863
0.0105899
0.0105935
0.0105971
0.0106008
0.0106044
0.010608
0.0106117
0.0106153
0.0106188
0.0106224
0.010626
0.0106296
0.0106331
0.0106366
0.0106401
0.0106436
0.0106471
0.0106506
0.010654
0.0106575
0.010661
0.0106644
0.0106679
0.0106715
0.0106751
0.0106787
0.0106823
0.010686
0.0106898
0.0106937
0.0106976
0.0107016
0.0107056
0.0107098
0.010714
0.0107183
0.0107227
0.0107271
0.0107316
0.0107362
0.0107408
0.0107454
0.0107501
0.0107547
0.0107594
0.010764
0.0107686
0.0107731
0.0107776
0.010782
0.0107863
0.0107905
0.0107945
0.0107984
0.0108021
0.0108057
0.010809
0.0108122
0.0108151
0.0108178
0.0108203
0.0108225
0.0108245
0.0108263
0.0108277
0.0108289
0.0108299
0.0108305
0.0108309
0.010831
0.0108309
0.0108306
0.01083
0.0108292
0.0108281
0.0108268
0.0108254
0.0108237
0.0108218
0.0108198
0.0108177
0.0108154
0.0108131
0.0108106
0.010808
0.0108054
0.0108027
0.0107999
0.0107972
0.0107944
0.0107916
0.0107887
0.0107859
0.0107831
0.0107803
0.0107775
0.0107747
0.010772
0.0107692
0.0107665
0.0107638
0.0107612
0.0107585
0.0107559
0.0107532
0.0107506
0.010748
0.0107455
0.0107428
0.0107402
0.0107376
0.010735
0.0107324
0.0107297
0.0107269
0.0107242
0.0107214
0.0107185
0.0107156
0.0107126
0.0107095
0.0107064
0.0107032
0.0106998
0.0106964
0.0106929
0.0106893
0.0106856
0.0106819
0.010678
0.010674
0.0106699
0.0106657
0.0106614
0.010657
0.0106525
0.0106479
0.0106432
0.0106385
0.0106336
0.0106287
0.0106236
0.0106185
0.0106132
0.0106079
0.0106026
0.0105971
0.0105915
0.0105858
0.0105801
0.0105743
0.0105683
0.0105623
0.0105563
0.0105501
0.0105438
0.0105376
0.0105311
0.0105246
0.0105181
0.0105115
0.0105049
0.0104981
0.0104914
0.0104847
0.010478
0.0104712
0.0104645
0.0104579
0.0104513
0.0104448
0.0104384
0.0104322
0.0104261
0.0104201
0.0104143
0.0104086
0.0104032
0.0103979
0.0103929
0.0103881
0.0103835
0.0103791
0.0103749
0.0103709
0.0103672
0.0103636
0.0103602
0.0103569
0.0103539
0.0103509
0.0103481
0.0103454
0.0103427
0.0103401
0.0103376
0.0103351
0.0103326
0.01033
0.0103275
0.0103249
0.0103223
0.0103197
0.010317
0.0103142
0.0103113
0.0103084
0.0103054
0.0103023
0.0102992
0.010296
0.0102927
0.0102894
0.0102861
0.0102827
0.0102793
0.010276
0.0102727
0.0102693
0.0102661
0.0102628
0.0102597
0.0102566
0.0102537
0.0102509
0.0102482
0.0102456
0.0102432
0.010241
0.0102389
0.010237
0.0102353
0.0102338
0.0102324
0.0102311
0.0102301
0.0102292
0.0102285
0.010228
0.0102276
0.0102273
0.0102272
0.0102272
0.0102274
0.0102276
0.010228
0.0102284
0.010229
0.0102296
0.0102302
0.0102309
0.0102316
0.0102323
0.0102331
0.0102339
0.0102346
0.0102354
0.0102361
0.0102368
0.0102375
0.0102381
0.0102388
0.0102393
0.0102399
0.0102404
0.0102408
0.0102412
0.0102415
0.0102418
0.0102421
0.0102422
0.0102423
0.0102423
0.0102423
0.0102421
0.0102418
0.0102415
0.010241
0.0102405
0.0102398
0.010239
0.0102381
0.010237
0.0102358
0.0102343
0.0102328
0.010231
0.0102291
0.0102269
0.0102247
0.0102222
0.0102196
0.0102168
0.0102138
0.0102107
0.0102074
0.010204
0.0102004
0.0101967
0.0101929
0.010189
0.010185
0.010181
0.0101769
0.0101727
0.0101686
0.0101644
0.0101602
0.010156
0.0101519
0.0101478
0.0101438
0.0101399
0.0101361
0.0101323
0.0101287
0.0101251
0.0101216
0.0101183
0.0101151
0.0101121
0.0101091
0.0101063
0.0101037
0.0101011
0.0100988
0.0100965
0.0100944
0.0100924
0.0100906
0.0100888
0.0100872
0.0100857
0.0100844
0.0100831
0.010082
0.0100809
0.01008
0.0100792
0.0100785
0.0100779
0.0100773
0.0100768
0.0100764
0.0100761
0.0100759
0.0100757
0.0100757
0.0100757
0.0100758
0.0100759
0.0100762
0.0100765
0.0100769
0.0100774
0.010078
0.0100787
0.0100795
0.0100803
0.0100813
0.0100824
0.0100836
0.0100848
0.0100862
0.0100877
0.0100892
0.0100909
0.0100926
0.0100945
0.0100965
0.0100985
0.0101007
0.0101029
0.0101052
0.0101076
0.0101101
0.0101127
0.0101153
0.0101179
0.0101207
0.0101234
0.0101262
0.010129
0.0101319
0.0101348
0.0101377
0.0101406
0.0101435
0.0101464
0.0101492
0.010152
0.0101549
0.0101576
0.0101604
0.0101631
0.0101657
0.0101682
0.0101707
0.0101732
0.0101756
0.0101779
0.0101801
0.0101822
0.0101842
0.0101861
0.0101879
0.0101896
0.0101912
0.0101927
0.0101941
0.0101953
0.0101964
0.0101974
0.0101983
0.0101991
0.0101998
0.0102004
0.0102009
0.0102013
0.0102016
0.0102018
0.010202
0.0102021
0.0102022
0.0102023
0.0102022
0.0102022
0.0102023
0.0102023
0.0102024
0.0102025
0.0102027
0.0102029
0.0102032
0.0102036
0.010204
0.0102045
0.0102051
0.0102058
0.0102066
0.0102074
0.0102084
0.0102093
0.0102103
0.0102114
0.0102126
0.0102137
0.0102149
0.0102161
0.0102173
0.0102184
0.0102196
0.0102207
0.0102219
0.010223
0.0102241
0.0102251
0.0102262
0.0102272
0.0102282
0.0102292
0.0102302
0.0102312
0.0102322
0.0102333
0.0102343
0.0102353
0.0102364
0.0102375
0.0102386
0.0102398
0.0102409
0.0102422
0.0102434
0.0102447
0.0102459
0.0102472
0.0102485
0.0102497
0.010251
0.0102522
0.0102534
0.0102546
0.0102558
0.0102569
0.010258
0.010259
0.01026
0.0102609
0.0102618
0.0102626
0.0102634
0.010264
0.0102647
0.0102653
0.0102659
0.0102664
0.0102669
0.0102674
0.0102679
0.0102683
0.0102688
0.0102693
0.0102699
0.0102705
0.0102711
0.0102718
0.0102726
0.0102735
0.0102744
0.0102754
0.0102766
0.0102779
0.0102792
0.0102807
0.0102823
0.010284
0.0102858
0.0102877
0.0102898
0.010292
0.0102942
0.0102966
0.010299
0.0103015
0.010304
0.0103066
0.0103092
0.0103119
0.0103146
0.0103172
0.0103199
0.0103226
0.0103252
0.0103278
0.0103304
0.010333
0.0103354
0.0103378
0.0103402
0.0103424
0.0103446
0.0103467
0.0103488
0.0103507
0.0103526
0.0103545
0.0103562
0.0103579
0.0103595
0.010361
0.0103626
0.0103641
0.0103655
0.0103669
0.0103683
0.0103697
0.0103711
0.0103724
0.0103738
0.0103751
0.0103765
0.0103779
0.0103794
0.0103808
0.0103823
0.0103837
0.0103852
0.0103867
0.0103883
0.0103898
0.0103914
0.0103929
0.0103944
0.0103959
0.0103973
0.0103987
0.0104
0.0104013
0.0104025
0.0104036
0.0104046
0.0104056
0.0104065
0.0104073
0.010408
0.0104086
0.0104091
0.0104096
0.01041
0.0104103
0.0104105
0.0104107
0.0104108
0.0104109
0.010411
0.0104109
0.0104109
0.0104108
0.0104107
0.0104105
0.0104103
0.0104101
0.0104098
0.0104095
0.0104092
0.0104088
0.0104084
0.0104078
0.0104073
0.0104066
0.0104058
0.0104049
0.010404
0.0104029
0.0104016
0.0104002
0.0103987
0.010397
0.0103951
0.0103931
0.0103908
0.0103884
0.0103858
0.010383
0.01038
0.0103768
0.0103734
0.0103698
0.010366
0.0103621
0.0103579
0.0103536
0.0103491
0.0103444
0.0103396
0.0103347
0.0103297
0.0103246
0.0103193
0.010314
0.0103086
0.0103032
0.0102978
0.0102923
0.0102868
0.0102813
0.0102758
0.0102703
0.0102648
0.0102594
0.010254
0.0102486
0.0102432
0.0102379
0.0102326
0.0102274
0.0102221
0.010217
0.0102118
0.0102067
0.0102016
0.0101965
0.0101914
0.0101863
0.0101813
0.0101762
0.0101711
0.0101661
0.0101611
0.0101561
0.0101511
0.0101461
0.0101412
0.0101363
0.0101315
0.0101267
0.010122
0.0101174
0.0101129
0.0101084
0.0101041
0.0100999
0.0100959
0.010092
0.0100882
0.0100846
0.0100811
0.0100779
0.0100747
0.0100718
0.010069
0.0100664
0.010064
0.0100618
0.0100597
0.0100579
0.0100562
0.0100547
0.0100533
0.0100521
0.0100512
0.0100504
0.0100498
0.0100493
0.0100491
0.010049
0.0100492
0.0100495
0.01005
0.0100507
0.0100516
0.0100527
0.010054
0.0100555
0.0100572
0.0100591
0.0100611
0.0100634
0.0100659
0.0100686
0.0100714
0.0100744
0.0100776
0.0100808
0.0100843
0.0100878
0.0100915
0.0100952
0.010099
0.0101029
0.0101068
0.0101107
0.0101146
0.0101185
0.0101224
0.0101262
0.01013
0.0101337
0.0101373
0.0101409
0.0101444
0.0101477
0.010151
0.0101541
0.0101572
0.0101601
0.0101629
0.0101656
0.0101682
0.0101706
0.010173
0.0101754
0.0101776
0.0101798
0.0101819
0.010184
0.0101861
0.0101881
0.0101901
0.0101922
0.0101942
0.0101962
0.0101983
0.0102005
0.0102027
0.0102049
0.0102071
0.0102094
0.0102118
0.0102142
0.0102166
0.0102191
0.0102215
0.010224
0.0102266
0.0102291
0.0102316
0.0102341
0.0102366
0.0102391
0.0102415
0.0102439
0.0102463
0.0102486
0.0102509
0.0102532
0.0102554
0.0102576
0.0102598
0.010262
0.0102641
0.0102663
0.0102685
0.0102707
0.0102728
0.010275
0.0102773
0.0102796
0.010282
0.0102845
0.010287
0.0102897
0.0102924
0.0102953
0.0102982
0.0103013
0.0103044
0.0103076
0.010311
0.0103144
0.0103179
0.0103215
0.0103252
0.0103289
0.0103327
0.0103365
0.0103402
0.0103441
0.0103478
0.0103516
0.0103553
0.0103589
0.0103624
0.0103659
0.0103692
0.0103724
0.0103754
0.0103782
0.0103809
0.0103834
0.0103857
0.0103878
0.0103897
0.0103914
0.0103929
0.0103941
0.0103951
0.0103959
0.0103965
0.0103969
0.010397
0.010397
0.0103968
0.0103964
0.0103958
0.0103952
0.0103943
0.0103933
0.0103923
0.0103911
0.0103899
0.0103887
0.0103874
0.0103861
0.0103848
0.0103835
0.0103822
0.010381
0.0103798
0.0103787
0.0103777
0.0103767
0.0103758
0.010375
0.0103743
0.0103737
0.0103732
0.0103727
0.0103723
0.0103719
0.0103717
0.0103715
0.0103713
0.0103712
0.0103711
0.010371
0.0103709
0.0103709
0.0103708
0.0103708
0.0103707
0.0103706
0.0103704
0.0103702
0.01037
0.0103698
0.0103694
0.0103691
0.0103687
0.0103682
0.0103677
0.0103671
0.0103665
0.0103659
0.0103652
0.0103645
0.0103638
0.0103631
0.0103625
0.0103618
0.0103611
0.0103606
0.01036
0.0103596
0.0103593
0.010359
0.0103589
0.0103589
0.010359
0.0103592
0.0103597
0.0103603
0.0103611
0.0103621
0.0103633
0.0103647
0.0103663
0.010368
0.01037
0.0103722
0.0103746
0.0103771
0.0103799
0.0103828
0.0103859
0.0103891
0.0103925
0.0103959
0.0103995
0.0104032
0.0104069
0.0104107
0.0104145
0.0104183
0.0104221
0.0104259
0.0104296
0.0104333
0.0104369
0.0104404
0.0104437
0.0104469
0.01045
0.0104529
0.0104557
0.0104582
0.0104606
0.0104628
0.0104647
0.0104665
0.010468
0.0104694
0.0104705
0.0104715
0.0104722
0.0104728
0.0104732
0.0104734
0.0104735
0.0104735
0.0104733
0.010473
0.0104726
0.0104721
0.0104716
0.010471
0.0104703
0.0104696
0.0104688
0.0104681
0.0104673
0.0104665
0.0104657
0.0104649
0.0104642
0.0104635
0.0104628
0.0104621
0.0104614
0.0104608
0.0104602
0.0104596
0.010459
0.0104584
0.0104579
0.0104574
0.0104569
0.0104564
0.0104559
0.0104554
0.010455
0.0104546
0.0104541
0.0104537
0.0104534
0.010453
0.0104526
0.0104523
0.0104519
0.0104516
0.0104513
0.010451
0.0104507
0.0104504
0.01045
0.0104497
0.0104493
0.010449
0.0104486
0.0104481
0.0104475
0.010447
0.0104463
0.0104456
0.0104448
0.0104439
0.010443
0.0104418
0.0104406
0.0104393
0.0104378
0.0104362
0.0104345
0.0104326
0.0104307
0.0104286
0.0104263
0.010424
0.0104215
0.0104189
0.0104163
0.0104136
0.0104108
0.010408
0.0104051
0.0104021
0.0103992
0.0103962
0.0103933
0.0103904
0.0103874
0.0103845
0.0103817
0.0103789
0.0103761
0.0103735
0.0103709
0.0103684
0.0103659
0.0103636
0.0103613
0.0103592
0.0103572
0.0103553
0.0103534
0.0103517
0.0103501
0.0103486
0.0103472
0.010346
0.0103448
0.0103438
0.0103428
0.010342
0.0103413
0.0103407
0.0103402
0.0103398
0.0103395
0.0103393
0.0103392
0.0103392
0.0103394
0.0103395
0.0103398
0.0103401
0.0103405
0.0103409
0.0103415
0.010342
0.0103426
0.0103433
0.0103439
0.0103446
0.0103453
0.010346
0.0103467
0.0103475
0.0103482
0.0103489
0.0103495
0.0103502
0.0103508
0.0103514
0.010352
0.0103526
0.0103532
0.0103538
0.0103543
0.0103549
0.0103554
0.010356
0.0103566
0.0103572
0.0103578
0.0103584
0.0103591
0.0103598
0.0103606
0.0103614
0.0103623
0.0103631
0.0103641
0.0103651
0.0103662
0.0103674
0.0103686
0.0103699
0.0103712
0.0103726
0.0103741
0.0103757
0.0103773
0.0103791
0.0103809
0.0103829
0.0103849
0.0103871
0.0103894
0.0103918
0.0103943
0.010397
0.0103998
0.0104027
0.0104059
0.0104091
0.0104125
0.010416
0.0104198
0.0104236
0.0104276
0.0104318
0.0104361
0.0104405
0.010445
0.0104496
0.0104543
0.010459
0.0104638
0.0104686
0.0104733
0.0104781
0.0104828
0.0104874
0.0104919
0.0104963
0.0105006
0.0105047
0.0105087
0.0105124
0.0105159
0.0105192
0.0105223
0.010525
0.0105276
0.0105298
0.0105318
0.0105335
0.0105349
0.0105361
0.0105369
0.0105375
0.0105379
0.0105379
0.0105378
0.0105373
0.0105367
0.0105358
0.0105347
0.0105334
0.0105319
0.0105303
0.0105285
0.0105266
0.0105245
0.0105224
0.0105202
0.0105179
0.0105156
0.0105132
0.0105109
0.0105085
0.0105062
0.010504
0.0105017
0.0104996
0.0104975
0.0104955
0.0104937
0.010492
0.0104905
0.0104891
0.0104878
0.0104868
0.0104859
0.0104853
0.0104848
0.0104846
0.0104845
0.0104846
0.010485
0.0104855
0.0104862
0.0104871
0.0104882
0.0104894
0.0104909
0.0104924
0.010494
0.0104958
0.0104977
0.0104996
0.0105017
0.0105037
0.0105058
0.010508
0.0105101
0.0105122
0.0105143
0.0105164
0.0105184
0.0105204
0.0105223
0.0105242
0.010526
0.0105277
0.0105294
0.010531
0.0105325
0.0105341
0.0105355
0.0105369
0.0105383
0.0105396
0.010541
0.0105423
0.0105435
0.0105448
0.0105461
0.0105474
0.0105487
0.01055
0.0105513
0.0105526
0.010554
0.0105554
0.0105568
0.0105582
0.0105596
0.0105611
0.0105625
0.010564
0.0105655
0.0105669
0.0105684
0.0105699
0.0105713
0.0105727
0.0105741
0.0105755
0.0105768
0.0105781
0.0105793
0.0105805
0.0105816
0.0105826
0.0105836
0.0105845
0.0105853
0.010586
0.0105865
0.010587
0.0105873
0.0105875
0.0105876
0.0105875
0.0105873
0.010587
0.0105865
0.0105859
0.0105852
0.0105843
0.0105834
0.0105823
0.0105811
0.0105798
0.0105785
0.0105771
0.0105756
0.0105742
0.0105727
0.0105713
0.0105698
0.0105684
0.010567
0.0105657
0.0105645
0.0105634
0.0105624
0.0105615
0.0105606
0.0105599
0.0105594
0.010559
0.0105587
0.0105585
0.0105584
0.0105585
0.0105587
0.0105591
0.0105595
0.01056
0.0105605
0.0105612
0.010562
0.0105627
0.0105635
0.0105644
0.0105652
0.010566
0.0105669
0.0105676
0.0105683
0.010569
0.0105696
0.0105702
0.0105706
0.010571
0.0105712
0.0105714
0.0105713
0.0105712
0.010571
0.0105706
0.0105701
0.0105695
0.0105687
0.0105679
0.0105669
0.0105658
0.0105645
0.0105632
0.0105618
0.0105603
0.0105587
0.0105571
0.0105553
0.0105536
0.0105518
0.01055
0.0105482
0.0105464
0.0105446
0.0105429
0.0105411
0.0105394
0.0105377
0.0105361
0.0105345
0.010533
0.0105315
0.0105301
0.0105288
0.0105275
0.0105262
0.010525
0.0105239
0.0105229
0.0105219
0.0105209
0.0105201
0.0105193
0.0105186
0.0105179
0.0105174
0.0105169
0.0105166
0.0105163
0.0105162
0.0105162
0.0105164
0.0105166
0.0105171
0.0105177
0.0105185
0.0105194
0.0105204
0.0105216
0.010523
0.0105245
0.0105261
0.0105279
0.0105297
0.0105317
0.0105337
0.0105358
0.0105379
0.01054
0.0105422
0.0105443
0.0105464
0.0105484
0.0105504
0.0105522
0.010554
0.0105556
0.0105572
0.0105586
0.0105599
0.010561
0.0105619
0.0105628
0.0105634
0.0105639
0.0105642
0.0105643
0.0105642
0.010564
0.0105637
0.0105631
0.0105625
0.0105616
0.0105607
0.0105596
0.0105584
0.010557
0.0105556
0.0105541
0.0105524
0.0105507
0.0105488
0.010547
0.010545
0.010543
0.010541
0.0105389
0.0105367
0.0105346
0.0105324
0.0105301
0.0105279
0.0105257
0.0105235
0.0105212
0.010519
0.0105169
0.0105147
0.0105126
0.0105106
0.0105086
0.0105066
0.0105048
0.010503
0.0105012
0.0104996
0.010498
0.0104965
0.010495
0.0104937
0.0104925
0.0104913
0.0104902
0.0104891
0.0104882
0.0104873
0.0104865
0.0104858
0.0104851
0.0104846
0.010484
0.0104836
0.0104832
0.0104829
0.0104827
0.0104825
0.0104824
0.0104824
0.0104824
0.0104824
0.0104825
0.0104827
0.0104828
0.010483
0.0104832
0.0104833
0.0104835
0.0104837
0.0104838
0.0104838
0.0104838
0.0104837
0.0104835
0.0104832
0.0104827
0.0104821
0.0104814
0.0104805
0.0104794
0.0104782
0.0104768
0.0104752
0.0104734
0.0104714
0.0104693
0.010467
0.0104645
0.0104618
0.0104591
0.0104562
0.0104532
0.0104502
0.010447
0.0104438
0.0104406
0.0104374
0.0104342
0.010431
0.0104277
0.0104246
0.0104215
0.0104185
0.0104155
0.0104127
0.0104099
0.0104071
0.0104045
0.0104019
0.0103994
0.010397
0.0103947
0.0103924
0.0103902
0.0103881
0.0103861
0.0103841
0.0103823
0.0103805
0.0103788
0.0103772
0.0103757
0.0103744
0.0103732
0.010372
0.0103711
0.0103703
0.0103696
0.0103691
0.0103688
0.0103686
0.0103686
0.0103688
0.0103691
0.0103696
0.0103703
0.0103712
0.0103722
0.0103734
0.0103747
0.0103762
0.0103777
0.0103795
0.0103813
0.0103832
0.0103852
0.0103872
0.0103893
0.0103914
0.0103935
0.0103955
0.0103976
0.0103995
0.0104014
0.0104032
0.0104049
0.0104064
0.0104078
0.010409
0.01041
0.0104109
0.0104115
0.0104119
0.0104121
0.010412
0.0104117
0.0104112
0.0104104
0.0104094
0.0104081
0.0104065
0.0104047
0.0104027
0.0104005
0.010398
0.0103954
0.0103925
0.0103895
0.0103864
0.0103831
0.0103797
0.0103762
0.0103726
0.0103689
0.0103652
0.0103615
0.0103577
0.0103539
0.0103502
0.0103464
0.0103427
0.010339
0.0103353
0.0103317
0.0103282
0.0103248
0.0103214
0.0103181
0.0103148
0.0103116
0.0103086
0.0103056
0.0103027
0.0102998
0.0102971
0.0102944
0.0102918
0.0102894
0.010287
0.0102847
0.0102825
0.0102804
0.0102784
0.0102765
0.0102747
0.010273
0.0102714
0.01027
0.0102686
0.0102674
0.0102663
0.0102653
0.0102644
0.0102637
0.010263
0.0102625
0.0102622
0.0102619
0.0102618
0.0102618
0.0102619
0.0102621
0.0102625
0.0102629
0.0102634
0.010264
0.0102647
0.0102655
0.0102664
0.0102673
0.0102684
0.0102695
0.0102707
0.0102719
0.0102732
0.0102746
0.010276
0.0102776
0.0102792
0.0102808
0.0102825
0.0102843
0.0102862
0.0102882
0.0102902
0.0102923
0.0102944
0.0102966
0.0102989
0.0103012
0.0103036
0.010306
0.0103085
0.0103111
0.0103136
0.0103162
0.0103188
0.0103215
0.0103241
0.0103267
0.0103294
0.010332
0.0103346
0.0103372
0.0103398
0.0103423
0.0103449
0.0103474
0.0103499
0.0103523
0.0103547
0.0103571
0.0103595
0.0103618
0.0103641
0.0103664
0.0103687
0.0103709
0.0103732
0.0103754
0.0103776
0.0103798
0.010382
0.0103842
0.0103863
0.0103885
0.0103906
0.0103927
0.0103949
0.010397
0.0103992
0.0104013
0.0104034
0.0104055
0.0104076
0.0104097
0.0104119
0.010414
0.010416
0.010418
0.01042
0.010422
0.0104239
0.0104257
0.0104274
0.010429
0.0104306
0.010432
0.0104334
0.0104346
0.0104357
0.0104366
0.0104374
0.010438
0.0104385
0.0104388
0.0104389
0.0104389
0.0104387
0.0104384
0.0104378
0.0104372
0.0104364
0.0104354
0.0104344
0.0104332
0.0104319
0.0104305
0.010429
0.0104275
0.0104259
0.0104243
0.0104227
0.0104211
0.0104194
0.0104178
0.0104163
0.0104147
0.0104132
0.0104118
0.0104104
0.0104091
0.0104079
0.0104068
0.0104058
0.0104048
0.0104038
0.010403
0.0104022
0.0104015
0.0104009
0.0104003
0.0103997
0.0103993
0.0103988
0.0103985
0.0103981
0.0103978
0.0103976
0.0103974
0.0103973
0.0103973
0.0103973
0.0103974
0.0103975
0.0103978
0.0103981
0.0103985
0.0103991
0.0103997
0.0104005
0.0104014
0.0104024
0.0104036
0.0104048
0.0104062
0.0104076
0.0104091
0.0104108
0.0104125
0.0104143
0.0104161
0.010418
0.01042
0.010422
0.010424
0.0104261
0.0104282
0.0104303
0.0104324
0.0104345
0.0104366
0.0104387
0.0104407
0.0104428
0.0104448
0.0104468
0.0104489
0.0104508
0.0104528
0.0104547
0.0104566
0.0104585
0.0104603
0.0104622
0.010464
0.0104658
0.0104676
0.0104693
0.010471
0.0104728
0.0104745
0.0104762
0.0104779
0.0104796
0.0104812
0.0104829
0.0104845
0.0104861
0.0104878
0.0104894
0.0104911
0.0104927
0.0104944
0.010496
0.0104976
0.0104992
0.0105008
0.0105024
0.010504
0.0105056
0.0105072
0.0105087
0.0105102
0.0105116
0.010513
0.0105144
0.0105156
0.0105168
0.0105179
0.010519
0.0105199
0.0105208
0.0105215
0.0105222
0.0105228
0.0105232
0.0105236
0.0105239
0.010524
0.0105241
0.0105242
0.0105241
0.010524
0.0105238
0.0105236
0.0105233
0.010523
0.0105226
0.0105222
0.0105218
0.0105213
0.0105208
0.0105203
0.0105197
0.0105191
0.0105185
0.0105179
0.0105172
0.0105165
0.0105158
0.010515
0.0105141
0.0105132
0.0105122
0.0105112
0.0105101
0.0105089
0.0105076
0.0105063
0.0105049
0.0105033
0.0105017
0.0105
0.0104982
0.0104964
0.0104944
0.0104924
0.0104902
0.0104881
0.0104858
0.0104835
0.0104811
0.0104787
0.0104762
0.0104738
0.0104713
0.0104688
0.0104664
0.010464
0.0104617
0.0104594
0.0104573
0.0104552
0.0104532
0.0104514
0.0104497
0.0104481
0.0104467
0.0104455
0.0104445
0.0104435
0.0104428
0.0104422
0.0104418
0.0104415
0.0104414
0.0104413
0.0104414
0.0104416
0.0104419
0.0104423
0.0104427
0.0104432
0.0104437
0.0104442
0.0104447
0.0104452
0.0104456
0.010446
0.0104464
0.0104466
0.0104468
0.0104469
0.0104469
0.0104468
0.0104466
0.0104463
0.0104459
0.0104454
0.0104448
0.0104441
0.0104433
0.0104424
0.0104414
0.0104403
0.0104392
0.010438
0.0104367
0.0104354
0.010434
0.0104326
0.010431
0.0104295
0.0104279
0.0104262
0.0104245
0.0104228
0.010421
0.0104191
0.0104172
0.0104153
0.0104133
0.0104112
0.0104092
0.010407
0.0104048
0.0104026
0.0104003
0.0103981
0.0103958
0.0103936
0.0103913
0.010389
0.0103868
0.0103846
0.0103824
0.0103802
0.0103781
0.010376
0.010374
0.0103721
0.0103702
0.0103685
0.0103668
0.0103652
0.0103637
0.0103624
0.0103611
0.0103599
0.0103587
0.0103577
0.0103567
0.0103558
0.010355
0.0103542
0.0103535
0.0103528
0.0103522
0.0103516
0.0103511
0.0103505
0.01035
0.0103495
0.0103491
0.0103486
0.0103482
0.0103477
0.0103473
0.0103469
0.0103465
0.0103461
0.0103458
0.0103455
0.0103453
0.010345
0.0103449
0.0103447
0.0103446
0.0103447
0.0103447
0.0103448
0.010345
0.0103452
0.0103455
0.0103458
0.0103462
0.0103466
0.010347
0.0103475
0.0103479
0.0103484
0.0103488
0.0103491
0.0103495
0.0103497
0.0103499
0.01035
0.01035
0.0103499
0.0103496
0.0103492
0.0103487
0.010348
0.0103471
0.0103461
0.0103449
0.0103436
0.0103421
0.0103405
0.0103388
0.0103369
0.010335
0.010333
0.0103309
0.0103288
0.0103266
0.0103245
0.0103224
0.0103203
0.0103183
0.0103164
0.0103147
0.0103131
0.0103116
0.0103104
0.0103095
0.0103087
0.0103083
0.0103082
0.0103083
0.0103088
0.0103097
0.0103109
0.0103124
0.0103143
0.0103165
0.0103191
0.010322
0.0103251
0.0103286
0.0103324
0.0103364
0.0103406
0.010345
0.0103497
0.0103544
0.0103592
0.010364
0.0103689
0.0103738
0.0103787
0.0103835
0.0103882
0.0103929
0.0103973
0.0104017
0.0104058
0.0104098
0.0104136
0.0104172
0.0104206
0.0104238
0.0104268
0.0104297
0.0104323
0.0104347
0.010437
0.0104392
0.0104412
0.010443
0.0104448
0.0104465
0.0104482
0.0104497
0.0104512
0.0104527
0.0104542
0.0104556
0.0104571
0.0104586
0.0104601
0.0104617
0.0104633
0.010465
0.0104667
0.0104685
0.0104703
0.0104723
0.0104743
0.0104764
0.0104786
0.0104808
0.0104832
0.0104857
0.0104882
0.0104908
0.0104936
0.0104964
0.0104993
0.0105022
0.0105053
0.0105084
0.0105117
0.010515
0.0105184
0.0105219
0.0105254
0.0105291
0.0105328
0.0105366
0.0105404
0.0105443
0.0105483
0.0105523
0.0105564
0.0105606
0.0105648
0.010569
0.0105733
0.0105776
0.010582
0.0105863
0.0105907
0.0105951
0.0105994
0.0106038
0.0106081
0.0106125
0.0106168
0.010621
0.0106252
0.0106293
0.0106333
0.0106372
0.010641
0.0106447
0.0106483
0.0106518
0.0106552
0.0106584
0.0106616
0.0106645
0.0106673
0.01067
0.0106726
0.0106751
0.0106774
0.0106796
0.0106817
0.0106838
0.0106857
0.0106876
0.0106895
0.0106913
0.0106931
0.0106949
0.0106966
0.0106984
0.0107003
0.0107021
0.010704
0.0107059
0.0107078
0.0107098
0.0107119
0.010714
0.0107161
0.0107182
0.0107204
0.0107226
0.0107248
0.0107269
0.010729
0.0107311
0.0107331
0.0107351
0.010737
0.0107387
0.0107404
0.0107419
0.0107433
0.0107445
0.0107456
0.0107466
0.0107473
0.0107479
0.0107483
0.0107484
0.0107484
0.0107482
0.0107478
0.0107473
0.0107465
0.0107456
0.0107445
0.0107432
0.0107419
0.0107404
0.0107388
0.0107371
0.0107354
0.0107335
0.0107317
0.0107298
0.010728
0.0107262
0.0107245
0.0107228
0.0107212
0.0107197
0.0107183
0.0107171
0.0107159
0.010715
0.0107142
0.0107136
0.0107131
0.0107128
0.0107126
0.0107126
0.0107128
0.0107131
0.0107135
0.0107141
0.0107148
0.0107155
0.0107164
0.0107174
0.0107184
0.0107194
0.0107205
0.0107216
0.0107228
0.0107239
0.0107249
0.010726
0.010727
0.010728
0.010729
0.0107299
0.0107307
0.0107315
0.0107322
0.0107329
0.0107335
0.010734
0.0107345
0.0107349
0.0107353
0.0107356
0.0107359
0.0107362
0.0107364
0.0107366
0.0107368
0.0107369
0.010737
0.0107371
0.0107372
0.0107373
0.0107374
0.0107374
0.0107373
0.0107373
0.0107372
0.010737
0.0107367
0.0107364
0.010736
0.0107354
0.0107348
0.010734
0.0107332
0.0107321
0.0107309
0.0107296
0.010728
0.0107263
0.0107245
0.0107225
0.0107203
0.0107179
0.0107153
0.0107126
0.0107097
0.0107066
0.0107034
0.0107
0.0106965
0.0106929
0.0106892
0.0106853
0.0106814
0.0106774
0.0106733
0.0106692
0.0106651
0.0106609
0.0106567
0.0106525
0.0106483
0.0106442
0.0106401
0.010636
0.010632
0.010628
0.0106241
0.0106203
0.0106166
0.010613
0.0106094
0.010606
0.0106027
0.0105995
0.0105965
0.0105935
0.0105907
0.010588
0.0105854
0.010583
0.0105806
0.0105785
0.0105764
0.0105745
0.0105726
0.0105709
0.0105693
0.0105679
0.0105665
0.0105653
0.0105641
0.0105631
0.0105621
0.0105612
0.0105605
0.0105598
0.0105592
0.0105587
0.0105584
0.0105581
0.0105579
0.0105578
0.0105577
0.0105578
0.0105579
0.0105581
0.0105584
0.0105587
0.010559
0.0105595
0.0105599
0.0105604
0.010561
0.0105616
0.0105622
0.0105627
0.0105633
0.0105638
0.0105644
0.0105648
0.0105653
0.0105656
0.010566
0.0105662
0.0105664
0.0105665
0.0105665
0.0105664
0.0105662
0.0105659
0.0105656
0.0105651
0.0105646
0.0105639
0.0105632
0.0105624
0.0105615
0.0105606
0.0105596
0.0105586
0.0105576
0.0105565
0.0105555
0.0105544
0.0105533
0.0105523
0.0105512
0.0105502
0.0105491
0.0105482
0.0105472
0.0105463
0.0105455
0.0105446
0.0105438
0.0105429
0.0105422
0.0105414
0.0105406
0.0105399
0.0105391
0.0105383
0.0105375
0.0105367
0.0105358
0.010535
0.0105341
0.0105331
0.0105321
0.010531
0.0105299
0.0105288
0.0105276
0.0105263
0.010525
0.0105236
0.0105221
0.0105206
0.010519
0.0105174
