11.9488
0.698239
0.697778
0.697295
0.696784
0.696242
0.695662
0.695041
0.694375
0.69366
0.692896
0.692082
0.691224
0.69033
0.689418
0.688511
0.687645
0.686865
0.686228
0.685796
0.685632
0.685791
0.686305
0.687177
0.688378
0.689846
0.691494
0.693224
0.694936
0.696538
0.697957
0.699137
0.700047
0.700678
0.701039
0.701152
0.70105
0.700774
0.700369
0.699888
0.699388
0.698936
0.698594
0.698415
0.698436
0.698661
0.699064
0.699592
0.700176
0.700748
0.701247
0.701625
0.701852
0.70192
0.701851
0.701692
0.701499
0.701327
0.701209
0.701149
0.701125
0.701104
0.701058
0.700983
0.700897
0.700832
0.700815
0.700858
0.700958
0.701094
0.701245
0.701383
0.701488
0.701536
0.70151
0.701391
0.70117
0.70085
0.700445
0.699983
0.699499
0.699035
0.698632
0.698329
0.698147
0.698083
0.698101
0.698147
0.698177
0.698189
0.698224
0.698347
0.698618
0.699059
0.699633
0.700252
0.700811
0.701222
0.701451
0.701516
0.70147
0.701376
0.701286
0.701225
0.701197
0.701188
0.701175
0.701147
0.701099
0.701044
0.701004
0.700998
0.701032
0.701085
0.701113
0.701069
0.700924
0.700683
0.700377
0.70005
0.699745
0.699492
0.699303
0.699172
0.699091
0.699058
0.699091
0.699214
0.699423
0.699666
0.699876
0.700015
0.70009
0.700114
0.700107
0.700112
0.700192
0.700387
0.700678
0.700988
0.701231
0.701361
0.701377
0.701308
0.701188
0.701035
0.700854
0.700646
0.700412
0.700162
0.69991
0.699671
0.699458
0.699282
0.699142
0.699032
0.698937
0.698851
0.69878
0.698741
0.698759
0.698857
0.699048
0.699338
0.699716
0.700151
0.700591
0.700972
0.701235
0.701347
0.701299
0.701092
0.700736
0.700266
0.699756
0.699306
0.698998
0.698844
0.69877
0.698669
0.69848
0.698218
0.697951
0.69775
0.697663
0.697704
0.697853
0.698072
0.698323
0.698584
0.698857
0.699156
0.699497
0.699879
0.700274
0.700632
0.700901
0.701055
0.701108
0.701109
0.701116
0.701168
0.701265
0.70137
0.701435
0.70143
0.701351
0.70122
0.701065
0.700903
0.700738
0.700559
0.700354
0.700114
0.699843
0.699561
0.699298
0.699092
0.698974
0.698954
0.699011
0.699104
0.699189
0.699239
0.699256
0.699258
0.699274
0.699329
0.699444
0.699631
0.699887
0.700191
0.700498
0.70075
0.700893
0.700898
0.700777
0.700576
0.700358
0.700174
0.700047
0.699963
0.699894
0.699833
0.69982
0.699905
0.70008
0.700243
0.700268
0.700117
0.699861
0.699615
0.699462
0.699429
0.6995
0.699648
0.699861
0.700149
0.700528
0.700975
0.701402
0.701683
0.701731
0.70155
0.701226
0.700881
0.70063
0.700539
0.700607
0.700771
0.700939
0.701029
0.700991
0.70081
0.700498
0.70009
0.699634
0.69918
0.698769
0.698431
0.698176
0.697992
0.697859
0.697762
0.697714
0.697761
0.697965
0.698365
0.698946
0.699627
0.700293
0.70083
0.701169
0.701297
0.701252
0.701109
0.700942
0.700788
0.700631
0.700437
0.7002
0.699951
0.699715
0.699471
0.699164
0.698756
0.698271
0.697821
0.697572
0.697677
0.698163
0.698882
0.699586
0.700065
0.70024
0.700143
0.699872
0.699534
0.699214
0.698963
0.698794
0.698697
0.698652
0.698651
0.698727
0.698963
0.699451
0.70019
0.70099
0.701571
0.701775
0.701662
0.70142
0.701224
0.701171
0.701271
0.701465
0.70166
0.701767
0.701727
0.701528
0.701214
0.700855
0.700526
0.700268
0.700073
0.699897
0.699699
0.699475
0.699262
0.699123
0.699107
0.699219
0.699421
0.699648
0.69984
0.699958
0.699999
0.699994
0.700013
0.700135
0.700406
0.700787
0.701148
0.70135
0.70133
0.701123
0.700822
0.700524
0.700301
0.700199
0.700233
0.700373
0.700552
0.700691
0.700738
0.700692
0.70058
0.700433
0.70027
0.700112
0.699992
0.699941
0.699916
0.69979
0.699444
0.698897
0.698297
0.697821
0.697578
0.697583
0.697795
0.698155
0.6986
0.699059
0.699464
0.699767
0.699958
0.700065
0.700133
0.700199
0.700273
0.700341
0.70039
0.700423
0.700456
0.700499
0.700551
0.700621
0.700733
0.700908
0.701146
0.701418
0.701677
0.701872
0.701959
0.701912
0.701723
0.701403
0.700983
0.700503
0.700005
0.699522
0.69907
0.698652
0.698269
0.697933
0.697671
0.697515
0.697498
0.697633
0.697908
0.698287
0.698721
0.699168
0.699603
0.700012
0.700374
0.700654
0.700812
0.700825
0.700704
0.700509
0.700327
0.700227
0.700227
0.700289
0.70035
0.700369
0.700335
0.700264
0.700179
0.700093
0.700009
0.699921
0.699817
0.699691
0.699544
0.69938
0.699204
0.699017
0.698814
0.698594
0.698361
0.698129
0.697927
0.697795
0.697788
0.697958
0.698327
0.698849
0.699419
0.699916
0.700257
0.700407
0.700361
0.700125
0.69973
0.699238
0.698737
0.698323
0.698083
0.698096
0.698414
0.699018
0.699798
0.700584
0.701248
0.701768
0.702184
0.702519
0.702744
0.702802
0.702665
0.702363
0.701976
0.701586
0.701247
0.700979
0.700792
0.7007
0.700708
0.700786
0.700849
0.700798
0.700577
0.700214
0.699808
0.699485
0.699349
0.699444
0.699744
0.700159
0.700583
0.70093
0.70117
0.701317
0.701404
0.701455
0.701481
0.701484
0.70147
0.70144
0.701384
0.701281
0.701097
0.7008
0.700376
0.699842
0.699252
0.698696
0.698261
0.697998
0.69789
0.697855
0.697805
0.697692
0.697538
0.697412
0.697389
0.697517
0.697797
0.698181
0.698605
0.69902
0.699413
0.699793
0.700159
0.70047
0.70067
0.700731
0.700682
0.700598
0.70056
0.700614
0.700752
0.700917
0.701031
0.701046
0.70098
0.700903
0.700884
0.700936
0.701009
0.701035
0.700982
0.700866
0.700721
0.700569
0.700412
0.700255
0.700105
0.699977
0.699876
0.699796
0.699722
0.699637
0.699535
0.69942
0.699313
0.699234
0.699205
0.699233
0.699313
0.699418
0.699518
0.699581
0.699599
0.69959
0.699591
0.699633
0.699705
0.699749
0.699687
0.699472
0.699122
0.698714
0.698349
0.698134
0.698167
0.698527
0.699242
0.700242
0.701341
0.702293
0.702899
0.703099
0.70298
0.7027
0.702393
0.70211
0.701823
0.701479
0.701053
0.700568
0.70007
0.699608
0.69922
0.698929
0.698739
0.698642
0.698614
0.698623
0.698636
0.698626
0.698582
0.698504
0.698407
0.69831
0.698239
0.698218
0.698272
0.698424
0.698713
0.699178
0.699803
0.700465
0.700974
0.701208
0.701185
0.701029
0.700874
0.700811
0.700877
0.701064
0.701344
0.701672
0.701983
0.702192
0.702215
0.702014
0.701618
0.701114
0.700604
0.700159
0.699792
0.69949
0.699263
0.699146
0.699182
0.69938
0.699704
0.700081
0.700429
0.700679
0.700801
0.700808
0.70074
0.700651
0.700577
0.700521
0.700455
0.700338
0.70013
0.699815
0.699403
0.698934
0.698475
0.698114
0.69793
0.697959
0.698163
0.698439
0.698679
0.698829
0.698915
0.699006
0.699156
0.699345
0.699478
0.699435
0.699157
0.698701
0.69823
0.697933
0.697903
0.698089
0.698372
0.698672
0.698962
0.699219
0.699408
0.699517
0.699583
0.699679
0.69988
0.700226
0.700703
0.701246
0.701757
0.702135
0.702313
0.702281
0.702083
0.701794
0.701497
0.701253
0.701084
0.700971
0.700877
0.700765
0.700621
0.70046
0.70031
0.700198
0.700127
0.700072
0.699995
0.699872
0.699713
0.699558
0.699454
0.699413
0.699389
0.699302
0.69909
0.698756
0.698367
0.698013
0.69777
0.697688
0.697784
0.698055
0.698482
0.699024
0.699608
0.700124
0.700463
0.700564
0.700446
0.700191
0.699889
0.699598
0.699326
0.699056
0.698781
0.698529
0.698372
0.698404
0.698703
0.699294
0.700123
0.701066
0.701962
0.70267
0.703107
0.70325
0.703115
0.702732
0.702149
0.701442
0.700708
0.700045
0.699515
0.69913
0.698885
0.698802
0.698906
0.699172
0.69952
0.699883
0.700261
0.700685
0.701146
0.701576
0.701886
0.702027
0.702008
0.701872
0.701662
0.701397
0.70108
0.700704
0.700277
0.699823
0.699389
0.699033
0.698807
0.698733
0.698786
0.698899
0.699008
0.699077
0.699091
0.699044
0.698932
0.69877
0.698593
0.698444
0.698363
0.698366
0.698449
0.698605
0.698853
0.699227
0.699744
0.700351
0.700927
0.701343
0.701543
0.701574
0.701534
0.701518
0.70158
0.701725
0.701918
0.702096
0.702193
0.702175
0.702045
0.701833
0.701566
0.701257
0.700904
0.700504
0.700062
0.699598
0.699139
0.69872
0.698387
0.69819
0.698177
0.698374
0.698766
0.699297
0.699894
0.700494
0.701056
0.701548
0.701935
0.702173
0.702229
0.702102
0.70183
0.70147
0.701075
0.700668
0.700258
0.699846
0.699448
0.699102
0.698863
0.698791
0.698919
0.699236
0.699673
0.700124
0.700491
0.700724
0.700829
0.700843
0.700802
0.700721
0.700598
0.700426
0.700203
0.699939
0.699661
0.699416
0.699253
0.699202
0.699247
0.699315
0.699308
0.699154
0.698845
0.698455
0.698101
0.697893
0.697905
0.698171
0.698677
0.699328
0.699938
0.700337
0.700483
0.700458
0.700374
0.700301
0.700257
0.700223
0.700165
0.700068
0.699955
0.699904
0.700005
0.70032
0.700831
0.701441
0.702015
0.702441
0.70267
0.702712
0.702616
0.702442
0.70224
0.702046
0.701859
0.701641
0.701333
0.700899
0.700362
0.69979
0.699268
0.69885
0.698545
0.698313
0.698076
0.697754
0.697316
0.696807
0.69635
0.696122
0.696293
0.696951
0.698043
0.699379
0.700719
0.701862
0.702681
0.703117
0.703169
0.702886
0.702348
0.701645
0.700864
0.70009
0.699419
0.69896
0.698803
0.698968
0.699369
0.699868
0.700351
0.700753
0.701053
0.701263
0.701405
0.701497
0.701537
0.701507
0.701387
0.701173
0.700887
0.700575
0.700289
0.700067
0.699923
0.699841
0.699793
0.699747
0.699685
0.699597
0.699491
0.699392
0.699334
0.699353
0.69947
0.699681
0.699957
0.700255
0.700532
0.700749
0.700878
0.700908
0.700846
0.700715
0.700547
0.700377
0.700254
0.700227
0.700331
0.700551
0.700816
0.701022
0.701092
0.701003
0.700782
0.700479
0.70015
0.699842
0.699598
0.699449
0.699407
0.699462
0.69959
0.699759
0.69994
0.70011
0.700251
0.70035
0.7004
0.700396
0.700336
0.700227
0.700089
0.699949
0.699833
0.699752
0.699691
0.699619
0.699507
0.699344
0.699147
0.698966
0.698884
0.698978
0.699252
0.699586
0.699805
0.699799
0.699579
0.699234
0.698885
0.698661
0.698673
0.698957
0.699418
0.699852
0.700076
0.700029
0.699757
0.699351
0.698888
0.698422
0.697991
0.697638
0.697397
0.697275
0.697262
0.697353
0.697551
0.697821
0.69809
0.698318
0.698545
0.698859
0.699323
0.699935
0.700636
0.70133
0.701914
0.702306
0.702468
0.702409
0.702166
0.701806
0.701433
0.701191
0.701221
0.701573
0.702137
0.702701
0.703095
0.703265
0.70324
0.703071
0.7028
0.702465
0.702095
0.70172
0.701365
0.70105
0.700778
0.700535
0.700289
0.700004
0.699659
0.699261
0.698847
0.698462
0.698149
0.697928
0.697798
0.697741
0.697748
0.697834
0.69803
0.698356
0.698778
0.699201
0.699506
0.69962
0.699583
0.699557
0.699709
0.700036
0.700312
0.700295
0.699933
0.699348
0.698697
0.698096
0.697619
0.697304
0.697158
0.697159
0.697268
0.697442
0.697649
0.697874
0.698132
0.698469
0.698928
0.699513
0.70016
0.700762
0.701237
0.701571
0.701801
0.70196
0.70205
0.702051
0.70194
0.701714
0.701395
0.701022
0.70064
0.700283
0.699973
0.699712
0.699491
0.699296
0.699119
0.698964
0.698853
0.698824
0.698913
0.699133
0.699449
0.699783
0.700061
0.700238
0.700309
0.700303
0.700277
0.700288
0.700355
0.70045
0.700518
0.700526
0.70049
0.700475
0.700557
0.700775
0.701105
0.701482
0.701844
0.702166
0.702449
0.702687
0.702833
0.702829
0.70265
0.702329
0.701938
0.701546
0.701188
0.700859
0.700529
0.700165
0.699759
0.699328
0.698908
0.698534
0.698231
0.698015
0.697909
0.69795
0.69817
0.698575
0.699106
0.699656
0.700117
0.700425
0.700571
0.70058
0.700485
0.700309
0.700074
0.699806
0.699544
0.699337
0.699233
0.69926
0.699397
0.699587
0.699764
0.699897
0.700007
0.700131
0.700286
0.700452
0.700578
0.70061
0.700523
0.700335
0.700117
0.699965
0.699972
0.700171
0.700503
0.700827
0.700994
0.70092
0.700627
0.700227
0.699889
0.699787
0.699998
0.700414
0.700786
0.700915
0.700764
0.700409
0.699948
0.699459
0.698994
0.698587
0.69826
0.698022
0.697871
0.697797
0.697786
0.697826
0.697909
0.698034
0.698204
0.698418
0.698673
0.698955
0.69924
0.699505
0.699736
0.699944
0.700164
0.700438
0.700773
0.701118
0.701372
0.701451
0.701329
0.701054
0.700714
0.700405
0.700203
0.700154
0.70026
0.700481
0.700743
0.70096
0.701072
0.701055
0.700924
0.700711
0.700451
0.700173
0.699906
0.699677
0.699506
0.699403
0.69936
0.699355
0.699363
0.699368
0.699369
0.699379
0.699417
0.699496
0.699614
0.699761
0.699927
0.700101
0.700273
0.700434
0.700578
0.700704
0.700815
0.700912
0.700988
0.701029
0.701023
0.700969
0.700879
0.700781
0.700707
0.700692
0.700757
0.700882
0.700996
0.701008
0.700856
0.700542
0.70012
0.699665
0.699238
0.69888
0.698608
0.69843
0.698353
0.69839
0.698555
0.698844
0.69922
0.699623
0.699987
0.700264
0.700427
0.700472
0.700408
0.700253
0.700032
0.699764
0.699467
0.699154
0.698832
0.698505
0.698186
0.697904
0.69773
0.697779
0.698169
0.698885
0.699695
0.700268
0.70043
0.70024
0.699876
0.699515
0.699281
0.69922
0.699288
0.699413
0.699566
0.699759
0.699998
0.700265
0.700559
0.700889
0.701244
0.701576
0.70183
0.701974
0.702016
0.701976
0.701863
0.70167
0.701393
0.701047
0.70066
0.700263
0.699875
0.699503
0.699145
0.698813
0.698537
0.698362
0.698322
0.69841
0.698577
0.698762
0.698941
0.699153
0.699479
0.699971
0.700572
0.701127
0.701481
0.701572
0.701437
0.701164
0.700844
0.700548
0.700319
0.700165
0.700054
0.699927
0.69972
0.699397
0.698961
0.698454
0.69794
0.697496
0.697203
0.697134
0.697335
0.697807
0.698498
0.699302
0.700068
0.700645
0.700939
0.700966
0.700842
0.700723
0.700735
0.700912
0.701183
0.701429
0.701552
0.701524
0.701359
0.701076
0.700704
0.700295
0.699936
0.699717
0.699704
0.699913
0.700297
0.700761
0.701185
0.701463
0.701542
0.701431
0.701192
0.700904
0.700646
0.700476
0.700432
0.700525
0.700735
0.701013
0.7013
0.701536
0.701681
0.701716
0.701644
0.701479
0.701234
0.700919
0.700541
0.700129
0.699747
0.69949
0.699443
0.699619
0.699916
0.700163
0.700231
0.7001
0.699836
0.699533
0.69927
0.699088
0.698976
0.698899
0.698824
0.698753
0.698713
0.69874
0.698843
0.698992
0.699129
0.699198
0.699183
0.699112
0.699047
0.699059
0.699205
0.699503
0.699921
0.700385
0.700826
0.701204
0.701504
0.701708
0.70179
0.701731
0.701549
0.701297
0.701038
0.700811
0.70062
0.700438
0.700234
0.69999
0.699718
0.699448
0.699213
0.699036
0.698925
0.698874
0.698881
0.698953
0.699098
0.699307
0.699541
0.699739
0.699834
0.699781
0.699588
0.699358
0.699289
0.699587
0.700273
0.701084
0.701694
0.702001
0.702123
0.702208
0.702323
0.702462
0.702586
0.702661
0.702672
0.70261
0.702474
0.702259
0.701966
0.701605
0.701201
0.70079
0.700415
0.700115
0.699916
0.69982
0.69981
0.69985
0.699903
0.699937
0.699937
0.699901
0.699842
0.699765
0.699666
0.699527
0.69933
0.699067
0.698742
0.698374
0.697989
0.697621
0.697308
0.697091
0.697001
0.697041
0.697178
0.697346
0.697467
0.697486
0.697387
0.697194
0.696967
0.696798
0.696796
0.697061
0.697636
0.698447
0.69932
0.700079
0.700646
0.701036
0.701293
0.701443
0.701505
0.701509
0.701484
0.701435
0.70133
0.701119
0.700769
0.700297
0.699762
0.699249
0.698842
0.698609
0.698578
0.698738
0.699041
0.699438
0.699884
0.700344
0.700778
0.701145
0.701414
0.701578
0.701652
0.701665
0.701642
0.701601
0.701552
0.701503
0.701456
0.701408
0.701352
0.701282
0.701192
0.701072
0.700913
0.700699
0.700425
0.700104
0.699775
0.699501
0.699345
0.699337
0.69946
0.699652
0.699837
0.699956
0.699982
0.69992
0.699793
0.69962
0.699396
0.699096
0.698688
0.698175
0.697623
0.697165
0.696964
0.697142
0.697688
0.698428
0.699111
0.699573
0.699812
0.699931
0.700027
0.700143
0.700272
0.700385
0.700471
0.700536
0.700598
0.70066
0.700701
0.700682
0.700583
0.70043
0.700319
0.700359
0.700585
0.700899
0.701145
0.701235
0.701193
0.7011
0.701032
0.701028
0.701091
0.701202
0.701323
0.701406
0.701409
0.701303
0.701086
0.70078
0.700423
0.700048
0.69967
0.699287
0.698893
0.698519
0.69824
0.698166
0.698372
0.698839
0.699445
0.70003
0.700473
0.700721
0.700782
0.700695
0.700507
0.700255
0.699957
0.69962
0.699249
0.698872
0.69856
0.698427
0.698584
0.699037
0.699636
0.700152
0.700434
0.700472
0.70035
0.700171
0.700017
0.699927
0.699883
0.699837
0.699753
0.699629
0.699496
0.6994
0.699393
0.699521
0.699802
0.700189
0.700557
0.700761
0.700726
0.700487
0.700151
0.699829
0.699601
0.699507
0.699547
0.699699
0.69992
0.70015
0.70032
0.700365
0.700247
0.699968
0.699578
0.699168
0.698851
0.698717
0.6988
0.699075
0.699493
0.699997
0.700478
0.700787
0.700831
0.70064
0.700341
0.700073
0.699951
0.70004
0.700345
0.700807
0.701318
0.701779
0.702138
0.702398
0.702575
0.702674
0.702671
0.702536
0.702257
0.701852
0.701356
0.700803
0.700218
0.699617
0.699017
0.69844
0.697918
0.69749
0.697199
0.697083
0.697162
0.69741
0.697765
0.698154
0.69854
0.698938
0.699386
0.699897
0.700431
0.700913
0.70128
0.70152
0.701672
0.701794
0.701936
0.702114
0.7023
0.702426
0.702418
0.702236
0.701894
0.701446
0.700957
0.700477
0.70003
0.699617
0.699233
0.698879
0.698571
0.698337
0.698205
0.698182
0.698249
0.698359
0.698453
0.698488
0.698449
0.69835
0.698225
0.698112
0.698051
0.698072
0.698196
0.698435
0.698787
0.699233
0.699744
0.700277
0.700786
0.701221
0.701541
0.701721
0.70176
0.701688
0.701549
0.701393
0.701264
0.701184
0.701156
0.701152
0.701131
0.701047
0.700874
0.700607
0.700268
0.69989
0.699517
0.6992
0.698981
0.698882
0.698893
0.698978
0.699088
0.699176
0.699216
0.699207
0.699163
0.699105
0.699045
0.698985
0.698919
0.69884
0.698749
0.698649
0.69855
0.698465
0.698424
0.698469
0.698653
0.699012
0.699531
0.700123
0.700667
0.701082
0.701365
0.701566
0.701724
0.701841
0.701896
0.701876
0.701794
0.701681
0.701565
0.701463
0.701376
0.701292
0.701195
0.701068
0.700897
0.700676
0.700401
0.700072
0.699704
0.699329
0.698998
0.698776
0.698717
0.698845
0.699136
0.699522
0.699911
0.700219
0.700405
0.700473
0.70047
0.700452
0.700465
0.700524
0.700612
0.700694
0.700734
0.700714
0.700642
0.700553
0.700498
0.70053
0.700684
0.70095
0.701263
0.70152
0.70164
0.701611
0.701483
0.701329
0.701201
0.701124
0.701103
0.701139
0.701235
0.701374
0.701493
0.701483
0.701256
0.70081
0.700236
0.699662
0.699199
0.698891
0.698705
0.698561
0.698389
0.698169
0.697929
0.697719
0.697582
0.697545
0.697622
0.697821
0.698136
0.698523
0.698902
0.699181
0.699308
0.699282
0.699144
0.698946
0.698736
0.698552
0.698416
0.698335
0.698306
0.698331
0.698418
0.698574
0.698789
0.699034
0.699277
0.699507
0.699733
0.699963
0.700196
0.700416
0.700588
0.700673
0.700658
0.700574
0.700465
0.700343
0.700215
0.700128
0.700165
0.700375
0.700726
0.701109
0.701395
0.701505
0.701435
0.701248
0.70102
0.700807
0.700629
0.700485
0.700378
0.700324
0.700341
0.70042
0.700525
0.700629
0.700752
0.700937
0.7012
0.701497
0.701764
0.701962
0.702103
0.70221
0.702263
0.7022
0.701954
0.701507
0.700899
0.700198
0.699475
0.698777
0.698129
0.697532
0.696976
0.696454
0.695983
0.69562
0.69546
0.695604
0.696094
0.696864
0.69775
0.698588
0.699333
0.70006
0.700828
0.70154
0.701992
0.702061
0.701794
0.701344
0.700882
0.70054
0.700395
0.700459
0.700687
0.700998
0.701309
0.701553
0.701697
0.701739
0.701699
0.701605
0.701485
0.701357
0.701236
0.701134
0.701061
0.701018
0.700996
0.700978
0.700946
0.700895
0.700838
0.700804
0.700817
0.700877
0.700959
0.701015
0.701003
0.700901
0.700713
0.700469
0.70021
0.699975
0.69979
0.699662
0.699582
0.699539
0.699521
0.699517
0.699514
0.699499
0.699463
0.699407
0.699347
0.699304
0.699294
0.699318
0.699354
0.699371
0.69935
0.699315
0.699346
0.699542
0.699931
0.700386
0.700674
0.70063
0.70028
0.699806
0.699423
0.699289
0.699416
0.699662
0.699827
0.69981
0.699653
0.699466
0.699331
0.69926
0.699201
0.699081
0.698848
0.698507
0.698107
0.697718
0.697398
0.697183
0.697084
0.697096
0.697207
0.697402
0.697661
0.697951
0.698229
0.698459
0.698633
0.698786
0.69899
0.699327
0.699843
0.70052
0.701273
0.701978
0.70253
0.702882
0.70304
0.703026
0.702839
0.702464
0.7019
0.701194
0.700445
0.699788
0.699363
0.699249
0.699403
0.699669
0.699885
0.699993
0.700046
0.700135
0.700317
0.700601
0.700955
0.701322
0.701641
0.701864
0.701967
0.701948
0.701818
0.701594
0.701287
0.7009
0.700441
0.699937
0.699451
0.699062
0.698834
0.698777
0.698849
0.698992
0.699165
0.699357
0.699557
0.699746
0.69989
0.699959
0.699946
0.699887
0.699845
0.699885
0.700033
0.700253
0.700463
0.700582
0.700574
0.700452
0.700251
0.700016
0.699796
0.699632
0.699559
0.699587
0.699696
0.699831
0.699932
0.699963
0.699918
0.699809
0.699657
0.699479
0.699296
0.699123
0.698969
0.69884
0.698746
0.698702
0.698722
0.698804
0.698926
0.699066
0.699215
0.699397
0.69966
0.700046
0.70052
0.70095
0.701196
0.701233
0.701145
0.701037
0.700966
0.70094
0.700944
0.700955
0.700953
0.700919
0.700834
0.700668
0.700393
0.700001
0.699523
0.699032
0.698617
0.698347
0.698254
0.698323
0.69851
0.698759
0.699024
0.699275
0.699497
0.699681
0.699824
0.699922
0.699975
0.700002
0.700036
0.700124
0.700299
0.700546
0.700799
0.700971
0.700996
0.700842
0.700522
0.700083
0.699609
0.699197
0.698935
0.698879
0.699036
0.699369
0.699815
0.700299
0.700756
0.701136
0.701412
0.701573
0.701629
0.701608
0.701549
0.7015
0.701485
0.701489
0.701456
0.701318
0.701033
0.700621
0.700163
0.699769
0.699549
0.699572
0.69985
0.700331
0.700913
0.701468
0.701883
0.702096
0.702101
0.701934
0.701648
0.701293
0.700909
0.700524
0.700155
0.699811
0.699493
0.699193
0.698887
0.698533
0.69807
0.69743
0.696552
0.695452
0.694365
0.693907
0.694845
0.697166
0.699738
0.701528
0.702344
0.702471
0.702279
0.70202
0.701787
0.701564
0.701299
0.70095
0.700504
0.699975
0.699394
0.698803
0.698249
0.697802
0.697586
0.697786
0.698574
0.699936
0.701556
0.702963
0.703817
0.704049
0.703788
0.70321
0.702459
0.70163
0.70079
0.699997
0.699311
0.698798
0.698509
0.698462
0.69861
0.698854
0.699082
0.699223
0.699256
0.699186
0.699017
0.698747
0.698384
0.697968
0.697602
0.697439
0.69763
0.698221
0.699088
0.700004
0.700784
0.701362
0.701763
0.702041
0.702247
0.70241
0.702533
0.702592
0.702563
0.702434
0.702222
0.701965
0.701702
0.701464
0.701266
0.701109
0.700986
0.700885
0.700803
0.700741
0.700704
0.700697
0.700714
0.700731
0.70071
0.700606
0.700385
0.700032
0.699567
0.699041
0.698551
0.698239
0.69827
0.698716
0.699419
0.700047
0.700373
0.700414
0.700308
0.700157
0.699981
0.699767
0.6995
0.699183
0.698831
0.698458
0.698076
0.697692
0.697318
0.696977
0.696716
0.696611
0.69676
0.697244
0.698079
0.699172
0.700339
0.701367
0.7021
0.702468
0.70248
0.702193
0.701689
0.701055
0.700382
0.699754
0.699247
0.698914
0.698776
0.698821
0.699018
0.699328
0.699715
0.700134
0.700524
0.700817
0.700962
0.70095
0.700816
0.700623
0.700431
0.700275
0.700138
0.699956
0.699661
0.699235
0.698734
0.698262
0.697919
0.697767
0.697816
0.698036
0.698382
0.698805
0.699261
0.699711
0.700114
0.700428
0.700614
0.700646
0.700525
0.700292
0.700032
0.699863
0.699904
0.700186
0.700601
0.700955
0.701121
0.701115
0.701041
0.701004
0.701063
0.701226
0.701456
0.701684
0.701829
0.701825
0.701642
0.701295
0.700831
0.700314
0.699805
0.699353
0.698979
0.698688
0.698479
0.698358
0.698351
0.698497
0.698821
0.699313
0.699904
0.700474
0.700888
0.701057
0.700991
0.7008
0.700631
0.700562
0.700568
0.700557
0.700451
0.70022
0.699873
0.699446
0.699001
0.698606
0.698312
0.698137
0.698064
0.69807
0.698156
0.698358
0.698705
0.69915
0.699575
0.699883
0.700045
0.700074
0.699988
0.699819
0.699636
0.699527
0.699561
0.699752
0.700052
0.70038
0.700665
0.700867
0.700985
0.701041
0.701072
0.70111
0.701176
0.701263
0.701347
0.701396
0.701393
0.701347
0.701289
0.701244
0.701206
0.701142
0.70103
0.700906
0.700863
0.700963
0.701158
0.7013
0.701249
0.700958
0.700469
0.699863
0.699227
0.698635
0.698156
0.697845
0.697734
0.697815
0.69803
0.698295
0.698526
0.698673
0.698728
0.698723
0.698705
0.698717
0.698772
0.698848
0.6989
0.698885
0.698804
0.698719
0.698759
0.699075
0.699753
0.70071
0.701705
0.70249
0.702962
0.703165
0.703198
0.703146
0.703045
0.702886
0.702636
0.702268
0.701779
0.701203
0.700596
0.700032
0.69958
0.699297
0.699211
0.699317
0.699574
0.699917
0.700271
0.700568
0.700759
0.700821
0.700767
0.700638
0.700492
0.700383
0.700336
0.700341
0.700362
0.700361
0.70031
0.700191
0.699998
0.699731
0.699407
0.699065
0.698759
0.698552
0.698482
0.698539
0.698656
0.698742
0.698738
0.698639
0.698476
0.69829
0.69812
0.697996
0.697942
0.697981
0.698126
0.698385
0.698753
0.699208
0.699711
0.700212
0.700655
0.700991
0.701183
0.701214
0.701092
0.700853
0.700559
0.700282
0.700078
0.699967
0.699929
0.699933
0.699961
0.70002
0.700119
0.700267
0.700459
0.700681
0.700904
0.701086
0.701181
0.701152
0.700987
0.7007
0.700322
0.699889
0.699442
0.699024
0.698678
0.698441
0.69834
0.698395
0.698612
0.69899
0.699498
0.700066
0.700597
0.700995
0.701202
0.701209
0.701046
0.700768
0.700447
0.700159
0.69997
0.699917
0.699992
0.700144
0.700307
0.700432
0.700508
0.700551
0.700557
0.700481
0.700271
0.699928
0.699536
0.699215
0.699046
0.699035
0.699133
0.699276
0.69943
0.699596
0.699792
0.700028
0.700287
0.700539
0.700765
0.70097
0.701162
0.701321
0.701397
0.701333
0.7011
0.700706
0.700183
0.699576
0.698946
0.698378
0.69798
0.697854
0.698026
0.698405
0.69884
0.699239
0.69962
0.700036
0.700474
0.700828
0.700974
0.700867
0.700563
0.700166
0.699775
0.69946
0.69927
0.699238
0.699368
0.699622
0.699935
0.700238
0.700475
0.70061
0.700627
0.700541
0.700394
0.700245
0.700159
0.700181
0.700324
0.700559
0.700835
0.701099
0.701309
0.701436
0.701468
0.701407
0.701271
0.701075
0.700823
0.700506
0.700114
0.699656
0.699174
0.698736
0.698413
0.698258
0.69828
0.698448
0.698708
0.698994
0.699244
0.699415
0.699496
0.69952
0.699558
0.699693
0.69998
0.700388
0.700808
0.701133
0.70136
0.701582
0.701876
0.702198
0.702407
0.702379
0.702089
0.701596
0.700987
0.70035
0.699776
0.699353
0.699128
0.699063
0.699046
0.698979
0.698869
0.698813
0.698909
0.699171
0.699521
0.699852
0.700104
0.700279
0.700418
0.700563
0.700744
0.700965
0.701197
0.701385
0.701462
0.701385
0.70116
0.700837
0.700487
0.700177
0.699957
0.699855
0.699877
0.700003
0.700193
0.700402
0.700591
0.700735
0.700819
0.700828
0.70074
0.70054
0.700223
0.699807
0.699324
0.69882
0.698349
0.697964
0.697713
0.69762
0.697676
0.697837
0.698043
0.69824
0.698393
0.698495
0.698561
0.698632
0.698765
0.699019
0.699423
0.699956
0.700539
0.701069
0.701469
0.701725
0.70188
0.701992
0.702083
0.702098
0.701934
0.701522
0.700876
0.700086
0.699263
0.698505
0.697879
0.697427
0.697177
0.697143
0.697326
0.6977
0.698208
0.698769
0.699302
0.699744
0.700058
0.700223
0.700225
0.700061
0.699752
0.699355
0.698957
0.69866
0.69855
0.698683
0.699061
0.699621
0.70024
0.700784
0.70115
0.701303
0.701261
0.70107
0.700775
0.700411
0.7
0.699563
0.699124
0.698718
0.698395
0.698212
0.698217
0.698428
0.698813
0.699284
0.699723
0.700035
0.700209
0.700328
0.700537
0.700966
0.701649
0.702483
0.703272
0.703841
0.704114
0.704122
0.703941
0.703657
0.70334
0.70304
0.702783
0.702572
0.702389
0.702209
0.702002
0.701748
0.70144
0.701083
0.700698
0.700319
0.69999
0.699747
0.699612
0.699577
0.699611
0.699666
0.699705
0.699709
0.699684
0.699646
0.699609
0.699579
0.699557
0.699541
0.699536
0.699541
0.699554
0.699563
0.699555
0.699519
0.69945
0.69935
0.699227
0.69909
0.698945
0.698797
0.698645
0.698488
0.698322
0.698149
0.697997
0.697937
0.698078
0.698495
0.699133
0.699796
0.70025
0.700372
0.700197
0.699875
0.699582
0.699428
0.699422
0.699483
0.699517
0.699484
0.699451
0.699622
0.700239
0.701306
0.702382
0.702927
0.702808
0.702264
0.701583
0.700942
0.700412
0.700013
0.699754
0.699637
0.699651
0.699759
0.699903
0.700022
0.700083
0.700078
0.700016
0.699913
0.699792
0.699683
0.699619
0.699626
0.699713
0.699869
0.700062
0.700252
0.700395
0.700456
0.700412
0.700254
0.699992
0.699651
0.699263
0.698868
0.6985
0.698197
0.698007
0.697986
0.698186
0.698615
0.699212
0.69985
0.700393
0.70075
0.700896
0.700861
0.700693
0.700442
0.700151
0.699855
0.699579
0.699331
0.699105
0.698883
0.698666
0.698489
0.698423
0.698552
0.698922
0.699495
0.700157
0.700775
0.701265
0.701617
0.701859
0.702023
0.702121
0.702138
0.702053
0.701857
0.701565
0.701212
0.700836
0.700468
0.700126
0.699805
0.699489
0.699159
0.698802
0.698428
0.698069
0.697771
0.697586
0.697552
0.697678
0.697942
0.698292
0.698663
0.699011
0.699325
0.699636
0.699977
0.700349
0.700718
0.701039
0.701299
0.70151
0.701693
0.701852
0.701974
0.702036
0.702028
0.701965
0.7019
0.701902
0.702016
0.702222
0.702429
0.702528
0.702449
0.702185
0.701765
0.701239
0.700659
0.700076
0.699533
0.699065
0.698694
0.698432
0.698271
0.698187
0.698152
0.698139
0.698137
0.698146
0.698179
0.698251
0.698369
0.69852
0.698668
0.698766
0.698778
0.698709
0.698609
0.698561
0.698653
0.698945
0.699424
0.699987
0.700473
0.700737
0.700716
0.700441
0.699998
0.699486
0.698984
0.698543
0.698191
0.697945
0.697827
0.697864
0.698087
0.698507
0.69909
0.699751
0.700375
0.700857
0.701144
0.701244
0.701212
0.701126
0.701053
0.701046
0.701131
0.701305
0.701541
0.701792
0.702004
0.702135
0.702165
0.702096
0.701948
0.701746
0.701516
0.701284
0.701073
0.700895
0.700739
0.700579
0.700383
0.700127
0.699805
0.699431
0.699045
0.69871
0.698505
0.698503
0.698749
0.699241
0.699915
0.700649
0.701294
0.701717
0.701856
0.70173
0.701416
0.701006
0.70057
0.700146
0.699738
0.699337
0.698947
0.698616
0.698423
0.69843
0.698623
0.698917
0.699249
0.699619
0.700055
0.700498
0.700783
0.700769
0.700482
0.700086
0.699755
0.699589
0.699614
0.69983
0.70024
0.700821
0.70146
0.701963
0.70218
0.702098
0.701809
0.70141
0.700952
0.70045
0.699915
0.69938
0.698901
0.69854
0.698347
0.698346
0.698522
0.698825
0.699184
0.699531
0.699822
0.700043
0.700202
0.700319
0.700412
0.700491
0.700556
0.700601
0.700619
0.70061
0.700578
0.700533
0.700484
0.700431
0.700364
0.700268
0.700129
0.69994
0.699704
0.699432
0.699146
0.698876
0.698662
0.698547
0.69855
0.698651
0.698777
0.698849
0.698813
0.698666
0.698442
0.698191
0.697962
0.697799
0.697736
0.697789
0.697958
0.69823
0.698584
0.699004
0.699477
0.699995
0.700548
0.701106
0.701629
0.702068
0.702371
0.702494
0.702408
0.702119
0.701664
0.70111
0.700536
0.700025
0.699644
0.69943
0.699381
0.699463
0.699629
0.699832
0.700033
0.700201
0.700323
0.700398
0.700439
0.700457
0.700448
0.700409
0.700342
0.70025
0.700122
0.699943
0.699712
0.699448
0.699184
0.698946
0.69874
0.698556
0.698382
0.69821
0.698053
0.697933
0.697876
0.697894
0.697975
0.698096
0.698238
0.698404
0.698615
0.698897
0.699253
0.699657
0.70006
0.700413
0.70068
0.700847
0.700917
0.7009
0.700818
0.700703
0.700594
0.70053
0.700534
0.700604
0.700706
0.7008
0.700858
0.700887
0.700925
0.701027
0.701237
0.701555
0.701925
0.702264
0.70252
0.702696
0.702813
0.702864
0.702813
0.702644
0.70239
0.702106
0.701832
0.701574
0.701318
0.701047
0.700759
0.700468
0.700198
0.699969
0.699797
0.699687
0.699636
0.699635
0.699669
0.699719
0.699766
0.699795
0.699798
0.699771
0.699714
0.699621
0.699491
0.699324
0.699129
0.698921
0.698717
0.69853
0.698371
0.698247
0.698167
0.698145
0.698199
0.69835
0.698593
0.698877
0.699115
0.699228
0.699195
0.699055
0.698878
0.698744
0.698725
0.698879
0.699228
0.699724
0.700256
0.700699
0.70098
0.7011
0.701111
0.70108
0.701055
0.701062
0.701106
0.70118
0.701275
0.701373
0.701448
0.701463
0.701387
0.70121
0.700951
0.700653
0.700359
0.70009
0.699842
0.699606
0.69938
0.699176
0.699
0.698849
0.698718
0.698614
0.698565
0.69861
0.698766
0.699007
0.699275
0.699512
0.699701
0.699877
0.700096
0.70039
0.700728
0.701022
0.701183
0.701167
0.700997
0.70073
0.700431
0.70015
0.699922
0.699765
0.699682
0.699657
0.699662
0.699664
0.699642
0.699594
0.699553
0.699568
0.699694
0.699947
0.700288
0.700621
0.700837
0.700869
0.700724
0.700477
0.700242
0.700127
0.700199
0.700456
0.700833
0.701232
0.701567
0.701793
0.7019
0.7019
0.701809
0.701641
0.701411
0.701138
0.700835
0.700517
0.700195
0.699883
0.699597
0.699356
0.699183
0.699099
0.699115
0.699214
0.699357
0.699505
0.699632
0.699713
0.699724
0.699662
0.699553
0.69944
0.69936
0.699331
0.69935
0.699399
0.699446
0.699454
0.699384
0.69921
0.69894
0.698624
0.698344
0.698186
0.698214
0.698443
0.698839
0.69932
0.699789
0.700152
0.700349
0.700358
0.700195
0.699908
0.699556
0.699207
0.698921
0.698734
0.698652
0.698656
0.69873
0.698869
0.69907
0.699311
0.699554
0.699755
0.699888
0.69995
0.699953
0.699915
0.699854
0.699778
0.699694
0.699606
0.699528
0.699486
0.69951
0.699628
0.699853
0.700174
0.700562
0.70097
0.70135
0.701666
0.701894
0.702035
0.702104
0.702118
0.702091
0.702025
0.701919
0.701773
0.701591
0.701382
0.701155
0.700923
0.700699
0.700494
0.700318
0.700175
0.700053
0.699926
0.699748
0.699471
0.699069
0.698551
0.697974
0.697415
0.696951
0.696635
0.696515
0.69665
0.697118
0.697954
0.699045
0.700101
0.700807
0.701038
0.700898
0.70061
0.700373
0.700292
0.700365
0.700533
0.700734
0.700916
0.701037
0.701069
0.701004
0.700855
0.700645
0.700404
0.700154
0.699911
0.699674
0.699431
0.699172
0.698897
0.698627
0.698407
0.698296
0.698355
0.698622
0.699087
0.699682
0.700307
0.70087
0.701309
0.701592
0.701709
0.701672
0.701514
0.701286
0.70105
0.700862
0.70076
0.700752
0.700812
0.700889
0.700931
0.700904
0.700802
0.700642
0.700441
0.700211
0.699952
0.699664
0.699355
0.699045
0.698766
0.698546
0.698398
0.698318
0.698297
0.698337
0.698475
0.698778
0.699301
0.700008
0.700728
0.70123
0.701369
0.701171
0.700784
0.700385
0.700102
0.699985
0.700015
0.700134
0.700287
0.70044
0.700578
0.700701
0.700816
0.70092
0.701007
0.701058
0.701062
0.701024
0.70097
0.700928
0.700903
0.700866
0.70078
0.700627
0.700423
0.700207
0.700024
0.699911
0.699894
0.699978
0.700131
0.700287
0.700368
0.700325
0.700155
0.699906
0.699654
0.699478
0.699447
0.6996
0.699927
0.700362
0.700792
0.701096
0.701193
0.701072
0.700798
0.700505
0.700363
0.700497
0.700874
0.7013
0.70157
0.701625
0.701533
0.701392
0.701256
0.701136
0.701021
0.70089
0.700727
0.700523
0.700279
0.700004
0.699711
0.699422
0.699162
0.69896
0.698835
0.698789
0.6988
0.698827
0.698826
0.698765
0.698638
0.698474
0.698337
0.698306
0.698446
0.698761
0.699172
0.69955
0.699789
0.699853
0.69977
0.699593
0.699379
0.699178
0.699038
0.698994
0.699069
0.699261
0.699552
0.699911
0.700306
0.70071
0.701101
0.70146
0.701762
0.701975
0.702066
0.702012
0.701807
0.701473
0.701059
0.700636
0.700292
0.700096
0.70007
0.700156
0.700249
0.700273
0.700222
0.700133
0.700041
0.699952
0.699856
0.699739
0.699595
0.699425
0.699234
0.699032
0.698844
0.698708
0.698661
0.698707
0.698802
0.698864
0.698818
0.698653
0.698439
0.698287
0.698305
0.698553
0.699032
0.699693
0.700454
0.701225
0.701929
0.702514
0.702958
0.703258
0.703421
0.703467
0.703418
0.703298
0.703121
0.702881
0.702554
0.702113
0.701544
0.700859
0.700093
0.699297
0.698534
0.697874
0.697388
0.69714
0.697163
0.697438
0.697886
0.698394
0.698866
0.699237
0.699472
0.699564
0.699528
0.69941
0.699269
0.699155
0.699097
0.699093
0.699133
0.699219
0.699389
0.699683
0.700092
0.700521
0.700832
0.700931
0.700823
0.700588
0.700324
0.70011
0.699978
0.699916
0.699879
0.699826
0.699739
0.699637
0.699564
0.699585
0.699753
0.700089
0.700551
0.701036
0.701412
0.701571
0.701469
0.701136
0.700639
0.700061
0.69947
0.698923
0.698484
0.69823
0.698234
0.698515
0.699022
0.699653
0.700265
0.700701
0.700884
0.70086
0.700757
0.700685
0.700679
0.700706
0.700703
0.70063
0.700478
0.700273
0.700058
0.699873
0.699748
0.699695
0.699701
0.69973
0.699736
0.699678
0.699537
0.699321
0.699059
0.698797
0.698587
0.698482
0.698527
0.698742
0.69911
0.699563
0.7
0.700319
0.700461
0.700428
0.700274
0.700073
0.69989
0.69976
0.69968
0.699623
0.699555
0.699453
0.699307
0.699127
0.69894
0.698786
0.698709
0.698736
0.698859
0.699037
0.699217
0.699375
0.699534
0.699761
0.700133
0.700669
0.701282
0.701813
0.702129
0.702188
0.702029
0.701718
0.701315
0.700869
0.700428
0.700034
0.699721
0.699502
0.699372
0.699313
0.6993
0.699308
0.699317
0.699313
0.699293
0.699256
0.699207
0.699147
0.699076
0.698994
0.6989
0.698791
0.698664
0.698524
0.698387
0.698286
0.698265
0.698362
0.698589
0.698916
0.69927
0.69956
0.699721
0.699757
0.69976
0.699875
0.700221
0.700777
0.701352
0.701714
0.701755
0.701527
0.701137
0.700667
0.700152
0.699611
0.699067
0.698568
0.698179
0.697965
0.697963
0.698163
0.698506
0.69891
0.699304
0.699636
0.699874
0.699999
0.700001
0.699886
0.699674
0.699402
0.69912
0.698895
0.698797
0.698883
0.699176
0.699644
0.700206
0.700759
0.701211
0.701506
0.701626
0.701587
0.701433
0.701231
0.701057
0.700968
0.700978
0.701051
0.70113
0.701179
0.701199
0.70121
0.70123
0.701259
0.701276
0.701251
0.701156
0.700973
0.700704
0.700369
0.699999
0.699628
0.699289
0.699005
0.698795
0.698673
0.698645
0.698719
0.698908
0.699235
0.699729
0.700401
0.701214
0.702059
0.702785
0.703268
0.703462
0.703399
0.703152
0.702798
0.702394
0.701982
0.701586
0.701219
0.700882
0.700562
0.70023
0.699856
0.699416
0.69891
0.698365
0.697825
0.697341
0.696963
0.69673
0.69668
0.696853
0.697293
0.698027
0.699034
0.700202
0.701332
0.702209
0.702709
0.702858
0.70279
0.702651
0.702534
0.702447
0.702338
0.702135
0.701797
0.701331
0.700773
0.700169
0.699558
0.698969
0.698428
0.697967
0.697612
0.697381
0.697273
0.697276
0.697384
0.697599
0.697932
0.698371
0.698864
0.699328
0.699694
0.699961
0.700185
0.700435
0.70073
0.701011
0.701174
0.701141
0.700907
0.700539
0.700133
0.699771
0.699502
0.699342
0.699284
0.699301
0.699354
0.699406
0.699439
0.699463
0.699499
0.699563
0.699643
0.699718
0.699763
0.699769
0.699733
0.699662
0.699577
0.699512
0.699507
0.699578
0.699697
0.699794
0.699803
0.69969
0.699463
0.699147
0.698769
0.698346
0.697893
0.697433
0.697008
0.696674
0.696498
0.696536
0.696816
0.697318
0.697974
0.698684
0.699353
0.699916
0.700353
0.700684
0.700945
0.701165
0.701353
0.701506
0.701624
0.701724
0.701848
0.702044
0.702346
0.70275
0.703208
0.703638
0.703951
0.704082
0.704011
0.703761
0.703386
0.702952
0.702515
0.702117
0.701786
0.701534
0.701361
0.701246
0.701147
0.701018
0.700822
0.700542
0.700181
0.699762
0.699316
0.698883
0.698504
0.69822
0.698067
0.698072
0.698235
0.698507
0.6988
0.699033
0.699171
0.699231
0.699258
0.6993
0.699393
0.699558
0.699798
0.700101
0.700446
0.7008
0.70113
0.701397
0.701563
0.701596
0.701476
0.701207
0.700815
0.70034
0.699829
0.699335
0.698913
0.698622
0.698521
0.698658
0.699051
0.699659
0.700366
0.701008
0.701432
0.701563
0.701419
0.701085
0.700666
0.700251
0.699895
0.699612
0.699392
0.699212
0.699049
0.698885
0.698707
0.698503
0.698266
0.697994
0.697695
0.6974
0.697156
0.69703
0.697084
0.697357
0.697832
0.698433
0.699045
0.699564
0.699933
0.700159
0.700292
0.700397
0.70052
0.700674
0.70083
0.700945
0.700978
0.700918
0.70079
0.700658
0.700604
0.700692
0.700931
0.701252
0.701541
0.701687
0.701621
0.701329
0.700839
0.700207
0.699519
0.698878
0.698402
0.698199
0.698329
0.698782
0.699472
0.700269
0.701045
0.701708
0.702205
0.702505
0.702598
0.702483
0.702177
0.701715
0.701148
0.70053
0.69991
0.699327
0.698807
0.698369
0.698032
0.697812
0.697724
0.697772
0.697944
0.698209
0.698522
0.698839
0.699124
0.699362
0.699561
0.699751
0.699971
0.700243
0.700551
0.700847
0.701079
0.701212
0.701243
0.701189
0.701081
0.700971
0.700928
0.701016
0.701262
0.701618
0.701943
0.702056
0.701839
0.701305
0.700573
0.69979
0.699081
0.698532
0.698188
0.698059
0.69812
0.698313
0.698561
0.698792
0.698962
0.699069
0.699135
0.699184
0.699232
0.699281
0.699336
0.699402
0.699486
0.69959
0.699713
0.699867
0.700083
0.700406
0.700857
0.701381
0.701847
0.702119
0.70213
0.701895
0.701491
0.701019
0.700575
0.700221
0.699984
0.699865
0.699859
0.699959
0.700147
0.700391
0.700645
0.700861
0.701005
0.701064
0.701038
0.700941
0.700792
0.70061
0.700415
0.700221
0.70004
0.699877
0.699724
0.699563
0.699378
0.699159
0.69891
0.698654
0.698436
0.698318
0.698367
0.69862
0.699058
0.699594
0.700119
0.70054
0.700811
0.70092
0.700885
0.700751
0.700581
0.700437
0.70037
0.700415
0.700596
0.700919
0.701346
0.701778
0.702082
0.702154
0.701967
0.701567
0.701024
0.700404
0.699754
0.69911
0.698505
0.697973
0.69755
0.697271
0.697157
0.697207
0.697395
0.697677
0.698008
0.698348
0.698666
0.698937
0.699144
0.699292
0.699401
0.699495
0.699583
0.699656
0.699701
0.699716
0.699723
0.699767
0.699893
0.700132
0.700479
0.700886
0.701277
0.701565
0.701691
0.701638
0.701438
0.701147
0.700825
0.700501
0.700173
0.699822
0.699455
0.69915
0.699031
0.699149
0.699405
0.699642
0.699802
0.699902
0.699958
0.699987
0.700025
0.700097
0.700197
0.700297
0.700381
0.700459
0.700563
0.700727
0.700972
0.701294
0.701659
0.702004
0.702254
0.702355
0.702291
0.702094
0.70182
0.701537
0.701299
0.701136
0.701046
0.701006
0.700985
0.700953
0.700875
0.700716
0.700456
0.7001
0.699686
0.699269
0.69889
0.698567
0.698299
0.69808
0.697908
0.697778
0.697677
0.697584
0.697494
0.697421
0.697402
0.69747
0.697644
0.697917
0.69825
0.698584
0.698852
0.699006
0.699038
0.698983
0.698903
0.69886
0.698899
0.69904
0.699295
0.699645
0.700025
0.70034
0.700522
0.700558
0.70046
0.700234
0.699885
0.699441
0.698974
0.698581
0.698349
0.698328
0.698521
0.698891
0.699377
0.699907
0.700416
0.700856
0.701201
0.701448
0.701606
0.701681
0.701666
0.701549
0.701323
0.701001
0.700635
0.700316
0.70016
0.700259
0.700615
0.701108
0.701546
0.70177
0.701718
0.701427
0.700985
0.70049
0.700034
0.699681
0.699455
0.699338
0.699272
0.699188
0.699035
0.69881
0.69856
0.698371
0.69833
0.6985
0.698884
0.69942
0.700002
0.700527
0.700927
0.701178
0.701292
0.701292
0.701201
0.701042
0.700831
0.700585
0.700325
0.700072
0.699844
0.699654
0.699506
0.699399
0.699329
0.69929
0.699274
0.699279
0.699319
0.699426
0.69964
0.699989
0.700468
0.701036
0.70164
0.702239
0.702804
0.703304
0.70369
0.703898
0.70388
0.703623
0.703159
0.702547
0.701867
0.701198
0.700616
0.700181
0.69993
0.699849
0.699853
0.699826
0.699688
0.699441
0.69915
0.698909
0.698809
0.698926
0.6993
0.69991
0.700632
0.70126
0.701594
0.701542
0.701145
0.700514
0.699774
0.699042
0.698419
0.697983
0.697757
0.697684
0.69767
0.697644
0.6976
0.697583
0.69765
0.69786
0.698249
0.698808
0.699462
0.700082
0.700527
0.700701
0.700587
0.700246
0.699784
0.699311
0.698916
0.698649
0.698528
0.698543
0.698684
0.698948
0.699345
0.699879
0.700517
0.701187
0.701803
0.702298
0.702637
0.702794
0.702742
0.702456
0.70194
0.701234
0.700408
0.699533
0.698681
0.697933
0.697396
0.697195
0.697391
0.697885
0.698442
0.698867
0.699115
0.699238
0.699294
0.6993
0.699248
0.69912
0.698936
0.698798
0.698915
0.699505
0.700564
0.701724
0.702529
0.702805
0.702657
0.702255
0.701725
0.701147
0.700573
0.700022
0.699482
0.698937
0.698422
0.698039
0.697935
0.698236
0.698948
0.699884
0.700718
0.701196
0.701287
0.701127
0.700883
0.700667
0.700529
0.70047
0.700459
0.700455
0.700427
0.700375
0.700323
0.700301
0.700318
0.700368
0.700446
0.700559
0.700718
0.70092
0.701151
0.701387
0.701607
0.701794
0.701937
0.702041
0.702115
0.702169
0.702201
0.702191
0.702117
0.701959
0.701716
0.701402
0.701041
0.700664
0.700299
0.699971
0.699698
0.699487
0.699332
0.699214
0.699107
0.698985
0.698832
0.698653
0.698477
0.698352
0.698329
0.69845
0.698722
0.699114
0.699553
0.699947
0.700213
0.700302
0.700208
0.699958
0.699596
0.699167
0.698715
0.698287
0.697938
0.697725
0.697687
0.697823
0.698092
0.69843
0.698784
0.699128
0.699457
0.699752
0.699969
0.700076
0.700074
0.699999
0.699882
0.699734
0.699555
0.699356
0.69917
0.699058
0.69909
0.699315
0.699734
0.700282
0.700849
0.701323
0.701634
0.701764
0.701731
0.701566
0.70129
0.700915
0.700445
0.699888
0.699263
0.6986
0.697938
0.697329
0.696837
0.696533
0.696486
0.696738
0.697274
0.698013
0.698824
0.699573
0.700161
0.700543
0.70072
0.700727
0.700617
0.700452
0.700297
0.700214
0.700249
0.700407
0.700635
0.700845
0.700962
0.700965
0.700879
0.700749
0.700603
0.700452
0.70029
0.70012
0.699965
0.699883
0.699941
0.70018
0.700572
0.701015
0.701374
0.70155
0.701519
0.701334
0.701088
0.700882
0.700781
0.700792
0.700862
0.700893
0.700799
0.700541
0.70015
0.699713
0.699327
0.699061
0.698922
0.698868
0.698835
0.698772
0.698645
0.698444
0.698183
0.697904
0.697686
0.697651
0.697932
0.698575
0.699418
0.700162
0.700627
0.700883
0.701124
0.701477
0.70194
0.70242
0.70282
0.703072
0.703151
0.703057
0.702824
0.702522
0.702246
0.702084
0.702071
0.702165
0.702258
0.702235
0.702034
0.701664
0.701198
0.700736
0.700381
0.700212
0.700257
0.700466
0.700715
0.700861
0.70081
0.700549
0.700126
0.699612
0.699093
0.69867
0.698448
0.698499
0.698811
0.699272
0.699723
0.700043
0.700189
0.700188
0.700089
0.699937
0.69976
0.699577
0.699398
0.699225
0.699059
0.698893
0.698719
0.698525
0.698305
0.69806
0.697799
0.697545
0.697332
0.697203
0.697203
0.697373
0.697739
0.698294
0.698967
0.699626
0.700122
0.700372
0.700402
0.700314
0.700218
0.700176
0.700203
0.700277
0.700368
0.70044
0.700461
0.700407
0.700275
0.700085
0.699879
0.699716
0.69966
0.699764
0.700058
0.700519
0.701077
0.701635
0.702103
0.702428
0.702606
0.70267
0.702665
0.702624
0.702561
0.702469
0.702339
0.702172
0.701982
0.70179
0.701613
0.701455
0.701305
0.701138
0.70093
0.700669
0.700354
0.700001
0.699629
0.699256
0.698893
0.698544
0.698214
0.697914
0.697673
0.69754
0.697568
0.697788
0.698177
0.698663
0.699159
0.699601
0.699948
0.700166
0.700224
0.700111
0.699846
0.699476
0.699061
0.698661
0.698329
0.698124
0.6981
0.698294
0.698694
0.69923
0.699803
0.700332
0.700773
0.701107
0.701318
0.701393
0.70133
0.701145
0.700882
0.700603
0.700375
0.700252
0.700247
0.700323
0.700406
0.700422
0.700329
0.700128
0.699848
0.699536
0.699238
0.698995
0.698838
0.698787
0.698839
0.698977
0.699167
0.699381
0.699593
0.699781
0.699915
0.69996
0.699902
0.699762
0.699593
0.699454
0.699372
0.699341
0.699343
0.69937
0.699431
0.699528
0.699642
0.699738
0.699785
0.69978
0.699747
0.699735
0.699791
0.699944
0.700188
0.700478
0.700751
0.700945
0.701026
0.700993
0.700873
0.70072
0.700584
0.700504
0.700484
0.700495
0.700484
0.700393
0.700188
0.69987
0.699482
0.699088
0.698751
0.698511
0.698385
0.698378
0.698492
0.698723
0.699057
0.699471
0.699935
0.70042
0.700899
0.701347
0.701741
0.702058
0.702275
0.702366
0.70232
0.702135
0.701829
0.701426
0.700957
0.700454
0.699944
0.699445
0.698966
0.698511
0.698087
0.697722
0.697463
0.697371
0.697491
0.697826
0.698322
0.698877
0.699392
0.69981
0.700138
0.700418
0.700681
0.700925
0.701119
0.701228
0.70124
0.701171
0.701056
0.700932
0.700824
0.700733
0.700649
0.700555
0.70045
0.700352
0.700295
0.700307
0.700403
0.70057
0.700779
0.700988
0.70116
0.701263
0.701277
0.701196
0.701025
0.700782
0.700491
0.700182
0.699881
0.699612
0.69939
0.699216
0.699083
0.698969
0.698848
0.698694
0.698498
0.698269
0.698038
0.697855
0.697778
0.697853
0.698093
0.698476
0.69895
0.699449
0.699918
0.700319
0.700637
0.700875
0.701042
0.701155
0.70123
0.701291
0.701364
0.701472
0.701628
0.701816
0.701996
0.702109
0.702104
0.701949
0.701643
0.701213
0.7007
0.70015
0.699602
0.699087
0.698631
0.698264
0.698025
0.697956
0.69807
0.698329
0.698657
0.698977
0.699241
0.699423
0.6995
0.699457
0.699297
0.699059
0.698807
0.698617
0.69856
0.698672
0.698943
0.699306
0.699666
0.69994
0.700093
0.700138
0.700114
0.700054
0.699979
0.699902
0.699845
0.699835
0.699914
0.70012
0.700483
0.700991
0.701583
0.70215
0.702579
0.702787
0.70275
0.702492
0.702078
0.701597
0.701149
0.700829
0.700699
0.700764
0.70096
0.701162
0.701241
0.701116
0.70079
0.700341
0.699882
0.699519
0.69932
0.699292
0.699373
0.69947
0.699523
0.699553
0.699634
0.699808
0.700018
0.70014
0.700078
0.699824
0.699437
0.698995
0.698565
0.698192
0.697901
0.697694
0.697559
0.697472
0.697406
0.697348
0.6973
0.697285
0.69734
0.697516
0.697857
0.698381
0.699051
0.699773
0.700433
0.700945
0.701273
0.701431
0.701463
0.701419
0.701347
0.701286
0.701263
0.701278
0.701312
0.701333
0.701313
0.701234
0.701088
0.700877
0.700615
0.700334
0.700083
0.699913
0.699864
0.699945
0.700139
0.700405
0.700689
0.700934
0.701085
0.701105
0.700987
0.700739
0.700383
0.699945
0.699459
0.698976
0.698561
0.698286
0.698207
0.698343
0.698681
0.699181
0.699773
0.700341
0.700766
0.700981
0.701004
0.700907
0.700771
0.700661
0.700617
0.700659
0.700788
0.700985
0.701211
0.701421
0.701583
0.701694
0.701764
0.701783
0.701716
0.701526
0.701197
0.700747
0.700209
0.699624
0.699028
0.698451
0.697921
0.697466
0.697113
0.696892
0.696841
0.697003
0.697415
0.698093
0.699015
0.700114
0.701286
0.702412
0.703365
0.704039
0.704375
0.704387
0.704151
0.703772
0.703341
0.70291
0.702485
0.702045
0.701565
0.701036
0.700469
0.699888
0.699326
0.698829
0.698454
0.698269
0.698329
0.698643
0.699142
0.699686
0.700115
0.700312
0.700241
0.699948
0.699522
0.699055
0.698607
0.698196
0.697815
0.69745
0.697107
0.696813
0.696599
0.696485
0.696467
0.696539
0.696744
0.697201
0.698045
0.699263
0.700568
0.701557
0.702014
0.701983
0.701638
0.701156
0.700694
0.700394
0.700353
0.700568
0.700911
0.701193
0.701283
0.701163
0.700898
0.700567
0.700218
0.699844
0.699406
0.698865
0.698223
0.69754
0.696927
0.696524
0.696457
0.696761
0.697336
0.697977
0.698485
0.698767
0.698842
0.698798
0.698756
0.698835
0.699127
0.699653
0.700354
0.701121
0.701843
0.702443
0.702873
0.703098
0.70309
0.702848
0.70242
0.701896
0.701386
0.700989
0.700765
0.700719
0.700796
0.700917
0.701013
0.701051
0.701035
0.700983
0.700914
0.700843
0.700779
0.700721
0.700663
0.700594
0.7005
0.700372
0.70021
0.700026
0.699844
0.699682
0.699555
0.699463
0.699395
0.699335
0.699259
0.699147
0.698996
0.698825
0.698676
0.698589
0.698598
0.698724
0.698985
0.699377
0.699864
0.700368
0.700793
0.701056
0.701113
0.70096
0.700626
0.700158
0.699616
0.699064
0.698576
0.698242
0.698159
0.698398
0.698951
0.699704
0.700498
0.701224
0.701854
0.702379
0.702763
0.702966
0.702989
0.702877
0.702675
0.702371
0.701911
0.701278
0.700538
0.699816
0.699231
0.698859
0.698721
0.698796
0.69904
0.699398
0.699811
0.700237
0.700654
0.701059
0.701445
0.70179
0.702059
0.702213
0.702214
0.702038
0.701685
0.701184
0.700583
0.69994
0.699311
0.698748
0.698292
0.697959
0.697743
0.697626
0.69759
0.697628
0.697736
0.697908
0.698127
0.698369
0.698606
0.698812
0.698974
0.699098
0.699204
0.699317
0.699464
0.699658
0.699895
0.700153
0.700397
0.700593
0.700728
0.700811
0.700877
0.700964
0.701092
0.701253
0.701413
0.701533
0.701584
0.701552
0.701433
0.701221
0.700914
0.700515
0.700041
0.699519
0.69898
0.698451
0.697965
0.697564
0.697324
0.697363
0.697813
0.698703
0.699817
0.70079
0.701397
0.701676
0.701779
0.701799
0.701733
0.701545
0.701222
0.700797
0.700327
0.699873
0.699474
0.699148
0.698882
0.698651
0.698431
0.69821
0.697988
0.697773
0.697575
0.697403
0.69727
0.697195
0.697197
0.697295
0.697495
0.697785
0.698143
0.698541
0.698944
0.699301
0.699558
0.699686
0.69971
0.699698
0.699722
0.699821
0.699984
0.700168
0.70032
0.70041
0.700449
0.700484
0.700578
0.700766
0.701028
0.701291
0.701467
0.701493
0.701364
0.701122
0.700845
0.700619
0.700516
0.700563
0.700734
0.700961
0.701184
0.701388
0.701599
0.701851
0.702145
0.702444
0.702681
0.702781
0.702694
0.702412
0.701968
0.701412
0.700792
0.700135
0.699461
0.698789
0.69815
0.697588
0.697154
0.696899
0.696873
0.697118
0.69765
0.698406
0.699223
0.699906
0.700339
0.700525
0.700544
0.700501
0.70049
0.700575
0.700775
0.701051
0.701324
0.701506
0.701548
0.70145
0.701249
0.700985
0.700694
0.7004
0.700116
0.699845
0.699599
0.699395
0.69926
0.699213
0.699254
0.699355
0.699473
0.699569
0.699629
0.69968
0.699769
0.699933
0.700153
0.700352
0.700438
0.700358
0.700128
0.699825
0.699576
0.699508
0.699674
0.699995
0.700294
0.700415
0.700306
0.70001
0.699602
0.699159
0.698738
0.698386
0.698133
0.697995
0.697981
0.698106
0.698397
0.698865
0.699465
0.700074
0.700545
0.70079
0.700825
0.70074
0.700642
0.700613
0.700685
0.70084
0.701023
0.701173
0.70124
0.701213
0.701111
0.70097
0.700819
0.700662
0.700485
0.70028
0.70008
0.699944
0.699931
0.70005
0.700246
0.700419
0.700483
0.700401
0.700182
0.699858
0.699464
0.69903
0.698594
0.698216
0.698001
0.698084
0.698553
0.699328
0.700149
0.700756
0.701055
0.701124
0.701088
0.701039
0.701006
0.700968
0.700899
0.700804
0.700735
0.70076
0.700909
0.701128
0.701298
0.701318
0.701166
0.700881
0.700523
0.700141
0.699772
0.699442
0.699173
0.698981
0.698869
0.698826
0.698827
0.698833
0.698808
0.698736
0.698624
0.6985
0.698398
0.698353
0.698398
0.698566
0.69887
0.699279
0.699708
0.70006
0.700275
0.700363
0.700388
0.700433
0.700559
0.700769
0.701017
0.701235
0.701368
0.701398
0.701339
0.701226
0.701096
0.700976
0.700874
0.700776
0.700648
0.700456
0.70018
0.699835
0.699476
0.69919
0.699063
0.699131
0.699343
0.699578
0.699717
0.699717
0.699605
0.69944
0.699271
0.699131
0.69904
0.699015
0.699068
0.699208
0.699442
0.699775
0.700196
0.700675
0.701155
0.701556
0.701803
0.701854
0.701714
0.70143
0.701072
0.700706
0.700364
0.700041
0.699718
0.699399
0.69915
0.699089
0.699316
0.699827
0.700489
0.701111
0.70155
0.701749
0.701713
0.701485
0.701146
0.700801
0.700546
0.700413
0.70035
0.700257
0.700074
0.699821
0.699576
0.699424
0.699413
0.699545
0.699786
0.700075
0.700348
0.700558
0.700675
0.700692
0.700615
0.700454
0.700225
0.699945
0.699634
0.699308
0.698977
0.698644
0.698314
0.697997
0.697716
0.697505
0.697394
0.697405
0.697539
0.697768
0.698032
0.698253
0.698361
0.698318
0.698132
0.697847
0.697531
0.697279
0.697236
0.697581
0.698418
0.699579
0.700627
0.701203
0.701292
0.701094
0.700802
0.700524
0.700316
0.700225
0.700276
0.700448
0.700687
0.700949
0.701223
0.701496
0.701705
0.701765
0.701638
0.701355
0.700995
0.700646
0.700397
0.70032
0.700434
0.700681
0.700939
0.70109
0.701078
0.700924
0.700694
0.700466
0.700304
0.70025
0.700316
0.700485
0.700712
0.700944
0.701136
0.701257
0.701291
0.701245
0.701142
0.701019
0.70091
0.700838
0.700811
0.700832
0.70089
0.700956
0.700983
0.700931
0.700796
0.700615
0.700439
0.700308
0.70023
0.700185
0.700142
0.700066
0.699941
0.699796
0.699698
0.699726
0.69991
0.70021
0.700527
0.700755
0.700839
0.700792
0.700681
0.700583
0.700559
0.700626
0.700764
0.700923
0.701046
0.701087
0.701025
0.700857
0.700603
0.7003
0.699994
0.699732
0.699549
0.699458
0.699441
0.699457
0.699456
0.699395
0.699253
0.699031
0.69875
0.698445
0.698149
0.697895
0.697702
0.697574
0.697505
0.697481
0.697494
0.697546
0.697655
0.697839
0.698109
0.698449
0.698821
0.699177
0.699477
0.699704
0.699865
0.699978
0.700064
0.700133
0.70018
0.700197
0.700176
0.700117
0.700032
0.699932
0.699819
0.699678
0.699479
0.699193
0.698814
0.698378
0.697955
0.697632
0.697469
0.697481
0.697647
0.697934
0.69833
0.698835
0.699426
0.700035
0.700563
0.700929
0.701112
0.701154
0.70112
0.701062
0.701002
0.700938
0.700868
0.700799
0.700747
0.700721
0.700712
0.700694
0.700643
0.700552
0.700443
0.700358
0.700349
0.70045
0.700652
0.700892
0.701076
0.701142
0.701097
0.70101
0.700972
0.701037
0.701167
0.701237
0.701121
0.700793
0.700341
0.699902
0.699593
0.699477
0.699563
0.699815
0.700178
0.700584
0.700971
0.70128
0.701472
0.701536
0.701494
0.701393
0.70129
0.701231
0.701233
0.701276
0.701305
0.701253
0.701078
0.700797
0.700493
0.700282
0.700242
0.700365
0.700562
0.700722
0.700752
0.700597
0.700248
0.699737
0.699133
0.698516
0.697959
0.697522
0.697253
0.697192
0.697376
0.697815
0.698453
0.699147
0.699726
0.700097
0.700282
0.700352
0.700366
0.700343
0.700278
0.700165
0.700011
0.699846
0.699733
0.699757
0.700004
0.700511
0.701213
0.70194
0.702485
0.702719
0.702643
0.702348
0.701938
0.70149
0.70104
0.700608
0.700209
0.699859
0.699573
0.699356
0.699201
0.699091
0.699014
0.69897
0.69897
0.699034
0.699179
0.699408
0.699709
0.700055
0.700415
0.700763
0.701077
0.701334
0.701505
0.70157
0.701537
0.701457
0.701393
0.701362
0.701314
0.701178
0.700935
0.700625
0.700309
0.700028
0.699794
0.699601
0.699439
0.6993
0.699183
0.699094
0.69904
0.699027
0.699046
0.699076
0.699091
0.699068
0.699006
0.698915
0.698821
0.698749
0.698728
0.698782
0.698926
0.699155
0.699435
0.699708
0.69991
0.699997
0.699969
0.699875
0.69981
0.699867
0.700067
0.700315
0.70045
0.700358
0.700041
0.699587
0.6991
0.698665
0.698334
0.698136
0.69808
0.698164
0.69839
0.698767
0.699291
0.699919
0.700547
0.701052
0.701356
0.701451
0.701381
0.701203
0.70097
0.700719
0.700471
0.700235
0.700006
0.699774
0.699536
0.699298
0.699084
0.698921
0.698826
0.698793
0.698793
0.698788
0.69875
0.698674
0.698589
0.69855
0.698615
0.698818
0.69914
0.699527
0.699915
0.700259
0.700536
0.700735
0.700853
0.700893
0.700864
0.700787
0.700692
0.700613
0.700587
0.700633
0.700728
0.700807
0.700798
0.700656
0.700382
0.700007
0.699585
0.699187
0.698899
0.698814
0.699012
0.699522
0.700292
0.701176
0.701984
0.702545
0.702766
0.702639
0.702221
0.70161
0.700934
0.700344
0.699967
0.699817
0.699755
0.699594
0.699252
0.698808
0.698444
0.698379
0.698769
0.699539
0.700363
0.700926
0.701179
0.701273
0.701351
0.701449
0.70151
0.701457
0.701244
0.700885
0.700437
0.699977
0.699582
0.699311
0.699195
0.699231
0.699383
0.699594
0.699814
0.700012
0.700173
0.700279
0.700301
0.700214
0.700011
0.699718
0.699385
0.699067
0.698809
0.698627
0.69852
0.69848
0.698505
0.698601
0.698773
0.699008
0.699272
0.699516
0.699695
0.699794
0.699835
0.699866
0.699937
0.700061
0.700202
0.700301
0.700326
0.700314
0.700334
0.700407
0.700471
0.700449
0.70034
0.700217
0.700168
0.700219
0.700331
0.700432
0.700461
0.700391
0.700224
0.699976
0.699675
0.699355
0.699057
0.698829
0.698706
0.6987
0.698781
0.698891
0.698962
0.698955
0.698874
0.698769
0.698726
0.698844
0.699204
0.699819
0.700608
0.701429
0.702147
0.702695
0.70307
0.703295
0.703391
0.703372
0.703248
0.703027
0.702719
0.702329
0.701863
0.701328
0.700731
0.70008
0.699391
0.698691
0.698023
0.697451
0.697053
0.696914
0.697086
0.697567
0.698283
0.699116
0.699931
0.700599
0.701031
0.701201
0.70115
0.700956
0.700702
0.70046
0.700276
0.700162
0.700102
0.700068
0.700031
0.699976
0.699908
0.699843
0.699809
0.699835
0.699945
0.700152
0.700445
0.700782
0.701094
0.70131
0.701391
0.701345
0.701215
0.701049
0.700879
0.70071
0.700534
0.700339
0.70012
0.699876
0.69961
0.699331
0.699058
0.698815
0.698621
0.698486
0.698408
0.698379
0.698405
0.698516
0.698757
0.699149
0.699645
0.700151
0.700591
0.70094
0.701192
0.701316
0.70127
0.701032
0.700628
0.700139
0.699684
0.699389
0.699335
0.699508
0.69979
0.700034
0.700158
0.700168
0.70011
0.700014
0.699879
0.699694
0.699459
0.699192
0.698927
0.698706
0.698561
0.698496
0.698474
0.69844
0.698357
0.698231
0.698103
0.698018
0.697998
0.698033
0.698092
0.698143
0.698167
0.698163
0.698135
0.698106
0.69815
0.698375
0.698855
0.699564
0.700386
0.701192
0.701892
0.702427
0.702796
0.70307
0.703296
0.703408
0.703315
0.703029
0.702657
0.702299
0.701998
0.701755
0.701562
0.701423
0.701349
0.701335
0.701338
0.70129
0.70112
0.700794
0.700326
0.699776
0.699232
0.698791
0.698533
0.698503
0.698685
0.699011
0.699382
0.699702
0.699904
0.699959
0.69988
0.699711
0.699511
0.699345
0.699262
0.699289
0.699437
0.699686
0.699984
0.700242
0.700367
0.700297
0.700022
0.699572
0.699002
0.69837
0.697734
0.69716
0.696717
0.696471
0.696445
0.696603
0.696891
0.697322
0.697983
0.698914
0.699964
0.70086
0.701407
0.701586
0.701494
0.701265
0.701035
0.700908
0.700923
0.701038
0.701163
0.701226
0.701209
0.701133
0.701024
0.700897
0.700747
0.700573
0.700383
0.700207
0.700082
0.70004
0.700074
0.700137
0.700161
0.700089
0.699905
0.699633
0.699316
0.698998
0.698707
0.698452
0.69824
0.698092
0.698059
0.698218
0.698632
0.699297
0.700106
0.700877
0.701432
0.701682
0.701651
0.701448
0.70121
0.70104
0.700976
0.700985
0.700994
0.700938
0.700786
0.700545
0.700236
0.699871
0.699454
0.698987
0.698492
0.698026
0.697682
0.697574
0.697798
0.698387
0.699283
0.700341
0.70138
0.702233
0.702798
0.703044
0.702995
0.702711
0.702278
0.701798
0.701349
0.700944
0.700539
0.700101
0.699655
0.699271
0.699014
0.6989
0.698898
0.698951
0.699017
0.699081
0.69915
0.699238
0.699348
0.699472
0.699598
0.699716
0.699824
0.699934
0.700056
0.700194
0.700332
0.70044
0.700484
0.70046
0.700394
0.700336
0.70033
0.700383
0.700467
0.700542
0.700588
0.700621
0.700683
0.700818
0.701043
0.701343
0.701666
0.70195
0.70215
0.702256
0.702278
0.702226
0.7021
0.701901
0.701646
0.701372
0.701114
0.700892
0.70071
0.700557
0.70042
0.700296
0.700204
0.700185
0.70028
0.700491
0.700751
0.700956
0.70103
0.700962
0.700787
0.700551
0.700288
0.700009
0.699707
0.699367
0.698985
0.698579
0.698182
0.697836
0.69757
0.697404
0.697361
0.6975
0.697904
0.698591
0.699404
0.700089
0.700496
0.700657
0.700689
0.700686
0.70068
0.700654
0.700567
0.700383
0.700083
0.699669
0.699171
0.698645
0.698169
0.697822
0.697653
0.697643
0.697721
0.697826
0.697954
0.698159
0.698499
0.698991
0.699593
0.70023
0.700814
0.701264
0.701514
0.701518
0.701269
0.700811
0.700234
0.699649
0.699164
0.698865
0.698806
0.698988
0.699355
0.699814
0.700265
0.700629
0.700848
0.700899
0.700799
0.700603
0.700386
0.700224
0.700167
0.700222
0.700353
0.700498
0.700598
0.70062
0.700557
0.700427
0.700256
0.700076
0.699911
0.699776
0.699671
0.699594
0.69955
0.699559
0.699639
0.699805
0.700056
0.70038
0.700761
0.701172
0.70157
0.701906
0.702139
0.702253
0.702254
0.702161
0.701987
0.701744
0.701446
0.701125
0.700829
0.700608
0.700498
0.700501
0.700581
0.700679
0.700742
0.700748
0.700708
0.700647
0.700587
0.70053
0.700461
0.700358
0.700206
0.700001
0.699752
0.699481
0.699211
0.698966
0.698766
0.698628
0.698561
0.698568
0.698638
0.698743
0.698844
0.698908
0.698924
0.698913
0.698908
0.698946
0.699044
0.699206
0.699421
0.699671
0.69993
0.70017
0.700367
0.700514
0.700609
0.700651
0.700641
0.700577
0.700462
0.70029
0.700051
0.699735
0.699347
0.698922
0.69852
0.698209
0.698045
0.698059
0.698245
0.698561
0.698932
0.699268
0.6995
0.699618
0.699674
0.699752
0.699911
0.700157
0.700451
0.700745
0.701006
0.70121
0.701331
0.701348
0.701255
0.701067
0.700824
0.700576
0.700373
0.700253
0.700228
0.700289
0.700401
0.700495
0.700483
0.700293
0.699912
0.699393
0.69883
0.698316
0.697917
0.697651
0.69749
0.697381
0.69729
0.697253
0.697394
0.697864
0.698719
0.699847
0.701034
0.702095
0.702906
0.703399
0.703551
0.703391
0.702991
0.702436
0.701802
0.701141
0.700486
0.699851
0.699239
0.698642
0.698061
0.697521
0.697083
0.69684
0.696892
0.697302
0.698051
0.699
0.699938
0.700688
0.701179
0.701441
0.701548
0.701573
0.701558
0.701506
0.701402
0.701238
0.70104
0.700865
0.700767
0.700775
0.700877
0.70102
0.70112
0.701089
0.700857
0.700394
0.699707
0.69886
0.698004
0.697395
0.697273
0.69763
0.698163
0.698577
0.698816
0.698977
0.699154
0.699376
0.699631
0.699888
0.700117
0.70028
0.700334
0.700261
0.700111
0.700002
0.700051
0.700281
0.700608
0.700918
0.701157
0.701315
0.701368
0.70126
0.700945
0.700421
0.699734
0.698968
0.69822
0.697596
0.697192
0.697076
0.697271
0.697757
0.69849
0.699414
0.700447
0.701462
0.702304
0.702864
0.703133
0.703201
0.70318
0.703151
0.70314
0.70314
0.703136
0.703106
0.703018
0.702831
0.702495
0.701963
0.701213
0.700263
0.699172
0.698035
0.696978
0.696151
0.695707
0.695756
0.696292
0.697154
0.698089
0.698884
0.69946
0.699859
0.700169
0.700451
0.70072
0.700956
0.701131
0.701229
0.701252
0.701205
0.701087
0.700885
0.70059
0.700215
0.699808
0.699433
0.699151
0.699002
0.699003
0.699147
0.699383
0.699628
0.699806
0.699888
0.699881
0.699808
0.699691
0.69955
0.699411
0.699296
0.699216
0.699167
0.699133
0.699101
0.699075
0.699081
0.699146
0.699272
0.699425
0.699562
0.699664
0.699766
0.699944
0.700274
0.70079
0.701437
0.702073
0.702541
0.702762
0.702749
0.702571
0.702286
0.701922
0.701474
0.700931
0.700285
0.699558
0.698799
0.698081
0.697488
0.697096
0.696958
0.697093
0.697475
0.698036
0.698685
0.699336
0.699932
0.70046
0.700919
0.701297
0.701544
0.701594
0.701396
0.700948
0.7003
0.699533
0.69874
0.698008
0.697412
0.697012
0.696863
0.69701
0.697444
0.698028
0.698492
0.698602
0.698353
0.698012
0.697981
0.698494
0.699331
0.700021
0.700372
0.700583
0.700909
0.701411
0.701975
0.702454
0.702775
0.702941
0.702991
0.702955
0.702842
0.702644
0.702368
0.702036
0.70169
0.701364
0.701077
0.700828
0.700605
0.700396
0.700198
0.700013
0.699845
0.699688
0.699523
0.699322
0.699051
0.698689
0.698239
0.697743
0.697284
0.696982
0.696981
0.697401
0.698231
0.699278
0.700281
0.701119
0.701855
0.702595
0.703364
0.704072
0.704586
0.704807
0.704723
0.704414
0.704008
0.703625
0.703324
0.703082
0.702828
0.702507
0.702108
0.701662
0.701216
0.700808
0.70046
0.700162
0.699889
0.699613
0.699317
0.698993
0.698643
0.698268
0.697874
0.697479
0.697107
0.696792
0.696566
0.696448
0.696439
0.696532
0.696711
0.69697
0.697313
0.697748
0.698287
0.69893
0.699669
0.700469
0.701252
0.701902
0.702309
0.702429
0.7023
0.702
0.701613
0.701207
0.700836
0.700535
0.700321
0.700188
0.700124
0.700127
0.70022
0.700435
0.700771
0.701161
0.701496
0.701688
0.70171
0.70158
0.70133
0.700979
0.700544
0.700059
0.69958
0.699174
0.698895
0.698755
0.698728
0.698795
0.699018
0.699489
0.700162
0.700819
0.701249
0.701384
0.701249
0.700896
0.700392
0.699827
0.699312
0.698965
0.698876
0.699044
0.699353
0.69964
0.699812
0.699892
0.699963
0.700085
0.700264
0.700472
0.700688
0.700923
0.701196
0.7015
0.701779
0.701942
0.70191
0.701662
0.701238
0.700714
0.70016
0.699622
0.699109
0.698609
0.698106
0.697595
0.697102
0.696681
0.696409
0.696351
0.696534
0.69692
0.697413
0.697908
0.69833
0.698656
0.698894
0.699068
0.699206
0.699347
0.699535
0.699801
0.700152
0.700564
0.700991
0.701382
0.701694
0.701893
0.701942
0.701798
0.70143
0.700851
0.700142
0.699436
0.698883
0.698558
0.698415
0.698348
0.698318
0.698388
0.698641
0.699098
0.699705
0.700386
0.701074
0.701698
0.702169
0.702405
0.70237
0.702087
0.701624
0.701087
0.70059
0.700242
0.700113
0.700206
0.700443
0.700701
0.70087
0.700903
0.700812
0.700633
0.700411
0.700177
0.699954
0.699755
0.699591
0.69947
0.699387
0.699321
0.699249
0.699148
0.699017
0.698874
0.698756
0.698717
0.698806
0.699053
0.699457
0.699975
0.700522
0.700992
0.701291
0.701369
0.701237
0.700946
0.700569
0.700177
0.699827
0.699551
0.69935
0.699187
0.699026
0.698853
0.698682
0.69852
0.698347
0.698135
0.697884
0.697634
0.697458
0.697434
0.697627
0.698065
0.698721
0.699508
0.700279
0.700869
0.701147
0.701047
0.700588
0.699888
0.699186
0.698821
0.699074
0.699898
0.700835
0.701373
0.701374
0.701076
0.700807
0.700772
0.701002
0.701392
0.701793
0.702091
0.702251
0.702295
0.702261
0.702172
0.702032
0.701828
0.70155
0.701199
0.700794
0.700362
0.699933
0.69953
0.699167
0.698844
0.698555
0.698293
0.698058
0.697862
0.697735
0.697716
0.697834
0.698077
0.698365
0.698585
0.698653
0.698574
0.69845
0.698422
0.698597
0.69898
0.699477
0.699956
0.700337
0.700624
0.700858
0.701067
0.701241
0.701349
0.701367
0.701294
0.701156
0.700991
0.700843
0.700742
0.700693
0.700674
0.700649
0.700587
0.70048
0.700343
0.700195
0.700032
0.699823
0.699542
0.699195
0.698821
0.698467
0.698168
0.697935
0.697767
0.697666
0.697656
0.697789
0.698133
0.69873
0.699547
0.700472
0.701357
0.702088
0.70261
0.702916
0.703019
0.702948
0.702747
0.702474
0.70219
0.701945
0.701768
0.701652
0.701564
0.701453
0.70127
0.700994
0.700632
0.700219
0.6998
0.699418
0.699104
0.698878
0.698744
0.698691
0.698692
0.698722
0.698759
0.698799
0.69884
0.698886
0.698939
0.698989
0.699012
0.698988
0.698926
0.698869
0.698886
0.699027
0.699293
0.699637
0.69998
0.700248
0.700398
0.700438
0.700428
0.700458
0.700597
0.700822
0.70102
0.701071
0.700946
0.700698
0.700393
0.70008
0.699807
0.699623
0.699546
0.699525
0.699473
0.699342
0.699182
0.69911
0.699241
0.699605
0.700132
0.700696
0.701189
0.701537
0.701695
0.701639
0.701363
0.700887
0.700275
0.699639
0.699147
0.698959
0.699138
0.699586
0.700121
0.700603
0.70099
0.701289
0.701519
0.701695
0.701834
0.701944
0.702018
0.702035
0.701974
0.701832
0.701632
0.701411
0.701207
0.701041
0.700914
0.700806
0.700683
0.700514
0.700285
0.700006
0.699709
0.699437
0.69923
0.699125
0.699147
0.69931
0.699608
0.700008
0.700459
0.700898
0.701271
0.70153
0.701637
0.701574
0.701363
0.701059
0.70072
0.700382
0.700051
0.699713
0.699355
0.698974
0.69859
0.698239
0.697975
0.697844
0.697861
0.697993
0.698161
0.698288
0.698336
0.698319
0.698271
0.698207
0.698112
0.697975
0.697819
0.69769
0.69762
0.6976
0.697594
0.697579
0.69758
0.697693
0.698063
0.698815
0.69992
0.701099
0.701964
0.70229
0.702124
0.701664
0.701112
0.700613
0.700248
0.700045
0.699999
0.700084
0.700269
0.700524
0.700828
0.701165
0.70151
0.701831
0.702084
0.702227
0.702235
0.702106
0.701866
0.701557
0.701229
0.700927
0.700689
0.700535
0.70047
0.700486
0.700564
0.700683
0.700818
0.700943
0.701025
0.701032
0.700934
0.700711
0.700359
0.699895
0.699358
0.698796
0.698264
0.697804
0.697441
0.697191
0.697092
0.69724
0.6978
0.698904
0.700439
0.701974
0.703047
0.70348
0.703372
0.702904
0.702219
0.701413
0.700552
0.699694
0.69889
0.698192
0.697657
0.69733
0.697218
0.697263
0.69737
0.697466
0.69755
0.697672
0.697891
0.698232
0.698675
0.69917
0.699652
0.700063
0.700367
0.700558
0.700657
0.700697
0.700707
0.700696
0.700658
0.70058
0.700464
0.700328
0.700195
0.70009
0.700027
0.700009
0.700015
0.700005
0.69994
0.699818
0.699682
0.699609
0.699676
0.699921
0.700306
0.700719
0.701019
0.701114
0.700994
0.700714
0.700348
0.699964
0.69962
0.69936
0.699211
0.699182
0.699263
0.699426
0.699625
0.699808
0.699931
0.699984
0.700005
0.700062
0.70022
0.700499
0.700854
0.701197
0.701442
0.701534
0.70147
0.701281
0.701022
0.70075
0.700513
0.700339
0.700238
0.700209
0.700245
0.700333
0.700446
0.700541
0.700558
0.700447
0.700178
0.699756
0.69922
0.698631
0.698062
0.697598
0.697337
0.697377
0.697775
0.698477
0.699309
0.70007
0.700635
0.700977
0.701126
0.701132
0.701043
0.700907
0.700769
0.700673
0.700653
0.70072
0.700841
0.700955
0.701001
0.700948
0.700806
0.700607
0.700389
0.700189
0.700038
0.699958
0.699947
0.699973
0.69998
0.699914
0.699755
0.699522
0.69925
0.698976
0.69873
0.698543
0.698448
0.69848
0.698647
0.698926
0.699261
0.699598
0.699907
0.700182
0.700424
0.700631
0.700792
0.700888
0.700901
0.700823
0.700657
0.70042
0.700144
0.699877
0.699675
0.699584
0.699623
0.699773
0.699987
0.700213
0.700411
0.700557
0.700632
0.700619
0.700504
0.700284
0.699976
0.699611
0.699239
0.698919
0.698733
0.698795
0.699224
0.70005
0.7011
0.702039
0.702587
0.702667
0.702365
0.701815
0.701131
0.700395
0.699663
0.69898
0.698388
0.697929
0.697647
0.697576
0.697725
0.698067
0.698542
0.699069
0.699574
0.699998
0.700327
0.700577
0.700775
0.700917
0.700982
0.700957
0.700851
0.700688
0.70049
0.700281
0.700085
0.699929
0.699834
0.699812
0.699855
0.699936
0.70002
0.700066
0.700038
0.699909
0.699665
0.699317
0.698908
0.69853
0.698315
0.698375
0.698705
0.699144
0.699478
0.699573
0.69942
0.699096
0.698736
0.6985
0.698532
0.698904
0.699565
0.700323
0.700918
0.70115
0.700975
0.700489
0.699845
0.699193
0.698647
0.698296
0.698195
0.698362
0.698747
0.699249
0.699755
0.700182
0.700506
0.700736
0.700896
0.701006
0.701091
0.701187
0.701329
0.701534
0.701783
0.702023
0.702179
0.702191
0.702041
0.701761
0.701404
0.701019
0.700631
0.700242
0.699841
0.69943
0.699028
0.698677
0.698434
0.698352
0.698452
0.698709
0.699053
0.699411
0.699748
0.700087
0.700461
0.70084
0.70111
0.70115
0.700927
0.700516
0.700051
0.699687
0.699573
0.699795
0.700282
0.700784
0.701033
0.700928
0.700551
0.700052
0.699564
0.699182
0.698978
0.699006
0.699283
0.699764
0.700337
0.700875
0.701298
0.701595
0.701797
0.701933
0.702016
0.702045
0.702017
0.701941
0.701836
0.701728
0.701628
0.701534
0.701431
0.701299
0.701117
0.700865
0.700531
0.700128
0.699696
0.69929
0.698956
0.698713
0.698545
0.698414
0.698297
0.698206
0.698191
0.698311
0.698587
0.698978
0.699399
0.699767
0.700034
0.700187
0.700231
0.700167
0.700005
0.699772
0.699526
0.699358
0.699372
0.699641
0.700148
0.700775
0.701349
0.701735
0.701889
0.701846
0.701674
0.701436
0.701176
0.700922
0.700689
0.700485
0.700316
0.700179
0.70007
0.699985
0.699931
0.699921
0.699975
0.700092
0.700241
0.700363
0.700395
0.700302
0.700089
0.69979
0.699443
0.699087
0.69875
0.69845
0.698193
0.697972
0.697773
0.697585
0.697412
0.697273
0.697191
0.697191
0.697285
0.697469
0.697722
0.698006
0.698283
0.698524
0.698728
0.69891
0.699094
0.699288
0.699486
0.69968
0.699873
0.700075
0.700293
0.700521
0.700739
0.700927
0.701065
0.701144
0.701168
0.701154
0.701129
0.701122
0.701147
0.701197
0.701236
0.701214
0.701088
0.700848
0.700514
0.700135
0.699762
0.699432
0.699159
0.698939
0.698772
0.698667
0.698644
0.698713
0.698862
0.699067
0.69929
0.699497
0.699665
0.699797
0.699931
0.700132
0.700459
0.700928
0.701489
0.702042
0.702481
0.702734
0.702785
0.702664
0.70242
0.702104
0.701765
0.701452
0.701213
0.701078
0.701044
0.701063
0.701078
0.701043
0.700945
0.700791
0.700595
0.700367
0.700107
0.699816
0.699501
0.699179
0.698875
0.698616
0.698415
0.698271
0.698177
0.69813
0.69815
0.698263
0.698483
0.698793
0.69915
0.699507
0.699834
0.700117
0.700351
0.700527
0.700637
0.700682
0.70068
0.70067
0.700699
0.700806
0.701001
0.701247
0.701467
0.701582
0.701542
0.701341
0.701009
0.700595
0.70015
0.699716
0.69933
0.699015
0.698795
0.698689
0.698707
0.698838
0.699039
0.699243
0.69939
0.699448
0.699412
0.699295
0.699105
0.698859
0.698593
0.698362
0.698232
0.698267
0.6985
0.698907
0.699411
0.699906
0.700307
0.700577
0.70072
0.700758
0.70072
0.70067
0.700713
0.70096
0.701429
0.701992
0.702435
0.702604
0.702477
0.70212
0.701625
0.701076
0.700546
0.700094
0.699762
0.699565
0.699487
0.699485
0.699495
0.699459
0.69933
0.699087
0.698733
0.698297
0.697844
0.697476
0.697342
0.697594
0.698266
0.699136
0.699815
0.700047
0.699874
0.699517
0.699199
0.699062
0.699152
0.699419
0.699753
0.700046
0.700259
0.700452
0.700735
0.701175
0.701718
0.702223
0.702553
0.702644
0.702503
0.702177
0.70173
0.701222
0.700712
0.700242
0.699843
0.699531
0.69931
0.699184
0.699159
0.699235
0.699405
0.69964
0.699905
0.70017
0.700421
0.700658
0.700878
0.70106
0.701169
0.70117
0.701049
0.700817
0.700506
0.70015
0.699776
0.699405
0.69905
0.698724
0.69844
0.698213
0.698058
0.697987
0.697993
0.69805
0.698105
0.698098
0.697995
0.697824
0.697692
0.697733
0.698001
0.69839
0.698712
0.698858
0.69885
0.698783
0.698748
0.698802
0.698971
0.69925
0.699603
0.699971
0.700277
0.700452
0.700455
0.700289
0.699992
0.699629
0.699268
0.698968
0.698765
0.698667
0.698669
0.698752
0.698897
0.699082
0.699286
0.699501
0.699727
0.699967
0.700221
0.700485
0.700755
0.701027
0.701288
0.701506
0.701633
0.701615
0.701409
0.701003
0.70043
0.699799
0.699339
0.699426
0.700378
0.701993
0.703476
0.704208
0.704212
0.703809
0.703243
0.702627
0.702021
0.701464
0.700989
0.700617
0.700356
0.700216
0.700216
0.700373
0.700662
0.700984
0.701185
0.701139
0.700816
0.700288
0.69968
0.699111
0.698657
0.698343
0.698155
0.698068
0.69808
0.69822
0.698531
0.699008
0.699577
0.70014
0.700633
0.701029
0.701311
0.701473
0.701531
0.701517
0.701464
0.701396
0.701325
0.701267
0.701242
0.701268
0.701344
0.701439
0.701506
0.701511
0.701454
0.701353
0.701202
0.700965
0.700606
0.700133
0.699615
0.69915
0.698828
0.69869
0.698718
0.698835
0.698945
0.698969
0.698882
0.69872
0.698566
0.698503
0.698557
0.69865
0.698632
0.698379
0.697902
0.697337
0.696882
0.696706
0.696866
0.697256
0.697662
0.697916
0.698019
0.698117
0.698395
0.698968
0.699831
0.70084
0.701751
0.702327
0.702465
0.70224
0.701845
0.701475
0.701258
0.701235
0.701394
0.701679
0.701996
0.702224
0.702253
0.702029
0.701579
0.700984
0.700349
0.699767
0.6993
0.698968
0.698762
0.698663
0.69865
0.6987
0.698783
0.698868
0.698938
0.698992
0.699037
0.699084
0.699144
0.699228
0.699352
0.69953
0.699775
0.700082
0.700428
0.700776
0.7011
0.701391
0.701645
0.701844
0.701947
0.701929
0.701809
0.701648
0.701506
0.701421
0.701398
0.70143
0.701505
0.701607
0.701715
0.701804
0.701854
0.701851
0.701787
0.701653
0.701443
0.701156
0.700811
0.700443
0.700102
0.699835
0.699678
0.699645
0.699729
0.699895
0.700096
0.700279
0.700412
0.700486
0.70052
0.700546
0.700591
0.700665
0.700752
0.700819
0.700827
0.700748
0.700572
0.70031
0.699993
0.699666
0.699382
0.699187
0.699111
0.699153
0.699285
0.699466
0.699661
0.699857
0.70005
0.700244
0.700442
0.700642
0.700841
0.701033
0.701213
0.701379
0.70153
0.701661
0.701749
0.701756
0.701636
0.701358
0.700924
0.700369
0.699748
0.699124
0.698553
0.698073
0.697705
0.697448
0.697291
0.697219
0.697219
0.69728
0.697393
0.697547
0.69773
0.697931
0.698137
0.698331
0.698491
0.698603
0.698661
0.69868
0.698683
0.698701
0.69876
0.698873
0.699029
0.6992
0.699351
0.699463
0.69953
0.699541
0.699466
0.699256
0.698879
0.698343
0.697705
0.697058
0.696529
0.696258
0.696351
0.696817
0.697535
0.698304
0.698956
0.699437
0.699809
0.700185
0.700643
0.701164
0.701649
0.701996
0.702169
0.702203
0.702163
0.702096
0.702011
0.701893
0.70172
0.701484
0.701186
0.700844
0.700479
0.700112
0.699762
0.69945
0.699209
0.699081
0.699113
0.699331
0.699715
0.700184
0.700624
0.70094
0.701101
0.701132
0.701077
0.700969
0.700829
0.700677
0.700541
0.700448
0.700418
0.700447
0.700502
0.700535
0.700499
0.700371
0.70016
0.699912
0.699685
0.699525
0.699445
0.699426
0.699445
0.699496
0.69958
0.699686
0.699785
0.699844
0.699848
0.699805
0.699732
0.699624
0.699451
0.69918
0.698813
0.698411
0.698077
0.697936
0.698086
0.698567
0.699322
0.700201
0.70102
0.701636
0.701998
0.702138
0.702119
0.701993
0.701782
0.701494
0.701138
0.700737
0.700329
0.699951
0.699629
0.69937
0.699164
0.69899
0.698828
0.698673
0.698542
0.698469
0.698489
0.698612
0.698818
0.699058
0.699277
0.699434
0.699512
0.699513
0.699453
0.699365
0.699297
0.699301
0.699408
0.69961
0.699851
0.700044
0.700109
0.699998
0.699715
0.699313
0.698884
0.698539
0.698388
0.698513
0.698923
0.69954
0.70022
0.700827
0.701303
0.701679
0.702024
0.702383
0.702745
0.703055
0.703251
0.703297
0.703198
0.702988
0.702712
0.70241
0.702099
0.701779
0.701435
0.701059
0.700659
0.700266
0.699936
0.699732
0.699707
0.699887
0.700252
0.700735
0.701242
0.701677
0.701969
0.702079
0.702005
0.701771
0.70143
0.701044
0.700681
0.700396
0.70022
0.70015
0.700147
0.700146
0.700082
0.699913
0.699631
0.699243
0.698772
0.69826
0.697781
0.697441
0.697361
0.697591
0.698025
0.698438
0.698656
0.698671
0.698588
0.698525
0.698548
0.698648
0.698753
0.698773
0.698658
0.69843
0.698164
0.697957
0.697891
0.698007
0.698296
0.69872
0.69925
0.699886
0.700616
0.701353
0.701956
0.702323
0.702464
0.702475
0.702463
0.702499
0.702597
0.702717
0.702797
0.702776
0.702619
0.702311
0.70186
0.701287
0.700627
0.699922
0.699214
0.698547
0.697969
0.69753
0.697271
0.697199
0.69728
0.697451
0.697659
0.697887
0.698139
0.698417
0.698711
0.699001
0.699273
0.699517
0.699725
0.699891
0.700011
0.700088
0.70012
0.70009
0.699967
0.699722
0.699348
0.698878
0.69841
0.698095
0.698097
0.698463
0.699032
0.699485
0.699591
0.699373
0.699069
0.698966
0.699214
0.699734
0.70026
0.700521
0.700399
0.699965
0.699407
0.698949
0.698784
0.699029
0.699692
0.700651
0.701681
0.702535
0.70305
0.703194
0.703048
0.702744
0.702416
0.702161
0.702031
0.702024
0.702101
0.7022
0.702268
0.702273
0.702213
0.7021
0.701953
0.701777
0.701564
0.701302
0.700985
0.700622
0.700237
0.699857
0.699505
0.699204
0.69898
0.698863
0.698888
0.699079
0.699427
0.699884
0.700368
0.700798
0.701125
0.701343
0.70147
0.701509
0.701439
0.701236
0.700894
0.700436
0.699902
0.699335
0.698774
0.698255
0.697813
0.69748
0.697277
0.697215
0.697283
0.697451
0.697682
0.697944
0.698214
0.698488
0.698767
0.699061
0.69938
0.699733
0.70012
0.700517
0.700878
0.701151
0.701296
0.701295
0.701153
0.70089
0.700533
0.700116
0.699683
0.699293
0.699015
0.698903
0.698979
0.699221
0.699583
0.700015
0.700466
0.700886
0.701217
0.701399
0.701391
0.701184
0.700806
0.70031
0.699756
0.699196
0.698671
0.698213
0.697855
0.697634
0.697579
0.697684
0.697902
0.698144
0.698318
0.698372
0.698299
0.698133
0.697922
0.697718
0.697569
0.697509
0.697557
0.697703
0.697924
0.698199
0.698539
0.698986
0.699595
0.700369
0.701225
0.702002
0.702544
0.70278
0.702745
0.702549
0.702318
0.702156
0.70212
0.702216
0.702409
0.702637
0.70283
0.702918
0.702842
0.702571
0.70212
0.701547
0.700936
0.700381
0.699977
0.699793
0.699833
0.69999
0.700087
0.699985
0.699671
0.699252
0.698873
0.698642
0.698593
0.698701
0.698936
0.699283
0.699721
0.700179
0.700559
0.700783
0.700827
0.700722
0.700548
0.700409
0.700369
0.700413
0.700473
0.700488
0.700418
0.700243
0.69998
0.699691
0.69946
0.699363
0.699447
0.69974
0.700231
0.700839
0.701422
0.701849
0.702073
0.702116
0.702026
0.701841
0.701594
0.701317
0.701043
0.700799
0.700596
0.700427
0.700262
0.70006
0.69979
0.699452
0.699089
0.698783
0.698625
0.698662
0.698857
0.699101
0.699284
0.699362
0.69936
0.699333
0.699325
0.699355
0.699414
0.699473
0.699491
0.699431
0.69927
0.699005
0.698666
0.698308
0.698008
0.69785
0.697897
0.698159
0.698587
0.699093
0.69959
0.700008
0.700307
0.700474
0.700532
0.700529
0.700526
0.700572
0.700686
0.700858
0.701053
0.701237
0.701386
0.701486
0.701524
0.70149
0.701376
0.70119
0.700949
0.700683
0.700423
0.700201
0.700047
0.699985
0.700022
0.700143
0.700296
0.700411
0.700433
0.70034
0.700158
0.699931
0.699707
0.699523
0.699388
0.699286
0.699175
0.699002
0.698729
0.698351
0.697903
0.697459
0.697116
0.696965
0.697061
0.697389
0.69787
0.698408
0.698935
0.699425
0.699868
0.700256
0.700575
0.700816
0.700981
0.701093
0.70119
0.701308
0.701467
0.70165
0.701812
0.701904
0.701899
0.701806
0.701654
0.701458
0.701211
0.70089
0.70049
0.700058
0.699702
0.699546
0.699621
0.699807
0.699925
0.699911
0.699862
0.699929
0.700192
0.700601
0.701013
0.701275
0.701301
0.701084
0.700674
0.700148
0.699588
0.699084
0.698727
0.698602
0.69876
0.699198
0.699846
0.700587
0.701288
0.701829
0.702131
0.702164
0.701949
0.701542
0.701011
0.700426
0.699854
0.699356
0.698987
0.698786
0.698756
0.698858
0.699023
0.699183
0.699305
0.699389
0.699452
0.699513
0.699577
0.699635
0.699668
0.699657
0.699596
0.699499
0.699399
0.699336
0.699345
0.699454
0.699674
0.7
0.700396
0.700802
0.701148
0.701383
0.701493
0.701494
0.70142
0.701299
0.701154
0.700992
0.700815
0.700622
0.700414
0.700193
0.699961
0.699721
0.699481
0.699255
0.699058
0.698897
0.698762
0.698625
0.698451
0.698213
0.697903
0.69755
0.69722
0.697018
0.697063
0.697439
0.698145
0.699071
0.700036
0.700885
0.701552
0.702056
0.702441
0.702716
0.702851
0.702827
0.702667
0.702428
0.702162
0.701893
0.701612
0.701308
0.700989
0.700672
0.700374
0.700089
0.6998
0.699493
0.699173
0.698852
0.698537
0.698227
0.697921
0.697651
0.697489
0.697536
0.697874
0.698514
0.699354
0.700201
0.700844
0.701145
0.701097
0.70081
0.700451
0.700155
0.699959
0.699805
0.699605
0.699306
0.698922
0.698524
0.69822
0.698116
0.698281
0.698723
0.699391
0.700185
0.700973
0.701625
0.702049
0.702214
0.702141
0.701873
0.701451
0.700899
0.700237
0.69949
0.698696
0.697929
0.69731
0.697
0.697142
0.697748
0.698639
0.699532
0.70023
0.700713
0.701064
0.701346
0.701555
0.701642
0.701562
0.701303
0.700896
0.700401
0.699896
0.699446
0.699098
0.698866
0.698731
0.698651
0.698581
0.698482
0.698342
0.698164
0.697961
0.697737
0.697493
0.697251
0.697081
0.697092
0.697391
0.698016
0.698895
0.699873
0.700787
0.701537
0.702087
0.702443
0.70264
0.702741
0.702824
0.702952
0.703145
0.703379
0.703593
0.703724
0.703722
0.703563
0.703252
0.702816
0.702305
0.701782
0.701322
0.700998
0.700862
0.700921
0.701119
0.701359
0.701536
0.701582
0.701481
0.701252
0.700927
0.700543
0.700135
0.69974
0.699393
0.69912
0.698934
0.698839
0.698828
0.698892
0.699018
0.699199
0.699441
0.699774
0.700243
0.700863
0.701559
0.702158
0.70248
0.702454
0.702131
0.701633
0.701077
0.700543
0.700057
0.699611
0.699194
0.69881
0.698481
0.698228
0.698057
0.697942
0.697828
0.697646
0.697348
0.696948
0.696551
0.696356
0.696584
0.697331
0.698424
0.699499
0.70026
0.700652
0.700796
0.700819
0.700773
0.700651
0.700437
0.700145
0.69983
0.699574
0.699466
0.699565
0.699847
0.700191
0.700436
0.700491
0.70037
0.700147
0.699899
0.699674
0.699489
0.699348
0.699242
0.699158
0.699075
0.698973
0.698833
0.698642
0.698397
0.698112
0.697841
0.697704
0.697865
0.698459
0.699457
0.700607
0.701558
0.702085
0.702197
0.702063
0.701861
0.701702
0.70162
0.701597
0.701592
0.701571
0.701529
0.701482
0.701448
0.701434
0.701442
0.701473
0.701519
0.701556
0.701539
0.701424
0.701199
0.700897
0.700576
0.700305
0.700131
0.700066
0.700078
0.700104
0.700086
0.699989
0.699815
0.699592
0.69936
0.699156
0.699001
0.698905
0.69887
0.698895
0.698963
0.699048
0.69912
0.699169
0.699208
0.699259
0.699333
0.699426
0.699542
0.699694
0.699895
0.700122
0.700333
0.700496
0.700615
0.700715
0.700811
0.700879
0.700871
0.700736
0.700458
0.70007
0.699655
0.699338
0.699246
0.699453
0.69992
0.700496
0.700994
0.701284
0.701339
0.701206
0.700955
0.700646
0.700328
0.700046
0.699845
0.699769
0.699842
0.700056
0.700371
0.700717
0.701015
0.701193
0.701214
0.70108
0.700832
0.700534
0.700266
0.700126
0.700215
0.700584
0.701164
0.701773
0.702225
0.702422
0.702372
0.702138
0.701792
0.701385
0.700947
0.700495
0.700045
0.699619
0.699239
0.69892
0.698672
0.698496
0.698389
0.69835
0.69838
0.69848
0.698648
0.698869
0.699118
0.699363
0.69957
0.699711
0.699768
0.699734
0.699616
0.69943
0.699195
0.698934
0.698671
0.698432
0.698242
0.698124
0.698086
0.698116
0.698173
0.698211
0.698191
0.698098
0.697941
0.697738
0.697515
0.697295
0.697107
0.696982
0.69695
0.69703
0.69722
0.697494
0.697814
0.698149
0.69849
0.698844
0.699223
0.699633
0.70006
0.700471
0.700822
0.701067
0.701172
0.701125
0.700942
0.700674
0.700403
0.700205
0.700102
0.700061
0.700064
0.700172
0.700482
0.701024
0.701695
0.702308
0.702701
0.702812
0.702663
0.702309
0.70179
0.701124
0.700335
0.699505
0.698834
0.698623
0.699035
0.699814
0.700437
0.700632
0.700513
0.700296
0.700103
0.699971
0.699905
0.699907
0.699965
0.70005
0.700117
0.700132
0.700085
0.700003
0.699931
0.699918
0.699994
0.700142
0.700293
0.700357
0.700284
0.700098
0.699874
0.69969
0.699604
0.699643
0.699807
0.700069
0.700371
0.700635
0.700782
0.700753
0.700529
0.700131
0.699607
0.69903
0.698484
0.698052
0.697793
0.697719
0.697799
0.697985
0.698263
0.698668
0.699243
0.69996
0.700674
0.70119
0.701385
0.701274
0.700961
0.700556
0.700141
0.699779
0.699533
0.699454
0.699558
0.699824
0.7002
0.700625
0.701027
0.701337
0.701488
0.701418
0.701096
0.700556
0.699898
0.699271
0.69884
0.698742
0.699016
0.699549
0.70013
0.700594
0.700911
0.701151
0.701391
0.701667
0.701959
0.70221
0.702354
0.702342
0.702163
0.701846
0.701451
0.701051
0.700712
0.700485
0.700393
0.700434
0.700575
0.700764
0.700929
0.701003
0.700946
0.700766
0.700526
0.700328
0.700276
0.700432
0.700776
0.701198
0.701544
0.701687
0.701574
0.701232
0.700737
0.700178
0.699635
0.699165
0.698789
0.69849
0.698214
0.697891
0.697475
0.69697
0.69644
0.695987
0.695722
0.695731
0.696058
0.696701
0.697613
0.698703
0.699847
0.700914
0.701797
0.70242
0.702734
0.702735
0.702469
0.702021
0.701492
0.700975
0.700546
0.700254
0.700122
0.700144
0.700287
0.700515
0.700804
0.701133
0.701446
0.701654
0.701681
0.701523
0.701233
0.700875
0.700493
0.700116
0.699777
0.699535
0.699456
0.699586
0.699897
0.700278
0.700573
0.700656
0.700477
0.700069
0.699515
0.69892
0.698384
0.697991
0.697788
0.697782
0.697931
0.698161
0.698385
0.698544
0.698633
0.698712
0.69888
0.699222
0.699743
0.700349
0.70089
0.701246
0.701367
0.701267
0.700985
0.700576
0.700108
0.69968
0.699405
0.699364
0.699542
0.699814
0.700021
0.700086
0.700037
0.699948
0.699873
0.699827
0.699795
0.699752
0.699683
0.699597
0.699511
0.69945
0.699422
0.699431
0.699478
0.699567
0.699706
0.699895
0.700124
0.700363
0.700556
0.700637
0.700542
0.700247
0.699779
0.699224
0.698713
0.698403
0.698428
0.69884
0.699554
0.700364
0.701042
0.701447
0.701569
0.701495
0.701352
0.701251
0.701245
0.701309
0.701375
0.701388
0.701335
0.701231
0.701098
0.70095
0.700792
0.700632
0.70048
0.700352
0.700263
0.700219
0.70021
0.700218
0.700216
0.700182
0.700101
0.699973
0.69981
0.699632
0.699467
0.699343
0.699293
0.699338
0.699478
0.699671
0.699867
0.700044
0.700226
0.700446
0.7007
0.700931
0.701075
0.701102
0.701028
0.700887
0.70071
0.700516
0.700321
0.700139
0.699969
0.699794
0.699592
0.699354
0.69909
0.698816
0.698547
0.698295
0.698075
0.697911
0.697833
0.697857
0.697976
0.698158
0.698362
0.698553
0.698714
0.698848
0.698969
0.699089
0.69921
0.699328
0.699447
0.699581
0.699747
0.699945
0.700161
0.700373
0.700579
0.700808
0.701108
0.701498
0.701934
0.702322
0.702591
0.702728
0.702768
0.702758
0.702734
0.702718
0.702709
0.702691
0.702636
0.702523
0.702348
0.702118
0.701844
0.701528
0.701163
0.700749
0.700302
0.699867
0.699511
0.69931
0.699317
0.699537
0.699909
0.700324
0.700659
0.700837
0.700847
0.700731
0.700553
0.700371
0.70022
0.700103
0.699994
0.69985
0.699638
0.699356
0.699035
0.698733
0.698506
0.698377
0.698309
0.698238
0.698119
0.697974
0.697874
0.697898
0.698085
0.698395
0.698714
0.698901
0.698875
0.698649
0.698303
0.69793
0.697607
0.697377
0.697257
0.697251
0.697351
0.697543
0.697796
0.69808
0.69837
0.698662
0.698971
0.699317
0.699721
0.700187
0.700701
0.701239
0.701773
0.702283
0.702743
0.703113
0.703342
0.703383
0.703217
0.702863
0.702374
0.701817
0.701265
0.700784
0.700427
0.700218
0.700144
0.700154
0.700189
0.700202
0.700171
0.70007
0.699857
0.699486
0.698947
0.698298
0.697654
0.697147
0.696875
0.696875
0.697133
0.697613
0.698271
0.69903
0.699778
0.700398
0.700816
0.701012
0.701014
0.700876
0.700664
0.70044
0.700238
0.700066
0.699913
0.699774
0.699655
0.69955
0.699439
0.699302
0.699149
0.699026
0.698989
0.699078
0.699292
0.699598
0.699963
0.700374
0.700846
0.701392
0.701972
0.702467
0.702727
0.70267
0.702331
0.70182
0.701261
0.700751
0.700355
0.700097
0.699958
0.699874
0.699754
0.699522
0.699153
0.698686
0.69821
0.69784
0.697691
0.697862
0.698392
0.699248
0.70031
0.701401
0.702329
0.702964
0.703277
0.703316
0.703155
0.702859
0.702478
0.702037
0.701542
0.700985
0.700369
0.699737
0.699172
0.698768
0.698574
0.698569
0.698681
0.698847
0.699058
0.699351
0.699754
0.700216
0.700599
0.700754
0.700631
0.700294
0.699867
0.699472
0.699198
0.699082
0.699112
0.699227
0.699339
0.699361
0.699242
0.69898
0.698622
0.698227
0.697856
0.697573
0.69747
0.697684
0.698316
0.699282
0.700271
0.700958
0.701237
0.701226
0.701104
0.701006
0.701001
0.701107
0.701304
0.701542
0.701756
0.70188
0.701867
0.701703
0.701405
0.701014
0.700579
0.700144
0.699748
0.699418
0.699172
0.699018
0.698946
0.698936
0.698961
0.699002
0.699058
0.699137
0.699254
0.699421
0.699638
0.699894
0.700164
0.700421
0.700639
0.700798
0.700891
0.700917
0.700877
0.700774
0.700608
0.700391
0.700143
0.699901
0.699715
0.699637
0.699705
0.699924
0.700256
0.70063
0.700966
0.701203
0.701311
0.70129
0.701161
0.700955
0.700707
0.700448
0.700203
0.699999
0.699857
0.699799
0.699824
0.699905
0.699986
0.700022
0.700008
0.699982
0.699987
0.700027
0.700064
0.700048
0.699942
0.699742
0.69948
0.699225
0.699066
0.699081
0.699307
0.699708
0.700189
0.700632
0.700946
0.701098
0.701105
0.701012
0.700865
0.700691
0.700499
0.700278
0.700012
0.699687
0.699302
0.698868
0.698409
0.697954
0.697526
0.697144
0.696825
0.696592
0.696487
0.696563
0.696858
0.697348
0.697915
0.698402
0.698708
0.698849
0.698929
0.699074
0.699364
0.699802
