0.0456579
0.0456699
0.045677
0.0456857
0.0456962
0.0457094
0.0457251
0.0457434
0.0457636
0.0457859
0.0458093
0.0458342
0.0458603
0.0458874
0.0459163
0.0459453
0.045975
0.0460048
0.0460361
0.0460681
0.0461
0.0461328
0.046166
0.0461995
0.0462329
0.0462671
0.0463013
0.0463348
0.0463694
0.0464037
0.0464377
0.0464715
0.0465052
0.0465383
0.046571
0.0466039
0.0466363
0.0466678
0.0466982
0.0467281
0.0467568
0.0467859
0.0468132
0.0468406
0.046867
0.046892
0.0469168
0.0469399
0.0469627
0.0469845
0.0470056
0.0470262
0.047046
0.0470649
0.047083
0.047101
0.0471186
0.0471359
0.0471528
0.0471701
0.0471865
0.0472036
0.0472203
0.0472369
0.0472538
0.0472714
0.0472896
0.0473082
0.0473272
0.0473468
0.0473667
0.0473877
0.0474088
0.0474308
0.0474534
0.047477
0.0475016
0.047527
0.0475529
0.0475798
0.0476073
0.0476353
0.0476649
0.0476956
0.0477259
0.0477576
0.0477894
0.047822
0.0478552
0.0478892
0.0479238
0.0479588
0.0479936
0.0480293
0.0480658
0.0481023
0.0481388
0.0481746
0.0482109
0.048247
0.0482834
0.0483192
0.0483547
0.04839
0.0484244
0.0484591
0.0484927
0.048526
0.0485579
0.0485894
0.0486203
0.0486503
0.0486797
0.0487086
0.0487368
0.0487636
0.0487897
0.048815
0.0488397
0.0488635
0.0488873
0.0489104
0.0489327
0.0489545
0.0489757
0.0489965
0.0490168
0.0490369
0.049056
0.0490759
0.0490953
0.0491152
0.0491352
0.0491545
0.0491738
0.0491934
0.0492126
0.0492325
0.0492526
0.0492722
0.0492929
0.0493137
0.0493354
0.0493569
0.049379
0.0494018
0.0494242
0.0494467
0.0494699
0.049493
0.0495171
0.0495414
0.0495661
0.0495907
0.0496153
0.0496403
0.0496659
0.0496917
0.0497173
0.0497427
0.0497689
0.0497951
0.0498212
0.0498476
0.0498742
0.0499
0.0499261
0.0499508
0.049976
0.0500009
0.0500251
0.050049
0.0500716
0.0500947
0.0501165
0.0501381
0.050159
0.050179
0.0501981
0.0502168
0.0502348
0.0502522
0.0502679
0.0502828
0.0502973
0.0503113
0.0503241
0.0503367
0.0503486
0.0503593
0.0503692
0.0503784
0.050387
0.0503947
0.0504016
0.0504081
0.0504137
0.050419
0.0504239
0.0504278
0.0504326
0.0504371
0.0504407
0.0504444
0.0504478
0.0504514
0.0504543
0.0504576
0.0504607
0.0504644
0.0504686
0.0504721
0.0504764
0.0504811
0.0504867
0.0504917
0.0504976
0.0505038
0.0505106
0.0505175
0.0505248
0.0505323
0.0505401
0.0505487
0.0505574
0.0505662
0.0505756
0.050585
0.0505942
0.0506041
0.0506139
0.0506239
0.0506337
0.0506432
0.0506524
0.0506618
0.0506711
0.0506802
0.0506893
0.050698
0.0507066
0.0507139
0.050721
0.0507275
0.0507342
0.0507404
0.0507461
0.0507512
0.0507566
0.050761
0.0507651
0.0507686
0.0507719
0.0507752
0.0507781
0.0507805
0.0507837
0.0507861
0.050788
0.0507907
0.0507929
0.0507942
0.050796
0.0507979
0.0507992
0.0508001
0.0508015
0.0508021
0.0508028
0.0508035
0.0508041
0.0508055
0.0508061
0.0508067
0.0508069
0.0508072
0.0508075
0.0508078
0.0508074
0.0508068
0.0508065
0.0508053
0.0508044
0.0508029
0.0508013
0.0507999
0.0507977
0.050796
0.0507942
0.0507914
0.0507887
0.0507856
0.0507821
0.0507781
0.0507739
0.0507692
0.0507646
0.0507598
0.0507543
0.0507486
0.0507425
0.050736
0.0507287
0.0507216
0.0507141
0.050706
0.0506978
0.0506894
0.0506806
0.0506707
0.0506617
0.0506523
0.0506422
0.0506317
0.0506214
0.0506106
0.0505992
0.0505882
0.0505768
0.0505653
0.0505543
0.0505435
0.0505327
0.0505219
0.0505119
0.0505019
0.0504924
0.0504837
0.0504751
0.0504668
0.0504593
0.0504524
0.0504461
0.0504404
0.0504354
0.050431
0.0504268
0.050424
0.0504219
0.0504201
0.0504193
0.0504191
0.0504191
0.0504195
0.0504207
0.0504229
0.0504253
0.0504288
0.0504328
0.0504377
0.0504423
0.0504468
0.0504524
0.0504581
0.0504639
0.0504697
0.0504762
0.0504831
0.0504899
0.0504967
0.0505032
0.05051
0.0505166
0.0505232
0.0505296
0.0505362
0.0505418
0.0505475
0.0505539
0.0505598
0.0505652
0.0505698
0.0505744
0.0505791
0.0505835
0.0505877
0.0505915
0.0505957
0.050599
0.0506022
0.0506051
0.0506077
0.0506096
0.0506115
0.0506134
0.0506153
0.0506173
0.0506187
0.0506197
0.0506206
0.0506204
0.0506209
0.050621
0.0506212
0.0506214
0.0506213
0.0506211
0.0506205
0.0506198
0.050619
0.0506187
0.0506182
0.0506179
0.0506173
0.0506161
0.0506163
0.0506167
0.0506172
0.0506178
0.0506186
0.0506195
0.0506211
0.0506234
0.0506253
0.0506275
0.0506297
0.0506334
0.0506367
0.0506407
0.0506448
0.0506489
0.0506544
0.05066
0.0506657
0.0506715
0.0506774
0.050684
0.0506908
0.0506981
0.0507046
0.0507118
0.0507188
0.0507263
0.0507332
0.0507404
0.0507475
0.0507547
0.050762
0.0507692
0.0507755
0.0507817
0.050787
0.0507924
0.0507974
0.0508024
0.0508072
0.050812
0.0508155
0.0508189
0.050822
0.0508249
0.0508274
0.0508295
0.0508318
0.0508333
0.0508344
0.0508356
0.0508359
0.050836
0.050836
0.0508357
0.0508357
0.0508357
0.0508355
0.0508352
0.0508349
0.0508353
0.0508355
0.0508357
0.0508361
0.0508361
0.0508368
0.0508375
0.0508389
0.0508406
0.0508432
0.050846
0.0508494
0.0508536
0.0508578
0.0508638
0.0508695
0.0508754
0.0508821
0.0508902
0.0508989
0.0509083
0.050918
0.0509286
0.0509398
0.0509519
0.0509648
0.0509785
0.0509923
0.0510069
0.051022
0.0510375
0.0510535
0.0510702
0.0510872
0.0511044
0.051123
0.0511409
0.0511595
0.0511783
0.0511974
0.0512163
0.0512354
0.0512548
0.0512733
0.051292
0.0513111
0.0513301
0.0513484
0.0513666
0.0513851
0.0514033
0.0514204
0.051438
0.0514554
0.0514719
0.0514888
0.0515048
0.0515205
0.0515357
0.0515508
0.0515656
0.0515799
0.0515942
0.0516082
0.0516217
0.0516354
0.0516482
0.0516608
0.0516739
0.0516867
0.0516984
0.0517101
0.0517212
0.0517328
0.0517434
0.0517542
0.0517652
0.0517757
0.051786
0.0517957
0.0518055
0.0518153
0.0518249
0.0518342
0.0518433
0.0518527
0.0518611
0.0518692
0.0518772
0.051885
0.0518924
0.0518993
0.0519058
0.0519123
0.0519177
0.0519231
0.0519275
0.0519318
0.0519349
0.0519379
0.0519401
0.0519417
0.0519423
0.0519427
0.0519421
0.051942
0.0519408
0.0519388
0.0519365
0.0519336
0.0519305
0.0519269
0.0519226
0.0519182
0.0519133
0.0519083
0.0519031
0.0518976
0.0518918
0.051886
0.0518801
0.0518738
0.0518686
0.0518627
0.0518567
0.0518507
0.0518453
0.0518392
0.0518331
0.0518269
0.0518212
0.0518151
0.0518092
0.0518031
0.051797
0.0517906
0.0517842
0.0517775
0.0517711
0.0517639
0.051757
0.0517497
0.0517427
0.051735
0.0517266
0.0517179
0.0517092
0.0517003
0.0516912
0.0516817
0.0516717
0.0516619
0.0516508
0.0516405
0.0516297
0.0516184
0.0516072
0.0515956
0.0515842
0.0515724
0.0515607
0.0515483
0.0515355
0.0515234
0.0515116
0.0514994
0.051487
0.0514747
0.0514631
0.0514513
0.05144
0.0514281
0.0514169
0.0514056
0.0513949
0.0513841
0.0513738
0.0513634
0.0513537
0.0513444
0.051335
0.0513261
0.0513173
0.0513089
0.0513007
0.0512929
0.0512855
0.0512784
0.051271
0.0512649
0.0512581
0.0512516
0.0512453
0.051239
0.0512327
0.0512267
0.0512205
0.0512146
0.0512085
0.0512021
0.0511967
0.05119
0.0511836
0.0511774
0.0511709
0.0511654
0.0511591
0.0511527
0.0511465
0.0511401
0.0511342
0.0511281
0.0511221
0.0511164
0.0511115
0.0511066
0.0511019
0.0510978
0.0510939
0.0510903
0.0510872
0.051085
0.0510836
0.0510828
0.0510822
0.0510816
0.0510821
0.0510833
0.0510845
0.0510866
0.0510893
0.0510931
0.0510964
0.0511
0.0511039
0.0511079
0.0511118
0.051116
0.0511201
0.0511244
0.0511285
0.0511325
0.0511365
0.0511394
0.0511423
0.051144
0.0511455
0.0511467
0.0511478
0.0511475
0.0511464
0.0511455
0.0511432
0.0511405
0.051137
0.0511332
0.0511288
0.0511237
0.0511179
0.0511122
0.051106
0.051099
0.0510917
0.0510844
0.0510767
0.0510689
0.0510608
0.0510525
0.0510442
0.0510354
0.051027
0.0510182
0.0510097
0.0510022
0.0509943
0.0509867
0.0509792
0.0509719
0.0509653
0.050959
0.0509528
0.0509467
0.0509415
0.050936
0.0509319
0.0509275
0.0509241
0.050921
0.0509182
0.0509161
0.0509142
0.0509132
0.0509123
0.0509124
0.050913
0.0509139
0.050915
0.0509169
0.0509187
0.0509212
0.0509244
0.0509283
0.0509328
0.0509373
0.0509424
0.0509479
0.0509528
0.0509578
0.0509629
0.0509686
0.0509739
0.0509801
0.0509864
0.0509915
0.0509959
0.0510013
0.0510061
0.0510118
0.0510159
0.0510207
0.0510253
0.05103
0.0510344
0.0510377
0.0510416
0.0510444
0.0510472
0.0510499
0.0510519
0.0510537
0.051055
0.0510573
0.0510585
0.0510596
0.0510607
0.0510616
0.0510617
0.0510613
0.0510611
0.0510612
0.0510611
0.0510602
0.0510589
0.0510584
0.051057
0.0510553
0.0510538
0.0510521
0.0510503
0.0510478
0.0510458
0.0510433
0.051041
0.0510385
0.0510353
0.051033
0.0510301
0.0510273
0.0510242
0.0510211
0.0510177
0.0510144
0.0510104
0.0510073
0.0510032
0.0509999
0.0509961
0.0509916
0.0509878
0.0509837
0.0509796
0.050975
0.0509708
0.0509662
0.0509615
0.0509565
0.0509516
0.0509463
0.0509416
0.0509363
0.0509308
0.0509248
0.0509187
0.0509129
0.0509074
0.0509017
0.0508956
0.0508905
0.0508846
0.050879
0.0508738
0.0508685
0.0508634
0.0508583
0.0508537
0.0508491
0.0508444
0.0508407
0.0508364
0.0508328
0.0508293
0.0508262
0.0508235
0.0508211
0.0508194
0.0508184
0.0508171
0.050816
0.050816
0.0508158
0.0508163
0.0508177
0.0508192
0.0508214
0.050824
0.0508267
0.0508298
0.0508331
0.0508365
0.0508402
0.0508431
0.0508473
0.0508515
0.0508557
0.0508598
0.0508638
0.0508682
0.0508718
0.0508752
0.0508791
0.0508823
0.0508844
0.0508874
0.0508898
0.0508918
0.0508933
0.0508947
0.0508954
0.0508958
0.0508958
0.0508948
0.050893
0.0508916
0.0508892
0.0508859
0.0508819
0.050878
0.0508738
0.0508693
0.0508639
0.0508584
0.0508529
0.0508466
0.0508402
0.0508328
0.0508262
0.0508192
0.0508115
0.0508039
0.0507961
0.0507884
0.0507807
0.0507737
0.050766
0.0507593
0.0507525
0.0507467
0.0507397
0.0507335
0.0507273
0.0507217
0.0507162
0.0507113
0.0507071
0.050703
0.0506999
0.0506973
0.0506951
0.0506927
0.0506923
0.0506923
0.0506929
0.0506938
0.0506959
0.0506984
0.0507012
0.050705
0.0507093
0.0507148
0.0507203
0.0507266
0.0507339
0.0507422
0.0507506
0.0507603
0.0507703
0.0507803
0.0507909
0.0508026
0.0508144
0.0508263
0.050839
0.050852
0.0508647
0.0508779
0.0508904
0.0509028
0.050915
0.050928
0.0509411
0.0509531
0.0509659
0.0509781
0.0509901
0.0510015
0.051012
0.0510228
0.0510331
0.0510432
0.0510526
0.0510616
0.0510702
0.0510785
0.0510862
0.0510929
0.0510996
0.0511056
0.0511114
0.0511162
0.051121
0.0511253
0.0511288
0.0511322
0.0511349
0.0511378
0.0511401
0.051142
0.0511443
0.0511458
0.0511469
0.051148
0.051149
0.05115
0.0511505
0.0511508
0.0511506
0.0511511
0.0511513
0.0511514
0.0511521
0.0511527
0.0511531
0.0511532
0.0511538
0.0511536
0.0511534
0.0511535
0.0511534
0.0511537
0.0511545
0.051155
0.0511551
0.0511553
0.0511556
0.0511555
0.0511558
0.0511556
0.051155
0.0511546
0.0511539
0.0511531
0.0511521
0.0511504
0.0511488
0.0511469
0.0511442
0.051142
0.0511396
0.0511367
0.0511332
0.0511291
0.0511243
0.05112
0.0511151
0.0511093
0.0511029
0.0510957
0.0510886
0.0510803
0.0510723
0.0510639
0.0510545
0.0510452
0.0510355
0.0510252
0.0510141
0.0510026
0.0509912
0.0509787
0.0509665
0.0509539
0.0509413
0.0509282
0.0509146
0.0509013
0.0508879
0.0508744
0.0508609
0.0508477
0.0508344
0.0508214
0.0508084
0.0507958
0.0507831
0.0507703
0.0507583
0.0507461
0.0507353
0.0507239
0.0507129
0.0507026
0.0506923
0.0506823
0.0506729
0.0506636
0.0506537
0.0506443
0.0506354
0.0506266
0.0506182
0.0506101
0.0506022
0.0505936
0.0505856
0.050578
0.05057
0.0505621
0.0505541
0.0505465
0.0505388
0.0505306
0.0505227
0.0505149
0.0505066
0.0504993
0.0504911
0.0504836
0.0504757
0.0504678
0.0504597
0.0504522
0.0504444
0.0504361
0.0504286
0.0504214
0.0504138
0.0504065
0.0503995
0.0503927
0.0503854
0.0503789
0.0503718
0.0503652
0.0503582
0.0503528
0.0503472
0.050342
0.0503368
0.0503311
0.0503265
0.0503215
0.0503168
0.0503131
0.0503093
0.0503064
0.0503035
0.0503006
0.0502983
0.0502967
0.0502952
0.0502944
0.0502932
0.0502933
0.0502936
0.050294
0.0502952
0.0502966
0.0502993
0.0503015
0.0503042
0.0503069
0.0503106
0.0503142
0.0503184
0.0503233
0.0503286
0.0503338
0.0503389
0.0503447
0.0503505
0.0503567
0.0503623
0.0503684
0.0503741
0.0503807
0.0503867
0.0503929
0.0503982
0.0504036
0.0504089
0.0504152
0.0504202
0.0504251
0.0504302
0.0504351
0.0504387
0.0504428
0.0504473
0.0504511
0.0504548
0.0504582
0.0504623
0.0504659
0.0504694
0.0504734
0.0504773
0.0504815
0.0504853
0.0504892
0.0504936
0.0504983
0.0505037
0.0505088
0.0505144
0.0505207
0.0505273
0.0505341
0.0505419
0.0505495
0.0505574
0.050566
0.0505756
0.0505848
0.0505946
0.0506051
0.050616
0.0506271
0.0506386
0.0506507
0.0506627
0.0506745
0.0506868
0.0506992
0.0507123
0.0507251
0.0507381
0.0507511
0.0507636
0.0507762
0.0507886
0.0508008
0.0508132
0.0508252
0.0508369
0.0508476
0.0508588
0.0508692
0.0508793
0.0508884
0.0508972
0.0509055
0.0509134
0.0509205
0.0509275
0.050933
0.0509377
0.0509424
0.0509466
0.0509498
0.0509527
0.0509548
0.0509561
0.0509573
0.050958
0.0509579
0.0509578
0.0509571
0.0509559
0.0509547
0.050953
0.0509514
0.0509496
0.0509482
0.0509466
0.0509447
0.0509428
0.0509399
0.0509376
0.0509354
0.0509332
0.0509308
0.0509282
0.0509259
0.0509239
0.0509219
0.05092
0.0509168
0.0509139
0.0509111
0.0509081
0.0509044
0.0509004
0.0508967
0.0508917
0.0508863
0.0508806
0.0508751
0.0508691
0.0508624
0.0508555
0.0508475
0.0508389
0.0508295
0.0508202
0.0508108
0.0508009
0.0507898
0.0507781
0.0507655
0.0507533
0.0507402
0.050727
0.0507133
0.0506999
0.0506857
0.0506713
0.050657
0.0506428
0.0506279
0.0506128
0.0505986
0.0505844
0.0505698
0.050556
0.050542
0.0505282
0.0505152
0.0505023
0.0504904
0.0504783
0.0504661
0.0504547
0.0504441
0.0504334
0.0504238
0.0504138
0.0504048
0.050396
0.050388
0.0503799
0.0503713
0.0503642
0.0503568
0.0503496
0.0503431
0.0503363
0.0503293
0.050322
0.0503158
0.0503092
0.0503019
0.0502953
0.050289
0.0502817
0.0502747
0.0502674
0.0502596
0.0502522
0.0502438
0.0502352
0.050227
0.0502179
0.0502088
0.0501988
0.0501884
0.0501789
0.0501687
0.0501584
0.0501472
0.0501359
0.0501245
0.0501122
0.0501006
0.0500879
0.0500747
0.0500621
0.0500491
0.0500366
0.0500245
0.0500117
0.0499986
0.0499856
0.0499729
0.0499605
0.0499486
0.0499362
0.0499247
0.0499133
0.0499023
0.0498911
0.0498807
0.0498703
0.0498608
0.0498512
0.0498425
0.0498344
0.0498255
0.0498178
0.0498104
0.0498032
0.0497972
0.0497909
0.0497854
0.0497799
0.0497754
0.049771
0.049767
0.0497633
0.0497606
0.049758
0.049755
0.0497534
0.0497515
0.0497503
0.0497496
0.0497495
0.04975
0.049751
0.0497517
0.0497532
0.0497552
0.0497575
0.0497609
0.0497642
0.049768
0.0497722
0.0497763
0.0497806
0.049786
0.0497908
0.0497963
0.0498022
0.0498075
0.0498131
0.0498185
0.0498241
0.0498296
0.049835
0.0498404
0.0498451
0.0498498
0.0498542
0.0498583
0.0498625
0.0498657
0.0498683
0.0498706
0.0498726
0.0498738
0.049875
0.0498755
0.0498757
0.0498744
0.0498732
0.0498708
0.0498689
0.0498667
0.0498636
0.0498604
0.0498557
0.0498513
0.0498466
0.0498417
0.0498362
0.0498309
0.0498251
0.0498194
0.0498142
0.0498088
0.049803
0.0497975
0.049792
0.0497864
0.0497816
0.049777
0.0497729
0.0497695
0.049766
0.0497625
0.0497599
0.0497571
0.0497551
0.0497539
0.0497531
0.0497519
0.0497515
0.0497517
0.049753
0.0497541
0.0497553
0.0497572
0.0497602
0.0497636
0.0497675
0.0497719
0.0497767
0.0497822
0.0497879
0.0497942
0.0498009
0.0498079
0.0498148
0.0498228
0.0498307
0.0498395
0.0498484
0.0498577
0.0498666
0.049876
0.0498853
0.0498947
0.0499047
0.0499145
0.0499242
0.0499333
0.0499425
0.049952
0.0499606
0.049969
0.0499773
0.0499847
0.0499911
0.0499974
0.0500034
0.0500085
0.0500129
0.0500166
0.0500195
0.0500221
0.0500244
0.0500252
0.0500258
0.0500255
0.0500253
0.0500239
0.0500226
0.0500205
0.0500184
0.0500157
0.050013
0.0500099
0.0500067
0.0500035
0.0500005
0.049998
0.049995
0.0499924
0.0499895
0.0499871
0.049985
0.0499833
0.0499821
0.049981
0.0499794
0.0499785
0.0499778
0.049978
0.0499778
0.0499784
0.0499794
0.0499803
0.0499813
0.0499828
0.0499842
0.0499851
0.0499873
0.0499885
0.0499899
0.0499922
0.0499946
0.0499965
0.0499979
0.0500001
0.050002
0.0500036
0.0500054
0.0500073
0.0500089
0.0500104
0.050012
0.0500135
0.0500142
0.0500152
0.0500164
0.0500177
0.0500183
0.0500194
0.0500203
0.0500206
0.0500214
0.0500219
0.0500222
0.0500226
0.0500231
0.0500229
0.0500231
0.050024
0.0500243
0.0500248
0.0500244
0.0500247
0.0500255
0.0500259
0.0500261
0.0500263
0.0500264
0.0500278
0.0500289
0.0500302
0.0500319
0.0500336
0.0500359
0.0500381
0.0500408
0.0500447
0.0500488
0.0500537
0.0500586
0.0500639
0.0500688
0.0500756
0.0500816
0.0500885
0.0500968
0.0501051
0.0501138
0.0501224
0.0501307
0.0501392
0.0501488
0.0501577
0.0501667
0.0501768
0.0501865
0.050196
0.0502056
0.0502151
0.0502251
0.0502348
0.0502441
0.0502526
0.0502609
0.0502686
0.0502773
0.0502849
0.050292
0.0502989
0.0503058
0.050312
0.0503175
0.0503246
0.0503299
0.0503353
0.0503404
0.0503449
0.0503497
0.0503541
0.0503587
0.0503623
0.0503665
0.0503701
0.0503741
0.0503776
0.0503814
0.0503852
0.0503887
0.0503919
0.0503959
0.0503991
0.0504022
0.0504059
0.0504086
0.0504109
0.0504135
0.0504167
0.0504197
0.0504221
0.0504254
0.0504273
0.0504302
0.0504328
0.0504347
0.050437
0.0504391
0.0504408
0.0504429
0.0504448
0.0504465
0.0504473
0.0504486
0.0504498
0.0504506
0.0504513
0.0504519
0.0504521
0.0504517
0.0504507
0.0504495
0.0504488
0.0504473
0.0504457
0.0504442
0.0504422
0.0504409
0.0504385
0.0504363
0.0504347
0.0504322
0.0504303
0.0504283
0.0504261
0.0504245
0.0504224
0.050421
0.0504195
0.0504178
0.050417
0.0504162
0.0504155
0.0504147
0.0504143
0.0504144
0.0504145
0.0504151
0.0504156
0.0504165
0.0504175
0.0504196
0.0504208
0.0504224
0.0504237
0.050425
0.0504269
0.0504283
0.0504305
0.0504322
0.0504335
0.0504348
0.050436
0.0504373
0.0504381
0.0504391
0.0504397
0.0504399
0.0504394
0.0504395
0.0504387
0.0504376
0.0504366
0.0504351
0.0504323
0.0504296
0.0504269
0.0504231
0.0504194
0.0504149
0.0504106
0.050406
0.0504009
0.0503954
0.0503891
0.0503823
0.0503753
0.0503677
0.0503594
0.0503508
0.0503419
0.0503332
0.0503241
0.0503144
0.0503047
0.0502951
0.0502859
0.0502761
0.0502662
0.0502561
0.0502463
0.0502363
0.0502264
0.0502162
0.0502068
0.050198
0.050189
0.0501801
0.0501719
0.0501634
0.0501556
0.0501484
0.0501407
0.0501335
0.0501268
0.0501207
0.0501144
0.0501082
0.0501025
0.0500969
0.0500917
0.0500871
0.0500832
0.0500796
0.0500763
0.0500734
0.0500712
0.0500686
0.0500665
0.0500649
0.0500639
0.0500633
0.0500625
0.0500623
0.050062
0.050062
0.0500623
0.0500627
0.0500636
0.0500643
0.050065
0.0500666
0.0500674
0.050068
0.0500689
0.0500701
0.050071
0.0500716
0.0500723
0.0500723
0.050073
0.0500736
0.0500739
0.0500736
0.0500738
0.0500742
0.0500738
0.0500742
0.0500745
0.0500741
0.0500738
0.0500741
0.0500743
0.0500745
0.0500752
0.0500763
0.0500784
0.0500801
0.0500834
0.0500862
0.0500907
0.0500953
0.0501004
0.0501068
0.0501139
0.0501214
0.0501298
0.0501393
0.0501489
0.0501594
0.0501709
0.0501833
0.0501954
0.0502087
0.0502226
0.0502374
0.0502528
0.0502685
0.0502842
0.0503005
0.0503169
0.0503337
0.0503497
0.0503668
0.0503838
0.0504004
0.0504165
0.0504332
0.05045
0.0504671
0.0504836
0.0505001
0.0505166
0.0505333
0.0505501
0.0505658
0.0505813
0.0505973
0.0506121
0.0506277
0.0506426
0.0506576
0.0506726
0.0506872
0.0507019
0.0507161
0.0507294
0.0507431
0.0507562
0.0507693
0.0507813
0.0507938
0.0508061
0.0508181
0.0508293
0.0508404
0.0508516
0.0508623
0.0508723
0.0508823
0.0508915
0.0509004
0.0509093
0.0509179
0.0509264
0.0509345
0.0509419
0.0509491
0.0509552
0.0509618
0.0509688
0.0509742
0.0509797
0.050985
0.0509897
0.050994
0.0509986
0.0510023
0.0510059
0.05101
0.0510135
0.0510164
0.051019
0.051022
0.0510243
0.051027
0.0510294
0.0510315
0.0510336
0.0510351
0.0510366
0.0510377
0.0510398
0.0510415
0.0510434
0.0510447
0.0510465
0.0510489
0.0510515
0.0510543
0.051057
0.0510605
0.051064
0.0510674
0.0510711
0.0510749
0.0510784
0.0510817
0.0510863
0.0510898
0.0510939
0.0510983
0.0511029
0.0511066
0.0511106
0.0511156
0.0511199
0.0511243
0.0511283
0.0511312
0.0511338
0.0511358
0.0511371
0.0511382
0.0511391
0.0511397
0.0511389
0.0511382
0.0511365
0.0511339
0.051131
0.0511269
0.0511224
0.0511166
0.0511109
0.0511047
0.0510972
0.051089
0.0510798
0.0510708
0.0510611
0.0510505
0.0510391
0.0510275
0.0510157
0.0510027
0.0509899
0.0509769
0.0509629
0.0509495
0.0509363
0.0509232
0.0509092
0.0508954
0.0508819
0.0508679
0.0508543
0.0508408
0.0508267
0.0508128
0.0507995
0.0507863
0.0507727
0.0507597
0.0507465
0.0507326
0.0507197
0.0507064
0.050692
0.050678
0.050664
0.050649
0.0506339
0.0506183
0.0506029
0.0505868
0.0505701
0.0505528
0.0505357
0.0505187
0.0505004
0.050482
0.0504627
0.0504428
0.0504232
0.050404
0.0503839
0.0503639
0.0503436
0.0503223
0.0503014
0.05028
0.050259
0.0502382
0.050217
0.0501952
0.0501739
0.050154
0.0501336
0.0501131
0.0500929
0.0500733
0.0500541
0.0500348
0.0500162
0.0499985
0.0499811
0.0499643
0.0499482
0.0499318
0.0499163
0.0499016
0.0498875
0.0498739
0.0498614
0.0498489
0.0498373
0.0498262
0.0498156
0.0498056
0.0497968
0.0497882
0.0497804
0.049773
0.0497657
0.0497587
0.0497526
0.0497474
0.0497424
0.0497378
0.0497334
0.0497299
0.0497261
0.049723
0.0497198
0.0497165
0.0497142
0.0497114
0.0497089
0.0497066
0.0497045
0.0497026
0.0497011
0.0496991
0.0496979
0.0496968
0.0496958
0.0496953
0.0496947
0.0496947
0.0496943
0.0496935
0.0496932
0.0496934
0.0496936
0.0496935
0.0496938
0.0496943
0.0496953
0.0496961
0.0496972
0.0496985
0.0496993
0.0497008
0.0497026
0.0497046
0.0497066
0.0497082
0.0497105
0.0497125
0.0497148
0.0497172
0.0497192
0.0497216
0.0497237
0.0497258
0.049728
0.04973
0.0497322
0.0497347
0.0497375
0.0497396
0.0497419
0.0497441
0.0497464
0.0497489
0.0497507
0.0497528
0.0497543
0.0497555
0.0497571
0.0497581
0.0497588
0.0497597
0.0497598
0.0497598
0.0497594
0.0497596
0.0497596
0.0497587
0.0497583
0.049757
0.0497557
0.0497548
0.0497533
0.0497514
0.0497495
0.0497479
0.0497466
0.0497457
0.0497448
0.0497441
0.0497443
0.0497447
0.0497451
0.0497456
0.0497462
0.0497473
0.0497494
0.0497514
0.0497541
0.0497575
0.0497609
0.049765
0.0497693
0.0497743
0.0497794
0.0497847
0.0497905
0.0497964
0.0498022
0.0498084
0.0498153
0.0498221
0.0498291
0.0498372
0.0498449
0.0498533
0.0498616
0.0498698
0.0498784
0.0498876
0.0498967
0.0499059
0.0499148
0.0499251
0.0499347
0.0499447
0.0499547
0.0499652
0.0499758
0.0499858
0.0499969
0.0500082
0.0500197
0.0500312
0.0500427
0.050054
0.0500663
0.0500783
0.0500912
0.0501046
0.050117
0.0501296
0.0501422
0.0501551
0.050168
0.0501809
0.0501941
0.0502069
0.0502196
0.0502323
0.0502442
0.0502562
0.0502683
0.0502803
0.0502919
0.0503032
0.0503141
0.0503252
0.0503359
0.0503463
0.0503568
0.050367
0.0503771
0.050387
0.0503971
0.050407
0.0504171
0.0504269
0.0504368
0.050447
0.0504569
0.0504663
0.0504761
0.0504862
0.0504964
0.0505065
0.050517
0.0505276
0.0505382
0.0505485
0.0505589
0.0505697
0.0505812
0.0505916
0.0506029
0.0506145
0.0506257
0.0506364
0.0506475
0.0506583
0.0506692
0.0506798
0.0506901
0.0507005
0.0507107
0.0507209
0.0507304
0.0507391
0.050748
0.0507559
0.0507641
0.0507719
0.0507796
0.0507866
0.0507937
0.0507999
0.0508062
0.0508115
0.0508165
0.0508213
0.0508264
0.0508302
0.0508336
0.0508369
0.0508401
0.0508431
0.0508459
0.0508484
0.0508503
0.0508524
0.0508543
0.0508558
0.050857
0.0508579
0.0508586
0.0508585
0.0508587
0.0508582
0.0508577
0.0508566
0.0508553
0.0508531
0.0508509
0.0508485
0.050846
0.0508426
0.050839
0.0508343
0.0508297
0.0508241
0.0508185
0.0508123
0.0508059
0.0507985
0.0507913
0.0507837
0.0507755
0.050767
0.0507579
0.0507483
0.050739
0.0507288
0.0507186
0.0507074
0.0506959
0.0506857
0.0506744
0.0506631
0.0506524
0.0506415
0.0506308
0.0506207
0.0506102
0.0506005
0.050591
0.0505813
0.050572
0.0505634
0.0505552
0.0505474
0.05054
0.0505327
0.0505262
0.0505199
0.0505145
0.0505093
0.0505046
0.0504998
0.0504962
0.0504926
0.0504897
0.0504863
0.0504834
0.0504803
0.0504779
0.0504756
0.0504735
0.0504713
0.0504704
0.0504683
0.0504665
0.0504648
0.0504621
0.0504591
0.0504562
0.050453
0.05045
0.0504465
0.0504436
0.05044
0.0504358
0.0504315
0.0504271
0.0504222
0.0504172
0.0504119
0.0504061
0.0504005
0.050395
0.0503891
0.0503829
0.0503773
0.050371
0.0503646
0.0503584
0.0503515
0.0503451
0.050339
0.0503326
0.0503263
0.0503205
0.0503146
0.0503084
0.0503028
0.0502972
0.0502911
0.0502854
0.0502799
0.0502747
0.0502696
0.0502645
0.0502594
0.0502546
0.0502497
0.0502447
0.0502393
0.0502336
0.0502281
0.0502223
0.0502162
0.0502105
0.0502046
0.050199
0.050193
0.0501868
0.05018
0.0501727
0.0501654
0.0501577
0.0501505
0.0501431
0.0501355
0.0501277
0.0501188
0.0501099
0.0501013
0.0500927
0.0500838
0.0500745
0.0500654
0.0500568
0.0500474
0.0500376
0.0500279
0.0500181
0.0500081
0.0499984
0.0499881
0.0499774
0.0499671
0.049956
0.0499452
0.0499342
0.0499227
0.0499119
0.0499003
0.0498886
0.049877
0.0498647
0.0498525
0.0498404
0.049828
0.0498152
0.0498021
0.0497896
0.0497767
0.0497638
0.0497509
0.0497379
0.0497246
0.0497115
0.0496982
0.0496856
0.0496718
0.0496589
0.0496459
0.0496327
0.0496196
0.0496067
0.0495938
0.0495814
0.0495694
0.0495575
0.0495452
0.0495335
0.0495222
0.049511
0.0495002
0.0494897
0.049479
0.0494688
0.0494594
0.0494495
0.0494402
0.0494313
0.0494224
0.0494139
0.0494059
0.0493981
0.0493906
0.0493842
0.0493771
0.0493701
0.0493635
0.0493572
0.0493515
0.0493458
0.0493399
0.0493345
0.0493297
0.049325
0.0493213
0.0493165
0.0493125
0.0493088
0.0493059
0.0493032
0.0493006
0.049299
0.0492971
0.0492961
0.0492948
0.0492946
0.0492944
0.0492945
0.0492941
0.0492951
0.0492957
0.0492971
0.0492987
0.0493004
0.0493026
0.0493057
0.0493084
0.0493115
0.0493151
0.0493189
0.0493231
0.0493272
0.0493306
0.0493339
0.0493379
0.0493421
0.0493456
0.0493499
0.0493536
0.0493582
0.0493623
0.0493663
0.0493709
0.0493751
0.0493799
0.0493846
0.04939
0.0493955
0.049401
0.0494065
0.0494127
0.0494193
0.0494256
0.0494324
0.0494396
0.0494466
0.049454
0.0494613
0.0494688
0.0494765
0.0494849
0.0494926
0.0495009
0.049509
0.049518
0.049527
0.0495359
0.049545
0.049554
0.0495628
0.0495723
0.0495814
0.0495897
0.0495986
0.0496076
0.0496159
0.0496247
0.0496335
0.0496416
0.04965
0.0496576
0.049666
0.0496738
0.0496809
0.0496884
0.0496959
0.0497027
0.0497093
0.0497156
0.0497223
0.0497289
0.0497349
0.0497412
0.049747
0.0497533
0.0497591
0.0497648
0.0497693
0.0497745
0.0497794
0.0497842
0.0497889
0.0497932
0.0497974
0.049802
0.049806
0.0498103
0.0498139
0.0498179
0.0498215
0.0498257
0.0498288
0.0498326
0.0498361
0.0498393
0.0498423
0.0498456
0.0498484
0.0498512
0.049854
0.0498566
0.0498595
0.0498615
0.0498632
0.049865
0.0498665
0.0498681
0.0498699
0.0498713
0.049872
0.0498729
0.0498732
0.0498724
0.0498715
0.0498704
0.0498685
0.0498671
0.0498649
0.0498623
0.04986
0.0498572
0.0498544
0.0498502
0.0498461
0.0498421
0.0498374
0.0498329
0.0498281
0.0498234
0.0498182
0.0498131
0.0498086
0.0498041
0.0498
0.0497954
0.0497909
0.0497866
0.0497827
0.0497793
0.0497753
0.0497725
0.0497698
0.049768
0.0497657
0.0497641
0.0497625
0.0497616
0.0497601
0.0497596
0.0497588
0.0497585
0.0497592
0.0497605
0.0497614
0.0497613
0.0497621
0.0497638
0.0497656
0.0497671
0.0497687
0.0497703
0.0497717
0.049774
0.0497762
0.0497789
0.0497805
0.0497827
0.0497851
0.0497878
0.0497903
0.0497928
0.0497949
0.0497976
0.0498002
0.0498025
0.0498044
0.0498072
0.0498101
0.0498129
0.0498157
0.0498184
0.0498207
0.0498239
0.0498272
0.0498302
0.0498339
0.0498373
0.0498405
0.0498445
0.0498486
0.0498532
0.0498576
0.0498621
0.0498664
0.0498715
0.0498761
0.0498807
0.0498859
0.0498909
0.0498962
0.0499018
0.0499069
0.0499125
0.0499182
0.0499239
0.0499297
0.0499349
0.0499407
0.0499467
0.0499519
0.0499574
0.0499631
0.0499687
0.0499742
0.0499798
0.0499851
0.0499903
0.0499959
0.0500012
0.0500068
0.0500123
0.0500174
0.0500227
0.0500281
0.0500332
0.0500381
0.0500435
0.0500489
0.0500545
0.0500595
0.0500648
0.0500704
0.0500755
0.0500803
0.0500858
0.0500906
0.0500954
0.0501007
0.0501052
0.0501094
0.0501133
0.0501172
0.0501209
0.0501247
0.0501279
0.0501317
0.0501349
0.0501375
0.0501403
0.0501431
0.0501452
0.0501482
0.0501503
0.0501518
0.0501542
0.0501564
0.0501592
0.0501622
0.0501646
0.0501673
0.0501701
0.0501734
0.0501768
0.0501803
0.0501844
0.050189
0.0501938
0.0502001
0.0502052
0.0502114
0.0502182
0.0502247
0.0502323
0.0502399
0.0502485
0.0502565
0.0502647
0.0502736
0.0502831
0.0502932
0.0503026
0.0503124
0.0503227
0.050333
0.0503429
0.0503532
0.0503637
0.0503737
0.0503832
0.0503923
0.0504016
0.0504103
0.0504188
0.050427
0.0504348
0.0504416
0.0504477
0.0504537
0.050459
0.0504642
0.0504682
0.0504708
0.0504734
0.0504754
0.0504762
0.0504764
0.0504756
0.0504747
0.0504731
0.0504703
0.0504671
0.0504634
0.0504588
0.0504541
0.0504484
0.0504421
0.0504354
0.050428
0.05042
0.0504117
0.050402
0.0503928
0.0503838
0.0503736
0.0503631
0.0503524
0.0503414
0.0503299
0.0503178
0.050306
0.050294
0.0502822
0.0502703
0.0502581
0.0502458
0.0502342
0.0502225
0.0502108
0.0501997
0.0501897
0.0501791
0.0501691
0.0501589
0.0501504
0.0501424
0.0501347
0.0501274
0.0501212
0.0501157
0.0501106
0.0501061
0.0501024
0.0500998
0.0500972
0.0500956
0.0500943
0.0500941
0.0500942
0.0500946
0.050096
0.0500979
0.0501004
0.0501035
0.0501065
0.0501105
0.0501143
0.0501187
0.0501231
0.0501282
0.0501332
0.0501387
0.0501438
0.050149
0.0501549
0.0501608
0.0501661
0.0501714
0.0501764
0.0501819
0.0501867
0.0501922
0.0501975
0.0502019
0.0502067
0.0502111
0.0502159
0.0502207
0.0502247
0.050229
0.050233
0.050237
0.0502411
0.0502457
0.0502496
0.0502532
0.0502564
0.0502604
0.050264
0.0502686
0.0502727
0.0502774
0.0502814
0.0502853
0.0502894
0.0502926
0.0502966
0.0503009
0.050305
0.0503086
0.0503126
0.0503163
0.05032
0.0503233
0.0503263
0.0503293
0.0503318
0.0503342
0.0503365
0.0503389
0.050341
0.050343
0.050344
0.050345
0.0503454
0.050346
0.0503465
0.0503461
0.0503455
0.0503449
0.0503432
0.0503413
0.0503396
0.0503371
0.0503344
0.0503311
0.0503274
0.0503231
0.050318
0.0503139
0.050309
0.0503042
0.0502991
0.0502936
0.050288
0.0502821
0.0502765
0.0502708
0.0502643
0.0502583
0.0502519
0.0502451
0.050239
0.0502326
0.0502262
0.0502199
0.0502137
0.0502074
0.0502013
0.0501953
0.0501895
0.0501834
0.0501776
0.0501715
0.0501657
0.0501603
0.0501545
0.0501491
0.0501438
0.0501378
0.0501325
0.0501275
0.0501223
0.0501165
0.0501117
0.0501067
0.0501019
0.0500973
0.0500926
0.0500887
0.0500842
0.0500804
0.050076
0.0500729
0.0500699
0.0500663
0.050063
0.0500605
0.0500582
0.0500554
0.0500532
0.0500509
0.0500491
0.0500472
0.0500454
0.0500436
0.0500424
0.0500414
0.0500399
0.0500397
0.0500387
0.050038
0.0500372
0.0500359
0.0500349
0.0500342
0.050033
0.0500319
0.0500309
0.0500297
0.050029
0.0500279
0.0500261
0.0500243
0.0500226
0.0500197
0.050017
0.0500138
0.0500108
0.0500075
0.050004
0.0500005
0.049997
0.049993
0.0499894
0.0499852
0.0499813
0.049977
0.0499731
0.0499692
0.0499653
0.049961
0.0499572
0.0499538
0.0499506
0.049948
0.0499456
0.0499435
0.0499422
0.0499413
0.0499409
0.0499408
0.0499415
0.0499421
0.049943
0.0499445
0.0499465
0.0499495
0.0499525
0.0499562
0.0499598
0.049964
0.0499684
0.0499728
0.049977
0.049982
0.0499866
0.0499914
0.0499967
0.0500022
0.0500072
0.0500123
0.0500178
0.0500235
0.050029
0.0500341
0.0500394
0.0500451
0.0500502
0.0500559
0.0500605
0.0500654
0.0500707
0.0500753
0.0500797
0.0500844
0.0500887
0.0500936
0.0500979
0.0501016
0.0501062
0.0501093
0.0501131
0.0501175
0.0501212
0.0501248
0.0501284
0.0501319
0.0501349
0.0501382
0.050141
0.0501436
0.050147
0.0501504
0.0501536
0.0501566
0.0501597
0.0501634
0.0501668
0.0501705
0.050174
0.050177
0.0501815
0.0501853
0.0501891
0.0501927
0.0501971
0.0502014
0.050206
0.0502107
0.0502161
0.0502209
0.0502264
0.050232
0.0502375
0.050243
0.0502487
0.0502548
0.0502606
0.0502666
0.0502728
0.0502786
0.0502849
0.0502913
0.0502978
0.050304
0.0503102
0.0503172
0.0503229
0.0503291
0.050335
0.0503405
0.0503455
0.0503503
0.0503553
0.0503593
0.0503632
0.0503666
0.0503709
0.0503738
0.0503763
0.0503777
0.0503801
0.0503816
0.0503821
0.0503832
0.0503833
0.0503826
0.0503831
0.0503825
0.0503822
0.0503812
0.0503805
0.0503798
0.0503788
0.0503778
0.0503768
0.0503758
0.0503745
0.0503743
0.0503742
0.0503741
0.0503745
0.050375
0.0503764
0.0503783
0.0503801
0.0503829
0.0503858
0.0503892
0.0503932
0.0503977
0.0504029
0.0504082
0.0504139
0.0504213
0.0504287
0.0504364
0.0504444
0.0504529
0.0504618
0.0504715
0.0504808
0.0504908
0.050501
0.0505115
0.0505217
0.0505324
0.0505427
0.0505537
0.0505644
0.0505752
0.0505858
0.050596
0.050606
0.0506157
0.0506249
0.0506334
0.0506415
0.0506494
0.0506564
0.0506638
0.0506708
0.0506767
0.0506823
0.0506879
0.0506931
0.0506974
0.0507014
0.0507048
0.0507079
0.0507108
0.050713
0.0507148
0.0507161
0.0507165
0.0507173
0.0507177
0.0507173
0.0507177
0.0507176
0.0507164
0.0507153
0.0507142
0.0507133
0.0507119
0.0507102
0.0507093
0.0507079
0.0507065
0.0507049
0.0507029
0.0507008
0.0506991
0.0506976
0.0506962
0.0506939
0.0506926
0.050692
0.0506908
0.0506897
0.0506891
0.0506884
0.0506879
0.0506876
0.0506875
0.0506874
0.0506878
0.0506882
0.0506888
0.0506902
0.0506915
0.0506934
0.0506959
0.050698
0.0507007
0.0507038
0.0507066
0.0507095
0.050713
0.050716
0.0507202
0.050725
0.0507295
0.0507342
0.0507388
0.0507431
0.050748
0.0507532
0.0507588
0.050764
0.0507694
0.0507746
0.0507811
0.0507872
0.0507933
0.0507998
0.0508062
0.0508124
0.0508192
0.0508258
0.0508325
0.0508394
0.0508456
0.0508526
0.0508595
0.0508659
0.0508729
0.0508792
0.0508857
0.0508925
0.0508985
0.0509051
0.0509102
0.0509159
0.0509212
0.0509272
0.0509331
0.0509388
0.050943
0.0509479
0.0509524
0.0509571
0.0509614
0.0509659
0.0509702
0.0509747
0.050979
0.050983
0.0509861
0.0509894
0.0509929
0.0509963
0.0509992
0.0510023
0.051005
0.0510076
0.0510107
0.0510135
0.0510155
0.0510174
0.051019
0.05102
0.0510209
0.051022
0.0510225
0.051023
0.0510223
0.0510227
0.0510219
0.0510207
0.0510193
0.0510173
0.0510149
0.0510122
0.0510092
0.051006
0.0510022
0.0509982
0.0509937
0.0509892
0.0509845
0.0509791
0.0509739
0.0509675
0.0509618
0.0509557
0.0509498
0.050944
0.0509385
0.0509322
0.0509265
0.0509208
0.0509155
0.0509099
0.0509052
0.0509007
0.0508963
0.0508928
0.0508895
0.0508866
0.0508845
0.0508825
0.0508818
0.0508816
0.050882
0.0508829
0.0508843
0.0508866
0.0508894
0.0508935
0.0508981
0.0509034
0.0509091
0.050916
0.0509236
0.0509312
0.0509397
0.0509486
0.0509573
0.0509677
0.0509773
0.0509878
0.0509984
0.0510085
0.0510191
0.0510304
0.0510411
0.0510513
0.0510617
0.0510716
0.051082
0.0510909
0.0510994
0.051108
0.051116
0.0511243
0.0511309
0.0511383
0.0511444
0.0511501
0.0511551
0.0511595
0.0511642
0.0511678
0.0511719
0.0511753
0.0511786
0.0511818
0.0511848
0.0511872
0.0511898
0.0511922
0.0511942
0.0511965
0.0511985
0.0512007
0.0512026
0.051205
0.0512079
0.0512107
0.0512136
0.0512166
0.0512193
0.0512223
0.0512252
0.0512284
0.0512312
0.0512339
0.0512369
0.0512392
0.051242
0.0512444
0.0512467
0.0512493
0.0512516
0.0512537
0.0512549
0.0512562
0.0512578
0.0512592
0.0512602
0.0512612
0.0512619
0.0512628
0.0512629
0.0512636
0.0512637
0.0512639
0.051264
0.0512644
0.0512642
0.0512631
0.0512626
0.0512623
0.0512611
0.0512605
0.0512597
0.0512591
0.0512585
0.0512576
0.0512567
0.0512562
0.0512554
0.0512545
0.0512536
0.0512524
0.0512514
0.0512503
0.0512488
0.051248
0.0512468
0.0512453
0.0512436
0.0512419
0.0512405
0.0512393
0.0512382
0.0512367
0.0512349
0.0512336
0.0512317
0.0512306
0.0512285
0.0512272
0.0512254
0.0512241
0.0512228
0.0512217
0.0512205
0.0512192
0.0512184
0.0512171
0.0512169
0.0512157
0.0512146
0.0512137
0.0512129
0.0512114
0.0512106
0.051209
0.0512079
0.0512066
0.051206
0.0512045
0.0512029
0.0512018
0.0511999
0.0511983
0.0511965
0.0511947
0.0511926
0.0511896
0.0511877
0.0511851
0.0511823
0.0511786
0.0511756
0.0511718
0.051168
0.0511642
0.0511606
0.0511573
0.0511532
0.0511495
0.0511458
0.0511417
0.0511383
0.0511346
0.0511304
0.0511272
0.0511238
0.0511213
0.0511186
0.0511152
0.0511124
0.0511096
0.0511067
0.0511039
0.0511017
0.0510999
0.0510982
0.0510964
0.0510943
0.0510928
0.0510917
0.05109
0.0510885
0.0510875
0.0510863
0.0510848
0.0510833
0.0510817
0.0510808
0.0510802
0.0510788
0.0510779
0.0510763
0.0510754
0.051074
0.0510736
0.0510724
0.0510708
0.0510701
0.0510689
0.0510686
0.0510673
0.0510664
0.051066
0.0510646
0.0510634
0.051063
0.0510621
0.0510614
0.0510613
0.0510607
0.0510606
0.0510603
0.0510599
0.0510597
0.0510598
0.0510595
0.0510593
0.0510591
0.0510592
0.0510596
0.0510602
0.0510601
0.0510603
0.0510611
0.0510616
0.0510617
0.051062
0.0510624
0.0510626
0.0510629
0.0510636
0.0510628
0.0510627
0.0510628
0.0510624
0.0510623
0.0510618
0.0510622
0.0510625
0.0510627
0.0510624
0.0510616
0.0510617
0.0510617
0.051061
0.0510604
0.0510604
0.0510595
0.0510589
0.0510587
0.0510582
0.051057
0.0510559
0.0510552
0.0510539
0.0510525
0.0510506
0.0510489
0.0510475
0.051046
0.0510436
0.0510412
0.0510388
0.0510364
0.0510343
0.0510316
0.0510289
0.0510264
0.0510235
0.0510199
0.0510159
0.0510127
0.0510093
0.051006
0.0510024
0.0509984
0.0509952
0.0509918
0.0509882
0.0509842
0.0509797
0.0509756
0.0509715
0.0509675
0.0509634
0.0509594
0.0509551
0.0509511
0.0509468
0.0509423
0.050938
0.0509334
0.0509285
0.0509231
0.0509184
0.050913
0.0509072
0.0509013
0.0508953
0.0508898
0.0508837
0.0508771
0.0508709
0.0508645
0.0508576
0.0508506
0.0508437
0.0508366
0.0508291
0.0508211
0.0508139
0.0508065
0.0507992
0.0507918
0.0507845
0.050777
0.0507694
0.0507625
0.0507553
0.0507483
0.0507419
0.0507357
0.0507293
0.0507237
0.0507187
0.0507142
0.0507095
0.0507057
0.0507021
0.0506991
0.0506961
0.0506944
0.0506924
0.0506907
0.0506894
0.0506884
0.0506879
0.0506875
0.0506879
0.0506886
0.0506894
0.0506903
0.0506916
0.0506933
0.0506948
0.0506963
0.0506982
0.0506998
0.0507014
0.0507032
0.0507053
0.0507075
0.0507098
0.0507119
0.0507141
0.0507163
0.0507179
0.0507195
0.0507211
0.050723
0.050725
0.0507263
0.050728
0.0507294
0.0507308
0.0507324
0.0507341
0.0507361
0.0507381
0.0507397
0.050741
0.0507425
0.0507441
0.0507461
0.0507483
0.0507501
0.0507515
0.0507531
0.0507553
0.0507567
0.0507591
0.0507605
0.0507624
0.0507638
0.0507655
0.050766
0.0507672
0.0507679
0.0507687
0.0507694
0.0507698
0.0507699
0.0507692
0.0507686
0.0507678
0.0507662
0.0507652
0.0507639
0.0507622
0.0507598
0.0507575
0.0507552
0.0507522
0.0507495
0.0507466
0.0507436
0.0507401
0.0507368
0.0507332
0.0507288
0.0507255
0.0507213
0.0507168
0.0507123
0.0507074
0.0507029
0.0506986
0.0506941
0.0506897
0.0506843
0.0506787
0.0506735
0.0506686
0.0506629
0.0506574
0.0506512
0.0506448
0.0506392
0.0506331
0.0506269
0.0506205
0.0506141
0.0506071
0.0506002
0.0505938
0.0505864
0.0505796
0.0505725
0.0505656
0.0505586
0.0505512
0.0505436
0.0505359
0.050528
0.0505204
0.0505134
0.0505054
0.0504978
0.0504913
0.050484
0.0504775
0.0504708
0.0504641
0.0504586
0.0504527
0.0504474
0.0504418
0.0504375
0.0504329
0.0504286
0.0504248
0.0504217
0.0504188
0.0504165
0.0504145
0.0504131
0.0504127
0.0504123
0.0504127
0.0504133
0.0504136
0.0504146
0.0504159
0.0504182
0.050421
0.050424
0.0504278
0.0504313
0.0504356
0.0504403
0.0504444
0.050449
0.0504533
0.050458
0.0504629
0.0504674
0.0504734
0.0504786
0.0504841
0.0504895
0.0504946
0.0504993
0.0505044
0.0505099
0.0505147
0.0505199
0.0505252
0.05053
0.0505353
0.0505401
0.0505443
0.0505492
0.0505534
0.0505584
0.0505631
0.0505679
0.0505732
0.0505779
0.0505827
0.0505877
0.0505925
0.0505976
0.050603
0.0506081
0.0506129
0.0506178
0.0506228
0.0506282
0.0506342
0.0506395
0.0506444
0.0506499
0.0506557
0.050661
0.0506664
0.050672
0.0506778
0.0506829
0.0506882
0.0506933
0.0506987
0.050704
0.050709
0.050714
0.050719
0.0507231
0.0507275
0.0507315
0.0507351
0.0507391
0.0507426
0.0507465
0.05075
0.0507532
0.0507562
0.0507584
0.0507598
0.0507618
0.0507636
0.050765
0.0507655
0.0507663
0.0507663
0.0507671
0.0507673
0.0507681
0.0507675
0.050767
0.0507662
0.050765
0.0507639
0.0507629
0.0507608
0.0507597
0.0507579
0.0507562
0.0507548
0.0507526
0.0507509
0.0507487
0.0507466
0.0507446
0.0507424
0.0507412
0.0507399
0.0507382
0.0507373
0.0507364
0.0507352
0.0507345
0.0507336
0.0507327
0.0507323
0.0507318
0.0507314
0.0507303
0.0507293
0.0507283
0.0507269
0.0507253
0.0507236
0.0507219
0.0507197
0.0507171
0.0507145
0.0507108
0.050707
0.050703
0.0506985
0.0506937
0.0506878
0.0506818
0.0506759
0.0506695
0.0506623
0.0506547
0.0506469
0.0506386
0.0506295
0.0506204
0.050611
0.0506012
0.050591
0.0505812
0.0505706
0.0505593
0.0505481
0.0505371
0.0505256
0.0505146
0.0505032
0.0504918
0.05048
0.0504682
0.0504566
0.0504454
0.0504341
0.0504232
0.0504122
0.0504017
0.0503909
0.0503806
0.0503705
0.0503609
0.0503509
0.0503416
0.0503328
0.0503244
0.0503164
0.0503087
0.0503017
0.0502946
0.0502883
0.0502828
0.0502774
0.0502727
0.0502687
0.0502658
0.0502624
0.0502598
0.0502573
0.0502558
0.0502548
0.0502543
0.050254
0.0502532
0.0502531
0.0502536
0.050254
0.0502547
0.0502559
0.0502566
0.0502581
0.0502598
0.050261
0.050263
0.0502644
0.0502658
0.0502676
0.0502694
0.050271
0.0502733
0.0502752
0.0502772
0.0502794
0.0502813
0.0502832
0.0502851
0.0502868
0.0502886
0.0502906
0.0502929
0.0502946
0.0502966
0.0502988
0.0503012
0.0503039
0.0503062
0.0503086
0.0503113
0.0503151
0.050318
0.0503214
0.0503248
0.0503292
0.0503326
0.0503361
0.0503393
0.0503428
0.0503471
0.0503514
0.0503551
0.0503585
0.0503631
0.0503676
0.0503714
0.0503752
0.050379
0.0503819
0.0503847
0.050388
0.0503908
0.0503938
0.0503959
0.0503975
0.0503989
0.0504004
0.0504015
0.0504025
0.0504026
0.050402
0.0504017
0.0504001
0.0503985
0.0503964
0.0503949
0.050393
0.0503909
0.0503884
0.0503861
0.0503836
0.0503818
0.0503795
0.0503773
0.0503754
0.0503737
0.0503725
0.0503722
0.0503706
0.0503694
0.050369
0.0503687
0.0503692
0.0503694
0.0503703
0.0503716
0.0503733
0.050375
0.0503771
0.0503796
0.0503826
0.0503858
0.0503896
0.0503938
0.050398
0.0504028
0.0504069
0.0504119
0.0504168
0.0504222
0.0504278
0.0504328
0.0504384
0.0504442
0.0504495
0.0504549
0.0504593
0.0504649
0.0504689
0.0504736
0.050478
0.0504816
0.0504848
0.0504879
0.0504908
0.0504938
0.0504965
0.0504985
0.0505004
0.0505023
0.0505042
0.0505056
0.0505066
0.0505077
0.0505083
0.0505095
0.0505101
0.05051
0.0505107
0.0505109
0.050511
0.050511
0.0505109
0.0505106
0.05051
0.0505101
0.0505091
0.0505087
0.0505078
0.0505068
0.0505056
0.0505042
0.0505029
0.0505015
0.0505
0.050498
0.0504958
0.0504943
0.0504925
0.0504908
0.0504893
0.0504865
0.0504845
0.0504834
0.0504829
0.050482
0.0504813
0.0504808
0.050481
0.0504807
0.0504814
0.0504824
0.0504833
0.0504854
0.0504875
0.0504903
0.050493
0.0504965
0.0505001
0.0505047
0.0505099
0.0505154
0.0505215
0.0505287
0.0505357
0.0505431
0.0505511
0.0505595
0.0505685
0.0505781
0.0505888
0.0505989
0.0506098
0.0506205
0.0506322
0.0506436
0.0506559
0.0506687
0.0506816
0.0506949
0.0507083
0.0507222
0.0507356
0.05075
0.0507643
0.050779
0.0507937
0.0508083
0.0508227
0.0508374
0.0508526
0.0508676
0.0508828
0.0508978
0.0509125
0.0509277
0.0509431
0.050958
0.0509727
0.0509876
0.0510019
0.0510165
0.0510313
0.0510453
0.0510591
0.051072
0.051085
0.0510974
0.0511094
0.0511208
0.0511319
0.0511426
0.0511533
0.0511627
0.0511718
0.0511798
0.0511879
0.0511951
0.0512014
0.051207
0.051212
0.0512167
0.0512205
0.0512241
0.0512272
0.0512297
0.0512315
0.0512328
0.051233
0.0512334
0.0512326
0.0512315
0.0512295
0.0512282
0.0512257
0.0512229
0.0512197
0.0512163
0.0512125
0.0512079
0.0512032
0.0511992
0.0511953
0.0511908
0.0511859
0.0511814
0.0511769
0.0511733
0.0511692
0.0511661
0.0511632
0.0511601
0.0511577
0.0511555
0.0511541
0.0511534
0.0511531
0.0511528
0.0511533
0.0511541
0.0511558
0.0511579
0.05116
0.0511629
0.051167
0.0511712
0.0511753
0.0511807
0.0511859
0.0511919
0.0511978
0.0512041
0.0512108
0.0512181
0.0512264
0.0512339
0.0512416
0.0512496
0.0512574
0.0512658
0.0512735
0.0512814
0.0512899
0.0512977
0.0513062
0.0513136
0.0513203
0.0513271
0.0513336
0.0513405
0.0513469
0.0513534
0.0513589
0.0513641
0.0513684
0.0513735
0.0513784
0.0513823
0.0513866
0.0513907
0.0513946
0.051398
0.0514013
0.0514048
0.0514081
0.0514116
0.0514149
0.0514179
0.0514205
0.051424
0.0514273
0.0514309
0.0514344
0.0514384
0.0514425
0.0514468
0.0514513
0.0514557
0.05146
0.0514652
0.0514701
0.0514754
0.0514813
0.0514864
0.0514917
0.0514976
0.0515026
0.0515085
0.0515142
0.0515193
0.0515246
0.0515295
0.0515338
0.051538
0.0515423
0.0515469
0.0515514
0.0515555
0.0515585
0.0515618
0.0515645
0.0515675
0.0515691
0.0515709
0.0515725
0.0515734
0.0515749
0.0515756
0.0515759
0.0515761
0.0515764
0.051576
0.0515754
0.0515743
0.0515731
0.051572
0.0515702
0.0515692
0.0515678
0.0515667
0.0515656
0.051564
0.0515618
0.05156
0.0515578
0.0515558
0.0515536
0.0515516
0.0515494
0.051547
0.0515443
0.051541
0.0515386
0.0515353
0.0515322
0.0515286
0.0515248
0.0515208
0.0515171
0.0515129
0.0515085
0.051504
0.0514983
0.0514931
0.0514871
0.0514801
0.0514736
0.0514669
0.0514595
0.0514517
0.0514439
0.0514354
0.0514273
0.0514182
0.0514092
0.0514
0.0513901
0.0513799
0.0513699
0.0513594
0.0513487
0.051338
0.0513272
0.0513159
0.0513049
0.0512939
0.0512832
0.0512723
0.0512612
0.0512501
0.0512388
0.0512282
0.0512182
0.0512081
0.0511977
0.0511883
0.0511789
0.0511699
0.0511608
0.0511528
0.0511449
0.0511374
0.0511299
0.0511218
0.0511151
0.0511081
0.0511019
0.0510955
0.0510889
0.051083
0.0510777
0.0510718
0.0510658
0.0510595
0.0510532
0.0510466
0.0510406
0.0510341
0.051028
0.051022
0.0510161
0.0510096
0.0510029
0.0509965
0.0509889
0.0509813
0.050974
0.0509667
0.0509592
0.0509506
0.0509421
0.0509327
0.0509239
0.0509149
0.0509058
0.050896
0.0508863
0.0508761
0.0508657
0.0508548
0.0508446
0.050834
0.0508239
0.0508128
0.0508022
0.0507914
0.0507807
0.05077
0.0507593
0.0507486
0.0507382
0.0507278
0.0507168
0.0507067
0.0506963
0.0506866
0.0506774
0.050668
0.0506586
0.0506493
0.0506403
0.0506315
0.0506233
0.0506145
0.0506058
0.050598
0.0505896
0.0505818
0.0505739
0.0505661
0.0505583
0.0505506
0.050543
0.0505356
0.0505287
0.0505213
0.0505139
0.050507
0.0504999
0.0504936
0.0504866
0.0504798
0.0504742
0.0504678
0.0504618
0.0504561
0.0504505
0.0504449
0.0504397
0.0504351
0.0504302
0.0504255
0.0504205
0.0504154
0.0504113
0.0504073
0.0504024
0.0503981
0.0503936
0.05039
0.0503863
0.0503824
0.0503786
0.0503758
0.0503721
0.050369
0.0503658
0.0503624
0.0503588
0.0503557
0.0503527
0.0503494
0.0503466
0.0503444
0.0503416
0.0503395
0.0503372
0.0503358
0.0503345
0.0503337
0.0503333
0.0503333
0.0503336
0.0503346
0.0503358
0.0503374
0.0503398
0.0503426
0.0503464
0.0503508
0.050355
0.0503607
0.0503663
0.0503733
0.0503818
0.0503897
0.0503981
0.0504067
0.050416
0.0504259
0.0504366
0.0504478
0.0504594
0.0504712
0.0504843
0.0504973
0.0505104
0.0505238
0.0505375
0.0505516
0.0505654
0.0505789
0.0505931
0.0506065
0.0506206
0.0506339
0.0506482
0.0506619
0.0506751
0.0506882
0.0507011
0.0507135
0.0507257
0.0507373
0.0507481
0.0507588
0.0507688
0.0507798
0.0507893
0.0507985
0.0508072
0.050816
0.050824
0.0508314
0.0508386
0.0508456
0.0508522
0.0508584
0.0508643
0.0508697
0.0508748
0.0508798
0.0508844
0.0508889
0.0508939
0.0508978
0.050902
0.0509063
0.0509103
0.0509146
0.0509182
0.0509212
0.050925
0.0509293
0.0509329
0.0509371
0.0509412
0.0509458
0.0509496
0.050953
0.0509579
0.0509624
0.0509668
0.0509714
0.0509764
0.0509812
0.0509859
0.0509917
0.0509967
0.0510021
0.0510075
0.0510129
0.0510174
0.0510231
0.0510282
0.0510332
0.0510383
0.0510434
0.0510478
0.0510521
0.0510563
0.0510605
0.0510635
0.0510664
0.0510694
0.0510718
0.0510739
0.0510755
0.0510765
0.0510762
0.0510767
0.0510764
0.0510749
0.0510739
0.0510718
0.0510697
0.0510664
0.0510639
0.0510604
0.0510568
0.0510532
0.0510499
0.0510462
0.0510429
0.0510399
0.051038
0.0510359
0.0510344
0.0510336
0.0510336
0.0510344
0.0510361
0.0510375
0.0510404
0.0510439
0.051049
0.0510548
0.0510611
0.0510693
0.0510786
0.0510889
0.0510995
0.0511116
0.0511246
0.0511386
0.0511528
0.051168
0.0511838
0.0512003
0.0512172
0.0512347
0.0512522
0.0512703
0.051288
0.0513056
0.0513232
0.0513406
0.0513582
0.051375
0.0513918
0.0514078
0.0514236
0.0514381
0.0514522
0.0514663
0.0514788
0.0514914
0.0515028
0.051514
0.0515241
0.0515336
0.0515416
0.0515502
0.0515576
0.0515642
0.0515706
0.0515763
0.0515819
0.0515867
0.0515913
0.0515954
0.0515997
0.0516038
0.0516073
0.0516105
0.0516136
0.0516165
0.0516199
0.0516229
0.0516263
0.0516294
0.0516323
0.0516351
0.0516377
0.0516408
0.0516434
0.0516462
0.0516494
0.0516519
0.0516542
0.0516571
0.0516595
0.051662
0.0516634
0.0516657
0.0516663
0.0516677
0.0516685
0.0516692
0.0516695
0.0516695
0.0516698
0.0516696
0.0516684
0.0516679
0.0516666
0.0516646
0.0516631
0.0516615
0.0516602
0.0516583
0.0516567
0.0516551
0.051653
0.0516522
0.0516506
0.0516494
0.0516484
0.0516476
0.0516472
0.0516461
0.0516461
0.051646
0.0516461
0.0516466
0.0516478
0.0516494
0.0516507
0.0516523
0.0516544
0.0516568
0.0516588
0.0516616
0.051664
0.0516662
0.0516678
0.0516703
0.0516724
0.051674
0.0516752
0.0516763
0.0516763
0.0516765
0.0516759
0.0516749
0.0516734
0.0516708
0.0516679
0.0516641
0.0516597
0.0516545
0.0516486
0.0516416
0.0516349
0.0516268
0.0516179
0.0516085
0.0515986
0.0515882
0.0515773
0.0515654
0.0515544
0.0515425
0.0515304
0.0515179
0.051505
0.0514922
0.0514793
0.0514659
0.0514531
0.05144
0.0514269
0.0514143
0.0514019
0.0513895
0.0513775
0.0513654
0.0513541
0.0513427
0.0513321
0.0513219
0.051312
0.0513021
0.051294
0.0512858
0.0512782
0.0512709
0.0512633
0.0512569
0.0512512
0.0512452
0.0512401
0.0512354
0.0512313
0.0512275
0.0512245
0.0512222
0.0512199
0.0512175
0.0512161
0.0512148
0.0512139
0.0512134
0.0512131
0.0512129
0.0512135
0.0512141
0.0512143
0.0512151
0.0512156
0.0512157
0.0512158
0.0512162
0.0512159
0.0512152
0.051214
0.051213
0.0512112
0.0512099
0.0512075
0.0512044
0.051201
0.0511975
0.0511934
0.0511881
0.0511824
0.051176
0.0511695
0.0511625
0.0511543
0.0511456
0.0511365
0.051126
0.0511154
0.0511041
0.0510926
0.0510796
0.0510667
0.0510527
0.0510386
0.0510241
0.0510092
0.0509935
0.0509779
0.0509618
0.0509453
0.0509293
0.0509128
0.0508961
0.0508794
0.0508623
0.050845
0.0508278
0.050811
0.0507947
0.0507781
0.0507618
0.0507455
0.0507294
0.0507134
0.0506988
0.0506837
0.0506691
0.0506552
0.0506419
0.0506292
0.0506169
0.0506042
0.0505924
0.050581
0.0505705
0.0505595
0.0505493
0.0505387
0.0505284
0.050518
0.0505076
0.0504976
0.0504875
0.0504777
0.0504672
0.0504572
0.0504474
0.0504372
0.0504268
0.050416
0.0504058
0.0503955
0.0503849
0.0503753
0.0503641
0.0503534
0.0503433
0.0503335
0.0503236
0.0503134
0.0503039
0.0502944
0.0502857
0.0502767
0.0502683
0.0502606
0.0502528
0.0502451
0.0502376
0.0502307
0.0502239
0.0502173
0.0502111
0.0502049
0.0501989
0.050193
0.0501875
0.0501817
0.0501759
0.0501702
0.0501643
0.0501582
0.0501533
0.0501474
0.0501413
0.0501347
0.0501279
0.05012
0.0501132
0.0501057
0.0500988
0.0500906
0.0500823
0.0500738
0.0500647
0.0500555
0.0500459
0.0500361
0.0500257
0.0500157
0.0500056
0.0499947
0.0499841
0.0499728
0.0499613
0.0499508
0.0499394
0.0499279
0.0499167
0.0499055
0.0498947
0.0498837
0.0498739
0.0498629
0.0498524
0.0498423
0.0498322
0.049822
0.0498127
0.0498031
0.0497934
0.0497849
0.0497765
0.0497685
0.0497603
0.0497528
0.0497452
0.0497384
0.0497314
0.0497247
0.0497183
0.0497127
0.0497069
0.0497019
0.0496967
0.0496916
0.049687
0.0496831
0.0496792
0.049675
0.0496719
0.0496678
0.049664
0.0496613
0.0496583
0.0496552
0.049652
0.049649
0.0496463
0.0496436
0.0496409
0.0496383
0.0496364
0.0496342
0.0496309
0.0496283
0.0496254
0.0496224
0.0496198
0.0496173
0.0496145
0.049612
0.0496092
0.0496062
0.0496036
0.0496012
0.0495987
0.0495962
0.0495937
0.0495908
0.0495888
0.0495865
0.0495848
0.0495834
0.0495818
0.0495801
0.0495788
0.0495779
0.0495773
0.0495765
0.0495757
0.0495754
0.0495751
0.0495758
0.0495759
0.0495768
0.0495777
0.0495792
0.049581
0.0495827
0.0495854
0.0495877
0.0495903
0.0495929
0.0495964
0.0496005
0.0496041
0.0496075
0.0496116
0.0496159
0.0496205
0.0496249
0.0496295
0.0496339
0.0496382
0.0496424
0.0496464
0.0496504
0.0496551
0.0496593
0.0496638
0.0496671
0.0496704
0.0496745
0.0496781
0.0496818
0.0496855
0.0496897
0.0496932
0.0496974
0.0497006
0.0497036
0.0497075
0.0497112
0.0497148
0.0497181
0.049722
0.0497264
0.0497304
0.0497351
0.0497392
0.0497437
0.0497486
0.0497535
0.0497588
0.0497636
0.0497686
0.049774
0.0497791
0.0497847
0.0497905
0.0497965
0.0498021
0.0498074
0.0498129
0.0498183
0.0498231
0.0498287
0.0498345
0.0498396
0.0498445
0.0498499
0.0498551
0.0498608
0.0498662
0.0498726
0.0498787
0.049885
0.0498911
0.0498977
0.0499043
0.0499117
0.049919
0.0499264
0.0499345
0.0499426
0.0499518
0.0499612
0.0499711
0.0499816
0.0499934
0.0500046
0.050017
0.0500302
0.0500445
0.0500592
0.0500745
0.0500902
0.0501072
0.0501247
0.050143
0.0501616
0.0501816
0.0502018
0.0502222
0.0502427
0.0502639
0.0502856
0.0503074
0.0503292
0.0503511
0.050373
0.0503946
0.0504163
0.0504372
0.0504586
0.0504795
0.0504995
0.0505198
0.0505401
0.0505592
0.0505777
0.0505958
0.0506141
0.0506314
0.0506484
0.0506652
0.0506814
0.050698
0.0507139
0.0507291
0.0507439
0.0507584
0.0507729
0.0507873
0.050801
0.0508147
0.0508287
0.0508421
0.0508552
0.0508682
0.0508809
0.0508935
0.0509066
0.0509196
0.050932
0.0509443
0.050957
0.0509688
0.0509808
0.0509931
0.0510051
0.051017
0.0510289
0.0510411
0.0510532
0.0510653
0.0510773
0.0510885
0.0511
0.0511116
0.0511234
0.051135
0.051147
0.0511591
0.0511709
0.0511823
0.0511941
0.0512056
0.0512171
0.0512292
0.0512405
0.051252
0.0512639
0.0512752
0.0512866
0.0512983
0.0513093
0.0513203
0.051331
0.0513413
0.051351
0.0513606
0.0513706
0.0513797
0.0513887
0.0513973
0.0514056
0.0514131
0.0514203
0.0514273
0.0514341
0.0514398
0.0514454
0.0514504
0.0514557
0.0514604
0.0514645
0.051468
0.0514719
0.0514751
0.0514776
0.0514803
0.0514827
0.0514847
0.0514865
0.0514875
0.051489
0.0514905
0.0514908
0.0514918
0.0514917
0.0514918
0.0514915
0.0514913
0.0514903
0.0514892
0.0514875
0.0514857
0.051484
0.0514818
0.0514794
0.0514765
0.0514739
0.0514707
0.0514666
0.0514624
0.0514586
0.0514537
0.0514492
0.0514446
0.0514393
0.0514337
0.0514284
0.0514229
0.0514162
0.0514106
0.0514046
0.0513986
0.0513925
0.0513864
0.0513803
0.0513746
0.0513689
0.0513631
0.0513574
0.0513525
0.0513474
0.051343
0.0513385
0.051334
0.05133
0.0513268
0.0513237
0.0513212
0.0513188
0.0513167
0.0513145
0.0513126
0.0513111
0.0513102
0.0513101
0.0513098
0.0513091
0.0513094
0.0513096
0.05131
0.0513102
0.0513101
0.0513103
0.0513098
0.0513093
0.0513087
0.0513078
0.0513065
0.0513048
0.051303
0.0513003
0.0512977
0.0512946
0.0512911
0.0512877
0.0512839
0.0512793
0.0512751
0.0512698
0.0512644
0.0512586
0.0512527
0.0512465
0.0512403
0.0512341
0.0512271
0.0512205
0.0512135
0.0512066
0.0511993
0.0511922
0.0511846
0.0511777
0.0511705
0.051164
0.0511568
0.0511505
0.0511436
0.0511372
0.0511302
0.051124
0.0511171
0.0511104
0.0511047
0.0510988
0.0510926
0.0510873
0.0510821
0.0510771
0.0510722
0.0510678
0.0510635
0.0510597
0.0510563
0.0510521
0.0510486
0.0510459
0.0510438
0.0510415
0.0510394
0.0510384
0.0510372
0.0510364
0.0510361
0.0510362
0.0510357
0.0510358
0.0510362
0.0510374
0.0510384
0.0510391
0.0510403
0.0510415
0.0510428
0.0510437
0.0510446
0.0510455
0.0510459
0.0510453
0.0510446
0.0510437
0.0510429
0.0510416
0.0510387
0.0510359
0.0510324
0.0510281
0.0510236
0.0510186
0.0510125
0.051006
0.0509987
0.0509901
0.0509812
0.0509709
0.0509603
0.0509489
0.0509377
0.0509262
0.0509139
0.0509009
0.0508881
0.0508752
0.0508622
0.0508485
0.0508346
0.0508212
0.0508078
0.0507946
0.0507815
0.0507693
0.0507568
0.050745
0.0507338
0.050723
0.0507127
0.0507032
0.0506946
0.0506863
0.0506788
0.0506724
0.0506663
0.0506612
0.0506567
0.0506534
0.0506506
0.0506484
0.0506475
0.0506474
0.0506483
0.0506494
0.050652
0.0506553
0.0506593
0.0506641
0.050669
0.050675
0.0506818
0.0506886
0.0506961
0.0507044
0.0507128
0.0507218
0.0507305
0.0507402
0.0507496
0.0507596
0.0507691
0.050779
0.0507884
0.0507976
0.0508071
0.0508166
0.0508252
0.0508336
0.0508411
0.0508486
0.0508562
0.0508635
0.0508702
0.0508765
0.0508812
0.0508861
0.0508906
0.0508947
0.0508975
0.0509005
0.0509027
0.0509047
0.0509056
0.0509063
0.0509068
0.050907
0.0509071
0.0509079
0.0509074
0.0509067
0.0509057
0.050904
0.0509033
0.0509025
0.0509006
0.0508992
0.0508981
0.0508963
0.0508953
0.0508941
0.0508934
0.0508924
0.0508916
0.0508915
0.0508908
0.0508912
0.0508918
0.0508928
0.0508946
0.0508968
0.050899
0.0509017
0.0509054
0.0509094
0.0509146
0.0509193
0.0509251
0.050931
0.0509377
0.0509445
0.0509529
0.0509604
0.0509693
0.0509781
0.0509875
0.0509968
0.0510062
0.0510156
0.051025
0.0510349
0.0510445
0.0510535
0.0510626
0.0510718
0.0510809
0.0510899
0.0510984
0.0511067
0.0511148
0.0511226
0.0511292
0.0511365
0.0511443
0.0511511
0.0511578
0.0511644
0.0511708
0.0511769
0.0511828
0.051188
0.0511938
0.0511989
0.0512045
0.0512099
0.0512155
0.0512204
0.0512247
0.0512293
0.0512343
0.0512395
0.051244
0.0512487
0.0512535
0.0512577
0.0512624
0.0512675
0.0512729
0.0512781
0.0512836
0.0512883
0.0512941
0.0512987
0.0513038
0.0513087
0.0513138
0.0513194
0.051325
0.0513304
0.051336
0.0513417
0.0513473
0.0513528
0.0513583
0.0513636
0.0513691
0.0513746
0.0513796
0.0513849
0.0513907
0.0513954
0.0514005
0.0514051
0.05141
0.0514145
0.0514186
0.0514231
0.0514274
0.0514305
0.0514342
0.0514377
0.0514408
0.0514442
0.0514471
0.05145
0.0514523
0.0514547
0.0514569
0.0514584
0.0514604
0.0514621
0.0514636
0.051466
0.0514681
0.0514701
0.0514718
0.0514733
0.0514755
0.051477
0.0514796
0.0514814
0.0514839
0.0514862
0.0514886
0.0514912
0.0514937
0.0514966
0.0514993
0.0515021
0.0515054
0.051509
0.0515129
0.0515171
0.051521
0.0515252
0.0515293
0.0515336
0.0515382
0.0515422
0.0515463
0.051551
0.0515554
0.0515593
0.0515635
0.0515668
0.0515708
0.0515739
0.0515767
0.0515795
0.0515819
0.051584
0.0515853
0.0515864
0.0515873
0.0515875
0.0515867
0.051586
0.0515841
0.0515829
0.0515809
0.0515786
0.0515754
0.0515723
0.0515687
0.051564
0.0515601
0.0515557
0.0515518
0.0515477
0.0515431
0.0515383
0.0515343
0.0515292
0.0515243
0.05152
0.0515157
0.0515117
0.0515075
0.051504
0.0515011
0.051498
0.0514953
0.051493
0.051491
0.0514895
0.0514876
0.0514866
0.0514853
0.0514846
0.0514843
0.0514844
0.0514835
0.0514835
0.0514839
0.0514846
0.0514851
0.0514864
0.0514878
0.0514888
0.0514899
0.0514909
0.0514923
0.0514933
0.0514941
0.0514949
0.0514954
0.0514964
0.0514973
0.0514974
0.0514981
0.0514978
0.0514972
0.0514965
0.0514955
0.0514953
0.0514935
0.051492
0.0514897
0.0514875
0.0514854
0.0514821
0.0514792
0.0514767
0.0514733
0.0514697
0.051466
0.0514619
0.0514579
0.0514535
0.0514489
0.0514438
0.0514392
0.0514335
0.0514281
0.0514226
0.0514162
0.0514105
0.0514047
0.0513986
0.0513929
0.051387
0.0513812
0.0513746
0.051368
0.0513623
0.0513563
0.0513501
0.0513439
0.051338
0.0513325
0.0513273
0.0513218
0.0513162
0.0513113
0.0513062
0.0513014
0.0512961
0.0512916
0.0512873
0.0512831
0.0512791
0.0512746
0.0512703
0.0512661
0.0512621
0.0512587
0.0512553
0.0512519
0.0512489
0.0512454
0.0512423
0.0512394
0.0512366
0.0512341
0.0512313
0.0512289
0.0512268
0.0512246
0.0512218
0.0512196
0.051217
0.0512149
0.0512134
0.0512117
0.05121
0.0512076
0.0512051
0.0512026
0.0512003
0.0511978
0.0511952
0.0511929
0.0511897
0.0511877
0.0511851
0.0511829
0.0511798
0.0511771
0.0511742
0.0511709
0.0511679
0.0511655
0.051163
0.051161
0.0511581
0.0511562
0.0511538
0.0511519
0.0511505
0.0511486
0.051147
0.0511464
0.0511456
0.0511452
0.0511452
0.0511459
0.0511472
0.0511486
0.0511501
0.0511523
0.0511543
0.051157
0.0511597
0.0511628
0.0511671
0.0511713
0.0511755
0.0511807
0.0511858
0.0511921
0.051198
0.0512047
0.0512113
0.0512173
0.0512231
0.0512292
0.0512355
0.0512414
0.051248
0.051254
0.0512602
0.0512658
0.0512716
0.0512773
0.0512828
0.0512875
0.0512918
0.051296
0.0512995
0.0513024
0.0513048
0.0513062
0.0513076
0.0513093
0.0513102
0.0513102
0.0513098
0.0513088
0.051307
0.0513052
0.0513028
0.0512994
0.051296
0.0512915
0.0512865
0.0512815
0.051276
0.05127
0.0512638
0.0512576
0.0512501
0.0512423
0.0512344
0.051226
0.0512174
0.0512086
0.0511993
0.0511897
0.0511801
0.0511697
0.0511601
0.0511503
0.0511399
0.0511293
0.0511194
0.0511092
0.0510989
0.0510884
0.0510776
0.0510672
0.0510564
0.0510462
0.0510358
0.0510258
0.0510156
0.0510051
0.050995
0.0509849
0.0509744
0.0509643
0.050954
0.0509444
0.0509348
0.0509244
0.0509146
0.0509044
0.0508952
0.0508856
0.0508757
0.0508657
0.050856
0.0508468
0.0508373
0.0508273
0.0508169
0.0508068
0.0507967
0.0507865
0.0507763
0.0507662
0.0507564
0.0507458
0.0507356
0.0507257
0.0507151
0.0507047
0.0506943
0.0506841
0.0506729
0.0506615
0.0506505
0.0506395
0.0506288
0.0506176
0.0506063
0.0505955
0.0505849
0.0505735
0.0505618
0.0505506
0.0505389
0.0505277
0.0505161
0.0505044
0.0504925
0.0504807
0.0504695
0.0504582
0.0504475
0.0504369
0.0504265
0.0504151
0.0504045
0.0503936
0.0503831
0.0503729
0.0503622
0.0503527
0.0503434
0.0503334
0.0503238
0.0503144
0.0503049
0.050296
0.0502873
0.050278
0.0502694
0.050261
0.0502523
0.0502447
0.0502366
0.0502284
0.0502208
0.0502131
0.0502057
0.0501977
0.0501905
0.0501831
0.0501764
0.0501692
0.0501623
0.0501554
0.0501491
0.0501426
0.0501366
0.0501298
0.0501232
0.0501164
0.0501093
0.0501024
0.0500961
0.0500895
0.0500829
0.0500767
0.0500701
0.0500634
0.0500567
0.0500503
0.0500433
0.050036
0.0500282
0.0500208
0.0500137
0.0500059
0.0499979
0.0499897
0.0499813
0.0499733
0.0499651
0.0499564
0.0499484
0.0499392
0.0499304
0.0499217
0.0499128
0.0499042
0.0498953
0.0498877
0.0498786
0.0498698
0.0498616
0.0498533
0.0498453
0.0498368
0.0498288
0.0498213
0.0498135
0.0498061
0.0497988
0.0497918
0.049784
0.0497769
0.0497703
0.0497637
0.0497569
0.0497511
0.0497452
0.0497395
0.0497342
0.0497292
0.049724
0.0497191
0.049715
0.0497105
0.049707
0.049703
0.0496992
0.0496958
0.049693
0.0496908
0.0496889
0.0496874
0.049686
0.0496846
0.0496835
0.049683
0.0496829
0.049683
0.0496833
0.0496839
0.0496851
0.0496863
0.0496885
0.0496909
0.0496934
0.0496957
0.0496979
0.0497002
0.049703
0.0497056
0.0497082
0.0497114
0.0497144
0.049718
0.049721
0.0497246
0.0497279
0.0497322
0.0497357
0.0497393
0.0497427
0.0497459
0.0497496
0.0497531
0.0497569
0.0497604
0.0497637
0.0497675
0.0497709
0.049774
0.0497771
0.0497799
0.0497829
0.0497855
0.0497883
0.049791
0.0497934
0.0497955
0.0497972
0.0497993
0.0498008
0.0498024
0.0498041
0.0498055
0.0498069
0.0498082
0.0498092
0.0498101
0.0498118
0.0498133
0.0498148
0.0498153
0.0498157
0.0498155
0.0498163
0.0498156
0.0498151
0.0498147
0.0498139
0.0498129
0.0498117
0.0498104
0.0498085
0.0498065
0.0498038
0.0498008
0.0497983
0.0497955
0.0497921
0.0497881
0.0497844
0.0497809
0.0497767
0.0497725
0.0497684
0.0497636
0.0497588
0.0497547
0.0497496
0.0497447
0.0497394
0.0497336
0.0497289
0.0497235
0.0497185
0.0497133
0.0497081
0.0497029
0.0496972
0.0496918
0.0496859
0.0496801
0.0496745
0.0496681
0.0496616
0.049655
0.0496481
0.049641
0.049634
0.0496263
0.0496188
0.0496107
0.0496027
0.0495942
0.0495858
0.0495765
0.049567
0.0495575
0.0495473
0.0495366
0.0495256
0.0495141
0.0495025
0.0494904
0.0494779
0.0494648
0.0494512
0.0494381
0.0494247
0.0494108
0.0493964
0.0493823
0.0493666
0.0493516
0.0493359
0.0493206
0.049305
0.0492891
0.049273
0.0492573
0.0492409
0.0492245
0.0492081
0.0491915
0.0491758
0.04916
0.0491443
0.0491286
0.049113
0.0490978
0.0490821
0.0490676
0.049053
0.049039
0.0490252
0.0490121
0.0489991
0.0489872
0.0489753
0.0489637
0.0489535
0.0489433
0.0489328
0.0489242
0.048916
0.0489076
0.0488999
0.0488933
0.0488868
0.0488808
0.0488753
0.0488703
0.0488657
0.0488611
0.0488566
0.0488534
0.04885
0.0488461
0.0488427
0.0488404
0.0488378
0.0488352
0.0488326
0.0488301
0.0488278
0.0488251
0.0488232
0.0488217
0.0488198
0.0488182
0.0488165
0.048815
0.0488137
0.0488128
0.0488127
0.048813
0.0488134
0.0488138
0.0488147
0.0488164
0.0488179
0.0488203
0.048823
0.048827
0.0488314
0.0488357
0.0488405
0.0488462
0.0488517
0.0488584
0.0488652
0.0488731
0.0488805
0.0488887
0.0488975
0.0489064
0.0489156
0.0489252
0.0489354
0.0489448
0.0489544
0.0489643
0.0489747
0.0489841
0.0489937
0.0490031
0.0490122
0.049021
0.0490285
0.0490361
0.0490438
0.0490506
0.0490571
0.0490633
0.0490693
0.0490747
0.0490796
0.0490838
0.0490879
0.0490915
0.0490951
0.0490978
0.049101
0.0491034
0.0491059
0.0491075
0.0491101
0.0491128
0.0491147
0.0491171
0.0491195
0.0491216
0.0491248
0.0491275
0.0491308
0.0491342
0.0491378
0.0491416
0.0491455
0.0491501
0.0491544
0.04916
0.0491655
0.0491711
0.0491777
0.0491847
0.0491916
0.0491985
0.0492061
0.049214
0.0492218
0.0492299
0.0492376
0.049245
0.0492529
0.049261
0.0492691
0.0492772
0.049285
0.0492927
0.0492996
0.0493067
0.0493134
0.0493193
0.0493254
0.0493309
0.0493355
0.0493401
0.0493451
0.0493492
0.0493537
0.0493577
0.0493616
0.0493651
0.0493703
0.0493739
0.0493786
0.0493829
0.0493882
0.0493934
0.0493996
0.0494067
0.0494144
0.0494225
0.0494315
0.0494412
0.0494518
0.0494638
0.0494767
0.04949
0.0495046
0.0495197
0.049536
0.0495525
0.0495704
0.0495888
0.0496085
0.0496282
0.0496488
0.049671
0.049693
0.049715
0.0497382
0.0497618
0.0497851
0.0498089
0.0498332
0.0498576
0.049882
0.0499056
0.0499301
0.0499541
0.0499774
0.0500012
0.0500235
0.0500467
0.0500694
0.0500913
0.0501127
0.0501335
0.0501538
0.0501726
0.0501911
0.0502089
0.0502261
0.0502427
0.0502587
0.050274
0.050289
0.0503032
0.0503168
0.0503296
0.0503421
0.0503543
0.0503663
0.050378
0.0503892
0.0504009
0.0504123
0.0504237
0.0504346
0.0504454
0.0504571
0.0504686
0.0504806
0.050492
0.0505036
0.0505154
0.0505271
0.0505392
0.0505517
0.0505643
0.0505776
0.0505904
0.0506036
0.0506176
0.0506314
0.050645
0.0506594
0.0506732
0.0506871
0.0507014
0.050715
0.0507283
0.0507418
0.0507542
0.0507674
0.05078
0.0507926
0.0508045
0.0508165
0.0508279
0.0508391
0.0508504
0.050861
0.050871
0.0508806
0.0508898
0.0508988
0.0509076
0.0509154
0.050923
0.0509306
0.0509372
0.0509439
0.0509493
0.0509552
0.0509608
0.0509659
0.0509702
0.0509746
0.0509776
0.0509812
0.0509842
0.0509867
0.0509893
0.050991
0.0509927
0.0509943
0.0509958
0.0509968
0.0509976
0.0509986
0.0509992
0.0509993
0.0509994
0.0509995
0.0509998
0.0509999
0.0510001
0.0509997
0.0509995
0.0509988
0.0509985
0.0509977
0.0509973
0.0509968
0.0509958
0.0509951
0.0509939
0.0509931
0.0509919
0.050991
0.0509906
0.0509901
0.0509893
0.0509883
0.0509878
0.0509874
0.0509866
0.050985
0.0509842
0.0509833
0.0509817
0.0509803
0.0509788
0.0509772
0.0509749
0.0509729
0.050971
0.0509691
0.0509666
0.0509641
0.0509619
0.0509594
0.0509572
0.0509536
0.0509506
0.0509476
0.0509451
0.0509426
0.0509394
0.050936
0.0509329
0.0509286
0.0509253
0.0509219
0.0509174
0.0509136
0.0509094
0.050905
0.0509
0.0508951
0.0508901
0.0508849
0.0508789
0.0508732
0.050867
0.0508606
0.050853
0.0508457
0.0508378
0.0508299
0.0508218
0.0508133
0.050804
0.0507952
0.0507856
0.0507762
0.0507663
0.0507565
0.0507462
0.0507357
0.0507251
0.0507155
0.0507055
0.0506957
0.0506861
0.050677
0.0506678
0.0506588
0.050651
0.0506428
0.050635
0.0506274
0.0506202
0.0506137
0.0506078
0.0506026
0.0505976
0.0505925
0.0505882
0.050584
0.0505806
0.0505767
0.0505741
0.0505709
0.0505683
0.0505659
0.050564
0.0505613
0.0505589
0.0505563
0.050554
0.0505512
0.0505479
0.0505449
0.0505421
0.0505395
0.0505362
0.0505325
0.0505279
0.050523
0.0505186
0.0505139
0.0505082
0.0505027
0.0504966
0.0504901
0.0504837
0.0504763
0.0504695
0.0504622
0.0504542
0.0504464
0.0504383
0.0504298
0.0504216
0.050413
0.0504049
0.0503965
0.0503885
0.0503807
0.0503731
0.0503661
0.0503598
0.0503537
0.0503487
0.050344
0.05034
0.0503363
0.0503337
0.0503322
0.0503309
0.0503309
0.0503319
0.0503338
0.050336
0.0503395
0.0503438
0.0503485
0.0503544
0.0503611
0.0503684
0.0503761
0.0503849
0.0503938
0.0504034
0.0504135
0.0504235
0.0504347
0.0504456
0.0504572
0.0504688
0.0504806
0.0504927
0.0505041
0.0505159
0.0505273
0.0505384
0.0505492
0.0505603
0.0505708
0.0505813
0.050592
0.0506021
0.0506115
0.0506212
0.0506312
0.0506408
0.0506494
0.0506576
0.0506659
0.0506739
0.050682
0.0506893
0.0506965
0.0507039
0.05071
0.0507165
0.0507223
0.0507276
0.0507331
0.0507376
0.0507417
0.0507462
0.0507505
0.0507542
0.0507571
0.0507599
0.0507629
0.0507663
0.0507697
0.0507727
0.0507752
0.0507776
0.0507809
0.0507843
0.0507876
0.0507907
0.0507938
0.0507973
0.0508004
0.0508042
0.050808
0.0508115
0.0508149
0.0508184
0.0508214
0.0508246
0.0508275
0.05083
0.0508325
0.0508345
0.0508366
0.0508378
0.0508387
0.0508395
0.0508396
0.0508391
0.0508385
0.0508375
0.0508357
0.0508333
0.0508303
0.0508262
0.0508222
0.050817
0.050812
0.0508065
0.0508003
0.0507935
0.0507855
0.0507776
0.0507694
0.0507607
0.0507517
0.0507418
0.0507315
0.050721
0.050711
0.0507008
0.0506901
0.0506781
0.0506662
0.0506544
0.050642
0.0506301
0.0506171
0.0506045
0.0505915
0.050579
0.0505658
0.0505526
0.0505389
0.0505254
0.0505121
0.0504981
0.0504839
0.0504701
0.0504559
0.0504412
0.0504267
0.0504124
0.0503985
0.0503841
0.0503692
0.0503551
0.0503412
0.0503276
0.0503133
0.0502992
0.0502853
0.0502713
0.0502581
0.0502444
0.0502308
0.0502173
0.0502042
0.0501903
0.0501767
0.0501632
0.0501497
0.0501363
0.0501236
0.0501103
0.0500971
0.0500837
0.0500709
0.0500579
0.0500451
0.0500323
0.0500196
0.0500069
0.0499948
0.049983
0.049971
0.0499596
0.0499486
0.0499378
0.0499275
0.049917
0.0499072
0.0498973
0.0498881
0.0498789
0.0498691
0.0498606
0.0498519
0.0498434
0.0498355
0.0498283
0.0498202
0.0498128
0.0498058
0.0497994
0.049793
0.0497867
0.0497808
0.0497753
0.0497699
0.0497654
0.0497616
0.0497576
0.0497537
0.0497498
0.049747
0.0497448
0.0497425
0.0497399
0.0497385
0.0497378
0.0497372
0.0497373
0.0497377
0.0497385
0.0497394
0.0497414
0.0497438
0.0497455
0.0497484
0.0497515
0.0497553
0.049759
0.0497636
0.0497681
0.0497729
0.0497789
0.0497855
0.0497919
0.0497986
0.0498057
0.0498131
0.0498203
0.0498279
0.0498361
0.0498446
0.0498539
0.049863
0.0498725
0.0498824
0.0498927
0.0499025
0.0499125
0.0499225
0.0499322
0.0499428
0.049953
0.0499632
0.0499741
0.0499848
0.049995
0.0500055
0.0500161
0.0500267
0.0500369
0.0500464
0.0500564
0.0500661
0.050076
0.0500851
0.0500946
0.0501035
0.0501124
0.0501216
0.0501301
0.0501397
0.0501484
0.0501579
0.0501671
0.0501754
0.050184
0.0501933
0.0502024
0.050211
0.0502206
0.05023
0.0502393
0.0502487
0.0502584
0.0502676
0.050277
0.0502873
0.0502965
0.0503068
0.0503165
0.0503264
0.0503366
0.0503471
0.0503573
0.050368
0.0503784
0.0503892
0.0503996
0.0504101
0.05042
0.0504305
0.05044
0.0504497
0.0504596
0.0504695
0.0504777
0.0504868
0.0504957
0.0505045
0.0505135
0.0505221
0.0505299
0.0505377
0.0505458
0.0505529
0.0505602
0.0505669
0.0505734
0.0505792
0.0505846
0.0505907
0.0505963
0.0506017
0.0506067
0.0506118
0.050617
0.0506218
0.0506259
0.05063
0.0506341
0.0506376
0.050641
0.050644
0.0506474
0.0506505
0.0506536
0.0506559
0.0506584
0.0506605
0.0506627
0.0506651
0.0506668
0.0506681
0.0506692
0.0506704
0.0506716
0.0506727
0.0506739
0.0506744
0.0506753
0.050676
0.0506764
0.0506774
0.0506783
0.050679
0.0506796
0.0506805
0.0506814
0.0506824
0.0506838
0.0506851
0.0506862
0.0506875
0.0506899
0.0506921
0.050694
0.0506957
0.050698
0.0507007
0.0507033
0.0507055
0.050708
0.0507106
0.0507133
0.0507153
0.0507171
0.0507191
0.0507209
0.0507229
0.0507245
0.0507257
0.0507269
0.0507275
0.0507285
0.0507281
0.0507274
0.0507264
0.0507256
0.0507235
0.0507216
0.0507193
0.0507161
0.0507132
0.0507099
0.0507064
0.0507028
0.0506993
0.0506957
0.0506925
0.0506895
0.0506861
0.0506834
0.050681
0.0506794
0.0506779
0.0506774
0.0506775
0.0506783
0.0506793
0.0506813
0.050684
0.0506872
0.0506909
0.0506952
0.0507
0.0507057
0.0507115
0.0507186
0.0507262
0.050734
0.0507419
0.0507505
0.0507588
0.0507677
0.050777
0.0507863
0.0507949
0.0508038
0.0508127
0.0508222
0.0508313
0.0508398
0.050848
0.050856
0.0508645
0.0508721
0.0508793
0.0508868
0.0508934
0.0508997
0.0509064
0.0509127
0.0509184
0.0509239
0.0509294
0.0509345
0.0509399
0.0509453
0.0509504
0.0509548
0.0509592
0.0509627
0.0509666
0.0509708
0.0509749
0.0509789
0.0509828
0.0509865
0.0509901
0.0509934
0.0509972
0.0510003
0.0510033
0.0510074
0.0510102
0.0510136
0.0510168
0.0510204
0.0510237
0.0510265
0.0510302
0.051033
0.0510362
0.0510395
0.0510431
0.0510471
0.0510516
0.0510565
0.0510614
0.0510668
0.051072
0.0510786
0.0510851
0.0510917
0.0510999
0.0511082
0.0511168
0.0511265
0.0511365
0.0511466
0.0511575
0.0511693
0.051182
0.0511945
0.0512077
0.0512221
0.0512359
0.0512503
0.0512647
0.0512794
0.0512947
0.0513102
0.0513256
0.0513407
0.0513558
0.0513709
0.0513856
0.0514002
0.0514143
0.0514278
0.0514414
0.0514539
0.0514663
0.0514776
0.0514887
0.0514992
0.0515086
0.0515169
0.0515245
0.0515318
0.0515383
0.0515442
0.0515487
0.0515528
0.0515561
0.0515584
0.0515597
0.0515604
0.0515609
0.0515607
0.0515592
0.0515573
0.0515552
0.0515519
0.0515482
0.051544
0.0515393
0.0515341
0.0515282
0.0515221
0.0515161
0.0515098
0.0515029
0.0514957
0.0514879
0.0514803
0.0514722
0.0514639
0.0514555
0.0514458
0.0514371
0.0514278
0.0514177
0.0514076
0.0513981
0.0513879
0.0513771
0.051366
0.0513542
0.0513425
0.0513304
0.0513181
0.0513055
0.0512936
0.0512808
0.0512685
0.0512553
0.0512416
0.0512278
0.0512141
0.0512001
0.0511869
0.0511732
0.0511599
0.0511472
0.0511338
0.0511203
0.0511077
0.0510947
0.0510825
0.0510702
0.0510582
0.0510469
0.0510363
0.0510262
0.0510163
0.0510074
0.0509987
0.0509907
0.0509837
0.0509778
0.0509719
0.0509668
0.0509624
0.0509588
0.050956
0.0509538
0.0509522
0.0509507
0.0509499
0.0509494
0.050949
0.0509491
0.0509488
0.0509491
0.0509493
0.05095
0.05095
0.0509502
0.0509496
0.0509495
0.0509491
0.0509481
0.0509461
0.0509445
0.0509419
0.0509386
0.050935
0.0509308
0.0509261
0.0509205
0.0509147
0.0509081
0.0509009
0.0508935
0.0508853
0.0508756
0.0508659
0.0508558
0.0508452
0.0508344
0.0508229
0.050811
0.0507983
0.050785
0.0507719
0.0507582
0.0507441
0.0507297
0.0507157
0.0507008
0.0506861
0.0506704
0.0506554
0.05064
0.0506245
0.050609
0.0505937
0.0505787
0.0505637
0.050549
0.0505347
0.0505209
0.0505072
0.0504938
0.0504807
0.0504682
0.0504572
0.0504456
0.0504351
0.0504245
0.0504161
0.0504073
0.0504005
0.0503926
0.0503857
0.0503796
0.0503752
0.0503705
0.0503663
0.0503632
0.0503608
0.0503577
0.0503558
0.0503545
0.0503538
0.0503538
0.0503543
0.0503547
0.0503558
0.0503573
0.050359
0.0503609
0.0503633
0.0503657
0.0503683
0.0503718
0.0503752
0.0503785
0.0503823
0.0503859
0.0503899
0.0503942
0.0503988
0.0504032
0.0504078
0.0504128
0.0504181
0.0504237
0.0504294
0.0504355
0.0504416
0.0504481
0.0504546
0.0504621
0.0504695
0.0504771
0.0504847
0.0504922
0.0504996
0.0505073
0.0505144
0.0505225
0.0505305
0.0505381
0.0505464
0.0505541
0.0505623
0.0505707
0.0505788
0.0505868
0.0505944
0.0506021
0.0506092
0.0506163
0.0506237
0.0506306
0.0506373
0.0506436
0.0506504
0.0506569
0.0506638
0.0506702
0.0506762
0.0506826
0.050689
0.0506951
0.0507013
0.0507075
0.0507132
0.0507189
0.0507249
0.0507311
0.0507374
0.050744
0.05075
0.0507566
0.0507634
0.0507704
0.0507766
0.0507837
0.0507909
0.0507983
0.0508058
0.0508142
0.0508224
0.050831
0.0508393
0.050848
0.0508572
0.050867
0.050876
0.050886
0.0508961
0.0509071
0.0509183
0.0509306
0.0509428
0.0509555
0.0509678
0.0509801
0.0509934
0.0510067
0.051021
0.0510346
0.0510489
0.0510627
0.0510773
0.051092
0.0511077
0.0511229
0.0511378
0.0511532
0.0511683
0.0511836
0.051198
0.0512131
0.0512277
0.0512419
0.0512554
0.051269
0.0512818
0.0512943
0.0513059
0.0513167
0.051327
0.0513366
0.0513462
0.0513552
0.0513635
0.0513711
0.0513787
0.0513857
0.051392
0.0513973
0.0514024
0.0514067
0.0514112
0.0514155
0.0514191
0.0514219
0.0514255
0.051428
0.0514302
0.0514316
0.0514329
0.0514337
0.0514343
0.0514347
0.0514351
0.0514342
0.0514339
0.0514327
0.0514311
0.0514293
0.0514268
0.0514243
0.051421
0.0514178
0.0514133
0.051409
0.0514042
0.0513998
0.0513944
0.0513896
0.0513844
0.0513784
0.0513727
0.0513664
0.0513596
0.0513531
0.0513459
0.0513389
0.0513321
0.0513252
0.0513181
0.0513113
0.0513048
0.0512983
0.0512917
0.0512862
0.0512811
0.0512753
0.0512703
0.0512654
0.0512605
0.0512559
0.0512518
0.0512481
0.0512444
0.0512415
0.0512381
0.0512349
0.0512327
0.05123
0.0512277
0.0512255
0.0512235
0.0512212
0.0512189
0.0512168
0.0512146
0.0512127
0.0512105
0.0512083
0.051206
0.0512029
0.0512006
0.0511979
0.0511948
0.0511922
0.0511899
0.0511873
0.0511839
0.0511801
0.0511763
0.0511722
0.0511695
0.0511656
0.0511617
0.0511584
0.0511545
0.0511513
0.0511479
0.0511441
0.0511405
0.0511369
0.0511334
0.0511297
0.0511254
0.0511215
0.0511173
0.0511131
0.0511095
0.0511054
0.0511008
0.0510963
0.0510922
0.0510882
0.0510831
0.0510783
0.0510733
0.0510686
0.0510641
0.0510585
0.0510537
0.0510485
0.0510437
0.0510385
0.0510332
0.0510276
0.0510226
0.0510182
0.0510137
0.05101
0.0510059
0.0510017
0.0509979
0.0509939
0.0509899
0.0509867
0.0509838
0.0509805
0.050978
0.0509757
0.0509733
0.0509709
0.0509688
0.0509661
0.0509643
0.0509623
0.0509605
0.0509577
0.0509556
0.0509534
0.0509513
0.0509485
0.0509457
0.0509427
0.0509391
0.0509353
0.0509315
0.0509269
0.0509214
0.0509159
0.0509102
0.0509043
0.0508973
0.0508899
0.0508827
0.0508753
0.0508674
0.0508593
0.0508508
0.0508425
0.0508341
0.0508251
0.0508163
0.0508086
0.0507999
0.0507917
0.0507839
0.0507765
0.0507686
0.0507615
0.0507543
0.0507478
0.0507415
0.0507354
0.0507297
0.050724
0.0507182
0.0507133
0.050709
0.0507047
0.0507003
0.0506956
0.0506908
0.0506858
0.0506813
0.050677
0.0506722
0.0506681
0.0506636
0.0506589
0.050654
0.0506493
0.0506447
0.0506392
0.0506335
0.0506278
0.0506221
0.0506164
0.0506105
0.0506047
0.0505988
0.0505932
0.0505878
0.050582
0.0505764
0.0505705
0.0505647
0.0505588
0.0505528
0.0505475
0.0505424
0.0505365
0.0505311
0.0505262
0.0505205
0.0505158
0.0505112
0.0505064
0.0505013
0.0504962
0.0504917
0.0504864
0.0504818
0.0504765
0.0504703
0.0504644
0.0504587
0.0504525
0.0504463
0.0504406
0.0504342
0.0504284
0.0504224
0.0504167
0.050411
0.0504039
0.0503978
0.0503914
0.0503853
0.0503795
0.050373
0.050367
0.0503614
0.0503562
0.05035
0.0503448
0.0503389
0.0503341
0.0503292
0.0503236
0.0503186
0.0503138
0.0503093
0.0503052
0.0503005
0.0502959
0.0502914
0.0502865
0.0502819
0.050277
0.0502722
0.0502672
0.0502618
0.0502569
0.0502515
0.0502466
0.0502412
0.0502354
0.0502301
0.0502241
0.0502175
0.0502114
0.0502044
0.0501983
0.0501924
0.0501864
0.0501795
0.0501737
0.0501672
0.0501606
0.0501543
0.050148
0.0501422
0.0501361
0.0501304
0.0501251
0.0501195
0.0501146
0.0501094
0.0501038
0.0500988
0.0500944
0.05009
0.0500847
0.0500803
0.0500755
0.0500704
0.0500657
0.0500616
0.0500569
0.0500526
0.0500484
0.0500439
0.0500397
0.0500351
0.0500315
0.0500277
0.0500237
0.0500198
0.0500165
0.0500137
0.0500111
0.0500086
0.0500061
0.0500041
0.050003
0.0500018
0.0500009
0.0500003
0.0500004
0.050001
0.0500016
0.0500028
0.0500047
0.0500075
0.0500101
0.0500139
0.0500179
0.0500218
0.0500268
0.0500316
0.0500372
0.0500438
0.0500507
0.0500569
0.0500641
0.0500712
0.0500794
0.0500875
0.0500955
0.0501035
0.0501117
0.0501201
0.0501286
0.0501372
0.0501455
0.0501538
0.0501617
0.0501699
0.0501773
0.0501847
0.0501919
0.0501993
0.0502066
0.0502137
0.0502202
0.0502269
0.0502328
0.0502386
0.0502444
0.05025
0.0502554
0.0502608
0.0502657
0.0502706
0.0502749
0.0502788
0.0502825
0.0502869
0.0502914
0.050295
0.0502984
0.0503019
0.0503046
0.0503081
0.0503105
0.0503126
0.0503138
0.0503157
0.0503172
0.0503185
0.0503189
0.0503194
0.05032
0.0503206
0.0503205
0.050321
0.0503212
0.0503213
0.0503215
0.0503217
0.050322
0.0503223
0.0503223
0.0503226
0.0503233
0.0503238
0.0503246
0.0503262
0.050328
0.0503293
0.050331
0.0503326
0.0503345
0.0503366
0.0503387
0.0503403
0.0503424
0.050345
0.0503465
0.0503486
0.0503501
0.0503519
0.0503533
0.0503545
0.0503556
0.0503559
0.050357
0.0503579
0.0503586
0.0503589
0.0503593
0.05036
0.0503599
0.0503595
0.0503591
0.0503588
0.0503585
0.0503587
0.0503592
0.05036
0.0503609
0.0503614
0.0503626
0.0503645
0.0503669
0.050369
0.0503719
0.0503753
0.050379
0.0503837
0.0503887
0.0503945
0.0504007
0.0504073
0.050415
0.0504229
0.0504322
0.0504419
0.0504522
0.0504632
0.0504748
0.0504868
0.0504996
0.0505123
0.0505255
0.0505387
0.0505524
0.0505662
0.0505808
0.050595
0.0506102
0.0506245
0.0506386
0.0506538
0.0506684
0.0506824
0.0506963
0.0507107
0.0507249
0.0507389
0.050753
0.0507664
0.05078
0.0507934
0.0508059
0.050818
0.0508298
0.0508413
0.0508524
0.050863
0.050874
0.0508845
0.0508945
0.0509036
0.0509132
0.0509215
0.0509298
0.0509383
0.0509462
0.0509546
0.0509624
0.0509703
0.0509775
0.050985
0.050992
0.0509992
0.0510065
0.0510138
0.0510211
0.0510283
0.0510349
0.0510421
0.0510483
0.0510553
0.0510622
0.0510688
0.0510757
0.0510825
0.0510898
0.0510966
0.0511033
0.0511101
0.0511171
0.0511236
0.0511312
0.0511378
0.0511441
0.0511501
0.0511557
0.0511614
0.0511666
0.0511723
0.0511773
0.0511829
0.051188
0.0511926
0.0511964
0.0512007
0.0512038
0.0512074
0.0512109
0.0512131
0.0512163
0.0512184
0.0512204
0.0512223
0.0512237
0.0512252
0.0512264
0.0512274
0.0512279
0.0512281
0.0512282
0.0512279
0.0512272
0.0512255
0.0512236
0.0512212
0.0512186
0.0512149
0.0512116
0.0512078
0.0512035
0.0511983
0.0511942
0.0511892
0.0511835
0.0511781
0.051172
0.0511651
0.0511588
0.0511524
0.0511454
0.0511377
0.0511302
0.0511224
0.0511146
0.0511059
0.0510969
0.051088
0.051079
0.0510705
0.0510617
0.0510525
0.0510432
0.0510343
0.0510257
0.0510161
0.0510073
0.0509985
0.0509897
0.050981
0.0509724
0.0509636
0.050955
0.0509466
0.0509388
0.0509313
0.0509242
0.0509167
0.0509096
0.0509021
0.0508946
0.0508876
0.0508813
0.0508748
0.0508688
0.0508631
0.0508578
0.0508531
0.050849
0.0508448
0.0508414
0.0508381
0.0508355
0.050833
0.0508311
0.0508294
0.0508282
0.0508279
0.0508281
0.0508284
0.0508296
0.0508308
0.0508327
0.0508344
0.0508372
0.0508399
0.0508427
0.0508458
0.0508493
0.0508529
0.050856
0.0508593
0.0508627
0.050866
0.0508691
0.0508718
0.0508745
0.0508767
0.0508792
0.0508808
0.0508825
0.0508836
0.0508844
0.0508849
0.0508844
0.0508835
0.0508829
0.0508817
0.0508799
0.0508776
0.0508746
0.0508712
0.0508683
0.050865
0.0508611
0.0508569
0.0508529
0.0508483
0.0508433
0.0508384
0.0508333
0.0508275
0.0508224
0.0508162
0.0508104
0.0508041
0.0507976
0.0507912
0.0507848
0.0507785
0.0507713
0.0507645
0.0507577
0.0507509
0.0507442
0.0507369
0.0507301
0.0507232
0.0507157
0.0507093
0.0507023
0.0506955
0.0506885
0.0506818
0.0506747
0.0506677
0.0506611
0.0506549
0.0506485
0.0506425
0.0506365
0.0506307
0.0506249
0.050619
0.0506137
0.0506093
0.0506041
0.0506001
0.0505962
0.0505928
0.0505891
0.0505864
0.0505829
0.0505803
0.0505775
0.050575
0.0505733
0.0505715
0.0505701
0.0505683
0.0505672
0.050567
0.0505659
0.0505659
0.0505661
0.0505662
0.0505669
0.0505673
0.0505677
0.0505684
0.0505698
0.0505714
0.0505723
0.0505735
0.0505748
0.0505768
0.0505782
0.0505806
0.0505828
0.0505849
0.0505872
0.0505891
0.0505905
0.050592
0.0505934
0.0505955
0.0505978
0.0505997
0.0506021
0.050604
0.0506058
0.0506077
0.0506089
0.0506104
0.0506107
0.0506115
0.0506125
0.0506122
0.0506115
0.0506109
0.0506098
0.0506087
0.0506069
0.0506047
0.0506026
0.0505993
0.0505958
0.0505917
0.0505869
0.0505821
0.0505774
0.0505713
0.0505648
0.0505585
0.0505516
0.0505446
0.0505377
0.0505304
0.0505232
0.050516
0.0505087
0.0505016
0.050495
0.0504878
0.0504807
0.0504741
0.0504677
0.0504616
0.0504566
0.0504521
0.0504473
0.0504436
0.0504403
0.0504372
0.0504351
0.0504339
0.0504323
0.0504312
0.0504306
0.0504303
0.0504299
0.0504313
0.050432
0.0504338
0.0504354
0.0504376
0.0504397
0.0504416
0.0504439
0.0504468
0.0504494
0.0504522
0.0504547
0.050458
0.0504606
0.0504636
0.0504668
0.0504699
0.0504728
0.0504764
0.0504796
0.0504833
0.0504867
0.0504903
0.0504941
0.0504978
0.0505017
0.0505052
0.0505091
0.0505129
0.0505168
0.0505214
0.0505257
0.05053
0.0505336
0.0505374
0.0505418
0.0505461
0.0505501
0.050554
0.0505578
0.0505615
0.0505653
0.0505689
0.0505722
0.0505755
0.0505783
0.050581
0.0505832
0.0505855
0.0505877
0.0505895
0.0505918
0.0505932
0.0505942
0.0505949
0.0505953
0.0505954
0.0505956
0.0505953
0.0505947
0.0505934
0.0505919
0.0505904
0.0505889
0.0505866
0.050584
0.0505812
0.0505785
0.0505758
0.0505725
0.0505698
0.0505676
0.0505649
0.0505625
0.0505601
0.0505583
0.0505565
0.0505545
0.0505533
0.0505526
0.0505526
0.0505524
0.0505519
0.0505531
0.0505539
0.0505553
0.050557
0.050559
0.0505618
0.0505646
0.0505679
0.0505714
0.0505761
0.0505807
0.0505856
0.0505898
0.0505946
0.0505999
0.0506046
0.0506095
0.0506143
0.0506185
0.050623
0.0506272
0.0506305
0.0506342
0.0506372
0.0506398
0.0506425
0.0506442
0.0506455
0.0506464
0.050646
0.0506456
0.0506442
0.0506421
0.0506388
0.0506348
0.0506304
0.0506247
0.0506181
0.0506112
0.050603
0.0505941
0.0505848
0.0505744
0.0505629
0.0505517
0.0505392
0.0505263
0.050513
0.0504988
0.0504849
0.0504696
0.0504542
0.0504394
0.0504238
0.0504086
0.0503933
0.0503776
0.050362
0.0503467
0.0503317
0.0503163
0.0503014
0.0502873
0.050273
0.0502591
0.0502458
0.0502327
0.0502202
0.0502079
0.0501963
0.050185
0.0501746
0.0501645
0.0501546
0.0501451
0.0501358
0.050127
0.0501189
0.0501113
0.0501032
0.0500953
0.0500887
0.050082
0.0500757
0.0500706
0.0500651
0.05006
0.0500542
0.0500486
0.0500439
0.0500391
0.0500338
0.0500289
0.0500252
0.0500209
0.0500162
0.0500123
0.0500084
0.0500045
0.050001
0.0499973
0.0499937
0.0499905
0.0499871
0.0499842
0.0499812
0.049978
0.0499753
0.0499719
0.049969
0.0499661
0.0499632
0.0499608
0.0499588
0.0499562
0.049954
0.0499512
0.0499487
0.049946
0.0499438
0.0499413
0.0499389
0.0499361
0.0499338
0.0499308
0.0499286
0.0499265
0.0499246
0.0499224
0.0499203
0.0499191
0.0499175
0.049915
0.0499136
0.0499129
0.0499117
0.0499105
0.04991
0.0499095
0.0499088
0.0499089
0.0499089
0.0499093
0.0499103
0.0499112
0.0499127
0.0499142
0.0499159
0.049918
0.0499198
0.0499221
0.0499247
0.0499275
0.0499305
0.0499339
0.0499368
0.0499403
0.049944
0.0499481
0.0499528
0.0499568
0.0499611
0.0499657
0.04997
0.0499748
0.0499794
0.0499838
0.0499881
0.0499934
0.0499979
0.0500028
0.0500069
0.0500114
0.050016
0.0500204
0.0500254
0.0500296
0.0500335
0.0500379
0.050042
0.0500464
0.0500495
0.0500525
0.0500562
0.0500589
0.0500615
0.0500639
0.0500662
0.0500685
0.0500704
0.0500719
0.050074
0.0500754
0.050077
0.0500778
0.0500794
0.0500803
0.0500814
0.0500821
0.0500824
0.0500825
0.0500823
0.0500826
0.0500831
0.0500834
0.0500838
0.0500841
0.0500845
0.050085
0.0500853
0.0500859
0.0500875
0.0500881
0.0500885
0.0500893
0.0500901
0.0500916
0.0500937
0.0500961
0.0500981
0.0501009
0.0501036
0.0501071
0.0501106
0.0501144
0.0501187
0.0501233
0.0501275
0.0501321
0.050138
0.0501434
0.0501489
0.0501553
0.0501622
0.0501688
0.0501764
0.0501834
0.0501921
0.0501997
0.0502082
0.0502165
0.0502251
0.0502336
0.0502425
0.0502519
0.0502608
0.0502693
0.0502779
0.0502874
0.0502963
0.0503049
0.0503131
0.0503214
0.0503297
0.0503378
0.0503453
0.0503533
0.0503604
0.0503674
0.0503732
0.0503797
0.0503852
0.0503908
0.0503951
0.0504002
0.0504039
0.0504078
0.0504111
0.0504139
0.0504162
0.0504181
0.050419
0.0504201
0.0504206
0.0504211
0.0504203
0.0504195
0.0504186
0.0504177
0.0504163
0.0504147
0.050412
0.0504091
0.050406
0.0504026
0.0503987
0.0503946
0.0503907
0.050387
0.050383
0.0503784
0.0503743
0.0503694
0.050365
0.0503605
0.0503563
0.0503524
0.0503482
0.0503444
0.0503408
0.0503372
0.0503342
0.0503314
0.0503275
0.0503249
0.0503222
0.0503199
0.0503186
0.0503163
0.0503145
0.0503122
0.0503103
0.0503082
0.0503069
0.0503053
0.0503036
0.0503021
0.0503008
0.0502991
0.0502972
0.0502955
0.0502932
0.0502913
0.0502896
0.0502881
0.0502854
0.0502838
0.0502819
0.0502804
0.050279
0.0502773
0.0502756
0.0502748
0.0502737
0.0502735
0.0502728
0.0502728
0.0502729
0.0502726
0.0502731
0.050273
0.0502733
0.0502739
0.0502748
0.0502755
0.0502772
0.0502783
0.0502794
0.0502799
0.0502799
0.0502801
0.0502808
0.0502805
0.05028
0.0502786
0.0502775
0.0502751
0.0502732
0.0502703
0.0502676
0.0502648
0.0502611
0.0502564
0.0502511
0.0502453
0.0502394
0.0502332
0.0502272
0.0502208
0.0502138
0.0502064
0.0501994
0.0501921
0.0501845
0.0501768
0.0501693
0.0501611
0.0501537
0.0501461
0.0501387
0.0501321
0.0501257
0.0501193
0.0501131
0.0501077
0.0501028
0.0500976
0.0500932
0.0500897
0.0500869
0.0500848
0.0500836
0.0500824
0.0500823
0.0500833
0.0500843
0.0500864
0.0500887
0.0500919
0.0500954
0.0500999
0.0501052
0.0501113
0.0501185
0.0501262
0.0501341
0.0501431
0.0501527
0.0501624
0.0501727
0.0501834
0.0501949
0.0502068
0.0502191
0.0502319
0.0502446
0.0502576
0.0502713
0.0502851
0.050299
0.0503128
0.0503263
0.0503403
0.0503543
0.0503683
0.0503819
0.0503953
0.0504086
0.0504223
0.0504355
0.0504487
0.0504615
0.0504737
0.050486
0.0504979
0.0505097
0.0505206
0.0505318
0.0505425
0.0505523
0.0505621
0.0505721
0.0505812
0.0505899
0.0505984
0.050607
0.0506156
0.0506234
0.0506315
0.0506392
0.050647
0.0506541
0.0506611
0.0506674
0.0506745
0.0506819
0.0506892
0.0506963
0.0507045
0.0507124
0.0507205
0.0507288
0.0507374
0.0507463
0.0507558
0.0507646
0.0507743
0.0507848
0.050795
0.0508051
0.0508162
0.0508272
0.050838
0.0508488
0.0508604
0.050872
0.0508831
0.0508937
0.050905
0.0509158
0.0509259
0.0509359
0.0509456
0.0509545
0.0509636
0.0509717
0.0509796
0.0509868
0.0509938
0.0509996
0.0510054
0.0510106
0.0510154
0.0510196
0.051023
0.0510269
0.0510303
0.0510336
0.051036
0.0510385
0.0510405
0.0510429
0.0510453
0.0510472
0.0510487
0.0510509
0.0510538
0.051056
0.051058
0.0510604
0.0510625
0.0510648
0.0510673
0.0510696
0.0510725
0.0510751
0.0510778
0.0510801
0.0510827
0.0510847
0.0510864
0.0510885
0.0510898
0.0510914
0.0510923
0.0510925
0.0510931
0.0510933
0.0510923
0.051091
0.051089
0.0510873
0.0510849
0.0510829
0.0510796
0.0510763
0.0510725
0.0510683
0.0510637
0.0510596
0.0510549
0.0510495
0.0510443
0.0510383
0.0510325
0.0510269
0.051021
0.0510147
0.0510082
0.0510022
0.0509964
0.050991
0.0509858
0.0509806
0.050976
0.0509708
0.0509664
0.0509624
0.0509583
0.0509543
0.0509497
0.050946
0.0509423
0.0509383
0.0509343
0.0509301
0.0509269
0.0509226
0.0509184
0.0509143
0.0509096
0.0509051
0.0508999
0.0508944
0.0508888
0.0508834
0.0508769
0.0508707
0.0508643
0.0508569
0.0508493
0.0508412
0.0508329
0.0508243
0.0508157
0.0508073
0.0507991
0.0507906
0.0507819
0.0507737
0.0507645
0.0507557
0.0507481
0.0507398
0.050732
0.0507244
0.0507179
0.0507111
0.0507042
0.0506989
0.050694
0.050689
0.0506842
0.0506806
0.0506776
0.050675
0.0506728
0.0506711
0.0506697
0.0506687
0.0506679
0.0506683
0.0506677
0.0506682
0.0506683
0.0506684
0.0506689
0.0506692
0.0506699
0.0506705
0.0506708
0.0506714
0.0506715
0.050672
0.0506719
0.0506712
0.0506708
0.0506694
0.0506683
0.0506666
0.0506651
0.0506629
0.0506601
0.0506574
0.0506535
0.0506495
0.0506442
0.0506393
0.0506336
0.0506277
0.0506204
0.0506133
0.0506057
0.0505976
0.0505892
0.0505801
0.050571
0.0505615
0.0505514
0.0505411
0.050531
0.0505204
0.0505088
0.0504974
0.0504851
0.0504736
0.0504614
0.0504487
0.0504362
0.0504235
0.0504104
0.0503971
0.0503834
0.0503703
0.0503566
0.0503429
0.0503297
0.0503163
0.0503036
0.0502905
0.0502773
0.0502633
0.0502502
0.0502373
0.050224
0.0502114
0.050199
0.050187
0.0501747
0.0501627
0.0501514
0.0501393
0.0501282
0.0501172
0.0501064
0.0500967
0.0500873
0.0500781
0.0500689
0.0500599
0.0500516
0.0500434
0.0500362
0.0500295
0.0500233
0.0500172
0.0500121
0.0500075
0.0500032
0.0499999
0.0499977
0.0499959
0.0499943
0.0499935
0.0499931
0.0499935
0.049994
0.0499953
0.049997
0.049999
0.050002
0.050005
0.0500086
0.050012
0.050016
0.0500198
0.0500237
0.0500272
0.0500312
0.0500349
0.0500388
0.0500425
0.0500459
0.0500489
0.0500521
0.0500546
0.0500574
0.0500599
0.0500619
0.0500638
0.050066
0.0500677
0.0500691
0.0500702
0.0500714
0.0500728
0.0500748
0.0500767
0.0500781
0.0500794
0.0500814
0.0500835
0.0500859
0.0500881
0.0500913
0.0500951
0.0500988
0.0501037
0.0501084
0.0501134
0.0501193
0.0501252
0.0501316
0.0501387
0.0501467
0.0501547
0.0501638
0.0501734
0.0501837
0.0501942
0.0502056
0.0502168
0.0502294
0.0502417
0.0502543
0.0502681
0.0502815
0.0502961
0.0503111
0.0503257
0.0503408
0.0503574
0.0503734
0.0503896
0.0504058
0.0504227
0.0504391
0.0504561
0.0504738
0.0504916
0.0505094
0.0505269
0.0505445
0.0505622
0.0505795
0.0505967
0.0506135
0.0506304
0.0506471
0.0506633
0.0506794
0.0506951
0.0507105
0.0507255
0.0507398
0.0507537
0.0507672
0.0507803
0.0507933
0.0508051
0.0508159
0.0508267
0.0508374
0.0508473
0.0508567
0.0508651
0.0508732
0.0508803
0.0508872
0.0508933
0.0508988
0.0509038
0.0509079
0.0509113
0.0509148
0.0509175
0.0509198
0.0509215
0.0509232
0.0509241
0.050925
0.0509254
0.0509257
0.0509257
0.0509254
0.0509242
0.0509232
0.0509219
0.0509202
0.0509179
0.0509156
0.0509139
0.050911
0.0509079
0.0509045
0.0509005
0.0508964
0.0508923
0.0508882
0.0508837
0.0508792
0.0508746
0.050869
0.0508632
0.0508573
0.0508514
0.0508443
0.0508375
0.0508298
0.0508222
0.0508143
0.0508068
0.050799
0.050791
0.050782
0.050773
0.0507642
0.050755
0.0507461
0.0507367
0.0507269
0.0507178
0.0507082
0.0506986
0.0506886
0.0506796
0.0506703
0.0506613
0.050652
0.0506431
0.0506339
0.0506253
0.0506168
0.0506083
0.0506008
0.0505925
0.0505847
0.0505778
0.0505712
0.0505644
0.0505575
0.0505511
0.050544
0.0505378
0.0505316
0.0505257
0.0505204
0.050515
0.0505099
0.050505
0.0504998
0.050495
0.0504903
0.0504856
0.0504817
0.0504776
0.0504737
0.05047
0.0504662
0.0504628
0.0504592
0.0504562
0.0504528
0.0504501
0.0504471
0.0504444
0.0504416
0.0504391
0.0504371
0.0504346
0.0504328
0.0504304
0.0504283
0.0504267
0.0504248
0.0504231
0.0504221
0.0504204
0.0504193
0.0504177
0.0504165
0.050415
0.0504136
0.0504127
0.0504119
0.050411
0.0504102
0.0504091
0.0504083
0.050407
0.0504058
0.0504047
0.0504039
0.0504028
0.0504017
0.0503999
0.0503981
0.0503971
0.0503953
0.0503935
0.0503907
0.050388
0.0503855
0.050383
0.0503797
0.0503765
0.0503734
0.0503699
0.0503663
0.0503621
0.0503574
0.0503529
0.0503482
0.0503435
0.0503388
0.0503338
0.0503284
0.0503233
0.0503182
0.050313
0.0503081
0.0503029
0.0502983
0.0502932
0.0502883
0.0502833
0.0502785
0.050274
0.0502706
0.0502676
0.0502645
0.0502617
0.050259
0.050257
0.0502555
0.0502545
0.0502536
0.0502532
0.0502536
0.050254
0.0502546
0.0502562
0.0502583
0.050261
0.0502637
0.0502677
0.0502721
0.0502769
0.0502825
0.0502878
0.0502945
0.0503017
0.0503094
0.0503177
0.0503261
0.0503356
0.0503457
0.0503569
0.0503686
0.0503811
0.0503943
0.0504076
0.0504215
0.0504364
0.0504515
0.0504668
0.0504828
0.0504988
0.0505155
0.0505327
0.0505503
0.0505681
0.0505855
0.0506032
0.0506208
0.0506379
0.0506556
0.050673
0.0506901
0.0507063
0.0507229
0.0507386
0.0507544
0.0507697
0.0507842
0.0507984
0.050812
0.0508251
0.0508375
0.0508493
0.0508605
0.0508717
0.0508825
0.0508932
0.0509029
0.0509122
0.0509217
0.0509305
0.0509394
0.0509477
0.050956
0.0509637
0.0509718
0.0509787
0.0509856
0.0509926
0.0509996
0.0510064
0.0510127
0.0510184
0.0510249
0.0510315
0.0510377
0.0510432
0.0510483
0.0510537
0.0510593
0.0510651
0.0510711
0.0510766
0.0510821
0.0510874
0.0510925
0.0510981
0.0511025
0.0511075
0.051113
0.0511183
0.0511233
0.0511285
0.051134
0.0511393
0.0511443
0.0511488
0.0511536
0.0511583
0.0511638
0.0511689
0.0511738
0.0511793
0.0511846
0.0511896
0.051195
0.0511995
0.0512045
0.0512094
0.0512143
0.0512192
0.0512241
0.0512289
0.0512338
0.0512387
0.0512433
0.0512485
0.0512529
0.0512572
0.051261
0.0512645
0.0512681
0.0512706
0.0512739
0.0512764
0.0512787
0.0512809
0.0512829
0.0512846
0.0512858
0.0512866
0.0512874
0.0512881
0.0512874
0.0512876
0.0512868
0.0512862
0.0512843
0.0512831
0.0512815
0.0512791
0.0512764
0.0512735
0.0512708
0.0512672
0.0512629
0.0512587
0.0512542
0.0512488
0.0512439
0.0512383
0.0512323
0.0512259
0.0512195
0.0512123
0.0512048
0.0511979
0.0511902
0.0511829
0.0511755
0.0511671
0.0511594
0.0511511
0.0511434
0.0511355
0.0511277
0.0511199
0.0511121
0.0511045
0.0510974
0.0510906
0.051084
0.0510776
0.0510719
0.0510659
0.0510602
0.0510546
0.0510489
0.0510434
0.0510382
0.0510339
0.0510287
0.0510244
0.0510207
0.0510162
0.0510127
0.0510088
0.0510053
0.0510021
0.050999
0.0509966
0.0509938
0.0509907
0.0509882
0.0509859
0.050984
0.0509823
0.0509806
0.0509799
0.050979
0.0509778
0.0509775
0.050977
0.050976
0.0509755
0.0509746
0.0509744
0.0509742
0.0509746
0.050975
0.0509752
0.0509758
0.0509761
0.0509762
0.0509765
0.0509772
0.050978
0.0509785
0.0509783
0.0509784
0.0509787
0.0509788
0.0509779
0.0509769
0.0509756
0.0509748
0.0509732
0.0509715
0.0509702
0.0509681
0.0509654
0.0509622
0.050959
0.0509557
0.0509519
0.0509482
0.050944
0.0509392
0.0509342
0.0509296
0.0509235
0.0509176
0.0509116
0.0509049
0.0508977
0.0508899
0.0508814
0.0508731
0.0508645
0.0508551
0.050846
0.0508361
0.0508257
0.0508138
0.0508027
0.0507904
0.0507776
0.0507644
0.0507511
0.0507377
0.0507235
0.0507092
0.0506949
0.0506802
0.0506654
0.0506505
0.0506354
0.0506199
0.0506047
0.0505895
0.0505741
0.0505586
0.0505435
0.0505294
0.0505147
0.0505004
0.0504865
0.0504726
0.0504589
0.0504455
0.0504326
0.0504206
0.0504085
0.0503965
0.0503849
0.0503742
0.0503634
0.0503529
0.0503428
0.0503337
0.0503247
0.0503161
0.0503079
0.0502992
0.0502914
0.0502835
0.0502761
0.0502689
0.0502626
0.0502565
0.0502515
0.0502466
0.0502411
0.0502365
0.0502322
0.0502289
0.0502258
0.0502226
0.0502202
0.050218
0.0502164
0.0502152
0.050214
0.0502135
0.050212
0.0502128
0.0502131
0.050214
0.0502154
0.0502166
0.0502182
0.0502202
0.0502228
0.0502251
0.0502283
0.0502313
0.0502345
0.050238
0.0502421
0.0502455
0.0502504
0.0502547
0.0502592
0.0502638
0.0502688
0.0502739
0.0502796
0.0502851
0.0502911
0.0502966
0.0503022
0.0503081
0.0503141
0.0503204
0.0503264
0.0503323
0.0503386
0.0503453
0.0503522
0.0503592
0.0503658
0.0503729
0.0503791
0.0503865
0.0503928
0.0503989
0.050405
0.0504112
0.0504173
0.0504231
0.0504277
0.0504328
0.0504375
0.0504418
0.050446
0.0504496
0.0504525
0.0504553
0.0504577
0.0504589
0.0504601
0.0504603
0.0504606
0.0504603
0.0504591
0.0504583
0.0504568
0.0504556
0.0504539
0.0504522
0.0504505
0.050448
0.0504463
0.050444
0.0504414
0.0504392
0.0504375
0.0504354
0.0504338
0.0504326
0.0504323
0.0504324
0.0504321
0.0504326
0.0504326
0.0504335
0.0504349
0.0504361
0.0504387
0.0504412
0.0504442
0.0504472
0.0504503
0.050454
0.0504575
0.0504612
0.0504648
0.0504691
0.0504731
0.0504774
0.0504812
0.0504857
0.0504893
0.0504939
0.0504985
0.0505028
0.050508
0.0505122
0.050517
0.0505216
0.050526
0.0505309
0.0505355
0.0505409
0.0505463
0.0505512
0.050556
0.0505609
0.0505666
0.0505735
0.0505799
0.0505864
0.0505932
0.0506008
0.0506074
0.0506145
0.0506219
0.0506301
0.0506376
0.0506464
0.0506544
0.050663
0.0506716
0.0506802
0.0506891
0.0506979
0.0507073
0.0507171
0.0507269
0.0507372
0.0507474
0.0507584
0.0507689
0.0507795
0.0507905
0.0508027
0.0508145
0.0508274
0.0508402
0.0508532
0.0508667
0.0508812
0.0508952
0.0509091
0.0509238
0.0509396
0.050955
0.0509704
0.0509857
0.0510013
0.0510169
0.0510331
0.0510489
0.0510648
0.0510809
0.0510964
0.0511121
0.0511274
0.051142
0.0511562
0.0511705
0.051185
0.0511987
0.0512125
0.0512255
0.0512382
0.0512508
0.0512636
0.0512745
0.0512853
0.0512952
0.0513053
0.0513148
0.0513243
0.0513328
0.0513415
0.0513496
0.0513572
0.0513651
0.0513723
0.05138
0.0513871
0.0513937
0.0514003
0.0514063
0.0514134
0.0514201
0.0514269
0.0514335
0.0514398
0.0514459
0.0514527
0.0514588
0.0514652
0.0514717
0.0514785
0.0514855
0.0514917
0.0514983
0.0515046
0.0515112
0.0515177
0.0515241
0.0515305
0.0515362
0.0515422
0.0515482
0.0515537
0.0515595
0.0515656
0.0515711
0.0515762
0.0515819
0.051587
0.0515928
0.0515982
0.0516035
0.0516086
0.0516135
0.0516183
0.0516229
0.0516279
0.0516333
0.0516381
0.0516427
0.0516468
0.0516506
0.0516551
0.05166
0.0516647
0.0516695
0.0516743
0.0516789
0.0516827
0.051687
0.0516911
0.051695
0.0516988
0.0517029
0.0517064
0.0517109
0.0517141
0.0517175
0.051721
0.0517246
0.0517278
0.0517308
0.0517337
0.051736
0.0517383
0.0517402
0.0517421
0.0517434
0.0517442
0.0517446
0.051744
0.0517438
0.0517421
0.0517408
0.0517378
0.0517353
0.051731
0.051727
0.051722
0.051716
0.05171
0.0517031
0.051695
0.0516869
0.0516777
0.0516677
0.0516568
0.0516455
0.0516338
0.0516209
0.0516078
0.0515944
0.0515801
0.0515653
0.0515509
0.0515358
0.0515195
0.0515037
0.0514868
0.0514703
0.051453
0.0514348
0.0514165
0.0513989
0.0513807
0.0513626
0.0513442
0.0513265
0.0513087
0.0512906
0.0512729
0.0512551
0.0512369
0.0512197
0.0512026
0.0511858
0.051169
0.0511528
0.0511371
0.0511216
0.0511067
0.0510922
0.0510788
0.0510661
0.0510539
0.0510418
0.0510298
0.0510186
0.0510079
0.0509976
0.0509881
0.0509783
0.0509692
0.0509606
0.0509516
0.0509428
0.0509346
0.0509268
0.0509185
0.0509107
0.0509023
0.0508939
0.0508854
0.0508761
0.0508669
0.0508578
0.0508484
0.0508381
0.0508285
0.0508181
0.050807
0.0507961
0.0507845
0.0507723
0.0507602
0.0507471
0.050733
0.0507193
0.0507054
0.0506912
0.0506771
0.050662
0.0506466
0.0506315
0.0506163
0.0506003
0.0505846
0.050569
0.0505531
0.0505371
0.0505215
0.0505061
0.0504903
0.0504755
0.0504611
0.0504464
0.0504319
0.0504181
0.0504041
0.0503904
0.0503773
0.0503647
0.0503525
0.0503414
0.0503299
