35.769
2.13579
2.13581
2.13582
2.13584
2.13586
2.13589
2.13592
2.13595
2.13598
2.13602
2.13607
2.13611
2.13616
2.13621
2.13626
2.13632
2.13637
2.13643
2.1365
2.13656
2.13663
2.1367
2.13677
2.13684
2.13692
2.13699
2.13707
2.13715
2.13723
2.13732
2.1374
2.13749
2.13758
2.13767
2.13776
2.13785
2.13794
2.13804
2.13813
2.13823
2.13832
2.13842
2.13852
2.13861
2.13871
2.13881
2.13891
2.13901
2.13911
2.1392
2.1393
2.1394
2.1395
2.1396
2.13969
2.13979
2.13988
2.13998
2.14007
2.14017
2.14026
2.14035
2.14044
2.14053
2.14062
2.14071
2.14079
2.14088
2.14096
2.14104
2.14112
2.1412
2.14127
2.14135
2.14142
2.14149
2.14156
2.14163
2.1417
2.14177
2.14183
2.14189
2.14195
2.14201
2.14207
2.14212
2.14217
2.14223
2.14228
2.14233
2.14237
2.14242
2.14246
2.14251
2.14255
2.14259
2.14263
2.14267
2.1427
2.14274
2.14277
2.14281
2.14284
2.14287
2.14291
2.14294
2.14297
2.143
2.14303
2.14305
2.14308
2.14311
2.14314
2.14317
2.14319
2.14322
2.14325
2.14327
2.1433
2.14333
2.14336
2.14338
2.14341
2.14344
2.14346
2.14349
2.14352
2.14355
2.14357
2.1436
2.14363
2.14366
2.14369
2.14372
2.14375
2.14378
2.14381
2.14384
2.14387
2.1439
2.14393
2.14397
2.144
2.14403
2.14406
2.1441
2.14413
2.14416
2.14419
2.14423
2.14426
2.1443
2.14433
2.14436
2.1444
2.14443
2.14447
2.1445
2.14453
2.14457
2.1446
2.14464
2.14467
2.1447
2.14474
2.14477
2.1448
2.14484
2.14487
2.1449
2.14494
2.14497
2.145
2.14503
2.14506
2.14509
2.14512
2.14515
2.14518
2.14521
2.14524
2.14527
2.1453
2.14532
2.14535
2.14538
2.1454
2.14543
2.14545
2.14548
2.1455
2.14552
2.14554
2.14556
2.14558
2.1456
2.14562
2.14564
2.14566
2.14568
2.14569
2.14571
2.14572
2.14574
2.14575
2.14576
2.14577
2.14579
2.1458
2.14581
2.14582
2.14583
2.14584
2.14584
2.14585
2.14586
2.14587
2.14587
2.14588
2.14588
2.14589
2.14589
2.1459
2.1459
2.1459
2.1459
2.14591
2.14591
2.14591
2.14591
2.14591
2.14591
2.14591
2.14592
2.14592
2.14591
2.14591
2.14591
2.14591
2.14591
2.14591
2.14591
2.14591
2.14591
2.1459
2.1459
2.1459
2.1459
2.1459
2.14589
2.14589
2.14589
2.14589
2.14588
2.14588
2.14588
2.14588
2.14587
2.14587
2.14587
2.14586
2.14586
2.14586
2.14585
2.14585
2.14585
2.14584
2.14584
2.14584
2.14583
2.14583
2.14583
2.14582
2.14582
2.14582
2.14581
2.14581
2.14581
2.1458
2.1458
2.1458
2.14579
2.14579
2.14579
2.14579
2.14578
2.14578
2.14578
2.14578
2.14577
2.14577
2.14577
2.14577
2.14576
2.14576
2.14576
2.14576
2.14576
2.14576
2.14575
2.14575
2.14575
2.14575
2.14575
2.14575
2.14575
2.14575
2.14575
2.14575
2.14575
2.14575
2.14575
2.14575
2.14575
2.14575
2.14575
2.14575
2.14575
2.14575
2.14575
2.14575
2.14575
2.14575
2.14576
2.14576
2.14576
2.14576
2.14576
2.14576
2.14576
2.14576
2.14576
2.14576
2.14576
2.14576
2.14575
2.14575
2.14575
2.14575
2.14575
2.14574
2.14574
2.14574
2.14573
2.14573
2.14573
2.14572
2.14572
2.14571
2.1457
2.1457
2.14569
2.14569
2.14568
2.14567
2.14566
2.14565
2.14564
2.14564
2.14563
2.14562
2.14561
2.1456
2.14559
2.14558
2.14556
2.14555
2.14554
2.14553
2.14552
2.1455
2.14549
2.14548
2.14547
2.14546
2.14544
2.14543
2.14542
2.1454
2.14539
2.14538
2.14537
2.14535
2.14534
2.14533
2.14532
2.14531
2.14529
2.14528
2.14527
2.14526
2.14525
2.14524
2.14523
2.14522
2.14521
2.1452
2.14519
2.14518
2.14517
2.14517
2.14516
2.14515
2.14515
2.14514
2.14513
2.14513
2.14512
2.14512
2.14511
2.14511
2.1451
2.1451
2.1451
2.14509
2.14509
2.14509
2.14509
2.14509
2.14508
2.14508
2.14508
2.14508
2.14508
2.14508
2.14508
2.14508
2.14508
2.14508
2.14508
2.14508
2.14508
2.14508
2.14508
2.14508
2.14508
2.14508
2.14508
2.14508
2.14508
2.14508
2.14507
2.14507
2.14507
2.14507
2.14507
2.14507
2.14506
2.14506
2.14506
2.14505
2.14505
2.14505
2.14504
2.14504
2.14503
2.14503
2.14502
2.14502
2.14501
2.14501
2.145
2.145
2.14499
2.14498
2.14498
2.14497
2.14496
2.14496
2.14495
2.14494
2.14494
2.14493
2.14492
2.14492
2.14491
2.1449
2.1449
2.14489
2.14489
2.14488
2.14487
2.14487
2.14486
2.14486
2.14485
2.14485
2.14484
2.14484
2.14483
2.14483
2.14483
2.14482
2.14482
2.14482
2.14481
2.14481
2.14481
2.14481
2.14481
2.1448
2.1448
2.1448
2.1448
2.1448
2.1448
2.1448
2.1448
2.1448
2.1448
2.1448
2.1448
2.1448
2.1448
2.1448
2.1448
2.1448
2.1448
2.1448
2.1448
2.1448
2.14479
2.14479
2.14479
2.14479
2.14479
2.14479
2.14479
2.14478
2.14478
2.14478
2.14478
2.14477
2.14477
2.14477
2.14476
2.14476
2.14475
2.14475
2.14474
2.14474
2.14473
2.14472
2.14472
2.14471
2.1447
2.1447
2.14469
2.14468
2.14467
2.14466
2.14465
2.14464
2.14464
2.14463
2.14462
2.14461
2.1446
2.14459
2.14458
2.14457
2.14456
2.14455
2.14453
2.14452
2.14451
2.1445
2.14449
2.14448
2.14447
2.14446
2.14445
2.14444
2.14443
2.14442
2.14441
2.1444
2.14439
2.14439
2.14438
2.14437
2.14436
2.14435
2.14435
2.14434
2.14433
2.14432
2.14432
2.14431
2.1443
2.1443
2.14429
2.14429
2.14428
2.14428
2.14427
2.14427
2.14427
2.14426
2.14426
2.14426
2.14425
2.14425
2.14425
2.14424
2.14424
2.14424
2.14424
2.14424
2.14424
2.14424
2.14423
2.14423
2.14423
2.14423
2.14423
2.14423
2.14423
2.14423
2.14423
2.14423
2.14423
2.14423
2.14423
2.14423
2.14424
2.14424
2.14424
2.14424
2.14424
2.14424
2.14424
2.14424
2.14425
2.14425
2.14425
2.14425
2.14426
2.14426
2.14426
2.14426
2.14426
2.14427
2.14427
2.14427
2.14427
2.14428
2.14428
2.14428
2.14428
2.14429
2.14429
2.14429
2.1443
2.1443
2.1443
2.14431
2.14431
2.14431
2.14432
2.14432
2.14432
2.14433
2.14433
2.14433
2.14434
2.14434
2.14434
2.14435
2.14435
2.14435
2.14436
2.14436
2.14436
2.14437
2.14437
2.14437
2.14438
2.14438
2.14439
2.14439
2.14439
2.1444
2.1444
2.1444
2.14441
2.14441
2.14442
2.14442
2.14443
2.14443
2.14443
2.14444
2.14444
2.14445
2.14445
2.14446
2.14446
2.14447
2.14448
2.14448
2.14449
2.14449
2.1445
2.1445
2.14451
2.14451
2.14452
2.14453
2.14453
2.14454
2.14454
2.14455
2.14455
2.14456
2.14456
2.14457
2.14457
2.14458
2.14459
2.14459
2.1446
2.1446
2.14461
2.14461
2.14461
2.14462
2.14462
2.14463
2.14463
2.14463
2.14464
2.14464
2.14464
2.14465
2.14465
2.14465
2.14465
2.14465
2.14466
2.14466
2.14466
2.14466
2.14466
2.14466
2.14466
2.14466
2.14466
2.14466
2.14466
2.14465
2.14465
2.14465
2.14465
2.14465
2.14465
2.14464
2.14464
2.14464
2.14464
2.14463
2.14463
2.14463
2.14462
2.14462
2.14462
2.14462
2.14461
2.14461
2.1446
2.1446
2.1446
2.14459
2.14459
2.14459
2.14458
2.14458
2.14458
2.14457
2.14457
2.14457
2.14456
2.14456
2.14455
2.14455
2.14455
2.14454
2.14454
2.14454
2.14453
2.14453
2.14452
2.14452
2.14452
2.14451
2.14451
2.1445
2.1445
2.14449
2.14449
2.14449
2.14448
2.14448
2.14447
2.14447
2.14446
2.14446
2.14445
2.14445
2.14444
2.14444
2.14443
2.14443
2.14442
2.14442
2.14441
2.14441
2.1444
2.1444
2.1444
2.14439
2.14439
2.14438
2.14438
2.14438
2.14437
2.14437
2.14437
2.14436
2.14436
2.14436
2.14435
2.14435
2.14435
2.14435
2.14435
2.14434
2.14434
2.14434
2.14434
2.14434
2.14434
2.14434
2.14434
2.14434
2.14434
2.14434
2.14434
2.14434
2.14435
2.14435
2.14435
2.14435
2.14435
2.14436
2.14436
2.14436
2.14437
2.14437
2.14437
2.14438
2.14438
2.14439
2.14439
2.1444
2.1444
2.14441
2.14441
2.14442
2.14442
2.14443
2.14444
2.14444
2.14445
2.14446
2.14447
2.14448
2.14448
2.14449
2.1445
2.14451
2.14452
2.14453
2.14454
2.14455
2.14456
2.14457
2.14458
2.14459
2.1446
2.14461
2.14462
2.14463
2.14464
2.14465
2.14466
2.14467
2.14468
2.14469
2.1447
2.14471
2.14472
2.14474
2.14475
2.14476
2.14477
2.14478
2.14479
2.1448
2.14481
2.14482
2.14483
2.14484
2.14485
2.14486
2.14487
2.14488
2.14489
2.1449
2.14491
2.14492
2.14493
2.14493
2.14494
2.14495
2.14496
2.14497
2.14498
2.14499
2.14499
2.145
2.14501
2.14502
2.14503
2.14503
2.14504
2.14505
2.14506
2.14506
2.14507
2.14508
2.14508
2.14509
2.1451
2.1451
2.14511
2.14512
2.14512
2.14513
2.14514
2.14514
2.14515
2.14516
2.14516
2.14517
2.14518
2.14518
2.14519
2.14519
2.1452
2.14521
2.14521
2.14522
2.14522
2.14523
2.14524
2.14524
2.14525
2.14525
2.14526
2.14526
2.14527
2.14528
2.14528
2.14529
2.14529
2.1453
2.1453
2.14531
2.14531
2.14532
2.14532
2.14533
2.14533
2.14534
2.14534
2.14534
2.14535
2.14535
2.14535
2.14536
2.14536
2.14536
2.14536
2.14537
2.14537
2.14537
2.14537
2.14537
2.14537
2.14537
2.14537
2.14537
2.14537
2.14537
2.14536
2.14536
2.14536
2.14536
2.14536
2.14535
2.14535
2.14534
2.14534
2.14534
2.14533
2.14533
2.14532
2.14532
2.14531
2.14531
2.1453
2.1453
2.14529
2.14528
2.14528
2.14527
2.14527
2.14526
2.14526
2.14525
2.14525
2.14524
2.14524
2.14523
2.14523
2.14522
2.14522
2.14521
2.14521
2.14521
2.1452
2.1452
2.1452
2.14519
2.14519
2.14519
2.14519
2.14519
2.14519
2.14519
2.14519
2.14519
2.14519
2.14519
2.14519
2.14519
2.1452
2.1452
2.1452
2.1452
2.14521
2.14521
2.14521
2.14522
2.14522
2.14523
2.14523
2.14524
2.14524
2.14525
2.14525
2.14526
2.14526
2.14527
2.14527
2.14528
2.14528
2.14529
2.14529
2.1453
2.1453
2.14531
2.14531
2.14532
2.14532
2.14533
2.14533
2.14534
2.14534
2.14534
2.14535
2.14535
2.14536
2.14536
2.14536
2.14536
2.14537
2.14537
2.14537
2.14537
2.14538
2.14538
2.14538
2.14538
2.14538
2.14538
2.14538
2.14538
2.14538
2.14538
2.14538
2.14538
2.14538
2.14537
2.14537
2.14537
2.14537
2.14537
2.14537
2.14536
2.14536
2.14536
2.14536
2.14536
2.14535
2.14535
2.14535
2.14535
2.14534
2.14534
2.14534
2.14533
2.14533
2.14533
2.14533
2.14532
2.14532
2.14532
2.14531
2.14531
2.14531
2.14531
2.1453
2.1453
2.1453
2.14529
2.14529
2.14529
2.14528
2.14528
2.14528
2.14527
2.14527
2.14526
2.14526
2.14526
2.14525
2.14525
2.14525
2.14524
2.14524
2.14523
2.14523
2.14522
2.14522
2.14522
2.14521
2.14521
2.1452
2.1452
2.1452
2.14519
2.14519
2.14519
2.14518
2.14518
2.14518
2.14517
2.14517
2.14517
2.14517
2.14517
2.14516
2.14516
2.14516
2.14516
2.14516
2.14516
2.14516
2.14516
2.14516
2.14516
2.14516
2.14516
2.14516
2.14517
2.14517
2.14517
2.14517
2.14517
2.14518
2.14518
2.14518
2.14518
2.14519
2.14519
2.14519
2.14519
2.1452
2.1452
2.1452
2.14521
2.14521
2.14521
2.14522
2.14522
2.14522
2.14522
2.14523
2.14523
2.14523
2.14524
2.14524
2.14524
2.14525
2.14525
2.14526
2.14526
2.14526
2.14527
2.14527
2.14528
2.14528
2.14528
2.14529
2.14529
2.1453
2.1453
2.14531
2.14531
2.14532
2.14532
2.14533
2.14534
2.14534
2.14535
2.14535
2.14536
2.14537
2.14537
2.14538
2.14538
2.14539
2.14539
2.1454
2.1454
2.14541
2.14542
2.14542
2.14542
2.14543
2.14543
2.14544
2.14544
2.14544
2.14545
2.14545
2.14545
2.14545
2.14545
2.14545
2.14545
2.14545
2.14545
2.14545
2.14545
2.14545
2.14545
2.14544
2.14544
2.14544
2.14543
2.14543
2.14542
2.14542
2.14541
2.14541
2.1454
2.14539
2.14538
2.14538
2.14537
2.14536
2.14535
2.14534
2.14533
2.14532
2.14532
2.14531
2.1453
2.14529
2.14528
2.14527
2.14526
2.14525
2.14524
2.14523
2.14522
2.14522
2.14521
2.1452
2.14519
2.14519
2.14518
2.14517
2.14517
2.14516
2.14516
2.14515
2.14515
2.14514
2.14514
2.14514
2.14513
2.14513
2.14513
2.14513
2.14513
2.14512
2.14512
2.14512
2.14512
2.14513
2.14513
2.14513
2.14513
2.14513
2.14513
2.14514
2.14514
2.14514
2.14515
2.14515
2.14515
2.14516
2.14516
2.14517
2.14517
2.14518
2.14518
2.14519
2.1452
2.1452
2.14521
2.14521
2.14522
2.14522
2.14523
2.14523
2.14524
2.14525
2.14525
2.14526
2.14526
2.14527
2.14527
2.14528
2.14529
2.14529
2.1453
2.1453
2.14531
2.14531
2.14532
2.14532
2.14532
2.14533
2.14533
2.14534
2.14534
2.14534
2.14535
2.14535
2.14535
2.14536
2.14536
2.14536
2.14537
2.14537
2.14537
2.14537
2.14537
2.14538
2.14538
2.14538
2.14538
2.14538
2.14538
2.14538
2.14539
2.14539
2.14539
2.14539
2.14539
2.14539
2.14539
2.14539
2.14539
2.14539
2.14539
2.14539
2.14538
2.14538
2.14538
2.14538
2.14538
2.14538
2.14538
2.14538
2.14538
2.14537
2.14537
2.14537
2.14537
2.14537
2.14537
2.14536
2.14536
2.14536
2.14536
2.14536
2.14535
2.14535
2.14535
2.14535
2.14534
2.14534
2.14534
2.14533
2.14533
2.14533
2.14532
2.14532
2.14532
2.14531
2.14531
2.1453
2.1453
2.14529
2.14529
2.14528
2.14528
2.14527
2.14527
2.14526
2.14526
2.14525
2.14524
2.14524
2.14523
2.14523
2.14522
2.14521
2.14521
2.1452
2.14519
2.14519
2.14518
2.14518
2.14517
2.14516
2.14516
2.14515
2.14515
2.14514
2.14514
2.14513
2.14513
2.14512
2.14512
2.14511
2.14511
2.14511
2.1451
2.1451
2.1451
2.14509
2.14509
2.14509
2.14509
2.14509
2.14509
2.14509
2.14509
2.14509
2.14509
2.14509
2.1451
2.1451
2.1451
2.1451
2.14511
2.14511
2.14511
2.14512
2.14512
2.14513
2.14514
2.14514
2.14515
2.14516
2.14516
2.14517
2.14518
2.14518
2.14519
2.1452
2.14521
2.14522
2.14523
2.14524
2.14525
2.14526
2.14527
2.14528
2.14529
2.1453
2.14531
2.14532
2.14533
2.14534
2.14535
2.14536
2.14537
2.14538
2.14539
2.1454
2.1454
2.14541
2.14542
2.14543
2.14544
2.14544
2.14545
2.14546
2.14546
2.14547
2.14548
2.14548
2.14548
2.14549
2.14549
2.1455
2.1455
2.1455
2.1455
2.1455
2.1455
2.1455
2.1455
2.1455
2.14549
2.14549
2.14549
2.14548
2.14548
2.14547
2.14546
2.14546
2.14545
2.14544
2.14543
2.14542
2.14541
2.1454
2.14538
2.14537
2.14536
2.14534
2.14533
2.14531
2.1453
2.14528
2.14527
2.14525
2.14523
2.14521
2.14519
2.14518
2.14516
2.14514
2.14512
2.1451
2.14508
2.14506
2.14504
2.14502
2.145
2.14498
2.14496
2.14494
2.14492
2.1449
2.14488
2.14486
2.14484
2.14482
2.1448
2.14479
2.14477
2.14475
2.14474
2.14472
2.1447
2.14469
2.14467
2.14466
2.14464
2.14463
2.14462
2.14461
2.14459
2.14458
2.14457
2.14456
2.14455
2.14454
2.14453
2.14453
2.14452
2.14451
2.14451
2.1445
2.14449
2.14449
2.14448
2.14448
2.14448
2.14447
2.14447
2.14447
2.14447
2.14447
2.14446
2.14446
2.14446
2.14446
2.14446
2.14446
2.14446
2.14446
2.14446
2.14446
2.14446
2.14446
2.14447
2.14447
2.14447
2.14447
2.14447
2.14447
2.14448
2.14448
2.14448
2.14448
2.14448
2.14448
2.14449
2.14449
2.14449
2.14449
2.14449
2.1445
2.1445
2.1445
2.1445
2.1445
2.14451
2.14451
2.14451
2.14451
2.14452
2.14452
2.14452
2.14452
2.14453
2.14453
2.14453
2.14453
2.14454
2.14454
2.14454
2.14455
2.14455
2.14455
2.14456
2.14456
2.14457
2.14457
2.14457
2.14458
2.14458
2.14459
2.14459
2.1446
2.1446
2.14461
2.14461
2.14461
2.14462
2.14462
2.14463
2.14463
2.14464
2.14464
2.14465
2.14465
2.14466
2.14466
2.14467
2.14467
2.14468
2.14468
2.14469
2.14469
2.14469
2.1447
2.1447
2.14471
2.14471
2.14471
2.14472
2.14472
2.14472
2.14473
2.14473
2.14473
2.14473
2.14474
2.14474
2.14474
2.14474
2.14474
2.14474
2.14474
2.14474
2.14474
2.14474
2.14474
2.14474
2.14474
2.14474
2.14474
2.14474
2.14474
2.14473
2.14473
2.14473
2.14473
2.14473
2.14472
2.14472
2.14472
2.14471
2.14471
2.14471
2.1447
2.1447
2.1447
2.14469
2.14469
2.14469
2.14468
2.14468
2.14467
2.14467
2.14467
2.14466
2.14466
2.14465
2.14465
2.14465
2.14464
2.14464
2.14464
2.14463
2.14463
2.14463
2.14462
2.14462
2.14462
2.14462
2.14461
2.14461
2.14461
2.14461
2.1446
2.1446
2.1446
2.1446
2.1446
2.1446
2.14459
2.14459
2.14459
2.14459
2.14459
2.14459
2.14459
2.14459
2.14459
2.14459
2.14459
2.1446
2.1446
2.1446
2.1446
2.1446
2.1446
2.14461
2.14461
2.14461
2.14462
2.14462
2.14462
2.14463
2.14463
2.14464
2.14464
2.14465
2.14465
2.14466
2.14467
2.14467
2.14468
2.14468
2.14469
2.1447
2.1447
2.14471
2.14472
2.14472
2.14473
2.14474
2.14474
2.14475
2.14476
2.14476
2.14477
2.14478
2.14479
2.14479
2.1448
2.14481
2.14481
2.14482
2.14482
2.14483
2.14484
2.14484
2.14485
2.14485
2.14486
2.14487
2.14487
2.14488
2.14488
2.14489
2.14489
2.1449
2.1449
2.14491
2.14491
2.14491
2.14492
2.14492
2.14493
2.14493
2.14494
2.14494
2.14494
2.14495
2.14495
2.14496
2.14496
2.14496
2.14497
2.14497
2.14497
2.14498
2.14498
2.14498
2.14499
2.14499
2.145
2.145
2.14501
2.14501
2.14501
2.14502
2.14502
2.14503
2.14503
2.14504
2.14504
2.14505
2.14505
2.14506
2.14507
2.14507
2.14508
2.14508
2.14509
2.1451
2.1451
2.14511
2.14511
2.14512
2.14513
2.14514
2.14514
2.14515
2.14516
2.14517
2.14517
2.14518
2.14519
2.14519
2.1452
2.14521
2.14522
2.14522
2.14523
2.14524
2.14524
2.14525
2.14526
2.14526
2.14527
2.14528
2.14528
2.14529
2.14529
2.1453
2.1453
2.14531
2.14531
2.14532
2.14532
2.14532
2.14533
2.14533
2.14533
2.14534
2.14534
2.14534
2.14534
2.14535
2.14535
2.14535
2.14535
2.14535
2.14535
2.14535
2.14535
2.14535
2.14535
2.14535
2.14535
2.14535
2.14535
2.14535
2.14535
2.14535
2.14535
2.14535
2.14535
2.14535
2.14534
2.14534
2.14534
2.14534
2.14534
2.14534
2.14533
2.14533
2.14533
2.14533
2.14532
2.14532
2.14532
2.14532
2.14531
2.14531
2.14531
2.14531
2.1453
2.1453
2.14529
2.14529
2.14529
2.14528
2.14528
2.14527
2.14527
2.14526
2.14526
2.14525
2.14525
2.14524
2.14524
2.14523
2.14522
2.14522
2.14521
2.1452
2.1452
2.14519
2.14518
2.14517
2.14517
2.14516
2.14515
2.14515
2.14514
2.14513
2.14512
2.14512
2.14511
2.1451
2.14509
2.14509
2.14508
2.14507
2.14507
2.14506
2.14505
2.14505
2.14504
2.14503
2.14503
2.14502
2.14501
2.14501
2.145
2.14499
2.14499
2.14498
2.14498
2.14497
2.14497
2.14496
2.14496
2.14495
2.14495
2.14495
2.14494
2.14494
2.14493
2.14493
2.14493
2.14492
2.14492
2.14492
2.14491
2.14491
2.1449
2.1449
2.1449
2.14489
2.14489
2.14488
2.14488
2.14488
2.14487
2.14487
2.14486
2.14486
2.14485
2.14485
2.14484
2.14484
2.14483
2.14483
2.14482
2.14482
2.14481
2.14481
2.1448
2.14479
2.14479
2.14478
2.14477
2.14477
2.14476
2.14475
2.14475
2.14474
2.14473
2.14472
2.14471
2.14471
2.1447
2.14469
2.14468
2.14467
2.14466
2.14465
2.14464
2.14463
2.14462
2.14461
2.1446
2.14459
2.14458
2.14457
2.14456
2.14455
2.14454
2.14453
2.14452
2.14451
2.1445
2.14449
2.14447
2.14446
2.14445
2.14444
2.14443
2.14442
2.14441
2.14439
2.14438
2.14437
2.14436
2.14435
2.14433
2.14432
2.14431
2.1443
2.14429
2.14428
2.14427
2.14426
2.14425
2.14424
2.14423
2.14422
2.14421
2.1442
2.14419
2.14418
2.14417
2.14416
2.14416
2.14415
2.14414
2.14414
2.14413
2.14412
2.14412
2.14411
2.14411
2.14411
2.1441
2.1441
2.1441
2.1441
2.1441
2.14409
2.14409
2.14409
2.14409
2.14409
2.1441
2.1441
2.1441
2.1441
2.14411
2.14411
2.14411
2.14411
2.14412
2.14412
2.14413
2.14413
2.14414
2.14414
2.14415
2.14415
2.14416
2.14416
2.14417
2.14418
2.14418
2.14419
2.1442
2.1442
2.14421
2.14422
2.14422
2.14423
2.14424
2.14424
2.14425
2.14426
2.14426
2.14427
2.14427
2.14428
2.14429
2.14429
2.1443
2.1443
2.1443
2.14431
2.14431
2.14432
2.14432
2.14432
2.14433
2.14433
2.14433
2.14433
2.14433
2.14433
2.14433
2.14433
2.14433
2.14433
2.14433
2.14433
2.14433
2.14433
2.14432
2.14432
2.14432
2.14431
2.14431
2.1443
2.1443
2.14429
2.14428
2.14428
2.14427
2.14426
2.14426
2.14425
2.14424
2.14423
2.14422
2.14421
2.1442
2.14419
2.14418
2.14417
2.14416
2.14415
2.14415
2.14413
2.14412
2.14411
2.1441
2.14409
2.14408
2.14407
2.14407
2.14406
2.14405
2.14404
2.14403
2.14402
2.14401
2.144
2.144
2.14399
2.14398
2.14398
2.14397
2.14397
2.14396
2.14396
2.14395
2.14395
2.14395
2.14394
2.14394
2.14394
2.14394
2.14394
2.14394
2.14394
2.14394
2.14394
2.14395
2.14395
2.14396
2.14396
2.14396
2.14397
2.14398
2.14398
2.14399
2.144
2.14401
2.14402
2.14403
2.14404
2.14405
2.14406
2.14407
2.14408
2.14409
2.1441
2.14412
2.14413
2.14414
2.14416
2.14417
2.14418
2.1442
2.14421
2.14423
2.14424
2.14425
2.14427
2.14428
2.1443
2.14431
2.14433
2.14434
2.14436
2.14437
2.14439
2.1444
2.14442
2.14443
2.14444
2.14446
2.14447
2.14448
2.1445
2.14451
2.14452
2.14454
2.14455
2.14456
2.14457
2.14458
2.1446
2.14461
2.14462
2.14463
2.14464
2.14465
2.14466
2.14467
2.14468
2.14468
2.14469
2.1447
2.14471
2.14472
2.14472
2.14473
2.14474
2.14474
2.14475
2.14475
2.14476
2.14476
2.14477
2.14477
2.14477
2.14478
2.14478
2.14478
2.14478
2.14479
2.14479
2.14479
2.14479
2.14479
2.14479
2.14479
2.14479
2.14478
2.14478
2.14478
2.14478
2.14477
2.14477
2.14476
2.14476
2.14475
2.14475
2.14474
2.14474
2.14473
2.14473
2.14472
2.14471
2.1447
2.1447
2.14469
2.14468
2.14467
2.14466
2.14465
2.14465
2.14464
2.14463
2.14462
2.14461
2.1446
2.14459
2.14459
2.14458
2.14457
2.14456
2.14456
2.14455
2.14454
2.14453
2.14453
2.14452
2.14452
2.14451
2.14451
2.14451
2.1445
2.1445
2.1445
2.1445
2.1445
2.1445
2.1445
2.1445
2.1445
2.1445
2.14451
2.14451
2.14451
2.14452
2.14453
2.14453
2.14454
2.14455
2.14456
2.14457
2.14458
2.14459
2.1446
2.14461
2.14462
2.14464
2.14465
2.14467
2.14468
2.1447
2.14471
2.14473
2.14475
2.14477
2.14479
2.1448
2.14482
2.14484
2.14486
2.14489
2.14491
2.14493
2.14495
2.14497
2.14499
2.14502
2.14504
2.14506
2.14509
2.14511
2.14513
2.14516
2.14518
2.1452
2.14523
2.14525
2.14527
2.1453
2.14532
2.14534
2.14537
2.14539
2.14541
2.14543
2.14545
2.14548
2.1455
2.14552
2.14554
2.14556
2.14558
2.1456
2.14562
2.14563
2.14565
2.14567
2.14568
2.1457
2.14571
2.14572
2.14574
2.14575
2.14576
2.14577
2.14578
2.14579
2.1458
2.1458
2.14581
2.14581
2.14582
2.14582
2.14583
2.14583
2.14583
2.14583
2.14583
2.14582
2.14582
2.14582
2.14581
2.14581
2.1458
2.14579
2.14578
2.14578
2.14577
2.14575
2.14574
2.14573
2.14572
2.1457
2.14569
2.14567
2.14565
2.14564
2.14562
2.1456
2.14558
2.14556
2.14554
2.14552
2.1455
2.14548
2.14545
2.14543
2.14541
2.14538
2.14536
2.14533
2.14531
2.14528
2.14526
2.14523
2.14521
2.14518
2.14515
2.14513
2.1451
2.14508
2.14505
2.14502
2.145
2.14497
2.14494
2.14492
2.14489
2.14487
2.14484
2.14482
2.14479
2.14477
2.14474
2.14472
2.1447
2.14467
2.14465
2.14463
2.14461
2.14459
2.14457
2.14455
2.14453
2.14451
2.14449
2.14448
2.14446
2.14444
2.14443
2.14441
2.1444
2.14438
2.14437
2.14435
2.14434
2.14433
2.14432
2.14431
2.1443
2.14428
2.14427
2.14427
2.14426
2.14425
2.14424
2.14423
2.14422
2.14421
2.14421
2.1442
2.14419
2.14418
2.14418
2.14417
2.14417
2.14416
2.14415
2.14415
2.14414
2.14414
2.14414
2.14413
2.14413
2.14413
2.14412
2.14412
2.14412
2.14411
2.14411
2.14411
2.14411
2.14411
2.14411
2.1441
2.1441
2.1441
2.1441
2.1441
2.1441
2.1441
2.1441
2.14411
2.14411
2.14411
2.14411
2.14412
2.14412
2.14412
2.14413
2.14413
2.14414
2.14414
2.14415
2.14415
2.14416
2.14417
2.14417
2.14418
2.14419
2.1442
2.14421
2.14422
2.14423
2.14424
2.14425
2.14426
2.14427
2.14429
2.1443
2.14431
2.14433
2.14434
2.14435
2.14437
2.14438
2.1444
2.14442
2.14443
2.14445
2.14447
2.14448
2.1445
2.14452
2.14453
2.14455
2.14457
2.14459
2.14461
2.14463
2.14464
2.14466
2.14468
2.1447
2.14472
2.14474
2.14475
2.14477
2.14479
2.14481
2.14482
2.14484
2.14486
2.14488
2.14489
2.14491
2.14492
2.14494
2.14495
2.14497
2.14498
2.145
2.14501
2.14502
2.14504
2.14505
2.14506
2.14507
2.14508
2.14509
2.1451
2.14511
2.14512
2.14513
2.14514
2.14515
2.14516
2.14516
2.14517
2.14518
2.14518
2.14519
2.14519
2.1452
2.1452
2.14521
2.14521
2.14522
2.14522
2.14523
2.14523
2.14523
2.14523
2.14523
2.14523
2.14524
2.14524
2.14524
2.14524
2.14523
2.14523
2.14523
2.14523
2.14523
2.14523
2.14522
2.14522
2.14522
2.14521
2.14521
2.1452
2.1452
2.14519
2.14519
2.14518
2.14517
2.14517
2.14516
2.14515
2.14514
2.14513
2.14512
2.14511
2.1451
2.14509
2.14508
2.14506
2.14505
2.14504
2.14502
2.14501
2.14499
2.14498
2.14496
2.14495
2.14493
2.14491
2.14489
2.14488
2.14486
2.14484
2.14482
2.1448
2.14478
2.14476
2.14474
2.14472
2.1447
2.14468
2.14466
2.14464
2.14461
2.14459
2.14457
2.14455
2.14453
2.14451
2.14449
2.14447
2.14445
2.14443
2.14441
2.14438
2.14436
2.14435
2.14433
2.14431
2.14429
2.14427
2.14425
2.14424
2.14422
2.14421
2.14419
2.14418
2.14416
2.14415
2.14413
2.14412
2.14411
2.1441
2.14409
2.14408
2.14407
2.14406
2.14405
2.14404
2.14403
2.14402
2.14402
2.14401
2.144
2.144
2.14399
2.14398
2.14398
2.14397
2.14397
2.14396
2.14396
2.14395
2.14395
2.14394
2.14394
2.14393
2.14393
2.14393
2.14392
2.14392
2.14391
2.14391
2.14391
2.1439
2.1439
2.14389
2.14389
2.14388
2.14388
2.14388
2.14387
2.14387
2.14386
2.14386
2.14386
2.14385
2.14385
2.14384
2.14384
2.14384
2.14383
2.14383
2.14383
2.14382
2.14382
2.14382
2.14381
2.14381
2.14381
2.14381
2.14381
2.1438
2.1438
2.1438
2.1438
2.1438
2.1438
2.1438
2.1438
2.1438
2.14381
2.14381
2.14381
2.14381
2.14382
2.14382
2.14382
2.14383
2.14383
2.14384
2.14385
2.14385
2.14386
2.14387
2.14388
2.14388
2.14389
2.1439
2.14391
2.14392
2.14394
2.14395
2.14396
2.14397
2.14399
2.144
2.14401
2.14403
2.14404
2.14406
2.14407
2.14409
2.14411
2.14412
2.14414
2.14416
2.14417
2.14419
2.14421
2.14423
2.14424
2.14426
2.14428
2.1443
2.14432
2.14434
2.14435
2.14437
2.14439
2.14441
2.14443
2.14444
2.14446
2.14448
2.1445
2.14451
2.14453
2.14455
2.14456
2.14458
2.14459
2.14461
2.14462
2.14464
2.14465
2.14466
2.14467
2.14469
2.1447
2.14471
2.14472
2.14473
2.14474
2.14475
2.14475
2.14476
2.14477
2.14478
2.14478
2.14479
2.14479
2.1448
2.1448
2.1448
2.14481
2.14481
2.14481
2.14482
2.14482
2.14482
2.14482
2.14482
2.14482
2.14482
2.14482
2.14483
2.14483
2.14483
2.14483
2.14483
2.14483
2.14483
2.14484
2.14484
2.14484
2.14484
2.14484
2.14485
2.14485
2.14485
2.14486
2.14486
2.14487
2.14487
2.14488
2.14488
2.14489
2.14489
2.1449
2.14491
2.14492
2.14493
2.14494
2.14495
2.14496
2.14497
2.14498
2.14499
2.145
2.14502
2.14503
2.14504
2.14506
2.14507
2.14509
2.1451
2.14512
2.14513
2.14515
2.14517
2.14519
2.14521
2.14523
2.14524
2.14526
2.14528
2.1453
2.14533
2.14535
2.14537
2.14539
2.14541
2.14544
2.14546
2.14548
2.1455
2.14553
2.14555
2.14558
2.1456
2.14562
2.14565
2.14567
2.1457
2.14572
2.14575
2.14577
2.1458
2.14582
2.14585
2.14587
2.1459
2.14592
2.14595
2.14597
2.146
2.14602
2.14604
2.14607
2.14609
2.14611
2.14614
2.14616
2.14618
2.1462
2.14622
2.14624
2.14626
2.14628
2.1463
2.14632
2.14634
2.14635
2.14637
2.14638
2.1464
2.14641
2.14643
2.14644
2.14645
2.14646
2.14647
2.14648
2.14649
2.1465
2.1465
2.14651
2.14651
2.14652
2.14652
2.14652
2.14652
2.14652
2.14652
2.14652
2.14652
2.14652
2.14652
2.14651
2.14651
2.1465
2.14649
2.14649
2.14648
2.14647
2.14646
2.14645
2.14644
2.14643
2.14642
2.14641
2.14639
2.14638
2.14637
2.14636
2.14634
2.14633
2.14631
2.14629
2.14628
2.14626
2.14624
2.14623
2.14621
2.14619
2.14617
2.14615
2.14613
2.14611
2.14609
2.14607
2.14605
2.14603
2.14601
2.14598
2.14596
2.14594
2.14591
2.14589
2.14586
2.14584
2.14581
2.14579
2.14576
2.14574
2.14571
2.14568
2.14565
2.14563
2.1456
2.14557
2.14554
2.14551
2.14549
2.14546
2.14543
2.1454
2.14537
2.14534
2.14531
2.14528
2.14525
2.14522
2.14519
2.14516
2.14513
2.1451
2.14507
2.14504
2.14501
2.14498
2.14495
2.14492
2.14489
2.14486
2.14484
2.14481
2.14478
2.14475
2.14472
2.14469
2.14467
2.14464
2.14461
2.14459
2.14456
2.14454
2.14451
2.14449
2.14446
2.14444
2.14442
2.1444
2.14437
2.14435
2.14433
2.14431
2.14429
2.14428
2.14426
2.14424
2.14422
2.14421
2.14419
2.14418
2.14416
2.14415
2.14414
2.14413
2.14412
2.14411
2.1441
2.14409
2.14408
2.14407
2.14407
2.14406
2.14406
2.14405
2.14405
2.14404
2.14404
2.14404
2.14404
2.14404
2.14404
2.14403
2.14404
2.14404
2.14404
2.14404
2.14404
2.14404
2.14405
2.14405
2.14405
2.14406
2.14406
2.14407
2.14407
2.14408
2.14408
2.14409
2.14409
2.1441
2.14411
2.14412
2.14412
2.14413
2.14414
2.14415
2.14416
2.14417
2.14418
2.14419
2.1442
2.14421
2.14422
2.14423
2.14424
2.14425
2.14426
2.14427
2.14428
2.14429
2.14431
2.14432
2.14433
2.14434
2.14435
2.14437
2.14438
2.14439
2.14441
2.14442
2.14443
2.14444
2.14446
2.14447
2.14448
2.1445
2.14451
2.14452
2.14454
2.14455
2.14456
2.14458
2.14459
2.1446
2.14462
2.14463
2.14464
2.14465
2.14466
2.14467
2.14469
2.1447
2.14471
2.14472
2.14473
2.14474
2.14475
2.14475
2.14476
2.14477
2.14478
2.14478
2.14479
2.1448
2.1448
2.14481
2.14481
2.14482
2.14482
2.14482
2.14482
2.14483
2.14483
2.14483
2.14483
2.14483
2.14483
2.14483
2.14483
2.14483
2.14483
2.14482
2.14482
2.14482
2.14481
2.14481
2.14481
2.1448
2.14479
2.14479
2.14478
2.14478
2.14477
2.14477
2.14476
2.14475
2.14475
2.14474
2.14473
2.14472
2.14471
2.14471
2.1447
2.14469
2.14468
2.14467
2.14467
2.14466
2.14465
2.14464
2.14464
2.14463
2.14462
2.14461
2.14461
2.1446
2.14459
2.14459
2.14458
2.14457
2.14457
2.14456
2.14456
2.14455
2.14455
2.14454
2.14454
2.14454
2.14453
2.14453
2.14453
2.14452
2.14452
2.14452
2.14452
2.14452
2.14452
2.14452
2.14452
2.14452
2.14452
2.14452
2.14453
2.14453
2.14453
2.14453
2.14454
2.14454
2.14455
2.14455
2.14456
2.14456
2.14457
2.14458
2.14458
2.14459
2.1446
2.1446
2.14461
2.14462
2.14463
2.14464
2.14465
2.14466
2.14467
2.14468
2.14469
2.14471
2.14472
2.14473
2.14474
2.14475
2.14477
2.14478
2.14479
2.14481
2.14482
2.14484
2.14485
2.14486
2.14488
2.14489
2.14491
2.14492
2.14494
2.14495
2.14497
2.14499
2.145
2.14502
2.14503
2.14505
2.14506
2.14508
2.14509
2.14511
2.14512
2.14514
2.14515
2.14517
2.14518
2.1452
2.14521
2.14522
2.14524
2.14525
2.14526
2.14528
2.14529
2.1453
2.14531
2.14532
2.14533
2.14534
2.14535
2.14536
2.14537
2.14538
2.14538
2.14539
2.1454
2.1454
2.14541
2.14541
2.14542
2.14542
2.14542
2.14543
2.14543
2.14543
2.14543
2.14543
2.14543
2.14543
2.14543
2.14543
2.14543
2.14543
2.14542
2.14542
2.14542
2.14542
2.14541
2.14541
2.14541
2.1454
2.1454
2.14539
2.14539
2.14539
2.14538
2.14538
2.14537
2.14537
2.14536
2.14536
2.14536
2.14535
2.14535
2.14534
2.14534
2.14534
2.14533
2.14533
2.14533
2.14533
2.14533
2.14532
2.14532
2.14532
2.14532
2.14532
2.14532
2.14532
2.14532
2.14532
2.14533
2.14533
2.14533
2.14533
2.14534
2.14534
2.14534
2.14535
2.14535
2.14535
2.14536
2.14536
2.14537
2.14537
2.14538
2.14538
2.14539
2.14539
2.1454
2.1454
2.14541
2.14541
2.14542
2.14542
2.14543
2.14543
2.14544
2.14544
2.14545
2.14545
2.14546
2.14546
2.14547
2.14547
2.14547
2.14548
2.14548
2.14548
2.14549
2.14549
2.14549
2.14549
2.14549
2.1455
2.1455
2.1455
2.1455
2.1455
2.1455
2.1455
2.1455
2.1455
2.1455
2.1455
2.1455
2.1455
2.1455
2.1455
2.14549
2.14549
2.14549
2.14549
2.14548
2.14548
2.14548
2.14548
2.14547
2.14547
2.14546
2.14546
2.14546
2.14545
2.14545
2.14544
2.14543
2.14543
2.14542
2.14542
2.14541
2.1454
2.14539
2.14539
2.14538
2.14537
2.14536
2.14535
2.14534
2.14533
2.14532
2.14531
2.1453
2.14529
2.14528
2.14526
2.14525
2.14524
2.14523
2.14521
2.1452
2.14518
2.14517
2.14516
2.14514
2.14513
2.14511
2.1451
2.14509
2.14507
2.14506
2.14504
2.14503
2.14501
2.145
2.14498
2.14497
2.14495
2.14494
2.14493
2.14491
2.1449
2.14489
2.14487
2.14486
2.14485
2.14484
2.14482
2.14481
2.1448
2.14479
2.14478
2.14477
2.14476
2.14475
2.14474
2.14473
2.14472
2.14472
2.14471
2.1447
2.1447
2.14469
2.14469
2.14468
2.14468
2.14467
2.14467
2.14467
2.14467
2.14466
2.14466
2.14466
2.14466
2.14466
2.14466
2.14466
2.14466
2.14466
2.14466
2.14466
2.14466
2.14466
2.14466
2.14467
2.14467
2.14467
2.14467
2.14468
2.14468
2.14468
2.14468
2.14469
2.14469
2.14469
2.1447
2.1447
2.14471
2.14471
2.14472
2.14472
2.14472
2.14473
2.14474
2.14474
2.14475
2.14475
2.14476
2.14476
2.14477
2.14478
2.14478
2.14479
2.1448
2.14481
2.14481
2.14482
2.14483
2.14484
2.14485
2.14486
2.14487
2.14487
2.14488
2.14489
2.1449
2.14491
2.14492
2.14494
2.14495
2.14496
2.14497
2.14498
2.14499
2.145
2.14502
2.14503
2.14504
2.14505
2.14506
2.14508
2.14509
2.1451
2.14511
2.14513
2.14514
2.14515
2.14516
2.14518
2.14519
2.1452
2.14521
2.14523
2.14524
2.14525
2.14526
2.14527
2.14528
2.1453
2.14531
2.14532
2.14533
2.14534
2.14535
2.14536
2.14537
2.14538
2.14539
2.1454
2.14541
2.14542
2.14543
2.14544
2.14545
2.14546
2.14547
2.14548
2.14548
2.14549
2.1455
2.14551
2.14551
2.14552
2.14553
2.14553
2.14554
2.14554
2.14555
2.14555
2.14556
2.14556
2.14556
2.14556
2.14557
2.14557
2.14557
2.14557
2.14557
2.14557
2.14557
2.14557
2.14557
2.14557
2.14557
2.14556
2.14556
2.14556
2.14555
2.14555
2.14554
2.14554
2.14553
2.14552
2.14552
2.14551
2.1455
2.14549
2.14548
2.14547
2.14546
2.14545
2.14544
2.14543
2.14542
2.14541
2.14539
2.14538
2.14537
2.14535
2.14534
2.14532
2.14531
2.14529
2.14527
2.14526
2.14524
2.14522
2.14521
2.14519
2.14517
2.14515
2.14513
2.14511
2.14509
2.14508
2.14506
2.14504
2.14502
2.145
2.14498
2.14496
2.14494
2.14492
2.14491
2.14489
2.14487
2.14485
2.14483
2.14481
2.1448
2.14478
2.14476
2.14475
2.14473
2.14472
2.1447
2.14469
2.14467
2.14466
2.14464
2.14463
2.14462
2.1446
2.14459
2.14458
2.14457
2.14456
2.14454
2.14453
2.14452
2.14451
2.14451
2.1445
2.14449
2.14448
2.14447
2.14447
2.14446
2.14445
2.14445
2.14444
2.14444
2.14443
2.14443
2.14443
2.14442
2.14442
2.14442
2.14441
2.14441
2.14441
2.14441
2.14441
2.14441
2.1444
2.1444
2.1444
2.1444
2.1444
2.1444
2.1444
2.1444
2.14441
2.14441
2.14441
2.14441
2.14441
2.14441
2.14442
2.14442
2.14442
2.14442
2.14443
2.14443
2.14443
2.14444
2.14444
2.14444
2.14445
2.14445
2.14446
2.14446
2.14447
2.14447
2.14448
2.14448
2.14449
2.14449
2.1445
2.1445
2.14451
2.14451
2.14452
2.14452
2.14453
2.14454
2.14454
2.14455
2.14456
2.14456
2.14457
2.14458
2.14458
2.14459
2.1446
2.1446
2.14461
2.14462
2.14462
2.14463
2.14464
2.14465
2.14466
2.14466
2.14467
2.14468
2.14469
2.14469
2.1447
2.14471
2.14472
2.14473
2.14473
2.14474
2.14475
2.14476
2.14477
2.14478
2.14478
2.14479
2.1448
2.14481
2.14482
2.14482
2.14483
2.14484
2.14485
2.14485
2.14486
2.14487
2.14488
2.14488
2.14489
2.1449
2.1449
2.14491
2.14491
2.14492
2.14492
2.14493
2.14493
2.14494
2.14494
2.14494
2.14495
2.14495
2.14495
2.14495
2.14495
2.14496
2.14496
2.14496
2.14496
2.14496
2.14496
2.14496
2.14495
2.14495
2.14495
2.14495
2.14495
2.14494
2.14494
2.14494
2.14493
2.14493
2.14493
2.14492
2.14492
2.14491
2.14491
2.1449
2.1449
2.14489
2.14489
2.14488
2.14487
2.14487
2.14486
2.14486
2.14485
2.14484
2.14484
2.14483
2.14482
2.14482
2.14481
2.1448
2.1448
2.14479
2.14478
2.14478
2.14477
2.14476
2.14476
2.14475
2.14475
2.14474
2.14473
2.14473
2.14472
2.14472
2.14471
2.14471
2.1447
2.1447
2.14469
2.14469
2.14468
2.14468
2.14468
2.14468
2.14467
2.14467
2.14467
2.14467
2.14467
2.14467
2.14467
2.14467
2.14467
2.14467
2.14468
2.14468
2.14468
2.14469
2.14469
2.1447
2.1447
2.14471
2.14472
2.14472
2.14473
2.14474
2.14475
2.14476
2.14477
2.14478
2.14479
2.1448
2.14481
2.14482
2.14483
2.14484
2.14486
2.14487
2.14488
2.1449
2.14491
2.14492
2.14494
2.14495
2.14496
2.14498
2.14499
2.145
2.14502
2.14503
2.14504
2.14506
2.14507
2.14509
2.1451
2.14511
2.14513
2.14514
2.14515
2.14516
2.14518
2.14519
2.1452
2.14521
2.14522
2.14524
2.14525
2.14526
2.14527
2.14528
2.14529
2.1453
2.14531
2.14532
2.14533
2.14534
2.14535
2.14536
2.14537
2.14538
2.14539
2.1454
2.14541
2.14542
2.14543
2.14544
2.14544
2.14545
2.14546
2.14547
2.14548
2.14549
2.1455
2.1455
2.14551
2.14552
2.14553
2.14554
2.14555
2.14555
2.14556
2.14557
2.14558
2.14559
2.1456
2.14561
2.14561
2.14562
2.14563
2.14564
2.14565
2.14566
2.14566
2.14567
2.14568
2.14569
2.1457
2.14571
2.14571
2.14572
2.14573
2.14574
2.14575
2.14576
2.14576
2.14577
2.14578
2.14579
2.14579
2.1458
2.14581
2.14582
2.14582
2.14583
2.14583
2.14584
2.14585
2.14585
2.14586
2.14586
2.14587
2.14587
2.14587
2.14588
2.14588
2.14588
2.14589
2.14589
2.14589
2.14589
2.1459
2.1459
2.1459
2.1459
2.1459
2.1459
2.1459
2.1459
2.1459
2.1459
2.1459
2.1459
2.1459
2.1459
2.1459
2.14589
2.14589
2.14589
2.14589
2.14589
2.14588
2.14588
2.14588
2.14587
2.14587
2.14587
2.14587
2.14586
2.14586
2.14586
2.14585
2.14585
2.14585
2.14585
2.14584
2.14584
2.14584
2.14584
2.14583
2.14583
2.14583
2.14583
2.14583
2.14583
2.14583
2.14583
2.14583
2.14583
2.14583
2.14583
2.14583
2.14583
2.14584
2.14584
2.14584
2.14584
2.14584
2.14585
2.14585
2.14586
2.14586
2.14586
2.14587
2.14587
2.14588
2.14588
2.14589
2.14589
2.1459
2.1459
2.14591
2.14592
2.14592
2.14593
2.14593
2.14594
2.14594
2.14595
2.14595
2.14596
2.14596
2.14596
2.14597
2.14597
2.14597
2.14598
2.14598
2.14598
2.14598
2.14598
2.14598
2.14598
2.14598
2.14598
2.14598
2.14598
2.14598
2.14597
2.14597
2.14597
2.14596
2.14596
2.14595
2.14595
2.14594
2.14594
2.14593
2.14592
2.14591
2.14591
2.1459
2.14589
2.14588
2.14587
2.14586
2.14586
2.14585
2.14584
2.14583
2.14582
2.14581
2.1458
2.14579
2.14578
2.14577
2.14576
2.14575
2.14574
2.14573
2.14572
2.14571
2.1457
2.1457
2.14569
2.14568
2.14567
2.14566
2.14565
2.14565
2.14564
2.14563
2.14563
2.14562
2.14561
2.14561
2.1456
2.1456
2.14559
2.14558
2.14558
2.14558
2.14557
2.14557
2.14556
2.14556
2.14555
2.14555
2.14555
2.14554
2.14554
2.14554
2.14554
2.14553
2.14553
2.14553
2.14553
2.14553
2.14553
2.14553
2.14552
2.14552
2.14552
2.14552
2.14552
2.14552
2.14552
2.14552
2.14552
2.14552
2.14552
2.14552
2.14552
2.14552
2.14553
2.14553
2.14552
2.14552
2.14552
2.14552
2.14552
2.14552
2.14552
2.14552
2.14552
2.14552
2.14552
2.14552
2.14552
2.14552
2.14551
2.14551
2.14551
2.14551
2.1455
2.1455
2.1455
2.1455
2.14549
2.14549
2.14549
2.14548
2.14548
2.14547
2.14547
2.14547
2.14546
2.14546
2.14545
2.14545
2.14544
2.14544
2.14543
2.14543
2.14542
2.14542
2.14541
2.14541
2.14541
2.1454
2.1454
2.14539
2.14539
2.14538
2.14538
2.14537
2.14537
2.14536
2.14536
2.14535
2.14535
2.14534
2.14534
2.14533
2.14533
2.14532
2.14532
2.14531
2.14531
2.1453
2.1453
2.14529
2.14529
2.14528
2.14528
2.14527
2.14527
2.14527
2.14526
2.14526
2.14525
2.14525
2.14524
2.14524
2.14523
2.14523
2.14523
2.14522
2.14522
2.14521
2.14521
2.1452
2.1452
2.14519
2.14519
2.14518
2.14518
2.14517
2.14517
2.14516
2.14516
2.14515
2.14515
2.14514
2.14514
2.14513
2.14513
2.14512
2.14511
2.14511
2.1451
2.14509
2.14509
2.14508
2.14507
2.14507
2.14506
2.14505
2.14505
2.14504
2.14503
2.14503
2.14502
2.14502
2.14501
2.145
2.145
2.14499
2.14498
2.14498
2.14497
2.14497
2.14496
2.14496
2.14495
2.14495
2.14494
2.14494
2.14493
2.14493
2.14493
2.14492
2.14492
2.14492
2.14491
2.14491
2.14491
2.14491
2.14491
2.14491
2.14491
2.14491
2.14491
2.14491
2.14491
2.14491
2.14491
2.14491
2.14491
2.14491
2.14491
2.14491
2.14491
2.14491
2.14491
2.14491
2.14491
2.14491
2.14492
2.14492
2.14492
2.14492
2.14492
2.14492
2.14492
2.14492
2.14492
2.14492
2.14492
2.14492
2.14492
2.14492
2.14492
2.14491
2.14491
2.14491
2.14491
2.14491
2.1449
2.1449
2.1449
2.1449
2.14489
2.14489
2.14489
2.14488
2.14488
2.14488
2.14487
2.14487
2.14487
2.14486
2.14486
2.14486
2.14485
2.14485
2.14485
2.14484
2.14484
2.14483
2.14483
2.14483
2.14482
2.14482
2.14482
2.14481
2.14481
2.14481
2.14481
2.1448
2.1448
2.1448
2.1448
2.1448
2.1448
2.1448
2.14479
2.14479
2.14479
2.14479
2.14479
2.1448
2.1448
2.1448
2.1448
2.1448
2.1448
2.14481
2.14481
2.14481
2.14482
2.14482
2.14482
2.14483
2.14484
2.14484
2.14485
2.14485
2.14486
2.14486
2.14487
2.14488
2.14488
2.14489
2.1449
2.14491
2.14491
2.14492
2.14493
2.14494
2.14495
2.14495
2.14496
2.14497
2.14498
2.14499
2.145
2.145
2.14501
2.14502
2.14503
2.14504
2.14504
2.14505
2.14506
2.14507
2.14508
2.14508
2.14509
2.1451
2.14511
2.14511
2.14512
2.14513
2.14514
2.14514
2.14515
2.14516
2.14516
2.14517
2.14518
2.14518
2.14519
2.1452
2.1452
2.14521
2.14521
2.14522
2.14522
2.14523
2.14524
2.14524
2.14525
2.14525
2.14526
2.14526
2.14526
2.14527
2.14527
2.14528
2.14528
2.14528
2.14529
2.14529
2.14529
2.14529
2.14529
2.1453
2.1453
2.1453
2.1453
2.1453
2.1453
2.1453
2.1453
2.1453
2.1453
2.14529
2.14529
2.14529
2.14529
2.14529
2.14528
2.14528
2.14527
2.14527
2.14526
2.14526
2.14525
2.14525
2.14524
2.14524
2.14523
2.14522
2.14522
2.14521
2.1452
2.14519
2.14518
2.14518
2.14517
2.14516
2.14515
2.14514
2.14513
2.14512
2.14511
2.1451
2.14509
2.14508
2.14507
2.14506
2.14505
2.14504
2.14503
2.14502
2.14501
2.145
2.14499
2.14498
2.14497
2.14496
2.14495
2.14495
2.14494
2.14493
2.14492
2.14491
2.14491
2.1449
2.14489
2.14488
2.14488
2.14487
2.14486
2.14486
2.14485
2.14485
2.14484
2.14484
2.14483
2.14483
2.14482
2.14482
2.14482
2.14482
2.14481
2.14481
2.14481
2.14481
2.14481
2.1448
2.1448
2.1448
2.1448
2.1448
2.1448
2.1448
2.1448
2.1448
2.14481
2.14481
2.14481
2.14481
2.14481
2.14481
2.14482
2.14482
2.14482
2.14482
2.14483
2.14483
2.14483
2.14484
2.14484
2.14485
2.14485
2.14485
2.14486
2.14486
2.14486
2.14487
2.14487
2.14488
2.14488
2.14488
2.14489
2.14489
2.1449
2.1449
2.1449
2.14491
2.14491
2.14492
2.14492
2.14492
2.14493
2.14493
2.14493
2.14494
2.14494
2.14494
2.14495
2.14495
2.14495
2.14495
2.14496
2.14496
2.14496
2.14496
2.14497
2.14497
2.14497
2.14497
2.14497
2.14498
2.14498
2.14498
2.14498
2.14498
2.14498
2.14498
2.14499
2.14499
2.14499
2.14499
2.14499
2.14499
2.14499
2.14499
2.145
2.145
2.145
2.145
2.145
2.145
2.145
2.14501
2.14501
2.14501
2.14501
2.14501
2.14502
2.14502
2.14502
2.14502
2.14503
2.14503
2.14503
2.14503
2.14504
2.14504
2.14504
2.14504
2.14505
2.14505
2.14505
2.14506
2.14506
2.14506
2.14507
2.14507
2.14507
2.14508
2.14508
2.14508
2.14509
2.14509
2.14509
2.14509
2.1451
2.1451
2.1451
2.1451
2.14511
2.14511
2.14511
2.14511
2.14511
2.14511
2.14511
2.14511
2.14511
2.14511
2.14511
2.14512
2.14512
2.14512
2.14512
2.14512
2.14512
2.14512
2.14512
2.14511
2.14511
2.14511
2.14511
2.14511
2.14511
2.14511
2.14511
2.14511
2.14511
2.14511
2.14511
2.14512
2.14512
2.14512
2.14512
2.14512
2.14512
2.14512
2.14513
2.14513
2.14513
2.14514
2.14514
2.14515
2.14515
2.14516
2.14516
2.14517
2.14517
2.14518
2.14519
2.1452
2.1452
2.14521
2.14522
2.14523
2.14524
2.14525
2.14526
2.14528
2.14529
2.1453
2.14531
2.14533
2.14534
2.14535
2.14537
2.14538
2.1454
2.14541
2.14542
2.14544
2.14545
2.14547
2.14548
2.1455
2.14552
2.14553
2.14555
2.14556
2.14558
2.14559
2.14561
2.14562
2.14564
2.14565
2.14567
2.14568
2.1457
2.14571
2.14572
2.14574
2.14575
2.14576
2.14577
2.14578
2.1458
2.1458
2.14581
2.14582
2.14583
2.14584
2.14585
2.14585
2.14586
2.14587
2.14587
2.14588
2.14588
2.14588
2.14589
2.14589
2.14589
2.14589
2.14589
2.14589
2.14589
2.14589
2.14589
2.14589
2.14589
2.14588
2.14588
2.14588
2.14587
2.14587
2.14586
2.14586
2.14585
2.14585
2.14584
2.14584
2.14583
2.14583
2.14582
2.14582
2.14581
2.1458
2.1458
2.14579
2.14578
2.14578
2.14577
2.14576
2.14576
2.14575
2.14574
2.14574
2.14573
2.14572
2.14571
2.14571
2.1457
2.14569
2.14569
2.14568
2.14567
2.14567
2.14566
2.14566
2.14565
2.14564
2.14564
2.14563
2.14563
2.14562
2.14562
2.14561
2.14561
2.1456
2.1456
2.14559
2.14559
2.14558
2.14558
2.14558
2.14557
2.14557
2.14556
2.14556
2.14556
2.14555
2.14555
2.14555
2.14554
2.14554
2.14554
2.14553
2.14553
2.14553
2.14552
2.14552
2.14551
2.14551
2.14551
2.1455
2.1455
2.14549
2.14549
2.14549
2.14548
2.14548
2.14547
2.14547
2.14546
2.14546
2.14545
2.14545
2.14544
2.14544
2.14543
2.14543
2.14543
2.14542
2.14542
2.14541
2.14541
2.1454
2.1454
2.1454
2.14539
2.14539
2.14538
2.14538
2.14538
2.14538
2.14537
2.14537
2.14537
2.14537
2.14537
2.14537
2.14537
2.14537
2.14537
2.14537
2.14537
2.14537
2.14538
2.14538
2.14538
2.14538
2.14539
2.14539
2.1454
2.1454
2.1454
2.14541
2.14541
2.14542
2.14543
2.14543
2.14544
2.14544
2.14545
2.14546
2.14546
2.14547
2.14548
2.14549
2.14549
2.1455
2.14551
2.14551
2.14552
2.14553
2.14554
2.14554
2.14555
2.14556
2.14557
2.14557
2.14558
2.14559
2.14559
2.1456
2.14561
2.14561
2.14562
2.14563
2.14563
2.14564
2.14565
2.14565
2.14566
2.14567
2.14567
2.14568
2.14569
2.14569
2.1457
2.14571
2.14572
2.14572
2.14573
2.14574
2.14574
2.14575
2.14576
2.14576
2.14577
2.14578
2.14579
2.14579
2.1458
2.14581
2.14582
2.14582
2.14583
2.14584
2.14585
2.14585
2.14586
2.14587
2.14588
2.14588
2.14589
2.1459
2.14591
2.14591
2.14592
2.14592
2.14593
2.14594
2.14594
2.14595
2.14595
2.14596
2.14596
2.14597
2.14597
2.14597
2.14598
2.14598
2.14598
2.14598
2.14598
2.14598
2.14599
2.14599
2.14598
2.14598
2.14598
2.14598
2.14598
2.14597
2.14597
2.14596
2.14596
2.14595
2.14594
2.14594
2.14593
2.14592
2.14591
2.1459
2.14589
2.14588
2.14587
2.14586
2.14584
2.14583
2.14582
2.14581
2.14579
2.14578
2.14576
2.14575
2.14573
2.14572
2.1457
2.14568
2.14567
2.14565
2.14563
2.14561
2.1456
2.14558
2.14556
2.14554
2.14552
2.14551
2.14549
2.14547
2.14545
2.14544
2.14542
2.1454
2.14538
2.14537
2.14535
2.14533
2.14532
2.1453
2.14528
2.14527
2.14525
2.14524
2.14523
2.14521
2.1452
2.14518
2.14517
2.14516
2.14514
2.14513
2.14512
2.14511
2.1451
2.14509
2.14508
2.14507
2.14506
2.14505
2.14504
2.14504
2.14503
2.14502
2.14502
2.14501
2.145
2.145
2.14499
2.14499
2.14499
2.14498
2.14498
2.14497
2.14497
2.14497
2.14497
2.14496
2.14496
2.14496
2.14496
2.14496
2.14495
2.14495
2.14495
2.14495
2.14495
2.14494
2.14494
2.14494
2.14494
2.14494
2.14493
2.14493
2.14493
2.14493
2.14493
2.14493
2.14492
2.14492
2.14492
2.14492
2.14491
2.14491
2.14491
2.14491
2.14491
2.1449
2.1449
2.1449
2.1449
2.14489
2.14489
2.14489
2.14489
2.14489
2.14488
2.14488
2.14488
2.14488
2.14488
2.14488
2.14488
2.14488
2.14488
2.14488
2.14488
2.14488
2.14488
2.14488
2.14488
2.14489
2.14489
2.14489
2.14489
2.1449
2.1449
2.1449
2.14491
2.14491
2.14491
2.14492
2.14492
2.14493
2.14494
2.14494
2.14495
2.14495
2.14496
2.14497
2.14498
2.14498
2.14499
2.145
2.14501
2.14502
2.14503
2.14504
2.14505
2.14506
2.14507
2.14508
2.14509
2.1451
2.14511
2.14512
2.14514
2.14515
2.14516
2.14518
2.14519
2.1452
2.14522
2.14523
2.14525
2.14526
2.14528
2.14529
2.14531
2.14532
2.14534
2.14536
2.14537
2.14539
2.14541
2.14542
2.14544
2.14546
2.14548
2.14549
2.14551
2.14553
2.14555
2.14557
2.14558
2.1456
2.14562
2.14564
2.14565
2.14567
2.14569
2.14571
2.14572
2.14574
2.14576
2.14577
2.14579
2.1458
2.14582
2.14583
2.14585
2.14586
2.14588
2.14589
2.1459
2.14592
2.14593
2.14594
2.14595
2.14596
2.14597
2.14598
2.14599
2.146
2.14601
2.14602
2.14602
2.14603
2.14603
2.14604
2.14604
2.14604
2.14605
2.14605
2.14605
2.14605
2.14605
2.14605
2.14604
2.14604
2.14604
2.14603
2.14603
2.14602
2.14602
2.14601
2.14601
2.146
2.14599
2.14598
2.14597
2.14596
2.14595
2.14594
2.14593
2.14592
2.14591
2.1459
2.14589
2.14588
2.14586
2.14585
2.14584
2.14583
2.14581
2.1458
2.14579
2.14577
2.14576
2.14575
2.14573
2.14572
2.14571
2.14569
2.14568
2.14567
2.14565
2.14564
2.14563
2.14561
2.1456
2.14559
2.14558
2.14556
2.14555
2.14554
2.14553
2.14552
2.1455
2.14549
2.14548
2.14547
2.14546
2.14545
2.14544
2.14543
2.14542
2.14541
2.1454
2.14539
2.14538
2.14537
2.14537
2.14536
2.14535
2.14534
2.14534
2.14533
2.14532
2.14532
2.14531
2.14531
2.1453
2.1453
2.14529
2.14529
2.14528
2.14528
2.14528
2.14527
2.14527
2.14527
2.14527
2.14527
2.14527
2.14526
2.14526
2.14526
2.14526
2.14526
2.14526
2.14526
2.14527
2.14527
2.14527
2.14527
2.14527
2.14527
2.14527
2.14528
2.14528
2.14528
2.14528
2.14528
2.14529
2.14529
2.14529
2.14529
2.14529
2.14529
2.1453
2.1453
2.1453
2.1453
2.1453
2.1453
2.1453
2.1453
2.14531
2.14531
2.14531
2.14531
2.14531
2.14531
2.14531
2.14531
2.14531
2.14531
2.14531
2.14531
2.14531
2.14531
2.14531
2.14531
2.1453
2.1453
2.1453
2.1453
2.1453
2.1453
2.1453
2.1453
2.1453
2.1453
2.1453
2.1453
2.1453
2.1453
2.1453
2.1453
2.1453
2.1453
2.1453
2.1453
2.1453
2.1453
2.1453
2.1453
2.1453
2.1453
2.1453
2.1453
2.14529
2.14529
2.14529
2.14529
2.14529
2.14529
2.14529
2.14529
2.14529
2.14529
2.14529
2.14529
2.14529
2.14529
2.14529
2.14529
2.14529
2.14529
2.14529
2.14529
2.14529
2.14529
2.14529
2.14529
2.14529
2.14529
2.1453
2.1453
2.1453
2.1453
2.1453
2.14531
2.14531
2.14531
2.14532
2.14532
2.14532
2.14533
2.14533
2.14534
2.14534
2.14535
2.14535
2.14536
2.14536
2.14537
2.14538
2.14538
2.14539
2.1454
2.14541
2.14541
2.14542
2.14543
2.14544
2.14545
2.14546
2.14547
2.14548
2.14549
2.1455
2.14552
2.14553
2.14554
2.14555
2.14556
2.14557
2.14559
2.1456
2.14561
2.14562
2.14564
2.14565
2.14566
2.14567
2.14569
2.1457
2.14571
2.14572
2.14574
2.14575
2.14576
2.14577
2.14579
2.1458
2.14581
2.14582
2.14583
2.14584
2.14585
2.14586
2.14587
2.14588
2.14589
2.1459
2.14591
2.14592
2.14593
2.14594
2.14595
2.14595
2.14596
2.14597
2.14597
2.14598
2.14599
2.14599
2.146
2.146
2.14601
2.14601
2.14602
2.14602
2.14602
2.14603
2.14603
2.14603
2.14604
2.14604
2.14604
2.14605
2.14605
2.14605
2.14606
2.14606
2.14606
2.14606
2.14607
2.14607
2.14607
2.14608
2.14608
2.14608
2.14609
2.14609
2.1461
2.1461
2.14611
2.14611
2.14612
2.14612
2.14613
2.14614
2.14614
2.14615
2.14616
2.14617
2.14618
2.14619
2.1462
2.1462
2.14621
2.14622
2.14624
2.14625
2.14626
2.14627
2.14628
2.14629
2.14631
2.14632
2.14633
2.14634
2.14636
2.14637
2.14638
2.1464
2.14641
2.14643
2.14644
2.14646
2.14647
2.14649
2.1465
2.14652
2.14653
2.14655
2.14656
2.14658
2.14659
2.14661
2.14663
2.14664
2.14666
2.14667
2.14669
2.1467
2.14672
2.14673
2.14675
2.14677
2.14678
2.1468
2.14681
2.14683
2.14684
2.14685
2.14687
2.14688
2.14689
2.14691
2.14692
2.14693
2.14694
2.14695
2.14696
2.14697
2.14698
2.14699
2.147
2.14701
2.14702
2.14702
2.14703
2.14704
2.14704
2.14705
2.14705
2.14706
2.14706
2.14707
2.14707
2.14707
2.14707
2.14707
2.14708
2.14708
2.14708
2.14707
2.14707
2.14707
2.14707
2.14707
2.14706
2.14706
2.14706
2.14705
2.14705
2.14704
2.14704
2.14704
2.14703
2.14702
2.14702
2.14701
2.14701
2.147
2.14699
2.14699
2.14698
2.14698
2.14697
2.14696
2.14695
2.14695
2.14694
2.14693
2.14692
2.14692
2.14691
2.1469
2.14689
2.14688
2.14687
2.14686
2.14685
2.14684
2.14684
2.14683
2.14682
2.14681
2.14679
2.14678
2.14677
2.14676
2.14675
2.14674
2.14673
2.14672
2.1467
2.14669
2.14668
2.14667
2.14665
2.14664
2.14662
2.14661
2.1466
2.14658
2.14657
2.14655
2.14653
2.14652
2.1465
2.14648
2.14647
2.14645
2.14643
2.14642
2.1464
2.14638
2.14636
2.14634
2.14632
2.14631
2.14629
2.14627
2.14625
2.14623
2.14621
2.14619
2.14617
2.14615
2.14613
2.14611
2.14609
2.14607
2.14606
2.14604
2.14602
2.146
2.14598
2.14596
2.14595
2.14593
2.14591
2.14589
2.14588
2.14586
2.14584
2.14583
2.14581
2.1458
2.14578
2.14577
2.14575
2.14574
2.14573
2.14571
2.1457
2.14569
2.14568
2.14566
2.14565
2.14564
2.14563
2.14562
2.14561
2.14561
2.1456
2.14559
2.14558
2.14558
2.14557
2.14556
2.14556
2.14555
2.14555
2.14554
2.14554
2.14553
2.14553
2.14553
2.14553
2.14552
2.14552
2.14552
2.14552
2.14552
2.14551
2.14551
2.14551
2.14551
2.14551
2.14551
2.14551
2.14551
2.14551
2.14551
2.14551
2.14551
2.14551
2.14551
2.14551
2.14551
2.14551
2.14551
2.14551
2.14551
2.14551
2.14551
2.14551
2.14551
2.14551
2.1455
2.1455
2.1455
2.1455
2.1455
2.1455
2.14549
2.14549
2.14549
2.14549
2.14548
2.14548
2.14547
2.14547
2.14547
2.14546
2.14546
2.14546
2.14545
2.14545
2.14544
2.14544
2.14543
2.14543
2.14542
2.14542
2.14541
2.14541
2.1454
2.1454
2.14539
2.14538
2.14538
2.14537
2.14537
2.14536
2.14536
2.14535
2.14535
2.14534
2.14534
2.14533
2.14533
2.14532
2.14532
2.14531
2.14531
2.1453
2.1453
2.14529
2.14529
2.14529
2.14528
2.14528
2.14528
2.14527
2.14527
2.14527
2.14527
2.14527
2.14526
2.14526
2.14526
2.14526
2.14526
2.14526
2.14526
2.14526
2.14526
2.14526
2.14526
2.14526
2.14526
2.14526
2.14527
2.14527
2.14527
2.14527
2.14527
2.14528
2.14528
2.14528
2.14529
2.14529
2.14529
2.14529
2.1453
2.1453
2.1453
2.14531
2.14531
2.14531
2.14531
2.14532
2.14532
2.14532
2.14532
2.14533
2.14533
2.14533
2.14533
2.14533
2.14534
2.14534
2.14534
2.14534
2.14535
2.14535
2.14535
2.14535
2.14535
2.14535
2.14535
2.14535
2.14535
2.14535
2.14535
2.14535
2.14535
2.14535
2.14535
2.14535
2.14535
2.14535
2.14535
2.14535
2.14535
2.14535
2.14534
2.14534
2.14534
2.14534
2.14534
2.14533
2.14533
2.14533
2.14533
2.14532
2.14532
2.14532
2.14532
2.14531
2.14531
2.14531
2.1453
2.1453
2.1453
2.14529
2.14529
2.14529
2.14528
2.14528
2.14527
2.14527
2.14527
2.14526
2.14526
2.14526
2.14525
2.14525
2.14524
2.14524
2.14524
2.14523
2.14523
2.14523
2.14522
2.14522
2.14522
2.14521
2.14521
2.14521
2.14521
2.1452
2.1452
2.1452
2.14519
2.14519
2.14519
2.14518
2.14518
2.14518
2.14517
2.14517
2.14516
2.14516
2.14516
2.14515
2.14515
2.14514
2.14514
2.14513
2.14513
2.14512
2.14512
2.14511
2.14511
2.1451
2.14509
2.14509
2.14508
2.14507
2.14507
2.14506
2.14505
2.14505
2.14504
2.14503
2.14502
2.14501
2.14501
2.145
2.14499
2.14498
2.14498
2.14497
2.14496
2.14495
2.14494
2.14494
2.14493
2.14492
2.14491
2.14491
2.1449
2.14489
2.14489
2.14488
2.14487
2.14487
2.14486
2.14485
2.14485
2.14484
2.14484
2.14483
2.14483
2.14482
2.14482
2.14481
2.14481
2.1448
2.1448
2.14479
2.14479
2.14479
2.14478
2.14478
2.14477
2.14477
2.14477
2.14476
2.14476
2.14476
2.14475
2.14475
2.14475
2.14474
2.14474
2.14474
2.14473
2.14473
2.14472
2.14472
2.14472
2.14471
2.14471
2.1447
2.1447
2.14469
2.14469
2.14468
2.14468
2.14467
2.14467
2.14466
2.14466
2.14465
2.14465
2.14464
2.14464
2.14463
2.14462
2.14462
2.14461
2.14461
2.1446
2.14459
2.14459
2.14458
2.14458
2.14457
2.14457
2.14456
2.14456
2.14455
2.14455
2.14454
2.14454
2.14453
2.14453
2.14453
2.14452
2.14452
2.14452
2.14451
2.14451
2.14451
2.1445
2.1445
2.1445
2.1445
2.1445
2.1445
2.1445
2.1445
2.1445
2.1445
2.1445
2.1445
2.1445
2.1445
2.1445
2.1445
2.14451
2.14451
2.14451
2.14451
2.14452
2.14452
2.14453
2.14453
2.14454
2.14454
2.14455
2.14455
2.14456
2.14457
2.14457
2.14458
2.14459
2.1446
2.1446
2.14461
2.14462
2.14463
2.14464
2.14465
2.14466
2.14467
2.14468
2.14469
2.1447
2.14471
2.14472
2.14473
2.14474
2.14475
2.14476
2.14477
2.14478
2.14479
2.14481
2.14482
2.14483
2.14484
2.14485
2.14487
2.14488
2.14489
2.1449
2.14491
2.14493
2.14494
2.14495
2.14496
2.14498
2.14499
2.145
2.14502
2.14503
2.14504
2.14506
2.14507
2.14508
2.1451
2.14511
2.14512
2.14514
2.14515
2.14516
2.14518
2.14519
2.1452
2.14522
2.14523
2.14524
2.14526
2.14527
2.14528
2.1453
2.14531
2.14532
2.14534
2.14535
2.14536
2.14537
2.14538
2.1454
2.14541
2.14542
2.14543
2.14544
2.14545
2.14546
2.14547
2.14548
2.14549
2.1455
2.14551
2.14552
2.14553
2.14553
2.14554
2.14555
2.14556
2.14556
2.14557
2.14558
2.14558
2.14559
2.1456
2.1456
2.14561
2.14561
2.14562
2.14562
2.14563
2.14563
2.14564
2.14564
2.14565
2.14565
2.14566
2.14566
2.14567
2.14567
2.14568
2.14568
2.14569
2.14569
2.14569
2.1457
2.1457
2.14571
2.14571
2.14572
2.14572
2.14573
2.14573
2.14573
2.14574
2.14574
2.14575
2.14575
2.14576
2.14576
2.14577
2.14577
2.14577
2.14578
2.14578
2.14579
2.14579
2.14579
2.1458
2.1458
2.1458
2.14581
2.14581
2.14581
2.14581
2.14582
2.14582
2.14582
2.14582
2.14582
2.14582
2.14582
2.14582
2.14582
2.14582
2.14582
2.14582
2.14582
2.14582
2.14582
2.14582
2.14581
2.14581
2.14581
2.14581
2.1458
2.1458
2.1458
2.1458
2.14579
2.14579
2.14579
2.14578
2.14578
2.14578
2.14578
2.14577
2.14577
2.14577
2.14576
2.14576
2.14576
2.14576
2.14575
2.14575
2.14575
2.14575
2.14575
2.14574
2.14574
2.14574
2.14574
2.14574
2.14574
2.14574
2.14573
2.14573
2.14573
2.14573
2.14573
2.14573
2.14573
2.14573
2.14572
2.14572
2.14572
2.14572
2.14572
2.14572
2.14571
2.14571
2.14571
2.14571
2.14571
2.1457
2.1457
2.1457
2.14569
2.14569
2.14569
2.14568
2.14568
2.14567
2.14567
2.14567
2.14566
2.14566
2.14565
2.14565
2.14564
2.14564
2.14563
2.14563
2.14562
2.14561
2.14561
2.1456
2.1456
2.14559
2.14558
2.14558
2.14557
2.14557
2.14556
2.14555
2.14555
2.14554
2.14553
2.14553
2.14552
2.14552
2.14551
2.1455
2.1455
2.14549
2.14549
2.14548
2.14548
2.14547
2.14547
2.14546
2.14546
2.14545
2.14545
2.14544
2.14544
2.14544
2.14543
2.14543
2.14543
2.14543
2.14543
2.14542
2.14542
2.14542
2.14542
2.14542
2.14542
2.14543
2.14543
2.14543
2.14543
2.14544
2.14544
2.14545
2.14545
2.14546
2.14546
2.14547
2.14548
2.14549
2.14549
2.1455
2.14551
2.14552
2.14553
2.14554
2.14555
2.14557
2.14558
2.14559
2.1456
2.14561
2.14562
2.14564
2.14565
2.14566
2.14568
2.14569
2.1457
2.14571
2.14573
2.14574
2.14575
2.14576
2.14577
2.14578
2.14579
2.1458
2.14581
2.14582
2.14583
2.14584
2.14585
2.14586
2.14586
2.14587
2.14587
2.14588
2.14588
2.14589
2.14589
2.14589
2.1459
2.1459
2.1459
2.1459
2.1459
2.1459
2.14589
2.14589
2.14589
2.14588
2.14588
2.14588
2.14587
2.14586
2.14586
2.14585
2.14584
2.14583
2.14583
2.14582
2.14581
2.1458
2.14578
2.14577
2.14576
2.14575
2.14574
2.14572
2.14571
2.14569
2.14568
2.14566
2.14565
2.14563
2.14561
2.1456
2.14558
2.14556
2.14554
2.14552
2.14551
2.14549
2.14547
2.14545
2.14542
2.1454
2.14538
2.14536
2.14534
2.14532
2.14529
2.14527
2.14525
2.14522
2.1452
2.14518
2.14515
2.14513
2.14511
2.14508
2.14506
2.14503
2.14501
2.14499
2.14496
2.14494
2.14491
2.14489
2.14486
2.14484
2.14482
2.1448
2.14477
2.14475
2.14473
2.14471
2.14469
2.14466
2.14464
2.14462
2.1446
2.14458
2.14457
2.14455
2.14453
2.14451
2.1445
2.14448
2.14446
2.14445
2.14443
2.14442
2.14441
2.14439
2.14438
2.14437
2.14436
2.14434
2.14433
2.14432
2.14431
2.1443
2.14429
2.14429
2.14428
2.14427
2.14426
2.14425
2.14425
2.14424
2.14423
2.14423
2.14422
2.14421
2.14421
2.1442
2.1442
2.14419
2.14419
2.14418
2.14418
2.14417
2.14417
2.14416
2.14416
2.14415
2.14415
2.14414
2.14414
2.14414
2.14413
2.14413
2.14412
2.14412
2.14412
2.14411
2.14411
2.14411
2.1441
2.1441
2.1441
2.14409
2.14409
2.14409
2.14409
2.14408
2.14408
2.14408
2.14408
2.14407
2.14407
2.14407
2.14407
2.14407
2.14406
2.14406
2.14406
2.14406
2.14406
2.14406
2.14406
2.14406
2.14406
2.14405
2.14405
2.14405
2.14405
2.14405
2.14405
2.14405
2.14405
2.14405
2.14405
2.14405
2.14405
2.14405
2.14405
2.14405
2.14405
2.14404
2.14404
2.14404
2.14404
2.14404
2.14404
2.14404
2.14404
2.14404
2.14404
2.14403
2.14403
2.14403
2.14403
2.14403
2.14403
2.14402
2.14402
2.14402
2.14402
2.14401
2.14401
2.14401
2.14401
2.144
2.144
2.14399
2.14399
2.14399
2.14398
2.14398
2.14397
2.14397
2.14396
2.14396
2.14395
2.14395
2.14394
2.14394
2.14393
2.14393
2.14392
2.14391
2.14391
2.1439
2.1439
2.14389
2.14388
2.14387
2.14387
2.14386
2.14385
2.14385
2.14384
2.14383
2.14382
2.14382
2.14381
2.1438
2.1438
2.14379
2.14378
2.14377
2.14377
2.14376
2.14376
2.14375
2.14374
2.14374
2.14373
2.14372
2.14372
2.14371
2.14371
2.1437
2.1437
2.1437
2.14369
2.14369
2.14369
2.14368
2.14368
2.14368
2.14368
2.14368
2.14368
2.14368
2.14368
2.14368
2.14368
2.14368
2.14368
2.14369
2.14369
2.14369
2.14369
2.1437
2.1437
2.14371
2.14371
2.14372
2.14372
2.14373
2.14374
2.14374
2.14375
2.14376
2.14377
2.14377
2.14378
2.14379
2.1438
2.1438
2.14381
2.14382
2.14383
2.14384
2.14384
2.14385
2.14386
2.14387
2.14388
2.14388
2.14389
2.1439
2.14391
2.14391
2.14392
2.14393
2.14393
2.14394
2.14394
2.14395
2.14395
2.14396
2.14396
2.14397
2.14398
2.14398
2.14399
2.14399
2.144
2.144
2.144
2.14401
2.14401
2.14402
2.14402
2.14403
2.14403
2.14404
2.14405
2.14405
2.14406
2.14406
2.14407
2.14408
2.14408
2.14409
2.1441
2.14411
2.14412
2.14412
2.14413
2.14414
2.14415
2.14416
2.14417
2.14419
2.1442
2.14421
2.14422
2.14424
2.14425
2.14426
2.14428
2.14429
2.1443
2.14432
2.14433
2.14435
2.14436
2.14438
2.1444
2.14441
2.14443
2.14444
2.14446
2.14448
2.1445
2.14451
2.14453
2.14455
2.14456
2.14458
2.1446
2.14462
2.14463
2.14465
2.14467
2.14468
2.1447
2.14472
2.14473
2.14475
2.14477
2.14478
2.1448
2.14481
2.14483
2.14484
2.14485
2.14487
2.14488
2.14489
2.14491
2.14492
2.14493
2.14494
2.14495
2.14496
2.14497
2.14498
2.14499
2.145
2.14501
2.14501
2.14502
2.14503
2.14504
2.14504
2.14505
2.14505
2.14506
2.14506
2.14507
2.14507
2.14508
2.14508
2.14509
2.14509
2.14509
2.1451
2.1451
2.1451
2.1451
2.14511
2.14511
2.14511
2.14512
2.14512
2.14512
2.14512
2.14513
2.14513
2.14513
2.14513
2.14514
2.14514
2.14514
2.14515
2.14515
2.14516
2.14516
2.14516
2.14517
2.14517
2.14518
2.14518
2.14518
2.14519
2.14519
2.1452
2.1452
2.14521
2.14521
2.14522
2.14522
2.14523
2.14523
2.14524
2.14524
2.14525
2.14525
2.14526
2.14526
2.14526
2.14527
2.14527
2.14528
2.14528
2.14529
2.14529
2.14529
2.1453
2.1453
2.14531
2.14531
2.14531
2.14531
2.14532
2.14532
2.14532
2.14532
2.14532
2.14532
2.14533
2.14533
2.14533
2.14533
2.14533
2.14533
2.14533
2.14533
2.14533
2.14533
2.14533
2.14533
2.14532
2.14532
2.14532
2.14532
2.14532
2.14532
2.14532
2.14531
2.14531
2.14531
2.14531
2.14531
2.1453
2.1453
2.1453
2.1453
2.14529
2.14529
2.14529
2.14529
2.14528
2.14528
2.14528
2.14528
2.14528
2.14527
2.14527
2.14527
2.14526
2.14526
2.14526
2.14525
2.14525
2.14525
2.14524
2.14524
2.14523
2.14523
2.14523
2.14522
2.14522
2.14521
2.1452
2.1452
2.14519
2.14519
2.14518
2.14517
2.14517
2.14516
2.14515
2.14515
2.14514
2.14513
2.14512
2.14511
2.14511
2.1451
2.14509
2.14508
2.14507
2.14506
2.14505
2.14505
2.14504
2.14503
2.14502
2.14501
2.145
2.14499
2.14498
2.14497
2.14496
2.14496
2.14495
2.14494
2.14493
2.14492
2.14492
2.14491
2.1449
2.14489
2.14489
2.14488
2.14487
2.14487
2.14486
2.14486
2.14485
2.14485
2.14484
2.14484
2.14484
2.14483
2.14483
2.14483
2.14483
2.14483
2.14483
2.14483
2.14483
2.14483
2.14483
2.14483
2.14483
2.14484
2.14484
2.14484
2.14485
2.14485
2.14486
2.14486
2.14487
2.14487
2.14488
2.14489
2.1449
2.14491
2.14491
2.14492
2.14493
2.14494
2.14495
2.14496
2.14497
2.14498
2.14499
2.145
2.14501
2.14502
2.14503
2.14504
2.14505
2.14506
2.14507
2.14508
2.14509
2.1451
2.14511
2.14512
2.14513
2.14514
2.14515
2.14515
2.14516
2.14517
2.14518
2.14518
2.14519
2.14519
2.1452
2.14521
2.14521
2.14521
2.14522
2.14522
2.14522
2.14523
2.14523
2.14523
2.14523
2.14523
2.14523
2.14523
2.14523
2.14523
2.14523
2.14523
2.14523
2.14522
2.14522
2.14522
2.14522
2.14521
2.14521
2.1452
2.1452
2.1452
2.14519
2.14519
2.14518
2.14518
2.14517
2.14517
2.14516
2.14516
2.14515
2.14515
2.14514
2.14513
2.14513
2.14512
2.14512
2.14511
2.14511
2.1451
2.14509
2.14509
2.14508
2.14508
2.14507
2.14506
2.14506
2.14505
2.14504
2.14504
2.14503
2.14503
2.14502
2.14501
2.14501
2.145
2.14499
2.14499
2.14498
2.14498
2.14497
2.14496
2.14496
2.14495
2.14494
2.14494
2.14493
2.14493
2.14492
2.14491
2.14491
2.1449
2.1449
2.14489
2.14489
2.14488
2.14487
2.14487
2.14486
2.14486
2.14485
2.14485
2.14484
2.14484
2.14483
2.14483
2.14482
2.14482
2.14482
2.14481
2.14481
2.14481
2.1448
2.1448
2.1448
2.14479
2.14479
2.14479
2.14479
2.14478
2.14478
2.14478
2.14478
2.14478
2.14477
2.14477
2.14477
2.14477
2.14477
2.14477
2.14477
2.14477
2.14477
2.14477
2.14477
2.14477
2.14477
2.14477
2.14477
2.14477
2.14477
2.14477
2.14477
2.14477
2.14477
2.14477
2.14477
2.14477
2.14477
2.14477
2.14477
2.14477
2.14477
2.14477
2.14477
2.14477
2.14477
2.14477
2.14477
2.14477
2.14477
2.14476
2.14476
2.14476
2.14476
2.14476
2.14476
2.14476
2.14476
2.14476
2.14476
2.14476
2.14476
2.14476
2.14476
2.14476
2.14476
2.14475
2.14475
2.14475
2.14475
2.14475
2.14475
2.14475
2.14474
2.14474
2.14474
2.14473
2.14473
2.14473
2.14472
2.14472
2.14472
2.14471
2.14471
2.1447
2.1447
2.14469
2.14469
2.14468
2.14468
2.14467
2.14466
2.14466
2.14465
2.14464
2.14463
2.14463
2.14462
2.14461
2.1446
2.1446
2.14459
2.14458
2.14457
2.14456
2.14455
2.14455
2.14454
2.14453
2.14452
2.14452
2.14451
2.1445
2.14449
2.14449
2.14448
2.14448
2.14447
2.14446
2.14446
2.14446
2.14445
2.14445
2.14444
2.14444
2.14444
2.14444
2.14443
2.14443
2.14443
2.14443
2.14443
2.14443
2.14444
2.14444
2.14444
2.14444
2.14445
2.14445
2.14445
2.14446
2.14447
2.14447
2.14448
2.14449
2.14449
2.1445
2.14451
2.14452
2.14453
2.14454
2.14455
2.14456
2.14457
2.14458
2.1446
2.14461
2.14462
2.14464
2.14465
2.14466
2.14468
2.14469
2.14471
2.14472
2.14474
2.14476
2.14477
2.14479
2.1448
2.14482
2.14484
2.14485
2.14487
2.14489
2.1449
2.14492
2.14494
2.14495
2.14497
2.14498
2.145
2.14501
2.14503
2.14505
2.14506
2.14507
2.14509
2.1451
2.14511
2.14513
2.14514
2.14515
2.14517
2.14518
2.14519
2.1452
2.14521
2.14522
2.14523
2.14523
2.14524
2.14525
2.14526
2.14526
2.14527
2.14528
2.14528
2.14528
2.14529
2.14529
2.1453
2.1453
2.1453
2.1453
2.1453
2.1453
2.1453
2.1453
2.1453
2.1453
2.1453
2.14529
2.14529
2.14529
2.14529
2.14528
2.14528
2.14527
2.14527
2.14527
2.14526
2.14525
2.14525
2.14524
2.14524
2.14523
2.14523
2.14522
2.14522
2.14521
2.1452
2.1452
2.14519
2.14518
2.14518
2.14517
2.14517
2.14516
2.14515
2.14515
2.14514
2.14514
2.14513
2.14512
2.14512
2.14511
2.14511
2.1451
2.1451
2.14509
2.14509
2.14508
2.14508
2.14508
2.14507
2.14507
2.14506
2.14506
2.14506
2.14505
2.14505
2.14504
2.14504
2.14504
2.14503
2.14503
2.14503
2.14502
2.14502
2.14502
2.14501
2.14501
2.145
2.145
2.145
2.14499
2.14499
2.14498
2.14498
2.14497
2.14497
2.14496
2.14495
2.14495
2.14494
2.14494
2.14493
2.14492
2.14492
2.14491
2.1449
2.1449
2.14489
2.14488
2.14488
2.14487
2.14487
2.14486
2.14485
2.14485
2.14484
2.14484
2.14483
2.14482
2.14482
2.14481
2.14481
2.1448
2.1448
2.1448
2.14479
2.14479
2.14478
2.14478
2.14478
2.14478
2.14478
2.14477
2.14477
2.14477
2.14477
2.14477
2.14477
2.14478
2.14478
2.14478
2.14478
2.14478
2.14479
2.14479
2.1448
2.1448
2.14481
2.14481
2.14482
2.14482
2.14483
2.14484
2.14484
2.14485
2.14486
2.14486
2.14487
2.14488
2.14489
2.1449
2.14491
2.14491
2.14492
2.14493
2.14494
2.14495
2.14496
2.14497
2.14498
2.14499
2.145
2.14501
2.14502
2.14503
2.14503
2.14504
2.14505
2.14506
2.14507
2.14508
2.14509
2.1451
2.14511
2.14511
2.14512
2.14513
2.14514
2.14515
2.14515
2.14516
2.14517
2.14518
2.14518
2.14519
2.1452
2.1452
2.14521
2.14521
2.14522
2.14523
2.14523
2.14524
2.14524
2.14525
2.14525
2.14526
2.14526
2.14526
2.14527
2.14527
2.14527
2.14528
2.14528
2.14528
2.14529
2.14529
2.14529
2.14529
2.1453
2.1453
2.1453
2.1453
2.1453
2.1453
2.1453
2.1453
2.1453
2.1453
2.1453
2.1453
2.1453
2.1453
2.1453
2.1453
2.1453
2.1453
2.14529
2.14529
2.14529
2.14529
2.14528
2.14528
2.14528
2.14527
2.14527
2.14527
2.14526
2.14526
2.14526
2.14525
2.14525
2.14524
2.14524
2.14523
2.14523
2.14522
2.14522
2.14521
2.14521
2.1452
2.1452
2.14519
2.14519
2.14518
2.14517
2.14517
2.14516
2.14516
2.14515
2.14514
2.14514
2.14513
2.14512
2.14512
2.14511
2.14511
2.1451
2.14509
2.14509
2.14508
2.14507
2.14507
2.14506
2.14505
2.14505
2.14504
2.14503
2.14502
2.14502
2.14501
2.145
2.14499
2.14498
2.14497
2.14497
2.14496
2.14495
2.14494
2.14493
2.14492
2.14491
2.1449
2.1449
2.14489
2.14488
2.14487
2.14486
2.14485
2.14484
2.14483
2.14482
2.14481
2.14481
2.1448
2.14479
2.14478
2.14477
2.14476
2.14476
2.14475
2.14474
2.14474
2.14473
2.14473
2.14472
2.14472
2.14471
2.14471
2.1447
2.1447
2.1447
2.14469
2.14469
2.14469
2.14469
2.14469
2.14469
2.14469
2.14468
2.14469
2.14469
2.14469
2.14469
2.14469
2.14469
2.14469
2.1447
2.1447
2.1447
2.14471
2.14471
2.14471
2.14472
2.14472
2.14473
2.14473
2.14474
2.14474
2.14474
2.14475
2.14475
2.14476
2.14476
2.14477
2.14477
2.14478
2.14478
2.14479
2.14479
2.14479
2.1448
2.1448
2.1448
2.14481
2.14481
2.14481
2.14481
2.14481
2.14482
2.14482
2.14482
2.14482
2.14482
2.14482
2.14482
2.14482
2.14482
2.14481
2.14481
2.14481
2.14481
2.14481
2.1448
2.1448
2.1448
2.14479
2.14479
2.14478
2.14478
2.14477
2.14477
2.14476
2.14475
2.14475
2.14474
2.14473
2.14472
2.14472
2.14471
2.1447
2.14469
2.14468
2.14467
2.14466
2.14465
2.14463
2.14462
2.14461
2.1446
2.14458
2.14457
2.14456
2.14454
2.14453
2.14451
2.1445
2.14448
2.14446
2.14445
2.14443
2.14441
2.1444
2.14438
2.14436
2.14434
2.14433
2.14431
2.14429
2.14427
2.14425
2.14423
2.14421
2.1442
2.14418
2.14416
2.14414
2.14412
2.1441
2.14409
2.14407
2.14405
2.14403
2.14402
2.144
2.14398
2.14397
2.14395
2.14394
2.14392
2.14391
2.14389
2.14388
2.14387
2.14386
2.14384
2.14383
2.14382
2.14381
2.1438
2.14379
2.14378
2.14378
2.14377
2.14376
2.14376
2.14375
2.14375
2.14374
2.14374
2.14374
2.14374
2.14374
2.14374
2.14374
2.14374
2.14374
2.14374
2.14374
2.14375
2.14375
2.14376
2.14377
2.14377
2.14378
2.14379
2.1438
2.14381
2.14382
2.14383
2.14384
2.14385
2.14386
2.14387
2.14389
2.1439
2.14391
2.14393
2.14394
2.14396
2.14398
2.14399
2.14401
2.14403
2.14405
2.14406
2.14408
2.1441
2.14412
2.14414
2.14416
2.14418
2.1442
2.14422
2.14424
2.14427
2.14429
2.14431
2.14433
2.14435
2.14437
2.14439
2.14442
2.14444
2.14446
2.14448
2.1445
2.14452
2.14455
2.14457
2.14459
2.14461
2.14463
2.14465
2.14467
2.14469
2.14471
2.14473
2.14475
2.14477
2.14479
2.14481
2.14483
2.14485
2.14487
2.14489
2.14491
2.14492
2.14494
2.14496
2.14498
2.14499
2.14501
2.14503
2.14504
2.14506
2.14508
2.14509
2.14511
2.14512
2.14514
2.14515
2.14517
2.14518
2.1452
2.14521
2.14523
2.14524
2.14525
2.14527
2.14528
2.14529
2.14531
2.14532
2.14533
2.14534
2.14535
2.14536
2.14538
2.14539
2.1454
2.14541
2.14542
2.14543
2.14543
2.14544
2.14545
2.14546
2.14547
2.14548
2.14548
2.14549
2.14549
2.1455
2.1455
2.14551
2.14551
2.14552
2.14552
2.14552
2.14552
2.14552
2.14552
2.14553
2.14552
2.14552
2.14552
2.14552
2.14552
2.14552
2.14552
2.14551
2.14551
2.14551
2.1455
2.1455
2.14549
2.14549
2.14548
2.14548
2.14547
2.14547
2.14546
2.14545
2.14545
2.14544
2.14543
2.14543
2.14542
2.14541
2.14541
2.1454
2.14539
2.14538
2.14538
2.14537
2.14536
2.14536
2.14535
2.14534
2.14533
2.14533
2.14532
2.14531
2.1453
2.1453
2.14529
2.14528
2.14528
2.14527
2.14526
2.14525
2.14525
2.14524
2.14523
2.14522
2.14522
2.14521
2.1452
2.1452
2.14519
2.14518
2.14517
2.14517
2.14516
2.14515
2.14515
2.14514
2.14513
2.14513
2.14512
2.14511
2.1451
2.1451
2.14509
2.14508
2.14508
2.14507
2.14506
2.14505
2.14505
2.14504
2.14503
2.14503
2.14502
2.14501
2.14501
2.145
2.145
2.14499
2.14499
2.14498
2.14498
2.14497
2.14497
2.14496
2.14496
2.14495
2.14495
2.14495
2.14495
2.14494
2.14494
2.14494
2.14494
2.14494
2.14494
2.14494
2.14494
2.14494
2.14494
2.14494
2.14494
2.14494
2.14495
2.14495
2.14495
2.14495
2.14496
2.14496
2.14496
2.14496
2.14497
2.14497
2.14498
2.14498
2.14498
2.14499
2.14499
2.145
2.145
2.14501
2.14501
2.14502
2.14502
2.14503
2.14503
2.14503
2.14504
2.14504
2.14505
2.14505
2.14506
2.14506
2.14507
2.14507
2.14508
2.14508
2.14509
2.14509
2.1451
2.1451
2.14511
2.14511
2.14512
2.14512
2.14512
2.14513
2.14513
2.14514
2.14514
2.14515
2.14515
2.14516
2.14516
2.14517
2.14517
2.14518
2.14518
2.14519
2.14519
2.1452
2.1452
2.14521
2.14521
2.14522
2.14522
2.14523
2.14524
2.14524
2.14525
2.14525
2.14526
2.14527
2.14527
2.14528
2.14529
2.1453
2.1453
2.14531
2.14532
2.14533
2.14534
2.14535
2.14536
2.14537
2.14538
2.14539
2.1454
2.14541
2.14542
2.14543
2.14544
2.14546
2.14547
2.14548
2.1455
2.14551
2.14553
2.14554
2.14556
2.14558
2.1456
2.14561
2.14563
2.14565
2.14567
2.14569
2.14571
2.14573
2.14575
2.14578
2.1458
2.14582
2.14584
2.14587
2.14589
2.14592
2.14594
2.14597
2.14599
2.14602
2.14604
2.14607
2.1461
2.14612
2.14615
2.14618
2.1462
2.14623
2.14626
2.14628
2.14631
2.14633
2.14636
2.14639
2.14641
2.14644
2.14646
2.14648
2.14651
2.14653
2.14655
2.14658
2.1466
2.14662
2.14664
2.14666
2.14668
2.1467
2.14671
2.14673
2.14675
2.14676
2.14677
2.14679
2.1468
2.14681
2.14682
2.14683
2.14684
2.14685
2.14686
2.14686
2.14687
2.14687
2.14688
2.14688
2.14688
2.14689
2.14689
2.14689
2.14688
2.14688
2.14688
2.14688
2.14687
2.14687
2.14686
2.14686
2.14685
2.14684
2.14684
2.14683
2.14682
2.14681
2.1468
2.14679
2.14678
2.14677
2.14676
2.14675
2.14674
2.14673
2.14671
2.1467
2.14669
2.14668
2.14667
2.14665
2.14664
2.14663
2.14662
2.1466
2.14659
2.14658
2.14656
2.14655
2.14654
2.14652
2.14651
2.1465
2.14649
2.14647
2.14646
2.14645
2.14644
2.14642
2.14641
2.1464
2.14639
2.14638
2.14636
2.14635
2.14634
2.14633
2.14631
2.1463
2.14629
2.14628
2.14627
2.14625
2.14624
2.14623
2.14622
2.1462
2.14619
2.14618
2.14616
2.14615
2.14613
2.14612
2.14611
2.14609
2.14608
2.14606
2.14605
2.14603
2.14602
2.146
2.14599
2.14597
2.14596
2.14594
2.14593
2.14591
2.1459
2.14588
2.14587
2.14586
2.14584
2.14583
2.14581
2.1458
2.14578
2.14577
2.14575
2.14574
2.14573
2.14571
2.1457
2.14569
2.14568
2.14566
2.14565
2.14564
2.14563
2.14561
2.1456
2.14559
2.14558
2.14557
2.14556
2.14555
2.14554
2.14553
2.14552
2.14551
2.1455
2.14549
2.14549
2.14548
2.14547
2.14546
2.14545
2.14545
2.14544
2.14543
2.14543
2.14542
2.14542
2.14541
2.14541
2.1454
2.1454
2.14539
2.14539
2.14538
2.14538
2.14537
2.14537
2.14537
2.14536
2.14536
2.14536
2.14536
2.14535
2.14535
2.14535
2.14535
2.14534
2.14534
2.14534
2.14534
2.14533
2.14533
2.14533
2.14533
2.14533
2.14533
2.14532
2.14532
2.14532
2.14532
2.14532
2.14532
2.14532
2.14531
2.14531
2.14531
2.14531
2.14531
2.1453
2.1453
2.1453
2.1453
2.14529
2.14529
2.14529
2.14529
2.14528
2.14528
2.14528
2.14527
2.14527
2.14527
2.14526
2.14526
2.14525
2.14525
2.14524
2.14524
2.14523
2.14523
2.14522
2.14522
2.14521
2.14521
2.1452
2.14519
2.14519
2.14518
2.14517
2.14517
2.14516
2.14515
2.14514
2.14514
2.14513
2.14512
2.14511
2.1451
2.1451
2.14509
2.14508
2.14507
2.14506
2.14506
2.14505
2.14504
2.14503
2.14502
2.14501
2.14501
2.145
2.14499
2.14498
2.14497
2.14497
2.14496
2.14495
2.14494
2.14494
2.14493
2.14492
2.14492
2.14491
2.14491
2.1449
2.14489
2.14489
2.14489
2.14488
2.14488
2.14487
2.14487
2.14487
2.14486
2.14486
2.14486
2.14486
2.14485
2.14485
2.14485
2.14485
2.14485
2.14485
2.14485
2.14485
2.14485
2.14485
2.14486
2.14486
2.14486
2.14486
2.14487
2.14487
2.14487
2.14487
2.14488
2.14488
2.14489
2.14489
2.14489
2.1449
2.1449
2.14491
2.14491
2.14492
2.14492
2.14493
2.14493
2.14494
2.14494
2.14494
2.14495
2.14495
2.14496
2.14496
2.14497
2.14497
2.14497
2.14498
2.14498
2.14499
2.14499
2.14499
2.145
2.145
2.145
2.145
2.145
2.14501
2.14501
2.14501
2.14501
2.14501
2.14501
2.14501
2.14502
2.14502
2.14502
2.14502
2.14501
2.14501
2.14501
2.14501
2.14501
2.14501
2.14501
2.14501
2.145
2.145
2.145
2.145
2.14499
2.14499
2.14499
2.14498
2.14498
2.14498
2.14497
2.14497
2.14497
2.14496
2.14496
2.14495
2.14495
2.14494
2.14494
2.14493
2.14493
2.14492
2.14492
2.14492
2.14491
2.14491
2.1449
2.1449
2.14489
2.14489
2.14488
2.14488
2.14488
2.14487
2.14487
2.14486
2.14486
2.14486
2.14485
2.14485
2.14485
2.14485
2.14484
2.14484
2.14484
2.14484
2.14484
2.14484
2.14483
2.14483
2.14483
2.14483
2.14483
2.14483
2.14483
2.14483
2.14483
2.14483
2.14483
2.14483
2.14483
2.14483
2.14484
2.14484
2.14484
2.14484
2.14484
2.14484
2.14484
2.14485
2.14485
2.14485
2.14485
2.14485
2.14486
2.14486
2.14486
2.14486
2.14487
2.14487
2.14487
2.14488
2.14488
2.14488
2.14489
2.14489
2.14489
2.1449
2.1449
2.14491
2.14491
2.14492
2.14492
2.14493
2.14493
2.14494
2.14494
2.14495
2.14495
2.14496
2.14497
2.14497
2.14498
2.14499
2.14499
2.145
2.14501
2.14502
2.14502
2.14503
2.14504
2.14505
2.14505
2.14506
2.14507
2.14508
2.14509
2.1451
2.14511
2.14512
2.14513
2.14514
2.14515
2.14516
2.14517
2.14518
2.14519
2.1452
2.14521
2.14522
2.14523
2.14525
2.14526
2.14527
2.14528
2.14529
2.1453
2.14531
2.14533
2.14534
2.14535
2.14536
2.14537
2.14538
2.14539
2.14541
2.14542
2.14543
2.14544
2.14545
2.14546
2.14547
2.14548
2.14549
2.14549
2.1455
2.14551
2.14552
2.14552
2.14553
2.14554
2.14554
2.14555
2.14555
2.14556
2.14556
2.14556
2.14556
2.14557
2.14557
2.14557
2.14557
2.14557
2.14557
2.14557
2.14557
2.14557
2.14556
2.14556
2.14556
2.14555
2.14555
2.14555
2.14554
2.14554
2.14553
2.14552
2.14552
2.14551
2.1455
2.1455
2.14549
2.14548
2.14548
2.14547
2.14546
2.14545
2.14544
2.14544
2.14543
2.14542
2.14541
2.14541
2.1454
2.14539
2.14538
2.14537
2.14537
2.14536
2.14535
2.14535
2.14534
2.14533
2.14532
2.14532
2.14531
2.1453
2.1453
2.14529
2.14529
2.14528
2.14528
2.14527
2.14527
2.14526
2.14526
2.14525
2.14525
2.14524
2.14524
2.14524
2.14523
2.14523
2.14522
2.14522
2.14522
2.14521
2.14521
2.14521
2.1452
2.1452
2.1452
2.14519
2.14519
2.14518
2.14518
2.14517
2.14517
2.14517
2.14516
2.14516
2.14515
2.14515
2.14514
2.14513
2.14513
2.14512
2.14511
2.14511
2.1451
2.14509
2.14509
2.14508
2.14507
2.14506
2.14505
2.14504
2.14503
2.14502
2.14501
2.145
2.14499
2.14498
2.14497
2.14496
2.14494
2.14493
2.14492
2.1449
2.14489
2.14488
2.14486
2.14485
2.14483
2.14481
2.1448
2.14478
2.14476
2.14475
2.14473
2.14471
2.1447
2.14468
2.14466
2.14464
2.14462
2.1446
2.14459
2.14457
2.14455
2.14453
2.14451
2.14449
2.14447
2.14446
2.14444
2.14442
2.1444
2.14439
2.14437
2.14435
2.14433
2.14432
2.1443
2.14429
2.14427
2.14426
2.14424
2.14423
2.14421
2.1442
2.14418
2.14417
2.14416
2.14415
2.14413
2.14412
2.14411
2.1441
2.14409
2.14408
2.14407
2.14406
2.14405
2.14404
2.14403
2.14402
2.14401
2.14401
2.144
2.14399
2.14398
2.14398
2.14397
2.14396
2.14396
2.14395
2.14395
2.14394
2.14393
2.14393
2.14393
2.14392
2.14392
2.14391
2.14391
2.14391
2.14391
2.1439
2.1439
2.1439
2.1439
2.1439
2.1439
2.14391
2.14391
2.14391
2.14391
2.14392
2.14392
2.14392
2.14393
2.14394
2.14394
2.14395
2.14396
2.14396
2.14397
2.14398
2.14399
2.144
2.14402
2.14403
2.14404
2.14405
2.14407
2.14408
2.1441
2.14411
2.14413
2.14415
2.14417
2.14418
2.1442
2.14422
2.14424
2.14426
2.14428
2.14431
2.14433
2.14435
2.14437
2.1444
2.14442
2.14445
2.14447
2.14449
2.14452
2.14454
2.14457
2.1446
2.14462
2.14465
2.14467
2.1447
2.14472
2.14475
2.14478
2.1448
2.14483
2.14485
2.14488
2.1449
2.14493
2.14495
2.14498
2.145
2.14503
2.14505
2.14508
2.1451
2.14512
2.14515
2.14517
2.14519
2.14521
2.14524
2.14526
2.14528
2.1453
2.14532
2.14534
2.14536
2.14538
2.1454
2.14541
2.14543
2.14545
2.14547
2.14548
2.1455
2.14551
2.14553
2.14554
2.14556
2.14557
2.14558
2.1456
2.14561
2.14562
2.14563
2.14564
2.14565
2.14566
2.14567
2.14567
2.14568
2.14569
2.14569
2.1457
2.1457
2.14571
2.14571
2.14571
2.14572
2.14572
2.14572
2.14572
2.14572
2.14572
2.14571
2.14571
2.14571
2.1457
2.1457
2.14569
2.14569
2.14568
2.14568
2.14567
2.14566
2.14565
2.14564
2.14563
2.14562
2.14561
2.1456
2.14559
2.14558
2.14557
2.14555
2.14554
2.14553
2.14551
2.1455
2.14549
2.14547
2.14546
2.14544
2.14543
2.14541
2.1454
2.14538
2.14537
2.14535
2.14534
2.14532
2.14531
2.14529
2.14528
2.14526
2.14525
2.14523
2.14522
2.1452
2.14519
2.14518
2.14516
2.14515
2.14514
2.14512
2.14511
2.1451
2.14508
2.14507
2.14506
2.14505
2.14504
2.14503
2.14501
2.145
2.14499
2.14498
2.14497
2.14496
2.14495
2.14494
2.14494
2.14493
2.14492
2.14491
2.1449
2.14489
2.14488
2.14488
2.14487
2.14486
2.14485
2.14485
2.14484
2.14483
2.14483
2.14482
2.14482
2.14481
2.1448
2.1448
2.14479
2.14479
2.14479
2.14478
2.14478
2.14477
2.14477
2.14477
2.14476
2.14476
2.14476
2.14476
2.14475
2.14475
2.14475
2.14475
2.14475
2.14474
2.14474
2.14474
2.14474
2.14474
2.14474
2.14474
2.14474
2.14474
2.14474
2.14474
2.14474
2.14474
2.14474
2.14474
2.14474
2.14474
2.14474
2.14474
2.14475
2.14475
2.14475
2.14475
2.14475
2.14475
2.14476
2.14476
2.14476
2.14476
2.14477
2.14477
2.14477
2.14478
2.14478
2.14478
2.14479
2.14479
2.14479
2.1448
2.14481
2.14481
2.14482
2.14482
2.14483
2.14484
2.14484
2.14485
2.14486
2.14486
2.14487
2.14488
2.14489
2.1449
2.1449
2.14491
2.14492
2.14493
2.14494
2.14495
2.14496
2.14497
2.14498
2.14499
2.145
2.14501
2.14502
2.14503
2.14504
2.14505
2.14506
2.14507
2.14508
2.14509
2.1451
2.14511
2.14512
2.14513
2.14514
2.14515
2.14516
2.14517
2.14518
2.14519
2.14519
2.1452
2.14521
2.14522
2.14523
2.14523
2.14524
2.14525
2.14525
2.14526
2.14527
2.14527
2.14528
2.14528
2.14529
2.14529
2.1453
2.1453
2.1453
2.14531
2.14531
2.14531
2.14531
2.14531
2.14531
2.14531
2.14531
2.14531
2.14531
2.14531
2.14531
2.14531
2.14531
2.14531
2.1453
2.1453
2.1453
2.1453
2.14529
2.14529
2.14528
2.14528
2.14527
2.14527
2.14526
2.14526
2.14525
2.14524
2.14524
2.14523
2.14522
2.14521
2.1452
2.1452
2.14519
2.14518
2.14517
2.14516
2.14515
2.14514
2.14513
2.14512
2.1451
2.14509
2.14508
2.14507
2.14506
2.14505
2.14503
2.14502
2.14501
2.145
2.14499
2.14497
2.14496
2.14495
2.14494
2.14493
2.14491
2.1449
2.14489
2.14488
2.14487
2.14486
2.14485
2.14484
2.14483
2.14482
2.14482
2.14481
2.1448
2.1448
2.14479
2.14479
2.14478
2.14478
2.14477
2.14477
2.14477
2.14477
2.14477
2.14477
2.14477
2.14477
2.14477
2.14477
2.14478
2.14478
2.14478
2.14479
2.14479
2.1448
2.14481
2.14482
2.14482
2.14483
2.14484
2.14485
2.14486
2.14487
2.14488
2.14489
2.1449
2.14492
2.14493
2.14494
2.14495
2.14497
2.14498
2.14499
2.14501
2.14502
2.14503
2.14505
2.14506
2.14508
2.14509
2.14511
2.14512
2.14513
2.14515
2.14516
2.14518
2.14519
2.14521
2.14522
2.14524
2.14525
2.14527
2.14528
2.1453
2.14531
2.14533
2.14534
2.14535
2.14537
2.14538
2.1454
2.14541
2.14542
2.14544
2.14545
2.14546
2.14548
2.14549
2.1455
2.14552
2.14553
2.14554
2.14555
2.14556
2.14558
2.14559
2.1456
2.14561
2.14562
2.14563
2.14564
2.14565
2.14566
2.14567
2.14568
2.14569
2.1457
2.1457
2.14571
2.14572
2.14573
2.14573
2.14574
2.14575
2.14575
2.14576
2.14576
2.14577
2.14578
2.14578
2.14578
2.14579
2.14579
2.1458
2.1458
2.1458
2.14581
2.14581
2.14581
2.14582
2.14582
2.14582
2.14582
2.14582
2.14583
2.14583
2.14583
2.14583
2.14583
2.14583
2.14583
2.14583
2.14583
2.14583
2.14583
2.14583
2.14582
2.14582
2.14582
2.14582
2.14581
2.14581
2.14581
2.1458
2.1458
2.14579
2.14579
2.14578
2.14578
2.14577
2.14577
2.14576
2.14575
2.14574
2.14574
2.14573
2.14572
2.14571
2.1457
2.14569
2.14569
2.14568
2.14567
2.14566
2.14564
2.14563
2.14562
2.14561
2.1456
2.14559
2.14558
2.14556
2.14555
2.14554
2.14553
2.14551
2.1455
2.14549
2.14548
2.14546
2.14545
2.14543
2.14542
2.14541
2.14539
2.14538
2.14536
2.14535
2.14534
2.14532
2.14531
2.1453
2.14528
2.14527
2.14525
2.14524
2.14523
2.14521
2.1452
2.14519
2.14518
2.14516
2.14515
2.14514
2.14513
2.14511
2.1451
2.14509
2.14508
2.14507
2.14506
2.14505
2.14504
2.14503
2.14502
2.14501
2.145
2.14499
2.14498
2.14497
2.14496
2.14495
2.14495
2.14494
2.14493
2.14492
2.14492
2.14491
2.1449
2.1449
2.14489
2.14488
2.14488
2.14487
2.14486
2.14486
2.14485
2.14484
2.14484
2.14483
2.14482
2.14482
2.14481
2.1448
2.1448
2.14479
2.14478
2.14478
2.14477
2.14476
2.14476
2.14475
2.14474
2.14473
2.14472
2.14471
2.1447
2.14469
2.14469
2.14468
2.14467
2.14466
2.14464
2.14463
2.14462
2.14461
2.1446
2.14459
2.14458
2.14456
2.14455
2.14454
2.14453
2.14451
2.1445
2.14449
2.14448
2.14446
2.14445
2.14444
2.14443
2.14442
2.1444
2.14439
2.14438
2.14437
2.14436
2.14435
2.14434
2.14433
2.14432
2.14432
2.14431
2.1443
2.14429
2.14429
2.14428
2.14427
2.14427
2.14426
2.14426
2.14425
2.14425
2.14425
2.14424
2.14424
2.14424
2.14423
2.14423
2.14423
2.14423
2.14423
2.14423
2.14423
2.14423
2.14423
2.14423
2.14423
2.14423
2.14423
2.14423
2.14423
2.14423
2.14423
2.14424
