34.6632
2.10179
2.1018
2.1018
2.10181
2.10182
2.10183
2.10184
2.10186
2.10187
2.10189
2.10191
2.10193
2.10195
2.10197
2.10199
2.10202
2.10205
2.10207
2.1021
2.10213
2.10217
2.1022
2.10223
2.10227
2.10231
2.10234
2.10238
2.10242
2.10246
2.10251
2.10255
2.10259
2.10264
2.10269
2.10273
2.10278
2.10283
2.10288
2.10293
2.10298
2.10303
2.10309
2.10314
2.10319
2.10325
2.1033
2.10336
2.10341
2.10347
2.10352
2.10358
2.10363
2.10369
2.10374
2.1038
2.10386
2.10391
2.10396
2.10402
2.10407
2.10412
2.10417
2.10423
2.10427
2.10432
2.10437
2.10442
2.10446
2.10451
2.10455
2.10459
2.10463
2.10466
2.1047
2.10473
2.10477
2.1048
2.10483
2.10485
2.10488
2.1049
2.10492
2.10494
2.10496
2.10498
2.105
2.10501
2.10502
2.10503
2.10504
2.10505
2.10506
2.10507
2.10508
2.10508
2.10509
2.10509
2.1051
2.1051
2.10511
2.10511
2.10512
2.10512
2.10512
2.10513
2.10513
2.10514
2.10514
2.10515
2.10516
2.10516
2.10517
2.10518
2.10519
2.1052
2.10521
2.10522
2.10523
2.10524
2.10525
2.10526
2.10527
2.10529
2.1053
2.10531
2.10533
2.10534
2.10535
2.10537
2.10538
2.10539
2.10541
2.10542
2.10543
2.10544
2.10546
2.10547
2.10548
2.10549
2.1055
2.10551
2.10552
2.10553
2.10553
2.10554
2.10555
2.10555
2.10556
2.10556
2.10556
2.10556
2.10557
2.10557
2.10557
2.10557
2.10557
2.10557
2.10557
2.10557
2.10557
2.10557
2.10556
2.10556
2.10556
2.10556
2.10556
2.10556
2.10555
2.10555
2.10555
2.10555
2.10555
2.10555
2.10555
2.10555
2.10555
2.10555
2.10556
2.10556
2.10556
2.10556
2.10556
2.10557
2.10557
2.10558
2.10558
2.10558
2.10559
2.10559
2.1056
2.1056
2.10561
2.10561
2.10562
2.10562
2.10563
2.10563
2.10564
2.10564
2.10565
2.10565
2.10565
2.10566
2.10566
2.10567
2.10567
2.10568
2.10568
2.10568
2.10569
2.10569
2.1057
2.1057
2.10571
2.10571
2.10571
2.10572
2.10572
2.10573
2.10573
2.10574
2.10574
2.10575
2.10575
2.10576
2.10576
2.10577
2.10577
2.10578
2.10578
2.10579
2.10579
2.1058
2.10581
2.10581
2.10582
2.10582
2.10583
2.10583
2.10584
2.10584
2.10585
2.10585
2.10585
2.10586
2.10586
2.10587
2.10587
2.10587
2.10588
2.10588
2.10588
2.10588
2.10588
2.10589
2.10589
2.10589
2.10589
2.10589
2.10589
2.10589
2.10589
2.10589
2.10589
2.10589
2.10589
2.10589
2.10589
2.10589
2.10589
2.10588
2.10588
2.10588
2.10588
2.10588
2.10588
2.10588
2.10588
2.10588
2.10588
2.10588
2.10587
2.10587
2.10587
2.10587
2.10587
2.10587
2.10587
2.10587
2.10588
2.10588
2.10588
2.10588
2.10588
2.10588
2.10588
2.10588
2.10588
2.10588
2.10588
2.10589
2.10589
2.10589
2.10589
2.10589
2.10589
2.10589
2.10589
2.10589
2.10589
2.10589
2.10589
2.10589
2.10589
2.10589
2.10589
2.10589
2.10589
2.10589
2.10589
2.10589
2.10589
2.10589
2.10589
2.10589
2.10589
2.10589
2.10589
2.10589
2.10588
2.10588
2.10588
2.10588
2.10588
2.10588
2.10588
2.10588
2.10588
2.10587
2.10587
2.10587
2.10587
2.10587
2.10587
2.10587
2.10587
2.10586
2.10586
2.10586
2.10586
2.10586
2.10586
2.10586
2.10586
2.10586
2.10586
2.10585
2.10585
2.10585
2.10585
2.10585
2.10585
2.10585
2.10585
2.10584
2.10584
2.10584
2.10584
2.10584
2.10583
2.10583
2.10583
2.10583
2.10582
2.10582
2.10582
2.10581
2.10581
2.10581
2.10581
2.1058
2.1058
2.1058
2.10579
2.10579
2.10579
2.10578
2.10578
2.10577
2.10577
2.10577
2.10576
2.10576
2.10576
2.10575
2.10575
2.10574
2.10574
2.10573
2.10573
2.10572
2.10572
2.10572
2.10571
2.10571
2.1057
2.1057
2.10569
2.10569
2.10568
2.10568
2.10568
2.10567
2.10567
2.10567
2.10566
2.10566
2.10566
2.10566
2.10565
2.10565
2.10565
2.10565
2.10565
2.10565
2.10565
2.10565
2.10565
2.10566
2.10566
2.10566
2.10566
2.10567
2.10567
2.10568
2.10568
2.10568
2.10569
2.10569
2.1057
2.1057
2.10571
2.10571
2.10572
2.10573
2.10573
2.10574
2.10574
2.10575
2.10576
2.10576
2.10577
2.10578
2.10578
2.10579
2.1058
2.1058
2.10581
2.10582
2.10583
2.10583
2.10584
2.10585
2.10586
2.10587
2.10587
2.10588
2.10589
2.1059
2.10591
2.10592
2.10593
2.10593
2.10594
2.10595
2.10596
2.10597
2.10598
2.10599
2.10599
2.106
2.10601
2.10602
2.10603
2.10603
2.10604
2.10605
2.10606
2.10606
2.10607
2.10608
2.10608
2.10609
2.1061
2.10611
2.10611
2.10612
2.10613
2.10614
2.10614
2.10615
2.10616
2.10617
2.10617
2.10618
2.10619
2.1062
2.1062
2.10621
2.10622
2.10623
2.10623
2.10624
2.10625
2.10625
2.10626
2.10626
2.10627
2.10627
2.10628
2.10628
2.10629
2.10629
2.10629
2.1063
2.1063
2.1063
2.1063
2.1063
2.1063
2.1063
2.1063
2.1063
2.10629
2.10629
2.10629
2.10629
2.10628
2.10628
2.10628
2.10627
2.10627
2.10626
2.10626
2.10626
2.10625
2.10625
2.10624
2.10624
2.10623
2.10623
2.10622
2.10622
2.10621
2.10621
2.1062
2.1062
2.1062
2.10619
2.10619
2.10618
2.10618
2.10618
2.10617
2.10617
2.10616
2.10616
2.10616
2.10615
2.10615
2.10615
2.10614
2.10614
2.10614
2.10614
2.10613
2.10613
2.10613
2.10613
2.10613
2.10613
2.10612
2.10612
2.10612
2.10612
2.10612
2.10612
2.10612
2.10612
2.10612
2.10612
2.10612
2.10612
2.10612
2.10612
2.10612
2.10612
2.10612
2.10612
2.10612
2.10612
2.10612
2.10612
2.10612
2.10612
2.10612
2.10612
2.10612
2.10612
2.10612
2.10612
2.10612
2.10612
2.10612
2.10612
2.10612
2.10612
2.10612
2.10612
2.10612
2.10612
2.10612
2.10611
2.10611
2.10611
2.10611
2.1061
2.1061
2.1061
2.1061
2.10609
2.10609
2.10608
2.10608
2.10607
2.10607
2.10606
2.10606
2.10605
2.10605
2.10604
2.10603
2.10603
2.10602
2.10602
2.10601
2.106
2.106
2.10599
2.10599
2.10598
2.10598
2.10597
2.10597
2.10596
2.10596
2.10596
2.10596
2.10595
2.10595
2.10595
2.10595
2.10595
2.10595
2.10595
2.10595
2.10595
2.10595
2.10595
2.10595
2.10595
2.10595
2.10595
2.10595
2.10595
2.10595
2.10595
2.10595
2.10596
2.10596
2.10596
2.10596
2.10596
2.10596
2.10596
2.10596
2.10596
2.10596
2.10596
2.10596
2.10596
2.10596
2.10596
2.10596
2.10596
2.10596
2.10596
2.10596
2.10596
2.10596
2.10597
2.10597
2.10597
2.10597
2.10597
2.10597
2.10598
2.10598
2.10598
2.10599
2.10599
2.10599
2.106
2.106
2.10601
2.10601
2.10602
2.10602
2.10603
2.10603
2.10604
2.10604
2.10605
2.10605
2.10606
2.10606
2.10607
2.10607
2.10608
2.10608
2.10608
2.10609
2.10609
2.10609
2.1061
2.1061
2.1061
2.1061
2.1061
2.1061
2.10609
2.10609
2.10609
2.10609
2.10608
2.10608
2.10607
2.10607
2.10606
2.10605
2.10605
2.10604
2.10603
2.10602
2.10601
2.10601
2.106
2.10599
2.10598
2.10597
2.10596
2.10596
2.10595
2.10594
2.10593
2.10592
2.10592
2.10591
2.1059
2.1059
2.10589
2.10589
2.10588
2.10588
2.10587
2.10587
2.10586
2.10586
2.10585
2.10585
2.10585
2.10585
2.10584
2.10584
2.10584
2.10584
2.10584
2.10583
2.10583
2.10583
2.10583
2.10583
2.10583
2.10583
2.10583
2.10583
2.10583
2.10584
2.10584
2.10584
2.10584
2.10584
2.10584
2.10585
2.10585
2.10585
2.10585
2.10586
2.10586
2.10586
2.10587
2.10587
2.10587
2.10588
2.10588
2.10588
2.10588
2.10589
2.10589
2.10589
2.10589
2.1059
2.1059
2.1059
2.1059
2.1059
2.1059
2.1059
2.1059
2.1059
2.1059
2.10589
2.10589
2.10589
2.10589
2.10588
2.10588
2.10588
2.10587
2.10587
2.10586
2.10586
2.10585
2.10585
2.10584
2.10584
2.10583
2.10583
2.10582
2.10581
2.10581
2.1058
2.1058
2.10579
2.10579
2.10579
2.10578
2.10578
2.10578
2.10577
2.10577
2.10577
2.10577
2.10577
2.10577
2.10577
2.10577
2.10577
2.10577
2.10577
2.10578
2.10578
2.10578
2.10578
2.10579
2.10579
2.10579
2.10579
2.1058
2.1058
2.1058
2.1058
2.10581
2.10581
2.10581
2.10581
2.10581
2.10581
2.10581
2.10581
2.10581
2.10581
2.10581
2.1058
2.1058
2.1058
2.1058
2.10579
2.10579
2.10579
2.10579
2.10578
2.10578
2.10578
2.10577
2.10577
2.10577
2.10576
2.10576
2.10576
2.10575
2.10575
2.10575
2.10575
2.10575
2.10574
2.10574
2.10574
2.10574
2.10574
2.10574
2.10574
2.10574
2.10574
2.10574
2.10575
2.10575
2.10575
2.10575
2.10575
2.10575
2.10576
2.10576
2.10576
2.10576
2.10577
2.10577
2.10577
2.10577
2.10578
2.10578
2.10578
2.10578
2.10578
2.10578
2.10578
2.10578
2.10578
2.10578
2.10578
2.10578
2.10578
2.10578
2.10578
2.10577
2.10577
2.10577
2.10577
2.10576
2.10576
2.10575
2.10575
2.10575
2.10574
2.10574
2.10573
2.10573
2.10572
2.10572
2.10571
2.10571
2.1057
2.1057
2.10569
2.10568
2.10568
2.10567
2.10567
2.10566
2.10566
2.10565
2.10565
2.10564
2.10564
2.10563
2.10563
2.10563
2.10562
2.10562
2.10562
2.10561
2.10561
2.10561
2.10561
2.10561
2.10561
2.1056
2.1056
2.1056
2.10561
2.10561
2.10561
2.10561
2.10561
2.10562
2.10562
2.10562
2.10563
2.10563
2.10564
2.10564
2.10565
2.10566
2.10566
2.10567
2.10568
2.10569
2.10569
2.1057
2.10571
2.10572
2.10573
2.10574
2.10575
2.10575
2.10576
2.10577
2.10578
2.10579
2.10579
2.1058
2.10581
2.10581
2.10582
2.10582
2.10583
2.10583
2.10584
2.10584
2.10584
2.10584
2.10585
2.10585
2.10585
2.10585
2.10585
2.10584
2.10584
2.10584
2.10584
2.10583
2.10583
2.10583
2.10582
2.10582
2.10581
2.10581
2.1058
2.1058
2.10579
2.10579
2.10578
2.10578
2.10577
2.10577
2.10576
2.10576
2.10575
2.10575
2.10574
2.10574
2.10573
2.10573
2.10573
2.10572
2.10572
2.10572
2.10572
2.10571
2.10571
2.10571
2.10571
2.10571
2.10571
2.10571
2.10571
2.10571
2.10571
2.10571
2.10571
2.10571
2.10572
2.10572
2.10572
2.10572
2.10573
2.10573
2.10574
2.10574
2.10574
2.10575
2.10575
2.10576
2.10576
2.10577
2.10577
2.10578
2.10578
2.10579
2.1058
2.1058
2.10581
2.10582
2.10582
2.10583
2.10584
2.10584
2.10585
2.10586
2.10586
2.10587
2.10588
2.10589
2.10589
2.1059
2.10591
2.10591
2.10592
2.10592
2.10593
2.10594
2.10594
2.10595
2.10595
2.10596
2.10596
2.10597
2.10597
2.10597
2.10598
2.10598
2.10598
2.10599
2.10599
2.10599
2.10599
2.106
2.106
2.106
2.106
2.106
2.106
2.106
2.106
2.106
2.106
2.106
2.10601
2.10601
2.10601
2.10601
2.10601
2.10601
2.10601
2.10601
2.10601
2.106
2.106
2.106
2.106
2.106
2.106
2.106
2.106
2.106
2.106
2.10599
2.10599
2.10599
2.10599
2.10599
2.10599
2.10598
2.10598
2.10598
2.10598
2.10598
2.10598
2.10598
2.10598
2.10597
2.10597
2.10597
2.10597
2.10597
2.10597
2.10597
2.10597
2.10597
2.10597
2.10597
2.10598
2.10598
2.10598
2.10598
2.10598
2.10598
2.10598
2.10598
2.10599
2.10599
2.10599
2.10599
2.10599
2.10599
2.10599
2.10599
2.10599
2.10599
2.106
2.106
2.106
2.106
2.106
2.106
2.106
2.106
2.106
2.106
2.106
2.106
2.10601
2.10601
2.10601
2.10601
2.10601
2.10601
2.10601
2.10601
2.10601
2.10601
2.10602
2.10602
2.10602
2.10602
2.10602
2.10602
2.10602
2.10602
2.10602
2.10602
2.10602
2.10602
2.10602
2.10602
2.10601
2.10601
2.10601
2.10601
2.10601
2.10601
2.10601
2.106
2.106
2.106
2.106
2.106
2.106
2.10599
2.10599
2.10599
2.10599
2.10599
2.10599
2.10599
2.10599
2.10599
2.10599
2.10599
2.10599
2.106
2.106
2.106
2.10601
2.10601
2.10601
2.10602
2.10602
2.10603
2.10603
2.10604
2.10605
2.10605
2.10606
2.10607
2.10607
2.10608
2.10609
2.1061
2.10611
2.10612
2.10613
2.10614
2.10615
2.10616
2.10617
2.10618
2.10619
2.1062
2.10621
2.10622
2.10623
2.10624
2.10626
2.10627
2.10628
2.10629
2.1063
2.10631
2.10632
2.10634
2.10635
2.10636
2.10637
2.10638
2.10639
2.1064
2.10641
2.10642
2.10643
2.10644
2.10645
2.10646
2.10646
2.10647
2.10648
2.10648
2.10649
2.1065
2.1065
2.10651
2.10651
2.10652
2.10652
2.10652
2.10653
2.10653
2.10653
2.10653
2.10653
2.10653
2.10653
2.10653
2.10653
2.10653
2.10653
2.10653
2.10653
2.10653
2.10653
2.10653
2.10653
2.10652
2.10652
2.10652
2.10652
2.10651
2.10651
2.10651
2.1065
2.1065
2.1065
2.10649
2.10649
2.10649
2.10648
2.10648
2.10647
2.10647
2.10646
2.10646
2.10645
2.10644
2.10644
2.10643
2.10642
2.10642
2.10641
2.1064
2.10639
2.10639
2.10638
2.10637
2.10636
2.10635
2.10634
2.10634
2.10633
2.10632
2.10631
2.10631
2.1063
2.10629
2.10628
2.10628
2.10627
2.10627
2.10626
2.10626
2.10625
2.10625
2.10625
2.10624
2.10624
2.10624
2.10623
2.10623
2.10623
2.10623
2.10623
2.10623
2.10623
2.10623
2.10623
2.10623
2.10622
2.10622
2.10622
2.10622
2.10622
2.10622
2.10622
2.10622
2.10622
2.10622
2.10621
2.10621
2.10621
2.10621
2.1062
2.1062
2.1062
2.1062
2.10619
2.10619
2.10619
2.10618
2.10618
2.10617
2.10617
2.10617
2.10616
2.10616
2.10615
2.10615
2.10614
2.10614
2.10613
2.10612
2.10612
2.10611
2.10611
2.1061
2.10609
2.10609
2.10608
2.10607
2.10607
2.10606
2.10605
2.10604
2.10604
2.10603
2.10602
2.10601
2.10601
2.106
2.10599
2.10598
2.10597
2.10596
2.10596
2.10595
2.10594
2.10593
2.10592
2.10591
2.10591
2.1059
2.10589
2.10588
2.10588
2.10587
2.10586
2.10586
2.10585
2.10585
2.10584
2.10584
2.10583
2.10583
2.10582
2.10582
2.10582
2.10582
2.10581
2.10581
2.10581
2.10581
2.10581
2.10581
2.10581
2.10582
2.10582
2.10582
2.10582
2.10583
2.10583
2.10584
2.10584
2.10585
2.10585
2.10586
2.10586
2.10587
2.10587
2.10588
2.10589
2.1059
2.1059
2.10591
2.10592
2.10593
2.10593
2.10594
2.10595
2.10596
2.10596
2.10597
2.10598
2.10599
2.106
2.106
2.10601
2.10602
2.10603
2.10603
2.10604
2.10605
2.10605
2.10606
2.10607
2.10607
2.10608
2.10608
2.10609
2.10609
2.1061
2.1061
2.10611
2.10611
2.10611
2.10612
2.10612
2.10612
2.10613
2.10613
2.10613
2.10613
2.10613
2.10613
2.10613
2.10613
2.10613
2.10613
2.10613
2.10612
2.10612
2.10612
2.10612
2.10611
2.10611
2.1061
2.1061
2.1061
2.10609
2.10609
2.10608
2.10608
2.10607
2.10607
2.10606
2.10606
2.10605
2.10604
2.10604
2.10603
2.10603
2.10602
2.10601
2.10601
2.106
2.10599
2.10598
2.10598
2.10597
2.10596
2.10595
2.10594
2.10594
2.10593
2.10592
2.10591
2.1059
2.10589
2.10589
2.10588
2.10587
2.10586
2.10585
2.10584
2.10583
2.10582
2.10581
2.10581
2.1058
2.10579
2.10578
2.10577
2.10576
2.10575
2.10574
2.10574
2.10573
2.10572
2.10571
2.1057
2.1057
2.10569
2.10568
2.10568
2.10567
2.10566
2.10566
2.10565
2.10564
2.10564
2.10563
2.10563
2.10562
2.10562
2.10562
2.10561
2.10561
2.10561
2.10561
2.1056
2.1056
2.1056
2.1056
2.1056
2.1056
2.1056
2.1056
2.1056
2.1056
2.1056
2.1056
2.1056
2.1056
2.1056
2.10561
2.10561
2.10561
2.10561
2.10562
2.10562
2.10562
2.10563
2.10563
2.10564
2.10564
2.10565
2.10566
2.10566
2.10567
2.10568
2.10568
2.10569
2.1057
2.10571
2.10571
2.10572
2.10573
2.10574
2.10575
2.10576
2.10577
2.10578
2.10579
2.1058
2.10581
2.10582
2.10583
2.10584
2.10585
2.10586
2.10587
2.10588
2.10588
2.10589
2.1059
2.10591
2.10592
2.10593
2.10594
2.10595
2.10595
2.10596
2.10597
2.10598
2.10598
2.10599
2.10599
2.106
2.106
2.10601
2.10601
2.10602
2.10602
2.10602
2.10602
2.10603
2.10603
2.10603
2.10603
2.10603
2.10603
2.10603
2.10602
2.10602
2.10602
2.10602
2.10601
2.10601
2.10601
2.106
2.106
2.10599
2.10599
2.10598
2.10598
2.10597
2.10597
2.10596
2.10596
2.10595
2.10594
2.10594
2.10593
2.10592
2.10592
2.10591
2.1059
2.1059
2.10589
2.10588
2.10587
2.10587
2.10586
2.10585
2.10584
2.10584
2.10583
2.10582
2.10581
2.1058
2.10579
2.10578
2.10577
2.10576
2.10575
2.10574
2.10573
2.10572
2.10571
2.1057
2.10569
2.10567
2.10566
2.10565
2.10564
2.10562
2.10561
2.1056
2.10558
2.10557
2.10555
2.10554
2.10553
2.10551
2.1055
2.10548
2.10547
2.10546
2.10544
2.10543
2.10542
2.1054
2.10539
2.10538
2.10537
2.10536
2.10535
2.10534
2.10533
2.10532
2.10531
2.1053
2.10529
2.10529
2.10528
2.10528
2.10527
2.10527
2.10526
2.10526
2.10526
2.10525
2.10525
2.10525
2.10525
2.10525
2.10525
2.10525
2.10525
2.10525
2.10525
2.10525
2.10525
2.10525
2.10526
2.10526
2.10526
2.10526
2.10526
2.10526
2.10526
2.10526
2.10527
2.10527
2.10527
2.10527
2.10527
2.10527
2.10527
2.10527
2.10527
2.10527
2.10528
2.10528
2.10528
2.10528
2.10528
2.10528
2.10528
2.10527
2.10527
2.10527
2.10527
2.10527
2.10527
2.10527
2.10527
2.10527
2.10527
2.10527
2.10526
2.10526
2.10526
2.10526
2.10526
2.10526
2.10526
2.10526
2.10526
2.10526
2.10526
2.10526
2.10526
2.10526
2.10526
2.10527
2.10527
2.10527
2.10527
2.10528
2.10528
2.10528
2.10529
2.10529
2.10529
2.1053
2.1053
2.10531
2.10531
2.10532
2.10532
2.10532
2.10533
2.10534
2.10534
2.10535
2.10535
2.10536
2.10536
2.10537
2.10537
2.10538
2.10538
2.10539
2.10539
2.1054
2.1054
2.10541
2.10541
2.10542
2.10542
2.10543
2.10543
2.10544
2.10544
2.10545
2.10545
2.10546
2.10546
2.10547
2.10547
2.10548
2.10548
2.10549
2.10549
2.1055
2.1055
2.10551
2.10551
2.10552
2.10552
2.10553
2.10553
2.10554
2.10555
2.10555
2.10556
2.10557
2.10557
2.10558
2.10559
2.1056
2.1056
2.10561
2.10562
2.10563
2.10564
2.10565
2.10566
2.10567
2.10568
2.10569
2.1057
2.10571
2.10573
2.10574
2.10575
2.10576
2.10577
2.10579
2.1058
2.10581
2.10582
2.10584
2.10585
2.10586
2.10588
2.10589
2.1059
2.10592
2.10593
2.10594
2.10595
2.10597
2.10598
2.10599
2.106
2.10601
2.10603
2.10604
2.10605
2.10606
2.10607
2.10608
2.10609
2.1061
2.1061
2.10611
2.10612
2.10613
2.10613
2.10614
2.10614
2.10615
2.10615
2.10616
2.10616
2.10617
2.10617
2.10617
2.10617
2.10617
2.10618
2.10618
2.10618
2.10618
2.10618
2.10618
2.10618
2.10618
2.10618
2.10618
2.10618
2.10618
2.10617
2.10617
2.10617
2.10617
2.10617
2.10617
2.10617
2.10617
2.10616
2.10616
2.10616
2.10616
2.10616
2.10616
2.10615
2.10615
2.10615
2.10615
2.10615
2.10614
2.10614
2.10614
2.10613
2.10613
2.10613
2.10612
2.10612
2.10611
2.10611
2.10611
2.1061
2.1061
2.10609
2.10609
2.10608
2.10608
2.10608
2.10607
2.10607
2.10606
2.10606
2.10606
2.10606
2.10605
2.10605
2.10605
2.10605
2.10605
2.10604
2.10604
2.10604
2.10604
2.10604
2.10604
2.10604
2.10604
2.10604
2.10604
2.10604
2.10604
2.10605
2.10605
2.10605
2.10605
2.10605
2.10605
2.10605
2.10605
2.10605
2.10605
2.10605
2.10605
2.10604
2.10604
2.10604
2.10604
2.10604
2.10603
2.10603
2.10603
2.10602
2.10602
2.10602
2.10601
2.10601
2.106
2.106
2.10599
2.10599
2.10598
2.10597
2.10597
2.10596
2.10595
2.10595
2.10594
2.10593
2.10593
2.10592
2.10592
2.10591
2.1059
2.1059
2.10589
2.10589
2.10588
2.10588
2.10587
2.10587
2.10587
2.10586
2.10586
2.10586
2.10585
2.10585
2.10585
2.10584
2.10584
2.10584
2.10584
2.10584
2.10583
2.10583
2.10583
2.10583
2.10583
2.10582
2.10582
2.10582
2.10582
2.10581
2.10581
2.10581
2.10581
2.1058
2.1058
2.1058
2.10579
2.10579
2.10579
2.10578
2.10578
2.10577
2.10577
2.10576
2.10576
2.10575
2.10575
2.10574
2.10574
2.10573
2.10573
2.10572
2.10571
2.10571
2.1057
2.1057
2.10569
2.10569
2.10568
2.10568
2.10567
2.10567
2.10566
2.10566
2.10566
2.10565
2.10565
2.10565
2.10564
2.10564
2.10564
2.10564
2.10563
2.10563
2.10563
2.10563
2.10563
2.10563
2.10563
2.10563
2.10563
2.10564
2.10564
2.10564
2.10564
2.10564
2.10565
2.10565
2.10565
2.10565
2.10566
2.10566
2.10567
2.10567
2.10567
2.10568
2.10568
2.10569
2.10569
2.1057
2.1057
2.10571
2.10571
2.10572
2.10572
2.10573
2.10573
2.10574
2.10574
2.10575
2.10575
2.10576
2.10577
2.10577
2.10578
2.10578
2.10579
2.10579
2.1058
2.10581
2.10581
2.10582
2.10583
2.10583
2.10584
2.10584
2.10585
2.10586
2.10586
2.10587
2.10588
2.10588
2.10589
2.1059
2.10591
2.10591
2.10592
2.10593
2.10593
2.10594
2.10595
2.10595
2.10596
2.10597
2.10597
2.10598
2.10599
2.106
2.106
2.10601
2.10602
2.10602
2.10603
2.10604
2.10604
2.10605
2.10606
2.10606
2.10607
2.10608
2.10608
2.10609
2.10609
2.1061
2.10611
2.10611
2.10612
2.10612
2.10613
2.10613
2.10614
2.10614
2.10615
2.10615
2.10615
2.10616
2.10616
2.10616
2.10617
2.10617
2.10617
2.10617
2.10617
2.10617
2.10617
2.10617
2.10617
2.10617
2.10617
2.10616
2.10616
2.10616
2.10616
2.10615
2.10615
2.10614
2.10614
2.10614
2.10613
2.10613
2.10612
2.10612
2.10611
2.10611
2.1061
2.1061
2.10609
2.10609
2.10609
2.10608
2.10608
2.10607
2.10607
2.10606
2.10606
2.10605
2.10605
2.10604
2.10604
2.10603
2.10603
2.10602
2.10602
2.10601
2.10601
2.106
2.10599
2.10599
2.10598
2.10598
2.10597
2.10597
2.10596
2.10595
2.10595
2.10594
2.10593
2.10593
2.10592
2.10591
2.10591
2.1059
2.1059
2.10589
2.10588
2.10588
2.10587
2.10586
2.10586
2.10585
2.10584
2.10584
2.10583
2.10583
2.10582
2.10582
2.10581
2.10581
2.1058
2.1058
2.1058
2.10579
2.10579
2.10579
2.10578
2.10578
2.10578
2.10577
2.10577
2.10577
2.10577
2.10576
2.10576
2.10576
2.10576
2.10575
2.10575
2.10575
2.10575
2.10574
2.10574
2.10574
2.10573
2.10573
2.10573
2.10573
2.10572
2.10572
2.10571
2.10571
2.10571
2.1057
2.1057
2.1057
2.10569
2.10569
2.10569
2.10568
2.10568
2.10568
2.10567
2.10567
2.10567
2.10566
2.10566
2.10566
2.10565
2.10565
2.10565
2.10564
2.10564
2.10563
2.10563
2.10563
2.10562
2.10562
2.10562
2.10561
2.10561
2.1056
2.1056
2.1056
2.10559
2.10559
2.10558
2.10558
2.10557
2.10557
2.10557
2.10556
2.10556
2.10556
2.10555
2.10555
2.10555
2.10555
2.10554
2.10554
2.10554
2.10554
2.10554
2.10554
2.10554
2.10554
2.10554
2.10554
2.10554
2.10555
2.10555
2.10555
2.10556
2.10556
2.10556
2.10557
2.10557
2.10558
2.10558
2.10559
2.10559
2.1056
2.10561
2.10561
2.10562
2.10563
2.10564
2.10564
2.10565
2.10566
2.10567
2.10567
2.10568
2.10569
2.1057
2.10571
2.10571
2.10572
2.10573
2.10574
2.10574
2.10575
2.10576
2.10577
2.10577
2.10578
2.10578
2.10579
2.1058
2.1058
2.10581
2.10581
2.10581
2.10582
2.10582
2.10582
2.10582
2.10583
2.10583
2.10583
2.10583
2.10583
2.10582
2.10582
2.10582
2.10582
2.10581
2.10581
2.10581
2.1058
2.1058
2.10579
2.10579
2.10578
2.10577
2.10577
2.10576
2.10575
2.10575
2.10574
2.10573
2.10573
2.10572
2.10571
2.1057
2.1057
2.10569
2.10568
2.10568
2.10567
2.10566
2.10565
2.10565
2.10564
2.10563
2.10563
2.10562
2.10562
2.10561
2.1056
2.1056
2.10559
2.10559
2.10558
2.10557
2.10557
2.10556
2.10556
2.10555
2.10555
2.10555
2.10554
2.10554
2.10553
2.10553
2.10553
2.10553
2.10552
2.10552
2.10552
2.10552
2.10552
2.10552
2.10552
2.10552
2.10552
2.10552
2.10552
2.10552
2.10552
2.10552
2.10552
2.10552
2.10552
2.10552
2.10552
2.10552
2.10552
2.10552
2.10552
2.10552
2.10552
2.10552
2.10552
2.10552
2.10552
2.10551
2.10551
2.10551
2.10551
2.10551
2.1055
2.1055
2.1055
2.10549
2.10549
2.10549
2.10548
2.10548
2.10547
2.10547
2.10547
2.10546
2.10546
2.10546
2.10545
2.10545
2.10544
2.10544
2.10544
2.10543
2.10543
2.10542
2.10542
2.10542
2.10541
2.10541
2.10541
2.1054
2.1054
2.1054
2.1054
2.10539
2.10539
2.10539
2.10539
2.10538
2.10538
2.10538
2.10538
2.10538
2.10538
2.10537
2.10537
2.10537
2.10537
2.10537
2.10537
2.10537
2.10537
2.10537
2.10537
2.10538
2.10538
2.10538
2.10538
2.10538
2.10538
2.10539
2.10539
2.10539
2.1054
2.1054
2.10541
2.10541
2.10542
2.10542
2.10543
2.10543
2.10544
2.10545
2.10545
2.10546
2.10547
2.10548
2.10549
2.1055
2.10551
2.10552
2.10553
2.10554
2.10555
2.10556
2.10557
2.10559
2.1056
2.10561
2.10562
2.10563
2.10565
2.10566
2.10567
2.10568
2.10569
2.1057
2.10572
2.10573
2.10574
2.10575
2.10576
2.10577
2.10578
2.10579
2.1058
2.10581
2.10582
2.10583
2.10584
2.10585
2.10586
2.10586
2.10587
2.10588
2.10589
2.1059
2.1059
2.10591
2.10592
2.10592
2.10593
2.10594
2.10594
2.10595
2.10595
2.10596
2.10596
2.10597
2.10597
2.10597
2.10598
2.10598
2.10598
2.10599
2.10599
2.10599
2.10599
2.10599
2.106
2.106
2.106
2.106
2.106
2.106
2.106
2.106
2.106
2.106
2.106
2.106
2.106
2.106
2.106
2.106
2.106
2.106
2.106
2.106
2.106
2.106
2.106
2.106
2.106
2.106
2.106
2.106
2.106
2.106
2.106
2.10601
2.10601
2.10601
2.10601
2.10601
2.10601
2.10601
2.10601
2.10601
2.10602
2.10602
2.10602
2.10602
2.10602
2.10602
2.10602
2.10602
2.10602
2.10603
2.10603
2.10603
2.10603
2.10603
2.10603
2.10603
2.10603
2.10603
2.10603
2.10603
2.10603
2.10603
2.10603
2.10603
2.10603
2.10603
2.10603
2.10603
2.10603
2.10603
2.10603
2.10603
2.10603
2.10603
2.10603
2.10603
2.10603
2.10603
2.10604
2.10604
2.10604
2.10604
2.10605
2.10605
2.10605
2.10605
2.10606
2.10606
2.10607
2.10607
2.10607
2.10608
2.10608
2.10609
2.10609
2.1061
2.1061
2.10611
2.10611
2.10612
2.10612
2.10613
2.10613
2.10614
2.10614
2.10615
2.10616
2.10616
2.10617
2.10617
2.10618
2.10618
2.10619
2.10619
2.10619
2.1062
2.1062
2.10621
2.10621
2.10621
2.10622
2.10622
2.10622
2.10622
2.10622
2.10623
2.10623
2.10623
2.10623
2.10623
2.10623
2.10623
2.10623
2.10622
2.10622
2.10622
2.10622
2.10621
2.10621
2.10621
2.1062
2.1062
2.10619
2.10619
2.10618
2.10618
2.10617
2.10617
2.10616
2.10615
2.10615
2.10614
2.10613
2.10613
2.10612
2.10611
2.10611
2.1061
2.1061
2.10609
2.10608
2.10608
2.10607
2.10606
2.10606
2.10605
2.10605
2.10604
2.10604
2.10604
2.10603
2.10603
2.10603
2.10602
2.10602
2.10602
2.10602
2.10602
2.10601
2.10601
2.10601
2.10601
2.10601
2.10601
2.10601
2.10601
2.10601
2.10601
2.10601
2.10601
2.10602
2.10602
2.10602
2.10602
2.10602
2.10602
2.10602
2.10602
2.10602
2.10602
2.10602
2.10602
2.10602
2.10602
2.10602
2.10602
2.10602
2.10602
2.10602
2.10602
2.10602
2.10602
2.10602
2.10602
2.10602
2.10602
2.10602
2.10602
2.10602
2.10602
2.10602
2.10602
2.10602
2.10602
2.10603
2.10603
2.10603
2.10603
2.10603
2.10604
2.10604
2.10604
2.10605
2.10605
2.10605
2.10606
2.10606
2.10607
2.10607
2.10608
2.10608
2.10608
2.10609
2.10609
2.1061
2.1061
2.10611
2.10611
2.10612
2.10612
2.10613
2.10613
2.10614
2.10614
2.10615
2.10615
2.10615
2.10616
2.10616
2.10616
2.10617
2.10617
2.10617
2.10618
2.10618
2.10618
2.10618
2.10618
2.10619
2.10619
2.10619
2.10619
2.10619
2.10619
2.10619
2.10619
2.1062
2.1062
2.1062
2.1062
2.1062
2.1062
2.1062
2.1062
2.1062
2.1062
2.1062
2.1062
2.1062
2.1062
2.1062
2.1062
2.1062
2.1062
2.1062
2.1062
2.1062
2.1062
2.1062
2.1062
2.1062
2.1062
2.1062
2.1062
2.1062
2.1062
2.1062
2.10619
2.10619
2.10619
2.10619
2.10618
2.10618
2.10618
2.10617
2.10617
2.10616
2.10616
2.10615
2.10615
2.10614
2.10614
2.10613
2.10612
2.10612
2.10611
2.1061
2.10609
2.10609
2.10608
2.10607
2.10606
2.10605
2.10605
2.10604
2.10603
2.10602
2.10601
2.10601
2.106
2.10599
2.10598
2.10597
2.10597
2.10596
2.10595
2.10595
2.10594
2.10594
2.10593
2.10593
2.10592
2.10592
2.10591
2.10591
2.10591
2.10591
2.10591
2.1059
2.1059
2.1059
2.1059
2.10591
2.10591
2.10591
2.10591
2.10591
2.10592
2.10592
2.10593
2.10593
2.10593
2.10594
2.10594
2.10595
2.10595
2.10596
2.10597
2.10597
2.10598
2.10598
2.10599
2.10599
2.106
2.106
2.10601
2.10601
2.10601
2.10602
2.10602
2.10602
2.10603
2.10603
2.10603
2.10603
2.10603
2.10603
2.10603
2.10603
2.10603
2.10603
2.10603
2.10602
2.10602
2.10602
2.10601
2.10601
2.10601
2.106
2.106
2.10599
2.10599
2.10598
2.10598
2.10597
2.10596
2.10596
2.10595
2.10595
2.10594
2.10594
2.10594
2.10593
2.10593
2.10592
2.10592
2.10592
2.10591
2.10591
2.10591
2.10591
2.1059
2.1059
2.1059
2.1059
2.1059
2.1059
2.1059
2.1059
2.1059
2.10589
2.10589
2.10589
2.10589
2.10589
2.10589
2.10589
2.10589
2.10589
2.10589
2.10589
2.10589
2.10589
2.10589
2.10589
2.10589
2.10589
2.1059
2.1059
2.1059
2.1059
2.1059
2.1059
2.1059
2.1059
2.10591
2.10591
2.10591
2.10591
2.10591
2.10591
2.10592
2.10592
2.10592
2.10592
2.10592
2.10592
2.10592
2.10592
2.10592
2.10592
2.10592
2.10591
2.10591
2.10591
2.10591
2.10591
2.10591
2.1059
2.1059
2.1059
2.1059
2.10589
2.10589
2.10589
2.10589
2.10589
2.10588
2.10588
2.10588
2.10588
2.10588
2.10588
2.10588
2.10588
2.10588
2.10588
2.10587
2.10587
2.10587
2.10587
2.10587
2.10587
2.10587
2.10587
2.10587
2.10587
2.10587
2.10587
2.10587
2.10587
2.10587
2.10587
2.10587
2.10587
2.10586
2.10586
2.10586
2.10586
2.10585
2.10585
2.10585
2.10584
2.10584
2.10583
2.10583
2.10583
2.10582
2.10582
2.10581
2.10581
2.1058
2.1058
2.10579
2.10579
2.10578
2.10578
2.10577
2.10577
2.10576
2.10576
2.10575
2.10575
2.10574
2.10574
2.10573
2.10573
2.10573
2.10572
2.10572
2.10572
2.10571
2.10571
2.10571
2.10571
2.1057
2.1057
2.1057
2.1057
2.1057
2.1057
2.1057
2.1057
2.10571
2.10571
2.10571
2.10571
2.10572
2.10572
2.10573
2.10573
2.10573
2.10574
2.10575
2.10575
2.10576
2.10576
2.10577
2.10578
2.10578
2.10579
2.1058
2.10581
2.10581
2.10582
2.10583
2.10583
2.10584
2.10585
2.10586
2.10586
2.10587
2.10588
2.10588
2.10589
2.1059
2.1059
2.10591
2.10591
2.10592
2.10593
2.10593
2.10594
2.10594
2.10595
2.10595
2.10596
2.10596
2.10597
2.10597
2.10598
2.10598
2.10598
2.10599
2.10599
2.10599
2.106
2.106
2.106
2.106
2.10601
2.10601
2.10601
2.10601
2.10601
2.10601
2.10601
2.10601
2.10602
2.10602
2.10602
2.10602
2.10602
2.10602
2.10602
2.10602
2.10602
2.10603
2.10603
2.10603
2.10603
2.10603
2.10604
2.10604
2.10604
2.10604
2.10605
2.10605
2.10605
2.10606
2.10606
2.10607
2.10607
2.10608
2.10608
2.10609
2.10609
2.10609
2.1061
2.1061
2.10611
2.10611
2.10612
2.10612
2.10613
2.10613
2.10614
2.10614
2.10615
2.10615
2.10615
2.10616
2.10616
2.10616
2.10617
2.10617
2.10617
2.10618
2.10618
2.10618
2.10618
2.10619
2.10619
2.10619
2.10619
2.10619
2.10619
2.1062
2.1062
2.1062
2.1062
2.1062
2.1062
2.1062
2.1062
2.1062
2.1062
2.1062
2.1062
2.1062
2.1062
2.10619
2.10619
2.10619
2.10619
2.10618
2.10618
2.10618
2.10618
2.10617
2.10617
2.10616
2.10616
2.10615
2.10615
2.10614
2.10614
2.10613
2.10613
2.10612
2.10611
2.10611
2.1061
2.10609
2.10609
2.10608
2.10608
2.10607
2.10606
2.10605
2.10605
2.10604
2.10603
2.10603
2.10602
2.10602
2.10601
2.106
2.106
2.10599
2.10599
2.10598
2.10597
2.10597
2.10596
2.10596
2.10595
2.10595
2.10595
2.10594
2.10594
2.10593
2.10593
2.10593
2.10592
2.10592
2.10592
2.10592
2.10591
2.10591
2.10591
2.10591
2.10591
2.10591
2.10591
2.1059
2.1059
2.1059
2.1059
2.1059
2.1059
2.1059
2.10591
2.10591
2.10591
2.10591
2.10591
2.10591
2.10591
2.10591
2.10591
2.10592
2.10592
2.10592
2.10592
2.10592
2.10592
2.10592
2.10592
2.10592
2.10592
2.10592
2.10592
2.10593
2.10593
2.10593
2.10592
2.10592
2.10592
2.10592
2.10592
2.10592
2.10592
2.10592
2.10592
2.10592
2.10592
2.10591
2.10591
2.10591
2.10591
2.10591
2.10591
2.10591
2.1059
2.1059
2.1059
2.1059
2.1059
2.1059
2.10589
2.10589
2.10589
2.10589
2.10589
2.10588
2.10588
2.10588
2.10588
2.10587
2.10587
2.10587
2.10586
2.10586
2.10586
2.10585
2.10585
2.10585
2.10584
2.10584
2.10584
2.10583
2.10583
2.10582
2.10582
2.10582
2.10581
2.10581
2.10581
2.1058
2.1058
2.1058
2.1058
2.10579
2.10579
2.10579
2.10579
2.10579
2.10579
2.10579
2.10579
2.10579
2.10579
2.1058
2.1058
2.1058
2.10581
2.10581
2.10581
2.10582
2.10583
2.10583
2.10584
2.10584
2.10585
2.10586
2.10587
2.10588
2.10588
2.10589
2.1059
2.10591
2.10592
2.10593
2.10594
2.10595
2.10596
2.10597
2.10597
2.10598
2.10599
2.106
2.10601
2.10601
2.10602
2.10603
2.10603
2.10604
2.10604
2.10604
2.10605
2.10605
2.10605
2.10605
2.10606
2.10606
2.10606
2.10606
2.10605
2.10605
2.10605
2.10605
2.10605
2.10604
2.10604
2.10604
2.10603
2.10603
2.10602
2.10602
2.10601
2.10601
2.10601
2.106
2.106
2.10599
2.10599
2.10598
2.10598
2.10598
2.10597
2.10597
2.10596
2.10596
2.10596
2.10595
2.10595
2.10595
2.10594
2.10594
2.10594
2.10593
2.10593
2.10592
2.10592
2.10592
2.10591
2.10591
2.10591
2.1059
2.1059
2.10589
2.10589
2.10589
2.10588
2.10588
2.10587
2.10587
2.10586
2.10586
2.10585
2.10585
2.10584
2.10584
2.10584
2.10583
2.10583
2.10582
2.10582
2.10582
2.10581
2.10581
2.10581
2.10581
2.1058
2.1058
2.1058
2.1058
2.1058
2.1058
2.1058
2.1058
2.1058
2.1058
2.1058
2.1058
2.1058
2.1058
2.1058
2.1058
2.1058
2.10581
2.10581
2.10581
2.10581
2.10581
2.10582
2.10582
2.10582
2.10582
2.10582
2.10583
2.10583
2.10583
2.10583
2.10583
2.10583
2.10584
2.10584
2.10584
2.10584
2.10584
2.10584
2.10584
2.10584
2.10584
2.10585
2.10585
2.10585
2.10584
2.10584
2.10584
2.10584
2.10584
2.10584
2.10584
2.10584
2.10583
2.10583
2.10583
2.10583
2.10582
2.10582
2.10582
2.10581
2.10581
2.1058
2.1058
2.10579
2.10579
2.10578
2.10577
2.10577
2.10576
2.10575
2.10575
2.10574
2.10573
2.10572
2.10572
2.10571
2.1057
2.10569
2.10568
2.10567
2.10566
2.10565
2.10564
2.10564
2.10563
2.10562
2.10561
2.1056
2.10559
2.10558
2.10557
2.10557
2.10556
2.10555
2.10555
2.10554
2.10553
2.10553
2.10552
2.10552
2.10551
2.10551
2.10551
2.1055
2.1055
2.1055
2.1055
2.1055
2.1055
2.10549
2.10549
2.1055
2.1055
2.1055
2.1055
2.1055
2.1055
2.1055
2.1055
2.10551
2.10551
2.10551
2.10551
2.10551
2.10551
2.10552
2.10552
2.10552
2.10552
2.10552
2.10552
2.10552
2.10552
2.10552
2.10552
2.10552
2.10552
2.10552
2.10552
2.10552
2.10552
2.10552
2.10551
2.10551
2.10551
2.10551
2.10551
2.10551
2.1055
2.1055
2.1055
2.1055
2.1055
2.1055
2.1055
2.1055
2.1055
2.1055
2.1055
2.10551
2.10551
2.10551
2.10552
2.10552
2.10553
2.10553
2.10554
2.10554
2.10555
2.10556
2.10557
2.10557
2.10558
2.10559
2.1056
2.10561
2.10562
2.10563
2.10564
2.10565
2.10566
2.10567
2.10568
2.1057
2.10571
2.10572
2.10573
2.10574
2.10575
2.10576
2.10578
2.10579
2.1058
2.10581
2.10582
2.10583
2.10584
2.10586
2.10587
2.10588
2.10589
2.1059
2.10591
2.10592
2.10593
2.10594
2.10595
2.10596
2.10597
2.10598
2.10599
2.106
2.10601
2.10602
2.10603
2.10604
2.10605
2.10606
2.10606
2.10607
2.10608
2.10608
2.10609
2.10609
2.1061
2.1061
2.1061
2.10611
2.10611
2.10611
2.10611
2.10611
2.10611
2.10611
2.10611
2.10611
2.10611
2.1061
2.1061
2.1061
2.1061
2.10609
2.10609
2.10608
2.10608
2.10608
2.10607
2.10607
2.10606
2.10606
2.10605
2.10605
2.10604
2.10604
2.10603
2.10603
2.10603
2.10602
2.10602
2.10601
2.10601
2.10601
2.106
2.106
2.106
2.10599
2.10599
2.10599
2.10598
2.10598
2.10598
2.10598
2.10597
2.10597
2.10597
2.10597
2.10597
2.10597
2.10596
2.10596
2.10596
2.10596
2.10596
2.10596
2.10596
2.10596
2.10596
2.10596
2.10596
2.10596
2.10596
2.10596
2.10596
2.10596
2.10596
2.10596
2.10596
2.10597
2.10597
2.10597
2.10597
2.10597
2.10598
2.10598
2.10598
2.10599
2.10599
2.10599
2.106
2.106
2.106
2.10601
2.10601
2.10602
2.10602
2.10602
2.10603
2.10603
2.10603
2.10604
2.10604
2.10604
2.10604
2.10605
2.10605
2.10605
2.10605
2.10606
2.10606
2.10606
2.10606
2.10606
2.10606
2.10606
2.10606
2.10606
2.10606
2.10606
2.10606
2.10606
2.10606
2.10606
2.10606
2.10606
2.10606
2.10606
2.10606
2.10605
2.10605
2.10605
2.10605
2.10604
2.10604
2.10604
2.10604
2.10603
2.10603
2.10603
2.10602
2.10602
2.10602
2.10601
2.10601
2.10601
2.106
2.106
2.106
2.10599
2.10599
2.10599
2.10598
2.10598
2.10598
2.10597
2.10597
2.10597
2.10597
2.10596
2.10596
2.10596
2.10596
2.10596
2.10595
2.10595
2.10595
2.10595
2.10595
2.10594
2.10594
2.10594
2.10594
2.10593
2.10593
2.10593
2.10592
2.10592
2.10592
2.10591
2.10591
2.1059
2.1059
2.10589
2.10588
2.10588
2.10587
2.10587
2.10586
2.10585
2.10585
2.10584
2.10584
2.10583
2.10582
2.10582
2.10581
2.10581
2.1058
2.1058
2.1058
2.10579
2.10579
2.10579
2.10578
2.10578
2.10578
2.10578
2.10578
2.10578
2.10578
2.10579
2.10579
2.10579
2.10579
2.1058
2.1058
2.1058
2.10581
2.10581
2.10582
2.10582
2.10583
2.10584
2.10584
2.10585
2.10585
2.10586
2.10587
2.10587
2.10588
2.10588
2.10589
2.1059
2.1059
2.10591
2.10592
2.10592
2.10593
2.10593
2.10594
2.10595
2.10595
2.10596
2.10596
2.10597
2.10597
2.10598
2.10598
2.10599
2.10599
2.106
2.106
2.10601
2.10601
2.10602
2.10602
2.10602
2.10603
2.10603
2.10604
2.10604
2.10604
2.10605
2.10605
2.10605
2.10606
2.10606
2.10606
2.10607
2.10607
2.10608
2.10608
2.10608
2.10609
2.10609
2.10609
2.1061
2.1061
2.10611
2.10611
2.10612
2.10612
2.10613
2.10613
2.10613
2.10614
2.10614
2.10615
2.10615
2.10616
2.10616
2.10617
2.10617
2.10618
2.10618
2.10619
2.10619
2.10619
2.1062
2.1062
2.1062
2.10621
2.10621
2.10621
2.10621
2.10622
2.10622
2.10622
2.10622
2.10622
2.10622
2.10621
2.10621
2.10621
2.10621
2.1062
2.1062
2.1062
2.10619
2.10619
2.10618
2.10618
2.10617
2.10616
2.10616
2.10615
2.10614
2.10614
2.10613
2.10612
2.10612
2.10611
2.10611
2.1061
2.10609
2.10609
2.10608
2.10608
2.10607
2.10607
2.10607
2.10606
2.10606
2.10606
2.10606
2.10606
2.10606
2.10606
2.10606
2.10606
2.10606
2.10606
2.10606
2.10607
2.10607
2.10607
2.10607
2.10608
2.10608
2.10608
2.10608
2.10609
2.10609
2.10609
2.1061
2.1061
2.1061
2.10611
2.10611
2.10611
2.10612
2.10612
2.10612
2.10612
2.10613
2.10613
2.10613
2.10613
2.10613
2.10613
2.10613
2.10613
2.10613
2.10613
2.10613
2.10613
2.10613
2.10613
2.10613
2.10613
2.10612
2.10612
2.10612
2.10612
2.10611
2.10611
2.1061
2.1061
2.1061
2.10609
2.10609
2.10609
2.10608
2.10608
2.10607
2.10607
2.10607
2.10607
2.10606
2.10606
2.10606
2.10606
2.10606
2.10606
2.10606
2.10606
2.10606
2.10606
2.10606
2.10607
2.10607
2.10607
2.10608
2.10608
2.10609
2.10609
2.1061
2.1061
2.10611
2.10612
2.10612
2.10613
2.10614
2.10614
2.10615
2.10616
2.10616
2.10617
2.10618
2.10619
2.10619
2.1062
2.1062
2.10621
2.10622
2.10622
2.10623
2.10623
2.10624
2.10624
2.10624
2.10625
2.10625
2.10625
2.10625
2.10625
2.10626
2.10626
2.10626
2.10626
2.10626
2.10626
2.10625
2.10625
2.10625
2.10625
2.10625
2.10625
2.10624
2.10624
2.10624
2.10624
2.10623
2.10623
2.10623
2.10623
2.10623
2.10622
2.10622
2.10622
2.10622
2.10622
2.10622
2.10621
2.10621
2.10621
2.10621
2.10621
2.10621
2.10621
2.10621
2.10622
2.10622
2.10622
2.10622
2.10622
2.10622
2.10623
2.10623
2.10623
2.10623
2.10623
2.10624
2.10624
2.10624
2.10624
2.10624
2.10624
2.10625
2.10625
2.10625
2.10625
2.10625
2.10624
2.10624
2.10624
2.10624
2.10623
2.10623
2.10623
2.10622
2.10621
2.10621
2.1062
2.10619
2.10618
2.10617
2.10616
2.10615
2.10614
2.10613
2.10612
2.1061
2.10609
2.10608
2.10606
2.10605
2.10603
2.10602
2.10601
2.10599
2.10598
2.10596
2.10595
2.10593
2.10592
2.1059
2.10589
2.10588
2.10587
2.10585
2.10584
2.10583
2.10582
2.10581
2.1058
2.10579
2.10578
2.10578
2.10577
2.10576
2.10576
2.10575
2.10575
2.10574
2.10574
2.10574
2.10573
2.10573
2.10573
2.10573
2.10573
2.10573
2.10573
2.10573
2.10573
2.10574
2.10574
2.10574
2.10574
2.10574
2.10575
2.10575
2.10576
2.10576
2.10576
2.10577
2.10577
2.10578
2.10578
2.10579
2.10579
2.10579
2.1058
2.1058
2.10581
2.10581
2.10582
2.10582
2.10582
2.10583
2.10583
2.10583
2.10584
2.10584
2.10584
2.10584
2.10584
2.10584
2.10585
2.10585
2.10585
2.10585
2.10584
2.10584
2.10584
2.10584
2.10584
2.10584
2.10583
2.10583
2.10583
2.10583
2.10582
2.10582
2.10582
2.10582
2.10581
2.10581
2.10581
2.1058
2.1058
2.1058
2.1058
2.10579
2.10579
2.10579
2.10579
2.10579
2.10579
2.10578
2.10578
2.10578
2.10578
2.10578
2.10578
2.10578
2.10578
2.10578
2.10578
2.10578
2.10579
2.10579
2.10579
2.10579
2.10579
2.1058
2.1058
2.1058
2.10581
2.10581
2.10582
2.10582
2.10583
2.10583
2.10584
2.10584
2.10585
2.10586
2.10586
2.10587
2.10588
2.10589
2.10589
2.1059
2.10591
2.10592
2.10592
2.10593
2.10594
2.10595
2.10595
2.10596
2.10597
2.10597
2.10598
2.10598
2.10599
2.10599
2.106
2.106
2.10601
2.10601
2.10601
2.10601
2.10602
2.10602
2.10602
2.10602
2.10602
2.10602
2.10602
2.10602
2.10602
2.10602
2.10602
2.10601
2.10601
2.10601
2.10601
2.106
2.106
2.106
2.10599
2.10599
2.10598
2.10598
2.10598
2.10597
2.10597
2.10597
2.10596
2.10596
2.10596
2.10595
2.10595
2.10595
2.10595
2.10594
2.10594
2.10594
2.10594
2.10594
2.10594
2.10594
2.10594
2.10594
2.10594
2.10594
2.10594
2.10594
2.10595
2.10595
2.10595
2.10595
2.10595
2.10595
2.10596
2.10596
2.10596
2.10596
2.10596
2.10596
2.10596
2.10596
2.10596
2.10596
2.10596
2.10596
2.10596
2.10596
2.10596
2.10595
2.10595
2.10595
2.10595
2.10594
2.10594
2.10594
2.10593
2.10593
2.10592
2.10592
2.10592
2.10591
2.10591
2.1059
2.1059
2.10589
2.10589
2.10589
2.10588
2.10588
2.10587
2.10587
2.10586
2.10585
2.10585
2.10584
2.10584
2.10583
2.10582
2.10582
2.10581
2.1058
2.1058
2.10579
2.10578
2.10577
2.10577
2.10576
2.10575
2.10575
2.10574
2.10573
2.10573
2.10572
2.10572
2.10571
2.10571
2.1057
2.1057
2.1057
2.1057
2.10569
2.10569
2.10569
2.10569
2.1057
2.1057
2.1057
2.1057
2.10571
2.10571
2.10572
2.10572
2.10573
2.10574
2.10574
2.10575
2.10576
2.10577
2.10577
2.10578
2.10579
2.1058
2.10581
2.10582
2.10583
2.10584
2.10585
2.10586
2.10586
2.10587
2.10588
2.10589
2.1059
2.1059
2.10591
2.10592
2.10592
2.10593
2.10593
2.10594
2.10594
2.10595
2.10595
2.10595
2.10596
2.10596
2.10596
2.10596
2.10596
2.10597
2.10597
2.10597
2.10597
2.10597
2.10597
2.10597
2.10597
2.10597
2.10597
2.10597
2.10597
2.10597
2.10597
2.10597
2.10597
2.10597
2.10597
2.10597
2.10597
2.10597
2.10597
2.10597
2.10597
2.10597
2.10597
2.10597
2.10597
2.10597
2.10597
2.10597
2.10597
2.10597
2.10597
2.10597
2.10597
2.10597
2.10597
2.10597
2.10597
2.10597
2.10597
2.10597
2.10597
2.10597
2.10597
2.10597
2.10597
2.10597
2.10597
2.10597
2.10598
2.10598
2.10598
2.10598
2.10598
2.10599
2.10599
2.10599
2.106
2.106
2.106
2.10601
2.10601
2.10601
2.10602
2.10602
2.10603
2.10603
2.10603
2.10604
2.10604
2.10604
2.10605
2.10605
2.10605
2.10606
2.10606
2.10606
2.10607
2.10607
2.10607
2.10607
2.10608
2.10608
2.10608
2.10608
2.10608
2.10608
2.10608
2.10608
2.10608
2.10608
2.10608
2.10608
2.10608
2.10608
2.10607
2.10607
2.10607
2.10607
2.10606
2.10606
2.10606
2.10605
2.10605
2.10604
2.10604
2.10603
2.10603
2.10602
2.10602
2.10601
2.106
2.106
2.10599
2.10599
2.10598
2.10597
2.10597
2.10596
2.10595
2.10595
2.10594
2.10593
2.10593
2.10592
2.10591
2.10591
2.1059
2.1059
2.10589
2.10588
2.10588
2.10587
2.10587
2.10586
2.10585
2.10585
2.10584
2.10584
2.10583
2.10583
2.10582
2.10581
2.10581
2.1058
2.1058
2.10579
2.10578
2.10578
2.10577
2.10577
2.10576
2.10575
2.10575
2.10574
2.10574
2.10573
2.10573
2.10572
2.10572
2.10571
2.10571
2.1057
2.1057
2.10569
2.10569
2.10569
2.10569
2.10568
2.10568
2.10568
2.10568
2.10568
2.10568
2.10568
2.10568
2.10568
2.10568
2.10568
2.10568
2.10568
2.10568
2.10569
2.10569
2.10569
2.10569
2.10569
2.1057
2.1057
2.1057
2.1057
2.1057
2.1057
2.10571
2.10571
2.10571
2.10571
2.10571
2.10571
2.10571
2.10571
2.10571
2.10571
2.1057
2.1057
2.1057
2.1057
2.1057
2.10569
2.10569
2.10569
2.10568
2.10568
2.10568
2.10567
2.10567
2.10567
2.10566
2.10566
2.10566
2.10566
2.10565
2.10565
2.10565
2.10564
2.10564
2.10564
2.10564
2.10564
2.10564
2.10563
2.10563
2.10563
2.10563
2.10563
2.10563
2.10563
2.10563
2.10563
2.10563
2.10563
2.10563
2.10563
2.10562
2.10562
2.10562
2.10562
2.10562
2.10562
2.10562
2.10562
2.10562
2.10562
2.10562
2.10562
2.10562
2.10562
2.10562
2.10562
2.10562
2.10562
2.10562
2.10562
2.10562
2.10562
2.10562
2.10563
2.10563
2.10563
2.10563
2.10563
2.10564
2.10564
2.10564
2.10565
2.10565
2.10565
2.10566
2.10566
2.10567
2.10567
2.10568
2.10568
2.10569
2.1057
2.1057
2.10571
2.10572
2.10572
2.10573
2.10574
2.10575
2.10576
2.10576
2.10577
2.10578
2.10579
2.1058
2.1058
2.10581
2.10582
2.10583
2.10584
2.10585
2.10585
2.10586
2.10587
2.10588
2.10589
2.10589
2.1059
2.10591
2.10591
2.10592
2.10593
2.10593
2.10594
2.10595
2.10595
2.10596
2.10596
2.10597
2.10597
2.10598
2.10598
2.10598
2.10598
2.10599
2.10599
2.10599
2.10599
2.10599
2.10599
2.10599
2.10599
2.10598
2.10598
2.10598
2.10597
2.10597
2.10596
2.10596
2.10595
2.10594
2.10593
2.10593
2.10592
2.10591
2.1059
2.10589
2.10588
2.10587
2.10586
2.10585
2.10584
2.10583
2.10582
2.10581
2.1058
2.10579
2.10578
2.10577
2.10576
2.10575
2.10575
2.10574
2.10573
2.10573
2.10572
2.10572
2.10572
2.10571
2.10571
2.10571
2.10571
2.10571
2.10571
2.10571
2.10571
2.10572
2.10572
2.10572
2.10573
2.10574
2.10574
2.10575
2.10576
2.10576
2.10577
2.10578
2.10579
2.1058
2.10581
2.10582
2.10583
2.10584
2.10585
2.10586
2.10587
2.10588
2.10589
2.10591
2.10592
2.10593
2.10594
2.10595
2.10596
2.10597
2.10598
2.10599
2.106
2.10601
2.10602
2.10603
2.10604
2.10605
2.10606
2.10607
2.10607
2.10608
2.10609
2.10609
2.1061
2.1061
2.10611
2.10611
2.10612
2.10612
2.10612
2.10612
2.10612
2.10612
2.10612
2.10612
2.10612
2.10612
2.10612
2.10612
2.10612
2.10611
2.10611
2.10611
2.1061
2.1061
2.10609
2.10609
2.10609
2.10608
2.10608
2.10607
2.10607
2.10606
2.10606
2.10605
2.10605
2.10604
2.10604
2.10603
2.10603
2.10602
2.10602
2.10601
2.10601
2.106
2.106
2.10599
2.10599
2.10599
2.10598
2.10598
2.10597
2.10597
2.10597
2.10596
2.10596
2.10596
2.10595
2.10595
2.10595
2.10595
2.10595
2.10595
2.10595
2.10595
2.10594
2.10594
2.10594
2.10595
2.10595
2.10595
2.10595
2.10595
2.10595
2.10595
2.10595
2.10595
2.10595
2.10595
2.10595
2.10595
2.10595
2.10595
2.10595
2.10595
2.10595
2.10595
2.10595
2.10595
2.10595
2.10595
2.10595
2.10594
2.10594
2.10594
2.10594
2.10594
2.10594
2.10593
2.10593
2.10593
2.10593
2.10593
2.10593
2.10593
2.10593
2.10593
2.10593
2.10593
2.10593
2.10593
2.10594
2.10594
2.10594
2.10595
2.10595
2.10596
2.10596
2.10597
2.10597
2.10598
2.10599
2.10599
2.106
2.10601
2.10602
2.10602
2.10603
2.10604
2.10605
2.10605
2.10606
2.10607
2.10608
2.10608
2.10609
2.1061
2.1061
2.10611
2.10611
2.10612
2.10612
2.10613
2.10613
2.10613
2.10613
2.10614
2.10614
2.10614
2.10614
2.10614
2.10614
2.10614
2.10614
2.10613
2.10613
2.10613
2.10612
2.10612
2.10612
2.10611
2.10611
2.1061
2.1061
2.10609
2.10608
2.10607
2.10607
2.10606
2.10605
2.10604
2.10603
2.10602
2.10601
2.106
2.10599
2.10598
2.10597
2.10596
2.10595
2.10594
2.10593
2.10592
2.1059
2.10589
2.10588
2.10587
2.10586
2.10585
2.10584
2.10582
2.10581
2.1058
2.10579
2.10578
2.10577
2.10576
2.10575
2.10574
2.10573
2.10572
2.10571
2.1057
2.10569
2.10568
2.10567
2.10567
2.10566
2.10565
2.10564
2.10564
2.10563
2.10562
2.10562
2.10561
2.10561
2.1056
2.1056
2.10559
2.10559
2.10559
2.10559
2.10558
2.10558
2.10558
2.10558
2.10558
2.10558
2.10559
2.10559
2.10559
2.10559
2.1056
2.1056
2.10561
2.10561
2.10562
2.10562
2.10563
2.10564
2.10565
2.10566
2.10567
2.10567
2.10568
2.1057
2.10571
2.10572
2.10573
2.10574
2.10576
2.10577
2.10578
2.1058
2.10581
2.10582
2.10584
2.10586
2.10587
2.10589
2.1059
2.10592
2.10593
2.10595
2.10597
2.10598
2.106
2.10601
2.10603
2.10605
2.10606
2.10608
2.10609
2.10611
2.10612
2.10613
2.10615
2.10616
2.10617
2.10619
2.1062
2.10621
2.10622
2.10623
2.10624
2.10625
2.10626
2.10627
2.10628
2.10629
2.1063
2.10631
2.10632
2.10632
2.10633
2.10634
2.10634
2.10635
2.10636
2.10636
2.10637
2.10638
2.10638
2.10639
2.10639
2.1064
2.1064
2.10641
2.10641
2.10641
2.10642
2.10642
2.10643
2.10643
2.10643
2.10644
2.10644
2.10644
2.10645
2.10645
2.10645
2.10645
2.10646
2.10646
2.10646
2.10647
2.10647
2.10647
2.10648
2.10648
2.10648
2.10648
2.10649
2.10649
2.10649
2.10649
2.1065
2.1065
2.1065
2.1065
2.10651
2.10651
2.10651
2.10651
2.10651
2.10651
2.10651
2.10651
2.10651
2.10651
2.10651
2.10651
2.1065
2.1065
2.1065
2.1065
2.10649
2.10649
2.10649
2.10648
2.10648
2.10647
2.10647
2.10646
2.10646
2.10645
2.10644
2.10644
2.10643
2.10642
2.10641
2.10641
2.1064
2.10639
2.10638
2.10637
2.10636
2.10635
2.10634
2.10633
2.10632
2.10631
2.1063
2.10628
2.10627
2.10626
2.10625
2.10624
2.10623
2.10622
2.1062
2.10619
2.10618
2.10617
2.10616
2.10615
2.10614
2.10613
2.10612
2.10611
2.1061
2.10609
2.10609
2.10608
2.10607
2.10606
2.10606
2.10605
2.10605
2.10604
2.10604
2.10604
2.10603
2.10603
2.10603
2.10603
2.10602
2.10602
2.10602
2.10602
2.10602
2.10602
2.10602
2.10602
2.10602
2.10602
2.10602
2.10602
2.10602
2.10602
2.10602
2.10602
2.10602
2.10602
2.10602
2.10602
2.10602
2.10602
2.10602
2.10602
2.10602
2.10602
2.10602
2.10602
2.10602
2.10602
2.10602
2.10602
2.10602
2.10602
2.10601
2.10601
2.10601
2.10601
2.10601
2.10601
2.10601
2.10601
2.10601
2.10601
2.10601
2.10601
2.106
2.106
2.106
2.106
2.106
2.106
2.106
2.10599
2.10599
2.10599
2.10599
2.10599
2.10598
2.10598
2.10598
2.10598
2.10597
2.10597
2.10597
2.10597
2.10596
2.10596
2.10596
2.10595
2.10595
2.10595
2.10594
2.10594
2.10594
2.10593
2.10593
2.10592
2.10592
2.10592
2.10591
2.10591
2.10591
2.1059
2.1059
2.1059
2.10589
2.10589
2.10589
2.10588
2.10588
2.10588
2.10588
2.10587
2.10587
2.10587
2.10587
2.10587
2.10586
2.10586
2.10586
2.10586
2.10586
2.10585
2.10585
2.10585
2.10585
2.10585
2.10585
2.10584
2.10584
2.10584
2.10584
2.10584
2.10584
2.10583
2.10583
2.10583
2.10583
2.10582
2.10582
2.10582
2.10582
2.10581
2.10581
2.10581
2.1058
2.1058
2.1058
2.10579
2.10579
2.10579
2.10578
2.10578
2.10578
2.10577
2.10577
2.10577
2.10576
2.10576
2.10576
2.10576
2.10575
2.10575
2.10575
2.10575
2.10575
2.10575
2.10575
2.10575
2.10575
2.10575
2.10575
2.10575
2.10575
2.10575
2.10575
2.10576
2.10576
2.10576
2.10576
2.10576
2.10577
2.10577
2.10577
2.10577
2.10578
2.10578
2.10578
2.10578
2.10579
2.10579
2.10579
2.1058
2.1058
2.1058
2.1058
2.10581
2.10581
2.10581
2.10581
2.10582
2.10582
2.10582
2.10582
2.10583
2.10583
2.10583
2.10583
2.10583
2.10584
2.10584
2.10584
2.10584
2.10584
2.10584
2.10585
2.10585
2.10585
2.10585
2.10585
2.10585
2.10585
2.10585
2.10585
2.10585
2.10585
2.10584
2.10584
2.10584
2.10584
2.10583
2.10583
2.10583
2.10582
2.10582
2.10582
2.10581
2.10581
2.1058
2.10579
2.10579
2.10578
2.10578
2.10577
2.10576
2.10576
2.10575
2.10574
2.10573
2.10573
2.10572
2.10571
2.1057
2.1057
2.10569
2.10568
2.10567
2.10566
2.10566
2.10565
2.10564
2.10564
2.10563
2.10562
2.10562
2.10561
2.1056
2.1056
2.10559
2.10559
2.10558
2.10558
2.10558
2.10557
2.10557
2.10557
2.10556
2.10556
2.10556
2.10556
2.10556
2.10556
2.10556
2.10556
2.10556
2.10556
2.10556
2.10556
2.10556
2.10557
2.10557
2.10557
2.10558
2.10558
2.10558
2.10559
2.10559
2.10559
2.1056
2.1056
2.10561
2.10561
2.10562
2.10562
2.10562
2.10563
2.10563
2.10563
2.10563
2.10564
2.10564
2.10564
2.10564
2.10564
2.10565
2.10565
2.10565
2.10565
2.10565
2.10565
2.10565
2.10565
2.10565
2.10565
2.10565
2.10565
2.10565
2.10565
2.10565
2.10565
2.10565
2.10565
2.10565
2.10565
2.10565
2.10565
2.10565
2.10565
2.10565
2.10565
2.10565
2.10565
2.10566
2.10566
2.10566
2.10566
2.10566
2.10566
2.10566
2.10566
2.10566
2.10567
2.10567
2.10567
2.10567
2.10567
2.10567
2.10567
2.10568
2.10568
2.10568
2.10568
2.10568
2.10568
2.10569
2.10569
2.10569
2.10569
2.10569
2.10569
2.1057
2.1057
2.1057
2.1057
2.1057
2.1057
2.1057
2.10571
2.10571
2.10571
2.10571
2.10571
2.10571
2.10571
2.10571
2.10571
2.10571
2.10571
2.10571
2.10571
2.10571
2.10571
2.10571
2.10571
2.10571
2.10571
2.10571
2.10571
2.10571
2.10571
2.10571
2.10571
2.10571
2.1057
2.1057
2.1057
2.1057
2.1057
2.1057
2.1057
2.1057
2.1057
2.1057
2.1057
2.1057
2.1057
2.1057
2.10569
2.10569
2.10569
2.10569
2.10569
2.10569
2.10569
2.10569
2.10569
2.10569
2.10569
2.10569
2.10569
2.10569
2.10569
2.10569
2.10569
2.10569
2.10569
2.10569
2.10568
2.10568
2.10568
2.10568
2.10568
2.10568
2.10568
2.10567
2.10567
2.10567
2.10567
2.10566
2.10566
2.10565
2.10565
2.10565
2.10564
2.10564
2.10563
2.10562
2.10562
2.10561
2.10561
2.1056
2.10559
2.10559
2.10558
2.10557
2.10557
2.10556
2.10555
2.10555
2.10554
2.10553
2.10553
2.10552
2.10552
2.10551
2.10551
2.1055
2.1055
2.1055
2.1055
2.10549
2.10549
2.10549
2.10549
2.10549
2.10549
2.10549
2.1055
2.1055
2.1055
2.10551
2.10551
2.10552
2.10552
2.10553
2.10553
2.10554
2.10555
2.10555
2.10556
2.10557
2.10558
2.10559
2.10559
2.1056
2.10561
2.10562
2.10563
2.10563
2.10564
2.10565
2.10566
2.10566
2.10567
2.10567
2.10568
2.10568
2.10569
2.10569
2.1057
2.1057
2.1057
2.10571
2.10571
2.10571
2.10571
2.10571
2.10571
2.10571
2.10571
2.10571
2.10571
2.10571
2.10571
2.10571
2.10571
2.1057
2.1057
2.1057
2.1057
2.1057
2.1057
2.10569
2.10569
2.10569
2.10569
2.10569
2.10568
2.10568
2.10568
2.10568
2.10568
2.10567
2.10567
2.10567
2.10567
2.10566
2.10566
2.10566
2.10566
2.10565
2.10565
2.10565
2.10564
2.10564
2.10564
2.10563
2.10563
2.10562
2.10562
2.10562
2.10561
2.10561
2.10561
2.1056
2.1056
2.10559
2.10559
2.10559
2.10559
2.10558
2.10558
2.10558
2.10558
2.10558
2.10557
2.10557
2.10557
2.10557
2.10557
2.10557
2.10557
2.10557
2.10557
2.10557
2.10557
2.10558
2.10558
2.10558
2.10558
2.10558
2.10558
2.10558
2.10559
2.10559
2.10559
2.10559
2.10559
2.10559
2.10559
2.1056
2.1056
2.1056
2.1056
2.1056
2.1056
2.1056
2.1056
2.1056
2.1056
2.10561
2.10561
2.10561
2.10561
2.10561
2.10561
2.10561
2.10561
2.10561
2.10561
2.10561
2.10562
2.10562
2.10562
2.10562
2.10562
2.10562
2.10562
2.10563
2.10563
2.10563
2.10563
2.10564
2.10564
2.10564
2.10564
2.10565
2.10565
2.10566
2.10566
2.10566
2.10567
2.10567
2.10568
2.10568
2.10569
2.1057
2.1057
2.10571
2.10572
2.10572
2.10573
2.10574
2.10575
2.10576
2.10577
2.10578
2.10578
2.10579
2.1058
2.10581
2.10582
2.10583
2.10584
2.10585
2.10586
2.10587
2.10588
2.10589
2.1059
2.10591
2.10592
2.10593
2.10594
2.10595
2.10596
2.10597
2.10597
2.10598
2.10599
2.106
2.106
2.10601
2.10602
2.10602
2.10603
2.10603
2.10604
2.10604
2.10604
2.10605
2.10605
2.10605
2.10605
2.10606
2.10606
2.10606
2.10606
2.10606
2.10606
2.10606
2.10606
2.10605
2.10605
2.10605
2.10605
2.10604
2.10604
2.10603
2.10603
2.10602
2.10602
2.10601
2.10601
2.106
2.10599
2.10599
2.10598
2.10597
2.10597
2.10596
2.10595
2.10594
2.10593
2.10592
2.10591
2.10591
2.1059
2.10589
2.10588
2.10587
2.10586
2.10585
2.10584
2.10584
2.10583
2.10582
2.10581
2.1058
2.1058
2.10579
2.10578
2.10577
2.10577
2.10576
2.10576
2.10575
2.10574
2.10574
2.10573
2.10573
2.10573
2.10572
2.10572
2.10571
2.10571
2.10571
2.10571
2.1057
2.1057
2.1057
2.1057
2.1057
2.1057
2.1057
2.1057
2.1057
2.1057
2.1057
2.1057
2.1057
2.1057
2.1057
2.1057
2.10571
2.10571
2.10571
2.10571
2.10572
2.10572
2.10573
2.10573
2.10573
2.10574
2.10575
2.10575
2.10576
2.10576
2.10577
2.10578
2.10578
2.10579
2.1058
2.10581
2.10582
2.10582
2.10583
2.10584
2.10585
2.10586
2.10587
2.10588
2.10589
2.1059
2.10591
2.10591
2.10592
2.10593
2.10594
2.10595
2.10596
2.10597
2.10597
2.10598
2.10599
2.10599
2.106
2.10601
2.10601
2.10602
2.10602
2.10603
2.10603
2.10603
2.10604
2.10604
2.10604
2.10604
2.10604
2.10604
2.10605
2.10605
2.10604
2.10604
2.10604
2.10604
2.10604
2.10604
2.10604
2.10603
2.10603
2.10603
2.10603
2.10602
2.10602
2.10602
2.10601
2.10601
2.10601
2.106
2.106
2.106
2.10599
2.10599
2.10599
2.10599
2.10599
2.10598
2.10598
2.10598
2.10598
2.10598
2.10598
2.10599
2.10599
2.10599
2.10599
2.106
2.106
2.106
2.10601
2.10601
2.10602
2.10603
2.10603
2.10604
2.10605
2.10605
2.10606
2.10607
2.10608
2.10609
2.1061
2.10611
2.10612
2.10613
2.10614
2.10615
2.10616
2.10617
2.10618
2.10619
2.1062
2.10621
2.10622
2.10623
2.10624
2.10625
2.10626
2.10627
2.10628
2.10629
2.1063
2.10631
2.10632
2.10633
2.10634
2.10635
2.10636
2.10637
2.10638
2.1064
2.10641
2.10642
2.10643
2.10644
2.10646
2.10647
2.10648
2.10649
2.1065
2.10652
2.10653
2.10654
2.10655
2.10657
2.10658
2.10659
2.1066
2.10661
2.10662
2.10663
2.10664
2.10665
2.10666
2.10667
2.10667
2.10668
2.10669
2.10669
2.1067
2.1067
2.10671
2.10671
2.10671
2.10671
2.10672
2.10672
2.10672
2.10672
2.10672
2.10672
2.10672
2.10671
2.10671
2.10671
2.1067
2.1067
2.10669
2.10669
2.10668
2.10668
2.10667
2.10666
2.10666
2.10665
2.10664
2.10663
2.10662
2.10661
2.1066
2.10659
2.10658
2.10657
2.10656
2.10655
2.10654
2.10653
2.10652
2.10651
2.1065
2.10649
2.10647
2.10646
2.10645
2.10644
2.10643
2.10642
2.10641
2.1064
2.10639
2.10637
2.10636
2.10635
2.10634
2.10633
2.10632
2.10631
2.10631
2.1063
2.10629
2.10628
2.10627
2.10626
2.10626
2.10625
2.10624
2.10624
2.10623
2.10622
2.10622
2.10621
2.10621
2.1062
2.1062
2.10619
2.10618
2.10618
2.10618
2.10617
2.10617
2.10616
2.10616
2.10615
2.10615
2.10614
2.10614
2.10613
2.10613
2.10612
2.10612
2.10611
2.10611
2.1061
2.1061
2.10609
2.10608
2.10608
2.10607
2.10607
2.10606
2.10606
2.10605
2.10604
2.10604
2.10603
2.10603
2.10602
2.10602
2.10601
2.10601
2.106
2.106
2.10599
2.10599
2.10598
2.10598
2.10598
2.10597
2.10597
2.10597
2.10596
2.10596
2.10596
2.10596
2.10596
2.10595
2.10595
2.10595
2.10595
2.10595
2.10595
2.10595
2.10595
2.10595
2.10595
2.10595
2.10595
2.10595
2.10595
2.10595
2.10596
2.10596
2.10596
2.10596
2.10596
2.10596
2.10596
2.10596
2.10596
2.10596
2.10596
2.10596
2.10596
2.10596
2.10596
2.10596
2.10596
2.10596
2.10596
2.10596
2.10596
2.10596
2.10596
2.10596
2.10596
2.10596
2.10596
2.10596
2.10596
2.10596
2.10596
2.10597
2.10597
2.10597
2.10597
2.10598
2.10598
2.10599
2.10599
2.106
2.106
2.10601
2.10601
2.10602
2.10603
2.10603
2.10604
2.10605
2.10605
2.10606
2.10607
2.10608
2.10608
2.10609
2.1061
2.10611
2.10611
2.10612
2.10613
2.10613
2.10614
2.10615
2.10615
2.10616
2.10617
2.10617
2.10618
2.10618
2.10619
2.10619
2.1062
2.1062
2.10621
2.10621
2.10621
2.10622
2.10622
2.10622
2.10623
2.10623
2.10623
2.10623
2.10623
2.10624
2.10624
2.10624
2.10624
2.10624
2.10624
2.10624
2.10624
2.10624
2.10624
2.10624
2.10624
2.10624
2.10624
2.10624
2.10624
2.10623
2.10623
2.10623
2.10623
2.10623
2.10622
2.10622
2.10622
2.10622
2.10621
2.10621
2.1062
2.1062
2.1062
2.10619
2.10619
2.10618
2.10618
2.10617
2.10617
2.10616
2.10616
2.10615
2.10614
2.10614
2.10613
2.10612
2.10612
2.10611
2.1061
2.10609
2.10609
2.10608
2.10607
2.10606
2.10605
2.10605
2.10604
2.10603
2.10602
2.10601
2.106
2.106
2.10599
2.10598
2.10597
2.10596
2.10596
2.10595
2.10594
2.10594
2.10593
2.10592
2.10592
2.10591
2.10591
2.1059
2.1059
2.10589
2.10589
2.10588
2.10588
2.10587
2.10587
2.10587
2.10586
2.10586
2.10585
2.10585
2.10585
2.10584
2.10584
2.10584
2.10584
2.10583
2.10583
2.10583
2.10583
2.10582
2.10582
2.10582
2.10582
2.10582
2.10582
2.10582
2.10582
2.10582
2.10582
2.10582
2.10583
2.10583
2.10583
2.10583
2.10584
2.10584
2.10585
2.10585
2.10586
2.10586
2.10587
2.10588
2.10588
2.10589
2.1059
2.1059
2.10591
2.10592
2.10593
2.10593
2.10594
2.10595
2.10595
2.10596
2.10597
2.10597
2.10598
2.10599
2.10599
2.106
2.106
2.10601
2.10602
2.10602
2.10602
2.10603
2.10603
2.10604
2.10604
2.10604
2.10605
2.10605
2.10605
2.10605
2.10605
2.10605
2.10606
2.10606
2.10606
2.10606
2.10606
2.10606
2.10606
2.10606
2.10606
2.10606
2.10606
2.10605
2.10605
2.10605
2.10605
2.10605
2.10605
2.10605
2.10605
2.10605
2.10605
2.10605
2.10605
2.10604
2.10604
2.10604
2.10604
2.10605
2.10605
2.10605
2.10605
2.10605
2.10605
2.10605
2.10606
2.10606
2.10606
2.10606
2.10607
2.10607
2.10607
2.10608
2.10608
2.10608
2.10609
2.10609
2.1061
2.1061
2.10611
2.10611
2.10611
2.10612
2.10612
2.10613
2.10613
2.10614
2.10614
2.10614
2.10615
2.10615
2.10616
2.10616
2.10616
2.10617
2.10617
2.10617
2.10617
2.10617
2.10618
2.10618
2.10618
2.10618
2.10618
2.10618
2.10618
2.10618
2.10618
2.10617
2.10617
2.10617
2.10617
2.10617
2.10616
2.10616
2.10616
2.10615
2.10615
2.10615
2.10614
2.10614
2.10614
2.10613
2.10613
2.10613
2.10612
2.10612
2.10612
2.10611
2.10611
2.1061
2.1061
2.1061
2.1061
2.10609
2.10609
2.10609
2.10608
2.10608
2.10608
2.10608
2.10608
2.10608
2.10608
2.10608
2.10608
2.10608
2.10608
2.10608
2.10609
2.10609
2.10609
2.1061
2.1061
2.10611
2.10612
2.10612
2.10613
2.10614
2.10615
2.10616
2.10617
2.10618
2.10619
2.1062
2.10621
2.10622
2.10623
2.10624
2.10625
2.10627
2.10628
2.10629
2.1063
2.10631
2.10633
2.10634
2.10635
2.10636
2.10637
2.10638
2.10639
2.1064
2.10641
2.10641
2.10642
2.10643
2.10644
2.10644
2.10645
2.10645
2.10646
2.10646
2.10647
2.10647
2.10647
2.10647
2.10648
2.10648
2.10648
2.10648
2.10648
2.10648
2.10648
2.10647
2.10647
2.10647
2.10647
2.10646
2.10646
2.10646
2.10645
2.10645
2.10644
2.10644
2.10643
2.10643
2.10642
2.10642
2.10641
2.10641
2.1064
2.10639
2.10639
2.10638
2.10637
2.10637
2.10636
2.10635
2.10635
2.10634
2.10633
2.10633
2.10632
2.10631
2.1063
2.1063
2.10629
2.10628
2.10628
2.10627
2.10626
2.10625
2.10625
2.10624
2.10623
2.10622
2.10622
2.10621
2.1062
2.10619
2.10619
2.10618
2.10617
2.10616
2.10616
2.10615
2.10614
2.10613
2.10612
2.10612
2.10611
2.1061
2.10609
2.10609
2.10608
2.10607
2.10606
2.10605
2.10605
2.10604
2.10603
2.10602
2.10601
2.106
2.106
2.10599
2.10598
2.10597
2.10596
2.10595
2.10594
2.10593
2.10592
2.10591
2.1059
2.10589
2.10589
2.10588
2.10587
2.10586
2.10585
2.10584
2.10583
2.10582
2.10581
2.10581
2.1058
2.10579
2.10579
2.10578
2.10577
2.10577
2.10576
2.10576
2.10576
2.10575
2.10575
2.10575
2.10575
2.10575
2.10575
2.10575
2.10575
2.10575
2.10575
2.10575
2.10576
2.10576
2.10576
2.10577
2.10577
2.10578
2.10578
2.10579
2.1058
2.1058
2.10581
2.10581
2.10582
2.10583
2.10584
2.10584
2.10585
2.10586
2.10586
2.10587
2.10588
2.10588
2.10589
2.1059
2.10591
2.10591
2.10592
2.10592
2.10593
2.10594
2.10594
2.10595
2.10595
2.10596
2.10596
2.10597
2.10597
2.10598
2.10598
2.10598
2.10599
2.10599
2.10599
2.106
2.106
2.106
2.106
2.10601
2.10601
2.10601
2.10601
2.10601
2.10601
2.10602
2.10602
2.10602
2.10602
2.10602
2.10602
2.10602
2.10602
2.10602
2.10602
2.10603
2.10603
2.10603
2.10603
2.10603
2.10603
2.10603
2.10603
2.10603
2.10603
2.10603
2.10603
2.10603
2.10603
2.10603
2.10603
2.10603
2.10603
2.10603
2.10603
2.10603
2.10603
2.10603
2.10603
2.10603
2.10603
2.10603
2.10603
2.10603
2.10603
2.10603
2.10603
2.10603
2.10603
2.10603
2.10603
2.10604
2.10604
2.10604
2.10604
2.10604
2.10605
2.10605
2.10605
2.10605
2.10606
2.10606
2.10606
2.10607
2.10607
2.10608
2.10608
2.10608
2.10609
2.10609
2.1061
2.1061
2.10611
2.10611
2.10612
2.10612
2.10613
2.10613
2.10614
2.10614
2.10615
2.10615
2.10616
2.10616
2.10617
2.10618
2.10618
2.10619
2.10619
2.1062
2.1062
2.10621
2.10621
2.10622
2.10622
2.10623
2.10623
2.10624
2.10624
2.10625
2.10625
2.10626
2.10626
2.10627
2.10627
2.10627
2.10628
2.10628
2.10628
2.10629
2.10629
2.10629
2.1063
2.1063
2.1063
2.1063
2.10631
2.10631
2.10631
2.10631
2.10631
2.10632
2.10632
2.10632
2.10632
2.10632
2.10632
2.10633
2.10633
2.10633
2.10633
2.10633
2.10634
2.10634
2.10634
2.10634
2.10634
2.10634
2.10634
2.10635
2.10635
2.10635
2.10635
2.10635
2.10635
2.10635
2.10635
2.10634
2.10634
2.10634
2.10634
2.10633
2.10633
2.10633
2.10632
2.10632
2.10631
2.10631
2.1063
2.10629
2.10629
2.10628
2.10627
2.10626
2.10625
2.10625
2.10624
2.10623
2.10622
2.10621
2.1062
2.10619
2.10618
2.10617
2.10616
2.10615
2.10614
2.10613
2.10612
2.10611
2.1061
2.1061
2.10609
2.10608
2.10607
2.10606
2.10605
2.10605
2.10604
2.10603
2.10603
2.10602
2.10602
2.10601
2.10601
2.106
2.106
2.10599
2.10599
2.10599
2.10598
2.10598
2.10598
2.10598
2.10597
2.10597
2.10597
2.10597
2.10597
2.10597
2.10597
2.10596
2.10596
2.10596
2.10596
2.10596
2.10596
2.10596
2.10596
2.10595
2.10595
2.10595
2.10595
2.10594
2.10594
2.10594
2.10594
2.10593
2.10593
2.10592
2.10592
2.10591
2.10591
2.1059
2.1059
2.10589
2.10589
2.10588
2.10587
2.10587
2.10586
2.10585
2.10585
2.10584
2.10584
2.10583
2.10582
2.10582
2.10581
2.10581
2.1058
2.1058
2.10579
2.10579
2.10579
2.10578
2.10578
2.10578
2.10577
2.10577
2.10577
2.10577
2.10576
2.10576
2.10576
2.10576
2.10576
2.10576
2.10576
2.10576
2.10576
2.10575
2.10575
2.10575
2.10575
2.10575
2.10575
2.10575
2.10575
2.10575
2.10574
2.10574
2.10574
2.10574
2.10574
2.10574
2.10574
2.10573
2.10573
2.10573
2.10573
2.10573
2.10573
2.10573
2.10573
2.10573
2.10573
2.10573
2.10573
2.10573
2.10573
2.10573
2.10573
2.10573
2.10573
2.10573
2.10573
2.10574
2.10574
2.10574
2.10574
2.10574
2.10574
2.10575
2.10575
2.10575
2.10575
2.10576
2.10576
2.10576
2.10576
2.10576
2.10577
2.10577
2.10577
2.10577
2.10577
2.10578
2.10578
2.10578
2.10578
2.10578
2.10578
2.10578
2.10579
2.10579
2.10579
2.10579
2.10579
2.10579
2.10579
2.1058
2.1058
2.1058
2.1058
2.1058
2.1058
2.10581
2.10581
2.10581
2.10582
2.10582
2.10582
2.10583
2.10583
2.10584
2.10584
2.10585
2.10585
2.10586
2.10586
2.10587
2.10588
2.10588
2.10589
2.1059
2.1059
2.10591
2.10592
2.10592
2.10593
2.10594
2.10595
2.10595
2.10596
2.10597
2.10598
2.10598
2.10599
2.106
2.10601
2.10602
2.10602
2.10603
2.10604
2.10605
2.10605
2.10606
2.10607
2.10608
2.10609
2.1061
2.1061
2.10611
2.10612
2.10613
2.10614
2.10615
2.10616
2.10616
2.10617
2.10618
2.10619
2.1062
2.10621
2.10621
2.10622
2.10623
2.10623
2.10624
2.10625
2.10625
2.10626
2.10626
2.10627
2.10627
2.10628
2.10628
2.10628
2.10629
2.10629
2.10629
2.10629
2.10629
2.10629
2.10629
2.10629
2.10629
2.10629
2.10629
2.10629
2.10628
2.10628
2.10628
2.10627
2.10627
2.10626
2.10626
2.10625
2.10625
2.10624
2.10624
2.10623
2.10622
2.10622
2.10621
2.1062
2.1062
2.10619
2.10618
2.10617
2.10616
2.10615
2.10615
2.10614
2.10613
2.10612
2.10611
2.1061
2.10609
2.10608
2.10607
2.10605
2.10604
2.10603
2.10602
2.10601
2.106
2.10599
2.10597
2.10596
2.10595
2.10594
2.10593
2.10591
2.1059
2.10589
2.10588
2.10587
2.10586
2.10585
2.10584
2.10583
2.10582
2.10582
2.10581
2.1058
2.10579
2.10579
2.10578
2.10578
2.10578
2.10577
2.10577
2.10577
2.10577
2.10577
2.10577
2.10577
2.10577
2.10577
2.10578
2.10578
2.10578
2.10579
2.10579
2.1058
2.1058
2.10581
2.10582
2.10583
2.10583
2.10584
2.10585
2.10586
2.10587
2.10588
2.10589
2.1059
2.10591
2.10592
2.10593
2.10594
2.10595
2.10596
2.10598
2.10599
2.106
2.10601
2.10602
2.10603
2.10604
2.10605
2.10606
2.10608
2.10609
2.1061
2.10611
2.10612
2.10613
2.10613
2.10614
2.10615
2.10616
2.10617
2.10618
2.10618
2.10619
2.1062
2.1062
2.10621
2.10621
2.10622
2.10622
2.10623
2.10623
2.10624
2.10624
2.10624
2.10624
2.10625
2.10625
2.10625
2.10625
2.10625
2.10625
2.10625
2.10625
2.10625
2.10625
2.10625
2.10625
2.10625
2.10625
2.10625
2.10625
2.10624
2.10624
2.10624
2.10624
2.10624
2.10624
2.10624
2.10624
2.10624
2.10624
2.10625
2.10625
2.10625
2.10625
2.10625
2.10625
2.10625
2.10626
2.10626
2.10626
2.10626
2.10627
2.10627
2.10627
2.10628
2.10628
2.10628
2.10628
2.10629
2.10629
2.10629
2.10629
2.1063
2.1063
2.1063
2.1063
2.10631
2.10631
2.10631
2.10631
2.10631
2.10631
2.10631
2.10631
2.10631
2.10631
2.10631
2.10631
2.10631
2.10631
2.10631
2.1063
2.1063
2.1063
2.1063
2.10629
2.10629
2.10629
2.10629
2.10628
2.10628
2.10628
2.10627
2.10627
2.10627
2.10627
2.10626
2.10626
2.10626
2.10625
2.10625
2.10625
2.10625
2.10624
2.10624
2.10624
2.10624
2.10623
2.10623
2.10623
2.10622
2.10622
2.10622
2.10621
2.10621
2.1062
2.1062
2.10619
2.10619
2.10618
2.10618
2.10617
2.10617
2.10616
2.10615
2.10614
2.10614
2.10613
2.10612
2.10611
2.10611
2.1061
2.10609
2.10608
2.10607
2.10606
2.10605
2.10604
2.10603
2.10603
2.10602
2.10601
2.106
2.10599
2.10599
2.10598
2.10597
2.10597
2.10596
2.10595
2.10595
2.10594
2.10594
2.10593
2.10593
2.10592
2.10592
2.10592
2.10592
2.10591
2.10591
2.10591
2.10591
2.1059
2.1059
2.1059
2.1059
2.1059
2.1059
2.1059
2.10589
2.10589
2.10589
2.10589
2.10589
2.10589
2.10589
2.10589
2.10589
2.10589
2.10589
2.10589
2.10589
2.10589
2.10589
2.10589
2.10589
2.10589
2.10589
2.10589
2.10589
2.10589
2.1059
2.1059
2.1059
2.10591
2.10591
2.10592
2.10592
2.10592
2.10593
2.10594
2.10594
2.10595
2.10595
2.10596
2.10597
2.10597
2.10598
2.10599
2.10599
2.106
2.10601
2.10601
2.10602
2.10603
2.10603
2.10604
2.10604
2.10605
2.10606
2.10606
2.10607
2.10607
2.10608
2.10609
2.10609
2.1061
2.1061
2.10611
2.10611
2.10612
2.10613
2.10613
2.10614
2.10614
2.10615
2.10616
2.10616
2.10617
2.10618
2.10618
2.10619
2.10619
2.1062
2.10621
2.10621
2.10622
2.10623
2.10623
2.10624
2.10625
2.10625
2.10626
2.10626
2.10627
2.10627
2.10628
2.10628
2.10629
2.10629
2.10629
2.10629
2.1063
2.1063
2.1063
2.1063
2.1063
2.10629
2.10629
2.10629
2.10629
2.10628
2.10628
2.10627
2.10627
2.10626
2.10625
2.10625
2.10624
2.10624
2.10623
2.10622
2.10621
2.10621
2.1062
2.10619
2.10618
2.10618
2.10617
2.10616
2.10616
2.10615
2.10614
2.10613
2.10613
2.10612
2.10611
2.10611
2.1061
2.10609
2.10609
2.10608
2.10607
2.10607
2.10606
2.10605
2.10605
2.10604
2.10604
2.10603
2.10602
2.10602
2.10601
2.106
2.106
2.10599
2.10599
2.10598
2.10597
2.10597
2.10596
2.10595
2.10595
2.10594
2.10593
2.10593
2.10592
2.10591
2.10591
2.1059
2.10589
2.10589
2.10588
2.10587
2.10587
2.10586
2.10585
2.10585
2.10584
2.10583
2.10583
2.10582
2.10581
2.10581
2.1058
2.10579
2.10579
2.10578
2.10577
2.10576
2.10576
2.10575
2.10574
2.10574
2.10573
2.10572
2.10572
2.10571
2.1057
2.1057
2.10569
2.10568
2.10568
2.10567
2.10566
2.10566
2.10565
2.10564
2.10564
2.10563
2.10563
2.10562
2.10561
2.10561
2.1056
2.1056
2.10559
2.10558
2.10558
2.10557
2.10557
2.10556
2.10555
2.10555
2.10554
2.10554
2.10553
2.10553
2.10552
2.10552
2.10551
2.1055
2.1055
2.10549
2.10549
2.10548
2.10548
2.10547
2.10547
2.10546
2.10546
2.10545
2.10545
2.10544
2.10544
2.10543
2.10543
2.10542
2.10542
2.10542
2.10541
2.10541
2.10541
2.1054
2.1054
2.1054
2.1054
2.1054
2.1054
2.1054
2.1054
2.1054
2.1054
2.1054
2.10541
2.10541
2.10541
2.10542
2.10542
2.10543
2.10543
2.10544
2.10545
2.10546
2.10547
2.10548
2.10549
2.1055
2.10551
2.10552
2.10554
2.10555
2.10556
2.10558
2.10559
2.10561
2.10562
2.10564
2.10565
2.10567
2.10569
2.1057
2.10572
2.10573
2.10575
2.10577
2.10579
2.1058
2.10582
2.10584
2.10585
2.10587
2.10588
2.1059
2.10591
2.10593
2.10594
2.10596
2.10597
2.10599
2.106
2.10601
2.10602
2.10603
2.10605
2.10606
2.10607
2.10608
2.10608
2.10609
2.1061
2.10611
2.10611
2.10612
2.10613
2.10613
2.10614
2.10614
2.10615
2.10615
2.10615
2.10616
2.10616
2.10616
2.10616
2.10617
2.10617
2.10617
2.10617
2.10617
2.10617
2.10618
2.10618
2.10618
2.10618
2.10618
2.10618
2.10619
2.10619
2.10619
2.10619
2.1062
2.1062
2.1062
2.10621
2.10621
2.10621
2.10622
2.10622
2.10623
2.10623
2.10624
2.10624
2.10625
2.10626
2.10626
2.10627
2.10628
2.10628
2.10629
2.1063
2.1063
2.10631
2.10632
2.10633
2.10633
2.10634
2.10635
2.10635
2.10636
2.10637
2.10637
2.10638
2.10638
2.10639
2.10639
2.1064
2.1064
2.1064
2.10641
2.10641
2.10641
2.10641
2.10641
2.10641
2.10641
2.10641
2.10641
2.10641
2.1064
2.1064
2.1064
2.10639
2.10639
2.10638
2.10638
2.10637
2.10637
2.10636
2.10636
2.10635
2.10634
2.10634
2.10633
2.10632
2.10632
2.10631
2.1063
2.10629
2.10629
2.10628
2.10627
2.10627
2.10626
2.10625
2.10625
2.10624
2.10623
2.10623
2.10622
2.10622
2.10621
2.10621
2.1062
2.1062
2.10619
2.10619
2.10618
2.10618
2.10618
2.10617
2.10617
2.10617
2.10616
2.10616
2.10616
2.10616
2.10615
2.10615
2.10615
2.10615
2.10615
2.10614
2.10614
2.10614
2.10614
2.10613
2.10613
2.10613
2.10613
2.10612
2.10612
2.10612
2.10611
2.10611
2.1061
2.1061
2.10609
2.10609
2.10608
2.10607
2.10607
2.10606
2.10605
2.10604
2.10604
2.10603
2.10602
2.10601
2.106
2.106
2.10599
2.10598
2.10597
2.10596
2.10595
2.10594
2.10594
2.10593
2.10592
2.10591
2.10591
2.1059
2.10589
2.10589
2.10588
2.10587
2.10587
2.10586
2.10586
2.10586
2.10585
2.10585
2.10585
2.10584
2.10584
2.10584
2.10584
2.10584
2.10584
2.10584
2.10584
2.10584
2.10584
2.10584
2.10584
2.10584
2.10584
2.10584
2.10584
2.10584
2.10584
2.10584
2.10584
2.10584
2.10584
2.10584
2.10584
2.10584
2.10583
2.10583
2.10583
2.10582
2.10582
2.10581
2.10581
2.1058
2.10579
2.10579
2.10578
2.10577
2.10576
2.10575
2.10574
2.10573
2.10572
2.10571
2.1057
2.10569
2.10568
2.10567
2.10565
2.10564
2.10563
2.10561
2.1056
2.10559
2.10557
2.10556
2.10555
2.10553
2.10552
2.10551
2.10549
2.10548
2.10546
2.10545
2.10544
2.10542
2.10541
2.1054
2.10539
2.10537
2.10536
2.10535
2.10534
2.10533
2.10532
2.10531
2.1053
2.10529
2.10528
2.10527
2.10527
2.10526
2.10526
2.10525
2.10525
2.10524
2.10524
2.10524
2.10524
2.10524
2.10524
2.10524
2.10524
2.10524
2.10524
2.10525
2.10525
2.10525
2.10526
2.10527
2.10527
2.10528
2.10529
2.10529
2.1053
2.10531
2.10532
2.10533
2.10534
2.10535
2.10536
2.10537
2.10538
2.10539
2.1054
2.10542
2.10543
2.10544
2.10546
2.10547
2.10549
2.1055
2.10551
2.10553
2.10555
2.10556
2.10558
2.1056
2.10561
2.10563
2.10565
2.10567
2.10569
2.1057
2.10572
2.10574
2.10576
2.10578
2.1058
2.10582
2.10584
2.10586
2.10587
2.10589
2.10591
2.10593
2.10595
2.10596
2.10598
2.106
2.10601
2.10603
2.10604
2.10606
2.10607
2.10608
2.1061
2.10611
2.10612
2.10613
2.10614
2.10615
2.10616
2.10617
2.10617
2.10618
2.10619
2.10619
2.1062
2.1062
2.10621
2.10621
2.10622
2.10622
2.10622
2.10622
2.10622
2.10622
2.10622
2.10622
2.10622
2.10622
2.10622
2.10622
2.10622
2.10621
2.10621
2.10621
2.1062
2.1062
2.1062
2.10619
2.10619
2.10619
2.10618
2.10618
2.10618
2.10617
2.10617
2.10617
2.10616
2.10616
2.10616
2.10615
2.10615
2.10615
2.10615
2.10615
2.10614
2.10614
2.10614
2.10614
2.10614
2.10614
2.10614
2.10614
2.10614
2.10614
2.10614
2.10615
2.10615
2.10615
2.10615
2.10615
2.10615
2.10616
2.10616
2.10616
2.10617
2.10617
2.10617
2.10618
2.10618
2.10618
2.10619
2.10619
2.1062
2.1062
2.1062
2.10621
2.10621
2.10622
2.10622
2.10623
2.10623
2.10624
2.10624
2.10624
2.10625
2.10625
2.10626
2.10626
2.10627
2.10627
2.10627
2.10628
2.10628
2.10628
2.10628
2.10628
2.10629
2.10629
2.10629
2.10629
2.10629
2.10629
2.10628
2.10628
2.10628
2.10628
2.10628
2.10627
2.10627
2.10627
2.10626
2.10626
2.10626
2.10625
2.10625
2.10624
2.10624
2.10623
2.10623
2.10623
2.10622
2.10622
2.10621
2.10621
2.1062
2.1062
2.1062
2.10619
2.10619
2.10619
2.10618
2.10618
2.10618
2.10617
2.10617
2.10617
2.10617
2.10616
2.10616
2.10616
2.10616
2.10616
2.10615
2.10615
2.10615
2.10615
2.10615
2.10615
2.10615
2.10615
2.10614
2.10614
2.10614
2.10614
2.10614
2.10614
2.10614
2.10614
2.10614
2.10614
2.10614
2.10614
2.10614
2.10614
2.10614
2.10614
2.10614
2.10614
2.10614
2.10614
2.10614
2.10614
2.10615
2.10615
2.10615
2.10615
2.10615
2.10615
2.10615
2.10615
2.10616
2.10616
2.10616
2.10616
2.10616
2.10616
2.10617
2.10617
2.10617
2.10617
2.10618
2.10618
2.10618
2.10619
2.10619
2.1062
2.1062
2.10621
2.10621
2.10622
2.10622
2.10623
2.10623
2.10624
2.10625
2.10625
2.10626
2.10627
2.10627
2.10628
2.10629
2.1063
2.1063
2.10631
2.10632
2.10632
2.10633
2.10634
2.10634
2.10635
2.10636
2.10636
2.10637
2.10637
2.10638
2.10639
2.10639
2.10639
2.1064
2.1064
2.10641
2.10641
2.10641
2.10642
2.10642
2.10642
2.10643
2.10643
2.10643
2.10644
2.10644
2.10644
2.10645
2.10645
2.10645
2.10646
2.10646
2.10647
2.10647
2.10647
2.10648
2.10648
2.10649
2.10649
2.10649
2.1065
2.1065
2.10651
2.10651
2.10652
2.10652
2.10653
2.10653
2.10654
2.10654
2.10655
2.10655
2.10656
2.10656
2.10656
2.10657
2.10657
2.10658
2.10658
2.10658
2.10659
2.10659
2.10659
2.10659
2.1066
2.1066
2.1066
2.1066
2.1066
2.1066
2.1066
2.1066
2.1066
2.1066
2.1066
2.1066
2.1066
2.10659
2.10659
2.10659
2.10658
2.10658
2.10658
2.10657
2.10657
2.10656
2.10656
2.10655
2.10655
2.10654
2.10654
2.10653
2.10653
2.10652
2.10651
2.10651
2.1065
2.10649
2.10649
2.10648
2.10647
2.10646
2.10645
2.10645
2.10644
2.10643
2.10642
2.10641
2.1064
2.10639
2.10638
2.10637
2.10635
2.10634
2.10633
2.10632
2.1063
2.10629
2.10628
2.10627
2.10625
2.10624
2.10622
2.10621
2.1062
2.10618
2.10617
2.10615
2.10614
2.10613
2.10611
2.1061
2.10608
2.10607
2.10606
2.10604
2.10603
2.10601
2.106
2.10599
2.10598
2.10596
2.10595
2.10594
2.10593
2.10592
2.1059
2.10589
2.10588
2.10587
2.10586
2.10585
2.10584
2.10584
2.10583
2.10582
2.10581
2.10581
2.1058
2.10579
2.10579
2.10578
2.10578
2.10577
2.10577
2.10577
2.10576
2.10576
2.10576
2.10576
2.10576
2.10576
2.10576
2.10576
2.10576
2.10576
2.10576
2.10576
2.10576
2.10577
2.10577
2.10577
2.10577
2.10578
2.10578
2.10578
2.10579
2.10579
2.10579
2.1058
2.1058
2.10581
2.10581
2.10581
2.10582
2.10582
2.10582
2.10583
2.10583
2.10583
2.10583
2.10584
2.10584
2.10584
2.10584
2.10585
2.10585
2.10585
2.10585
2.10585
2.10585
2.10586
2.10586
2.10586
2.10586
2.10586
2.10586
2.10587
2.10587
2.10587
2.10587
2.10587
2.10588
2.10588
2.10588
2.10589
2.10589
2.10589
2.1059
2.1059
2.1059
2.10591
2.10591
2.10591
2.10592
2.10592
2.10592
2.10593
2.10593
2.10593
2.10594
2.10594
2.10594
2.10594
2.10595
2.10595
2.10595
2.10595
2.10595
2.10595
2.10595
2.10595
2.10595
2.10595
2.10595
2.10595
2.10594
2.10594
2.10594
2.10593
2.10593
2.10593
2.10592
2.10592
2.10591
2.1059
2.1059
2.10589
2.10589
2.10588
2.10587
2.10586
2.10586
2.10585
2.10584
2.10583
2.10582
2.10582
2.10581
2.1058
2.10579
2.10579
2.10578
2.10577
2.10576
2.10576
2.10575
2.10575
2.10574
2.10574
2.10573
2.10573
2.10572
2.10572
2.10572
2.10572
2.10571
2.10571
2.10571
2.10571
2.10571
2.10571
2.10571
2.10571
2.10571
2.10571
2.10571
2.10571
2.10571
2.10571
2.10571
2.1057
2.1057
2.1057
2.1057
2.1057
2.1057
2.1057
2.10569
2.10569
2.10569
2.10569
2.10568
2.10568
2.10568
2.10567
2.10567
2.10567
2.10566
2.10566
2.10566
2.10566
2.10565
2.10565
2.10565
2.10565
2.10565
2.10565
2.10565
2.10565
2.10566
2.10566
2.10566
2.10567
2.10567
2.10568
2.10568
2.10569
2.1057
2.1057
2.10571
2.10572
2.10573
2.10574
2.10575
2.10576
2.10577
2.10578
2.10579
2.10581
2.10582
2.10583
2.10584
2.10585
2.10587
2.10588
2.10589
2.10591
2.10592
2.10593
2.10594
2.10596
2.10597
2.10598
2.10599
2.10601
2.10602
2.10603
2.10605
2.10606
2.10607
2.10608
2.1061
2.10611
2.10612
2.10613
2.10614
2.10616
2.10617
2.10618
2.10619
2.10621
2.10622
2.10623
2.10624
2.10625
2.10626
2.10628
2.10629
2.1063
2.10631
2.10632
2.10633
2.10634
2.10635
2.10635
2.10636
2.10637
2.10638
2.10639
2.10639
2.1064
2.10641
2.10641
2.10642
2.10642
2.10642
2.10643
2.10643
2.10643
2.10644
2.10644
2.10644
2.10644
2.10644
2.10644
2.10644
2.10644
2.10644
2.10644
2.10644
2.10644
2.10644
2.10644
2.10644
2.10644
2.10644
2.10644
2.10644
2.10644
2.10644
2.10644
2.10644
2.10644
2.10644
2.10644
2.10644
2.10644
2.10644
2.10644
2.10644
2.10644
2.10644
2.10644
2.10644
2.10644
2.10644
2.10644
2.10644
2.10644
2.10643
2.10643
2.10643
2.10643
2.10643
2.10643
2.10643
2.10643
2.10643
2.10643
2.10643
2.10643
2.10642
2.10642
2.10642
2.10642
2.10642
2.10642
2.10642
2.10642
2.10642
2.10642
2.10642
2.10641
2.10641
2.10641
2.10641
2.10641
2.10641
2.10641
2.10641
2.10641
2.10641
2.10641
2.10641
2.10641
2.10641
2.10641
2.10641
2.10641
2.10641
2.1064
2.1064
2.1064
2.1064
2.1064
2.1064
2.1064
2.1064
2.1064
2.10641
2.10641
2.10641
2.10641
2.10641
2.10641
2.10641
2.10641
2.10641
2.10641
2.10642
2.10642
2.10642
2.10642
2.10642
2.10642
2.10642
2.10642
2.10642
2.10642
2.10642
2.10642
2.10642
2.10642
2.10642
2.10641
2.10641
2.10641
2.1064
2.1064
2.10639
2.10639
2.10638
2.10637
2.10637
2.10636
2.10635
2.10634
2.10633
2.10632
2.10631
2.1063
2.10629
2.10628
2.10627
2.10625
2.10624
2.10623
2.10622
2.10621
2.10619
2.10618
2.10617
2.10616
2.10614
2.10613
2.10612
2.10611
2.10609
2.10608
2.10607
2.10606
2.10605
2.10604
2.10603
2.10602
2.10601
2.106
2.10599
2.10598
2.10598
2.10597
2.10596
2.10596
2.10595
2.10594
2.10594
2.10593
2.10593
2.10592
2.10592
2.10592
2.10592
2.10591
2.10591
2.10591
2.10591
2.10591
2.1059
2.1059
2.1059
2.1059
2.1059
2.1059
2.1059
2.1059
2.1059
2.1059
2.1059
2.1059
2.1059
2.1059
2.10589
2.10589
2.10589
2.10589
2.10589
2.10589
2.10588
2.10588
2.10588
2.10587
2.10587
2.10587
2.10586
2.10586
2.10586
2.10585
2.10585
2.10585
2.10584
2.10584
2.10584
2.10583
2.10583
2.10583
2.10582
2.10582
2.10582
2.10582
2.10581
2.10581
2.10581
2.10581
2.10581
2.10581
2.10581
2.10581
2.10581
2.10581
2.10581
2.10581
2.10582
2.10582
2.10582
2.10582
2.10583
2.10583
2.10583
2.10584
2.10584
2.10584
2.10585
2.10585
2.10586
2.10586
2.10587
2.10587
2.10587
2.10588
2.10588
2.10589
2.10589
2.1059
2.1059
2.1059
2.10591
2.10591
2.10592
2.10592
2.10592
2.10592
2.10593
2.10593
2.10593
2.10593
2.10593
2.10594
2.10594
2.10594
2.10594
2.10594
2.10593
2.10593
2.10593
2.10593
2.10593
2.10592
2.10592
2.10592
2.10591
2.10591
2.1059
2.1059
2.10589
2.10588
2.10588
2.10587
2.10586
2.10585
2.10585
2.10584
2.10583
2.10582
2.10581
2.1058
2.10579
2.10579
2.10578
2.10577
2.10576
2.10575
2.10575
2.10574
2.10573
2.10572
2.10572
2.10571
2.10571
2.1057
2.1057
2.1057
2.10569
2.10569
2.10569
2.10569
2.10569
2.10569
2.10569
2.10569
2.10569
2.10569
2.10569
2.1057
2.1057
2.1057
2.10571
2.10571
2.10572
2.10572
2.10573
2.10573
2.10574
2.10574
2.10575
2.10575
2.10576
2.10577
2.10577
2.10578
2.10578
2.10579
2.1058
2.1058
2.10581
2.10581
2.10582
2.10583
2.10583
2.10584
2.10584
2.10585
2.10585
2.10586
2.10586
2.10587
2.10587
2.10588
2.10588
2.10588
2.10589
2.10589
2.1059
2.1059
2.1059
2.10591
2.10591
2.10591
2.10591
2.10592
2.10592
2.10592
2.10592
2.10593
2.10593
2.10593
2.10593
2.10593
2.10594
2.10594
2.10594
2.10594
2.10594
2.10594
2.10594
2.10594
2.10594
2.10594
2.10594
2.10594
2.10594
2.10594
2.10594
2.10594
2.10593
2.10593
2.10593
2.10593
2.10593
2.10592
2.10592
2.10592
2.10591
2.10591
2.10591
2.1059
2.1059
2.1059
2.10589
2.10589
2.10589
2.10588
2.10588
2.10588
2.10588
2.10587
2.10587
2.10587
2.10587
2.10587
2.10587
2.10587
2.10586
2.10586
2.10586
2.10586
2.10586
2.10586
2.10587
2.10587
2.10587
2.10587
2.10587
2.10587
2.10587
2.10588
2.10588
2.10588
2.10588
2.10588
2.10589
2.10589
2.10589
2.10589
2.1059
2.1059
2.1059
2.1059
2.1059
2.10591
2.10591
2.10591
2.10591
2.10591
2.10591
2.10591
2.10592
2.10592
2.10592
2.10592
2.10592
2.10592
2.10592
2.10592
2.10592
2.10592
2.10592
2.10592
2.10592
2.10592
2.10592
2.10592
2.10592
2.10592
2.10592
2.10592
2.10592
2.10592
2.10592
2.10592
2.10592
2.10592
2.10593
2.10593
2.10593
2.10593
2.10593
2.10593
2.10594
2.10594
2.10594
2.10594
2.10595
2.10595
2.10595
2.10596
2.10596
2.10596
2.10597
2.10597
2.10598
2.10598
2.10598
2.10599
2.10599
2.106
2.106
2.106
2.106
2.10601
2.10601
2.10601
2.10601
2.10601
2.10601
2.10601
2.10601
2.10601
2.10601
2.10601
2.106
2.106
2.106
2.10599
2.10599
2.10598
2.10598
2.10597
2.10597
2.10596
2.10595
2.10594
2.10594
2.10593
2.10592
2.10591
2.1059
2.10589
2.10589
2.10588
2.10587
2.10586
2.10585
2.10584
2.10583
2.10582
2.10582
2.10581
2.1058
2.10579
2.10579
2.10578
2.10577
2.10577
2.10576
2.10576
2.10575
2.10575
2.10574
2.10574
2.10574
2.10573
2.10573
2.10573
2.10573
2.10573
2.10572
2.10572
2.10572
2.10572
2.10572
2.10572
2.10573
2.10573
2.10573
2.10573
2.10573
2.10574
2.10574
2.10574
2.10575
2.10575
2.10576
2.10576
2.10576
2.10577
2.10577
2.10578
2.10579
2.10579
2.1058
2.1058
2.10581
2.10582
2.10582
2.10583
2.10583
2.10584
2.10584
2.10585
2.10585
2.10586
2.10586
2.10587
2.10587
2.10588
2.10588
2.10588
2.10589
2.10589
2.10589
2.10589
2.1059
2.1059
2.1059
2.1059
2.1059
2.1059
2.10591
2.10591
2.10591
2.10591
2.10591
2.10591
2.10591
2.10591
2.10591
2.10591
2.10591
2.10591
2.10591
2.10591
2.10591
2.10591
2.10591
2.10591
2.10591
2.10591
2.10591
2.10591
2.10591
2.10592
2.10592
2.10592
2.10592
2.10592
2.10592
2.10592
2.10593
2.10593
2.10593
2.10593
2.10594
2.10594
2.10595
2.10595
2.10595
2.10596
2.10596
2.10597
2.10598
2.10598
2.10599
2.10599
2.106
2.10601
2.10601
2.10602
2.10603
2.10604
2.10604
2.10605
2.10606
2.10607
2.10607
2.10608
2.10609
2.10609
2.1061
2.10611
2.10611
2.10612
2.10612
2.10613
2.10613
2.10613
2.10614
2.10614
2.10614
