35.6278
2.13928
2.13967
2.14018
2.1408
2.14155
2.14242
2.14343
2.14457
2.14586
2.14731
2.14892
2.15071
2.15269
2.15486
2.15725
2.15986
2.16272
2.16583
2.16922
2.17292
2.17692
2.18127
2.18597
2.19105
2.19653
2.20244
2.20878
2.21558
2.22284
2.23058
2.2388
2.24748
2.25662
2.26618
2.27613
2.28641
2.29696
2.3077
2.31854
2.32938
2.34012
2.35066
2.3609
2.37075
2.38014
2.38903
2.39739
2.40521
2.41251
2.41933
2.42574
2.43179
2.43757
2.44316
2.44861
2.45401
2.4594
2.46484
2.47035
2.47595
2.48165
2.48744
2.49328
2.49914
2.50495
2.51064
2.51612
2.5213
2.52608
2.53039
2.53413
2.53724
2.53968
2.5414
2.5424
2.54269
2.54229
2.54127
2.53969
2.53763
2.53521
2.53251
2.52966
2.52675
2.52389
2.52114
2.51859
2.51627
2.51422
2.51245
2.51095
2.50969
2.50864
2.50775
2.50697
2.50625
2.50555
2.50484
2.5041
2.50333
2.50255
2.50178
2.50105
2.50043
2.49994
2.49964
2.49956
2.49972
2.50012
2.50075
2.50158
2.50256
2.50364
2.50473
2.50577
2.50667
2.50736
2.50779
2.5079
2.50768
2.50712
2.50626
2.50514
2.50381
2.50235
2.50083
2.49932
2.49787
2.49654
2.49533
2.49426
2.49329
2.4924
2.49155
2.49068
2.48977
2.48878
2.48772
2.4866
2.48548
2.48442
2.4835
2.4828
2.48239
2.48234
2.48268
2.48343
2.48454
2.48596
2.4876
2.48932
2.49101
2.49252
2.49374
2.49456
2.49489
2.4947
2.49397
2.49272
2.49101
2.48891
2.48652
2.48394
2.48126
2.47859
2.476
2.47356
2.47133
2.46933
2.46759
2.46611
2.46487
2.46383
2.46296
2.4622
2.46149
2.46077
2.45998
2.45907
2.458
2.45675
2.45531
2.45369
2.45192
2.45006
2.44818
2.44634
2.44463
2.44312
2.44187
2.44095
2.44039
2.44022
2.44045
2.44108
2.4421
2.4435
2.44526
2.44738
2.44985
2.45264
2.45576
2.45918
2.46285
2.46672
2.4707
2.47469
2.47856
2.48216
2.48537
2.48808
2.4902
2.4917
2.49259
2.49291
2.49276
2.49225
2.49151
2.49067
2.48985
2.48918
2.48876
2.48865
2.48892
2.48959
2.49069
2.49218
2.49405
2.49624
2.49867
2.50126
2.50391
2.50649
2.5089
2.51101
2.51271
2.51391
2.51456
2.51464
2.51419
2.51327
2.51199
2.51052
2.50898
2.50755
2.50634
2.50547
2.50501
2.50499
2.50541
2.50626
2.50748
2.509
2.51075
2.51262
2.51452
2.51633
2.51792
2.5192
2.52006
2.52041
2.52021
2.51943
2.5181
2.51626
2.51402
2.51148
2.50879
2.50608
2.5035
2.50118
2.49923
2.49776
2.49681
2.49641
2.49655
2.49718
2.49821
2.49951
2.50097
2.50243
2.50378
2.50492
2.50578
2.50634
2.5066
2.50656
2.50626
2.50573
2.50498
2.50404
2.50291
2.50161
2.50015
2.49852
2.49676
2.49486
2.49285
2.49075
2.48859
2.48639
2.48418
2.482
2.47988
2.47784
2.47591
2.47412
2.47247
2.47099
2.46967
2.46853
2.46756
2.46677
2.46616
2.46573
2.46549
2.46542
2.46553
2.46581
2.46625
2.46685
2.46758
2.46843
2.46939
2.47044
2.47157
2.47276
2.474
2.47528
2.47657
2.47785
2.47913
2.48037
2.48157
2.4827
2.48376
2.48472
2.48559
2.48637
2.48707
2.48771
2.48834
2.48899
2.48971
2.49055
2.49152
2.49267
2.49398
2.49544
2.49705
2.49875
2.5005
2.50225
2.50394
2.5055
2.50684
2.50791
2.50864
2.50898
2.5089
2.50841
2.50753
2.50632
2.50484
2.50317
2.5014
2.4996
2.49783
2.49616
2.49464
2.49329
2.49214
2.49123
2.49057
2.49018
2.49008
2.49027
2.49077
2.49157
2.49266
2.49401
2.49558
2.49733
2.49919
2.5011
2.50297
2.50475
2.50635
2.50771
2.50877
2.50951
2.50991
2.50995
2.50967
2.50911
2.50832
2.50738
2.50637
2.50535
2.50439
2.50351
2.50272
2.502
2.5013
2.50056
2.49972
2.49872
2.49754
2.49616
2.49462
2.49295
2.49122
2.4895
2.48787
2.48637
2.48506
2.48394
2.483
2.48219
2.48145
2.4807
2.47987
2.47888
2.47771
2.47635
2.47481
2.47318
2.47152
2.46995
2.46856
2.46746
2.46673
2.46644
2.46665
2.46737
2.46862
2.4704
2.47269
2.47546
2.47866
2.48225
2.48613
2.49022
2.49441
2.49855
2.50252
2.50617
2.50937
2.51199
2.51397
2.51525
2.51586
2.51586
2.51535
2.51449
2.51341
2.51228
2.51122
2.51031
2.50959
2.50905
2.50864
2.50829
2.5079
2.50738
2.50668
2.50573
2.50453
2.50309
2.50145
2.49965
2.49774
2.49574
2.4937
2.49162
2.48953
2.48743
2.48535
2.48331
2.48133
2.47948
2.47779
2.47631
2.47509
2.47417
2.47355
2.47325
2.47325
2.47352
2.47403
2.47472
2.47555
2.47649
2.47751
2.47861
2.47979
2.48105
2.4824
2.48384
2.48534
2.48686
2.48832
2.48964
2.49075
2.49159
2.4921
2.49226
2.4921
2.49163
2.49091
2.48997
2.48888
2.48768
2.4864
2.48512
2.48388
2.48275
2.48179
2.48107
2.48063
2.48051
2.48069
2.48117
2.48188
2.48275
2.48371
2.48468
2.48559
2.48641
2.48711
2.48772
2.48826
2.48878
2.48933
2.48998
2.49078
2.49178
2.49301
2.49449
2.49622
2.49818
2.50033
2.50261
2.50495
2.50728
2.50949
2.51153
2.5133
2.51476
2.51586
2.51658
2.51693
2.51691
2.51656
2.51589
2.5149
2.5136
2.51196
2.50997
2.50762
2.50491
2.50187
2.49857
2.4951
2.49155
2.48803
2.4846
2.48133
2.47824
2.47532
2.47257
2.46997
2.4675
2.46516
2.46296
2.46091
2.45903
2.45733
2.45582
2.45451
2.45338
2.45243
2.45164
2.45097
2.45042
2.44995
2.44955
2.4492
2.44887
2.44855
2.44823
2.44791
2.44758
2.44727
2.44698
2.44676
2.44665
2.44668
2.4469
2.44734
2.44802
2.44896
2.45017
2.45163
2.45333
2.45524
2.45732
2.45952
2.4618
2.4641
2.46633
2.46842
2.47029
2.47184
2.47299
2.47368
2.47387
2.47356
2.47274
2.47149
2.46987
2.46798
2.46591
2.46377
2.46163
2.45957
2.45765
2.4559
2.45433
2.45295
2.45173
2.45063
2.44964
2.44872
2.44788
2.44711
2.44645
2.44594
2.4456
2.44548
2.44556
2.44585
2.44631
2.44688
2.4475
2.44813
2.4487
2.44919
2.44957
2.44984
2.45001
2.4501
2.45014
2.45017
2.45023
2.45038
2.45066
2.45112
2.45181
2.45278
2.45403
2.45557
2.45737
2.45939
2.46153
2.46371
2.46581
2.4677
2.46928
2.47046
2.47116
2.47137
2.47108
2.47035
2.46925
2.46789
2.46639
2.46486
2.46344
2.46223
2.4613
2.46069
2.4604
2.46042
2.46068
2.4611
2.46159
2.4621
2.46258
2.46299
2.46336
2.46371
2.46409
2.46454
2.46513
2.46587
2.4668
2.46792
2.46923
2.47071
2.47234
2.4741
2.47593
2.47781
2.47968
2.4815
2.48321
2.48474
2.48601
2.48694
2.48743
2.48742
2.48684
2.48569
2.48401
2.48188
2.47945
2.47689
2.47439
2.47213
2.47025
2.46887
2.46806
2.46782
2.46815
2.469
2.47031
2.47202
2.47406
2.47639
2.47895
2.48172
2.48464
2.48767
2.49072
2.49367
2.49637
2.49863
2.50031
2.50126
2.50141
2.50078
2.49943
2.49751
2.4952
2.49269
2.49015
2.48772
2.48551
2.48357
2.48195
2.48066
2.47974
2.4792
2.47907
2.47937
2.48012
2.48132
2.48297
2.48503
2.48745
2.49014
2.493
2.4959
2.4987
2.50124
2.50337
2.50499
2.506
2.50638
2.50614
2.50534
2.5041
2.50251
2.50069
2.49875
2.49673
2.4947
2.49268
2.49068
2.48871
2.48679
2.48495
2.48321
2.48161
2.4802
2.47902
2.47812
2.47755
2.47734
2.47751
2.47808
2.47903
2.48033
2.48189
2.48361
2.48535
2.48696
2.48829
2.48922
2.48965
2.48955
2.48896
2.48795
2.48664
2.48515
2.48363
2.48219
2.48088
2.47974
2.47877
2.47793
2.47715
2.47638
2.47554
2.4746
2.47351
2.47226
2.47087
2.46935
2.46774
2.46608
2.46443
2.46282
2.46132
2.45997
2.45881
2.4579
2.45726
2.45694
2.45696
2.4573
2.45798
2.45895
2.46018
2.4616
2.46315
2.46475
2.4663
2.46774
2.469
2.47003
2.4708
2.47132
2.47158
2.47162
2.47146
2.47114
2.47069
2.47015
2.46953
2.46886
2.46816
2.46746
2.46675
2.46607
2.46543
2.46483
2.4643
2.46386
2.46352
2.46333
2.46333
2.46357
2.4641
2.46499
2.46629
2.46805
2.4703
2.47304
2.47624
2.47983
2.48371
2.48774
2.49176
2.49557
2.49896
2.50176
2.50379
2.50496
2.50522
2.50458
2.50313
2.50101
2.49839
2.49548
2.49246
2.48953
2.48683
2.48449
2.4826
2.48122
2.48038
2.48009
2.48032
2.48103
2.48214
2.48356
2.48517
2.48684
2.48844
2.48983
2.49092
2.49164
2.49196
2.49189
2.49148
2.49082
2.49001
2.48916
2.48836
2.4877
2.48723
2.487
2.48701
2.48725
2.4877
2.48833
2.48908
2.48994
2.49083
2.49174
2.49261
2.4934
2.49407
2.49459
2.49492
2.49501
2.49485
2.49442
2.49372
2.4928
2.49169
2.49046
2.4892
2.488
2.48696
2.48615
2.48563
2.48544
2.48558
2.48605
2.48681
2.48783
2.48907
2.49052
2.49217
2.49402
2.49611
2.49846
2.50109
2.50401
2.50719
2.51059
2.51412
2.51762
2.52092
2.52381
2.52607
2.52752
2.528
2.52747
2.52595
2.52355
2.52045
2.51689
2.51311
2.50935
2.50578
2.50254
2.49971
2.49732
2.49532
2.49368
2.49232
2.49115
2.49009
2.4891
2.48811
2.48712
2.48615
2.48522
2.4844
2.48375
2.48332
2.48318
2.48335
2.48383
2.48458
2.48554
2.48664
2.48775
2.48878
2.48961
2.49014
2.4903
2.49005
2.48939
2.48834
2.48698
2.48537
2.48365
2.48191
2.48027
2.47885
2.47774
2.47702
2.47673
2.47691
2.47755
2.47859
2.47997
2.48155
2.4832
2.48479
2.48616
2.48723
2.48791
2.48818
2.48809
2.48768
2.48706
2.48632
2.48557
2.48489
2.48436
2.48401
2.48386
2.48391
2.48413
2.48447
2.48488
2.48529
2.48565
2.4859
2.48605
2.48612
2.48615
2.48622
2.48639
2.48671
2.48718
2.48778
2.48843
2.48901
2.48939
2.48945
2.48911
2.48829
2.48701
2.48533
2.48333
2.48115
2.47895
2.47684
2.47494
2.47332
2.47202
2.47103
2.4703
2.46977
2.46936
2.46897
2.46851
2.46792
2.46712
2.46609
2.4648
2.46327
2.46153
2.45962
2.45762
2.45558
2.45357
2.45166
2.44988
2.44828
2.44685
2.44561
2.44452
2.44356
2.44269
2.44188
2.4411
2.44034
2.4396
2.43891
2.43831
2.43786
2.43763
2.43766
2.438
2.43869
2.43971
2.44106
2.44269
2.44453
2.44652
2.44858
2.45062
2.45258
2.45441
2.45605
2.45747
2.45866
2.45961
2.46036
2.46092
2.46134
2.46169
2.46202
2.46239
2.46288
2.46355
2.46444
2.4656
2.46705
2.46878
2.47075
2.47291
2.47514
2.47732
2.47933
2.48102
2.48229
2.48306
2.48332
2.48308
2.48241
2.48142
2.48022
2.47895
2.47773
2.47665
2.47581
2.47523
2.47494
2.47493
2.47516
2.47556
2.47608
2.4766
2.47704
2.47729
2.47727
2.47692
2.4762
2.4751
2.47367
2.47196
2.47009
2.46815
2.46624
2.46446
2.46288
2.46154
2.46043
2.45955
2.45886
2.4583
2.45782
2.45738
2.45692
2.45644
2.45593
2.45541
2.4549
2.45444
2.45409
2.45389
2.45388
2.4541
2.45458
2.45532
2.45632
2.45756
2.45899
2.46055
2.46218
2.46379
2.46531
2.4667
2.4679
2.46891
2.46975
2.47043
2.471
2.47149
2.47193
2.47233
2.47268
2.47294
2.47309
2.4731
2.47294
2.47261
2.47212
2.47148
2.47073
2.46989
2.46899
2.46805
2.46713
2.46628
2.46558
2.46513
2.46503
2.46539
2.46631
2.46787
2.47011
2.47304
2.47663
2.48082
2.48551
2.49058
2.49592
2.50136
2.50678
2.51203
2.51697
2.52146
2.52538
2.52864
2.53114
2.53285
2.53373
2.53379
2.5331
2.53171
2.52973
2.52728
2.52447
2.52141
2.51823
2.51502
2.51188
2.50888
2.5061
2.5036
2.50141
2.49958
2.49812
2.49702
2.49627
2.49582
2.49564
2.49568
2.49588
2.4962
2.49659
2.49703
2.49751
2.49802
2.49859
2.49924
2.50004
2.50102
2.50224
2.50374
2.50553
2.50759
2.50987
2.5123
2.51476
2.51712
2.51926
2.52102
2.5223
2.52299
2.52303
2.5224
2.52113
2.51931
2.51707
2.51457
2.51196
2.50942
2.50708
2.50503
2.50335
2.50206
2.50118
2.50069
2.50056
2.50076
2.50124
2.50196
2.50286
2.5039
2.505
2.5061
2.50713
2.50799
2.50862
2.50893
2.50889
2.50846
2.50764
2.50646
2.50498
2.50327
2.50143
2.49955
2.49772
2.49602
2.49453
2.4933
2.49238
2.4918
2.49161
2.49182
2.49245
2.49354
2.49507
2.49704
2.49942
2.50214
2.50513
2.50824
2.51133
2.51424
2.51678
2.51878
2.52011
2.52064
2.52035
2.51922
2.51733
2.5148
2.51176
2.5084
2.50489
2.5014
2.49808
2.49505
2.49239
2.49015
2.48833
2.48694
2.48593
2.48528
2.48493
2.48486
2.48503
2.48542
2.486
2.48676
2.4877
2.48879
2.49003
2.49141
2.49294
2.4946
2.49642
2.4984
2.50056
2.5029
2.50543
2.50812
2.51094
2.51385
2.51679
2.51969
2.52249
2.52512
2.52756
2.52976
2.5317
2.53338
2.53479
2.53592
2.53678
2.53735
2.53762
2.53758
2.53722
2.53653
2.53552
2.53422
2.53264
2.53084
2.52884
2.52668
2.52438
2.52195
2.51937
2.51662
2.51366
2.51046
2.50701
2.50331
2.4994
2.49535
2.49126
2.48722
2.48335
2.47975
2.4765
2.47363
2.47116
2.46906
2.4673
2.46584
2.46465
2.46371
2.46306
2.46274
2.46282
2.46338
2.46447
2.46615
2.46842
2.47128
2.47465
2.47847
2.48262
2.487
2.49147
2.49592
2.5002
2.50418
2.50774
2.51076
2.51315
2.51485
2.51585
2.51621
2.516
2.51534
2.5144
2.51333
2.51226
2.51132
2.51058
2.51008
2.5098
2.50968
2.50966
2.50961
2.50943
2.50903
2.50833
2.5073
2.50593
2.50429
2.50244
2.50049
2.49852
2.49662
2.49486
2.49328
2.49189
2.49066
2.48958
2.48858
2.48763
2.4867
2.48577
2.48482
2.48389
2.483
2.48221
2.48156
2.48111
2.4809
2.48097
2.48134
2.48202
2.483
2.48424
2.48571
2.48737
2.48914
2.49098
2.49283
2.49464
2.49637
2.49798
2.49947
2.50082
2.50202
2.50308
2.50401
2.5048
2.50546
2.50596
2.50629
2.50641
2.5063
2.50592
2.50525
2.50426
2.50296
2.50137
2.4995
2.49742
2.49515
2.49276
2.4903
2.48781
2.48535
2.48295
2.48066
2.47855
2.47667
2.47508
2.47388
2.47313
2.47291
2.4733
2.47434
2.47608
2.47851
2.48159
2.48525
2.48938
2.49382
2.49841
2.50294
2.50724
2.51113
2.51448
2.51717
2.51915
2.52041
2.52097
2.52087
2.5202
2.51903
2.51743
2.51547
2.51318
2.51059
2.50768
2.50443
2.50084
2.49687
2.49255
2.48792
2.48304
2.47804
2.47303
2.46817
2.4636
2.45945
2.45586
2.45291
2.45068
2.44924
2.44861
2.44881
2.44984
2.45166
2.45423
2.45746
2.46127
2.46554
2.47013
2.47491
2.47974
2.48448
2.48902
2.49326
2.49712
2.50055
2.50351
2.50598
2.50798
2.50951
2.51057
2.51119
2.51137
2.5111
2.5104
2.50925
2.50765
2.50562
2.50317
2.50032
2.49714
2.49368
2.49003
2.48626
2.48248
2.47876
2.47518
2.47181
2.46868
2.46584
2.46329
2.46106
2.45915
2.45755
2.45627
2.45531
2.45468
2.45437
2.45441
2.45479
2.45552
2.4566
2.458
2.45971
2.46168
2.46388
2.46623
2.4687
2.47122
2.47373
2.47619
2.47855
2.48077
2.48283
2.48468
2.48633
2.48775
2.48895
2.48994
2.49076
2.49144
2.49202
2.49256
2.49309
2.49366
2.49429
2.49501
2.49581
2.49669
2.49762
2.49859
2.49955
2.50047
2.50129
2.50198
2.50248
2.50275
2.50276
2.50247
2.50188
2.50099
2.49983
2.49841
2.4968
2.49505
2.49319
2.49128
2.48935
2.48741
2.48547
2.48353
2.48158
2.4796
2.47759
2.47555
2.47349
2.47145
2.46947
2.4676
2.46591
2.46446
2.4633
2.46248
2.46202
2.46193
2.46221
2.46283
2.46377
2.46498
2.46644
2.46813
2.47002
2.4721
2.47438
2.47685
2.47952
2.48238
2.48544
2.48867
2.49206
2.49558
2.4992
2.50288
2.5066
2.51034
2.51408
2.51782
2.52157
2.52532
2.5291
2.53287
2.53662
2.54029
2.54379
2.54704
2.54991
2.55231
2.55415
2.55536
2.55594
2.5559
2.5553
2.55425
2.55286
2.55123
2.54946
2.54758
2.54561
2.5435
2.54119
2.53863
2.53579
2.53267
2.52933
2.52587
2.52241
2.51907
2.51597
2.51321
2.51086
2.50897
2.50754
2.50657
2.50599
2.50574
2.50571
2.50575
2.50574
2.50553
2.50502
2.50413
2.50281
2.50109
2.49901
2.49665
2.49414
2.49158
2.4891
2.48681
2.48478
2.48307
2.48169
2.48062
2.47982
2.4792
2.47869
2.47819
2.47763
2.47694
2.47608
2.47502
2.47377
2.47235
2.47078
2.46911
2.46739
2.46566
2.46398
2.46242
2.46102
2.45984
2.45893
2.45833
2.4581
2.45827
2.45888
2.45997
2.46158
2.46371
2.46639
2.46962
2.47339
2.47766
2.48238
2.48746
2.49278
2.49822
2.50363
2.50886
2.5138
2.51832
2.52238
2.52594
2.52901
2.53165
2.5339
2.53585
2.53753
2.53901
2.54027
2.54132
2.54211
2.54259
2.5427
2.54239
2.54162
2.5404
2.53874
2.53669
2.53432
2.53174
2.52902
2.52626
2.52352
2.52085
2.51827
2.51579
2.5134
2.51108
2.50882
2.50659
2.50439
2.5022
2.50002
2.49787
2.49576
2.49371
2.49177
2.48997
2.48837
2.48703
2.48602
2.4854
2.4852
2.48548
2.48625
2.48751
2.48922
2.49134
2.49376
2.4964
2.49912
2.50181
2.50432
2.50653
2.50835
2.50968
2.51048
2.51072
2.51039
2.50955
2.50823
2.50651
2.50448
2.50222
2.49981
2.49733
2.49485
2.49242
2.49008
2.48788
2.48583
2.48398
2.48236
2.48098
2.47989
2.47911
2.47866
2.47853
2.47874
2.47923
2.47998
2.4809
2.48192
2.48293
2.48384
2.48455
2.485
2.48512
2.48491
2.48439
2.48358
2.48255
2.48137
2.48007
2.4787
2.47727
2.47578
2.4742
2.47254
2.4708
2.469
2.46719
2.46542
2.46374
2.46218
2.46077
2.45952
2.4584
2.4574
2.4565
2.45569
2.45498
2.4544
2.45399
2.45379
2.45385
2.4542
2.45486
2.45584
2.45711
2.45865
2.46041
2.46235
2.4644
2.46653
2.46868
2.47082
2.47291
2.47491
2.47681
2.47859
2.48022
2.4817
2.48303
2.4842
2.48522
2.48612
2.4869
2.4876
2.48824
2.48884
2.48944
2.49006
2.49074
2.49147
2.4923
2.49322
2.49425
2.49536
2.49655
2.49778
2.49903
2.50025
2.50141
2.50247
2.50341
2.50421
2.50488
2.50542
2.50588
2.50628
2.50668
2.50711
2.50763
2.50826
2.509
2.50985
2.51078
2.51175
2.51271
2.51359
2.51432
2.51486
2.51515
2.51514
2.51482
2.51418
2.51323
2.51201
2.51057
2.50898
2.50731
2.50565
2.50405
2.50258
2.50126
2.5001
2.49908
2.49817
2.49731
2.49644
2.49551
2.49446
2.49327
2.49191
2.49039
2.48871
2.4869
2.48497
2.48296
2.48087
2.47873
2.47654
2.47431
2.47206
2.4698
2.46755
2.46534
2.4632
2.46115
2.45924
2.4575
2.45596
2.45464
2.45358
2.4528
2.4523
2.45211
2.45224
2.45271
2.45352
2.45469
2.45621
2.45805
2.46018
2.46251
2.46495
2.46735
2.4696
2.47158
2.47317
2.47434
2.47507
2.4754
2.47541
2.47518
2.47481
2.47439
2.47398
2.4736
2.47328
2.473
2.47277
2.47256
2.47238
2.47222
2.47208
2.47197
2.47189
2.47183
2.4718
2.47177
2.47173
2.47166
2.47155
2.47141
2.47124
2.47109
2.47101
2.47105
2.47127
2.47172
2.47239
2.47329
2.47437
2.47555
2.47676
2.4779
2.47891
2.47975
2.4804
2.48091
2.48135
2.48181
2.48239
2.48319
2.48429
2.48572
2.48746
2.48945
2.4916
2.49379
2.49589
2.49781
2.49946
2.50081
2.50183
2.50255
2.50297
2.50311
2.50299
2.50261
2.50198
2.5011
2.5
2.49871
2.49729
2.49581
2.49432
2.49289
2.49157
2.49035
2.48923
2.48812
2.48694
2.48561
2.48405
2.48222
2.48017
2.47797
2.47577
2.47372
2.47196
2.47062
2.46977
2.46944
2.46961
2.47021
2.47117
2.47241
2.47384
2.47538
2.47696
2.4785
2.47994
2.48123
2.48233
2.48319
2.48382
2.48419
2.48434
2.48427
2.48403
2.48366
2.48321
2.48274
2.48231
2.48197
2.48179
2.4818
2.48206
2.48256
2.48331
2.48429
2.48545
2.48674
2.48809
2.48943
2.4907
2.49184
2.49281
2.49359
2.49414
2.49448
2.49462
2.49458
2.4944
2.49414
2.49385
2.4936
2.49345
2.49344
2.4936
2.49392
2.49439
2.49498
2.49561
2.49625
2.49681
2.49724
2.49749
2.49755
2.4974
2.49705
2.49655
2.49594
2.49529
2.49469
2.4942
2.4939
2.49388
2.49419
2.4949
2.49604
2.49763
2.49965
2.50206
2.50478
2.50769
2.51066
2.51352
2.51612
2.51833
2.52006
2.52127
2.52196
2.52217
2.52197
2.52144
2.52065
2.51967
2.51852
2.51722
2.51578
2.51417
2.51241
2.51048
2.50839
2.50616
2.50383
2.50141
2.49895
2.49648
2.49404
2.49164
2.48931
2.48703
2.48483
2.48269
2.48062
2.47864
2.47675
2.47498
2.47336
2.47192
2.47071
2.46975
2.46906
2.46868
2.46861
2.46886
2.46943
2.47033
2.47157
2.47315
2.4751
2.4774
2.48004
2.48296
2.48607
2.4892
2.49218
2.49483
2.49698
2.49855
2.49952
2.49995
2.49997
2.49973
2.49937
2.499
2.49872
2.49857
2.49857
2.4987
2.49894
2.49923
2.49952
2.49973
2.49979
2.49964
2.49922
2.49852
2.49753
2.49627
2.49477
2.49306
2.4912
2.48921
2.48713
2.48498
2.48276
2.48048
2.47815
2.47578
2.47338
2.47098
2.46863
2.46636
2.46426
2.46239
2.46082
2.45962
2.45887
2.45859
2.45882
2.45955
2.46075
2.46236
2.4643
2.46645
2.46869
2.4709
2.47292
2.47466
2.47603
2.47698
2.4775
2.47764
2.47749
2.47716
2.47676
2.47641
2.4762
2.4762
2.47643
2.4769
2.47757
2.47842
2.47941
2.4805
2.48166
2.48288
2.48417
2.48552
2.48693
2.48838
2.48987
2.49135
2.49275
2.494
2.49498
2.49558
2.4957
2.49524
2.49414
2.49239
2.49002
2.48711
2.4838
2.48022
2.47655
2.47296
2.46957
2.46652
2.46389
2.46175
2.46016
2.45914
2.45873
2.45894
2.45979
2.4613
2.46348
2.46632
2.46981
2.47391
2.47857
2.48369
2.48915
2.49479
2.50043
2.50588
2.51097
2.51554
2.51948
2.52272
2.52523
2.52702
2.52816
2.52869
2.5287
2.52826
2.52744
2.52631
2.52491
2.52331
2.52154
2.51963
2.51763
2.51555
2.51343
2.51129
2.50917
2.50711
2.50513
2.50328
2.50158
2.50007
2.49877
2.49768
2.49679
2.4961
2.49556
2.49516
2.49486
2.49462
2.49442
2.49424
2.49407
2.49392
2.49378
2.49366
2.49359
2.49357
2.49362
2.49375
2.49397
2.49428
2.49468
2.49517
2.49574
2.49638
2.49709
2.49785
2.49869
2.49961
2.50063
2.5018
2.50317
2.50478
2.50668
2.50891
2.51151
2.51444
2.51765
2.52101
2.52432
2.52736
2.52987
2.53162
2.53242
2.53213
2.53073
2.52829
2.52493
2.52085
2.51626
2.51135
2.50629
2.50123
2.49625
2.49142
2.48679
2.48239
2.47825
2.47439
2.47084
2.46763
2.46477
2.46227
2.46016
2.45842
2.45705
2.45603
2.45534
2.45494
2.45479
2.45483
2.45501
2.45527
2.45555
2.45581
2.45601
2.45613
2.45615
2.45605
2.45585
2.45552
2.45504
2.4544
2.45356
2.45251
2.4512
2.44964
2.44784
2.44583
2.44366
2.4414
2.43912
2.43688
2.43473
2.43269
2.43077
2.42896
2.42727
2.42568
2.42422
2.42291
2.42182
2.42102
2.42058
2.42059
2.4211
2.42217
2.42382
2.42603
2.42878
2.43201
2.43563
2.43957
2.44372
2.44797
2.45224
2.45642
2.46044
2.46421
2.46766
2.47072
2.47335
2.4755
2.47716
2.47833
2.47905
2.47935
2.47932
2.47903
2.47858
2.47806
2.47758
2.4772
2.47702
2.47707
2.47742
2.47806
2.47902
2.48026
2.48176
2.48344
2.48524
2.48708
2.48885
2.49047
2.49185
2.49292
2.49361
2.49391
2.49379
2.49326
2.49237
2.49115
2.48967
2.488
2.48622
2.48441
2.48265
2.48104
2.47963
2.47851
2.4777
2.47725
2.47714
2.47735
2.47783
2.47854
2.47938
2.48029
2.48119
2.48204
2.48277
2.48338
2.48384
2.48417
2.4844
2.48454
2.48464
2.48474
2.48487
2.48508
2.48539
2.48584
2.48647
2.48731
2.48839
2.48972
2.49133
2.49319
2.4953
2.4976
2.50007
2.50263
2.50523
2.50786
2.51047
2.5131
2.51576
2.51849
2.52135
2.52435
2.52751
2.53078
2.53408
2.53727
2.54021
2.54273
2.5447
2.54605
2.54675
2.5469
2.54663
2.54613
2.54561
2.54523
2.54507
2.54512
2.54523
2.54518
2.54472
2.54361
2.54171
2.53896
2.53546
2.53138
2.52701
2.52261
2.51845
2.51473
2.51159
2.50911
2.50735
2.50631
2.50597
2.50628
2.50718
2.50859
2.51039
2.51248
2.51475
2.51708
2.51939
2.52158
2.52358
2.52531
2.52666
2.52756
2.52789
2.5276
2.52661
2.52492
2.52257
2.51963
2.51625
2.51258
2.50882
2.50514
2.5017
2.49863
2.49602
2.49392
2.49232
2.49116
2.49038
2.48986
2.48951
2.48921
2.4889
2.4885
2.48797
2.48728
2.48642
2.48539
2.4842
2.48283
2.48132
2.47966
2.47789
2.47604
2.47416
2.47231
2.47054
2.46892
2.46751
2.46635
2.46549
2.46494
2.46472
2.46481
2.46519
2.46582
2.46664
2.4676
2.46861
2.46962
2.47053
2.47131
2.47188
2.47222
2.47232
2.47218
2.47184
2.47135
2.47076
2.47015
2.46961
2.4692
2.46899
2.46903
2.46936
2.47
2.47095
2.47218
2.47365
2.47531
2.47709
2.47889
2.48062
2.48218
2.48348
2.48444
2.48501
2.48517
2.48493
2.48435
2.48349
2.48248
2.48142
2.48043
2.47959
2.47899
2.47867
2.47863
2.47885
2.47926
2.47979
2.48033
2.48078
2.48108
2.48116
2.48101
2.48065
2.48015
2.47957
2.47903
2.47862
2.4784
2.47842
2.47869
2.47919
2.47987
2.48068
2.48154
2.48239
2.48318
2.48386
2.48441
2.48479
2.48501
2.48503
2.48486
2.48447
2.48386
2.48301
2.4819
2.48052
2.47886
2.47692
2.47471
2.47224
2.46955
2.46668
2.46368
2.46063
2.4576
2.45467
2.45191
2.44941
2.44723
2.44541
2.44401
2.44304
2.44252
2.44246
2.44284
2.44365
2.44487
2.44647
2.44839
2.45058
2.45297
2.45547
2.45801
2.46053
2.46298
2.46534
2.46762
2.46986
2.47211
2.47441
2.47681
2.4793
2.48188
2.4845
2.48709
2.48958
2.4919
2.49401
2.49586
2.49745
2.49878
2.49989
2.5008
2.50157
2.50227
2.50295
2.50366
2.50447
2.50538
2.50642
2.50755
2.50874
2.5099
2.51097
2.51186
2.51249
2.5128
2.51278
2.51244
2.51181
2.51097
2.51
2.50898
2.50801
2.50716
2.50649
2.50604
2.50585
2.50594
2.50631
2.50695
2.50784
2.50896
2.51026
2.5117
2.51322
2.51477
2.51628
2.51771
2.51899
2.52007
2.5209
2.5214
2.52153
2.52122
2.52044
2.51917
2.51742
2.51525
2.51275
2.51003
2.50722
2.50448
2.50191
2.49964
2.49773
2.49623
2.49513
2.49441
2.49403
2.49389
2.49392
2.49401
2.49409
2.49405
2.49381
2.4933
2.49247
2.49127
2.48964
2.48756
2.48499
2.48192
2.47837
2.47436
2.46997
2.4653
2.46049
2.45568
2.45102
2.44664
2.44266
2.43917
2.43621
2.4338
2.43194
2.4306
2.42975
2.42934
2.42931
2.42961
2.43017
2.43097
2.43195
2.43311
2.43443
2.43591
2.43756
2.4394
2.44146
2.44377
2.44635
2.44921
2.45235
2.45574
2.45931
2.46295
2.46652
2.46985
2.47276
2.47509
2.47673
2.47762
2.47775
2.4772
2.47608
2.47453
2.4727
2.47074
2.46876
2.46683
2.46501
2.46334
2.46183
2.46049
2.45934
2.45839
2.45766
2.45717
2.45695
2.45702
2.45738
2.45804
2.45897
2.46016
2.46157
2.46317
2.46492
2.46679
2.46874
2.47074
2.47273
2.47468
2.47653
2.47821
2.47968
2.4809
2.48183
2.48248
2.48286
2.483
2.48295
2.48278
2.48252
2.48225
2.48198
2.48177
2.48162
2.48154
2.48154
2.48161
2.48172
2.48187
2.48202
2.48214
2.4822
2.48219
2.48207
2.48185
2.48152
2.4811
2.4806
2.48003
2.47943
2.4788
2.47815
2.47748
2.47678
2.47605
2.47526
2.47439
2.47343
2.47238
2.47123
2.47
2.46875
2.4675
2.46634
2.46534
2.46457
2.46411
2.46404
2.46442
2.46527
2.46661
2.46843
2.47066
2.47323
2.47604
2.47896
2.48188
2.48469
2.48729
2.48961
2.49158
2.49318
2.49437
2.49515
2.49551
2.49546
2.49505
2.49432
2.49335
2.4922
2.49097
2.48974
2.48858
2.48754
2.48665
2.48592
2.48537
2.48497
2.48471
2.48457
2.48453
2.48457
2.4847
2.48491
2.48521
2.48563
2.48619
2.48692
2.48786
2.48903
2.49045
2.49211
2.49397
2.49599
2.49808
2.50011
2.50196
2.50349
2.50456
2.50506
2.5049
2.50409
2.50264
2.50065
2.49825
2.49557
2.49276
2.48995
2.48723
2.48465
2.48224
2.47998
2.47786
2.47585
2.47393
2.47209
2.47032
2.46862
2.46701
2.4655
2.46409
2.4628
2.46162
2.46058
2.45967
2.45889
2.45827
2.4578
2.4575
2.4574
2.45749
2.45781
2.45836
2.45915
2.46018
2.46144
2.46291
2.46456
2.46634
2.46819
2.47005
2.47185
2.47351
2.47496
2.47612
2.47695
2.4774
2.47744
2.47707
2.4763
2.47513
2.47362
2.47179
2.4697
2.4674
2.46496
2.46243
2.45989
2.45741
2.45505
2.45288
2.45097
2.44937
2.44813
2.44729
2.44687
2.44688
2.4473
2.44811
2.44926
2.45069
2.45233
2.45409
2.45588
2.45763
2.45924
2.46063
2.46173
2.46249
2.46288
2.46287
2.46249
2.46175
2.4607
2.45941
2.45794
2.45638
2.4548
2.45326
2.45184
2.45058
2.44952
2.44868
2.44809
2.44774
2.44763
2.44774
2.44804
2.44852
2.44914
2.44988
2.45072
2.45163
2.45259
2.45361
2.45467
2.45576
2.4569
2.45808
2.45929
2.46055
2.46184
2.46317
2.46453
2.46591
2.46731
2.46873
2.47018
2.47164
2.47312
2.47462
2.47614
2.47766
2.47917
2.48065
2.48208
2.48342
2.48465
2.48573
2.48663
2.48734
2.48785
2.48815
2.48826
2.48821
2.48802
2.48773
2.4874
2.48706
2.48678
2.4866
2.48656
2.4867
2.48705
2.48759
2.48832
2.48919
2.49014
2.4911
2.49198
2.49269
2.49316
2.49333
2.49316
2.49264
2.49176
2.49058
2.48914
2.48749
2.48571
2.48386
2.48201
2.48022
2.47853
2.47698
2.47561
2.47443
2.47345
2.47266
2.47204
2.47156
2.47119
2.47089
2.4706
2.4703
2.46993
2.46949
2.46896
2.46834
2.46767
2.46698
2.46632
2.46575
2.46535
2.46519
2.46533
2.46583
2.46673
2.46807
2.46984
2.47201
2.47453
2.47729
2.48019
2.48309
2.48586
2.48839
2.49061
2.49249
2.49403
2.49527
2.49628
2.4971
2.49776
2.49825
2.49856
2.49863
2.49841
2.49789
2.49706
2.49596
2.49466
2.49322
2.49176
2.49036
2.48909
2.48803
2.48721
2.48667
2.48644
2.48653
2.48693
2.48762
2.48856
2.48968
2.4909
2.4921
2.49318
2.49401
2.49449
2.49456
2.49415
2.49327
2.49192
2.49015
2.48799
2.48551
2.48276
2.47979
2.47669
2.47351
2.47033
2.46725
2.46433
2.46164
2.45926
2.4572
2.4555
2.45412
2.45305
2.45222
2.45156
2.45099
2.45047
2.44993
2.44935
2.44875
2.44816
2.44765
2.44729
2.44717
2.44737
2.44794
2.44894
2.45038
2.45225
2.45451
2.45712
2.46002
2.46312
2.46637
2.4697
2.47305
2.47639
2.47967
2.48289
2.48605
2.48916
2.49224
2.4953
2.49836
2.50142
2.50442
2.50733
2.51005
2.51248
2.51454
2.51612
2.51717
2.51766
2.5176
2.51703
2.51604
2.51473
2.51319
2.51155
2.50992
2.5084
2.50709
2.50607
2.5054
2.50512
2.50525
2.50577
2.50665
2.50782
2.5092
2.51068
2.51216
2.51355
2.51475
2.51569
2.51634
2.51668
2.51672
2.5165
2.51605
2.51545
2.51475
2.51401
2.51327
2.51256
2.5119
2.5113
2.51075
2.51025
2.50976
2.50928
2.50878
2.50824
2.50763
2.50694
2.50615
2.50523
2.50415
2.50291
2.50148
2.49985
2.49799
2.49589
2.49355
2.49095
2.4881
2.48501
2.48172
2.47825
2.47466
2.47102
2.46739
2.46388
2.46057
2.45756
2.45495
2.4528
2.45117
2.45008
2.4495
2.44936
2.44958
2.45002
2.45056
2.45108
2.45149
2.45174
2.4518
2.45171
2.45152
2.45129
2.45107
2.45094
2.45092
2.45102
2.45127
2.45163
2.45212
2.4527
2.45336
2.4541
2.45491
2.45579
2.45674
2.45776
2.45886
2.46004
2.46129
2.46261
2.46398
2.46537
2.46676
2.46813
2.46947
2.47077
2.47204
2.4733
2.47458
2.47594
2.4774
2.47902
2.48082
2.48281
2.48501
2.48742
2.49003
2.49283
2.49584
2.49905
2.50248
2.50612
2.50998
2.51403
2.51825
2.52256
2.52688
2.53113
2.53518
2.53894
2.5423
2.54516
2.54744
2.54908
2.55002
2.55022
2.54967
2.54835
2.5463
2.54353
2.5401
2.53611
2.53165
2.52683
2.52179
2.51665
2.51153
2.50655
2.50179
2.49733
2.49324
2.48957
2.48636
2.48364
2.48143
2.47975
2.47857
2.47789
2.47766
2.47783
2.47833
2.47906
2.47996
2.48094
2.48191
2.48281
2.48359
2.48418
2.48454
2.48463
2.48443
2.48392
2.48308
2.48192
2.48048
2.47878
2.47689
2.47487
2.47279
2.47073
2.46874
2.46687
2.46518
2.46369
2.46241
2.46136
2.46053
2.45989
2.45943
2.45912
2.45894
2.45887
2.45888
2.45897
2.45916
2.45944
2.45987
2.46048
2.46135
2.46253
2.46411
2.46613
2.46864
2.47163
2.47505
2.4788
2.48273
2.48664
2.49028
2.49344
2.49587
2.49741
2.49793
2.49738
2.49579
2.49322
2.48981
2.4857
2.48106
2.47607
2.47088
2.46565
2.46053
2.45564
2.45111
2.44703
2.4435
2.44058
2.43831
2.43672
2.43583
2.43561
2.43606
2.43715
2.43883
2.44107
2.44382
2.44704
2.45069
2.45473
2.4591
2.46377
2.46866
2.47372
2.47886
2.48399
2.48901
2.49383
2.49834
2.50248
2.50619
2.50944
2.51223
2.51459
2.51655
2.51817
2.51951
2.52062
2.52156
2.52238
2.5231
2.52378
2.52443
2.52508
2.52574
2.52643
2.52714
2.52784
2.52848
2.52899
2.52928
2.52928
2.52891
2.52814
2.52697
2.52544
2.52364
2.5217
2.51974
2.51791
2.51632
2.51506
2.51419
2.51374
2.51371
2.51408
2.51479
2.51579
2.51698
2.51828
2.51959
2.52083
2.52189
2.52272
2.52325
2.52345
2.52328
2.52276
2.52189
2.52069
2.5192
2.51748
2.51556
2.51352
2.5114
2.50929
2.50722
2.50525
2.50342
2.50174
2.50024
2.49892
2.49777
2.49681
2.49605
2.49548
2.49514
2.49503
2.49518
2.49557
2.49619
2.49701
2.498
2.49911
2.50029
2.50151
2.50274
2.50399
2.50524
2.50653
2.50786
2.50922
2.51061
2.51198
2.51327
2.51438
2.51521
2.51563
2.5155
2.51472
2.51321
2.51091
2.50784
2.50405
2.49966
2.49481
2.48967
2.48443
2.47925
2.47429
2.46969
2.46553
2.46188
2.45877
2.45623
2.45423
2.45277
2.45182
2.45136
2.45135
2.45177
2.45258
2.45376
2.45524
2.45697
2.45887
2.46087
2.46288
2.4648
2.46656
2.46809
2.46933
2.47026
2.47086
2.47112
2.47106
2.4707
2.47005
2.46916
2.46805
2.46674
2.46527
2.46365
2.46192
2.46011
2.45823
2.45631
2.45438
2.45247
2.4506
2.44882
2.44716
2.44566
2.44435
2.44329
2.44252
2.44208
2.44203
2.44239
2.44321
2.44447
2.44617
2.44825
2.45061
2.45314
2.4557
2.45814
2.46035
2.46223
2.46374
2.46487
2.46569
2.46626
2.46668
2.46704
2.46742
2.46785
2.46838
2.469
2.4697
2.47045
2.47124
2.47202
2.47278
2.47349
2.47412
2.47465
2.47504
2.47528
2.47535
2.47524
2.47498
2.47461
2.47418
2.47379
2.47349
2.47337
2.47348
2.47385
2.47449
2.47538
2.47649
2.47779
2.47922
2.48073
2.48228
2.48381
2.48529
2.4867
2.48799
2.48917
2.49022
2.49115
2.49197
2.49271
2.4934
2.49406
2.49472
2.49542
2.49616
2.49696
2.49783
2.49876
2.49975
2.50077
2.5018
2.5028
2.50372
2.50452
2.50515
2.5056
2.50582
2.50582
2.50561
2.50519
2.50458
2.5038
2.50289
2.50187
2.50081
2.49979
2.49891
2.4983
2.49807
2.49832
2.49914
2.50056
2.50255
2.50505
2.50798
2.51121
2.51464
2.51815
2.52166
2.52505
2.52823
2.53106
2.53342
2.53515
2.5361
2.53617
2.53529
2.5335
2.53089
2.52765
2.52402
2.52027
2.51667
2.51344
2.51077
2.50879
2.50754
2.50704
2.50724
2.50806
2.5094
2.51114
2.51316
2.51533
2.51753
2.51965
2.52161
2.52336
2.52485
2.52608
2.52705
2.52777
2.52826
2.52855
2.52865
2.52857
2.52834
2.52796
2.52747
2.52692
2.52636
2.52587
2.5255
2.52533
2.52542
2.52578
2.52643
2.52734
2.52846
2.5297
2.53096
2.53214
2.53312
2.5338
2.53409
2.5339
2.5332
2.53194
2.5301
2.52769
2.52473
2.52127
2.51737
2.51311
2.50859
2.50389
2.49912
2.49435
2.48967
2.48513
2.48081
2.47675
2.47301
2.46961
2.4666
2.464
2.46182
2.46006
2.45869
2.45768
2.45695
2.45645
2.45609
2.4558
2.45551
2.45516
2.45473
2.45418
2.4535
2.45271
2.45181
2.45083
2.44977
2.44868
2.44756
2.44643
2.44532
2.44423
2.44319
2.4422
2.44129
2.44047
2.43975
2.43914
2.43866
2.4383
2.43806
2.43795
2.43797
2.43811
2.4384
2.43884
2.43945
2.44026
2.44128
2.44256
2.4441
2.44594
2.44808
2.45057
2.45341
2.45662
2.46021
2.46415
2.46841
2.47293
2.47762
2.48237
2.48704
2.49149
2.49556
2.4991
2.50199
2.50412
2.50543
2.50591
2.50557
2.5045
2.50279
2.50057
2.49797
2.49512
2.49213
2.48909
2.48607
2.48313
2.48031
2.47764
2.47516
2.4729
2.47089
2.46917
2.46777
2.46671
2.46602
2.46569
2.46572
2.46609
2.46677
2.4677
2.46884
2.47014
2.47155
2.47301
2.47447
2.47589
2.47723
2.47847
2.47958
2.48055
2.48137
2.48206
2.48262
2.48308
2.48347
2.48384
2.48424
2.48473
2.48536
2.48618
2.48724
2.48857
2.49017
2.49202
2.49409
2.4963
2.49855
2.50076
2.5028
2.50459
2.50602
2.50705
2.50763
2.50777
2.50748
2.50683
2.50587
2.50468
2.50334
2.50191
2.50044
2.49898
2.49754
2.49614
2.49478
2.49343
2.49207
2.49067
2.48917
2.48753
2.4857
2.48364
2.48132
2.47873
2.47588
2.47283
2.46962
2.46635
2.46308
2.45991
2.4569
2.4541
2.45158
2.44934
2.44741
2.44581
2.44454
2.44362
2.44304
2.44282
2.44297
2.4435
2.44439
2.44565
2.44727
2.44922
2.45148
2.45403
2.45682
2.45982
2.46299
2.46628
2.46964
2.47302
2.47635
2.47957
2.48261
2.48539
2.48782
2.48983
2.49132
2.49224
2.49253
2.49215
2.49111
2.48945
2.48722
2.48453
2.48149
2.47824
2.47489
2.47159
2.46845
2.46557
2.46302
2.46087
2.45916
2.45791
2.45713
2.45679
2.45687
2.45731
2.45806
2.45902
2.46014
2.46132
2.4625
2.46362
2.46465
2.46555
2.46635
2.46708
2.46777
2.46847
2.46924
2.4701
2.47107
2.47214
2.4733
2.4745
2.47571
2.47687
2.47796
2.47895
2.47981
2.48055
2.48114
2.48159
2.4819
2.48207
2.48209
2.48197
2.48172
2.48132
2.48079
2.48012
2.47928
2.47825
2.47701
2.47552
2.47375
2.4717
2.46935
2.46672
2.46385
2.46079
2.45761
2.45439
2.45122
2.44821
2.44545
2.44302
2.441
2.43946
2.43842
2.43792
2.43794
2.43844
2.43939
2.4407
2.4423
2.44412
2.44607
2.4481
2.45017
2.45224
2.45431
2.45639
2.45847
2.46056
2.46268
2.46483
2.467
2.46919
2.47142
2.47369
2.47605
2.47852
2.48115
2.48397
2.487
2.49019
2.49349
2.49678
2.49991
2.50273
2.50508
2.50687
2.50804
2.5086
2.50864
2.50827
2.50765
2.50695
2.50629
2.50577
2.50547
2.50539
2.50553
2.50583
2.50623
2.50665
2.50701
2.50725
2.50731
2.50717
2.50682
2.5063
2.50567
2.50498
2.50434
2.50379
2.50341
2.5032
2.50318
2.5033
2.50351
2.50375
2.50393
2.50401
2.50393
2.50367
2.50322
2.50259
2.5018
2.50087
2.4998
2.49862
2.49731
2.49587
2.4943
2.49257
2.49071
2.48872
2.48664
2.48449
2.48233
2.4802
2.47815
2.47624
2.4745
2.47296
2.47165
2.47061
2.46986
2.46942
2.46932
2.46958
2.47022
2.47125
2.47268
2.4745
2.47667
2.47916
2.48191
2.48484
2.48788
2.49093
2.49391
2.49674
2.49936
2.5017
2.50372
2.50537
2.50664
2.50751
2.50798
2.50808
2.50783
2.50728
2.50652
2.50559
2.50456
2.50349
2.5024
2.50127
2.5001
2.49882
2.49737
2.4957
2.49376
2.49154
2.48905
2.48634
2.4835
2.48063
2.47784
2.47526
2.47301
2.47119
2.46988
2.46914
2.469
2.46945
2.47047
2.472
2.47397
2.47627
2.47877
2.48135
2.48385
2.48615
2.4881
2.48959
2.49053
2.49087
2.49057
2.48965
2.48815
2.48611
2.48361
2.48074
2.47759
2.47425
2.4708
2.46734
2.46393
2.46063
2.45751
2.45459
2.45194
2.44957
2.44751
2.4458
2.44445
2.44349
2.44293
2.44278
2.44306
2.44377
2.44488
2.44636
2.44816
2.45017
2.45228
2.45435
2.45621
2.45773
2.45878
2.45928
2.45921
2.45859
2.45748
2.45598
2.45422
2.45231
2.45035
2.44845
2.44669
2.44513
2.44385
2.44288
2.44228
2.44208
2.44231
2.44298
2.44411
2.4457
2.44773
2.45021
2.4531
2.4564
2.46006
2.46404
2.46828
2.47269
2.47716
2.48154
2.48566
2.48934
2.4924
2.49471
2.49618
2.49678
2.49654
2.49558
2.49402
2.49206
2.48986
2.48758
2.48538
2.48334
2.48153
2.48001
2.47879
2.47787
2.47723
2.47683
2.47663
2.47659
2.47664
2.4767
2.47673
2.47664
2.47638
2.4759
2.47517
2.47417
2.47294
2.47151
2.46996
2.46838
2.46689
2.46561
2.46466
2.46415
2.46417
2.46478
2.466
2.46784
2.47023
2.47306
2.47615
2.4793
2.48226
2.4848
2.48667
2.48773
2.48786
2.48705
2.48535
2.48288
2.47981
2.47629
2.47249
2.46853
2.4645
2.46048
2.45649
2.45258
2.44876
2.44506
2.44151
2.43814
2.43501
2.43215
2.42962
2.42747
2.42573
2.42447
2.42369
2.42344
2.42372
2.42453
2.42585
2.42767
2.42995
2.43265
2.43574
2.43915
2.44285
2.44677
2.45087
2.45507
2.45935
2.46366
2.46799
2.47235
2.47675
2.48123
2.48584
2.49062
2.49559
2.50076
2.50611
2.51158
2.51708
2.52248
2.52764
2.53239
2.53656
2.54001
2.54262
2.54432
2.54508
2.54495
2.54401
2.54238
2.54022
2.53768
2.53492
2.53209
2.52931
2.52668
2.52426
2.5221
2.52023
2.51864
2.51731
2.51622
2.51531
2.51453
2.5138
2.51306
2.51223
2.51123
2.50999
2.50845
2.50659
2.50437
2.50184
2.49902
2.49597
2.49278
2.48953
2.48631
2.48318
2.48022
2.47747
2.47497
2.47274
2.4708
2.46915
2.46777
2.46667
2.4658
2.46516
2.4647
2.46441
2.46425
2.46419
2.46422
2.46431
2.46446
2.46465
2.46489
2.46518
2.46552
2.46592
2.46638
2.4669
2.46746
2.46805
2.46859
2.46901
2.46923
2.46913
2.46863
2.46768
2.46629
2.46451
2.46244
2.46025
2.45806
2.45605
2.45433
2.45303
2.45223
2.45204
2.45253
2.4538
2.45591
2.45888
2.46262
2.46694
2.47153
2.47601
2.48001
2.48323
2.48554
2.48694
2.48761
2.48782
2.4879
2.4881
2.48858
2.48938
2.49045
2.49169
2.49296
2.49414
2.49513
2.49585
2.49626
2.49635
2.49613
2.49564
2.49493
2.49404
2.49303
2.49193
2.49077
2.48958
2.48838
2.48717
2.48598
2.48484
2.48378
2.48285
2.48211
2.48159
2.48132
2.48134
2.48164
2.48218
2.48293
2.48382
2.48475
2.48564
2.48639
2.48691
2.48712
2.48696
2.4864
2.48543
2.48406
2.48235
2.48033
2.4781
2.47572
2.47328
2.47086
2.46852
2.46633
2.46435
2.46262
2.46119
2.4601
2.45936
2.45899
2.45899
2.45935
2.46005
2.46103
2.46226
2.46368
2.46524
2.46688
2.46855
2.47019
2.47175
2.47318
2.47446
2.47559
2.47656
2.47741
2.47821
2.47902
2.47991
2.48095
2.48222
2.48374
2.48556
2.48767
2.49006
2.49269
2.49547
2.49832
2.50113
2.50379
2.50619
2.50828
2.51
2.51138
2.51245
2.5133
2.51403
2.51473
2.51548
2.51635
2.51736
2.51851
2.51977
2.52108
2.5224
2.52364
2.52476
2.5257
2.52644
2.52695
2.52723
2.52729
2.52716
2.52685
2.52638
2.52575
2.52497
2.52403
2.52291
2.5216
2.52008
2.51834
2.5164
2.51429
2.51204
2.5097
2.50732
2.50495
2.50262
2.50035
2.49814
2.49598
2.49387
2.49182
2.48984
2.48797
2.48625
2.48472
2.48346
2.4825
2.4819
2.48169
2.4819
2.48253
2.48356
2.48496
2.4867
2.48872
2.49095
2.49332
2.49572
2.49807
2.50027
2.50222
2.50383
2.505
2.50566
2.50575
2.50525
2.50413
2.50241
2.50012
2.49732
2.49409
2.49051
2.4867
2.48277
2.47884
2.47504
2.4715
2.46831
2.4656
2.46345
2.46194
2.46112
2.46103
2.46167
2.46304
2.46511
2.4678
2.47103
2.47472
2.47873
2.48294
2.48723
2.49147
2.49554
2.49933
2.50274
2.50571
2.50818
2.5101
2.51146
2.51225
2.51249
2.51221
2.51145
2.51025
2.50868
2.50681
2.50473
2.50252
2.5003
2.49815
2.49617
2.49444
2.49301
2.49192
2.49115
2.49068
2.49043
2.49031
2.49024
2.49009
2.48977
2.4892
2.48831
2.48708
2.4855
2.48361
2.48145
2.47909
2.47662
2.47413
2.4717
2.46942
2.46737
2.46563
2.46424
2.46324
2.46266
2.4625
2.46275
2.46341
2.46445
2.46583
2.46754
2.46954
2.47181
2.47431
2.47703
2.47994
2.48303
2.48626
2.4896
2.49301
2.49642
2.49975
2.50292
2.50583
2.50839
2.51054
2.51223
2.51348
2.51432
2.51484
2.51517
2.51544
2.51581
2.51639
2.51729
2.51853
2.5201
2.52192
2.52384
2.5257
2.52728
2.52841
2.5289
2.52867
2.52766
2.5259
2.52345
2.52044
2.51703
2.51337
2.50963
2.50594
2.50245
2.49926
2.49646
2.49411
2.49226
2.49092
2.49007
2.48967
2.48967
2.49
2.49057
2.49129
2.49207
2.49282
2.49347
2.49394
2.49421
2.49425
2.49407
2.4937
2.49321
2.49268
2.49219
2.49187
2.49181
2.49213
2.49292
2.49426
2.49618
2.49868
2.50168
2.50503
2.50855
2.51199
2.51512
2.51773
2.51968
2.52088
2.52135
2.52117
2.52044
2.51927
2.51776
2.51594
2.51381
2.51133
2.50846
2.50517
2.50147
2.4974
2.49305
2.48854
2.48403
2.47966
2.4756
2.47198
2.46894
2.46656
2.4649
2.46398
2.46379
2.4643
2.46542
2.46708
2.46917
2.47156
2.47414
2.4768
2.47941
2.48191
2.48423
2.48632
2.48817
2.48979
2.49118
2.49238
2.49341
2.49428
2.49502
2.49565
2.4962
2.49668
2.49713
2.49758
2.49808
2.49866
2.49935
2.50019
2.5012
2.50239
2.50375
2.50529
2.50696
2.50876
2.51063
2.51252
2.51438
2.51613
2.51771
2.51906
2.52012
2.52088
2.52132
2.52146
2.52132
2.52096
2.52046
2.51986
2.51923
2.51862
2.51805
2.51751
2.51697
2.51639
2.51568
2.51479
2.51362
2.5121
2.51021
2.5079
2.50519
2.5021
2.49871
2.49508
2.49132
2.48753
2.48382
2.48029
2.47702
2.4741
2.47158
2.46948
2.46781
2.46657
2.46573
2.46527
2.46514
2.46533
2.46581
2.46658
2.46764
2.469
2.47071
2.47277
2.47522
2.47806
2.48128
2.48484
2.48867
2.49268
2.49673
2.50068
2.50438
2.50767
2.51041
2.51247
2.51379
2.51433
2.51409
2.51315
2.51159
2.50954
2.50716
2.50458
2.50198
2.49949
2.49724
2.49532
2.49383
2.4928
2.49225
2.49216
2.4925
2.49321
2.49421
2.49544
2.49682
2.49828
2.49976
2.50123
2.50265
2.50399
2.50525
2.5064
2.50745
2.50838
2.50917
2.50982
2.5103
2.51057
2.5106
2.51034
2.50974
2.50878
2.50743
2.50569
2.50358
2.50114
2.49842
2.49551
2.49247
2.48938
2.48631
2.48332
2.48045
2.47775
2.47525
2.47296
2.47089
2.46907
2.46748
2.46612
2.46495
2.46396
2.4631
2.46232
2.46157
2.46082
2.46003
2.45917
2.45824
2.45724
2.45618
2.45511
2.45404
2.45302
2.45209
2.45128
2.45063
2.45015
2.44986
2.44974
2.44979
2.44998
2.45031
2.45074
2.45127
2.45188
2.45256
2.45331
2.45415
2.45507
2.45609
2.45721
2.45845
2.4598
2.46128
2.46287
2.46455
2.46631
2.46809
2.46987
2.47161
2.47328
2.47489
2.47646
2.47804
2.4797
2.48153
2.48359
2.48596
2.48869
2.49182
2.49537
2.49934
2.5037
2.50838
2.51328
2.51828
2.52322
2.52791
2.53218
2.53584
2.53875
2.54078
2.54187
2.54198
2.54113
2.5394
2.53689
2.5337
2.53
2.52593
2.52164
2.51727
2.51297
2.50886
2.50507
2.50167
2.49876
2.49639
2.49458
2.49334
2.49265
2.49246
2.4927
2.49328
2.49412
2.49511
2.49615
2.49716
2.49805
2.49875
2.49923
2.49945
2.49941
2.49911
2.4986
2.49791
2.49711
2.49624
2.49537
2.49453
2.49376
2.49308
2.49246
2.49191
2.49139
2.49088
2.49032
2.4897
2.48897
2.48812
2.48711
2.48593
2.48457
2.48304
2.48133
2.47946
2.47745
2.47535
2.47319
2.47103
2.46893
2.46697
2.4652
2.46368
2.46248
2.46163
2.46115
2.46108
2.46141
2.46214
2.46325
2.46472
2.46654
2.46867
2.4711
2.47381
2.47677
2.47997
2.48337
2.48694
2.49063
2.49437
2.49807
2.50163
2.50493
2.50783
2.51021
2.51196
2.51297
2.5132
2.51263
2.5113
2.50932
2.50682
2.50396
2.50092
2.49789
2.49502
2.49243
2.49023
2.48845
2.48711
2.48618
2.48564
2.48541
2.48544
2.48565
2.48598
2.48636
2.48674
2.48705
2.48726
2.48733
2.48721
2.4869
2.48639
2.4857
2.48485
2.4839
2.4829
2.48191
2.48098
2.48015
2.47945
2.47888
2.47846
2.47815
2.47793
2.47777
2.47762
2.47744
2.47718
2.4768
2.47628
2.47558
2.47468
2.4736
2.47233
2.4709
2.46936
2.46774
2.4661
2.46452
2.46304
2.46175
2.46069
2.45994
2.45954
2.45954
2.45998
2.46091
2.46234
2.46432
2.46686
2.46994
2.47355
2.47761
2.48204
2.4867
2.49144
2.49609
2.50047
2.50444
2.50788
2.51075
2.51302
2.51475
2.51601
2.51691
2.51755
2.51805
2.51847
2.51886
2.51927
2.51967
2.52006
2.5204
2.52068
2.52086
2.52093
2.52089
2.52073
2.52045
2.52007
2.51958
2.51896
2.51819
2.51724
2.51607
2.51466
2.51299
2.51107
2.50893
2.50663
2.50426
2.50192
2.49972
2.49778
2.49622
2.49512
2.49457
2.49461
2.49526
2.4965
2.4983
2.50057
2.50324
2.50618
2.50929
2.51248
2.51567
2.51881
2.52188
2.52488
2.5278
2.53064
2.53337
2.53593
2.53826
2.54024
2.54177
2.54277
2.54318
2.54296
2.54215
2.54081
2.53907
2.53705
2.53489
2.53272
2.53063
2.52866
2.52682
2.52506
2.5233
2.52147
2.5195
2.51733
2.51495
2.51239
2.50971
2.507
2.50433
2.50178
2.49939
2.4972
2.49519
2.49334
2.49161
2.48995
2.48833
2.48669
2.485
2.48325
2.48142
2.47953
2.47759
2.47563
2.47367
2.47175
2.4699
2.46812
2.46642
2.4648
2.46326
2.46177
2.46032
2.45891
2.45754
2.45621
2.45493
2.45372
2.45261
2.45162
2.45077
2.45008
2.44955
2.44917
2.44893
2.44878
2.44868
2.44858
2.44842
2.44815
2.4477
2.44704
2.44613
2.44495
2.44348
2.44175
2.4398
2.43768
2.43548
2.43332
2.43129
2.42952
2.4281
2.4271
2.42656
2.42648
2.42684
2.42758
2.42863
2.42989
2.43125
2.4326
2.43383
2.43484
2.43557
2.43596
2.43599
2.4357
2.43513
2.43439
2.43359
2.43287
2.43236
2.4322
2.43251
2.4334
2.43492
2.43712
2.44
2.44351
2.44761
2.4522
2.45719
2.46244
2.46784
2.47325
2.47854
2.4836
2.48831
2.49255
2.49625
2.49931
2.50167
2.50331
2.5042
2.50438
2.50391
2.50291
2.50151
2.49988
2.49823
2.49671
2.4955
2.4947
2.4944
2.49461
2.49531
2.49643
2.4979
2.4996
2.50142
2.50326
2.50502
2.50663
2.50803
2.50917
2.51006
2.5107
2.5111
2.51129
2.51129
2.51112
2.51078
2.51026
2.50953
2.50856
2.50734
2.50585
2.5041
2.5021
2.4999
2.49754
2.49507
2.49255
2.49002
2.48754
2.48514
2.48288
2.4808
2.47893
2.47733
2.47605
2.47512
2.47459
2.47448
2.4748
2.47557
2.47677
2.47837
2.48033
2.48261
2.48515
2.48788
2.49076
2.49372
2.49672
2.4997
2.50263
2.50546
2.50813
2.5106
2.51283
2.51476
2.51637
2.51764
2.51859
2.51923
2.51966
2.51994
2.52016
2.52042
2.52077
2.52124
2.52187
2.52263
2.52351
2.52448
2.52554
2.52666
2.52784
2.52906
2.53028
2.53143
2.53243
2.53317
2.53355
2.53347
2.53285
2.53164
2.52985
2.52752
2.52474
2.52159
2.5182
2.51468
2.51112
2.50763
2.50427
2.50109
2.49816
2.49552
2.49321
2.49128
2.48977
2.48871
2.48813
2.48801
2.48835
2.48911
2.49024
2.49166
2.49328
2.49502
2.49679
2.4985
2.50008
2.50146
2.50263
2.50356
2.50425
2.50474
2.50507
2.50529
2.50545
2.50559
2.50576
2.50596
2.50621
2.50649
2.50679
2.50709
2.50739
2.50771
2.50806
2.50849
2.50904
2.50977
2.51071
2.51187
2.51323
2.51473
2.51625
2.51767
2.51881
2.51951
2.51959
2.51894
2.51746
2.51515
2.51206
2.5083
2.50403
2.49944
2.49476
2.49018
2.4859
2.48207
2.47881
2.47623
2.47436
2.47322
2.47277
2.47298
2.47375
2.47501
2.47667
2.47866
2.48093
2.48344
2.48618
2.48915
2.49232
2.49566
2.49908
2.50249
2.50575
2.50875
2.51137
2.51356
2.51529
2.51656
2.51743
2.51797
2.51825
2.51835
2.51833
2.51825
2.51817
2.51813
2.51816
2.51827
2.51848
2.51878
2.51914
2.51953
2.51992
2.52028
2.52059
2.52083
2.52098
2.52105
2.52102
2.52089
2.52065
2.5203
2.51981
2.51916
2.51834
2.51731
2.51605
2.51454
2.51277
2.51072
2.50839
2.50578
2.5029
2.49978
2.49644
2.49293
2.48931
2.48565
2.48201
2.47847
2.4751
2.47194
2.46905
2.46644
2.46414
2.46215
2.46044
2.45901
2.45782
2.45684
2.45606
2.45545
2.45499
2.45466
2.45448
2.45442
2.4545
2.45469
2.45502
2.45545
2.45598
2.45659
2.45726
2.45796
2.45866
2.45934
2.45999
2.46058
2.46112
2.46163
2.46212
2.46263
2.46321
2.46391
2.46477
2.46584
2.46715
2.46871
2.47051
2.47252
2.4747
2.47697
2.47926
2.4815
2.48362
2.48555
2.48726
2.48873
2.48996
2.49096
2.49178
2.49246
2.49306
2.49362
2.49419
2.49481
2.49547
2.49618
2.4969
2.4976
2.49823
2.49874
2.4991
2.49927
2.49924
2.49902
2.49861
2.49806
2.49741
2.49669
2.49597
2.49532
2.49479
2.49445
2.49436
2.49455
2.49506
2.49589
2.49705
2.4985
2.5002
2.50209
2.50408
2.5061
2.50805
2.50986
2.51144
2.51275
2.51377
2.5145
2.51498
2.51528
2.51547
2.51565
2.51591
2.5163
2.51686
2.5176
2.5185
2.51953
2.52062
2.52172
2.52275
2.52369
2.52447
2.5251
2.52555
2.52582
2.52592
2.52585
2.52563
2.52526
2.52475
2.5241
2.52332
2.52239
2.52133
2.52011
2.51875
2.51726
2.51564
2.51392
2.51214
2.51031
2.50849
2.50669
2.50495
2.50327
2.50166
2.50012
2.49863
2.4972
2.49579
2.49441
2.49301
2.49158
2.49008
2.48843
2.4866
2.48452
2.48213
2.47942
2.47638
2.47306
2.46954
2.46591
2.46229
2.45882
2.4556
2.45274
2.4503
2.44835
2.4469
2.44595
2.44545
2.44534
2.44553
2.44591
2.44636
2.44676
2.447
2.44701
2.44671
2.44609
2.44517
2.444
2.44262
2.44113
2.43959
2.43806
2.43662
2.43531
2.43414
2.43316
2.43238
2.43181
2.43146
2.43136
2.43152
2.43195
2.43269
2.43376
2.43518
2.43697
2.43916
2.44177
2.44481
2.44826
2.4521
2.45628
2.46071
2.46532
2.46996
2.47452
2.47889
2.48297
2.48667
2.48997
2.49284
2.49527
2.49724
2.49874
2.49973
2.50018
2.50007
2.49942
2.49827
2.49672
2.49491
2.49299
2.49111
2.48942
2.48802
2.48697
2.4863
2.486
2.48604
2.48638
2.48695
2.48771
2.48858
2.48951
2.49046
2.49139
2.49231
2.49322
2.49416
2.49516
2.49625
2.49745
2.49875
2.50013
2.50152
2.50288
2.50414
2.50523
2.50609
2.50667
2.50693
2.50684
2.50641
2.50565
2.5046
2.50332
2.5019
2.50041
2.49897
2.49766
2.49658
2.49579
2.49536
2.49531
2.49565
2.49637
2.49747
2.49891
2.50066
2.5027
2.50499
2.50747
2.51007
2.51268
2.51517
2.5174
2.5192
2.52043
2.52096
2.52071
2.51965
2.51782
2.51528
2.51217
2.5086
2.50473
2.50067
2.49654
2.4924
2.48831
2.48431
2.48041
2.47664
2.47301
2.46954
2.46624
2.46315
2.46028
2.45766
2.45532
2.45328
2.45154
2.45012
2.44899
2.44815
2.44756
2.44717
2.44693
2.44678
2.44666
2.4465
2.44624
2.44584
2.44527
2.4445
2.44354
2.4424
2.44113
2.43978
2.43841
2.4371
2.43593
2.43499
2.43435
2.43408
2.43426
2.43492
2.4361
2.43784
2.44013
2.44297
2.44633
2.45019
2.45448
2.45913
2.46409
2.46925
2.47454
2.47987
2.48517
2.49036
2.4954
2.50024
2.50485
2.50918
2.5132
2.51688
2.52016
2.523
2.52534
2.52711
2.52826
2.52875
2.52857
2.5277
2.52616
2.52397
2.52117
2.51778
2.51387
2.50951
2.50475
2.49972
2.4945
2.48923
2.48403
2.47902
2.47432
2.47001
2.46616
2.46281
2.45996
2.45761
2.45572
2.45425
2.45314
2.45233
2.45175
2.45134
2.45105
2.45082
2.4506
2.45037
2.4501
2.44979
2.44943
2.44905
2.44865
2.44828
2.44796
2.44776
2.4477
2.44783
2.44818
2.44878
2.44963
2.45074
2.45207
2.45359
2.45525
2.45699
2.45874
2.46042
2.46196
2.4633
2.46439
2.46521
2.46576
2.46606
2.46617
2.46616
2.46611
2.4661
2.46622
2.46651
2.467
2.46771
2.4686
2.46962
2.47071
2.47179
2.47279
2.47365
2.47431
2.47474
2.47494
2.4749
2.47461
2.4741
2.47337
2.47244
2.47132
2.47004
2.46863
2.46713
2.4656
2.46411
2.46272
2.46149
2.46049
2.45977
2.45939
2.45936
2.45973
2.46049
2.46165
2.46317
2.46503
2.46718
2.46954
2.47203
2.47457
2.47708
2.47948
2.4817
2.48369
2.48543
2.4869
2.4881
2.48903
2.48971
2.49014
2.49034
2.49031
2.49008
2.48969
2.48916
2.48854
2.48788
2.48722
2.4866
2.48604
2.48553
2.48505
2.4846
2.48413
2.48363
2.4831
2.48256
2.48205
2.48161
2.48132
2.48121
2.48132
2.48164
2.48214
2.48278
2.48346
2.48412
2.4847
2.48515
2.48547
2.48568
2.48583
2.48597
2.48616
2.48644
2.48682
2.48728
2.48777
2.4882
2.48848
2.48849
2.48816
2.48743
2.4863
2.48481
2.48304
2.4811
2.47909
2.4771
2.4752
2.47343
2.47182
2.47035
2.46902
2.46782
2.46673
2.46574
2.46485
2.46405
2.46335
2.46274
2.46224
2.46187
2.46163
2.46154
2.46161
2.46186
2.46231
2.46296
2.46383
2.46491
2.46621
2.4677
2.46936
2.47117
2.47306
2.475
2.47692
2.47878
2.48053
2.48212
2.48353
2.48473
2.4857
2.4864
2.48681
2.48688
2.48657
2.48585
2.48469
2.48311
2.48115
2.47889
2.47646
2.47398
2.47159
2.4694
2.46752
2.46599
2.46483
2.46403
2.46354
2.46332
2.4633
2.46344
2.46368
2.464
2.46437
2.4648
2.46528
2.46581
2.46641
2.46708
2.46781
2.46861
2.46947
2.47038
2.47131
2.47227
2.47322
2.47415
2.47506
2.47593
2.47678
2.4776
2.47844
2.47931
2.48025
2.48131
2.48252
2.48391
2.48551
2.48733
2.48935
2.49158
2.49399
2.49653
2.49918
2.50188
2.5046
2.50728
2.50989
2.51239
2.51473
2.51688
2.51879
2.52043
2.52174
2.52271
2.52329
2.52346
2.52323
2.52259
2.52158
2.52025
2.51867
2.51691
2.51508
2.51327
2.5116
2.51017
2.50907
2.50838
2.50819
2.50853
2.50943
2.51088
2.51286
2.51529
2.51809
2.52112
2.52423
2.52727
2.53007
2.53248
2.53437
2.53565
2.53626
2.53619
2.53548
2.5342
2.53243
2.53027
2.52784
2.52522
2.5225
2.51974
2.51698
2.51424
2.51154
2.50888
2.50627
2.50372
2.50123
2.49882
2.49648
2.49422
2.49203
2.48992
2.4879
2.48598
2.4842
2.48259
2.48119
2.48004
2.47918
2.47863
2.47842
2.47853
2.47895
2.47962
2.48049
2.48149
2.48254
2.48357
2.48449
2.48527
2.48585
2.48625
2.48646
2.48653
2.4865
2.48643
2.48639
2.48643
2.48661
2.48696
2.4875
2.48822
2.48911
2.49013
2.49121
2.49231
2.49334
2.49425
2.49497
2.49547
2.49574
2.49579
2.49563
2.49532
2.49488
2.49439
2.49386
2.49335
2.49287
2.49243
2.49204
2.49168
2.49132
2.49093
2.49047
2.48989
2.48917
2.48826
2.48717
2.48591
2.48451
2.48303
2.48155
2.48013
2.47888
2.47785
2.47711
2.4767
2.47663
2.47688
2.47744
2.47825
2.47925
2.48038
2.48156
2.48271
2.48375
2.4846
2.48518
2.48543
2.48531
2.4848
2.48395
2.48281
2.48148
2.48008
2.47873
2.47752
2.47651
2.47571
2.47511
2.47469
2.47439
2.47421
2.47415
2.47425
2.47457
2.47517
2.47611
2.47742
2.47911
2.48112
2.4834
2.48584
2.48832
2.4907
2.49286
2.49468
2.49604
2.49686
2.4971
2.49676
2.49589
2.4946
2.49301
2.4913
2.48962
2.48813
2.48696
2.4862
2.48588
2.48599
2.48648
2.4873
2.48836
2.48959
2.49093
2.49234
2.49378
2.49525
2.49674
2.49824
2.4997
2.5011
2.50237
2.50342
2.5042
2.50462
2.50463
2.5042
2.50333
2.50203
2.50035
2.49835
2.49608
2.49362
2.49103
2.48834
2.4856
2.48282
2.48001
2.47718
2.47434
2.47151
2.46871
2.466
2.46343
2.46106
2.45896
2.45719
2.45579
2.45483
2.45431
2.45425
2.45466
2.45551
2.45679
2.45844
2.46044
2.46272
2.46523
2.46792
2.47074
2.47365
2.47663
2.47966
2.48272
2.48578
2.48881
2.49175
2.4945
2.49697
2.49904
2.5006
2.5016
2.50199
2.50184
2.50123
2.50032
2.49931
2.49841
2.49781
2.49767
2.49807
2.49906
2.5006
2.5026
2.50491
2.50736
2.50978
2.51201
2.51391
2.5154
2.51643
2.51697
2.51702
2.51659
2.51568
2.51432
2.51252
2.51031
2.50774
2.50485
2.50174
2.49847
2.49514
2.49183
2.48861
2.48555
2.4827
2.48008
2.47773
2.47565
2.47384
2.47231
2.47105
2.47004
2.46928
2.46875
2.46844
2.46835
2.46846
2.46878
2.46929
2.46998
2.47082
2.47178
2.47281
2.47384
2.47478
2.47555
2.47605
2.47621
2.47597
2.47531
2.47421
2.4727
2.47085
2.46871
2.46638
2.46395
2.4615
2.45913
2.45691
2.45493
2.45322
2.45184
2.45081
2.45014
2.44981
2.44982
2.45012
2.4507
2.45151
2.45251
2.45367
2.45496
2.45635
2.45782
2.45933
2.46085
2.46235
2.4638
2.46513
2.46629
2.46724
2.46794
2.46835
2.46847
2.46832
2.46792
2.46735
2.46666
2.46592
2.46519
2.46451
2.46392
2.46342
2.463
2.46263
2.46225
2.46182
2.46128
2.46056
2.45961
2.4584
2.45689
2.4551
2.45303
2.45075
2.4483
2.44578
2.44329
2.44092
2.43876
2.4369
2.43542
2.43436
2.43375
2.43363
2.43399
2.43481
2.43608
2.43776
2.43981
2.44216
2.44475
2.44751
2.45037
2.45325
2.4561
2.45888
2.46156
2.46413
2.46661
2.46902
2.47138
2.47371
2.47601
2.47828
2.48049
2.48261
2.48459
2.48638
2.48793
2.4892
2.49016
2.49079
2.49111
2.49113
2.49089
2.49045
2.48985
2.48914
2.48837
2.48756
2.48672
2.48586
2.48495
2.484
2.48301
2.48197
2.48093
2.47994
2.47905
2.47836
2.47794
2.47786
2.47817
2.4789
2.48004
2.48154
2.48335
2.48541
2.48767
2.49011
2.49272
2.49552
2.49852
2.50174
2.50517
2.50876
2.51243
2.5161
2.51964
2.52294
2.52592
2.5285
2.53064
2.53235
2.53362
2.53452
2.53509
2.53541
2.53556
2.5356
2.53561
2.53564
2.53571
2.53585
2.53602
2.53619
2.53627
2.53616
2.53577
2.535
2.53378
2.53208
2.5299
2.52729
2.52432
2.5211
2.51773
2.51432
2.51097
2.50774
2.50469
2.50187
2.49931
2.49703
2.49508
2.49351
2.49235
2.49165
2.49145
2.49176
2.49258
2.49387
2.49555
2.49749
2.49953
2.50149
2.50316
2.50435
2.5049
2.50469
2.50369
2.50193
2.49951
2.49661
2.49341
2.49009
2.4868
2.48368
2.4808
2.47817
2.47581
2.47367
2.47171
2.46989
2.46818
2.46653
2.46494
2.46338
2.46186
2.46036
2.4589
2.45747
2.4561
2.45481
2.45363
2.45261
2.45182
2.45132
2.45118
2.45143
2.45211
2.4532
2.45463
2.45631
2.45812
2.45993
2.46159
2.46302
2.46413
2.4649
2.46535
2.4655
2.4654
2.4651
2.46464
2.46403
2.46326
2.46232
2.46118
2.45984
2.45829
2.45655
2.45469
2.4528
2.45097
2.44931
2.44795
2.44699
2.44649
2.4465
2.44706
2.44815
2.44974
2.45177
2.45415
2.4568
2.45961
2.46248
2.46531
2.46802
2.47052
2.47276
2.47472
2.47639
2.47778
2.47893
2.47989
2.48072
2.48148
2.48224
2.48307
2.484
2.48507
2.48631
2.48771
2.48925
2.49088
2.49257
2.49425
2.49587
2.49737
2.49869
2.49977
2.50056
2.50101
2.5011
2.50084
2.50026
2.49946
2.49857
2.49775
2.49717
2.497
2.49736
2.49836
2.5
2.50229
2.50514
2.50844
2.51203
2.51573
2.51938
2.52279
2.52581
2.52831
2.53021
2.53147
2.53208
2.53209
2.53159
2.53066
2.52944
2.52801
2.5265
2.52497
2.52348
2.52206
2.52072
2.51944
2.51822
2.51701
2.5158
2.51456
2.51328
2.51191
2.51045
2.50887
2.50717
2.50535
2.50344
2.50146
2.4995
2.49762
2.49589
2.49439
2.49318
2.49228
2.49172
2.49148
2.49155
2.4919
2.49248
2.49326
2.49422
2.49532
2.49655
2.49787
2.49926
2.50069
2.50209
2.5034
2.50452
2.50536
2.50579
2.50574
2.50513
2.50393
2.50215
2.49987
2.49721
2.49432
2.49138
2.48859
2.48611
2.48408
2.48255
2.48154
2.48096
2.48068
2.48051
2.48029
2.47988
2.47922
2.47833
2.47733
2.47638
2.47569
2.47544
2.47576
2.47673
2.47837
2.48062
2.48337
2.48647
2.48974
2.49296
2.49595
2.49852
2.50055
2.50196
2.50279
2.50308
2.50298
2.50261
2.5021
2.50151
2.50089
2.50019
2.49937
2.49834
2.49703
2.49542
2.49348
2.49126
2.48881
2.48619
2.48345
2.48066
2.47784
2.47501
2.47221
2.46944
2.46673
2.46411
2.46158
2.45914
2.45676
2.45442
2.45211
2.44982
2.44759
2.44549
2.44358
2.44195
2.44064
2.43967
2.43902
2.43861
2.43837
2.43825
2.43819
2.43819
2.43828
2.4385
2.43888
2.43946
2.44025
2.44124
2.44242
2.44377
2.44529
2.44696
2.44878
2.45073
2.45282
2.455
2.45727
2.45958
2.46191
2.46422
2.46649
2.4687
2.47082
2.47283
2.47473
2.47649
2.4781
2.47954
2.48081
2.4819
2.48282
2.48358
2.4842
2.48472
2.48517
2.48558
2.48598
2.4864
2.48685
2.48732
2.4878
2.48826
2.48868
2.48903
2.48929
2.48942
2.48942
2.48927
2.48897
2.48853
2.48797
2.48731
2.48658
2.48582
2.48506
2.48436
2.48376
2.48333
2.48311
2.48314
2.48348
2.48414
2.48516
2.48654
2.48832
2.4905
2.49311
2.49614
2.49958
2.50338
2.50747
2.51172
2.516
2.52013
2.52393
2.52725
2.52993
2.53185
2.53294
2.53317
2.53254
2.53109
2.52889
2.52604
2.52264
2.51881
2.51465
2.51029
2.50584
2.50142
2.49714
2.49312
2.48947
2.48628
2.48365
2.48163
2.48025
2.47953
2.47943
2.47987
2.48075
2.48193
2.48324
2.4845
2.48552
2.48614
2.48621
2.48561
2.4843
2.48225
2.47952
2.47617
2.47234
2.46815
2.46375
2.45929
2.4549
2.4507
2.4468
2.44328
2.44021
2.43765
2.43564
2.43422
2.43341
2.43321
2.43362
2.4346
2.43607
2.43794
2.44008
2.44235
2.4446
2.44671
2.44856
2.45011
2.45133
2.45224
2.45292
2.45343
2.45389
2.45437
2.45496
2.4557
2.45663
2.45775
2.45903
2.46041
2.46182
2.46313
2.46424
2.46503
2.46543
2.46536
2.46484
2.4639
2.46261
2.46109
2.45945
2.45781
2.45627
2.45491
2.45381
2.45301
2.45256
2.45246
2.45272
2.45326
2.454
2.45481
2.45555
2.4561
2.45637
2.45635
2.45606
2.45564
2.4552
2.4549
2.45487
2.45518
2.45586
2.45687
2.45815
2.45961
2.46113
2.46259
2.46389
2.46493
2.46563
2.46594
2.46582
2.46524
2.46422
2.46275
2.46088
2.45862
2.45603
2.45316
2.45008
2.44684
2.44351
2.44018
2.43689
2.43372
2.43073
2.42795
2.42544
2.42324
2.42139
2.41993
2.41889
2.41831
2.41822
2.41866
2.41965
2.42119
2.42327
2.42585
2.42885
2.43216
2.43564
2.4391
2.44234
2.44518
2.44743
2.44898
2.44977
2.4498
2.44915
2.44795
2.44639
2.44464
2.44289
2.44131
2.44002
2.43914
2.43872
2.4388
2.43941
2.44054
2.44219
2.44437
2.44705
2.45023
2.45386
2.4579
2.46228
2.46689
2.47161
2.47629
2.48077
2.48489
2.48851
2.4915
2.49377
2.49529
2.49604
2.49608
2.49549
2.49437
2.49286
2.49109
2.48918
2.48727
2.48545
2.4838
2.48239
2.48124
2.48037
2.47978
2.47945
2.47934
2.47944
2.47971
2.48011
2.48061
2.48119
2.4818
2.48243
2.48306
2.48369
2.48431
2.48495
2.48566
2.48647
2.48744
2.48862
2.49005
2.49175
2.49372
2.49597
2.49844
2.5011
2.50387
2.50669
2.50945
2.51209
2.51452
2.51669
2.51856
2.52013
2.52141
2.52241
2.52318
2.52376
2.52417
2.52447
2.52469
2.52489
2.52511
2.52541
2.52581
2.52634
2.52697
2.52761
2.52817
2.5285
2.52845
2.52785
2.52662
2.52467
2.52203
2.51874
2.51494
2.51079
2.50645
2.50211
2.49791
2.49398
2.49041
2.48726
2.48455
2.48229
2.48044
2.47897
2.4778
2.47688
2.47614
2.47553
2.47499
2.47447
2.47394
2.47336
2.4727
2.47195
2.4711
2.47016
2.46915
2.46813
2.46714
2.46625
2.4655
2.46494
2.4646
2.46449
2.4646
2.46491
2.46541
2.46606
2.46686
2.4678
2.46886
2.47007
2.47142
2.47293
2.4746
2.47642
2.47839
2.48046
2.48258
2.4847
2.48675
2.48867
2.4904
2.4919
2.49314
2.4941
2.4948
2.49524
2.49545
2.49546
2.49529
2.495
2.4946
2.49415
2.49366
2.49314
2.49261
2.49207
2.49152
2.49097
2.49044
2.48995
2.48954
2.48923
2.48905
2.48898
2.48901
2.48911
2.48923
2.48933
2.48938
2.48935
2.48923
2.48904
2.4888
2.48854
2.4883
2.48809
2.48794
2.48784
2.4878
2.48781
2.48784
2.4879
2.488
2.48813
2.48833
2.48863
2.48906
2.48966
2.49044
2.49141
2.49256
2.49384
2.49523
2.49665
2.49803
2.49931
2.50041
2.50127
2.50187
2.50216
2.50213
2.50179
2.50113
2.50018
2.49895
2.49749
2.49584
2.49404
2.49216
2.49026
2.48839
2.48662
2.48498
2.48349
2.48218
2.48103
2.48003
2.47916
2.47838
2.47766
2.47696
2.47625
2.47551
2.47472
2.4739
2.47305
2.47221
2.47144
2.47077
2.47028
2.47002
2.47006
2.47046
2.47127
2.47254
2.47431
2.4766
2.47943
2.48278
2.48662
2.49088
2.49547
2.50027
2.50512
2.50987
2.51434
2.51839
2.52187
2.52468
2.52675
2.52804
2.52857
2.52837
2.52751
2.52604
2.52406
2.52163
2.51882
2.51569
2.51228
2.50865
2.50487
2.501
2.49711
2.49329
2.48962
2.4862
2.4831
2.48039
2.47814
2.47639
2.47514
2.47439
2.47413
2.47429
2.47482
2.47564
2.47667
2.47781
2.47899
2.48013
2.48119
2.4821
2.48284
2.48339
2.48373
2.48387
2.4838
2.48353
2.48306
2.48241
2.48159
2.48062
2.47951
2.47829
2.47698
2.4756
2.47419
2.47276
2.47134
2.46995
2.46862
2.46739
2.46631
2.4654
2.46473
2.46433
2.46423
2.46444
2.46496
2.46576
2.46677
2.46792
2.46914
2.47034
2.47144
2.47241
2.47319
2.47377
2.47416
2.47435
2.47437
2.47423
2.47394
2.47354
2.47305
2.47251
2.47197
2.4715
2.47115
2.471
2.47112
2.47157
2.47238
2.47359
2.4752
2.4772
2.47958
2.48228
2.48528
2.48853
2.49196
2.49554
2.4992
2.50289
2.50653
2.51006
2.51337
2.51636
2.51893
2.52097
2.52239
2.52311
2.52309
2.52231
2.52083
2.51871
2.51606
2.51302
2.50974
2.50636
2.503
2.49976
2.49669
2.49381
2.4911
2.4885
2.48594
2.48336
2.48068
2.47788
2.47494
2.47191
2.46883
2.46581
2.46297
2.46042
2.45828
2.45667
2.45566
2.45531
2.45565
2.45664
2.45821
2.46024
2.46257
2.46499
2.46731
2.46933
2.47093
2.47201
2.47259
2.47273
2.47256
2.47228
2.47206
2.47209
2.47252
2.47346
2.47496
2.47704
2.47963
2.48263
2.48589
2.48923
2.49242
2.49524
2.4975
2.49901
2.49967
2.49942
2.49828
2.49632
2.49368
2.49049
2.48694
2.48318
2.47937
2.47565
2.47212
2.46887
2.46596
2.46343
2.46132
2.45964
2.4584
2.45758
2.4572
2.45725
2.45771
2.45857
2.45983
2.46146
2.46346
2.46579
2.46844
2.47137
2.47452
2.47782
2.48119
2.4845
2.4876
2.49033
2.49254
2.49408
2.49487
2.49487
2.49411
2.4927
2.49079
2.48854
2.48615
2.48377
2.48152
2.47951
2.47776
2.47628
2.47506
2.47403
2.47315
2.47235
2.4716
2.47086
2.47013
2.4694
2.46872
2.4681
2.46761
2.46728
2.46715
2.46724
2.46755
2.46807
2.46877
2.4696
2.4705
2.47142
2.47229
2.47305
2.47365
2.47406
2.47422
2.47411
2.47371
2.47304
2.47211
2.47099
2.46975
2.46848
2.4673
2.46629
2.46555
2.46514
2.46507
2.46533
2.46587
2.46661
2.46745
2.4683
2.4691
2.4698
2.47039
2.4709
2.47137
2.47187
2.47246
2.47317
2.47402
2.47498
2.47601
2.47701
2.47787
2.47849
2.47876
2.47857
2.47787
2.47663
2.47485
2.47257
2.46985
2.46679
2.46349
2.46005
2.45661
2.45326
2.4501
2.44724
2.44474
2.44267
2.44106
2.43995
2.43933
2.43921
2.43957
2.44038
2.4416
2.44321
2.44515
2.44739
2.44989
2.45259
2.45546
2.45849
2.46163
2.46488
2.46824
2.47169
2.47524
2.47888
2.48259
2.48633
2.49006
2.49372
2.49721
2.50047
2.5034
2.50596
2.5081
2.50982
2.51114
2.51212
2.51283
2.51336
2.51381
2.51425
2.51473
2.5153
2.51597
2.51673
2.51754
2.51837
2.51917
2.51992
2.52057
2.52111
2.52153
2.52183
2.52202
2.52213
2.5222
2.52225
2.52233
2.52247
2.52267
2.52294
2.52325
2.52355
2.52379
2.52389
2.52378
2.52341
2.52276
2.52183
2.52066
2.51932
2.5179
2.51651
2.51526
2.51426
2.5136
2.51336
2.51362
2.51441
2.51575
2.51766
2.52012
2.52308
2.52649
2.53027
2.53431
2.53849
2.54262
2.54654
2.55004
2.55295
2.55514
2.55651
2.55706
2.55686
2.55604
2.55473
2.55311
2.55129
2.54932
2.54724
2.545
2.54255
2.53984
2.53684
2.53354
2.52998
2.52625
2.52244
2.51868
2.51507
2.51174
2.50877
2.50628
2.50433
2.503
2.50238
2.50251
2.50343
2.50516
2.50765
2.51083
2.51456
2.51863
2.52281
2.52681
2.53037
2.5332
2.53511
2.53593
2.5356
2.53415
2.53167
2.52833
2.52431
2.51983
2.5151
2.51028
2.50551
2.50087
2.49642
2.49216
2.48809
2.48416
2.48035
2.47663
2.47301
2.46949
2.46612
2.46292
2.45995
2.45725
2.45486
2.45278
2.451
2.4495
2.4482
2.44704
2.44596
2.44488
2.4438
2.4427
2.44163
2.44066
2.43988
2.43936
2.43919
2.43943
2.4401
2.44124
2.44283
2.44486
2.4473
2.45011
2.45325
2.45667
2.46031
2.46411
2.46799
2.47188
2.47571
2.47941
2.48292
2.48618
2.48916
2.49185
2.49423
2.49634
2.49819
2.49985
2.50135
2.50274
2.50403
2.50525
2.50639
2.50742
2.50831
2.50902
2.50951
2.50973
2.50968
2.50932
2.50867
2.50775
2.50657
2.50519
2.50365
2.502
2.50028
2.49854
2.49682
2.49516
2.49358
2.49212
2.49078
2.48961
2.48862
2.48784
2.48729
2.48699
2.48693
2.48709
2.48744
2.48792
2.48845
2.48895
2.48936
2.48962
2.48972
2.48968
2.48954
2.48937
2.48928
2.48934
2.48966
2.49028
2.49124
2.49252
2.49407
2.49578
2.49752
2.49913
2.50041
2.50122
2.50143
2.50097
2.49985
2.49815
2.49599
2.49352
2.49093
2.48835
2.48591
2.48371
2.4818
2.48022
2.47898
2.47807
2.47749
2.4772
2.47717
2.47737
2.47775
2.47828
2.47894
2.4797
2.48056
2.48153
2.48263
2.48387
2.48524
2.48671
2.48823
2.48972
2.4911
2.49228
2.4932
2.49386
2.49425
2.49443
2.49444
2.49431
2.49403
2.49357
2.49287
2.49184
2.4904
2.48853
2.48623
2.48357
2.48064
2.47758
2.47456
2.4717
2.46914
2.46696
2.4652
2.46389
2.463
2.46248
2.46228
2.46232
2.46253
2.46284
2.46321
2.46362
2.46407
2.46458
2.46517
2.46589
2.46674
2.46774
2.46886
2.47004
2.47123
2.47234
2.47329
2.47402
2.47449
2.47469
2.47462
2.47431
2.47382
2.47319
2.47247
2.47169
2.4709
2.47013
2.46943
2.46883
2.46838
2.46814
2.46813
2.46841
2.46897
2.46984
2.47099
2.4724
2.47403
2.47582
2.47773
2.4797
2.48168
2.48361
2.48548
2.48725
2.4889
2.49042
2.49182
2.49309
2.49424
2.49525
2.49614
2.49691
2.49756
2.4981
2.49853
2.49887
2.4991
2.49922
2.49923
2.49912
2.49887
2.49848
2.49795
2.49728
2.4965
2.49563
2.49472
2.49382
2.49296
2.49219
2.49154
2.49105
2.49073
2.49059
2.49065
2.49092
2.4914
2.4921
2.49301
2.49412
2.49541
2.49684
2.49837
2.49995
2.50153
2.5031
2.50462
2.50609
2.50751
2.50889
2.51025
2.51159
2.5129
2.51419
2.51542
2.51656
2.51759
2.51845
2.51911
2.51954
2.51969
2.51956
2.51914
2.51842
2.51743
2.5162
2.51476
2.51317
2.51146
2.50969
2.50791
2.50615
2.50444
2.5028
2.50125
2.49976
2.49833
2.49691
2.49549
2.494
2.49241
2.4907
2.48883
2.4868
2.48461
2.48229
2.47988
2.47743
2.47499
2.47263
2.47041
2.46839
2.46663
2.46519
2.46409
2.46336
2.46302
2.46306
2.46348
2.46424
2.46532
2.46665
2.46821
2.46991
2.47171
2.47356
2.47539
2.47718
2.47888
2.48049
2.48201
2.48345
2.48483
2.4862
2.4876
2.48908
2.49068
2.49246
2.49442
2.49657
2.4989
2.50136
2.50386
2.5063
2.50857
2.51053
2.51204
2.51301
2.51336
2.51307
2.51218
2.51077
2.50898
2.50693
2.50477
2.50262
2.50056
2.49866
2.49692
2.49534
2.49389
2.49256
2.4913
2.49008
2.48888
2.48767
2.48642
2.48511
2.48371
2.48219
2.48053
2.47871
2.47673
2.47458
2.47229
2.46989
2.4674
2.46489
2.46238
2.45993
2.45757
2.45532
2.45322
2.4513
2.44957
2.44806
2.44682
2.44588
2.44527
2.44506
2.4453
2.44603
2.44731
2.44916
2.45162
2.45466
2.45823
2.46221
2.46644
2.4707
2.47472
2.47825
2.48108
2.48306
2.48415
2.48443
2.48402
2.48315
2.48202
2.48083
2.47974
2.47885
2.47821
2.47783
2.47768
2.47768
2.4778
2.47795
2.47811
2.47827
2.47841
2.47859
2.47884
2.47923
2.47982
2.48069
2.48188
2.48345
2.48539
2.48772
2.49037
2.49327
2.4963
2.49929
2.50208
2.50447
2.5063
2.50745
2.50783
2.50742
2.50627
2.50445
2.50207
2.49927
2.49619
2.49295
2.48969
2.48651
2.48349
2.4807
2.47817
2.47594
2.474
2.47236
2.47102
2.46996
2.46918
2.46868
2.46843
2.46845
2.46873
2.46927
2.47009
2.47119
2.47256
2.47421
2.47611
2.47821
2.48046
2.48276
2.48503
2.48718
2.48911
2.49078
2.49215
2.49324
2.49407
2.49472
2.49529
2.49585
2.49647
2.49722
2.49807
2.499
2.49994
2.5008
2.50148
2.50191
2.50205
2.5019
2.50151
2.50094
2.50028
2.49961
2.499
2.49847
2.49806
2.49775
2.49752
2.49737
2.49728
2.49726
2.49732
2.4975
2.49782
2.49834
2.49907
2.50005
2.5013
2.50285
2.50471
2.50686
2.50932
2.51205
2.51503
2.5182
2.5215
2.52484
2.52814
2.53127
2.53414
2.53666
2.53875
2.54037
2.5415
2.54217
2.54241
2.54229
2.54186
2.54117
2.54026
2.53913
2.5378
2.53628
2.53458
2.5327
2.53069
2.52856
2.52635
2.52407
2.52171
2.51926
2.51666
2.5139
2.51094
2.5078
2.50451
2.50116
2.49782
2.49461
2.49163
2.48894
2.48661
2.48465
2.48304
2.48177
2.48076
2.47997
2.4793
2.4787
2.47812
2.47752
2.47692
2.47635
2.47588
2.4756
2.47561
2.47599
2.47682
2.47813
2.47993
2.48218
2.48481
2.4877
2.49075
2.49383
2.49682
2.49963
2.50219
2.50444
2.50637
2.50795
2.50921
2.51014
2.51076
2.51105
2.51104
2.51071
2.51006
2.50911
2.50788
2.50641
2.50473
2.50291
2.501
2.49908
2.49721
2.49548
2.49395
2.49269
2.49176
2.49119
2.49102
2.49125
2.49187
2.49287
2.49422
2.49587
2.49779
2.49996
2.50236
2.50495
2.50774
2.51069
2.51378
2.51696
2.52018
2.52334
2.52636
2.52912
2.53151
2.53344
2.53482
2.5356
2.53576
2.53534
2.53437
2.53294
2.53114
2.52908
2.52689
2.52466
2.52252
2.52057
2.51888
2.51755
2.51661
2.51613
2.51612
2.51661
2.5176
2.5191
2.5211
2.52359
2.52655
2.52993
2.53368
2.53771
2.54188
2.54601
2.54991
2.55338
2.5562
2.55822
2.55937
2.55965
2.55913
2.55798
2.55639
2.55454
2.5526
2.55068
2.54882
2.54703
2.54526
2.54345
2.5415
2.53933
2.53688
2.53412
2.53106
2.52774
2.52425
2.52071
2.51724
2.51395
2.51093
2.50826
2.50597
2.50405
2.5025
2.50128
2.50032
2.49959
2.49904
2.4986
2.49825
2.49796
2.4977
2.49746
2.49722
2.49699
2.49675
2.4965
2.49623
2.49594
2.49562
2.49525
2.49485
2.49439
2.49387
2.49327
2.49255
2.49166
2.49056
2.48917
2.48748
2.48544
2.48308
2.48044
2.47761
2.4747
2.47184
2.46916
2.46679
2.46482
2.46332
2.46234
2.46189
2.46194
2.46247
2.46341
2.46469
2.46624
2.46797
2.4698
2.47165
2.47344
2.4751
2.47657
2.47778
2.47871
2.47931
2.47957
2.4795
2.47909
2.47839
2.47741
2.47619
2.47477
2.47319
2.47149
2.4697
2.46787
2.46602
2.4642
2.46244
2.4608
2.45932
2.45804
2.45701
2.45628
2.45586
2.45578
2.45602
2.45658
2.45741
2.45849
2.45977
2.46122
2.4628
2.46449
2.46626
2.4681
2.46999
2.4719
2.47382
2.47572
2.47758
2.47939
2.48112
2.48275
2.48427
2.48566
2.48691
2.488
2.48891
2.48961
2.49011
2.49038
2.49043
2.49029
2.49
2.48961
2.48917
2.48875
2.48837
2.48808
2.48788
2.48777
2.48773
2.48773
2.48772
2.48765
2.48749
2.48716
2.48664
2.48589
2.4849
2.48368
2.48224
2.48061
2.47884
2.47696
2.47498
2.47293
2.4708
2.4686
2.46629
2.46388
2.46135
2.45872
2.45598
2.45316
2.45029
2.44741
2.44456
2.44179
2.43913
2.43664
2.43434
2.43228
2.43046
2.42892
2.42768
2.42675
2.42615
2.42588
2.42595
2.42636
2.42711
2.42819
2.42956
2.43122
2.43313
2.43526
2.43759
2.44009
2.44275
2.44554
2.44844
2.45142
2.45446
2.45751
2.46053
2.46345
2.46621
2.46873
2.47092
2.47271
2.47399
2.4747
2.47478
2.47421
2.47304
2.47136
2.46931
2.46705
2.46478
2.46268
2.46094
2.45967
2.45898
2.45893
2.45954
2.46077
2.46259
2.46491
2.46764
2.47069
2.47393
2.47727
2.4806
2.48382
2.48684
2.48959
2.492
2.49402
2.49563
2.49681
2.49756
2.49791
2.49789
2.49754
2.49694
2.49614
2.49519
2.49415
2.49305
2.49192
2.49079
2.48966
2.48856
2.4875
2.4865
2.48561
2.48485
2.48426
2.48388
2.48373
2.48383
2.48417
2.4847
2.48538
2.48614
2.48687
2.48749
2.48791
2.48806
2.4879
2.48742
2.48664
2.48565
2.48452
2.48338
2.48235
2.48154
2.48106
2.48097
2.48134
2.48217
2.48347
2.48522
2.48739
2.48998
2.49294
2.49628
2.49997
2.50399
2.50832
2.5129
2.51768
2.52255
2.52744
2.53222
2.53676
2.54095
2.54464
2.5477
2.55
2.55145
2.55196
2.55152
2.55018
2.54803
2.54525
2.54205
2.53866
2.53531
2.53219
2.52946
2.52722
2.5255
2.5243
2.52356
2.52316
2.523
2.52293
2.52283
2.52262
2.52224
2.5217
2.52104
2.52036
2.51976
2.51935
2.51923
2.51945
2.52
2.52084
2.52185
2.52289
2.52382
2.52447
2.52476
2.52465
2.52421
2.52356
2.5229
2.52242
2.52233
2.52277
2.5238
2.52541
2.52751
2.52995
2.53254
2.53507
2.53734
2.53919
2.54048
2.54117
2.54122
2.54068
2.5396
2.53808
2.5362
2.53402
2.53162
2.52904
2.52632
2.5235
2.52059
2.51764
2.51465
2.51166
2.5087
2.50576
2.50289
2.50007
2.49731
2.49462
2.49198
2.48938
2.48681
2.48427
2.48175
2.47926
2.47683
2.47448
2.47226
2.4702
2.46833
2.46668
2.46527
2.4641
2.46317
2.46246
2.46193
2.46156
2.4613
2.46112
2.46098
2.46083
2.46064
2.46037
2.45999
2.45949
2.45885
2.45807
2.45715
2.45613
2.45503
2.45391
2.45282
2.45184
2.45103
2.45047
2.45023
2.45037
2.4509
2.45184
2.45317
2.45482
2.45671
2.45873
2.46077
2.46275
2.46459
2.46625
2.46773
2.46906
2.4703
2.4715
2.47272
2.474
2.47534
2.47672
2.4781
2.47941
2.48058
2.48154
2.48224
2.48264
2.48273
2.48253
2.48208
2.48143
2.48066
2.47983
2.47905
2.47838
2.47789
2.47764
2.47766
2.47797
2.47857
2.47943
2.48052
2.48177
2.48313
2.48454
2.48594
2.48727
2.4885
2.4896
2.49056
2.49138
2.49208
2.49268
2.49319
2.49364
2.49404
2.49438
2.49465
2.49484
2.49494
2.49494
2.49483
2.49463
2.49434
2.494
2.49363
2.49325
2.49286
2.49246
2.49202
2.49152
2.49089
2.49011
2.48913
2.48792
2.48651
2.48492
2.48321
2.48146
2.47977
2.47824
2.47695
2.47599
2.4754
2.4752
2.47537
2.47586
2.47659
2.47746
2.47836
2.47917
2.47978
2.48012
2.48011
2.47974
2.47901
2.47797
2.47667
2.47518
2.47357
2.47194
2.47036
2.46891
2.46767
2.46672
2.46614
2.466
2.46636
2.46726
2.46872
2.47073
2.47326
2.47621
2.47947
2.48293
2.48641
2.48979
2.49291
2.49566
2.49795
2.49975
2.50105
2.50187
2.50229
2.50237
2.50223
2.50196
2.50164
2.50137
2.5012
2.50115
2.50126
2.50151
2.50189
2.50239
2.50299
2.5037
2.50452
2.50549
2.50662
2.50795
2.50947
2.51116
2.51292
2.51463
2.51614
2.51729
2.51795
2.51803
2.51751
2.51643
2.51486
2.51293
2.51074
2.50839
2.50595
2.50349
2.50104
2.49864
2.49632
2.49413
2.49209
2.49024
2.48864
2.48729
2.48624
2.48549
2.48506
2.48498
2.48524
2.48587
2.48687
2.48825
2.49
2.49212
2.49458
2.49737
2.50044
2.50377
2.50728
2.51093
2.51463
2.51831
2.52188
2.52522
2.52823
2.53081
2.53283
2.53422
2.53487
2.53475
2.53381
2.53209
2.52961
2.52644
2.5227
2.51847
2.5139
2.50908
2.50413
2.49915
2.49423
2.48944
2.48484
2.48049
2.47643
2.47269
2.46931
2.46632
2.46373
2.46155
2.45981
2.45849
2.45759
2.45708
2.45695
2.45716
2.45765
2.4584
2.45935
2.46046
2.46168
2.46297
2.4643
2.46562
2.4669
2.46812
2.46925
2.47028
2.47121
2.47205
2.47285
2.47364
2.4745
2.47548
2.47662
2.47794
2.47941
2.481
2.48263
2.4842
2.48565
2.48689
2.4879
2.48868
2.48925
2.48967
2.49003
2.49042
2.49091
2.49156
2.49242
2.49348
2.49474
2.49615
2.49765
2.49918
2.50065
2.502
2.50318
2.50412
2.50479
2.50517
2.50526
2.50509
2.5047
2.50416
2.50353
2.5029
2.50233
2.50188
2.50158
2.50145
2.50146
2.5016
2.50183
2.50209
2.50233
2.50253
2.50265
2.50266
2.50257
2.50239
2.50214
2.50185
2.50157
2.50136
2.50128
2.50139
2.50177
2.50247
2.50354
2.50501
2.50686
2.50905
2.51151
2.51411
2.51673
2.5192
2.52138
2.52315
2.52441
2.52513
2.52528
2.52492
2.52411
2.52293
2.52149
2.51986
2.51813
2.51637
2.51463
2.51295
2.51136
2.5099
2.50858
2.50743
2.50647
2.50571
2.50517
2.50486
2.50481
2.50503
2.50555
2.50641
2.50765
2.50931
2.51142
2.51399
2.517
2.52039
2.52408
2.52793
2.53178
2.53546
2.53882
2.54174
2.5441
2.54587
2.54702
2.54757
2.54751
2.54687
2.5456
2.54369
2.54107
2.5377
2.53355
2.5286
2.52291
2.51657
2.50972
2.50256
2.49527
2.48808
2.48116
2.47467
2.46875
2.46348
2.4589
2.45501
2.4518
2.44922
2.44722
2.44572
2.44465
2.44394
2.4435
2.44326
2.44315
2.44312
2.44312
2.44312
2.4431
2.44307
2.44305
2.44308
2.44322
2.44352
2.44406
2.44489
2.44607
2.44764
2.4496
2.45192
2.45454
2.45737
2.46027
2.46311
2.46574
2.46802
2.46984
2.4711
2.47176
2.47178
2.47117
2.46998
2.46827
2.46612
2.46363
2.4609
2.45803
2.45511
2.4522
2.44938
2.44669
2.44414
2.44176
2.43956
2.43752
2.43564
2.4339
2.43229
2.43079
2.42939
2.42808
2.42684
2.42567
2.42458
2.42355
2.42261
2.42174
2.42097
2.42032
2.41981
2.41946
2.41932
2.41942
2.41979
2.42045
2.42142
2.42266
2.42414
2.42579
2.42754
2.42932
2.43105
2.43271
2.43427
2.43576
2.43723
2.43874
2.44038
2.44223
2.44437
2.44684
2.4497
2.45296
2.45658
2.46053
2.46472
2.46904
2.47335
2.47751
2.48135
2.48473
2.48752
2.48966
2.49109
2.49184
2.49199
2.49163
2.49092
2.49001
2.48906
2.48821
2.48756
2.4872
2.48716
2.48743
2.48798
2.48875
2.48965
2.4906
2.49153
2.49242
2.49324
2.49401
2.49478
2.49559
2.49647
2.49743
2.49848
2.49958
2.50068
2.50176
2.50277
2.50368
2.50449
2.50519
2.50577
2.50624
2.50658
2.5068
2.50693
2.50699
2.50704
2.50714
2.50733
2.50765
2.50812
2.50873
2.50943
2.51019
2.51093
2.5116
2.51213
2.51248
2.51259
2.51243
2.51197
2.5112
2.51012
2.50873
2.50704
2.50509
2.50288
2.50045
2.49781
2.49498
2.49198
2.48885
2.48561
2.48232
2.47902
2.47579
2.47268
2.46976
2.46707
2.46465
2.4625
2.46063
2.45901
2.4576
2.45635
2.45519
2.45409
2.45298
2.45183
2.45061
2.44931
2.44794
2.44652
2.44507
2.44365
2.44228
2.44101
2.43986
2.43885
2.43799
2.43726
2.43665
2.43611
2.43563
2.43519
2.43478
2.43441
2.43409
2.43386
2.43375
2.43378
2.43399
2.43439
2.435
2.43584
2.43692
2.43823
2.43978
2.44157
2.44356
2.44573
2.44803
2.45039
2.45276
2.45505
2.4572
2.45912
2.46077
2.4621
2.46308
2.46368
2.46388
2.46366
2.46302
2.46195
2.46047
2.45858
2.45634
2.4538
2.45104
2.44814
2.44522
2.44238
2.4397
2.4373
2.43524
2.43359
2.4324
2.43168
2.43145
2.4317
2.43241
2.43356
2.43511
2.43703
2.43927
2.44181
2.4446
2.44763
2.45087
2.45429
2.45785
2.46151
2.46521
2.46889
2.47247
2.47584
2.47893
2.48166
2.48397
2.48585
2.4873
2.48836
2.4891
2.4896
2.48992
2.49013
2.49025
2.49028
2.49021
2.48998
2.48956
2.48888
2.48791
2.48665
2.4851
2.48332
2.48137
2.47933
2.4773
2.47538
2.47365
2.47218
2.47103
2.47026
2.46988
2.46991
2.47037
2.47123
2.47249
2.47413
2.47611
2.4784
2.48098
2.4838
2.48683
2.49003
2.49336
2.49676
2.50019
2.5036
2.50696
2.51024
2.51339
2.51639
2.51917
2.52166
2.52374
2.52528
2.52615
2.5262
2.52535
2.52355
2.52083
2.51725
2.51296
2.50812
2.50294
2.49758
2.49223
2.48701
2.48204
2.47738
2.47308
2.46917
2.46567
2.46257
2.45989
2.45761
2.45572
2.45419
2.45297
2.45199
2.4512
2.45052
2.4499
2.44928
2.44867
2.44809
2.44758
2.44719
2.44699
2.44703
2.44735
2.44797
2.44888
2.45005
2.45145
2.45304
2.45478
2.45662
2.45854
2.46052
2.46256
2.46464
2.46676
2.46889
2.47101
2.47306
2.475
2.47677
2.4783
2.47955
2.48052
2.48119
2.48161
2.48182
2.4819
2.48193
2.48199
2.48213
2.48242
2.48288
2.4835
2.48425
2.48506
2.48587
2.48658
2.48715
2.48753
2.48773
2.48781
2.48782
2.48786
2.48798
2.48823
2.4886
2.48906
2.48953
2.48993
2.49017
2.49018
2.48993
2.4894
2.4886
2.48757
2.48637
2.48505
2.48365
2.48223
2.48081
2.47941
2.47806
2.47677
2.47557
2.47449
2.47356
2.47281
2.47229
2.47201
2.47201
2.47229
2.47286
2.47371
2.4748
2.47609
2.47754
2.47909
2.48067
2.48223
2.4837
2.48504
2.4862
2.48715
2.48786
2.48829
2.4884
2.48818
2.48759
2.48661
2.48522
2.48343
2.48126
2.47873
2.4759
2.47283
2.46959
2.46625
2.46288
2.45957
2.4564
2.45342
2.45071
2.44832
2.44631
2.44471
2.44355
2.44285
2.4426
2.44278
2.44336
2.44428
2.44548
2.44689
2.44845
2.45009
2.45178
2.45348
2.45517
2.45687
2.45856
2.46024
2.4619
2.46349
2.46497
2.46625
2.46725
2.46789
2.46812
2.46791
2.46725
2.46618
2.46477
2.4631
2.46125
2.45931
2.45735
2.45545
2.45365
2.45199
2.45051
2.44922
2.44817
2.44739
2.44692
2.44684
2.44721
2.44813
2.44969
2.45197
2.45502
2.45884
2.46336
2.46846
2.47397
2.47965
2.48528
2.49062
2.49549
2.49977
2.50338
2.50632
2.50866
2.51047
2.51186
2.51295
2.51385
2.51464
2.51542
2.51624
2.51715
2.51818
2.51933
2.52059
2.52194
2.52333
2.5247
2.526
2.52718
2.52817
2.52895
2.52949
2.52981
2.52994
2.52994
2.52987
2.5298
2.5298
2.5299
2.53009
2.53034
2.53057
2.53068
2.53055
2.53008
2.52917
2.52775
2.52581
2.52336
2.52045
2.51717
2.51362
2.50994
2.50622
2.50259
2.49915
2.49597
2.49313
2.49065
2.48856
2.48686
2.48554
2.48454
2.48383
2.48334
2.48299
2.48272
2.48244
2.48207
2.48154
2.48078
2.47973
2.47835
2.47663
2.47456
2.47216
2.46951
2.46666
2.46371
2.46077
2.45796
2.45538
2.45312
2.45125
2.44983
2.44888
2.44837
2.44828
2.44854
2.44909
2.44984
2.45072
2.45167
2.45266
2.45367
2.45471
2.4558
2.45697
2.45827
2.45972
2.46134
2.46314
2.46508
2.46713
2.46922
2.47128
2.47322
2.47495
2.4764
2.47749
2.47817
2.4784
2.47818
2.47752
2.47646
2.47504
2.47335
2.47148
2.46953
2.4676
2.46578
2.46415
2.46278
2.46169
2.46091
2.46044
2.46028
2.4604
2.46079
2.46142
2.46224
2.46322
2.4643
2.46542
2.4665
2.46747
2.46829
2.46891
2.46933
2.46954
2.46959
2.4695
2.46932
2.46911
2.4689
2.46874
2.46865
2.46866
2.46875
2.46894
2.46919
2.46947
2.46975
2.46998
2.47014
2.47019
2.47013
2.46996
2.4697
2.46938
2.46904
2.46871
2.46843
2.46824
2.46816
2.4682
2.46839
2.46873
2.46922
2.4699
2.47075
2.47182
2.47313
2.47472
2.47661
2.47886
2.48148
2.48452
2.48799
2.49189
2.4962
2.5009
2.50592
2.51118
2.51657
2.52197
2.52723
2.5322
2.53674
2.5407
2.54397
2.54646
2.54812
2.54894
2.54893
2.54815
2.54668
2.5446
2.54202
2.53903
2.53573
2.5322
2.52852
2.52476
2.52098
2.51724
2.51359
2.51006
2.50669
2.5035
2.50049
2.49769
2.4951
2.49273
2.49063
2.4888
2.48728
2.48608
2.48524
2.48474
2.48458
2.48475
2.48522
2.48595
2.48689
2.488
2.48921
2.49047
2.49172
2.49291
2.494
2.49492
2.49564
2.49611
2.49629
2.49614
2.49562
2.49471
2.49339
2.49169
2.48963
2.48728
2.48472
2.48204
2.47937
2.47678
2.47438
2.47223
2.47038
2.46886
2.46767
2.46682
2.46627
2.466
2.46599
2.4662
2.46662
2.4672
2.46795
2.46886
2.46993
2.47117
2.47261
2.47428
2.47621
2.47841
2.4809
2.48369
