0.00820313
17.0678
4.19995
4.19994
4.19992
4.19991
4.1999
4.19989
4.19987
4.19986
4.19985
4.19984
4.19983
4.19982
4.19981
4.19979
4.19978
4.19977
4.19976
4.19975
4.19974
4.19973
4.19972
4.19972
4.19971
4.1997
4.19969
4.19968
4.19967
4.19967
4.19966
4.19965
4.19965
4.19964
4.19963
4.19963
4.19962
4.19962
4.19961
4.19961
4.1996
4.1996
4.19959
4.19959
4.19959
4.19958
4.19958
4.19958
4.19957
4.19957
4.19957
4.19957
4.19956
4.19956
4.19956
4.19956
4.19956
4.19956
4.19956
4.19955
4.19955
4.19955
4.19955
4.19955
4.19955
4.19955
4.19955
4.19955
4.19955
4.19955
4.19955
4.19955
4.19955
4.19956
4.19956
4.19956
4.19956
4.19956
4.19955
4.19955
4.19955
4.19955
4.19955
4.19955
4.19955
4.19955
4.19954
4.19954
4.19954
4.19954
4.19953
4.19953
4.19952
4.19952
4.19951
4.19951
4.1995
4.19949
4.19949
4.19948
4.19947
4.19946
4.19945
4.19944
4.19943
4.19942
4.19941
4.1994
4.19939
4.19938
4.19937
4.19935
4.19934
4.19933
4.19931
4.1993
4.19929
4.19927
4.19926
4.19924
4.19923
4.19921
4.1992
4.19918
4.19916
4.19915
4.19913
4.19911
4.1991
4.19908
4.19906
4.19905
4.19903
4.19901
4.19899
4.19898
4.19896
4.19894
4.19892
4.1989
4.19888
4.19887
4.19885
4.19883
4.19881
4.19879
4.19877
4.19875
4.19873
4.19871
4.19869
4.19867
4.19865
4.19863
4.19861
4.19859
4.19857
4.19855
4.19853
4.19851
4.19848
4.19846
4.19844
4.19842
4.19839
4.19837
4.19835
4.19832
4.1983
4.19827
4.19825
4.19823
4.1982
4.19818
4.19815
4.19813
4.1981
4.19807
4.19805
4.19802
4.198
4.19797
4.19794
4.19792
4.19789
4.19787
4.19784
4.19781
4.19778
4.19776
4.19773
4.1977
4.19768
4.19765
4.19762
4.1976
4.19757
4.19754
4.19752
4.19749
4.19746
4.19743
4.19741
4.19738
4.19735
4.19733
4.1973
4.19727
4.19724
4.19722
4.19719
4.19716
4.19714
4.19711
4.19708
4.19705
4.19703
4.197
4.19697
4.19694
4.19692
4.19689
4.19686
4.19683
4.19681
4.19678
4.19675
4.19672
4.19669
4.19667
4.19664
4.19661
4.19658
4.19655
4.19652
4.19649
4.19646
4.19643
4.19641
4.19638
4.19635
4.19632
4.19629
4.19626
4.19623
4.1962
4.19617
4.19614
4.1961
4.19607
4.19604
4.19601
4.19598
4.19595
4.19592
4.19589
4.19586
4.19583
4.19579
4.19576
4.19573
4.1957
4.19567
4.19564
4.1956
4.19557
4.19554
4.19551
4.19548
4.19544
4.19541
4.19538
4.19535
4.19531
4.19528
4.19525
4.19522
4.19518
4.19515
4.19512
4.19509
4.19505
4.19502
4.19499
4.19495
4.19492
4.19489
4.19486
4.19482
4.19479
4.19476
4.19472
4.19469
4.19465
4.19462
4.19459
4.19455
4.19452
4.19449
4.19445
4.19442
4.19439
4.19435
4.19432
4.19428
4.19425
4.19422
4.19418
4.19415
4.19412
4.19408
4.19405
4.19401
4.19398
4.19395
4.19391
4.19388
4.19385
4.19381
4.19378
4.19375
4.19371
4.19368
4.19365
4.19362
4.19358
4.19355
4.19352
4.19349
4.19345
4.19342
4.19339
4.19336
4.19332
4.19329
4.19326
4.19323
4.1932
4.19317
4.19313
4.1931
4.19307
4.19304
4.19301
4.19298
4.19295
4.19292
4.19288
4.19285
4.19282
4.19279
4.19276
4.19273
4.1927
4.19267
4.19264
4.19261
4.19258
4.19255
4.19252
4.19249
4.19246
4.19243
4.1924
4.19237
4.19234
4.19231
4.19228
4.19225
4.19222
4.19219
4.19216
4.19213
4.19211
4.19208
4.19205
4.19202
4.19199
4.19196
4.19193
4.1919
4.19187
4.19185
4.19182
4.19179
4.19176
4.19173
4.1917
4.19168
4.19165
4.19162
4.19159
4.19156
4.19154
4.19151
4.19148
4.19145
4.19142
4.1914
4.19137
4.19134
4.19131
4.19128
4.19126
4.19123
4.1912
4.19117
4.19114
4.19112
4.19109
4.19106
4.19103
4.191
4.19098
4.19095
4.19092
4.19089
4.19086
4.19084
4.19081
4.19078
4.19075
4.19072
4.19069
4.19067
4.19064
4.19061
4.19058
4.19055
4.19052
4.1905
4.19047
4.19044
4.19041
4.19038
4.19035
4.19032
4.19029
4.19026
4.19024
4.19021
4.19018
4.19015
4.19012
4.19009
4.19006
4.19003
4.19
4.18997
4.18994
4.18991
4.18988
4.18985
4.18982
4.18979
4.18976
4.18973
4.1897
4.18967
4.18964
4.18961
4.18958
4.18955
4.18952
4.18948
4.18945
4.18942
4.18939
4.18936
4.18933
4.1893
4.18927
4.18923
4.1892
4.18917
4.18914
4.18911
4.18908
4.18904
4.18901
4.18898
4.18895
4.18892
4.18888
4.18885
4.18882
4.18879
4.18876
4.18872
4.18869
4.18866
4.18863
4.1886
4.18856
4.18853
4.1885
4.18847
4.18843
4.1884
4.18837
4.18834
4.18831
4.18827
4.18824
4.18821
4.18818
4.18814
4.18811
4.18808
4.18805
4.18802
4.18798
4.18795
4.18792
4.18789
4.18785
4.18782
4.18779
4.18776
4.18772
4.18769
4.18766
4.18762
4.18759
4.18756
4.18753
4.18749
4.18746
4.18743
4.18739
4.18736
4.18732
4.18729
4.18726
4.18722
4.18719
4.18716
4.18712
4.18709
4.18705
4.18702
4.18698
4.18695
4.18691
4.18688
4.18685
4.18681
4.18678
4.18674
4.18671
4.18667
4.18664
4.1866
4.18657
4.18653
4.1865
4.18646
4.18643
4.18639
4.18636
4.18632
4.18629
4.18626
4.18622
4.18619
4.18615
4.18612
4.18608
4.18605
4.18602
4.18598
4.18595
4.18592
4.18588
4.18585
4.18581
4.18578
4.18575
4.18571
4.18568
4.18565
4.18561
4.18558
4.18555
4.18552
4.18548
4.18545
4.18542
4.18538
4.18535
4.18532
4.18529
4.18525
4.18522
4.18519
4.18515
4.18512
4.18509
4.18506
4.18502
4.18499
4.18496
4.18493
4.18489
4.18486
4.18483
4.1848
4.18476
4.18473
4.1847
4.18466
4.18463
4.1846
4.18457
4.18453
4.1845
4.18447
4.18444
4.1844
4.18437
4.18434
4.18431
4.18427
4.18424
4.18421
4.18418
4.18414
4.18411
4.18408
4.18405
4.18401
4.18398
4.18395
4.18391
4.18388
4.18385
4.18382
4.18378
4.18375
4.18372
4.18368
4.18365
4.18362
4.18358
4.18355
4.18352
4.18348
4.18345
4.18342
4.18338
4.18335
4.18331
4.18328
4.18325
4.18321
4.18318
4.18314
4.18311
4.18307
4.18304
4.183
4.18296
4.18293
4.18289
4.18286
4.18282
4.18278
4.18275
4.18271
4.18267
4.18264
4.1826
4.18256
4.18252
4.18249
4.18245
4.18241
4.18237
4.18234
4.1823
4.18226
4.18222
4.18218
4.18215
4.18211
4.18207
4.18203
4.18199
4.18196
4.18192
4.18188
4.18184
4.1818
4.18176
4.18173
4.18169
4.18165
4.18161
4.18157
4.18154
4.1815
4.18146
4.18142
4.18139
4.18135
4.18131
4.18127
4.18124
4.1812
4.18116
4.18112
4.18109
4.18105
4.18101
4.18098
4.18094
4.1809
4.18086
4.18083
4.18079
4.18075
4.18071
4.18068
4.18064
4.1806
4.18056
4.18053
4.18049
4.18045
4.18041
4.18037
4.18034
4.1803
4.18026
4.18022
4.18018
4.18014
4.1801
4.18006
4.18002
4.17999
4.17995
4.17991
4.17987
4.17983
4.17979
4.17975
4.17971
4.17967
4.17963
4.17959
4.17955
4.17951
4.17947
4.17942
4.17938
4.17934
4.1793
4.17926
4.17922
4.17918
4.17914
4.1791
4.17906
4.17902
4.17898
4.17894
4.1789
4.17886
4.17882
4.17878
4.17874
4.1787
4.17866
4.17862
4.17858
4.17854
4.1785
4.17846
4.17842
4.17838
4.17834
4.1783
4.17826
4.17822
4.17818
4.17814
4.1781
4.17806
4.17802
4.17798
4.17794
4.1779
4.17786
4.17782
4.17778
4.17774
4.1777
4.17766
4.17762
4.17758
4.17754
4.1775
4.17746
4.17742
4.17738
4.17734
4.1773
4.17726
4.17722
4.17718
4.17714
4.1771
4.17706
4.17702
4.17698
4.17694
4.1769
4.17686
4.17682
4.17678
4.17674
4.1767
4.17666
4.17662
4.17658
4.17653
4.17649
4.17645
4.17641
4.17637
4.17633
4.17629
4.17625
4.17621
4.17617
4.17613
4.17609
4.17605
4.17601
4.17597
4.17593
4.1759
4.17586
4.17582
4.17578
4.17574
4.1757
4.17566
4.17562
4.17559
4.17555
4.17551
4.17547
4.17543
4.1754
4.17536
4.17532
4.17528
4.17525
4.17521
4.17517
4.17513
4.1751
4.17506
4.17502
4.17499
4.17495
4.17491
4.17487
4.17484
4.1748
4.17476
4.17473
4.17469
4.17465
4.17461
4.17458
4.17454
4.1745
4.17446
4.17443
4.17439
4.17435
4.17431
4.17427
4.17423
4.1742
4.17416
4.17412
4.17408
4.17404
4.174
4.17396
4.17392
4.17389
4.17385
4.17381
4.17377
4.17373
4.17369
4.17365
4.17361
4.17357
4.17353
4.17349
4.17345
4.17341
4.17337
4.17333
4.17329
4.17325
4.17321
4.17317
4.17313
4.17309
4.17305
4.17301
4.17297
4.17293
4.17288
4.17284
4.1728
4.17276
4.17272
4.17268
4.17264
4.1726
4.17256
4.17252
4.17248
4.17244
4.17239
4.17235
4.17231
4.17227
4.17223
4.17219
4.17215
4.17211
4.17207
4.17203
4.17199
4.17195
4.17191
4.17187
4.17183
4.17179
4.17175
4.17171
4.17167
4.17163
4.17159
4.17155
4.17151
4.17147
4.17143
4.17139
4.17135
4.17131
4.17127
4.17123
4.17119
4.17115
4.17111
4.17107
4.17103
4.17099
4.17095
4.17091
4.17087
4.17083
4.17079
4.17075
4.17071
4.17067
4.17064
4.1706
4.17056
4.17052
4.17048
4.17044
4.1704
4.17036
4.17033
4.17029
4.17025
4.17021
4.17017
4.17014
4.1701
4.17006
4.17002
4.16999
4.16995
4.16991
4.16988
4.16984
4.1698
4.16977
4.16973
4.16969
4.16966
4.16962
4.16959
4.16955
4.16952
4.16948
4.16945
4.16941
4.16938
4.16935
4.16931
4.16928
4.16925
4.16921
4.16918
4.16915
4.16912
4.16908
4.16905
4.16902
4.16899
4.16896
4.16893
4.16889
4.16886
4.16883
4.1688
4.16877
4.16874
4.16872
4.16869
4.16866
4.16863
4.1686
4.16857
4.16854
4.16851
4.16849
4.16846
4.16843
4.1684
4.16838
4.16835
4.16832
4.16829
4.16827
4.16824
4.16821
4.16819
4.16816
4.16813
4.16811
4.16808
4.16805
4.16803
4.168
4.16797
4.16795
4.16792
4.16789
4.16786
4.16784
4.16781
4.16778
4.16776
4.16773
4.1677
4.16767
4.16765
4.16762
4.16759
4.16756
4.16754
4.16751
4.16748
4.16745
4.16743
4.1674
4.16737
4.16734
4.16732
4.16729
4.16726
4.16723
4.1672
4.16718
4.16715
4.16712
4.16709
4.16706
4.16704
4.16701
4.16698
4.16695
4.16692
4.16689
4.16687
4.16684
4.16681
4.16678
4.16675
4.16672
4.16669
4.16667
4.16664
4.16661
4.16658
4.16655
4.16652
4.16649
4.16646
4.16643
4.1664
4.16637
4.16634
4.16631
4.16628
4.16625
4.16622
4.16619
4.16615
4.16612
4.16609
4.16606
4.16603
4.166
4.16596
4.16593
4.1659
4.16587
4.16583
4.1658
4.16577
4.16573
4.1657
4.16567
4.16563
4.1656
4.16557
4.16553
4.1655
4.16546
4.16543
4.16539
4.16536
4.16533
4.16529
4.16526
4.16522
4.16519
4.16515
4.16512
4.16508
4.16505
4.16502
4.16498
4.16495
4.16491
4.16488
4.16484
4.16481
4.16477
4.16474
4.1647
4.16467
4.16463
4.1646
4.16456
4.16453
4.16449
4.16446
4.16442
4.16439
4.16436
4.16432
4.16429
4.16425
4.16422
4.16418
4.16415
4.16412
4.16408
4.16405
4.16401
4.16398
4.16395
4.16392
4.16388
4.16385
4.16382
4.16378
4.16375
4.16372
4.16369
4.16366
4.16363
4.1636
4.16357
4.16353
4.1635
4.16347
4.16344
4.16341
4.16339
4.16336
4.16333
4.1633
4.16327
4.16324
4.16321
4.16318
4.16316
4.16313
4.1631
4.16307
4.16305
4.16302
4.16299
4.16296
4.16294
4.16291
4.16288
4.16286
4.16283
4.1628
4.16278
4.16275
4.16272
4.1627
4.16267
4.16264
4.16262
4.16259
4.16256
4.16254
4.16251
4.16248
4.16246
4.16243
4.1624
4.16238
4.16235
4.16232
4.1623
4.16227
4.16224
4.16222
4.16219
4.16216
4.16213
4.16211
4.16208
4.16205
4.16202
4.162
4.16197
4.16194
4.16191
4.16189
4.16186
4.16183
4.1618
4.16177
4.16174
4.16171
4.16168
4.16166
4.16163
4.1616
4.16157
4.16154
4.16151
4.16147
4.16144
4.16141
4.16138
4.16135
4.16132
4.16129
4.16125
4.16122
4.16119
4.16116
4.16112
4.16109
4.16106
4.16102
4.16099
4.16095
4.16092
4.16088
4.16085
4.16081
4.16078
4.16074
4.16071
4.16067
4.16064
4.1606
4.16056
4.16053
4.16049
4.16045
4.16042
4.16038
4.16034
4.1603
4.16027
4.16023
4.16019
4.16016
4.16012
4.16008
4.16005
4.16001
4.15997
4.15994
4.1599
4.15986
4.15983
4.15979
4.15976
4.15972
4.15969
4.15965
4.15962
4.15958
4.15955
4.15951
4.15948
4.15944
4.15941
4.15938
4.15934
4.15931
4.15928
4.15925
4.15921
4.15918
4.15915
4.15912
4.15909
4.15905
4.15902
4.15899
4.15896
4.15893
4.1589
4.15887
4.15884
4.15881
4.15878
4.15875
4.15872
4.15869
4.15866
4.15863
4.1586
4.15857
4.15855
4.15852
4.15849
4.15846
4.15843
4.1584
4.15838
4.15835
4.15832
4.15829
4.15827
4.15824
4.15821
4.15818
4.15816
4.15813
4.1581
4.15808
4.15805
4.15802
4.158
4.15797
4.15795
4.15792
4.15789
4.15787
4.15784
4.15782
4.15779
4.15777
4.15774
4.15772
4.15769
4.15767
4.15764
4.15762
4.15759
4.15757
4.15754
4.15752
4.15749
4.15747
4.15744
4.15742
4.15739
4.15737
4.15735
4.15732
4.1573
4.15727
4.15725
4.15722
4.1572
4.15718
4.15715
4.15713
4.1571
4.15708
4.15705
4.15703
4.15701
4.15698
4.15696
4.15693
4.15691
4.15688
4.15686
4.15683
4.15681
4.15678
4.15676
4.15673
4.15671
4.15668
4.15666
4.15663
4.15661
4.15658
4.15656
4.15653
4.15651
4.15648
4.15646
4.15643
4.1564
4.15638
4.15635
4.15633
4.1563
4.15628
4.15625
4.15622
4.1562
4.15617
4.15615
4.15612
4.1561
4.15607
4.15604
4.15602
4.15599
4.15597
4.15594
4.15592
4.15589
4.15586
4.15584
4.15581
4.15579
4.15576
4.15574
4.15571
4.15569
4.15566
4.15564
4.15561
4.15559
4.15556
4.15554
4.15551
4.15549
4.15546
4.15544
4.15541
4.15539
4.15536
4.15534
4.15531
4.15529
4.15526
4.15524
4.15521
4.15519
4.15516
4.15514
4.15511
4.15509
4.15506
4.15504
4.15501
4.15498
4.15496
4.15493
4.1549
4.15488
4.15485
4.15482
4.1548
4.15477
4.15474
4.15471
4.15468
4.15466
4.15463
4.1546
4.15457
4.15454
4.15451
4.15448
4.15445
4.15443
4.1544
4.15437
4.15434
4.15431
4.15428
4.15425
4.15422
4.15419
4.15416
4.15413
4.1541
4.15407
4.15404
4.15401
4.15398
4.15395
4.15392
4.15389
4.15386
4.15383
4.1538
4.15377
4.15374
4.15371
4.15368
4.15365
4.15362
4.15359
4.15356
4.15354
4.15351
4.15348
4.15345
4.15342
4.15339
4.15336
4.15333
4.1533
4.15327
4.15324
4.15322
4.15319
4.15316
4.15313
4.1531
4.15307
4.15304
4.15302
4.15299
4.15296
4.15293
4.1529
4.15288
4.15285
4.15282
4.15279
4.15276
4.15274
4.15271
4.15268
4.15265
4.15263
4.1526
4.15257
4.15254
4.15252
4.15249
4.15246
4.15243
4.15241
4.15238
4.15235
4.15232
4.1523
4.15227
4.15224
4.15222
4.15219
4.15216
4.15213
4.15211
4.15208
4.15205
4.15203
4.152
4.15197
4.15195
4.15192
4.15189
4.15186
4.15184
4.15181
4.15178
4.15175
4.15173
4.1517
4.15167
4.15164
4.15162
4.15159
4.15156
4.15153
4.15151
4.15148
4.15145
4.15142
4.15139
4.15137
4.15134
4.15131
4.15128
4.15125
4.15122
4.15119
4.15116
4.15114
4.15111
4.15108
4.15105
4.15102
4.15099
4.15096
4.15093
4.1509
4.15087
4.15084
4.15081
4.15078
4.15075
4.15072
4.15068
4.15065
4.15062
4.15059
4.15056
4.15053
4.1505
4.15047
4.15043
4.1504
4.15037
4.15034
4.15031
4.15027
4.15024
4.15021
4.15018
4.15015
4.15011
4.15008
4.15005
4.15002
4.14998
4.14995
4.14992
4.14989
4.14986
4.14982
4.14979
4.14976
4.14973
4.1497
4.14966
4.14963
4.1496
4.14957
4.14954
4.1495
4.14947
4.14944
4.14941
4.14938
4.14935
4.14932
4.14928
4.14925
4.14922
4.14919
4.14916
4.14913
4.1491
4.14907
4.14904
4.149
4.14897
4.14894
4.14891
4.14888
4.14885
4.14882
4.14879
4.14876
4.14873
4.1487
4.14867
4.14864
4.14861
4.14858
4.14855
4.14852
4.14849
4.14846
4.14843
4.14841
4.14838
4.14835
4.14832
4.14829
4.14826
4.14823
4.1482
4.14817
4.14815
4.14812
4.14809
4.14806
4.14803
4.148
4.14798
4.14795
4.14792
4.14789
4.14786
4.14783
4.1478
4.14778
4.14775
4.14772
4.14769
4.14766
4.14763
4.14761
4.14758
4.14755
4.14752
4.14749
4.14746
4.14744
4.14741
4.14738
4.14735
4.14732
4.1473
4.14727
4.14724
4.14721
4.14719
4.14716
4.14713
4.1471
4.14708
4.14705
4.14702
4.147
4.14697
4.14694
4.14692
4.14689
4.14687
4.14684
4.14681
4.14679
4.14676
4.14674
4.14671
4.14669
4.14666
4.14664
4.14662
4.14659
4.14657
4.14655
4.14652
4.1465
4.14648
4.14645
4.14643
4.14641
4.14639
4.14636
4.14634
4.14632
4.1463
4.14628
4.14625
4.14623
4.14621
4.14619
4.14617
4.14615
4.14613
4.1461
4.14608
4.14606
4.14604
4.14602
4.146
4.14598
4.14596
4.14593
4.14591
4.14589
4.14587
4.14585
4.14583
4.1458
4.14578
4.14576
4.14574
4.14571
4.14569
4.14567
4.14565
4.14562
4.1456
4.14558
4.14555
4.14553
4.1455
4.14548
4.14546
4.14543
4.14541
4.14538
4.14536
4.14533
4.14531
4.14528
4.14526
4.14523
4.14521
4.14518
4.14515
4.14513
4.1451
4.14508
4.14505
4.14503
4.145
4.14497
4.14495
4.14492
4.1449
4.14487
4.14485
4.14482
4.14479
4.14477
4.14474
4.14472
4.14469
4.14467
4.14464
4.14462
4.14459
4.14456
4.14454
4.14451
4.14449
4.14446
4.14444
4.14441
4.14439
4.14436
4.14434
4.14431
4.14429
4.14426
4.14424
4.14421
4.14419
4.14416
4.14414
4.14412
4.14409
4.14407
4.14404
4.14402
4.14399
4.14397
4.14394
4.14392
4.14389
4.14387
4.14384
4.14382
4.1438
4.14377
4.14375
4.14372
4.1437
4.14367
4.14364
4.14362
4.14359
4.14357
4.14354
4.14352
4.14349
4.14347
4.14344
4.14342
4.14339
4.14336
4.14334
4.14331
4.14328
4.14326
4.14323
4.1432
4.14318
4.14315
4.14312
4.1431
4.14307
4.14304
4.14302
4.14299
4.14296
4.14293
4.14291
4.14288
4.14285
4.14282
4.14279
4.14277
4.14274
4.14271
4.14268
4.14265
4.14262
4.14259
4.14256
4.14253
4.1425
4.14247
4.14244
4.14241
4.14238
4.14235
4.14232
4.14229
4.14226
4.14223
4.14219
4.14216
4.14213
4.1421
4.14207
4.14203
4.142
4.14197
4.14193
4.1419
4.14187
4.14183
4.1418
4.14177
4.14173
4.1417
4.14166
4.14163
4.14159
4.14156
4.14153
4.14149
4.14146
4.14142
4.14138
4.14135
4.14131
4.14128
4.14124
4.14121
4.14117
4.14114
4.1411
4.14106
4.14103
4.14099
4.14096
4.14092
4.14089
4.14085
4.14081
4.14078
4.14074
4.14071
4.14067
4.14064
4.1406
4.14057
4.14053
4.14049
4.14046
4.14042
4.14039
4.14035
4.14032
4.14028
4.14025
4.14022
4.14018
4.14015
4.14011
4.14008
4.14004
4.14001
4.13998
4.13994
4.13991
4.13988
4.13984
4.13981
4.13977
4.13974
4.13971
4.13968
4.13964
4.13961
4.13958
4.13954
4.13951
4.13948
4.13945
4.13941
4.13938
4.13935
4.13932
4.13928
4.13925
4.13922
4.13919
4.13916
4.13912
4.13909
4.13906
4.13903
4.139
4.13897
4.13893
4.1389
4.13887
4.13884
4.13881
4.13878
4.13875
4.13872
4.13869
4.13866
4.13863
4.13859
4.13856
4.13853
4.1385
4.13847
4.13844
4.13841
4.13838
4.13836
4.13833
4.1383
4.13827
4.13824
4.13821
4.13818
4.13815
4.13812
4.13809
4.13807
4.13804
4.13801
4.13798
4.13795
4.13793
4.1379
4.13787
4.13784
4.13782
4.13779
4.13776
4.13773
4.1377
4.13768
4.13765
4.13762
4.1376
4.13757
4.13754
4.13751
4.13749
4.13746
4.13743
4.1374
4.13738
4.13735
4.13732
4.13729
4.13727
4.13724
4.13721
4.13718
4.13716
4.13713
4.1371
4.13707
4.13705
4.13702
4.13699
4.13696
4.13694
4.13691
4.13688
4.13685
4.13683
4.1368
4.13677
4.13674
4.13672
4.13669
4.13666
4.13664
4.13661
4.13658
4.13655
4.13653
4.1365
4.13647
4.13645
4.13642
4.13639
4.13636
4.13634
4.13631
4.13628
4.13626
4.13623
4.1362
4.13618
4.13615
4.13612
4.1361
4.13607
4.13604
4.13602
4.13599
4.13596
4.13593
4.13591
4.13588
4.13585
4.13583
4.1358
4.13577
4.13575
4.13572
4.13569
4.13566
4.13564
4.13561
4.13558
4.13556
4.13553
4.1355
4.13547
4.13545
4.13542
4.13539
4.13536
4.13534
4.13531
4.13528
4.13525
4.13522
4.1352
4.13517
4.13514
4.13511
4.13508
4.13506
4.13503
4.135
4.13497
4.13494
4.13492
4.13489
4.13486
4.13483
4.1348
4.13477
4.13474
4.13472
4.13469
4.13466
4.13463
4.1346
4.13457
4.13454
4.13451
4.13448
4.13445
4.13443
4.1344
4.13437
4.13434
4.13431
4.13428
4.13425
4.13422
4.13419
4.13416
4.13413
4.1341
4.13407
4.13404
4.13401
4.13399
4.13396
4.13393
4.1339
4.13387
4.13384
4.13381
4.13378
4.13375
4.13372
4.13369
4.13366
4.13363
4.1336
4.13357
4.13354
4.13351
4.13348
4.13345
4.13342
4.13339
4.13336
4.13333
4.1333
4.13327
4.13324
4.13321
4.13318
4.13314
4.13311
4.13308
4.13305
4.13302
4.13299
4.13296
4.13293
4.1329
4.13287
4.13284
4.1328
4.13277
4.13274
4.13271
4.13268
4.13265
4.13262
4.13259
4.13256
4.13253
4.1325
4.13247
4.13244
4.13241
4.13238
4.13235
4.13232
4.13229
4.13226
4.13223
4.1322
4.13217
4.13215
4.13212
4.13209
4.13206
4.13203
4.13201
4.13198
4.13195
4.13192
4.1319
4.13187
4.13184
4.13182
4.13179
4.13176
4.13174
4.13171
4.13169
4.13166
4.13163
4.13161
4.13158
4.13156
4.13153
4.13151
4.13148
4.13146
4.13143
4.13141
4.13138
4.13136
4.13133
4.13131
4.13128
4.13126
4.13123
4.13121
4.13118
4.13116
4.13114
4.13111
4.13109
4.13106
4.13104
4.13101
4.13099
4.13096
4.13094
4.13091
4.13089
4.13087
4.13084
4.13082
4.13079
4.13077
4.13074
4.13072
4.13069
4.13067
4.13064
4.13062
4.13059
4.13057
4.13054
4.13052
4.13049
4.13047
4.13044
4.13042
4.13039
4.13037
4.13034
4.13031
4.13029
4.13026
4.13023
4.13021
4.13018
4.13015
4.13013
4.1301
4.13007
4.13004
4.13002
4.12999
4.12996
4.12993
4.1299
4.12987
4.12984
4.12981
4.12978
4.12975
4.12972
4.12969
4.12966
4.12963
4.1296
4.12957
4.12953
4.1295
4.12947
4.12943
4.1294
4.12937
4.12933
4.1293
4.12926
4.12923
4.12919
4.12916
4.12912
4.12909
4.12905
4.12901
4.12898
4.12894
4.1289
4.12886
4.12882
4.12879
4.12875
4.12871
4.12867
4.12863
4.12859
4.12855
4.1285
4.12846
4.12842
4.12838
4.12834
4.12829
4.12825
4.12821
4.12817
4.12812
4.12808
4.12803
4.12799
4.12794
4.1279
4.12785
4.12781
4.12776
4.12772
4.12767
4.12763
4.12758
4.12753
4.12749
4.12744
4.12739
4.12735
4.1273
4.12725
4.12721
4.12716
4.12711
4.12707
4.12702
4.12697
4.12692
4.12688
4.12683
4.12678
4.12674
4.12669
4.12664
4.1266
4.12655
4.1265
4.12645
4.12641
4.12636
4.12631
4.12627
4.12622
4.12618
4.12613
4.12608
4.12604
4.12599
4.12595
4.1259
4.12585
4.12581
4.12576
4.12572
4.12567
4.12563
4.12558
4.12554
4.12549
4.12544
4.1254
4.12535
4.12531
4.12526
4.12522
4.12517
4.12513
4.12508
4.12504
4.12499
4.12495
4.1249
4.12486
4.12481
4.12477
4.12472
4.12468
4.12463
4.12459
4.12454
4.1245
4.12445
4.12441
4.12437
4.12432
4.12428
4.12423
4.12419
4.12414
4.1241
4.12406
4.12401
4.12397
4.12393
4.12388
4.12384
4.1238
4.12376
4.12371
4.12367
4.12363
4.12359
4.12355
4.12351
4.12347
4.12343
4.12339
4.12335
4.12331
4.12327
4.12323
4.12319
4.12315
4.12312
4.12308
4.12304
4.12301
4.12297
4.12293
4.1229
4.12286
4.12282
4.12279
4.12275
4.12272
4.12268
4.12265
4.12261
4.12258
4.12254
4.12251
4.12248
4.12244
4.12241
4.12237
4.12234
4.12231
4.12227
4.12224
4.1222
4.12217
4.12213
4.1221
4.12207
4.12203
4.122
4.12196
4.12193
4.12189
4.12186
4.12182
4.12179
4.12175
4.12172
4.12168
4.12165
4.12161
4.12158
4.12154
4.12151
4.12147
4.12144
4.1214
4.12136
4.12133
4.12129
4.12126
4.12122
4.12118
4.12115
4.12111
4.12108
4.12104
4.121
4.12097
4.12093
4.1209
4.12086
4.12082
4.12079
4.12075
4.12072
4.12068
4.12065
4.12061
4.12058
4.12054
4.1205
4.12047
4.12043
4.1204
4.12037
4.12033
4.1203
4.12026
4.12023
4.12019
4.12016
4.12013
4.12009
4.12006
4.12002
4.11999
4.11996
4.11992
4.11989
4.11985
4.11982
4.11979
4.11975
4.11972
4.11969
4.11965
4.11962
4.11959
4.11955
4.11952
4.11949
4.11945
4.11942
4.11939
4.11935
4.11932
4.11929
4.11925
4.11922
4.11919
4.11915
4.11912
4.11909
4.11905
4.11902
4.11899
4.11895
4.11892
4.11889
4.11886
4.11882
4.11879
4.11876
4.11872
4.11869
4.11866
4.11863
4.11859
4.11856
4.11853
4.1185
4.11847
4.11843
4.1184
4.11837
4.11834
4.1183
4.11827
4.11824
4.11821
4.11818
4.11814
4.11811
4.11808
4.11805
4.11801
4.11798
4.11795
4.11792
4.11789
4.11785
4.11782
4.11779
4.11776
4.11773
4.11769
4.11766
4.11763
4.1176
4.11756
4.11753
4.1175
4.11747
4.11743
4.1174
4.11737
4.11734
4.1173
4.11727
4.11724
4.1172
4.11717
4.11714
4.11711
4.11707
4.11704
4.11701
4.11697
4.11694
4.1169
4.11687
4.11684
4.1168
4.11677
4.11674
4.1167
4.11667
4.11664
4.1166
4.11657
4.11653
4.1165
4.11647
4.11643
4.1164
4.11637
4.11633
4.1163
4.11627
4.11623
4.1162
4.11617
4.11613
4.1161
4.11607
4.11604
4.116
4.11597
4.11594
4.11591
4.11588
4.11584
4.11581
4.11578
4.11575
4.11572
4.11569
4.11566
4.11563
4.1156
4.11557
4.11554
4.11551
4.11548
4.11545
4.11542
4.11539
4.11536
4.11534
4.11531
4.11528
4.11525
4.11522
4.1152
4.11517
4.11514
4.11511
4.11508
4.11506
4.11503
4.115
4.11497
4.11495
4.11492
4.11489
4.11486
4.11484
4.11481
4.11478
4.11475
4.11472
4.1147
4.11467
4.11464
4.11461
4.11458
4.11455
4.11452
4.1145
4.11447
4.11444
4.11441
4.11438
4.11435
4.11432
4.11429
4.11426
4.11422
4.11419
4.11416
4.11413
4.1141
4.11406
4.11403
4.114
4.11397
4.11393
4.1139
4.11386
4.11383
4.1138
4.11376
4.11373
4.11369
4.11365
4.11362
4.11358
4.11355
4.11351
4.11347
4.11344
4.1134
4.11336
4.11332
4.11329
4.11325
4.11321
4.11317
4.11313
4.11309
4.11306
4.11302
4.11298
4.11294
4.1129
4.11286
4.11282
4.11278
4.11274
4.1127
4.11266
4.11262
4.11259
4.11255
4.11251
4.11247
4.11243
4.11239
4.11235
4.11231
4.11227
4.11223
4.11219
4.11215
4.11211
4.11207
4.11203
4.11199
4.11195
4.11191
4.11187
4.11183
4.11179
4.11175
4.11172
4.11168
4.11164
4.1116
4.11156
4.11152
4.11148
4.11144
4.1114
4.11136
4.11132
4.11128
4.11124
4.1112
4.11116
4.11112
4.11108
4.11104
4.111
4.11096
4.11092
4.11088
4.11084
4.11081
4.11077
4.11073
4.11069
4.11065
4.11061
4.11057
4.11053
4.11049
4.11046
4.11042
4.11038
4.11034
4.1103
4.11026
4.11023
4.11019
4.11015
4.11011
4.11008
4.11004
4.11
4.10996
4.10993
4.10989
4.10985
4.10982
4.10978
4.10974
4.10971
4.10967
4.10964
4.1096
4.10956
4.10953
4.10949
4.10946
4.10942
4.10939
4.10935
4.10932
4.10928
4.10925
4.10922
4.10918
4.10915
4.10911
4.10908
4.10904
4.10901
4.10898
4.10894
4.10891
4.10887
4.10884
4.1088
4.10877
4.10874
4.1087
4.10867
4.10863
4.1086
4.10856
4.10853
4.10849
4.10846
4.10842
4.10839
4.10835
4.10832
4.10828
4.10824
4.10821
4.10817
4.10813
4.1081
4.10806
4.10802
4.10798
4.10794
4.1079
4.10787
4.10783
4.10779
4.10775
4.10771
4.10766
4.10762
4.10758
4.10754
4.1075
4.10746
4.10741
4.10737
4.10733
4.10729
4.10724
4.1072
4.10716
4.10712
4.10707
4.10703
4.10699
4.10694
4.1069
4.10686
4.10681
4.10677
4.10673
4.10669
4.10664
4.1066
4.10656
4.10652
4.10648
4.10644
4.1064
4.10636
4.10632
4.10628
4.10624
4.1062
4.10616
4.10612
4.10609
4.10605
4.10601
4.10598
4.10594
4.10591
4.10587
4.10584
4.10581
4.10577
4.10574
4.10571
4.10568
4.10565
4.10562
4.10559
4.10556
4.10553
4.1055
4.10547
4.10545
4.10542
4.10539
4.10537
4.10534
4.10531
4.10529
4.10526
4.10524
4.10521
4.10519
4.10517
4.10514
4.10512
4.1051
4.10508
4.10505
4.10503
4.10501
4.10499
4.10497
4.10495
4.10493
4.10491
4.10489
4.10487
4.10485
4.10483
4.10481
4.10479
4.10477
4.10475
4.10473
4.10471
4.1047
4.10468
4.10466
4.10464
4.10462
4.10461
4.10459
4.10457
4.10455
4.10454
4.10452
4.1045
4.10448
4.10446
4.10445
4.10443
4.10441
4.10439
4.10438
4.10436
4.10434
4.10432
4.1043
4.10428
4.10426
4.10425
4.10423
4.10421
4.10419
4.10417
4.10415
4.10413
4.10411
4.10409
4.10406
4.10404
4.10402
4.104
4.10398
4.10395
4.10393
4.10391
4.10388
4.10386
4.10383
4.10381
4.10378
4.10376
4.10373
4.10371
4.10368
4.10365
4.10363
4.1036
4.10357
4.10354
4.10352
4.10349
4.10346
4.10343
4.1034
4.10337
4.10334
4.10331
4.10328
4.10325
4.10322
4.10319
4.10316
4.10313
4.1031
4.10307
4.10304
4.10301
4.10297
4.10294
4.10291
4.10288
4.10285
4.10281
4.10278
4.10275
4.10272
4.10268
4.10265
4.10262
4.10258
4.10255
4.10252
4.10248
4.10245
4.10242
4.10238
4.10235
4.10232
4.10228
4.10225
4.10221
4.10218
4.10215
4.10211
4.10208
4.10204
4.10201
4.10197
4.10194
4.1019
4.10187
4.10183
4.1018
4.10176
4.10173
4.10169
4.10165
4.10162
4.10158
4.10155
4.10151
4.10147
4.10144
4.1014
4.10136
4.10133
4.10129
4.10125
4.10121
4.10118
4.10114
4.1011
4.10107
4.10103
4.10099
4.10095
4.10091
4.10088
4.10084
4.1008
4.10076
4.10072
4.10069
4.10065
4.10061
4.10057
4.10053
4.10049
4.10046
4.10042
4.10038
4.10034
4.1003
4.10027
4.10023
4.10019
4.10015
4.10011
4.10007
4.10004
4.1
4.09996
4.09992
4.09988
4.09985
4.09981
4.09977
4.09973
4.09969
4.09966
4.09962
4.09958
4.09954
4.0995
4.09947
4.09943
4.09939
4.09935
4.09932
4.09928
4.09924
4.0992
4.09916
4.09913
4.09909
4.09905
4.09901
4.09897
4.09894
4.0989
4.09886
4.09882
4.09878
4.09875
4.09871
4.09867
4.09863
4.0986
4.09856
4.09852
4.09848
4.09845
4.09841
4.09837
4.09833
4.0983
4.09826
4.09822
4.09819
4.09815
4.09812
4.09808
4.09804
4.09801
4.09797
4.09794
4.0979
4.09787
4.09783
4.0978
4.09776
4.09773
4.09769
4.09766
4.09763
4.09759
4.09756
4.09753
4.0975
4.09746
4.09743
4.0974
4.09737
4.09734
4.0973
4.09727
4.09724
4.09721
4.09718
4.09715
4.09712
4.09709
4.09706
4.09703
4.097
4.09698
4.09695
4.09692
4.09689
4.09686
4.09683
4.09681
4.09678
4.09675
4.09672
4.0967
4.09667
4.09664
4.09661
4.09659
4.09656
4.09653
4.09651
4.09648
4.09645
4.09643
4.0964
4.09637
4.09635
4.09632
4.09629
4.09627
4.09624
4.09621
4.09619
4.09616
4.09613
4.0961
4.09608
4.09605
4.09602
4.096
4.09597
4.09594
4.09591
4.09589
4.09586
4.09583
4.0958
4.09578
4.09575
4.09572
4.09569
4.09566
4.09564
4.09561
4.09558
4.09555
4.09552
4.09549
4.09546
4.09543
4.0954
4.09537
4.09535
4.09532
4.09529
4.09526
4.09523
4.0952
4.09517
4.09514
4.09511
4.09508
4.09505
4.09502
4.095
4.09497
4.09494
4.09491
4.09488
4.09485
4.09482
4.0948
4.09477
4.09474
4.09471
4.09469
4.09466
4.09463
4.09461
4.09458
4.09455
4.09453
4.0945
4.09447
4.09445
4.09442
4.0944
4.09437
4.09435
4.09432
4.0943
4.09427
4.09425
4.09423
4.0942
4.09418
4.09415
4.09413
4.09411
4.09408
4.09406
4.09404
4.09401
4.09399
4.09397
4.09395
4.09392
4.0939
4.09388
4.09386
4.09383
4.09381
4.09379
4.09377
4.09375
4.09372
4.0937
4.09368
4.09366
4.09364
4.09362
4.09359
4.09357
4.09355
4.09353
4.09351
4.09349
4.09347
4.09344
4.09342
4.0934
4.09338
4.09336
4.09334
4.09332
4.09329
4.09327
4.09325
4.09323
4.09321
4.09319
4.09317
4.09315
4.09313
4.09311
4.09309
4.09307
4.09305
4.09302
4.093
4.09298
4.09296
4.09295
4.09293
4.09291
4.09289
4.09287
4.09285
4.09283
4.09281
4.09279
4.09277
4.09276
4.09274
4.09272
4.0927
4.09268
4.09267
4.09265
4.09263
4.09261
4.0926
4.09258
4.09256
4.09254
4.09253
4.09251
4.09249
4.09247
4.09246
4.09244
4.09242
4.0924
4.09239
4.09237
4.09235
4.09233
4.09231
4.09229
4.09227
4.09225
4.09223
4.09221
4.09219
4.09217
4.09215
4.09213
4.09211
4.09209
4.09206
4.09204
4.09202
4.092
4.09197
4.09195
4.09192
4.0919
4.09187
4.09185
4.09182
4.0918
4.09177
4.09174
4.09172
4.09169
4.09166
4.09164
4.09161
4.09158
4.09155
4.09152
4.09149
4.09147
4.09144
4.09141
4.09138
4.09135
4.09132
4.09129
4.09126
4.09123
4.0912
4.09117
4.09113
4.0911
4.09107
4.09104
4.09101
4.09098
4.09095
4.09092
4.09088
4.09085
4.09082
4.09079
4.09075
4.09072
4.09069
4.09066
4.09062
4.09059
4.09056
4.09052
4.09049
4.09046
4.09042
4.09039
4.09036
4.09032
4.09029
4.09026
4.09022
4.09019
4.09015
4.09012
4.09008
4.09005
4.09001
4.08998
4.08994
4.08991
4.08987
4.08984
4.0898
4.08976
4.08973
4.08969
4.08966
4.08962
4.08958
4.08955
4.08951
4.08947
4.08944
4.0894
4.08936
4.08933
4.08929
4.08925
4.08921
4.08918
4.08914
4.0891
4.08906
4.08902
4.08898
4.08895
4.08891
4.08887
4.08883
4.08879
4.08875
4.08871
4.08868
4.08864
4.0886
4.08856
4.08852
4.08848
4.08844
4.0884
4.08836
4.08833
4.08829
4.08825
4.08821
4.08817
4.08813
4.0881
4.08806
4.08802
4.08798
4.08794
4.08791
4.08787
4.08783
4.0878
4.08776
4.08772
4.08769
4.08765
4.08762
4.08758
4.08755
4.08751
4.08748
4.08744
4.08741
4.08737
4.08734
4.0873
4.08727
4.08724
4.08721
4.08717
4.08714
4.08711
4.08708
4.08704
4.08701
4.08698
4.08695
4.08692
4.08689
4.08686
4.08683
4.0868
4.08677
4.08674
4.08671
4.08669
4.08666
4.08663
4.0866
4.08657
4.08655
4.08652
4.08649
4.08647
4.08644
4.08641
4.08639
4.08636
4.08634
4.08631
4.08629
4.08626
4.08624
4.08622
4.08619
4.08617
4.08615
4.08612
4.0861
4.08608
4.08605
4.08603
4.08601
4.08599
4.08596
4.08594
4.08592
4.0859
4.08588
4.08585
4.08583
4.08581
4.08579
4.08577
4.08575
4.08573
4.0857
4.08568
4.08566
4.08564
4.08562
4.0856
4.08558
4.08556
4.08554
4.08552
4.0855
4.08547
4.08545
4.08543
4.08541
4.08539
4.08537
4.08535
4.08533
4.08531
4.08529
4.08527
4.08524
4.08522
4.0852
4.08518
4.08516
4.08514
4.08512
4.08509
4.08507
4.08505
4.08503
4.08501
4.08499
4.08496
4.08494
4.08492
4.0849
4.08488
4.08485
4.08483
4.08481
4.08479
4.08477
4.08474
4.08472
4.0847
4.08468
4.08466
4.08463
4.08461
4.08459
4.08457
4.08455
4.08453
4.0845
4.08448
4.08446
4.08444
4.08442
4.0844
4.08438
4.08436
4.08434
4.08432
4.0843
4.08428
4.08426
4.08424
4.08422
4.0842
4.08418
4.08417
4.08415
4.08413
4.08411
4.08409
4.08408
4.08406
4.08404
4.08402
4.08401
4.08399
4.08397
4.08395
4.08394
4.08392
4.0839
4.08388
4.08387
4.08385
4.08383
4.08382
4.0838
4.08378
4.08376
4.08375
4.08373
4.08371
4.08369
4.08367
4.08366
4.08364
4.08362
4.0836
4.08358
4.08356
4.08354
4.08352
4.0835
4.08348
4.08346
4.08344
4.08342
4.0834
4.08338
4.08336
4.08334
4.08332
4.0833
4.08328
4.08326
4.08324
4.08322
4.08319
4.08317
4.08315
4.08313
4.08311
4.08309
4.08307
4.08305
4.08303
4.083
4.08298
4.08296
4.08294
4.08292
4.0829
4.08288
4.08286
4.08284
4.08282
4.0828
4.08278
4.08276
4.08274
4.08273
4.08271
4.08269
4.08267
4.08265
4.08263
4.08261
4.0826
4.08258
4.08256
4.08254
4.08253
4.08251
4.08249
4.08247
4.08246
4.08244
4.08242
4.08241
4.08239
4.08237
4.08235
4.08234
4.08232
4.0823
4.08229
4.08227
4.08225
4.08224
4.08222
4.0822
4.08219
4.08217
4.08215
4.08213
4.08212
4.0821
4.08208
4.08207
4.08205
4.08203
4.08202
4.082
4.08198
4.08196
4.08195
4.08193
4.08191
4.08189
4.08188
4.08186
4.08184
4.08183
4.08181
4.08179
4.08177
4.08175
4.08174
4.08172
4.0817
4.08168
4.08166
4.08165
4.08163
4.08161
4.08159
4.08157
4.08155
4.08154
4.08152
4.0815
4.08148
4.08146
4.08144
4.08142
4.0814
4.08138
4.08136
4.08134
4.08132
4.0813
4.08128
4.08126
4.08124
4.08121
4.08119
4.08117
4.08115
4.08113
4.0811
4.08108
4.08106
4.08103
4.08101
4.08099
4.08096
4.08094
4.08091
4.08089
4.08087
4.08084
4.08081
4.08079
4.08076
4.08074
4.08071
4.08069
4.08066
4.08063
4.08061
4.08058
4.08055
4.08053
4.0805
4.08047
4.08045
4.08042
4.08039
4.08036
4.08034
4.08031
4.08028
4.08026
4.08023
4.0802
4.08017
4.08015
4.08012
4.08009
4.08007
4.08004
4.08001
4.07999
4.07996
4.07993
4.07991
4.07988
4.07986
4.07983
4.07981
4.07978
4.07976
4.07973
4.07971
4.07968
4.07966
4.07963
4.07961
4.07958
4.07956
4.07954
4.07951
4.07949
4.07946
4.07944
4.07942
4.0794
4.07937
4.07935
4.07933
4.07931
4.07928
4.07926
4.07924
4.07922
4.07919
4.07917
4.07915
4.07913
4.07911
4.07908
4.07906
4.07904
4.07902
4.079
4.07897
4.07895
4.07893
4.07891
4.07888
4.07886
4.07884
4.07882
4.07879
4.07877
4.07875
4.07872
4.0787
4.07868
4.07865
4.07863
4.0786
4.07858
4.07855
4.07853
4.0785
4.07848
4.07845
4.07843
4.0784
4.07837
4.07835
4.07832
4.07829
4.07827
4.07824
4.07821
4.07818
4.07815
4.07813
4.0781
4.07807
4.07804
4.07801
4.07798
4.07795
4.07792
4.07789
4.07785
4.07782
4.07779
4.07776
4.07773
4.07769
4.07766
4.07762
4.07759
4.07756
4.07752
4.07749
4.07745
4.07741
4.07738
4.07734
4.0773
4.07726
4.07722
4.07719
4.07715
4.07711
4.07707
4.07703
4.07698
4.07694
4.0769
4.07686
4.07682
4.07677
4.07673
4.07669
4.07664
4.0766
4.07656
4.07651
4.07647
4.07642
4.07638
4.07633
4.07629
4.07625
4.0762
4.07616
4.07611
4.07607
4.07602
4.07598
4.07593
4.07589
4.07584
4.0758
4.07576
4.07571
4.07567
4.07563
4.07558
4.07554
4.0755
4.07546
4.07541
4.07537
4.07533
4.07529
4.07525
4.07521
4.07516
4.07512
4.07508
4.07504
4.075
4.07496
4.07492
4.07488
4.07484
4.0748
4.07476
4.07472
4.07469
4.07465
4.07461
4.07457
4.07453
4.07449
4.07446
4.07442
4.07438
4.07434
4.07431
4.07427
4.07423
4.07419
4.07416
4.07412
4.07409
4.07405
4.07402
4.07398
4.07394
4.07391
4.07388
4.07384
4.07381
4.07377
4.07374
4.07371
4.07367
4.07364
4.07361
4.07358
4.07355
4.07352
4.07349
4.07346
4.07343
4.0734
4.07337
4.07334
4.07332
4.07329
4.07326
4.07324
4.07321
4.07319
4.07316
4.07314
4.07312
4.0731
4.07307
4.07305
4.07303
4.07301
4.07299
4.07297
4.07296
4.07294
4.07292
4.07291
4.07289
4.07287
4.07286
4.07284
4.07283
4.07282
4.0728
4.07279
4.07278
4.07277
4.07276
4.07275
4.07273
4.07272
4.07271
4.0727
4.07269
4.07268
4.07268
4.07267
4.07266
4.07265
4.07264
4.07263
4.07262
4.07261
4.0726
4.07259
4.07258
4.07257
4.07256
4.07255
4.07254
4.07253
4.07252
4.07251
4.0725
4.07249
4.07248
4.07246
4.07245
4.07244
4.07242
4.07241
4.07239
4.07238
4.07236
4.07235
4.07233
4.07231
4.0723
4.07228
4.07226
4.07224
4.07222
4.0722
4.07218
4.07216
4.07213
4.07211
4.07209
4.07206
4.07204
4.07202
4.07199
4.07196
4.07194
4.07191
4.07189
4.07186
4.07183
4.0718
4.07177
4.07175
4.07172
4.07169
4.07166
4.07163
4.0716
4.07157
4.07154
4.0715
4.07147
4.07144
4.07141
4.07138
4.07135
4.07132
4.07128
4.07125
4.07122
4.07119
4.07115
4.07112
4.07109
4.07105
4.07102
4.07099
4.07095
4.07092
4.07089
4.07085
4.07082
4.07079
4.07075
4.07072
4.07068
4.07065
4.07062
4.07058
4.07055
4.07051
4.07048
4.07044
4.07041
4.07038
4.07034
4.07031
4.07027
4.07024
4.0702
4.07017
4.07013
4.0701
4.07006
4.07002
4.06999
4.06995
4.06992
4.06988
4.06984
4.06981
4.06977
4.06974
4.0697
4.06966
4.06962
4.06959
4.06955
4.06951
4.06948
4.06944
4.0694
4.06937
4.06933
4.06929
4.06925
4.06922
4.06918
4.06914
4.0691
4.06907
4.06903
4.06899
4.06896
4.06892
4.06888
4.06885
4.06881
4.06877
4.06874
4.0687
4.06867
4.06863
4.06859
4.06856
4.06852
4.06849
4.06845
4.06842
4.06839
4.06835
4.06832
4.06829
4.06825
4.06822
4.06819
4.06816
4.06812
4.06809
4.06806
4.06803
4.068
4.06797
4.06794
4.06791
4.06788
4.06785
4.06782
4.06779
4.06776
4.06773
4.0677
4.06768
4.06765
4.06762
4.06759
4.06757
4.06754
4.06751
4.06748
4.06746
4.06743
4.0674
4.06738
4.06735
4.06733
4.0673
4.06727
4.06725
4.06722
4.0672
4.06717
4.06715
4.06712
4.0671
4.06707
4.06705
4.06702
4.067
4.06697
4.06695
4.06692
4.0669
4.06688
4.06685
4.06683
4.0668
4.06678
4.06676
4.06673
4.06671
4.06669
4.06666
4.06664
4.06662
4.06659
4.06657
4.06655
4.06652
4.0665
4.06648
4.06645
4.06643
4.06641
4.06638
4.06636
4.06634
4.06631
4.06629
4.06627
4.06624
4.06622
4.0662
4.06617
4.06615
4.06613
4.0661
4.06608
4.06605
4.06603
4.066
4.06598
4.06595
4.06593
4.0659
4.06587
4.06585
4.06582
4.0658
4.06577
4.06574
4.06571
4.06569
4.06566
4.06563
4.0656
4.06557
4.06554
4.06551
4.06548
4.06545
4.06542
4.06539
4.06536
4.06533
4.0653
4.06527
4.06523
4.0652
4.06517
4.06514
4.0651
4.06507
4.06503
4.065
4.06496
4.06493
4.06489
4.06485
4.06482
4.06478
4.06474
4.06471
4.06467
4.06463
4.06459
4.06455
4.06451
4.06447
4.06443
4.06439
4.06436
4.06431
4.06427
4.06423
4.06419
4.06415
4.06411
4.06407
4.06403
4.06399
4.06395
4.06391
4.06386
4.06382
4.06378
4.06374
4.0637
4.06366
4.06362
4.06358
4.06353
4.06349
4.06345
4.06341
4.06337
4.06333
4.06329
4.06325
4.06321
4.06317
4.06313
4.06309
4.06305
4.06301
4.06297
4.06293
4.06289
4.06285
4.06281
4.06277
4.06273
4.0627
4.06266
4.06262
4.06258
4.06254
4.0625
4.06247
4.06243
4.06239
4.06235
4.06232
4.06228
4.06224
4.0622
4.06217
4.06213
4.06209
4.06205
4.06202
4.06198
4.06194
4.06191
4.06187
4.06183
4.0618
4.06176
4.06172
4.06169
4.06165
4.06161
4.06157
4.06154
4.0615
4.06146
4.06143
4.06139
4.06136
4.06132
4.06128
4.06125
4.06121
4.06117
4.06114
4.0611
4.06107
4.06103
4.06099
4.06096
4.06092
4.06089
4.06085
4.06082
4.06078
4.06075
4.06072
4.06068
4.06065
4.06061
4.06058
4.06055
4.06051
4.06048
4.06045
4.06041
4.06038
4.06035
4.06032
4.06028
4.06025
4.06022
4.06019
4.06016
4.06013
4.0601
4.06006
4.06003
4.06
4.05997
4.05994
4.05991
4.05988
4.05985
4.05982
4.05979
4.05976
4.05973
4.0597
4.05967
4.05964
4.05961
4.05958
4.05955
4.05953
4.0595
4.05947
4.05944
4.05941
4.05938
4.05935
4.05932
4.05929
4.05926
4.05923
4.05921
4.05918
4.05915
4.05912
4.05909
4.05906
4.05903
4.05901
4.05898
4.05895
4.05892
4.05889
4.05886
4.05884
4.05881
4.05878
4.05875
4.05872
4.0587
4.05867
4.05864
4.05861
4.05858
4.05855
4.05852
4.0585
4.05847
4.05844
4.05841
4.05838
4.05835
4.05832
4.05829
4.05826
4.05823
4.0582
4.05817
4.05814
4.05811
4.05808
4.05805
4.05802
4.05798
4.05795
4.05792
4.05789
4.05786
4.05782
4.05779
4.05776
4.05773
4.05769
4.05766
4.05763
4.05759
4.05756
4.05753
4.05749
4.05746
4.05742
4.05739
4.05735
4.05732
4.05729
4.05725
4.05722
4.05718
4.05715
4.05711
4.05707
4.05704
4.057
4.05697
4.05693
4.0569
4.05686
4.05683
4.05679
4.05676
4.05672
4.05669
4.05665
4.05662
4.05659
4.05655
4.05652
4.05648
4.05645
4.05642
4.05638
4.05635
4.05632
4.05629
4.05625
4.05622
4.05619
4.05616
4.05612
4.05609
4.05606
4.05603
4.056
4.05597
4.05594
4.0559
4.05587
4.05584
4.05581
4.05578
4.05575
4.05572
4.05569
4.05566
4.05563
4.0556
4.05556
4.05553
4.0555
4.05547
4.05544
4.05541
4.05538
4.05535
4.05532
4.05529
4.05526
4.05523
4.0552
4.05517
4.05515
4.05512
4.05509
4.05506
4.05503
4.055
4.05497
4.05495
4.05492
4.05489
4.05486
4.05484
4.05481
4.05478
4.05476
4.05473
4.0547
4.05468
4.05465
4.05463
4.0546
4.05458
4.05456
4.05453
4.05451
4.05449
4.05446
4.05444
4.05442
4.0544
4.05438
4.05435
4.05433
4.05431
4.05429
4.05427
4.05425
4.05423
4.05422
4.0542
4.05418
4.05416
4.05414
4.05412
4.05411
4.05409
4.05407
4.05406
4.05404
4.05402
4.05401
4.05399
4.05398
4.05396
4.05394
4.05393
4.05391
4.0539
4.05388
4.05387
4.05385
4.05384
4.05383
4.05381
4.0538
4.05378
4.05377
4.05375
4.05374
4.05373
4.05371
4.0537
4.05369
4.05367
4.05366
4.05365
4.05363
4.05362
4.05361
4.05359
4.05358
4.05357
4.05355
4.05354
4.05353
4.05351
4.0535
4.05349
4.05347
4.05346
4.05345
4.05343
4.05342
4.05341
4.05339
4.05338
4.05337
4.05335
4.05334
4.05333
4.05331
4.0533
4.05329
4.05327
4.05326
4.05324
4.05323
4.05321
4.0532
4.05319
4.05317
4.05316
4.05314
4.05312
4.05311
4.05309
4.05308
4.05306
4.05305
4.05303
4.05301
4.053
4.05298
4.05296
4.05294
4.05293
4.05291
4.05289
4.05287
4.05286
4.05284
4.05282
4.0528
4.05278
4.05276
4.05274
4.05272
4.05271
4.05269
4.05267
4.05265
4.05263
4.05261
4.05259
4.05257
4.05255
4.05253
4.05251
4.05249
4.05247
4.05245
4.05243
4.05241
4.05239
4.05237
4.05235
4.05233
4.05231
4.05228
4.05226
4.05224
4.05222
4.0522
4.05218
4.05216
4.05214
4.05212
4.0521
4.05208
4.05206
4.05204
4.05202
4.052
4.05198
4.05196
4.05194
4.05192
4.0519
4.05188
4.05186
4.05184
4.05182
4.0518
4.05178
4.05176
4.05173
4.05171
4.05169
4.05167
4.05165
4.05163
4.05161
4.05159
4.05157
4.05155
4.05153
4.05151
4.05149
4.05147
4.05145
4.05142
4.0514
4.05138
4.05136
4.05134
4.05132
4.0513
4.05128
4.05126
4.05124
4.05122
4.0512
4.05118
4.05116
4.05114
4.05112
4.0511
4.05108
4.05106
4.05104
4.05102
4.051
4.05098
4.05096
4.05094
4.05092
4.0509
4.05088
4.05086
4.05084
4.05082
4.0508
4.05078
4.05076
4.05074
4.05072
4.0507
4.05068
4.05066
4.05064
4.05062
4.0506
4.05058
4.05056
4.05053
4.05051
4.05049
4.05047
4.05045
4.05042
4.0504
4.05038
4.05036
4.05033
4.05031
4.05029
4.05026
4.05024
4.05021
4.05019
4.05016
4.05014
4.05011
4.05009
4.05006
4.05004
4.05001
4.04999
4.04996
4.04994
4.04991
4.04988
4.04986
4.04983
4.0498
4.04978
4.04975
4.04973
4.0497
4.04967
4.04965
4.04962
4.04959
4.04957
4.04954
4.04952
4.04949
4.04947
4.04944
4.04941
4.04939
4.04936
4.04934
4.04932
4.04929
4.04927
4.04924
4.04922
4.0492
4.04917
4.04915
4.04913
4.0491
4.04908
4.04906
4.04904
4.04902
4.04899
4.04897
4.04895
4.04893
4.04891
4.04889
4.04887
4.04885
4.04883
4.04881
4.04879
4.04877
4.04875
4.04873
4.04871
4.0487
4.04868
4.04866
4.04864
4.04862
4.0486
4.04858
4.04856
4.04855
4.04853
4.04851
4.04849
4.04847
4.04845
4.04843
4.04841
4.0484
4.04838
4.04836
4.04834
4.04832
4.0483
4.04828
4.04826
4.04824
4.04822
4.0482
4.04817
4.04815
4.04813
4.04811
4.04809
4.04807
4.04804
4.04802
4.048
4.04798
4.04795
4.04793
4.0479
4.04788
4.04786
4.04783
4.04781
4.04778
4.04776
4.04773
4.04771
4.04768
4.04766
4.04763
4.04761
4.04758
4.04756
4.04753
4.0475
4.04748
4.04745
4.04742
4.0474
4.04737
4.04734
4.04732
4.04729
4.04726
4.04723
4.04721
4.04718
4.04715
4.04712
4.04709
4.04707
4.04704
4.04701
4.04698
4.04695
4.04692
4.0469
4.04687
4.04684
4.04681
4.04678
4.04675
4.04672
4.04669
4.04666
4.04663
4.0466
4.04657
4.04654
4.04651
4.04648
4.04645
4.04642
4.04639
4.04636
4.04633
4.0463
4.04627
4.04624
4.04621
4.04617
4.04614
4.04611
4.04608
4.04605
4.04602
4.04599
4.04596
4.04593
4.04589
4.04586
4.04583
4.0458
4.04577
4.04574
4.0457
4.04567
4.04564
4.04561
4.04558
4.04554
4.04551
4.04548
4.04545
4.04541
4.04538
4.04535
4.04531
4.04528
4.04525
4.04521
4.04518
4.04515
4.04511
4.04508
4.04504
4.04501
4.04497
4.04494
4.0449
4.04487
4.04483
4.04479
4.04476
4.04472
4.04469
4.04465
4.04461
4.04458
4.04454
4.0445
4.04446
4.04443
4.04439
4.04435
4.04431
4.04427
4.04423
4.0442
4.04416
4.04412
4.04408
4.04404
4.044
4.04396
4.04392
4.04388
4.04384
4.0438
4.04376
4.04372
4.04368
4.04364
4.0436
4.04356
4.04352
4.04348
4.04344
4.0434
4.04336
4.04332
4.04328
4.04324
4.0432
4.04316
4.04312
4.04308
4.04304
4.043
4.04296
4.04292
4.04288
4.04284
4.0428
4.04276
4.04272
4.04268
4.04265
4.04261
4.04257
4.04253
4.04249
4.04245
4.04241
4.04237
4.04233
4.04229
4.04225
4.04222
4.04218
4.04214
4.0421
4.04206
4.04202
4.04199
4.04195
4.04191
4.04187
4.04184
4.0418
4.04176
4.04173
4.04169
4.04165
4.04162
4.04158
4.04155
4.04151
4.04148
4.04144
4.04141
4.04137
4.04134
4.0413
4.04127
4.04123
4.0412
4.04117
4.04113
4.0411
4.04107
4.04104
4.041
4.04097
4.04094
4.04091
4.04088
4.04084
4.04081
4.04078
4.04075
4.04072
4.04069
4.04066
4.04063
4.0406
4.04057
4.04054
4.04051
4.04048
4.04045
4.04042
4.04039
4.04036
4.04033
4.0403
4.04027
4.04024
4.04022
4.04019
4.04016
4.04013
4.0401
4.04008
4.04005
4.04002
4.03999
4.03997
4.03994
4.03991
4.03989
4.03986
4.03983
4.03981
4.03978
4.03976
4.03973
4.0397
4.03968
4.03965
4.03963
4.0396
4.03957
4.03955
4.03952
4.0395
4.03947
4.03944
4.03942
4.03939
4.03936
4.03934
4.03931
4.03928
4.03926
4.03923
4.0392
4.03918
4.03915
4.03912
4.03909
4.03907
4.03904
4.03901
4.03898
4.03895
4.03893
4.0389
4.03887
4.03884
4.03881
4.03878
4.03875
4.03872
4.0387
4.03867
4.03864
4.03861
4.03858
4.03855
4.03852
4.03849
4.03846
4.03843
4.0384
4.03837
4.03834
4.03832
4.03829
4.03826
4.03823
4.0382
4.03817
4.03814
4.03812
4.03809
4.03806
4.03803
4.038
4.03798
4.03795
4.03792
4.0379
4.03787
4.03784
4.03782
4.03779
4.03777
4.03774
4.03772
4.03769
4.03767
4.03764
4.03762
4.03759
4.03757
4.03755
4.03752
4.0375
4.03748
4.03746
4.03743
4.03741
4.03739
4.03737
4.03735
4.03733
4.03731
4.03729
4.03726
4.03724
4.03722
4.0372
4.03718
4.03717
4.03715
4.03713
4.03711
4.03709
4.03707
4.03705
4.03703
4.03702
4.037
4.03698
4.03696
4.03694
4.03693
4.03691
4.03689
4.03687
4.03686
4.03684
4.03682
4.03681
4.03679
4.03677
4.03676
4.03674
4.03672
4.03671
4.03669
4.03668
4.03666
4.03664
4.03663
4.03661
4.0366
4.03658
4.03657
4.03655
4.03653
4.03652
4.0365
4.03649
4.03647
4.03646
4.03644
4.03643
4.03641
4.0364
4.03638
4.03637
4.03635
4.03634
4.03632
4.03631
4.03629
4.03628
4.03626
4.03625
4.03623
4.03622
4.03621
4.03619
4.03618
4.03616
4.03615
4.03613
4.03612
4.03611
4.03609
4.03608
4.03606
4.03605
4.03604
4.03602
4.03601
4.036
4.03598
4.03597
4.03596
4.03594
4.03593
4.03592
4.03591
4.03589
4.03588
4.03587
4.03586
4.03584
4.03583
4.03582
4.03581
4.0358
4.03579
4.03577
4.03576
4.03575
4.03574
4.03573
4.03572
4.03571
4.0357
4.03569
4.03568
4.03567
4.03566
4.03565
4.03564
4.03563
4.03562
4.03561
4.0356
4.03559
4.03558
4.03557
4.03556
4.03555
4.03555
4.03554
4.03553
4.03552
4.03551
4.0355
4.03549
4.03548
4.03547
4.03546
4.03545
4.03544
4.03543
4.03542
4.03541
4.0354
4.03539
4.03538
4.03537
4.03536
4.03535
4.03533
4.03532
4.03531
4.0353
4.03529
4.03527
4.03526
4.03525
4.03523
4.03522
4.03521
4.03519
4.03518
4.03517
4.03515
4.03514
4.03512
4.03511
4.03509
4.03508
4.03506
4.03505
4.03503
4.03502
4.035
4.03499
4.03497
4.03496
4.03494
4.03493
4.03491
4.03489
4.03488
4.03486
4.03485
4.03483
4.03481
4.0348
4.03478
4.03476
4.03474
4.03473
4.03471
4.03469
4.03467
4.03465
4.03463
4.03461
4.03459
4.03457
4.03455
4.03453
4.03451
4.03449
4.03447
4.03445
4.03442
4.0344
4.03438
4.03436
4.03433
4.03431
4.03428
4.03426
4.03423
4.0342
4.03418
4.03415
4.03412
4.0341
4.03407
4.03404
4.03401
4.03399
4.03396
4.03393
4.0339
4.03387
4.03384
4.03381
4.03378
4.03375
4.03372
4.03369
4.03366
4.03363
4.0336
4.03357
4.03354
4.03351
4.03348
4.03345
4.03342
4.03339
4.03336
4.03333
4.0333
4.03328
4.03325
4.03322
4.03319
4.03316
4.03313
4.03311
4.03308
4.03305
4.03303
4.033
4.03297
4.03295
4.03292
4.0329
4.03287
4.03285
4.03282
4.0328
4.03277
4.03275
4.03273
4.0327
4.03268
4.03266
4.03263
4.03261
4.03259
4.03256
4.03254
4.03252
4.0325
4.03248
4.03245
4.03243
4.03241
4.03239
4.03237
4.03234
4.03232
4.0323
4.03228
4.03226
4.03224
4.03222
4.03219
4.03217
4.03215
4.03213
4.03211
4.03209
4.03207
4.03205
4.03202
4.032
4.03198
4.03196
4.03194
4.03192
4.0319
4.03187
4.03185
4.03183
4.03181
4.03179
4.03177
4.03174
4.03172
4.0317
4.03168
4.03166
4.03163
4.03161
4.03159
4.03157
4.03155
4.03152
4.0315
4.03148
4.03146
4.03144
4.03142
4.03139
4.03137
4.03135
4.03133
4.03131
4.03128
4.03126
4.03124
4.03122
4.0312
4.03118
4.03116
4.03114
4.03111
4.03109
4.03107
4.03105
4.03103
4.03101
4.03099
4.03097
4.03095
4.03093
4.03092
4.0309
4.03088
4.03086
4.03084
4.03082
4.03081
4.03079
4.03077
4.03075
4.03074
4.03072
4.0307
4.03069
4.03067
4.03066
4.03064
4.03062
4.03061
4.03059
4.03058
4.03056
4.03055
4.03054
4.03052
4.03051
4.03049
4.03048
4.03047
4.03045
4.03044
4.03042
4.03041
4.0304
4.03038
4.03037
4.03036
4.03034
4.03033
4.03031
4.0303
4.03029
4.03027
4.03026
4.03025
4.03023
4.03022
4.0302
4.03019
4.03017
4.03016
4.03014
4.03013
4.03011
4.0301
4.03008
4.03006
4.03005
4.03003
4.03001
4.03
4.02998
4.02996
4.02994
4.02993
4.02991
4.02989
4.02987
4.02985
4.02983
4.02981
4.02979
4.02978
4.02976
4.02974
4.02972
4.0297
4.02968
4.02966
4.02964
4.02962
4.0296
4.02958
4.02955
4.02953
4.02951
4.02949
4.02947
4.02945
4.02943
4.02941
4.02939
4.02937
4.02934
4.02932
4.0293
4.02928
4.02926
4.02924
4.02921
4.02919
4.02917
4.02915
4.02912
4.0291
4.02908
4.02906
4.02903
4.02901
4.02899
4.02896
4.02894
4.02892
4.02889
4.02887
4.02884
4.02882
4.02879
4.02877
4.02874
4.02872
4.02869
4.02866
4.02864
4.02861
4.02858
4.02856
4.02853
4.0285
4.02847
4.02844
4.02841
4.02838
4.02835
4.02832
4.02829
4.02826
4.02823
4.0282
4.02817
4.02813
4.0281
4.02807
4.02803
4.028
4.02797
4.02793
4.0279
4.02786
4.02782
4.02779
4.02775
4.02771
4.02768
4.02764
4.0276
4.02756
4.02753
4.02749
4.02745
4.02741
4.02737
4.02733
4.02729
4.02725
4.02721
4.02717
4.02713
4.02709
4.02705
4.02701
4.02697
4.02692
4.02688
4.02684
4.0268
4.02676
4.02672
4.02668
4.02663
4.02659
4.02655
4.02651
4.02647
4.02643
4.02639
4.02635
4.0263
4.02626
4.02622
4.02618
4.02614
4.0261
4.02606
4.02602
4.02598
4.02594
4.0259
4.02585
4.02581
4.02577
4.02573
4.02569
4.02565
4.02561
4.02557
4.02553
4.0255
4.02546
4.02542
4.02538
4.02534
4.0253
4.02526
4.02522
4.02518
4.02514
4.02511
4.02507
4.02503
4.02499
4.02495
4.02491
4.02487
4.02484
4.0248
4.02476
4.02472
4.02468
4.02465
4.02461
4.02457
4.02453
4.02449
4.02446
4.02442
4.02438
4.02434
4.0243
4.02426
4.02423
4.02419
4.02415
4.02411
4.02407
4.02403
4.02399
4.02396
4.02392
4.02388
4.02384
4.0238
4.02376
4.02372
4.02368
4.02364
4.0236
4.02357
4.02353
4.02349
4.02345
4.02341
4.02337
4.02333
4.02329
4.02325
4.02321
4.02317
4.02314
4.0231
4.02306
4.02302
4.02298
4.02294
4.02291
4.02287
4.02283
4.02279
4.02275
4.02272
4.02268
4.02264
4.02261
4.02257
4.02253
4.0225
4.02246
4.02242
4.02239
4.02235
4.02232
4.02228
4.02225
4.02221
4.02218
4.02214
4.02211
4.02208
4.02204
4.02201
4.02197
4.02194
4.02191
4.02188
4.02184
4.02181
4.02178
4.02175
4.02172
4.02169
4.02165
4.02162
4.02159
4.02156
4.02153
4.0215
4.02147
4.02144
4.02142
4.02139
4.02136
4.02133
4.0213
4.02128
4.02125
4.02122
4.02119
4.02117
4.02114
4.02111
4.02109
4.02106
4.02104
4.02101
4.02099
4.02096
4.02094
4.02091
4.02089
4.02087
4.02084
4.02082
4.02079
4.02077
4.02075
4.02072
4.0207
4.02068
4.02065
4.02063
4.02061
4.02058
4.02056
4.02054
4.02051
4.02049
4.02047
4.02044
4.02042
4.0204
4.02037
4.02035
4.02032
4.0203
4.02027
4.02025
4.02022
4.0202
4.02017
4.02014
4.02012
4.02009
4.02006
4.02003
4.02
4.01997
4.01994
4.01991
4.01988
4.01985
4.01982
4.01979
4.01976
4.01972
4.01969
4.01966
4.01962
4.01959
4.01955
4.01951
4.01948
4.01944
4.0194
4.01937
4.01933
4.01929
4.01925
4.01921
4.01917
4.01913
4.01909
4.01905
4.019
4.01896
4.01892
4.01888
4.01884
4.01879
4.01875
4.01871
4.01866
4.01862
4.01858
4.01853
4.01849
4.01844
4.0184
4.01836
4.01831
4.01827
4.01823
4.01818
4.01814
4.0181
4.01806
4.01801
4.01797
4.01793
4.01789
4.01784
4.0178
4.01776
4.01772
4.01768
4.01764
4.0176
4.01756
4.01752
4.01749
4.01745
4.01741
4.01737
4.01734
4.0173
4.01726
4.01723
4.01719
4.01716
4.01712
4.01708
4.01705
4.01702
4.01698
4.01695
4.01691
4.01688
4.01685
4.01682
4.01678
4.01675
4.01672
4.01669
4.01665
4.01662
4.01659
4.01656
4.01653
4.0165
4.01647
4.01644
4.01641
4.01637
4.01634
4.01631
4.01628
4.01625
4.01622
4.01619
4.01617
4.01614
4.01611
4.01608
4.01605
4.01602
4.01599
4.01596
4.01593
4.01591
4.01588
4.01585
4.01582
4.01579
4.01577
4.01574
4.01571
4.01568
4.01566
4.01563
4.0156
4.01558
4.01555
4.01552
4.0155
4.01547
4.01544
4.01542
4.01539
4.01537
4.01534
4.01532
4.01529
4.01527
4.01524
4.01522
4.01519
4.01517
4.01515
4.01512
4.0151
4.01508
4.01505
4.01503
4.01501
4.01499
4.01496
4.01494
4.01492
4.0149
4.01488
4.01486
4.01484
4.01481
4.01479
4.01477
4.01475
4.01473
4.01471
4.01469
4.01467
4.01466
4.01464
4.01462
4.0146
4.01458
4.01456
4.01454
4.01452
4.0145
4.01449
4.01447
4.01445
4.01443
4.01441
4.01439
4.01438
4.01436
4.01434
4.01432
4.0143
4.01428
4.01427
4.01425
4.01423
4.01421
4.01419
4.01417
4.01415
4.01414
4.01412
4.0141
4.01408
4.01406
4.01404
4.01402
4.014
4.01398
4.01396
4.01395
4.01393
4.01391
4.01389
4.01387
4.01385
4.01383
4.01381
4.01379
4.01377
4.01375
4.01373
4.01371
4.01369
4.01367
4.01365
4.01363
4.01361
4.01359
4.01357
4.01356
4.01354
4.01352
4.0135
4.01348
4.01346
4.01344
4.01342
4.0134
4.01338
4.01336
4.01334
4.01332
4.0133
4.01328
4.01326
4.01324
4.01322
4.01319
4.01317
4.01315
4.01313
4.01311
4.01309
4.01307
4.01304
4.01302
4.013
4.01298
4.01295
4.01293
4.01291
4.01289
4.01286
4.01284
4.01281
4.01279
4.01277
4.01274
4.01272
4.01269
4.01266
4.01264
4.01261
4.01259
4.01256
4.01253
4.01251
4.01248
4.01245
4.01242
4.0124
4.01237
4.01234
4.01231
4.01228
4.01225
4.01222
4.01219
4.01216
4.01213
4.0121
4.01207
4.01204
4.01201
4.01198
4.01194
4.01191
4.01188
4.01184
4.01181
4.01178
4.01174
4.01171
4.01168
4.01164
4.01161
4.01157
4.01153
4.0115
4.01146
4.01143
4.01139
4.01135
4.01131
4.01128
4.01124
4.0112
4.01116
4.01112
4.01108
4.01104
4.011
4.01096
4.01092
4.01088
4.01084
4.0108
4.01076
4.01072
4.01068
4.01063
4.01059
4.01055
4.01051
4.01046
4.01042
4.01038
4.01033
4.01029
4.01025
4.0102
4.01016
4.01011
4.01007
4.01003
4.00998
4.00994
4.00989
4.00985
4.0098
4.00976
4.00971
4.00967
4.00962
4.00958
4.00953
4.00949
4.00944
4.0094
4.00935
4.00931
4.00926
4.00922
4.00917
4.00913
4.00908
4.00904
4.00899
4.00894
4.0089
4.00885
4.00881
4.00876
4.00872
4.00867
4.00862
4.00858
4.00853
4.00849
4.00844
4.00839
4.00835
4.0083
4.00825
4.00821
4.00816
4.00811
4.00806
4.00802
4.00797
4.00792
4.00787
4.00783
4.00778
4.00773
4.00768
4.00763
4.00759
4.00754
4.00749
4.00744
4.0074
4.00735
4.0073
4.00725
4.00721
4.00716
4.00711
4.00706
4.00702
4.00697
4.00692
4.00688
4.00683
4.00679
4.00674
4.00669
4.00665
4.0066
4.00656
4.00652
4.00647
4.00643
4.00639
4.00634
4.0063
4.00626
4.00622
4.00618
4.00614
4.0061
4.00606
4.00602
4.00598
4.00594
4.00591
4.00587
4.00583
4.0058
4.00576
4.00572
4.00569
4.00566
4.00562
4.00559
4.00556
4.00552
4.00549
4.00546
4.00543
4.0054
4.00537
4.00534
4.00531
4.00528
4.00525
4.00523
4.0052
4.00517
4.00515
4.00512
4.0051
4.00507
4.00505
4.00503
4.005
4.00498
4.00496
4.00494
4.00492
4.00489
4.00487
4.00485
4.00483
4.00482
4.0048
4.00478
4.00476
4.00474
4.00472
4.00471
4.00469
4.00467
4.00465
4.00464
4.00462
4.0046
4.00459
4.00457
4.00455
4.00453
4.00452
4.0045
4.00448
4.00447
4.00445
4.00443
4.00441
4.00439
4.00438
4.00436
4.00434
4.00432
4.0043
4.00428
4.00426
4.00424
4.00422
4.00419
4.00417
4.00415
4.00413
4.0041
4.00408
4.00406
4.00403
4.00401
4.00398
4.00396
4.00393
4.0039
4.00388
4.00385
4.00382
4.00379
4.00377
4.00374
4.00371
4.00368
4.00365
4.00362
4.00359
4.00356
4.00353
4.0035
4.00347
4.00344
4.0034
4.00337
4.00334
4.00331
4.00328
4.00324
4.00321
4.00318
4.00314
4.00311
4.00308
4.00304
4.00301
4.00298
4.00294
4.00291
4.00288
4.00284
4.00281
4.00277
4.00274
4.00271
4.00267
4.00264
4.0026
4.00257
4.00254
4.0025
4.00247
4.00243
4.0024
4.00237
4.00233
4.0023
4.00227
4.00223
4.0022
4.00217
4.00213
4.0021
4.00207
4.00203
4.002
4.00197
4.00193
4.0019
4.00187
4.00184
4.00181
4.00177
4.00174
4.00171
4.00168
4.00165
4.00162
4.00159
4.00156
4.00153
4.0015
4.00147
4.00144
4.00141
4.00138
4.00135
4.00132
4.00129
4.00126
4.00123
4.0012
4.00118
4.00115
4.00112
4.00109
4.00107
4.00104
4.00101
4.00098
4.00096
4.00093
4.0009
4.00087
4.00085
4.00082
4.00079
4.00076
4.00074
4.00071
4.00068
4.00065
4.00062
4.0006
4.00057
4.00054
4.00051
4.00048
4.00046
4.00043
4.0004
4.00037
4.00034
4.00031
4.00028
4.00025
4.00022
4.00019
4.00016
4.00013
4.0001
4.00007
4.00004
4.00001
3.99997
3.99994
3.99991
3.99988
3.99985
3.99982
3.99978
3.99975
3.99972
3.99968
3.99965
3.99962
3.99958
3.99955
3.99952
3.99948
3.99945
3.99941
3.99938
3.99934
3.99931
3.99928
3.99924
3.9992
3.99917
3.99913
3.9991
3.99906
3.99903
3.99899
3.99896
3.99892
3.99888
3.99885
3.99881
3.99878
3.99874
3.99871
3.99867
3.99864
3.9986
3.99857
3.99853
3.9985
3.99846
3.99843
3.99839
3.99836
3.99832
3.99829
3.99826
3.99822
3.99819
3.99816
3.99813
3.9981
3.99806
3.99803
3.998
3.99797
3.99794
3.99791
3.99788
3.99785
3.99783
3.9978
3.99777
3.99774
3.99772
3.99769
3.99766
3.99764
3.99761
3.99759
3.99756
3.99754
3.99751
3.99749
3.99747
3.99745
3.99742
3.9974
3.99738
3.99736
3.99734
3.99732
3.9973
3.99728
3.99726
3.99724
3.99722
3.9972
3.99718
3.99716
3.99714
3.99713
3.99711
3.99709
3.99707
3.99705
3.99704
3.99702
3.997
3.99699
3.99697
3.99695
3.99693
3.99692
3.9969
3.99688
3.99687
3.99685
3.99683
3.99682
3.9968
3.99678
3.99676
3.99675
3.99673
3.99671
3.99669
3.99667
3.99665
3.99663
3.99661
3.9966
3.99658
3.99655
3.99653
3.99651
3.99649
3.99647
3.99645
3.99643
3.9964
3.99638
3.99636
3.99634
3.99631
3.99629
3.99626
3.99624
3.99621
3.99619
3.99616
3.99613
3.99611
3.99608
3.99605
3.99603
3.996
3.99597
3.99594
3.99592
3.99589
3.99586
3.99583
3.9958
3.99577
3.99574
3.99572
3.99569
3.99566
3.99563
3.9956
3.99557
3.99554
3.99551
3.99548
3.99545
3.99542
3.99539
3.99536
3.99533
3.9953
3.99528
3.99525
3.99522
3.99519
3.99516
3.99513
3.9951
3.99507
3.99504
3.99502
3.99499
3.99496
3.99493
3.9949
3.99488
3.99485
3.99482
3.99479
3.99476
3.99474
3.99471
3.99468
3.99465
3.99463
3.9946
3.99457
3.99455
3.99452
3.99449
3.99447
3.99444
3.99441
3.99439
3.99436
3.99433
3.99431
3.99428
3.99426
3.99423
3.99421
3.99418
3.99416
3.99413
3.99411
3.99408
3.99406
3.99403
3.99401
3.99398
3.99396
3.99393
3.99391
3.99389
3.99386
3.99384
3.99381
3.99379
3.99377
3.99374
3.99372
3.9937
3.99367
3.99365
3.99363
3.9936
3.99358
3.99356
3.99354
3.99351
3.99349
3.99347
3.99345
3.99342
3.9934
3.99338
3.99335
3.99333
3.99331
3.99329
3.99326
3.99324
3.99322
3.99319
3.99317
3.99315
3.99313
3.9931
3.99308
3.99306
3.99303
3.99301
3.99299
3.99296
3.99294
3.99292
3.99289
3.99287
3.99285
3.99282
3.9928
3.99277
3.99275
3.99273
3.9927
3.99268
3.99265
3.99263
3.9926
3.99258
3.99255
3.99253
3.9925
3.99248
3.99245
3.99243
3.9924
3.99238
3.99235
3.99232
3.9923
3.99227
3.99224
3.99221
3.99219
3.99216
3.99213
3.9921
3.99207
3.99204
3.99201
3.99198
3.99195
3.99192
3.99189
3.99186
3.99183
3.9918
3.99177
3.99174
3.9917
3.99167
3.99164
3.9916
3.99157
3.99154
3.9915
3.99147
3.99143
3.9914
3.99136
3.99132
3.99129
3.99125
3.99121
3.99118
3.99114
3.9911
3.99106
3.99102
3.99099
3.99095
3.99091
3.99087
3.99083
3.99079
3.99075
3.99071
3.99067
3.99063
3.99059
3.99054
3.9905
3.99046
3.99042
3.99038
3.99034
3.99029
3.99025
3.99021
3.99017
3.99013
3.99008
3.99004
3.99
3.98996
3.98991
3.98987
3.98983
3.98979
3.98974
3.9897
3.98966
3.98962
3.98958
3.98953
3.98949
3.98945
3.98941
3.98937
3.98933
3.98929
3.98924
3.9892
3.98916
3.98912
3.98908
3.98904
3.989
3.98896
3.98892
3.98888
3.98883
3.98879
3.98875
3.98871
3.98867
3.98863
3.98859
3.98855
3.98851
3.98847
3.98843
3.98839
3.98835
3.98831
3.98827
3.98823
3.98818
3.98814
3.9881
3.98806
3.98802
3.98798
3.98794
3.9879
3.98786
3.98781
3.98777
3.98773
3.98769
3.98765
3.98761
3.98756
3.98752
3.98748
3.98744
3.9874
3.98735
3.98731
3.98727
3.98723
3.98719
3.98714
3.9871
3.98706
3.98702
3.98697
3.98693
3.98689
3.98685
3.98681
3.98676
3.98672
3.98668
3.98664
3.9866
3.98656
3.98652
3.98648
3.98644
3.9864
3.98635
3.98631
3.98628
3.98624
3.9862
3.98616
3.98612
3.98608
3.98604
3.986
3.98597
3.98593
3.98589
3.98585
3.98582
3.98578
3.98574
3.98571
3.98567
3.98564
3.9856
3.98557
3.98553
3.9855
3.98546
3.98543
3.98539
3.98536
3.98532
3.98529
3.98525
3.98522
3.98519
3.98515
3.98512
3.98508
3.98505
3.98501
3.98498
3.98494
3.98491
3.98487
3.98484
3.9848
3.98477
3.98473
3.9847
3.98466
3.98463
3.98459
3.98455
3.98452
3.98448
3.98444
3.9844
3.98437
3.98433
3.98429
3.98425
3.98421
3.98417
3.98413
3.98409
3.98405
3.98401
3.98397
3.98393
3.98389
3.98384
3.9838
3.98376
3.98372
3.98367
3.98363
3.98359
3.98354
3.9835
3.98345
3.98341
3.98337
3.98332
3.98328
3.98323
3.98319
3.98314
3.9831
3.98305
3.98301
3.98296
3.98292
3.98287
3.98283
3.98278
3.98274
3.98269
3.98265
3.9826
3.98256
3.98251
3.98247
3.98242
3.98238
3.98233
3.98229
3.98225
3.9822
3.98216
3.98211
3.98207
3.98203
3.98199
3.98194
3.9819
3.98186
3.98182
3.98177
3.98173
3.98169
3.98165
3.98161
3.98157
3.98153
3.98149
3.98145
3.98141
3.98137
3.98133
3.98129
3.98125
3.98122
3.98118
3.98114
3.9811
3.98107
3.98103
3.98099
3.98096
3.98092
3.98089
3.98085
3.98082
3.98078
3.98075
3.98072
3.98068
3.98065
3.98062
3.98059
3.98056
3.98052
3.98049
3.98046
3.98044
3.98041
3.98038
3.98035
3.98032
3.9803
3.98027
3.98025
3.98022
3.9802
3.98017
3.98015
3.98013
3.9801
3.98008
3.98006
3.98004
3.98002
3.98
3.97998
3.97997
3.97995
3.97993
3.97991
3.9799
3.97988
3.97987
3.97985
3.97984
3.97982
3.97981
3.9798
3.97978
3.97977
3.97976
3.97975
3.97974
3.97973
3.97971
3.9797
3.97969
3.97968
3.97967
3.97966
3.97966
3.97965
3.97964
3.97963
3.97962
3.97961
3.9796
3.9796
3.97959
3.97958
3.97957
3.97956
3.97956
3.97955
3.97954
3.97953
3.97952
3.97952
3.97951
3.9795
3.97949
3.97948
3.97947
3.97947
3.97946
3.97945
3.97944
3.97943
3.97942
3.97941
3.9794
3.97939
3.97938
3.97937
3.97936
3.97935
3.97934
3.97933
3.97932
3.97931
3.97929
3.97928
3.97927
3.97926
3.97924
3.97923
3.97921
3.9792
3.97918
3.97917
3.97915
3.97914
3.97912
3.9791
3.97909
3.97907
3.97905
3.97903
3.97901
3.97899
3.97897
3.97895
3.97893
3.97891
3.97889
3.97887
3.97884
3.97882
3.9788
3.97877
3.97875
3.97872
3.9787
3.97867
3.97864
3.97862
3.97859
3.97856
3.97853
3.97851
3.97848
3.97845
3.97842
3.97839
3.97836
3.97833
3.9783
3.97827
3.97823
3.9782
3.97817
3.97814
3.97811
3.97807
3.97804
3.97801
3.97797
3.97794
3.9779
3.97787
3.97784
3.9778
3.97777
3.97773
3.9777
3.97766
3.97763
3.97759
3.97755
3.97752
3.97748
3.97745
3.97741
3.97738
3.97734
3.9773
3.97727
3.97723
3.9772
3.97716
3.97713
3.97709
3.97706
3.97702
3.97698
3.97695
3.97691
3.97688
3.97684
3.97681
3.97677
3.97674
3.97671
3.97667
3.97664
3.9766
3.97657
3.97654
3.9765
3.97647
3.97643
3.9764
3.97637
3.97634
3.9763
3.97627
3.97624
3.9762
3.97617
3.97614
3.97611
3.97608
3.97604
3.97601
3.97598
3.97595
3.97592
3.97589
3.97585
3.97582
3.97579
3.97576
3.97573
3.9757
3.97567
3.97563
3.9756
3.97557
3.97554
3.97551
3.97548
3.97545
3.97541
3.97538
3.97535
3.97532
3.97529
3.97525
3.97522
3.97519
3.97516
3.97513
3.97509
3.97506
3.97503
3.975
3.97497
3.97493
3.9749
3.97487
3.97484
3.97481
3.97477
3.97474
3.97471
3.97468
3.97465
3.97462
3.97458
3.97455
3.97452
3.97449
3.97446
3.97443
3.9744
3.97437
3.97434
3.97431
3.97428
3.97425
3.97422
3.9742
3.97417
3.97414
3.97411
3.97408
3.97406
3.97403
3.974
3.97398
3.97395
3.97392
3.9739
3.97387
3.97385
3.97382
3.9738
3.97377
3.97375
3.97372
3.9737
3.97368
3.97365
3.97363
3.97361
3.97358
3.97356
3.97354
3.97351
3.97349
3.97347
3.97345
3.97343
3.9734
3.97338
3.97336
3.97334
3.97332
3.9733
3.97328
3.97326
3.97324
3.97321
3.97319
3.97317
3.97315
3.97313
3.97311
3.97309
3.97307
3.97305
3.97303
3.97301
3.97299
3.97297
3.97295
3.97293
3.97291
3.97289
3.97287
3.97285
3.97283
3.97281
3.9728
3.97278
3.97276
3.97274
3.97272
3.9727
3.97268
3.97266
3.97264
3.97263
3.97261
3.97259
3.97257
3.97255
3.97254
3.97252
3.9725
3.97248
3.97247
3.97245
3.97243
3.97242
3.9724
3.97239
3.97237
3.97235
3.97234
3.97232
3.97231
3.9723
3.97228
3.97227
3.97225
3.97224
3.97223
3.97221
3.9722
3.97219
3.97217
3.97216
3.97215
3.97214
3.97212
3.97211
3.9721
3.97209
3.97207
3.97206
3.97205
3.97204
3.97203
3.97201
3.972
3.97199
3.97198
3.97196
3.97195
3.97194
3.97192
3.97191
3.9719
3.97188
3.97187
3.97185
3.97184
3.97182
3.97181
3.97179
3.97178
3.97176
3.97174
3.97173
3.97171
3.97169
3.97167
3.97166
3.97164
3.97162
3.9716
3.97158
3.97156
3.97154
3.97152
3.9715
3.97148
3.97146
3.97144
3.97142
3.9714
3.97138
3.97136
3.97134
3.97132
3.97129
3.97127
3.97125
3.97123
3.97121
3.97119
3.97116
3.97114
3.97112
3.9711
3.97108
3.97106
3.97103
3.97101
3.97099
3.97097
3.97095
3.97092
3.9709
3.97088
3.97086
3.97084
3.97081
3.97079
3.97077
3.97075
3.97073
3.9707
3.97068
3.97066
3.97064
3.97062
3.97059
3.97057
3.97055
3.97053
3.9705
3.97048
3.97046
3.97044
3.97041
3.97039
3.97037
3.97035
3.97032
3.9703
3.97028
3.97025
3.97023
3.9702
3.97018
3.97016
3.97013
3.97011
3.97008
3.97006
3.97003
3.97001
3.96998
3.96995
3.96993
3.9699
3.96988
3.96985
3.96982
3.96979
3.96977
3.96974
3.96971
3.96969
3.96966
3.96963
3.9696
3.96958
3.96955
3.96952
3.96949
3.96947
3.96944
3.96941
3.96938
3.96936
3.96933
3.9693
3.96928
3.96925
3.96922
3.96919
3.96917
3.96914
3.96911
3.96909
3.96906
3.96903
3.96901
3.96898
3.96896
3.96893
3.9689
3.96888
3.96885
3.96883
3.9688
3.96877
3.96875
3.96872
3.9687
3.96867
3.96864
3.96862
3.96859
3.96857
3.96854
3.96851
3.96849
3.96846
3.96843
3.96841
3.96838
3.96835
3.96833
3.9683
3.96827
3.96824
3.96822
3.96819
3.96816
3.96813
3.96811
3.96808
3.96805
3.96802
3.96799
3.96796
3.96794
3.96791
3.96788
3.96785
3.96782
3.96779
3.96776
3.96774
3.96771
3.96768
3.96765
3.96762
3.96759
3.96756
3.96753
3.9675
3.96747
3.96744
3.96741
3.96739
3.96736
3.96733
3.9673
3.96727
3.96724
3.96721
3.96718
3.96715
3.96712
3.9671
3.96707
3.96704
3.96701
3.96698
3.96696
3.96693
3.9669
3.96687
3.96684
3.96682
3.96679
3.96676
3.96674
3.96671
3.96668
3.96666
3.96663
3.96661
3.96658
3.96656
3.96653
3.96651
3.96648
3.96646
3.96643
3.96641
3.96638
3.96636
3.96634
3.96631
3.96629
3.96627
3.96625
3.96622
3.9662
3.96618
3.96616
3.96613
3.96611
3.96609
3.96607
3.96605
3.96602
3.966
3.96598
3.96596
3.96594
3.96592
3.96589
3.96587
3.96585
3.96583
3.96581
3.96579
3.96577
3.96574
3.96572
3.9657
3.96568
3.96566
3.96563
3.96561
3.96559
3.96557
3.96554
3.96552
3.9655
3.96548
3.96545
3.96543
3.96541
3.96538
3.96536
3.96533
3.96531
3.96529
3.96526
3.96524
3.96521
3.96519
3.96516
3.96514
3.96512
3.96509
3.96507
3.96504
3.96502
3.96499
3.96496
3.96494
3.96491
3.96489
3.96486
3.96484
3.96481
3.96479
3.96476
3.96474
3.96471
3.96468
3.96466
3.96463
3.96461
3.96458
3.96456
3.96453
3.9645
3.96448
3.96445
3.96443
3.9644
3.96437
3.96435
3.96432
3.96429
3.96427
3.96424
3.96421
3.96419
3.96416
3.96413
3.9641
3.96407
3.96405
3.96402
3.96399
3.96396
3.96393
3.9639
3.96387
3.96384
3.96381
3.96378
3.96374
3.96371
3.96368
3.96365
3.96361
3.96358
3.96355
3.96351
3.96348
3.96345
3.96341
3.96338
3.96334
3.9633
3.96327
3.96323
3.96319
3.96316
3.96312
3.96308
3.96304
3.96301
3.96297
3.96293
3.96289
3.96285
3.96281
3.96277
3.96273
3.96269
3.96265
3.96261
3.96257
3.96253
3.96249
3.96244
3.9624
3.96236
3.96232
3.96228
3.96223
3.96219
3.96215
3.9621
3.96206
3.96202
3.96197
3.96193
3.96189
3.96184
3.9618
3.96176
3.96171
3.96167
3.96162
3.96158
3.96154
3.96149
3.96145
3.96141
3.96136
3.96132
3.96128
3.96124
3.9612
3.96115
3.96111
3.96107
3.96103
3.96099
3.96095
3.96091
3.96087
3.96083
3.96079
3.96076
3.96072
3.96068
3.96065
3.96061
3.96057
3.96054
3.96051
3.96047
3.96044
3.96041
3.96038
3.96035
3.96032
3.96029
3.96026
3.96023
3.9602
3.96018
3.96015
3.96013
3.9601
3.96008
3.96006
3.96003
3.96001
3.95999
3.95997
3.95995
3.95993
3.95992
3.9599
3.95988
3.95987
3.95985
3.95984
3.95982
3.95981
3.95979
3.95978
3.95977
3.95975
3.95974
3.95973
3.95972
3.95971
3.9597
3.95968
3.95967
3.95966
3.95965
3.95964
3.95963
3.95962
3.95961
3.9596
3.95959
3.95958
3.95957
3.95956
3.95955
3.95954
3.95953
3.95952
3.95951
3.9595
3.95949
3.95948
3.95947
3.95946
3.95945
3.95944
3.95943
3.95942
3.95941
3.9594
3.95939
3.95938
3.95936
3.95935
3.95934
3.95933
3.95932
3.95931
3.9593
3.95929
3.95928
3.95927
3.95925
3.95924
3.95923
3.95922
3.95921
3.9592
3.95919
3.95918
3.95917
3.95916
3.95914
3.95913
3.95912
3.95911
3.9591
3.95909
3.95908
3.95907
3.95905
3.95904
3.95903
3.95902
3.95901
3.95899
3.95898
3.95897
3.95896
3.95895
3.95893
3.95892
3.95891
3.95889
3.95888
3.95886
3.95885
3.95883
3.95882
3.9588
3.95879
3.95877
3.95876
3.95874
3.95872
3.95871
3.95869
3.95867
3.95865
3.95863
3.95861
3.95859
3.95857
3.95855
3.95853
3.95851
3.95849
3.95846
3.95844
3.95842
3.95839
3.95837
3.95834
3.95832
3.95829
3.95827
3.95824
3.95821
3.95818
3.95815
3.95813
3.9581
3.95807
3.95804
3.958
3.95797
3.95794
3.95791
3.95787
3.95784
3.95781
3.95777
3.95774
3.9577
3.95767
3.95763
3.95759
3.95755
3.95752
3.95748
3.95744
3.9574
3.95736
3.95732
3.95728
3.95724
3.9572
3.95716
3.95712
3.95708
3.95704
3.957
3.95696
3.95692
3.95688
3.95683
3.95679
3.95675
3.95671
3.95667
3.95663
3.95659
3.95655
3.95651
3.95646
3.95642
3.95638
3.95634
3.9563
3.95626
3.95622
3.95618
3.95614
3.95611
3.95607
3.95603
3.95599
3.95595
3.95591
3.95587
3.95584
3.9558
3.95576
3.95572
3.95569
3.95565
3.95561
3.95558
3.95554
3.9555
3.95547
3.95543
3.95539
3.95536
3.95532
3.95529
3.95525
3.95522
3.95518
3.95514
3.95511
3.95507
3.95504
3.955
3.95497
3.95493
3.9549
3.95486
3.95483
3.9548
3.95476
3.95473
3.95469
3.95466
3.95462
3.95459
3.95456
3.95452
3.95449
3.95445
3.95442
3.95439
3.95435
3.95432
3.95429
3.95425
3.95422
3.95419
3.95415
3.95412
3.95409
3.95406
3.95402
3.95399
3.95396
3.95393
3.9539
3.95386
3.95383
3.9538
3.95377
3.95374
3.95371
3.95368
3.95365
3.95362
3.95359
3.95356
3.95353
3.9535
3.95347
3.95344
3.95341
3.95338
3.95335
3.95332
3.95329
3.95326
3.95324
3.95321
3.95318
3.95315
3.95313
3.9531
3.95307
3.95305
3.95302
3.95299
3.95297
3.95294
3.95292
3.95289
3.95287
3.95284
3.95282
3.95279
3.95277
3.95275
3.95272
3.9527
3.95268
3.95265
3.95263
3.95261
3.95258
3.95256
3.95254
3.95251
3.95249
3.95247
3.95245
3.95242
3.9524
3.95238
3.95235
3.95233
3.95231
3.95228
3.95226
3.95224
3.95221
3.95219
3.95216
3.95214
3.95211
3.95209
3.95206
3.95203
3.95201
3.95198
3.95195
3.95192
3.95189
3.95187
3.95184
3.95181
3.95178
3.95174
3.95171
3.95168
3.95165
3.95161
3.95158
3.95155
3.95151
3.95148
3.95144
3.9514
3.95137
3.95133
3.95129
3.95125
3.95121
3.95117
3.95113
3.95109
3.95105
3.95101
3.95096
3.95092
3.95088
3.95083
3.95079
3.95074
3.9507
3.95065
3.95061
3.95056
3.95051
3.95047
3.95042
3.95037
3.95032
3.95027
3.95023
3.95018
3.95013
3.95008
3.95003
3.94998
3.94993
3.94988
3.94983
3.94978
3.94974
3.94969
3.94964
3.94959
3.94954
3.94949
3.94945
3.9494
3.94935
3.9493
3.94926
3.94921
3.94916
3.94912
3.94907
3.94903
3.94898
3.94894
3.9489
3.94885
3.94881
3.94877
3.94873
3.94868
3.94864
3.9486
3.94856
3.94852
3.94848
3.94844
3.94841
3.94837
3.94833
3.94829
3.94826
3.94822
3.94819
3.94815
3.94812
3.94808
3.94805
3.94802
3.94798
3.94795
3.94792
3.94789
3.94786
3.94783
3.9478
3.94777
3.94774
3.94771
3.94769
3.94766
3.94763
3.9476
3.94758
3.94755
3.94753
3.9475
3.94748
3.94745
3.94743
3.94741
3.94738
3.94736
3.94734
3.94732
3.94729
3.94727
3.94725
3.94723
3.94721
3.94719
3.94717
3.94715
3.94713
3.94711
3.94709
3.94707
3.94705
3.94703
3.94701
3.947
3.94698
3.94696
3.94694
3.94692
3.9469
3.94689
3.94687
3.94685
3.94684
3.94682
3.9468
3.94678
3.94677
3.94675
3.94673
3.94672
3.9467
3.94668
3.94667
3.94665
3.94663
3.94662
3.9466
3.94658
3.94656
3.94655
3.94653
3.94651
3.9465
3.94648
3.94646
3.94645
3.94643
3.94641
3.94639
3.94638
3.94636
3.94634
3.94633
3.94631
3.94629
3.94628
3.94626
3.94624
3.94622
3.94621
3.94619
3.94617
3.94616
3.94614
3.94612
3.94611
3.94609
3.94607
3.94606
3.94604
3.94602
3.94601
3.94599
3.94597
3.94596
3.94594
3.94592
3.94591
3.94589
3.94588
3.94586
3.94584
3.94583
3.94581
3.9458
3.94578
3.94577
3.94575
3.94574
3.94572
3.94571
3.94569
3.94568
3.94566
3.94565
3.94563
3.94562
3.94561
3.94559
3.94558
3.94557
3.94556
3.94555
3.94553
3.94552
3.94551
3.9455
3.94549
3.94548
3.94547
3.94546
3.94545
3.94544
3.94543
3.94543
3.94542
3.94541
3.9454
3.94539
3.94539
3.94538
3.94537
3.94537
3.94536
3.94535
3.94535
3.94534
3.94533
3.94533
3.94532
3.94532
3.94531
3.9453
3.9453
3.94529
3.94528
3.94528
3.94527
3.94526
3.94525
3.94525
3.94524
3.94523
3.94522
3.94521
3.9452
3.94519
3.94518
3.94517
3.94516
3.94515
3.94514
3.94513
3.94511
3.9451
3.94508
3.94507
3.94505
3.94504
3.94502
3.94501
3.94499
3.94497
3.94495
3.94494
3.94492
3.9449
3.94488
3.94486
3.94484
3.94482
3.94479
3.94477
3.94475
3.94473
3.94471
3.94468
3.94466
3.94464
3.94461
3.94459
3.94457
3.94454
3.94452
3.9445
3.94447
3.94445
3.94443
3.9444
3.94438
3.94436
3.94433
3.94431
3.94429
3.94426
3.94424
3.94422
3.9442
3.94418
3.94415
3.94413
3.94411
3.94409
3.94407
3.94404
3.94402
3.944
3.94398
3.94396
3.94394
3.94392
3.9439
3.94388
3.94386
3.94383
3.94381
3.94379
3.94377
3.94375
3.94373
3.94371
3.94369
3.94366
3.94364
3.94362
3.9436
3.94358
3.94355
3.94353
3.94351
3.94348
3.94346
3.94344
3.94341
3.94339
3.94336
3.94334
3.94332
3.94329
3.94327
3.94324
3.94321
3.94319
3.94316
3.94314
3.94311
3.94309
3.94306
3.94303
3.94301
3.94298
3.94296
3.94293
3.9429
3.94288
3.94285
3.94283
3.9428
3.94278
3.94275
3.94273
3.9427
3.94268
3.94266
3.94263
3.94261
3.94259
3.94256
3.94254
3.94252
3.9425
3.94248
3.94245
3.94243
3.94241
3.94239
3.94237
3.94235
3.94233
3.94231
3.9423
3.94228
3.94226
3.94224
3.94222
3.94221
3.94219
3.94217
3.94215
3.94214
3.94212
3.9421
3.94209
3.94207
3.94205
3.94204
3.94202
3.94201
3.94199
3.94197
3.94196
3.94194
3.94192
3.9419
3.94189
3.94187
3.94185
3.94184
3.94182
3.9418
3.94178
3.94176
3.94175
3.94173
3.94171
3.94169
3.94167
3.94165
3.94163
3.94161
3.94159
3.94157
3.94155
3.94153
3.94151
3.94149
3.94147
3.94145
3.94142
3.9414
3.94138
3.94136
3.94133
3.94131
3.94129
3.94126
3.94124
3.94122
3.94119
3.94117
3.94114
3.94112
3.94109
3.94107
3.94104
3.94101
3.94099
3.94096
3.94093
3.9409
3.94088
3.94085
3.94082
3.94079
3.94076
3.94073
3.9407
3.94067
3.94064
3.94061
3.94058
3.94055
3.94052
3.94049
3.94046
3.94043
3.9404
3.94036
3.94033
3.9403
3.94026
3.94023
3.9402
3.94016
3.94013
3.9401
3.94006
3.94003
3.93999
3.93996
3.93992
3.93989
3.93985
3.93982
3.93978
3.93974
3.93971
3.93967
3.93964
3.9396
3.93956
3.93953
3.93949
3.93946
3.93942
3.93938
3.93935
3.93931
3.93928
3.93924
3.93921
3.93917
3.93914
3.9391
3.93907
3.93903
3.939
3.93897
3.93893
3.9389
3.93887
3.93884
3.9388
3.93877
3.93874
3.93871
3.93868
3.93865
3.93862
3.93859
3.93856
3.93853
3.9385
3.93847
3.93844
3.93842
3.93839
3.93836
3.93833
3.93831
3.93828
3.93825
3.93823
3.9382
3.93818
3.93815
3.93813
3.9381
3.93808
3.93805
3.93803
3.93801
3.93798
3.93796
3.93794
3.93791
3.93789
3.93787
3.93785
3.93782
3.9378
3.93778
3.93776
3.93774
3.93772
3.93769
3.93767
3.93765
3.93763
3.93761
3.93759
3.93757
3.93755
3.93753
3.93751
3.93749
3.93747
3.93745
3.93742
3.9374
3.93738
3.93736
3.93734
3.93732
3.9373
3.93728
3.93726
3.93724
3.93722
3.93719
3.93717
3.93715
3.93713
3.93711
3.93709
3.93706
3.93704
3.93702
3.937
3.93697
3.93695
3.93693
3.93691
3.93688
3.93686
3.93684
3.93682
3.93679
3.93677
3.93675
3.93672
3.9367
3.93668
3.93665
3.93663
3.93661
3.93658
3.93656
3.93653
3.93651
3.93649
3.93646
3.93644
3.93642
3.93639
3.93637
3.93635
3.93632
3.9363
3.93627
3.93625
3.93623
3.93621
3.93618
3.93616
3.93614
3.93611
3.93609
3.93607
3.93605
3.93602
3.936
3.93598
3.93596
3.93594
3.93592
3.93589
3.93587
3.93585
3.93583
3.93581
3.93579
3.93577
3.93575
3.93573
3.93571
3.93569
3.93567
3.93565
3.93563
3.93562
3.9356
3.93558
3.93556
3.93554
3.93552
3.93551
3.93549
3.93547
3.93545
3.93544
3.93542
3.9354
3.93539
3.93537
3.93536
3.93534
3.93532
3.93531
3.9353
3.93528
3.93527
3.93525
3.93524
3.93523
3.93521
3.9352
3.93519
3.93518
3.93517
3.93516
3.93515
3.93514
3.93513
3.93512
3.93511
3.9351
3.93509
3.93509
3.93508
3.93507
3.93507
3.93506
3.93506
3.93505
3.93505
3.93505
3.93504
3.93504
3.93504
3.93503
3.93503
3.93503
3.93503
3.93503
3.93503
3.93503
3.93503
3.93503
3.93503
3.93503
3.93503
3.93503
3.93503
3.93503
3.93503
3.93503
3.93504
3.93504
3.93504
3.93504
3.93504
3.93504
3.93505
3.93505
3.93505
3.93505
3.93505
3.93505
3.93505
3.93505
3.93505
3.93505
3.93505
3.93505
3.93505
3.93505
3.93505
3.93505
3.93505
3.93505
3.93505
3.93504
3.93504
3.93504
3.93503
3.93503
3.93503
3.93502
3.93502
3.93501
3.93501
3.935
3.935
3.93499
3.93498
3.93498
3.93497
3.93496
3.93495
3.93495
3.93494
3.93493
3.93492
3.93491
3.9349
3.93489
3.93488
3.93487
3.93485
3.93484
3.93483
3.93482
3.93481
3.93479
3.93478
3.93477
3.93475
3.93474
3.93472
3.93471
3.93469
3.93468
3.93466
3.93464
3.93463
3.93461
3.93459
3.93457
3.93455
3.93454
3.93452
3.9345
3.93448
3.93446
3.93444
3.93442
3.93439
3.93437
3.93435
3.93433
3.93431
3.93428
3.93426
3.93423
3.93421
3.93419
3.93416
3.93413
3.93411
3.93408
3.93405
3.93403
3.934
3.93397
3.93394
3.93391
3.93389
3.93386
3.93383
3.9338
3.93376
3.93373
3.9337
3.93367
3.93364
3.9336
3.93357
3.93354
3.9335
3.93347
3.93343
3.9334
3.93336
3.93333
3.93329
3.93326
3.93322
3.93318
3.93314
3.93311
3.93307
3.93303
3.93299
3.93295
3.93291
3.93287
3.93283
3.93279
3.93275
3.93271
3.93267
3.93262
3.93258
3.93254
3.9325
3.93245
3.93241
3.93237
3.93232
3.93228
3.93223
3.93219
3.93214
3.9321
3.93205
3.932
3.93196
3.93191
3.93186
3.93182
3.93177
3.93172
3.93167
3.93162
3.93158
3.93153
3.93148
3.93143
3.93138
3.93133
3.93128
3.93123
3.93119
3.93114
3.93109
3.93104
3.93099
3.93094
3.93089
3.93085
3.9308
3.93075
3.9307
3.93065
3.93061
3.93056
3.93051
3.93047
3.93042
3.93037
3.93033
3.93028
3.93024
3.93019
3.93015
3.93011
3.93006
3.93002
3.92998
3.92994
3.92989
3.92985
3.92981
3.92977
3.92973
3.92969
3.92965
3.92962
3.92958
3.92954
3.9295
3.92947
3.92943
3.92939
3.92936
3.92932
3.92929
3.92925
3.92922
3.92918
3.92915
3.92911
3.92908
3.92905
3.92901
3.92898
3.92894
3.92891
3.92888
3.92884
3.92881
3.92878
3.92874
3.92871
3.92867
3.92864
3.92861
3.92857
3.92854
3.9285
3.92847
3.92843
3.9284
3.92836
3.92832
3.92829
3.92825
3.92822
3.92818
3.92814
3.92811
3.92807
3.92803
3.92799
3.92796
3.92792
3.92788
3.92784
3.9278
3.92777
3.92773
3.92769
3.92765
3.92761
3.92757
3.92753
3.92749
3.92746
3.92742
3.92738
3.92734
3.9273
3.92726
3.92723
3.92719
3.92715
3.92711
3.92708
3.92704
3.927
3.92696
3.92693
3.92689
3.92686
3.92682
3.92679
3.92675
3.92672
3.92668
3.92665
3.92661
3.92658
3.92655
3.92651
3.92648
3.92645
3.92642
3.92638
3.92635
3.92632
3.92629
3.92626
3.92623
3.9262
3.92617
3.92614
3.92611
3.92608
3.92605
3.92603
3.926
3.92597
3.92594
3.92592
3.92589
3.92586
3.92584
3.92581
3.92579
3.92576
3.92574
3.92571
3.92569
3.92566
3.92564
3.92561
3.92559
3.92557
3.92554
3.92552
3.9255
3.92547
3.92545
3.92543
3.9254
3.92538
3.92536
3.92533
3.92531
3.92529
3.92526
3.92524
3.92522
3.92519
3.92517
3.92515
3.92512
3.9251
3.92507
3.92505
3.92502
3.925
3.92497
3.92495
3.92492
3.92489
3.92487
3.92484
3.92481
3.92478
3.92475
3.92473
3.9247
3.92467
3.92464
3.92461
3.92458
3.92454
3.92451
3.92448
3.92445
3.92441
3.92438
3.92435
3.92431
3.92428
3.92424
3.92421
3.92417
3.92414
3.9241
3.92407
3.92403
3.92399
3.92395
3.92392
3.92388
3.92384
3.9238
3.92376
3.92372
3.92368
3.92364
3.9236
3.92356
3.92352
3.92348
3.92344
3.9234
3.92336
3.92331
3.92327
3.92323
3.92319
3.92314
3.9231
3.92306
3.92301
3.92297
3.92293
3.92288
3.92284
3.92279
3.92275
3.9227
3.92265
3.92261
3.92256
3.92252
3.92247
3.92242
3.92237
3.92233
3.92228
3.92223
3.92218
3.92213
3.92208
3.92204
3.92199
3.92194
3.92189
3.92184
3.92179
3.92174
3.92169
3.92164
3.92159
3.92154
3.92148
3.92143
3.92138
3.92133
3.92128
3.92123
3.92118
3.92113
3.92108
3.92103
3.92098
3.92092
3.92087
3.92082
3.92077
3.92072
3.92067
3.92062
3.92057
3.92052
3.92047
3.92042
3.92037
3.92032
3.92027
3.92022
3.92017
3.92012
3.92007
3.92002
3.91997
3.91992
3.91987
3.91983
3.91978
3.91973
3.91968
3.91964
3.91959
3.91955
3.9195
3.91945
3.91941
3.91936
3.91932
3.91928
3.91923
3.91919
3.91914
3.9191
3.91906
3.91902
3.91897
3.91893
3.91889
3.91885
3.91881
3.91876
3.91872
3.91868
3.91864
3.9186
3.91856
3.91852
3.91848
3.91844
3.91839
3.91835
3.91831
3.91827
3.91823
3.91819
3.91815
3.9181
3.91806
3.91802
3.91798
3.91794
3.91789
3.91785
3.91781
3.91776
3.91772
3.91768
3.91763
3.91759
3.91754
3.9175
3.91745
3.91741
3.91736
3.91731
3.91727
3.91722
3.91718
3.91713
3.91708
3.91703
3.91699
3.91694
3.91689
3.91684
3.91679
3.91675
3.9167
3.91665
3.9166
3.91655
3.9165
3.91645
3.91641
3.91636
3.91631
3.91626
3.91621
3.91616
3.91611
3.91607
3.91602
3.91597
3.91592
3.91587
3.91583
3.91578
3.91573
3.91568
3.91563
3.91559
3.91554
3.91549
3.91545
3.9154
3.91535
3.91531
3.91526
3.91521
3.91517
3.91512
3.91507
3.91503
3.91498
3.91494
3.91489
3.91484
3.9148
3.91475
3.91471
3.91466
3.91462
3.91457
3.91453
3.91448
3.91444
3.91439
3.91434
3.9143
3.91425
3.91421
3.91416
3.91412
3.91407
3.91403
3.91398
3.91394
3.91389
3.91385
3.9138
3.91375
3.91371
3.91366
3.91361
3.91357
3.91352
3.91347
3.91343
3.91338
3.91333
3.91328
3.91323
3.91319
3.91314
3.91309
3.91304
3.91299
3.91294
3.91289
3.91284
3.91278
3.91273
3.91268
3.91263
3.91258
3.91252
3.91247
3.91242
3.91236
3.91231
3.91225
3.9122
3.91215
3.91209
3.91204
3.91198
3.91192
3.91187
3.91181
3.91176
3.9117
3.91165
3.91159
3.91153
3.91148
3.91142
3.91137
3.91131
