0.128571
1.07175
0.853776
8.11898
0.965203
8.42909
0.592707
0.716956
0.95839
1.94793
1.27814
0.237933
1.74323
0.883872
2.42886
0.888837
1.86847
1.89165
1.10375
1.88712
1.47834
1.64108
1.22687
2.29197
3.45736
2.64565
2.91554
4.79322
2.39342
2.07788
3.28681
2.96694
2.84309
4.34441
6.16949
4.10839
5.22704
3.7543
6.91319
3.25554
5.60058
4.84219
6.79449
7.2984
6.35426
6.1409
7.18148
5.44274
6.31245
1.02845
7.4054
7.47113
7.37887
6.44617
7.9543
0.0784248
0.634874
7.15134
0.361264
6.58716
1.35157
7.88639
7.187
7.70338
0.334397
0.889156
0.704971
1.66465
0.885517
1.34376
7.51592
7.4776
1.54725
1.58259
0.80877
2.15544
1.60612
2.57779
1.97871
0.390169
5.37797
3.5103
3.17256
2.14205
2.82984
3.92809
2.37743
1.56996
5.38963
4.17694
6.21137
2.8828
5.59184
5.70816
4.10816
1.17192
5.9448
5.44133
4.93609
6.69097
7.09173
4.8613
3.56328
5.62678
4.88803
5.57902
6.96077
7.29086
6.4492
6.24945
6.26488
4.57866
6.06132
6.7917
7.43398
4.76676
6.62913
8.01496
6.31906
7.53597
6.70174
7.8433
0.73822
7.34452
8.11922
0.830566
6.82359
6.6059
0.131134
0.657777
8.2352
0.394623
2.19976
0.611814
1.65112
1.13462
3.19317
8.47932
8.59725
2.42175
4.12757
0.681818
0.693316
1.16336
2.45454
4.13836
5.73822
1.3147
1.84973
4.56929
3.66925
2.88501
1.91974
6.07777
5.55646
6.48602
2.88469
3.68769
7.42819
3.89179
4.86141
5.52473
6.11412
7.58605
6.09444
3.83889
8.04002
4.32125
6.86256
5.62201
6.82571
7.46538
8.39358
0.249825
5.98305
4.62064
6.40076
5.65059
7.55529
7.02791
7.4319
0.0462795
7.46189
4.47979
6.50112
8.20061
0.248023
7.93641
8.26213
8.60457
0.139772
7.08305
8.32132
1.24603
2.16361
1.56918
0.726576
0.331963
1.17138
0.409588
0.474994
0.998322
1.16505
2.16277
2.91424
8.02168
1.57501
2.33765
3.51971
3.94643
2.52231
3.41414
6.05726
3.79873
0.689887
1.60712
5.3358
4.13778
4.14179
6.63079
5.61065
4.5867
2.64598
3.62765
5.2325
4.79952
4.32764
4.88902
5.45354
5.14994
3.44751
3.80768
4.30504
3.97662
5.50656
7.27563
6.66773
3.90139
2.5186
2.73496
6.37383
4.97136
6.88187
4.19793
7.73928
8.59929
6.21507
6.29409
7.32614
7.75831
8.46279
7.99388
1.05791
7.1395
1.26135
7.70404
7.64368
0.543028
0.264177
0.509812
0.449144
8.34955
1.56757
8.40275
7.58728
0.544535
1.49348
2.97838
8.60033
1.71005
2.79589
4.38428
3.18729
2.67676
1.76138
4.25165
0.281146
3.50341
3.98939
3.59799
4.6249
2.7263
3.13945
3.6767
6.14414
4.11798
4.51949
4.14184
5.67087
4.77752
4.24261
4.91069
7.53109
2.39848
5.23083
4.57836
4.8587
5.38115
4.8287
8.22442
6.41825
6.41707
4.32555
5.68738
7.04252
6.83603
5.1957
7.02792
6.60898
7.28104
5.67871
5.25326
6.29832
7.52763
8.44962
7.92027
0.840498
8.46929
8.32779
6.96329
8.09627
0.865058
1.23103
1.12012
7.78455
7.16715
8.33229
7.97429
2.57694
2.42555
0.691613
8.46747
4.88969
2.28753
8.074
3.03399
3.42787
2.60481
3.04798
2.1669
4.10356
4.28151
2.80839
3.07787
4.78403
3.85991
1.94247
5.40162
2.12102
2.0304
2.44305
3.19538
4.40285
3.43746
4.94293
6.07518
2.8158
3.05346
3.81093
3.56898
5.56113
6.17058
7.84641
5.31938
3.44142
4.89121
5.38815
4.4022
6.89543
3.89704
8.16121
7.24017
8.48915
7.09755
6.4191
6.24641
7.37704
8.22462
7.24381
2.10099
1.06216
7.38014
6.45448
8.20632
0.398428
1.71628
8.3564
3.03316
1.81627
2.70278
0.097553
1.36479
2.19407
2.80225
2.70252
0.201201
3.12317
1.86151
1.44196
2.73727
4.50542
1.72185
2.21115
3.07499
2.4953
3.8914
2.81582
1.29773
3.77608
3.67395
4.50298
4.26787
4.22667
3.18944
3.79949
2.6589
3.53558
5.2782
4.74697
6.21774
4.8912
6.66872
4.99195
5.71736
2.7176
4.00185
7.17797
6.3984
7.35123
4.57833
3.878
5.74653
3.48497
0.298972
8.26917
6.95274
5.85375
7.40124
5.18214
5.57426
7.00962
7.60395
0.00715671
0.141985
8.06578
6.5662
5.80502
8.2551
0.363599
1.48563
1.7065
7.99862
0.0503625
2.14538
2.08722
7.66146
7.24229
1.07783
0.696407
1.04672
1.62282
4.81298
2.75191
1.8293
1.22327
2.91446
1.73431
2.80814
5.98786
5.58321
2.85639
0.855126
3.12269
4.25699
2.51276
4.92651
6.14307
5.91323
1.66967
1.35129
3.99064
4.77432
2.80697
3.70941
4.90369
4.98087
4.73334
2.16852
4.38251
6.41347
7.98515
4.63684
5.50714
6.68089
6.17409
4.7473
5.86393
0.288428
8.4167
6.40034
6.50235
5.22119
8.32477
7.29106
0.69808
0.662223
0.00961268
7.26098
0.121556
0.177734
7.40213
6.97502
