0.00820312
17.1254
4.18293
4.17852
4.17391
4.16901
4.16371
4.1579
4.1514
4.144
4.13546
4.12544
4.11353
4.09923
4.08192
4.06086
4.03519
4.00397
3.96617
3.92082
3.86708
3.80434
3.73241
3.6515
3.56235
3.46611
3.36424
3.25839
3.15022
3.04128
2.93291
2.82619
2.72195
2.62073
2.52288
2.42855
2.33776
2.25044
2.16643
2.08556
2.00763
1.93246
1.85993
1.78995
1.7225
1.65763
1.59542
1.53594
1.47922
1.42523
1.37385
1.32494
1.2783
1.23373
1.19103
1.15003
1.11059
1.07261
1.03605
1.00089
0.967171
0.934946
0.9043
0.875325
0.848115
0.822753
0.799311
0.777842
0.758381
0.740941
0.72552
0.712095
0.700626
0.691059
0.683316
0.677297
0.672869
0.669866
0.668091
0.667326
0.667347
0.667949
0.668956
0.670234
0.671686
0.673241
0.674842
0.676434
0.677966
0.679384
0.680637
0.681673
0.682439
0.68287
0.682891
0.682413
0.681338
0.679565
0.677
0.673572
0.66924
0.664011
0.657942
0.651139
0.643748
0.635943
0.627904
0.619804
0.611798
0.604017
0.596567
0.589526
0.582957
0.576902
0.571398
0.566476
0.56217
0.558514
0.555539
0.553272
0.551722
0.550881
0.550716
0.551168
0.552166
0.55363
0.555485
0.557675
0.560168
0.562957
0.566061
0.569517
0.573365
0.577643
0.582368
0.587535
0.593108
0.599035
0.605247
0.611667
0.618212
0.624784
0.631268
0.637526
0.643402
0.648734
0.653368
0.657177
0.660073
0.662022
0.663039
0.663176
0.662504
0.66108
0.658913
0.655947
0.652092
0.647293
0.6416
0.63517
0.628207
0.620895
0.613357
0.605655
0.597811
0.589824
0.581694
0.573429
0.565051
0.556593
0.548081
0.539523
0.5309
0.522163
0.513243
0.504071
0.4946
0.484827
0.474813
0.464676
0.454583
0.444715
0.435238
0.426287
0.417946
0.41025
0.403185
0.396689
0.390654
0.384938
0.379377
0.373812
0.368116
0.362214
0.356089
0.349771
0.343317
0.336781
0.330198
0.323571
0.316869
0.310028
0.302967
0.295604
0.287869
0.279721
0.27115
0.262176
0.252839
0.243201
0.233341
0.223352
0.213333
0.203385
0.193605
0.184086
0.174912
0.166153
0.157864
0.150076
0.142797
0.136012
0.129697
0.123826
0.118387
0.113392
0.10887
0.104869
0.101428
0.0985704
0.0962893
0.0945478
0.0932862
0.0924321
0.0919103
0.0916494
0.0915863
0.0916685
0.0918561
0.0921231
0.0924561
0.092852
0.0933128
0.0938394
0.0944285
0.0950722
0.0957626
0.0965023
0.0973151
0.0982546
0.0994057
0.100878
0.102794
0.105279
0.10845
0.112405
0.117218
0.122936
0.129575
0.137124
0.145546
0.154787
0.164783
0.175465
0.186763
0.19861
0.210937
0.223676
0.236752
0.250086
0.2636
0.277208
0.290822
0.304346
0.317665
0.330645
0.343122
0.354908
0.365802
0.375604
0.384138
0.391271
0.396919
0.401049
0.403677
0.404858
0.40468
0.403246
0.400667
0.397045
0.392467
0.38701
0.380739
0.373723
0.366043
0.357802
0.349134
0.340203
0.3312
0.322326
0.313775
0.305706
0.298225
0.291372
0.285115
0.279358
0.273957
0.268738
0.263519
0.258126
0.252404
0.246218
0.239451
0.232003
0.223793
0.214766
0.204914
0.194286
0.182996
0.171212
0.15913
0.146941
0.134803
0.122828
0.111077
0.0995723
0.0882999
0.0772248
0.0663011
0.0554819
0.0447265
0.0340043
0.0232948
0.0125846
0.00186153
-0.00889002
-0.019693
-0.0305761
-0.0415679
-0.0526867
-0.0639292
-0.0752584
-0.0865925
-0.097797
-0.108688
-0.119052
-0.128679
-0.137395
-0.145085
-0.151694
-0.15722
-0.161695
-0.165182
-0.16776
-0.16953
-0.170606
-0.171112
-0.171175
-0.170907
-0.170403
-0.169727
-0.168918
-0.167998
-0.166976
-0.165859
-0.164646
-0.163323
-0.161869
-0.160249
-0.158423
-0.156354
-0.154013
-0.151381
-0.148454
-0.145236
-0.141735
-0.137964
-0.133938
-0.129672
-0.125186
-0.120502
-0.115645
-0.110637
-0.105495
-0.100237
-0.0948747
-0.0894248
-0.0839063
-0.078342
-0.0727558
-0.0671683
-0.0615903
-0.0560176
-0.0504296
-0.0447916
-0.0390626
-0.0332065
-0.0272024
-0.0210512
-0.014777
-0.00842011
-0.00202621
0.00436588
0.0107344
0.0170784
0.0234168
0.029783
0.0362184
0.0427655
0.0494623
0.0563379
0.0634075
0.0706684
0.0780973
0.0856495
0.0932614
0.100857
0.108357
0.115692
0.122811
0.129687
0.136323
0.142745
0.149001
0.155145
0.16123
0.1673
0.173383
0.179489
0.185612
0.191737
0.19784
0.203894
0.20987
0.215731
0.22143
0.226898
0.232052
0.23679
0.241006
0.244597
0.247477
0.249584
0.250885
0.251383
0.251114
0.250142
0.248553
0.246441
0.243896
0.240992
0.237783
0.234304
0.230569
0.226581
0.222338
0.217838
0.213082
0.208078
0.20284
0.197385
0.191736
0.18592
0.179972
0.173932
0.167847
0.161767
0.155739
0.149802
0.143987
0.138315
0.132805
0.127478
0.122358
0.117474
0.112861
0.108553
0.104589
0.101009
0.0978508
0.0951498
0.0929294
0.0912015
0.0899673
0.0892204
0.0889515
0.0891511
0.0898111
0.0909237
0.0924775
0.0944548
0.0968273
0.0995552
0.102588
0.105866
0.109328
0.112913
0.116566
0.120241
0.123903
