-nan(ind)
0
0
0
0
0
0
0
0
0
0
0
0
0
0
0
0.00179826
0.0632463
0.367807
0.86799
1.28185
1.51147
1.55847
1.52389
1.46464
1.37375
1.27566
1.19544
1.12121
1.06085
1.01216
0.976124
0.950522
0.939058
0.933136
0.943196
0.939725
0.95235
0.960999
0.984339
1.00122
1.01747
1.03244
1.04466
1.04901
1.0483
1.04177
1.03864
1.03235
1.03455
1.02636
1.01921
1.01298
1.0103
1.00795
1.01359
1.01027
1.00441
1.00423
1.00304
1.00741
1.0157
1.00961
1.00947
1.01028
1.00884
1.0109
1.00981
1.01017
1.01257
1.01405
1.0112
1.00632
1.00715
1.01403
1.0118
1.0077
1.00543
1.00876
1.01038
1.00773
1.00837
1.0102
1.00974
1.00698
1.00667
1.00774
1.00495
1.00571
1.00741
1.0104
1.00457
1.00583
1.01176
1.00611
1.00484
1.00261
1.00454
1.0047
1.00458
5.59417e-05
