-nan(ind)
0
0
0
0
0
0
0
0
0.000983201
0.00574957
0.031151
0.0930946
0.200633
0.360502
0.531084
0.700247
0.839569
0.957368
1.04158
1.0888
1.11503
1.12712
1.12802
1.1256
1.11165
1.10196
1.07867
1.06937
1.0467
1.03241
1.02438
1.02163
1.01832
1.0247
1.02675
1.01579
1.01811
1.01665
1.0213
1.01922
1.01862
1.01578
1.02082
1.01249
1.01609
1.01108
1.01062
1.01412
1.0122
1.01008
1.01068
1.01305
1.01305
1.01535
1.02662
1.02198
1.01664
1.01482
1.01621
1.01911
1.02477
1.01182
1.00646
1.00825
1.00881
1.00454
1.00398
1.00425
1.00685
1.00856
1.00818
1.0061
1.00906
1.01695
1.01468
1.00893
1.00901
1.01189
1.01104
1.00726
1.00905
1.0101
1.00701
1.00467
1.0049
1.00705
1.00564
1.0058
1.00768
1.00874
1.00718
1.0067
1.01253
1.00665
1.0047
1.00355
1.00236
1.00152
1.00224
5.59417e-05
