inf
2.22116
1.46726
1.32365
1.2131
1.19024
1.13645
1.10304
1.09923
1.08054
1.09284
1.07865
1.05597
1.0457
1.04417
1.04662
1.04954
1.04357
1.03777
1.03311
1.027
1.02528
1.02733
1.02946
1.0373
1.03437
1.02066
1.01714
1.01899
1.01776
1.01365
1.01167
1.01902
1.01987
1.02134
1.02791
1.01822
1.02007
1.01787
1.01176
1.01073
1.0116
1.01469
1.01643
1.00827
1.00785
1.00677
1.00341
1.00384
1.00696
1.00831
1.00645
1.00933
1.01383
1.01843
1.02434
1.0184
1.01656
1.01131
1.01562
1.01736
1.02121
1.00956
1.00657
1.00587
1.00334
1.00644
1.00477
1.004
1.0064
1.00886
1.00558
1.0068
1.00827
1.01366
1.01429
1.00872
1.00752
1.01116
1.00979
1.00678
1.00687
1.0094
1.00618
1.00564
1.00519
1.00626
1.00469
1.00431
1.00588
1.00714
1.0046
1.00599
1.01251
1.00432
1.00322
1.00273
1.00199
1.00229
1.00259
5.59417e-05
