2.1
2.1
2.09999
2.09999
2.09998
2.09997
2.09996
2.09995
2.09993
2.09992
2.0999
2.09988
2.09986
2.09984
2.09981
2.09978
2.09976
2.09973
2.09969
2.09966
2.09963
2.09959
2.09955
2.09951
2.09947
2.09943
2.09939
2.09934
2.09929
2.09925
2.0992
2.09915
2.0991
2.09905
2.099
2.09894
2.09889
2.09884
2.09878
2.09872
2.09867
2.09861
2.09855
2.0985
2.09844
2.09838
2.09832
2.09826
2.0982
2.09814
2.09808
2.09803
2.09797
2.09791
2.09785
2.09779
2.09773
2.09767
2.09761
2.09755
2.0975
2.09744
2.09738
2.09732
2.09727
2.09721
2.09716
2.0971
2.09705
2.09699
2.09694
2.09688
2.09683
2.09678
2.09673
2.09668
2.09663
2.09658
2.09653
2.09648
2.09643
2.09638
2.09634
2.09629
2.09624
2.0962
2.09615
2.09611
2.09607
2.09602
2.09598
2.09594
2.0959
2.09586
2.09582
2.09578
2.09574
2.0957
2.09566
2.09562
2.09559
2.09555
2.09551
2.09548
2.09544
2.09541
2.09537
2.09534
2.0953
2.09527
2.09524
2.0952
2.09517
2.09514
2.09511
2.09507
2.09504
2.09501
2.09498
2.09495
2.09492
2.09489
2.09486
2.09483
2.0948
2.09477
2.09474
2.09472
2.09469
2.09466
2.09463
2.09461
2.09458
2.09455
2.09453
2.0945
2.09447
2.09445
2.09442
2.0944
2.09437
2.09435
2.09432
2.0943
2.09428
2.09425
2.09423
2.09421
2.09418
2.09416
2.09414
2.09412
2.0941
2.09407
2.09405
2.09403
2.09401
2.09399
2.09397
2.09395
2.09393
2.09391
2.0939
2.09388
2.09386
2.09384
2.09382
2.09381
2.09379
2.09377
2.09375
2.09374
2.09372
2.09371
2.09369
2.09367
2.09366
2.09364
2.09363
2.09362
2.0936
2.09359
2.09357
2.09356
2.09355
2.09353
2.09352
2.09351
2.0935
2.09349
2.09347
2.09346
2.09345
2.09344
2.09343
2.09342
2.09341
2.0934
2.09339
2.09338
2.09338
2.09337
2.09336
2.09335
2.09334
2.09334
2.09333
2.09332
2.09332
2.09331
2.0933
2.0933
2.09329
2.09329
2.09328
2.09328
2.09327
2.09327
2.09327
2.09326
2.09326
2.09325
2.09325
2.09325
2.09324
2.09324
2.09324
2.09324
2.09323
2.09323
2.09323
2.09322
2.09322
2.09322
2.09322
2.09321
2.09321
2.09321
2.09321
2.0932
2.0932
2.0932
2.0932
2.09319
2.09319
2.09319
2.09318
2.09318
2.09318
2.09317
2.09317
2.09316
2.09316
2.09316
2.09315
2.09315
2.09314
2.09314
2.09313
2.09312
2.09312
2.09311
2.09311
2.0931
2.09309
2.09309
2.09308
2.09307
2.09306
2.09306
2.09305
2.09304
2.09303
2.09302
2.09301
2.09301
2.093
2.09299
2.09298
2.09297
2.09296
2.09295
2.09294
2.09293
2.09292
2.09292
2.09291
2.0929
2.09289
2.09288
2.09287
2.09286
2.09285
2.09284
2.09283
2.09283
2.09282
2.09281
2.0928
2.09279
2.09279
2.09278
2.09277
2.09276
2.09275
2.09275
2.09274
2.09273
2.09273
2.09272
2.09271
2.09271
2.0927
2.0927
2.09269
2.09268
2.09268
2.09267
2.09267
2.09266
2.09266
2.09266
2.09265
2.09265
2.09264
2.09264
2.09264
2.09263
2.09263
2.09263
2.09262
2.09262
2.09262
2.09261
2.09261
2.09261
2.09261
2.0926
2.0926
2.0926
2.0926
2.09259
2.09259
2.09259
2.09259
2.09258
2.09258
2.09258
2.09258
2.09258
2.09257
2.09257
2.09257
2.09257
2.09256
2.09256
2.09256
2.09256
2.09255
2.09255
2.09255
2.09255
2.09254
2.09254
2.09254
2.09254
2.09253
2.09253
2.09253
2.09252
2.09252
2.09252
2.09252
2.09251
2.09251
2.09251
2.0925
2.0925
2.0925
2.0925
2.09249
2.09249
2.09249
2.09248
2.09248
2.09248
2.09248
2.09247
2.09247
2.09247
2.09247
2.09246
2.09246
2.09246
2.09246
2.09246
2.09245
2.09245
2.09245
2.09245
2.09245
2.09245
2.09245
2.09245
2.09244
2.09244
2.09244
2.09244
2.09244
2.09244
2.09244
2.09244
2.09244
2.09244
2.09244
2.09244
2.09244
2.09244
2.09245
2.09245
2.09245
2.09245
2.09245
2.09245
2.09245
2.09245
2.09246
2.09246
2.09246
2.09246
2.09246
2.09246
2.09247
2.09247
2.09247
2.09247
2.09247
2.09248
2.09248
2.09248
2.09248
2.09249
2.09249
2.09249
2.09249
2.0925
2.0925
2.0925
2.0925
2.09251
2.09251
2.09251
2.09251
2.09251
2.09252
2.09252
2.09252
2.09252
2.09253
2.09253
2.09253
2.09253
2.09253
2.09254
2.09254
2.09254
2.09254
2.09254
2.09255
2.09255
2.09255
2.09255
2.09255
2.09255
2.09256
2.09256
2.09256
2.09256
2.09256
2.09257
2.09257
2.09257
2.09257
2.09257
2.09257
2.09258
2.09258
2.09258
2.09258
2.09258
2.09259
2.09259
2.09259
2.09259
2.0926
2.0926
2.0926
2.0926
2.09261
2.09261
2.09261
2.09262
2.09262
2.09262
2.09263
2.09263
2.09264
2.09264
2.09264
2.09265
2.09265
2.09266
2.09266
2.09267
2.09268
2.09268
2.09269
2.09269
2.0927
2.0927
2.09271
2.09272
2.09272
2.09273
2.09274
2.09274
2.09275
2.09276
2.09277
2.09277
2.09278
2.09279
2.0928
2.0928
2.09281
2.09282
2.09283
2.09283
2.09284
2.09285
2.09286
2.09286
2.09287
2.09288
2.09289
2.09289
2.0929
2.09291
2.09292
2.09292
2.09293
2.09294
2.09294
2.09295
2.09296
2.09296
2.09297
2.09298
2.09298
2.09299
2.093
2.09301
2.09301
2.09302
2.09303
2.09303
2.09304
2.09305
2.09305
2.09306
2.09307
2.09307
2.09308
2.09309
2.09309
2.0931
2.09311
2.09311
2.09312
2.09313
2.09314
2.09314
2.09315
2.09316
2.09317
2.09318
2.09318
2.09319
2.0932
2.09321
2.09322
2.09323
2.09324
2.09325
2.09325
2.09326
2.09327
2.09328
2.09329
2.0933
2.09331
2.09332
2.09333
2.09334
2.09336
2.09337
2.09338
2.09339
2.0934
2.09341
2.09342
2.09343
2.09344
2.09346
2.09347
2.09348
2.09349
2.0935
2.09351
2.09353
2.09354
2.09355
2.09356
2.09357
2.09358
2.0936
2.09361
2.09362
2.09363
2.09364
2.09365
2.09366
2.09367
2.09369
2.0937
2.09371
2.09372
2.09373
2.09374
2.09375
2.09376
2.09377
2.09378
2.09379
2.09379
2.0938
2.09381
2.09382
2.09383
2.09384
2.09384
2.09385
2.09386
2.09387
2.09387
2.09388
2.09389
2.09389
2.0939
2.0939
2.09391
2.09391
2.09392
2.09392
2.09393
2.09393
2.09394
2.09394
2.09394
2.09395
2.09395
2.09395
2.09396
2.09396
2.09396
2.09396
2.09397
2.09397
2.09397
2.09397
2.09397
2.09397
2.09397
2.09397
2.09397
2.09397
2.09397
2.09397
2.09397
2.09397
2.09397
2.09397
2.09397
2.09397
2.09397
2.09397
2.09396
2.09396
2.09396
2.09396
2.09396
2.09395
2.09395
2.09395
2.09395
2.09394
2.09394
2.09394
2.09393
2.09393
2.09393
2.09392
2.09392
2.09391
2.09391
2.09391
2.0939
2.0939
2.09389
2.09389
2.09388
2.09388
2.09387
2.09386
2.09386
2.09385
2.09385
2.09384
2.09383
2.09383
2.09382
2.09382
2.09381
2.0938
2.0938
2.09379
2.09378
2.09377
2.09377
2.09376
2.09375
2.09375
2.09374
2.09373
2.09372
2.09372
2.09371
2.0937
2.09369
2.09369
2.09368
2.09367
2.09366
2.09366
2.09365
2.09364
2.09363
2.09363
2.09362
2.09361
2.0936
2.0936
2.09359
2.09358
2.09357
2.09357
2.09356
2.09355
2.09355
2.09354
2.09353
2.09353
2.09352
2.09351
2.09351
2.0935
2.09349
2.09349
2.09348
2.09348
2.09347
2.09346
2.09346
2.09345
2.09345
2.09344
2.09344
2.09343
2.09343
2.09342
2.09342
2.09341
2.09341
2.09341
2.0934
2.0934
2.09339
2.09339
2.09339
2.09338
2.09338
2.09338
2.09337
2.09337
2.09337
2.09336
2.09336
2.09336
2.09335
2.09335
2.09335
2.09335
2.09334
2.09334
2.09334
2.09334
2.09333
2.09333
2.09333
2.09333
2.09332
2.09332
2.09332
2.09332
2.09332
2.09331
2.09331
2.09331
2.09331
2.0933
2.0933
2.0933
2.0933
2.0933
2.09329
2.09329
2.09329
2.09329
2.09328
2.09328
2.09328
2.09328
2.09327
2.09327
2.09327
2.09327
2.09326
2.09326
2.09326
2.09325
2.09325
2.09325
2.09325
2.09324
2.09324
2.09324
2.09323
2.09323
2.09323
2.09322
2.09322
2.09322
2.09322
2.09321
2.09321
2.09321
2.0932
2.0932
2.0932
2.09319
2.09319
2.09319
2.09318
2.09318
2.09317
2.09317
2.09317
2.09316
2.09316
2.09316
2.09315
2.09315
2.09315
2.09314
2.09314
2.09313
2.09313
2.09313
2.09312
2.09312
2.09312
2.09311
2.09311
2.0931
2.0931
2.0931
2.09309
2.09309
2.09308
2.09308
2.09308
2.09307
2.09307
2.09307
2.09306
2.09306
2.09305
2.09305
2.09305
2.09304
2.09304
2.09304
2.09303
2.09303
2.09303
2.09303
2.09302
2.09302
2.09302
2.09302
2.09301
2.09301
2.09301
2.09301
2.09301
2.093
2.093
2.093
2.093
2.093
2.093
2.093
2.093
2.093
2.093
2.093
2.093
2.093
2.093
2.093
2.093
2.09301
2.09301
2.09301
2.09301
2.09301
2.09302
2.09302
2.09302
2.09303
2.09303
2.09303
2.09304
2.09304
2.09305
2.09305
2.09306
2.09306
2.09306
2.09307
2.09308
2.09308
2.09309
2.09309
2.0931
2.0931
2.09311
2.09312
2.09312
2.09313
2.09313
2.09314
2.09315
2.09315
2.09316
2.09317
2.09317
2.09318
2.09319
2.09319
2.0932
2.0932
2.09321
2.09322
2.09322
2.09323
2.09323
2.09324
2.09325
2.09325
2.09326
2.09326
2.09327
2.09327
2.09328
2.09328
2.09329
2.09329
2.0933
2.0933
2.09331
2.09331
2.09332
2.09332
2.09333
2.09333
2.09334
2.09334
2.09335
2.09335
2.09336
2.09336
2.09336
2.09337
2.09337
2.09338
2.09338
2.09339
2.09339
2.09339
2.0934
2.0934
2.09341
2.09341
2.09342
2.09342
2.09342
2.09343
2.09343
2.09344
2.09344
2.09344
2.09345
2.09345
2.09346
2.09346
2.09346
2.09346
2.09347
2.09347
2.09347
2.09348
2.09348
2.09348
2.09348
2.09348
2.09348
2.09349
2.09349
2.09349
2.09349
2.09349
2.09349
2.09349
2.09348
2.09348
2.09348
2.09348
2.09348
2.09347
2.09347
2.09347
2.09346
2.09346
2.09346
2.09345
2.09345
2.09344
2.09343
2.09343
2.09342
2.09342
2.09341
2.0934
2.09339
2.09339
2.09338
2.09337
2.09336
2.09336
2.09335
2.09334
2.09333
2.09332
2.09331
2.0933
2.09329
2.09328
2.09327
2.09327
2.09326
2.09325
2.09324
2.09323
2.09322
2.09321
2.0932
2.09319
2.09318
2.09317
2.09316
2.09315
2.09315
2.09314
2.09313
2.09312
2.09311
2.0931
2.09309
2.09309
2.09308
2.09307
2.09306
2.09306
2.09305
2.09304
2.09303
2.09303
2.09302
2.09301
2.09301
2.093
2.09299
2.09299
2.09298
2.09297
2.09297
2.09296
2.09296
2.09295
2.09294
2.09294
2.09293
2.09293
2.09292
2.09291
2.09291
2.0929
2.0929
2.09289
2.09288
2.09288
2.09287
2.09287
2.09286
2.09285
2.09285
2.09284
2.09284
2.09283
2.09282
2.09282
2.09281
2.0928
2.0928
2.09279
2.09278
2.09278
2.09277
2.09276
2.09275
2.09275
2.09274
2.09273
2.09272
2.09272
2.09271
2.0927
2.09269
2.09269
2.09268
2.09267
2.09266
2.09265
2.09265
2.09264
2.09263
2.09262
2.09261
2.0926
2.0926
2.09259
2.09258
2.09257
2.09256
2.09256
2.09255
2.09254
2.09253
2.09252
2.09252
2.09251
2.0925
2.09249
2.09248
2.09248
2.09247
2.09246
2.09245
2.09245
2.09244
2.09243
2.09243
2.09242
2.09241
2.09241
2.0924
2.0924
2.09239
2.09239
2.09238
2.09237
2.09237
2.09236
2.09236
2.09236
2.09235
2.09235
2.09234
2.09234
2.09234
2.09233
2.09233
2.09233
2.09233
2.09233
2.09232
2.09232
2.09232
2.09232
2.09232
2.09232
2.09232
2.09232
2.09232
2.09232
2.09232
2.09232
2.09232
2.09232
2.09232
2.09232
2.09232
2.09232
2.09233
2.09233
2.09233
2.09233
2.09233
2.09234
2.09234
2.09234
2.09234
2.09234
2.09235
2.09235
2.09235
2.09235
2.09236
2.09236
2.09236
2.09236
2.09237
2.09237
2.09237
2.09237
2.09238
2.09238
2.09238
2.09238
2.09239
2.09239
2.09239
2.09239
2.0924
2.0924
2.0924
2.0924
2.09241
2.09241
2.09241
2.09241
2.09241
2.09242
2.09242
2.09242
2.09242
2.09242
2.09242
2.09243
2.09243
2.09243
2.09243
2.09243
2.09243
2.09244
2.09244
2.09244
2.09244
2.09244
2.09244
2.09244
2.09244
2.09245
2.09245
2.09245
2.09245
2.09245
2.09245
2.09245
2.09246
2.09246
2.09246
2.09246
2.09246
2.09246
2.09246
2.09246
2.09247
2.09247
2.09247
2.09247
2.09247
2.09247
2.09247
2.09248
2.09248
2.09248
2.09248
2.09248
2.09249
2.09249
2.09249
2.09249
2.09249
2.09249
2.0925
2.0925
2.0925
2.0925
2.09251
2.09251
2.09251
2.09251
2.09251
2.09252
2.09252
2.09252
2.09252
2.09252
2.09253
2.09253
2.09253
2.09253
2.09253
2.09254
2.09254
2.09254
2.09254
2.09254
2.09254
2.09254
2.09255
2.09255
2.09255
2.09255
2.09255
2.09255
2.09255
2.09255
2.09255
2.09255
2.09255
2.09255
2.09255
2.09255
2.09255
2.09255
2.09255
2.09254
2.09254
2.09254
2.09254
2.09254
2.09253
2.09253
2.09253
2.09253
2.09252
2.09252
2.09252
2.09251
2.09251
2.0925
2.0925
2.09249
2.09249
2.09248
2.09248
2.09247
2.09247
2.09246
2.09246
2.09245
2.09245
2.09244
2.09243
2.09243
2.09242
2.09241
2.09241
2.0924
2.09239
2.09238
2.09238
2.09237
2.09236
2.09235
2.09235
2.09234
2.09233
2.09232
2.09232
2.09231
2.0923
2.09229
2.09228
2.09228
2.09227
2.09226
2.09225
2.09224
2.09224
2.09223
2.09222
2.09221
2.09221
2.0922
2.09219
2.09218
2.09218
2.09217
2.09216
2.09215
2.09215
2.09214
2.09213
2.09213
2.09212
2.09211
2.09211
2.0921
2.09209
2.09209
2.09208
2.09208
2.09207
2.09207
2.09206
2.09206
2.09205
2.09205
2.09204
2.09204
2.09204
2.09203
2.09203
2.09203
2.09203
2.09202
2.09202
2.09202
2.09202
2.09202
2.09202
2.09202
2.09202
2.09202
2.09202
2.09202
2.09202
2.09202
2.09202
2.09203
2.09203
2.09203
2.09204
2.09204
2.09204
2.09205
2.09205
2.09206
2.09206
2.09207
2.09208
2.09208
2.09209
2.0921
2.09211
2.09211
2.09212
2.09213
2.09214
2.09215
2.09216
2.09217
2.09218
2.09219
2.0922
2.09221
2.09222
2.09223
2.09224
2.09226
2.09227
2.09228
2.09229
2.09231
2.09232
2.09233
2.09234
2.09236
2.09237
2.09238
2.0924
2.09241
2.09242
2.09244
2.09245
2.09246
2.09248
2.09249
2.0925
2.09252
2.09253
2.09254
2.09256
2.09257
2.09258
2.09259
2.09261
2.09262
2.09263
2.09265
2.09266
2.09267
2.09268
2.09269
2.09271
2.09272
2.09273
2.09274
2.09275
2.09276
2.09277
2.09278
2.09279
2.0928
2.09281
2.09282
2.09283
2.09284
2.09285
2.09286
2.09287
2.09288
2.09288
2.09289
2.0929
2.09291
2.09291
2.09292
2.09293
2.09293
2.09294
2.09295
2.09295
2.09296
2.09296
2.09297
2.09297
2.09298
2.09298
2.09299
2.09299
2.09299
2.093
2.093
2.093
2.093
2.09301
2.09301
2.09301
2.09301
2.09301
2.09301
2.09301
2.09301
2.09302
2.09302
2.09302
2.09301
2.09301
2.09301
2.09301
2.09301
2.09301
2.09301
2.09301
2.09301
2.093
2.093
2.093
2.093
2.09299
2.09299
2.09299
2.09299
2.09298
2.09298
2.09298
2.09298
2.09297
2.09297
2.09297
2.09296
2.09296
2.09296
2.09295
2.09295
2.09295
2.09295
2.09294
2.09294
2.09294
2.09293
2.09293
2.09293
2.09292
2.09292
2.09292
2.09292
2.09291
2.09291
2.09291
2.09291
2.0929
2.0929
2.0929
2.0929
2.09289
2.09289
2.09289
2.09289
2.09289
2.09288
2.09288
2.09288
2.09288
2.09288
2.09287
2.09287
2.09287
2.09287
2.09287
2.09287
2.09286
2.09286
2.09286
2.09286
2.09286
2.09286
2.09285
2.09285
2.09285
2.09285
2.09285
2.09285
2.09284
2.09284
2.09284
2.09284
2.09284
2.09284
2.09283
2.09283
2.09283
2.09283
2.09283
2.09282
2.09282
2.09282
2.09282
2.09282
2.09281
2.09281
2.09281
2.09281
2.0928
2.0928
2.0928
2.0928
2.09279
2.09279
2.09279
2.09279
2.09278
2.09278
2.09278
2.09277
2.09277
2.09277
2.09277
2.09276
2.09276
2.09276
2.09275
2.09275
2.09275
2.09274
2.09274
2.09274
2.09274
2.09273
2.09273
2.09273
2.09273
2.09272
2.09272
2.09272
2.09272
2.09271
2.09271
2.09271
2.09271
2.09271
2.09271
2.0927
2.0927
2.0927
2.0927
2.0927
2.0927
2.0927
2.0927
2.0927
2.0927
2.0927
2.0927
2.09271
2.09271
2.09271
2.09271
2.09271
2.09272
2.09272
2.09272
2.09273
2.09273
2.09274
2.09274
2.09275
2.09275
2.09276
2.09276
2.09277
2.09278
2.09279
2.09279
2.0928
2.09281
2.09282
2.09283
2.09284
2.09285
2.09286
2.09287
2.09288
2.09289
2.0929
2.09292
2.09293
2.09294
2.09296
2.09297
2.09298
2.093
2.09301
2.09303
2.09304
2.09305
2.09307
2.09309
2.0931
2.09312
2.09313
2.09315
2.09317
2.09318
2.0932
2.09322
2.09323
2.09325
2.09327
2.09328
2.0933
2.09332
2.09333
2.09335
2.09337
2.09339
2.0934
2.09342
2.09344
2.09345
2.09347
2.09349
2.0935
2.09352
2.09354
2.09355
2.09357
2.09359
2.0936
2.09362
2.09363
2.09365
2.09366
2.09368
2.09369
2.09371
2.09372
2.09374
2.09375
2.09377
2.09378
2.09379
2.09381
2.09382
2.09383
2.09385
2.09386
2.09387
2.09388
2.0939
2.09391
2.09392
2.09393
2.09394
2.09395
2.09396
2.09397
2.09398
2.09399
2.094
2.09401
2.09402
2.09403
2.09404
2.09405
2.09406
2.09407
2.09407
2.09408
2.09409
2.0941
2.0941
2.09411
2.09412
2.09412
2.09413
2.09414
2.09414
2.09415
2.09416
2.09416
2.09417
2.09417
2.09418
2.09418
2.09419
2.09419
2.0942
2.0942
2.09421
2.09421
2.09422
2.09422
2.09422
2.09423
2.09423
2.09423
2.09424
2.09424
2.09424
2.09424
2.09425
2.09425
2.09425
2.09425
2.09425
2.09426
2.09426
2.09426
2.09426
2.09426
2.09426
2.09426
2.09426
2.09426
2.09426
2.09426
2.09426
2.09425
2.09425
2.09425
2.09425
2.09425
2.09424
2.09424
2.09424
2.09423
2.09423
2.09423
2.09422
2.09422
2.09421
2.09421
2.0942
2.0942
2.09419
2.09418
2.09418
2.09417
2.09416
2.09415
2.09414
2.09414
2.09413
2.09412
2.09411
2.0941
2.09409
2.09408
2.09407
2.09406
2.09405
2.09404
2.09402
2.09401
2.094
2.09399
2.09397
2.09396
2.09395
2.09394
2.09392
2.09391
2.09389
2.09388
2.09387
2.09385
2.09384
2.09382
2.09381
2.09379
2.09378
2.09377
2.09375
2.09374
2.09372
2.09371
2.09369
2.09368
2.09366
2.09365
2.09363
2.09362
2.0936
2.09359
2.09357
2.09356
2.09354
2.09353
2.09351
2.0935
2.09349
2.09347
2.09346
2.09345
2.09343
2.09342
2.09341
2.09339
2.09338
2.09337
2.09336
2.09334
2.09333
2.09332
2.09331
2.0933
2.09329
2.09328
2.09327
2.09325
2.09324
2.09323
2.09322
2.09321
2.09321
2.0932
2.09319
2.09318
2.09317
2.09316
2.09315
2.09315
2.09314
2.09313
2.09312
2.09311
2.09311
2.0931
2.09309
2.09309
2.09308
2.09307
2.09307
2.09306
2.09305
2.09305
2.09304
2.09303
2.09303
2.09302
2.09302
2.09301
2.09301
2.093
2.09299
2.09299
2.09298
2.09298
2.09297
2.09297
2.09296
2.09296
2.09295
2.09295
2.09294
2.09294
2.09293
2.09293
2.09292
2.09292
2.09291
2.09291
2.0929
2.0929
2.09289
2.09289
2.09288
2.09288
2.09288
2.09287
2.09287
2.09286
2.09286
2.09286
2.09285
2.09285
2.09284
2.09284
2.09284
2.09283
2.09283
2.09283
2.09282
2.09282
2.09282
2.09282
2.09281
2.09281
2.09281
2.09281
2.0928
2.0928
2.0928
2.0928
2.0928
2.0928
2.0928
2.09279
2.09279
2.09279
2.09279
2.09279
2.09279
2.09279
2.09279
2.09279
2.09279
2.09279
2.09279
2.09279
2.09279
2.0928
2.0928
2.0928
2.0928
2.0928
2.0928
2.0928
2.0928
2.0928
2.09281
2.09281
2.09281
2.09281
2.09281
2.09281
2.09281
2.09282
2.09282
2.09282
2.09282
2.09282
2.09282
2.09282
2.09282
2.09283
2.09283
2.09283
2.09283
2.09283
2.09283
2.09283
2.09283
2.09283
2.09283
2.09283
2.09283
2.09283
2.09283
2.09283
2.09284
2.09284
2.09284
2.09284
2.09284
2.09284
2.09284
2.09283
2.09283
2.09283
2.09283
2.09283
2.09283
2.09283
2.09283
2.09283
2.09283
2.09283
2.09283
2.09283
2.09283
2.09283
2.09283
2.09283
2.09283
2.09283
2.09283
2.09283
2.09283
2.09283
2.09283
2.09283
2.09283
2.09283
2.09283
2.09284
2.09284
2.09284
2.09284
2.09284
2.09284
2.09284
2.09284
2.09284
2.09284
2.09284
2.09285
2.09285
2.09285
2.09285
2.09285
2.09285
2.09285
2.09285
2.09286
2.09286
2.09286
2.09286
2.09286
2.09286
2.09286
2.09286
2.09287
2.09287
2.09287
2.09287
2.09287
2.09287
2.09287
2.09287
2.09287
2.09287
2.09287
2.09287
2.09287
2.09287
2.09287
2.09287
2.09286
2.09286
2.09286
2.09286
2.09286
2.09285
2.09285
2.09285
2.09284
2.09284
2.09283
2.09283
2.09283
2.09282
2.09281
2.09281
2.0928
2.0928
2.09279
2.09278
2.09278
2.09277
2.09276
2.09275
2.09275
2.09274
2.09273
2.09272
2.09271
2.0927
2.09269
2.09268
2.09267
2.09266
2.09265
2.09264
2.09263
2.09262
2.09261
2.0926
2.09259
2.09258
2.09257
2.09256
2.09255
2.09254
2.09253
2.09252
2.09252
2.09251
2.0925
2.09249
2.09248
2.09247
2.09246
2.09245
2.09244
2.09244
2.09243
2.09242
2.09241
2.09241
2.0924
2.0924
2.09239
2.09238
2.09238
2.09238
2.09237
2.09237
2.09236
2.09236
2.09236
2.09235
2.09235
2.09235
2.09235
2.09235
2.09235
2.09235
2.09235
2.09235
2.09235
2.09235
2.09235
2.09235
2.09235
2.09236
2.09236
2.09236
2.09236
2.09237
2.09237
2.09237
2.09238
2.09238
2.09239
2.09239
2.0924
2.0924
2.09241
2.09241
2.09242
2.09242
2.09243
2.09243
2.09244
2.09245
2.09245
2.09246
2.09246
2.09247
2.09248
2.09248
2.09249
2.0925
2.0925
2.09251
2.09251
2.09252
2.09252
2.09253
2.09254
2.09254
2.09255
2.09255
2.09256
2.09256
2.09256
2.09257
2.09257
2.09258
2.09258
2.09258
2.09259
2.09259
2.09259
2.0926
2.0926
2.0926
2.0926
2.0926
2.0926
2.09261
2.09261
2.09261
2.09261
2.09261
2.09261
2.09261
2.09261
2.09261
2.0926
2.0926
2.0926
2.0926
2.0926
2.0926
2.09259
2.09259
2.09259
2.09258
2.09258
2.09258
2.09257
2.09257
2.09257
2.09256
2.09256
2.09255
2.09255
2.09254
2.09254
2.09254
2.09253
2.09253
2.09252
2.09252
2.09251
2.09251
2.0925
2.09249
2.09249
2.09248
2.09248
2.09247
2.09247
2.09246
2.09246
2.09246
2.09245
2.09245
2.09244
2.09244
2.09243
2.09243
2.09243
2.09242
2.09242
2.09242
2.09241
2.09241
2.09241
2.09241
2.09241
2.09241
2.09241
2.09241
2.0924
2.09241
2.09241
2.09241
2.09241
2.09241
2.09241
2.09241
2.09242
2.09242
2.09242
2.09243
2.09243
2.09244
2.09244
2.09245
2.09245
2.09246
2.09247
2.09248
2.09248
2.09249
2.0925
2.09251
2.09252
2.09253
2.09254
2.09255
2.09256
2.09257
2.09258
2.09259
2.0926
2.09261
2.09263
2.09264
2.09265
2.09266
2.09268
2.09269
2.0927
2.09272
2.09273
2.09274
2.09276
2.09277
2.09279
2.0928
2.09282
2.09283
2.09284
2.09286
2.09287
2.09289
2.0929
2.09292
2.09293
2.09294
2.09296
2.09297
2.09299
2.093
2.09301
2.09303
2.09304
2.09305
2.09307
2.09308
2.09309
2.09311
2.09312
2.09313
2.09314
2.09315
2.09317
2.09318
2.09319
2.0932
2.09321
2.09322
2.09323
2.09324
2.09325
2.09326
2.09327
2.09328
2.09329
2.0933
2.0933
2.09331
2.09332
2.09333
2.09334
2.09334
2.09335
2.09336
2.09336
2.09337
2.09337
2.09338
2.09338
2.09339
2.09339
2.0934
2.0934
2.09341
2.09341
2.09341
2.09342
2.09342
2.09342
2.09342
2.09343
2.09343
2.09343
2.09343
2.09343
2.09343
2.09343
2.09343
2.09343
2.09343
2.09343
2.09343
2.09343
2.09343
2.09343
2.09343
2.09343
2.09343
2.09343
2.09342
2.09342
2.09342
2.09342
2.09341
2.09341
2.09341
2.09341
2.0934
2.0934
2.0934
2.09339
2.09339
2.09339
2.09338
2.09338
2.09338
2.09337
2.09337
2.09337
2.09336
2.09336
2.09336
2.09335
2.09335
2.09335
2.09334
2.09334
2.09334
2.09333
2.09333
2.09333
2.09332
2.09332
2.09332
2.09332
2.09331
2.09331
2.09331
2.0933
2.0933
2.0933
2.0933
2.09329
2.09329
2.09329
2.09329
2.09328
2.09328
2.09328
2.09328
2.09327
2.09327
2.09327
2.09327
2.09326
2.09326
2.09326
2.09326
2.09326
2.09325
2.09325
2.09325
2.09325
2.09324
2.09324
2.09324
2.09324
2.09324
2.09323
2.09323
2.09323
2.09323
2.09322
2.09322
2.09322
2.09322
2.09321
2.09321
2.09321
2.09321
2.0932
2.0932
2.0932
2.09319
2.09319
2.09319
2.09319
2.09318
2.09318
2.09318
2.09317
2.09317
2.09317
2.09316
2.09316
2.09316
2.09315
2.09315
2.09315
2.09314
2.09314
2.09314
2.09313
2.09313
2.09313
2.09312
2.09312
2.09311
2.09311
2.09311
2.0931
2.0931
2.0931
2.09309
2.09309
2.09309
2.09309
2.09308
2.09308
2.09308
2.09308
2.09307
2.09307
2.09307
2.09307
2.09307
2.09306
2.09306
2.09306
2.09306
2.09306
2.09306
2.09306
2.09306
2.09306
2.09306
2.09306
2.09306
2.09306
2.09306
2.09307
2.09307
2.09307
2.09307
2.09308
2.09308
2.09308
2.09308
2.09309
2.09309
2.0931
2.0931
2.09311
2.09311
2.09312
2.09312
2.09313
2.09313
2.09314
2.09315
2.09315
2.09316
2.09317
2.09318
2.09318
2.09319
2.0932
2.09321
2.09322
2.09323
2.09324
2.09325
2.09326
2.09327
2.09328
2.09329
2.0933
2.09331
2.09332
2.09333
2.09334
2.09336
2.09337
2.09338
2.09339
2.0934
2.09342
2.09343
2.09344
2.09345
2.09347
2.09348
2.09349
2.0935
2.09351
2.09353
2.09354
2.09355
2.09356
2.09357
2.09358
2.0936
2.09361
2.09362
2.09363
2.09364
2.09365
2.09366
2.09367
2.09368
2.09369
2.0937
2.09371
2.09372
2.09372
2.09373
2.09374
2.09375
2.09375
2.09376
2.09376
2.09377
2.09377
2.09378
2.09378
2.09379
2.09379
2.09379
2.0938
2.0938
2.0938
2.0938
2.0938
2.0938
2.0938
2.0938
2.0938
2.0938
2.0938
2.0938
2.0938
2.09379
2.09379
2.09379
2.09378
2.09378
2.09377
2.09377
2.09376
2.09376
2.09375
2.09375
2.09374
2.09374
2.09373
2.09372
2.09372
2.09371
2.0937
2.09369
2.09369
2.09368
2.09367
2.09367
2.09366
2.09365
2.09364
2.09363
2.09363
2.09362
2.09361
2.0936
2.0936
2.09359
2.09358
2.09358
2.09357
2.09356
2.09356
2.09355
2.09354
2.09354
2.09353
2.09353
2.09352
2.09352
2.09351
2.09351
2.09351
2.0935
2.0935
2.0935
2.0935
2.09349
2.09349
2.09349
2.09349
2.09349
2.09349
2.09349
2.09349
2.09349
2.09349
2.09349
2.09349
2.0935
2.0935
2.0935
2.09351
2.09351
2.09351
2.09352
2.09352
2.09353
2.09353
2.09354
2.09354
2.09355
2.09355
2.09356
2.09357
2.09357
2.09358
2.09358
2.09359
2.0936
2.09361
2.09361
2.09362
2.09363
2.09364
2.09364
2.09365
2.09366
2.09367
2.09367
2.09368
2.09369
2.0937
2.0937
2.09371
2.09372
2.09372
2.09373
2.09374
2.09375
2.09375
2.09376
2.09376
2.09377
2.09378
2.09378
2.09379
2.09379
2.0938
2.0938
2.09381
2.09381
2.09382
2.09382
2.09383
2.09383
2.09383
2.09384
2.09384
2.09384
2.09384
2.09385
2.09385
2.09385
2.09385
2.09385
2.09385
2.09385
2.09385
2.09385
2.09385
2.09385
2.09385
2.09385
2.09385
2.09384
2.09384
2.09384
2.09384
2.09383
2.09383
2.09383
2.09382
2.09382
2.09382
2.09381
2.09381
2.0938
2.0938
2.09379
2.09379
2.09378
2.09378
2.09377
2.09377
2.09376
2.09376
2.09375
2.09374
2.09374
2.09373
2.09372
2.09372
2.09371
2.0937
2.0937
2.09369
2.09368
2.09368
2.09367
2.09366
2.09365
2.09365
2.09364
2.09363
2.09362
2.09361
2.09361
2.0936
2.09359
2.09358
2.09358
2.09357
2.09356
2.09355
2.09354
2.09353
2.09353
2.09352
2.09351
2.0935
2.09349
2.09348
2.09348
2.09347
2.09346
2.09345
2.09344
2.09343
2.09343
2.09342
2.09341
2.0934
2.09339
2.09338
2.09338
2.09337
2.09336
2.09335
2.09334
2.09333
2.09332
2.09332
2.09331
2.0933
2.09329
2.09328
2.09327
2.09327
2.09326
2.09325
2.09324
2.09323
2.09322
2.09321
2.09321
2.0932
2.09319
2.09318
2.09317
2.09316
2.09315
2.09314
2.09313
2.09312
2.09311
2.0931
2.09309
2.09309
2.09308
2.09307
2.09306
2.09305
2.09304
2.09303
2.09302
2.09301
2.09299
2.09298
2.09297
2.09296
2.09295
2.09294
2.09293
2.09292
2.09291
2.0929
2.09289
2.09288
2.09287
2.09286
2.09284
2.09283
2.09282
2.09281
2.0928
2.09279
2.09278
2.09277
2.09276
2.09274
2.09273
2.09272
2.09271
2.0927
2.09269
2.09268
2.09267
2.09266
2.09264
2.09263
2.09262
2.09261
2.0926
2.09259
2.09258
2.09257
2.09256
2.09255
2.09254
2.09253
2.09252
2.09251
2.0925
2.09249
2.09248
2.09247
2.09246
2.09245
2.09244
2.09244
2.09243
2.09242
2.09241
2.0924
2.0924
2.09239
2.09238
2.09238
2.09237
2.09236
2.09236
2.09235
2.09235
2.09234
2.09234
2.09233
2.09233
2.09233
2.09232
2.09232
2.09232
2.09231
2.09231
2.09231
2.09231
2.09231
2.09231
2.09231
2.09231
2.09231
2.09231
2.09231
2.09231
2.09231
2.09231
2.09232
2.09232
2.09232
2.09233
2.09233
2.09233
2.09234
2.09234
2.09235
2.09235
2.09236
2.09236
2.09237
2.09238
2.09238
2.09239
2.0924
2.0924
2.09241
2.09242
2.09243
2.09244
2.09245
2.09246
2.09246
2.09247
2.09248
2.09249
2.0925
2.09251
2.09252
2.09254
2.09255
2.09256
2.09257
2.09258
2.09259
2.0926
2.09262
2.09263
2.09264
2.09265
2.09266
2.09268
2.09269
2.0927
2.09271
2.09272
2.09274
2.09275
2.09276
2.09277
2.09279
2.0928
2.09281
2.09282
2.09284
2.09285
2.09286
2.09287
2.09288
2.0929
2.09291
2.09292
2.09293
2.09294
2.09295
2.09296
2.09298
2.09299
2.093
2.09301
2.09302
2.09303
2.09304
2.09305
2.09306
2.09307
2.09308
2.09309
2.0931
2.09311
2.09312
2.09313
2.09313
2.09314
2.09315
2.09316
2.09317
2.09317
2.09318
2.09319
2.0932
2.0932
2.09321
2.09322
2.09322
2.09323
2.09323
2.09324
2.09325
2.09325
2.09326
2.09326
2.09327
2.09327
2.09327
2.09328
2.09328
2.09329
2.09329
2.09329
2.0933
2.0933
2.0933
2.0933
2.09331
2.09331
2.09331
2.09331
2.09332
2.09332
2.09332
2.09332
2.09332
2.09333
2.09333
2.09333
2.09333
2.09333
2.09333
2.09333
2.09333
2.09334
2.09334
2.09334
2.09334
2.09334
2.09334
2.09334
2.09334
2.09334
2.09335
2.09335
2.09335
2.09335
2.09335
2.09335
2.09335
2.09335
2.09336
2.09336
2.09336
2.09336
2.09336
2.09336
2.09337
2.09337
2.09337
2.09337
2.09337
2.09337
2.09338
2.09338
2.09338
2.09338
2.09338
2.09339
2.09339
2.09339
2.09339
2.09339
2.09339
2.0934
2.0934
2.0934
2.0934
2.0934
2.0934
2.09341
2.09341
2.09341
2.09341
2.09341
2.09341
2.09341
2.09341
2.09341
2.09341
2.09341
2.09341
2.09341
2.09341
2.09341
2.09341
2.09341
2.09341
2.0934
2.0934
2.0934
2.0934
2.09339
2.09339
2.09339
2.09338
2.09338
2.09338
2.09337
2.09337
2.09336
2.09336
2.09335
2.09334
2.09334
2.09333
2.09333
2.09332
2.09331
2.09331
2.0933
2.09329
2.09328
2.09328
2.09327
2.09326
2.09325
2.09324
2.09323
2.09323
2.09322
2.09321
2.0932
2.09319
2.09318
2.09317
2.09316
2.09316
2.09315
2.09314
2.09313
2.09312
2.09311
2.0931
2.09309
2.09308
2.09307
2.09307
2.09306
2.09305
2.09304
2.09303
2.09302
2.09302
2.09301
2.093
2.09299
2.09298
2.09298
2.09297
2.09296
2.09296
2.09295
2.09294
2.09294
2.09293
2.09292
2.09292
2.09291
2.09291
2.0929
2.09289
2.09289
2.09288
2.09288
2.09287
2.09287
2.09286
2.09286
2.09285
2.09285
2.09284
2.09284
2.09283
2.09283
2.09282
2.09282
2.09281
2.09281
2.0928
2.0928
2.09279
2.09279
2.09278
2.09278
2.09277
2.09277
2.09276
2.09276
2.09275
2.09274
2.09274
2.09273
2.09273
2.09272
2.09271
2.09271
2.0927
2.09269
2.09269
2.09268
2.09267
2.09267
2.09266
2.09265
2.09264
2.09264
2.09263
2.09262
2.09261
2.0926
2.0926
2.09259
2.09258
2.09257
2.09256
2.09256
2.09255
2.09254
2.09253
2.09252
2.09252
2.09251
2.0925
2.09249
2.09248
2.09248
2.09247
2.09246
2.09245
2.09245
2.09244
2.09243
2.09243
2.09242
2.09241
2.09241
2.0924
2.09239
2.09239
2.09238
2.09238
2.09237
2.09237
2.09236
2.09236
2.09235
2.09235
2.09234
2.09234
2.09233
2.09233
2.09233
2.09232
2.09232
2.09232
2.09231
2.09231
2.09231
2.0923
2.0923
2.0923
2.0923
2.0923
2.09229
2.09229
2.09229
2.09229
2.09229
2.09229
2.09229
2.09229
2.09228
2.09228
2.09228
2.09228
2.09228
2.09228
2.09228
2.09228
2.09228
2.09228
2.09228
2.09228
2.09228
2.09229
2.09229
2.09229
2.09229
2.09229
2.09229
2.09229
2.09229
2.09229
2.0923
2.0923
2.0923
2.0923
2.0923
2.0923
2.09231
2.09231
2.09231
2.09231
2.09232
2.09232
2.09232
2.09232
2.09233
2.09233
2.09233
2.09233
2.09234
2.09234
2.09234
2.09235
2.09235
2.09235
2.09236
2.09236
2.09237
2.09237
2.09237
2.09238
2.09238
2.09239
2.09239
2.09239
2.0924
2.0924
2.09241
2.09241
2.09242
2.09242
2.09243
2.09243
2.09244
2.09244
2.09245
2.09245
2.09246
2.09246
2.09247
2.09247
2.09248
2.09248
2.09249
2.0925
2.0925
2.09251
2.09251
2.09252
2.09252
2.09253
2.09253
2.09254
2.09255
2.09255
2.09256
2.09256
2.09257
2.09257
2.09258
2.09258
2.09259
2.09259
2.0926
2.09261
2.09261
2.09262
2.09262
2.09263
2.09263
2.09263
2.09264
2.09264
2.09265
2.09265
2.09265
2.09266
2.09266
2.09266
2.09267
2.09267
2.09267
2.09267
2.09267
2.09268
2.09268
2.09268
2.09268
2.09268
2.09268
2.09268
2.09267
2.09267
2.09267
2.09267
2.09266
2.09266
2.09266
2.09265
2.09265
2.09264
2.09263
2.09263
2.09262
2.09261
2.0926
2.09259
2.09259
2.09258
2.09256
2.09255
2.09254
2.09253
2.09252
2.0925
2.09249
2.09248
2.09246
2.09245
2.09243
2.09242
2.0924
2.09238
2.09237
2.09235
2.09233
2.09231
2.09229
2.09227
2.09225
2.09223
2.09221
2.09219
2.09217
2.09215
2.09213
2.09211
2.09209
2.09206
2.09204
2.09202
2.092
2.09197
2.09195
2.09193
2.0919
2.09188
2.09186
2.09183
2.09181
2.09178
2.09176
2.09174
2.09171
2.09169
2.09166
2.09164
2.09162
2.09159
2.09157
2.09154
2.09152
2.09149
2.09147
2.09145
2.09142
2.0914
2.09138
2.09135
2.09133
2.0913
2.09128
2.09126
2.09123
2.09121
2.09119
2.09117
2.09114
2.09112
2.0911
2.09108
2.09105
2.09103
2.09101
2.09099
2.09097
2.09095
2.09093
2.0909
2.09088
2.09086
2.09084
2.09082
2.09081
2.09079
2.09077
2.09075
2.09073
2.09071
2.0907
2.09068
2.09066
2.09064
2.09063
2.09061
2.0906
2.09058
2.09057
2.09055
2.09054
2.09052
2.09051
2.0905
2.09049
2.09047
2.09046
2.09045
2.09044
2.09043
2.09042
2.09041
2.0904
2.09039
2.09038
2.09037
2.09036
2.09036
2.09035
2.09034
2.09033
2.09033
2.09032
2.09032
2.09031
2.09031
2.0903
2.0903
2.09029
2.09029
2.09029
2.09028
2.09028
2.09028
2.09028
2.09027
2.09027
2.09027
2.09027
2.09027
2.09027
2.09027
2.09027
2.09027
2.09027
2.09026
2.09026
2.09026
2.09026
2.09027
2.09027
2.09027
2.09027
2.09027
2.09027
2.09027
2.09027
2.09027
2.09027
2.09027
2.09027
2.09027
2.09027
2.09027
2.09027
2.09027
2.09027
2.09027
2.09027
2.09027
2.09027
2.09027
2.09027
2.09027
2.09027
2.09027
2.09027
2.09027
2.09027
2.09027
2.09027
2.09027
2.09027
2.09027
2.09027
2.09027
2.09027
2.09027
2.09027
2.09027
2.09027
2.09027
2.09027
2.09027
2.09027
2.09027
2.09027
2.09027
2.09027
2.09027
2.09027
2.09027
2.09027
2.09028
2.09028
2.09028
2.09028
2.09028
2.09029
2.09029
2.09029
2.09029
2.0903
2.0903
2.09031
2.09031
2.09031
2.09032
2.09032
2.09033
2.09033
2.09034
2.09034
2.09035
2.09036
2.09036
2.09037
2.09038
2.09039
2.09039
2.0904
2.09041
2.09042
2.09043
2.09044
2.09044
2.09045
2.09046
2.09047
2.09048
2.09049
2.0905
2.09051
2.09053
2.09054
2.09055
2.09056
2.09057
2.09058
2.09059
2.0906
2.09062
2.09063
2.09064
2.09065
2.09066
2.09068
2.09069
2.0907
2.09071
2.09072
2.09074
2.09075
2.09076
2.09077
2.09078
2.09079
2.09081
2.09082
2.09083
2.09084
2.09085
2.09086
2.09087
2.09088
2.09089
2.0909
2.09091
2.09092
2.09093
2.09094
2.09094
2.09095
2.09096
2.09097
2.09098
2.09098
2.09099
2.091
2.091
2.09101
2.09102
2.09102
2.09103
2.09103
2.09104
2.09104
2.09105
2.09105
2.09106
2.09106
2.09106
2.09107
2.09107
2.09107
2.09108
2.09108
2.09108
2.09108
2.09109
2.09109
2.09109
2.09109
2.09109
2.0911
2.0911
2.0911
2.0911
2.0911
2.0911
2.0911
2.0911
2.0911
2.0911
2.0911
2.0911
2.0911
2.0911
2.0911
2.0911
2.0911
2.0911
2.0911
2.0911
2.0911
2.0911
2.0911
2.0911
2.0911
2.0911
2.09109
2.09109
2.09109
2.09109
2.09109
2.09109
2.09108
2.09108
2.09108
2.09108
2.09108
2.09107
2.09107
2.09107
2.09107
2.09107
2.09106
2.09106
2.09106
2.09106
2.09105
2.09105
2.09105
2.09105
2.09104
2.09104
2.09104
2.09104
2.09103
2.09103
2.09103
2.09103
2.09102
2.09102
2.09102
2.09102
2.09102
2.09102
2.09101
2.09101
2.09101
2.09101
2.09101
2.09101
2.09101
2.09101
2.09101
2.09101
2.09101
2.09101
2.09101
2.09101
2.09101
2.09101
2.09101
2.09101
2.09101
2.09101
2.09101
2.09102
2.09102
2.09102
2.09102
2.09102
2.09103
2.09103
2.09103
2.09103
2.09104
2.09104
2.09104
2.09105
2.09105
2.09105
2.09106
2.09106
2.09106
2.09107
2.09107
2.09107
2.09108
2.09108
2.09109
2.09109
2.09109
2.0911
2.0911
2.09111
2.09111
2.09111
2.09112
2.09112
2.09113
2.09113
2.09114
2.09114
2.09115
2.09115
2.09116
2.09116
2.09116
2.09117
2.09117
2.09118
2.09118
2.09119
2.09119
2.0912
2.09121
2.09121
2.09122
2.09122
2.09123
2.09123
2.09124
2.09124
2.09125
2.09126
2.09126
2.09127
2.09128
2.09128
2.09129
2.0913
2.0913
2.09131
2.09132
2.09132
2.09133
2.09134
2.09135
2.09135
2.09136
2.09137
2.09138
2.09139
2.0914
2.0914
2.09141
2.09142
2.09143
2.09144
2.09145
2.09146
2.09147
2.09147
2.09148
2.09149
2.0915
2.09151
2.09152
2.09153
2.09154
2.09155
2.09156
2.09157
2.09158
2.09159
2.0916
2.09161
2.09161
2.09162
2.09163
2.09164
2.09165
2.09166
2.09167
2.09168
2.09169
2.0917
2.09171
2.09172
2.09172
2.09173
2.09174
2.09175
2.09176
2.09177
2.09178
2.09178
2.09179
2.0918
2.09181
2.09182
2.09182
2.09183
2.09184
2.09185
2.09185
2.09186
2.09187
2.09188
2.09188
2.09189
2.0919
2.09191
2.09191
2.09192
2.09193
2.09193
2.09194
2.09195
2.09195
2.09196
2.09197
2.09197
2.09198
2.09199
2.09199
2.092
2.092
2.09201
2.09202
2.09202
2.09203
2.09204
2.09204
2.09205
2.09205
2.09206
2.09207
2.09207
2.09208
2.09209
2.09209
2.0921
2.0921
2.09211
2.09212
2.09212
2.09213
2.09214
2.09214
2.09215
2.09216
2.09217
2.09217
2.09218
2.09219
2.09219
2.0922
2.09221
2.09222
2.09223
2.09223
2.09224
2.09225
2.09226
2.09227
2.09228
2.09229
2.0923
2.09231
2.09232
2.09232
2.09233
2.09234
2.09235
2.09236
2.09237
2.09238
2.09239
2.0924
2.09241
2.09243
2.09244
2.09245
2.09246
2.09247
2.09248
2.09249
2.0925
2.09251
2.09252
2.09253
2.09254
2.09255
2.09256
2.09257
2.09258
2.09259
2.0926
2.09261
2.09262
2.09263
2.09264
2.09265
2.09266
2.09267
2.09268
2.09269
2.0927
2.09271
2.09272
2.09273
2.09274
2.09275
2.09275
2.09276
2.09277
2.09278
2.09279
2.0928
2.0928
2.09281
2.09282
2.09283
2.09284
2.09284
2.09285
2.09286
2.09286
2.09287
2.09288
2.09289
2.09289
2.0929
2.09291
2.09291
2.09292
2.09293
2.09293
2.09294
2.09294
2.09295
2.09296
2.09296
2.09297
2.09297
2.09298
2.09298
2.09299
2.09299
2.093
2.093
2.09301
2.09301
2.09302
2.09302
2.09303
2.09303
2.09304
2.09304
2.09304
2.09305
2.09305
2.09306
2.09306
2.09307
2.09307
2.09307
2.09308
2.09308
2.09308
2.09309
2.09309
2.0931
2.0931
2.0931
2.09311
2.09311
2.09311
2.09312
2.09312
2.09313
2.09313
2.09313
2.09314
2.09314
2.09314
2.09315
2.09315
2.09315
2.09316
2.09316
2.09317
2.09317
2.09317
2.09318
2.09318
2.09318
2.09319
2.09319
2.09319
2.0932
2.0932
2.09321
2.09321
2.09321
2.09322
2.09322
2.09322
2.09322
2.09323
2.09323
2.09323
2.09324
2.09324
2.09324
2.09325
2.09325
2.09325
2.09325
2.09326
2.09326
2.09326
2.09326
2.09326
2.09327
2.09327
2.09327
2.09327
2.09328
2.09328
2.09328
2.09328
2.09328
2.09329
2.09329
2.09329
2.09329
2.09329
2.09329
2.0933
2.0933
2.0933
2.0933
2.09331
2.09331
2.09331
2.09331
2.09331
2.09332
2.09332
2.09332
2.09332
2.09333
2.09333
2.09333
2.09334
2.09334
2.09334
2.09334
2.09335
2.09335
2.09335
2.09336
2.09336
2.09336
2.09337
2.09337
2.09337
2.09338
2.09338
2.09338
2.09339
2.09339
2.09339
2.0934
2.0934
2.09341
2.09341
2.09341
2.09341
2.09342
2.09342
2.09342
2.09343
2.09343
2.09343
2.09344
2.09344
2.09344
2.09344
2.09345
2.09345
2.09345
2.09345
2.09345
2.09345
2.09346
2.09346
2.09346
2.09346
2.09346
2.09346
2.09346
2.09346
2.09346
2.09346
2.09346
2.09346
2.09346
2.09346
2.09346
2.09346
2.09346
2.09345
2.09345
2.09345
2.09345
2.09345
2.09345
2.09344
2.09344
2.09344
2.09344
2.09344
2.09343
2.09343
2.09343
2.09343
2.09342
2.09342
2.09342
2.09342
2.09341
2.09341
2.09341
2.09341
2.0934
2.0934
2.0934
2.09339
2.09339
2.09339
2.09339
2.09338
2.09338
2.09338
2.09338
2.09337
2.09337
2.09337
2.09336
2.09336
2.09336
2.09336
2.09335
2.09335
2.09335
2.09334
2.09334
2.09334
2.09334
2.09333
2.09333
2.09333
2.09332
2.09332
2.09332
2.09331
2.09331
2.0933
2.0933
2.0933
2.09329
2.09329
2.09328
2.09328
2.09328
2.09327
2.09327
2.09326
2.09326
2.09325
2.09325
2.09324
2.09324
2.09323
2.09323
2.09322
2.09322
2.09321
2.0932
2.0932
2.09319
2.09319
2.09318
2.09318
2.09317
2.09316
2.09316
2.09315
2.09315
2.09314
2.09314
2.09313
2.09312
2.09312
2.09311
2.09311
2.0931
2.09309
2.09309
2.09308
2.09308
2.09307
2.09307
2.09306
2.09306
2.09305
2.09304
2.09304
2.09303
2.09303
2.09302
2.09302
2.09302
2.09301
2.09301
2.093
2.093
2.09299
2.09299
2.09299
2.09298
2.09298
2.09297
2.09297
2.09297
2.09296
2.09296
2.09296
2.09295
2.09295
2.09295
2.09294
2.09294
2.09294
2.09294
2.09293
2.09293
2.09293
2.09293
2.09293
2.09292
2.09292
2.09292
2.09292
2.09292
2.09291
2.09291
2.09291
2.09291
2.09291
2.09291
2.09291
2.09291
2.09291
2.0929
2.0929
2.0929
2.0929
2.0929
2.0929
2.0929
2.0929
2.0929
2.0929
2.0929
2.0929
2.0929
2.0929
2.09291
2.09291
2.09291
2.09291
2.09291
2.09291
2.09291
2.09291
2.09291
2.09291
2.09291
2.09291
2.09291
2.09291
2.09291
2.09291
2.09291
2.09291
2.09291
2.09291
2.09291
2.09291
2.09291
2.09291
2.09291
2.09291
2.09291
2.09291
2.09291
2.09291
2.09291
2.09291
2.09291
2.0929
2.0929
2.0929
2.0929
2.09289
2.09289
2.09289
2.09288
2.09288
2.09288
2.09287
2.09287
2.09286
2.09286
2.09285
2.09285
2.09284
2.09284
2.09283
2.09283
2.09282
2.09281
2.09281
2.0928
2.0928
2.09279
2.09278
2.09277
2.09277
2.09276
2.09275
2.09275
2.09274
2.09273
2.09273
2.09272
2.09271
2.0927
2.0927
2.09269
2.09268
2.09268
2.09267
2.09266
2.09266
2.09265
2.09264
2.09264
2.09263
2.09262
2.09262
2.09261
2.09261
2.0926
2.09259
2.09259
2.09258
2.09258
2.09257
2.09257
2.09257
2.09256
2.09256
2.09255
2.09255
2.09254
2.09254
2.09254
2.09253
2.09253
2.09253
2.09253
2.09252
2.09252
2.09252
2.09252
2.09252
2.09251
2.09251
2.09251
2.09251
2.09251
2.09251
2.09251
2.09251
2.09251
2.09251
2.09251
2.09251
2.09251
2.09252
2.09252
2.09252
2.09252
2.09252
2.09253
2.09253
2.09253
2.09253
2.09254
2.09254
2.09254
2.09255
2.09255
2.09255
2.09256
2.09256
2.09257
2.09257
2.09258
2.09258
2.09259
2.09259
2.0926
2.0926
2.09261
2.09261
2.09262
2.09262
2.09263
2.09264
2.09264
2.09265
2.09265
2.09266
2.09266
2.09267
2.09267
2.09268
2.09268
2.09269
2.09269
2.0927
2.0927
2.09271
2.09271
2.09272
2.09272
2.09273
2.09273
2.09274
2.09274
2.09274
2.09275
2.09275
2.09275
2.09276
2.09276
2.09276
2.09277
2.09277
2.09277
2.09277
2.09278
2.09278
2.09278
2.09278
2.09278
2.09279
2.09279
2.09279
2.09279
2.09279
2.09279
2.09279
2.09279
2.0928
2.0928
2.0928
2.0928
2.0928
2.0928
2.0928
2.0928
2.0928
2.0928
2.0928
2.09281
2.09281
2.09281
2.09281
2.09281
2.09281
2.09281
2.09281
2.09281
2.09282
2.09282
2.09282
2.09282
2.09282
2.09282
2.09283
2.09283
2.09283
2.09283
2.09283
2.09284
2.09284
2.09284
2.09284
2.09285
2.09285
2.09285
2.09285
2.09286
2.09286
2.09286
2.09286
2.09287
2.09287
2.09287
2.09287
2.09288
2.09288
2.09288
2.09288
2.09288
2.09288
2.09289
2.09289
2.09289
2.09289
2.09289
2.09289
2.09289
2.09289
2.09289
2.09289
2.09289
2.09289
2.09289
2.09289
2.09289
2.09288
2.09288
2.09288
2.09288
2.09288
2.09287
2.09287
2.09287
2.09286
2.09286
2.09286
2.09285
2.09285
2.09284
2.09284
2.09283
2.09283
2.09282
2.09282
2.09281
2.09281
2.0928
2.0928
2.09279
2.09279
2.09278
2.09277
2.09277
2.09276
2.09276
2.09275
2.09274
2.09274
2.09273
2.09273
2.09272
2.09272
2.09271
2.0927
2.0927
2.09269
2.09269
2.09268
2.09268
2.09267
2.09267
2.09266
2.09266
2.09266
2.09265
2.09265
2.09264
2.09264
2.09264
2.09264
2.09263
2.09263
2.09263
2.09263
2.09262
2.09262
2.09262
