2.1
2.09997
2.09992
2.09985
2.09975
2.09964
2.0995
2.09935
2.09917
2.09897
2.09875
2.0985
2.09824
2.09795
2.09765
2.09732
2.09698
2.09661
2.09623
2.09583
2.0954
2.09497
2.09451
2.09403
2.09354
2.09304
2.09252
2.09198
2.09143
2.09087
2.09029
2.0897
2.0891
2.08848
2.08786
2.08723
2.08658
2.08593
2.08527
2.0846
2.08392
2.08323
2.08254
2.08185
2.08115
2.08044
2.07973
2.07902
2.0783
2.07758
2.07686
2.07614
2.07541
2.07469
2.07397
2.07324
2.07252
2.0718
2.07109
2.07037
2.06966
2.06895
2.06825
2.06755
2.06686
2.06617
2.06549
2.06482
2.06415
2.06349
2.06284
2.0622
2.06156
2.06094
2.06032
2.05972
2.05912
2.05853
2.05795
2.05739
2.05683
2.05628
2.05575
2.05522
2.05471
2.0542
2.05371
2.05323
2.05276
2.0523
2.05185
2.05141
2.05098
2.05056
2.05015
2.04975
2.04936
2.04897
2.0486
2.04824
2.04788
2.04753
2.04719
2.04686
2.04654
2.04622
2.04591
2.04561
2.04531
2.04502
2.04474
2.04446
2.04419
2.04393
2.04367
2.04341
2.04316
2.04292
2.04268
2.04245
2.04222
2.042
2.04178
2.04157
2.04136
2.04116
2.04096
2.04077
2.04058
2.0404
2.04022
2.04005
2.03989
2.03973
2.03957
2.03942
2.03927
2.03913
2.039
2.03887
2.03875
2.03863
2.03851
2.0384
2.0383
2.0382
2.03811
2.03802
2.03793
2.03785
2.03778
2.0377
2.03764
2.03757
2.03751
2.03746
2.0374
2.03735
2.03731
2.03726
2.03722
2.03718
2.03715
2.03711
2.03708
2.03704
2.03701
2.03698
2.03696
2.03693
2.0369
2.03688
2.03685
2.03682
2.0368
2.03677
2.03675
2.03672
2.03669
2.03667
2.03664
2.03661
2.03659
2.03656
2.03653
2.0365
2.03647
2.03644
2.03641
2.03638
2.03634
2.03631
2.03628
2.03625
2.03621
2.03618
2.03615
2.03611
2.03608
2.03605
2.03601
2.03598
2.03595
2.03592
2.03589
2.03586
2.03583
2.0358
2.03577
2.03574
2.03572
2.0357
2.03567
2.03565
2.03563
2.03562
2.0356
2.03558
2.03557
2.03556
2.03555
2.03554
2.03553
2.03553
2.03552
2.03552
2.03552
2.03551
2.03551
2.03551
2.03551
2.03551
2.03551
2.03551
2.03551
2.03551
2.03551
2.0355
2.0355
2.03549
2.03549
2.03548
2.03547
2.03546
2.03545
2.03543
2.03541
2.03539
2.03537
2.03534
2.03532
2.03528
2.03525
2.03521
2.03517
2.03513
2.03509
2.03504
2.03499
2.03493
2.03488
2.03482
2.03475
2.03469
2.03462
2.03455
2.03448
2.0344
2.03432
2.03425
2.03417
2.03408
2.034
2.03391
2.03383
2.03374
2.03365
2.03357
2.03348
2.03339
2.0333
2.03321
2.03312
2.03303
2.03294
2.03286
2.03277
2.03268
2.0326
2.03251
2.03243
2.03235
2.03227
2.03219
2.03211
2.03203
2.03196
2.03188
2.03181
2.03174
2.03167
2.0316
2.03154
2.03147
2.03141
2.03135
2.03129
2.03123
2.03118
2.03112
2.03107
2.03102
2.03097
2.03092
2.03088
2.03083
2.03079
2.03074
2.0307
2.03067
2.03063
2.03059
2.03056
2.03053
2.0305
2.03047
2.03044
2.03041
2.03039
2.03037
2.03035
2.03033
2.03031
2.0303
2.03028
2.03027
2.03026
2.03025
2.03024
2.03024
2.03023
2.03023
2.03023
2.03023
2.03023
2.03023
2.03024
2.03024
2.03025
2.03026
2.03027
2.03028
2.03029
2.0303
2.03031
2.03033
2.03034
2.03036
2.03037
2.03039
2.03041
2.03042
2.03044
2.03046
2.03048
2.0305
2.03052
2.03054
2.03056
2.03058
2.0306
2.03062
2.03064
2.03066
2.03068
2.0307
2.03073
2.03075
2.03077
2.0308
2.03082
2.03085
2.03088
2.0309
2.03093
2.03096
2.031
2.03103
2.03106
2.0311
2.03114
2.03118
2.03122
2.03126
2.0313
2.03135
2.0314
2.03145
2.0315
2.03155
2.0316
2.03166
2.03172
2.03178
2.03184
2.0319
2.03196
2.03203
2.03209
2.03216
2.03223
2.0323
2.03237
2.03244
2.03252
2.03259
2.03267
2.03274
2.03282
2.0329
2.03298
2.03305
2.03313
2.03321
2.03329
2.03337
2.03345
2.03353
2.03361
2.03369
2.03377
2.03386
2.03394
2.03402
2.0341
2.03418
2.03426
2.03434
2.03442
2.0345
2.03458
2.03467
2.03475
2.03483
2.0349
2.03498
2.03506
2.03514
2.03522
2.0353
2.03537
2.03545
2.03552
2.0356
2.03567
2.03575
2.03582
2.03589
2.03596
2.03603
2.0361
2.03617
2.03624
2.03631
2.03637
2.03644
2.0365
2.03656
2.03663
2.03669
2.03675
2.0368
2.03686
2.03692
2.03698
2.03703
2.03708
2.03714
2.03719
2.03724
2.03729
2.03734
2.03739
2.03744
2.03749
2.03754
2.03759
2.03763
2.03768
2.03772
2.03776
2.0378
2.03784
2.03788
2.03792
2.03796
2.03799
2.03802
2.03806
2.03809
2.03811
2.03814
2.03816
2.03819
2.03821
2.03822
2.03824
2.03825
2.03826
2.03827
2.03827
2.03827
2.03827
2.03827
2.03826
2.03825
2.03824
2.03822
2.03821
2.03819
2.03816
2.03814
2.03811
2.03808
2.03805
2.03801
2.03798
2.03794
2.03789
2.03785
2.03781
2.03776
2.03771
2.03766
2.03761
2.03755
2.0375
2.03744
2.03738
2.03733
2.03727
2.03721
2.03715
2.03709
2.03702
2.03696
2.0369
2.03684
2.03677
2.03671
2.03664
2.03658
2.03651
2.03645
2.03638
2.03631
2.03625
2.03618
2.03612
2.03605
2.03599
2.03592
2.03585
2.03579
2.03572
2.03566
2.03559
2.03553
2.03546
2.0354
2.03533
2.03527
2.0352
2.03514
2.03507
2.03501
2.03495
2.03488
2.03482
2.03476
2.03469
2.03463
2.03457
2.03451
2.03445
2.03439
2.03433
2.03427
2.03422
2.03416
2.03411
2.03406
2.03401
2.03396
2.03391
2.03387
2.03383
2.03379
2.03375
2.03371
2.03368
2.03365
2.03363
2.0336
2.03358
2.03357
2.03355
2.03354
2.03354
2.03353
2.03353
2.03354
2.03354
2.03355
2.03357
2.03359
2.03361
2.03363
2.03366
2.03369
2.03373
2.03377
2.03381
2.03386
2.03391
2.03396
2.03402
2.03407
2.03413
2.0342
2.03427
2.03433
2.03441
2.03448
2.03456
2.03463
2.03471
2.03479
2.03488
2.03496
2.03505
2.03513
2.03522
2.03531
2.0354
2.03549
2.03558
2.03567
2.03577
2.03586
2.03595
2.03605
2.03614
2.03623
2.03633
2.03642
2.03651
2.0366
2.0367
2.03679
2.03688
2.03697
2.03706
2.03715
2.03724
2.03732
2.03741
2.0375
2.03758
2.03766
2.03775
2.03783
2.03791
2.03799
2.03806
2.03814
2.03821
2.03829
2.03836
2.03843
2.03849
2.03856
2.03862
2.03869
2.03875
2.0388
2.03886
2.03891
2.03896
2.03901
2.03905
2.03909
2.03913
2.03917
2.0392
2.03922
2.03925
2.03927
2.03929
2.0393
2.03931
2.03931
2.03931
2.03931
2.0393
2.03929
2.03927
2.03925
2.03922
2.03919
2.03915
2.03911
2.03906
2.03901
2.03896
2.0389
2.03884
2.03877
2.0387
2.03862
2.03854
2.03846
2.03837
2.03828
2.03818
2.03808
2.03798
2.03787
2.03776
2.03765
2.03754
2.03742
2.0373
2.03717
2.03705
2.03692
2.03679
2.03665
2.03652
2.03638
2.03624
2.0361
2.03596
2.03582
2.03568
2.03553
2.03538
2.03524
2.03509
2.03494
2.0348
2.03465
2.0345
2.03435
2.0342
2.03406
2.03391
2.03377
2.03362
2.03348
2.03334
2.0332
2.03306
2.03293
2.0328
2.03267
2.03254
2.03241
2.03229
2.03217
2.03206
2.03194
2.03183
2.03173
2.03163
2.03153
2.03144
2.03135
2.03127
2.03119
2.03112
2.03105
2.03098
2.03092
2.03087
2.03082
2.03078
2.03074
2.0307
2.03067
2.03064
2.03062
2.03061
2.0306
2.03059
2.03059
2.03059
2.0306
2.03061
2.03062
2.03065
2.03067
2.0307
2.03073
2.03077
2.03081
2.03085
2.03089
2.03094
2.031
2.03105
2.03111
2.03118
2.03124
2.03131
2.03138
2.03145
2.03152
2.0316
2.03168
2.03176
2.03184
2.03192
2.03201
2.03209
2.03218
2.03226
2.03235
2.03244
2.03252
2.03261
2.0327
2.03279
2.03288
2.03296
2.03305
2.03314
2.03323
2.03332
2.0334
2.03349
2.03358
2.03366
2.03375
2.03384
2.03393
2.03402
2.0341
2.03419
2.03428
2.03437
2.03447
2.03456
2.03465
2.03475
2.03485
2.03495
2.03505
2.03515
2.03526
2.03537
2.03548
2.03559
2.03571
2.03582
2.03595
2.03607
2.0362
2.03633
2.03646
2.03659
2.03673
2.03687
2.03701
2.03716
2.03731
2.03746
2.03761
2.03776
2.03792
2.03807
2.03823
2.03839
2.03854
2.0387
2.03886
2.03902
2.03918
2.03933
2.03949
2.03964
2.03979
2.03994
2.04009
2.04024
2.04038
2.04051
2.04065
2.04078
2.04091
2.04103
2.04114
2.04126
2.04136
2.04146
2.04156
2.04165
2.04173
2.04181
2.04188
2.04195
2.04201
2.04206
2.04211
2.04215
2.04218
2.0422
2.04222
2.04224
2.04224
2.04224
2.04223
2.04222
2.0422
2.04218
2.04214
2.04211
2.04206
2.04201
2.04196
2.0419
2.04183
2.04176
2.04168
2.0416
2.04152
2.04143
2.04133
2.04124
2.04113
2.04103
2.04092
2.0408
2.04068
2.04056
2.04044
2.04031
2.04018
2.04005
2.03991
2.03977
2.03963
2.03949
2.03934
2.03919
2.03904
2.03889
2.03874
2.03858
2.03843
2.03827
2.03811
2.03795
2.03779
2.03763
2.03747
2.03731
2.03715
2.03698
2.03682
2.03665
2.03649
2.03632
2.03616
2.036
2.03583
2.03567
2.0355
2.03534
2.03518
2.03502
2.03485
2.03469
2.03453
2.03438
2.03422
2.03406
2.03391
2.03375
2.0336
2.03345
2.0333
2.03315
2.03301
2.03286
2.03272
2.03258
2.03244
2.03231
2.03217
2.03204
2.03191
2.03179
2.03166
2.03154
2.03142
2.0313
2.03119
2.03108
2.03097
2.03087
2.03077
2.03067
2.03057
2.03048
2.03039
2.0303
2.03022
2.03014
2.03006
2.02999
2.02992
2.02985
2.02979
2.02973
2.02967
2.02962
2.02957
2.02952
2.02948
2.02944
2.0294
2.02937
2.02934
2.02932
2.02929
2.02927
2.02925
2.02924
2.02923
2.02922
2.02921
2.0292
2.0292
2.0292
2.0292
2.0292
2.0292
2.0292
2.02921
2.02921
2.02922
2.02923
2.02923
2.02924
2.02925
2.02925
2.02926
2.02926
2.02926
2.02927
2.02927
2.02927
2.02926
2.02926
2.02926
2.02925
2.02924
2.02923
2.02922
2.0292
2.02918
2.02916
2.02914
2.02912
2.02909
2.02907
2.02904
2.02901
2.02897
2.02894
2.0289
2.02886
2.02882
2.02878
2.02874
2.0287
2.02865
2.02861
2.02856
2.02852
2.02847
2.02843
2.02838
2.02833
2.02829
2.02824
2.0282
2.02815
2.02811
2.02807
2.02803
2.028
2.02796
2.02793
2.02789
2.02787
2.02784
2.02782
2.0278
2.02778
2.02777
2.02776
2.02775
2.02775
2.02775
2.02775
2.02776
2.02777
2.02779
2.02781
2.02784
2.02787
2.0279
2.02794
2.02798
2.02803
2.02808
2.02814
2.0282
2.02827
2.02834
2.02841
2.02849
2.02857
2.02866
2.02875
2.02885
2.02895
2.02905
2.02916
2.02927
2.02938
2.0295
2.02962
2.02974
2.02987
2.03
2.03013
2.03026
2.03039
2.03053
2.03067
2.03081
2.03095
2.0311
2.03124
2.03139
2.03154
2.03168
2.03183
2.03198
2.03213
2.03228
2.03243
2.03258
2.03273
2.03288
2.03303
2.03318
2.03333
2.03348
2.03362
2.03377
2.03392
2.03406
2.0342
2.03434
2.03448
2.03462
2.03476
2.03489
2.03502
2.03516
2.03528
2.03541
2.03553
2.03566
2.03577
2.03589
2.036
2.03612
2.03622
2.03633
2.03643
2.03653
2.03663
2.03672
2.03682
2.0369
2.03699
2.03707
2.03715
2.03722
2.0373
2.03736
2.03743
2.03749
2.03755
2.0376
2.03765
2.0377
2.03774
2.03778
2.03782
2.03785
2.03788
2.0379
2.03792
2.03794
2.03795
2.03796
2.03797
2.03797
2.03796
2.03796
2.03795
2.03793
2.03792
2.03789
2.03787
2.03784
2.03781
2.03778
2.03774
2.0377
2.03766
2.03761
2.03757
2.03752
2.03747
2.03741
2.03736
2.0373
2.03725
2.03719
2.03713
2.03707
2.03701
2.03695
2.03688
2.03682
2.03676
2.0367
2.03664
2.03658
2.03652
2.03646
2.0364
2.03634
2.03629
2.03623
2.03618
2.03613
2.03608
2.03603
2.03598
2.03593
2.03589
2.03585
2.03581
2.03577
2.03573
2.03569
2.03566
2.03563
2.0356
2.03557
2.03554
2.03552
2.03549
2.03547
2.03545
2.03543
2.03541
2.0354
2.03538
2.03536
2.03535
2.03534
2.03533
2.03531
2.0353
2.03529
2.03528
2.03527
2.03527
2.03526
2.03525
2.03524
2.03523
2.03523
2.03522
2.03521
2.0352
2.0352
2.03519
2.03518
2.03517
2.03517
2.03516
2.03515
2.03514
2.03513
2.03512
2.03511
2.0351
2.03509
2.03509
2.03508
2.03507
2.03506
2.03505
2.03504
2.03503
2.03503
2.03502
2.03501
2.035
2.035
2.03499
2.03498
2.03498
2.03498
2.03497
2.03497
2.03497
2.03497
2.03496
2.03496
2.03497
2.03497
2.03497
2.03497
2.03498
2.03498
2.03499
2.035
2.03501
2.03502
2.03503
2.03504
2.03505
2.03506
2.03508
2.03509
2.03511
2.03512
2.03514
2.03516
2.03517
2.03519
2.03521
2.03523
2.03525
2.03527
2.03529
2.03531
2.03532
2.03534
2.03536
2.03538
2.0354
2.03542
2.03543
2.03545
2.03547
2.03548
2.0355
2.03551
2.03553
2.03554
2.03555
2.03556
2.03557
2.03558
2.03559
2.0356
2.03561
2.03561
2.03562
2.03562
2.03563
2.03563
2.03563
2.03563
2.03563
2.03562
2.03562
2.03562
2.03561
2.0356
2.0356
2.03559
2.03557
2.03556
2.03555
2.03553
2.03551
2.0355
2.03548
2.03545
2.03543
2.0354
2.03538
2.03535
2.03532
2.03529
2.03526
2.03522
2.03519
2.03515
2.03511
2.03508
2.03504
2.035
2.03496
2.03491
2.03487
2.03483
2.03479
2.03475
2.03471
2.03467
2.03463
2.03459
2.03455
2.03451
2.03448
2.03444
2.03441
2.03438
2.03435
2.03433
2.0343
2.03428
2.03426
2.03424
2.03423
2.03421
2.03421
2.0342
2.0342
2.0342
2.0342
2.03421
2.03422
2.03423
2.03425
2.03427
2.0343
2.03432
2.03436
2.03439
2.03443
2.03448
2.03452
2.03457
2.03463
2.03469
2.03475
2.03481
2.03488
2.03495
2.03503
2.0351
2.03518
2.03527
2.03535
2.03544
2.03553
2.03562
2.03571
2.0358
2.0359
2.03599
2.03609
2.03619
2.03628
2.03638
2.03648
2.03658
2.03667
2.03677
2.03687
2.03696
2.03706
2.03715
2.03724
2.03734
2.03742
2.03751
2.0376
2.03768
2.03776
2.03784
2.03792
2.038
2.03807
2.03814
2.03821
2.03828
2.03834
2.03841
2.03847
2.03852
2.03858
2.03863
2.03868
2.03872
2.03877
2.03881
2.03885
2.03888
2.03892
2.03895
2.03898
2.039
2.03903
2.03905
2.03907
2.03909
2.0391
2.03911
2.03913
2.03914
2.03914
2.03915
2.03915
2.03915
2.03916
2.03915
2.03915
2.03915
2.03914
2.03914
2.03913
2.03912
2.03912
2.03911
2.0391
2.03909
2.03908
2.03907
2.03905
2.03904
2.03903
2.03902
2.03901
2.039
2.03898
2.03897
2.03896
2.03895
2.03894
2.03893
2.03892
2.03891
2.03889
2.03888
2.03887
2.03886
2.03885
2.03884
2.03882
2.03881
2.0388
2.03878
2.03877
2.03875
2.03874
2.03872
2.0387
2.03869
2.03867
2.03865
2.03863
2.0386
2.03858
2.03856
2.03853
2.03851
2.03848
2.03846
2.03843
2.0384
2.03837
2.03834
2.03831
2.03828
2.03824
2.03821
2.03817
2.03814
2.0381
2.03807
2.03803
2.03799
2.03795
2.03791
2.03787
2.03783
2.03779
2.03775
2.0377
2.03766
2.03762
2.03757
2.03753
2.03748
2.03743
2.03739
2.03734
2.0373
2.03725
2.0372
2.03716
2.03711
2.03706
2.03702
2.03697
2.03693
2.03689
2.03685
2.0368
2.03676
2.03673
2.03669
2.03665
2.03662
2.03659
2.03656
2.03653
2.0365
2.03647
2.03645
2.03643
2.03641
2.03639
2.03638
2.03636
2.03635
2.03634
2.03633
2.03632
2.03632
2.03631
2.03631
2.03631
2.03631
2.03631
2.03631
2.03631
2.03632
2.03632
2.03633
2.03633
2.03633
2.03634
2.03634
2.03634
2.03634
2.03635
2.03635
2.03634
2.03634
2.03634
2.03633
2.03632
2.03631
2.03629
2.03628
2.03626
2.03624
2.03622
2.03619
2.03616
2.03613
2.03609
2.03605
2.03601
2.03596
2.03592
2.03586
2.03581
2.03575
2.03569
2.03563
2.03556
2.03549
2.03541
2.03534
2.03526
2.03518
2.03509
2.03501
2.03492
2.03483
2.03473
2.03464
2.03454
2.03445
2.03435
2.03425
2.03415
2.03405
2.03395
2.03384
2.03374
2.03364
2.03354
2.03344
2.03333
2.03323
2.03313
2.03303
2.03293
2.03283
2.03274
2.03264
2.03255
2.03245
2.03236
2.03227
2.03218
2.03209
2.03201
2.03192
2.03184
2.03176
2.03168
2.03161
2.03154
2.03146
2.0314
2.03133
2.03126
2.0312
2.03114
2.03109
2.03103
2.03098
2.03093
2.03089
2.03085
2.03081
2.03077
2.03074
2.03071
2.03068
2.03066
2.03064
2.03062
2.03061
2.03059
2.03059
2.03058
2.03058
2.03059
2.03059
2.0306
2.03061
2.03063
2.03065
2.03067
2.0307
2.03073
2.03076
2.0308
2.03084
2.03088
2.03093
2.03098
2.03103
2.03109
2.03115
2.03121
2.03127
2.03134
2.03141
2.03148
2.03156
2.03163
2.03171
2.0318
2.03188
2.03197
2.03206
2.03215
2.03224
2.03234
2.03244
2.03254
2.03264
2.03274
2.03285
2.03296
2.03307
2.03318
2.03329
2.0334
2.03352
2.03364
2.03375
2.03387
2.034
2.03412
2.03424
2.03436
2.03449
2.03461
2.03474
2.03487
2.03499
2.03512
2.03525
2.03537
2.0355
2.03563
2.03575
2.03588
2.036
2.03613
2.03625
2.03637
2.03649
2.03661
2.03673
2.03685
2.03696
2.03707
2.03718
2.03729
2.0374
2.0375
2.0376
2.0377
2.0378
2.03789
2.03799
2.03808
2.03816
2.03825
2.03833
2.03841
2.03849
2.03856
2.03864
2.03871
2.03877
2.03884
2.0389
2.03896
2.03902
2.03908
2.03913
2.03919
2.03924
2.03929
2.03934
2.03938
2.03943
2.03947
2.03951
2.03955
2.03959
2.03963
2.03967
2.03971
2.03974
2.03977
2.03981
2.03984
2.03987
2.0399
2.03994
2.03997
2.04
2.04003
2.04005
2.04008
2.04011
2.04014
2.04017
2.04019
2.04022
2.04025
2.04027
2.0403
2.04032
2.04035
2.04038
2.0404
2.04043
2.04045
2.04048
2.0405
2.04052
2.04055
2.04057
2.04059
2.04061
2.04063
2.04065
2.04067
2.04069
2.04071
2.04073
2.04074
2.04076
2.04078
2.04079
2.0408
2.04081
2.04083
2.04084
2.04084
2.04085
2.04086
2.04087
2.04087
2.04088
2.04088
2.04088
2.04089
2.04089
2.04089
2.04089
2.04089
2.04089
2.04089
2.04088
2.04088
2.04088
2.04087
2.04087
2.04087
2.04086
2.04086
2.04085
2.04085
2.04084
2.04083
2.04083
2.04082
2.04081
2.0408
2.0408
2.04079
2.04078
2.04077
2.04076
2.04075
2.04073
2.04072
2.04071
2.04069
2.04067
2.04065
2.04063
2.04061
2.04059
2.04056
2.04054
2.04051
2.04047
2.04044
2.0404
2.04037
2.04033
2.04028
2.04024
2.04019
2.04013
2.04008
2.04002
2.03996
2.0399
2.03984
2.03977
2.0397
2.03963
2.03955
2.03947
2.03939
2.03931
2.03923
2.03915
2.03906
2.03897
2.03889
2.0388
2.03871
2.03862
2.03853
2.03844
2.03834
2.03825
2.03817
2.03808
2.03799
2.0379
2.03782
2.03774
2.03766
2.03758
2.0375
2.03743
2.03735
2.03728
2.03722
2.03715
2.03709
2.03703
2.03698
2.03692
2.03687
2.03682
2.03677
2.03673
2.03669
2.03665
2.03661
2.03657
2.03654
2.03651
2.03648
2.03645
2.03642
2.03639
2.03636
2.03633
2.03631
2.03628
2.03625
2.03623
2.0362
2.03617
2.03614
2.03611
2.03608
2.03604
2.03601
2.03597
2.03593
2.03589
2.03585
2.03581
2.03576
2.03571
2.03566
2.03561
2.03555
2.03549
2.03543
2.03537
2.0353
2.03524
2.03516
2.03509
2.03502
2.03494
2.03486
2.03478
2.0347
2.03462
2.03454
2.03445
2.03437
2.03428
2.03419
2.03411
2.03402
2.03393
2.03385
2.03376
2.03367
2.03359
2.03351
2.03342
2.03334
2.03326
2.03319
2.03311
2.03304
2.03297
2.0329
2.03283
2.03277
2.03271
2.03265
2.03259
2.03254
2.03249
2.03244
2.0324
2.03235
2.03232
2.03228
2.03225
2.03222
2.03219
2.03217
2.03215
2.03213
2.03211
2.0321
2.03209
2.03208
2.03207
2.03207
2.03207
2.03207
2.03207
2.03207
2.03207
2.03208
2.03209
2.0321
2.03211
2.03212
2.03213
2.03214
2.03215
2.03216
2.03217
2.03219
2.0322
2.03221
2.03222
2.03223
2.03224
2.03225
2.03225
2.03226
2.03227
2.03227
2.03227
2.03227
2.03227
2.03227
2.03226
2.03225
2.03225
2.03224
2.03222
2.03221
2.0322
2.03218
2.03216
2.03214
2.03212
2.0321
2.03208
2.03205
2.03203
2.032
2.03197
2.03195
2.03192
2.03189
2.03186
2.03184
2.03181
2.03178
2.03176
2.03173
2.03171
2.03169
2.03167
2.03165
2.03163
2.03161
2.0316
2.03159
2.03158
2.03157
2.03156
2.03156
2.03156
2.03156
2.03157
2.03158
2.03159
2.03161
2.03162
2.03164
2.03167
2.03169
2.03172
2.03175
2.03179
2.03183
2.03187
2.03191
2.03196
2.03201
2.03206
2.03212
2.03218
2.03224
2.0323
2.03237
2.03244
2.03251
2.03258
2.03265
2.03273
2.03281
2.03289
2.03297
2.03305
2.03314
2.03322
2.03331
2.03339
2.03348
2.03357
2.03366
2.03374
2.03383
2.03392
2.034
2.03409
2.03417
2.03426
2.03434
2.03442
2.0345
2.03458
2.03465
2.03473
2.0348
2.03487
2.03494
2.03501
2.03508
2.03514
2.0352
2.03526
2.03532
2.03538
2.03543
2.03549
2.03554
2.03559
2.03564
2.03569
2.03574
2.03579
2.03583
2.03588
2.03592
2.03597
2.03601
2.03605
2.03609
2.03614
2.03618
2.03622
2.03626
2.03631
2.03635
2.03639
2.03643
2.03647
2.03652
2.03656
2.0366
2.03664
2.03669
2.03673
2.03677
2.03682
2.03686
2.03691
2.03695
2.03699
2.03704
2.03708
2.03713
2.03717
2.03722
2.03726
2.03731
2.03735
2.0374
2.03744
2.03749
2.03753
2.03757
2.03761
2.03766
2.0377
2.03774
2.03777
2.03781
2.03785
2.03789
2.03792
2.03795
2.03799
2.03802
2.03804
2.03807
2.0381
2.03812
2.03814
2.03816
2.03818
2.03819
2.03821
2.03822
2.03823
2.03823
2.03824
2.03824
2.03824
2.03824
2.03823
2.03823
2.03822
2.03821
2.03819
2.03818
2.03816
2.03814
2.03812
2.0381
2.03807
2.03805
2.03802
2.03799
2.03796
2.03793
2.0379
2.03787
2.03783
2.0378
2.03777
2.03773
2.0377
2.03766
2.03763
2.03759
2.03756
2.03753
2.03749
2.03746
2.03743
2.0374
2.03737
2.03734
2.03731
2.03728
2.03726
2.03723
2.03721
2.03718
2.03716
2.03714
2.03712
2.0371
2.03708
2.03706
2.03704
2.03703
2.03701
2.03699
2.03698
2.03696
2.03695
2.03694
2.03692
2.03691
2.0369
2.03688
2.03687
2.03686
2.03684
2.03683
2.03681
2.0368
2.03678
2.03676
2.03675
2.03673
2.03671
2.03669
2.03667
2.03665
2.03662
2.0366
2.03658
2.03655
2.03653
2.0365
2.03647
2.03645
2.03642
2.03639
2.03636
2.03633
2.0363
2.03627
2.03624
2.03621
2.03618
2.03615
2.03612
2.03608
2.03605
2.03602
2.03599
2.03596
2.03593
2.0359
2.03587
2.03584
2.0358
2.03577
2.03575
2.03572
2.03569
2.03566
2.03563
2.0356
2.03558
2.03555
2.03553
2.03551
2.03549
2.03547
2.03545
2.03543
2.03542
2.03541
2.0354
2.03539
2.03538
2.03538
2.03538
2.03538
2.03539
2.0354
2.03541
2.03543
2.03545
2.03548
2.0355
2.03554
2.03557
2.03562
2.03566
2.03571
2.03577
2.03583
2.03589
2.03596
2.03604
2.03612
2.03621
2.0363
2.03639
2.03649
2.0366
2.03671
2.03683
2.03695
2.03708
2.03721
2.03734
2.03748
2.03763
2.03778
2.03793
2.03809
2.03825
2.03841
2.03858
2.03875
2.03892
2.0391
2.03928
2.03946
2.03964
2.03982
2.04001
2.04019
2.04038
2.04056
2.04075
2.04093
2.04111
2.04129
2.04147
2.04165
2.04183
2.042
2.04217
2.04234
2.0425
2.04266
2.04282
2.04297
2.04311
2.04326
2.04339
2.04353
2.04365
2.04377
2.04389
2.04399
2.0441
2.04419
2.04428
2.04436
2.04444
2.04451
2.04457
2.04463
2.04468
2.04472
2.04475
2.04478
2.0448
2.04481
2.04482
2.04482
2.04481
2.04479
2.04477
2.04474
2.0447
2.04465
2.0446
2.04454
2.04448
2.0444
2.04433
2.04424
2.04415
2.04405
2.04395
2.04384
2.04373
2.04361
2.04348
2.04335
2.04321
2.04307
2.04293
2.04278
2.04263
2.04247
2.04231
2.04215
2.04198
2.04181
2.04163
2.04146
2.04128
2.04109
2.04091
2.04072
2.04053
2.04034
2.04015
2.03995
2.03976
2.03956
2.03936
2.03916
2.03895
2.03875
2.03855
2.03834
2.03813
2.03792
2.03771
2.0375
2.03729
2.03708
2.03687
2.03665
2.03644
2.03623
2.03601
2.0358
2.03558
2.03537
2.03516
2.03494
2.03473
2.03452
2.03431
2.0341
2.03389
2.03368
2.03347
2.03327
2.03306
2.03286
2.03266
2.03246
2.03226
2.03207
2.03188
2.03168
2.0315
2.03131
2.03113
2.03094
2.03077
2.03059
2.03042
2.03025
2.03008
2.02992
2.02975
2.0296
2.02944
2.02929
2.02914
2.029
2.02885
2.02871
2.02858
2.02845
2.02832
2.02819
2.02807
2.02795
2.02783
2.02772
2.02761
2.02751
2.0274
2.0273
2.0272
2.02711
2.02702
2.02693
2.02684
2.02676
2.02668
2.0266
2.02652
2.02645
2.02638
2.02631
2.02625
2.02618
2.02612
2.02606
2.026
2.02595
2.02589
2.02584
2.02579
2.02575
2.0257
2.02566
2.02562
2.02558
2.02554
2.02551
2.02547
2.02544
2.02541
2.02539
2.02536
2.02534
2.02532
2.0253
2.02529
2.02527
2.02526
2.02525
2.02525
2.02524
2.02524
2.02525
2.02525
2.02526
2.02527
2.02528
2.0253
2.02532
2.02534
2.02536
2.02539
2.02542
2.02545
2.02549
2.02553
2.02557
2.02562
2.02567
2.02572
2.02577
2.02583
2.02589
2.02595
2.02602
2.02609
2.02616
2.02624
2.02631
2.0264
2.02648
2.02656
2.02665
2.02674
2.02684
2.02693
2.02703
2.02713
2.02723
2.02734
2.02744
2.02755
2.02766
2.02776
2.02787
2.02798
2.0281
2.02821
2.02832
2.02843
2.02854
2.02865
2.02876
2.02887
2.02898
2.02909
2.02919
2.0293
2.0294
2.0295
2.0296
2.02969
2.02979
2.02988
2.02997
2.03006
2.03014
2.03022
2.0303
2.03038
2.03046
2.03053
2.0306
2.03066
2.03073
2.03079
2.03085
2.03091
2.03096
2.03102
2.03107
2.03112
2.03116
2.03121
2.03125
2.0313
2.03134
2.03138
2.03141
2.03145
2.03149
2.03152
2.03156
2.03159
2.03162
2.03166
2.03169
2.03172
2.03175
2.03178
2.03181
2.03185
2.03188
2.03191
2.03194
2.03197
2.03201
2.03204
2.03207
2.03211
2.03214
2.03218
2.03221
2.03225
2.03229
2.03233
2.03236
2.0324
2.03244
2.03248
2.03252
2.03256
2.03261
2.03265
2.03269
2.03274
2.03278
2.03283
2.03288
2.03292
2.03297
2.03302
2.03307
2.03312
2.03317
2.03323
2.03328
2.03333
2.03339
2.03344
2.0335
2.03356
2.03361
2.03367
2.03373
2.03379
2.03385
2.03391
2.03398
2.03404
2.0341
2.03416
2.03423
2.03429
2.03435
2.03442
2.03448
2.03454
2.03461
2.03467
2.03473
2.03479
2.03486
2.03492
2.03497
2.03503
2.03509
2.03515
2.0352
2.03526
2.03531
2.03536
2.03541
2.03546
2.03551
2.03555
2.0356
2.03564
2.03568
2.03572
2.03576
2.0358
2.03583
2.03587
2.0359
2.03594
2.03597
2.036
2.03603
2.03606
2.03609
2.03612
2.03615
2.03617
2.0362
2.03623
2.03626
2.03629
2.03632
2.03635
2.03638
2.03642
2.03645
2.03649
2.03652
2.03656
2.0366
2.03664
2.03668
2.03673
2.03677
2.03682
2.03687
2.03692
2.03697
2.03703
2.03708
2.03714
2.0372
2.03726
2.03732
2.03739
2.03745
2.03752
2.03759
2.03766
2.03773
2.0378
2.03787
2.03795
2.03802
2.0381
2.03817
2.03825
2.03832
2.0384
2.03847
2.03855
2.03862
2.03869
2.03877
2.03884
2.03891
2.03898
2.03905
2.03912
2.03919
2.03926
2.03932
2.03939
2.03945
2.03951
2.03957
2.03963
2.03969
2.03974
2.03979
2.03984
2.03989
2.03994
2.03999
2.04003
2.04008
2.04012
2.04016
2.0402
2.04024
2.04027
2.04031
2.04034
2.04038
2.04041
2.04044
2.04047
2.0405
2.04053
2.04055
2.04058
2.0406
2.04063
2.04065
2.04068
2.0407
2.04072
2.04074
2.04076
2.04078
2.04079
2.04081
2.04082
2.04083
2.04085
2.04085
2.04086
2.04087
2.04087
2.04088
2.04088
2.04087
2.04087
2.04086
2.04086
2.04085
2.04083
2.04082
2.0408
2.04078
2.04076
2.04073
2.0407
2.04067
2.04064
2.0406
2.04056
2.04052
2.04047
2.04042
2.04037
2.04032
2.04026
2.0402
2.04014
2.04008
2.04001
2.03994
2.03987
2.0398
2.03972
2.03964
2.03956
2.03948
2.03939
2.03931
2.03922
2.03913
2.03904
2.03895
2.03885
2.03876
2.03866
2.03856
2.03846
2.03836
2.03826
2.03816
2.03806
2.03795
2.03785
2.03774
2.03763
2.03753
2.03742
2.03731
2.03719
2.03708
2.03697
2.03685
2.03674
2.03662
2.0365
2.03638
2.03626
2.03613
2.03601
2.03588
2.03575
2.03562
2.03549
2.03536
2.03522
2.03508
2.03494
2.0348
2.03465
2.03451
2.03436
2.0342
2.03405
2.03389
2.03373
2.03357
2.0334
2.03324
2.03307
2.03289
2.03272
2.03254
2.03237
2.03219
2.032
2.03182
2.03164
2.03145
2.03126
2.03108
2.03089
2.0307
2.03051
2.03033
2.03014
2.02995
2.02976
2.02958
2.02939
2.02921
2.02903
2.02885
2.02868
2.0285
2.02833
2.02816
2.028
2.02784
2.02768
2.02753
2.02737
2.02723
2.02708
2.02695
2.02681
2.02668
2.02656
2.02644
2.02632
2.02621
2.0261
2.026
2.02591
2.02581
2.02573
2.02564
2.02557
2.0255
2.02543
2.02537
2.02531
2.02525
2.02521
2.02516
2.02512
2.02509
2.02506
2.02503
2.02501
2.025
2.02499
2.02498
2.02498
2.02498
2.02499
2.025
2.02502
2.02504
2.02506
2.02509
2.02513
2.02517
2.02521
2.02525
2.02531
2.02536
2.02542
2.02548
2.02555
2.02562
2.0257
2.02578
2.02586
2.02595
2.02603
2.02613
2.02622
2.02632
2.02642
2.02653
2.02664
2.02675
2.02686
2.02697
2.02709
2.02721
2.02733
2.02745
2.02757
2.0277
2.02783
2.02795
2.02808
2.02821
2.02834
2.02847
2.02861
2.02874
2.02887
2.029
2.02914
2.02927
2.0294
2.02954
2.02967
2.0298
2.02993
2.03006
2.03019
2.03032
2.03045
2.03058
2.03071
2.03083
2.03096
2.03108
2.0312
2.03132
2.03143
2.03155
2.03166
2.03177
2.03188
2.03198
2.03208
2.03218
2.03228
2.03237
2.03246
2.03255
2.03263
2.03271
2.03279
2.03286
2.03293
2.033
2.03306
2.03312
2.03317
2.03322
2.03327
2.03331
2.03335
2.03339
2.03342
2.03345
2.03348
2.0335
2.03353
2.03355
2.03356
2.03358
2.03359
2.0336
2.03361
2.03362
2.03363
2.03363
2.03364
2.03364
2.03364
2.03365
2.03365
2.03365
2.03366
2.03366
2.03367
2.03367
2.03368
2.03369
2.0337
2.03371
2.03372
2.03373
2.03375
2.03377
2.03378
2.0338
2.03383
2.03385
2.03388
2.03391
2.03394
2.03397
2.034
2.03404
2.03408
2.03412
2.03416
2.03421
2.03425
2.0343
2.03435
2.0344
2.03446
2.03451
2.03457
2.03462
2.03468
2.03474
2.0348
2.03486
2.03492
2.03498
2.03504
2.0351
2.03516
2.03521
2.03527
2.03533
2.03539
2.03544
2.03549
2.03555
2.0356
2.03565
2.0357
2.03574
2.03578
2.03583
2.03587
2.0359
2.03594
2.03597
2.036
2.03603
2.03606
2.03609
2.03611
2.03613
2.03614
2.03616
2.03617
2.03619
2.03619
2.0362
2.03621
2.03621
2.03621
2.03621
2.03621
2.03621
2.0362
2.03619
2.03619
2.03618
2.03616
2.03615
2.03613
2.03612
2.0361
2.03608
2.03606
2.03603
2.03601
2.03598
2.03595
2.03592
2.03589
2.03586
2.03582
2.03578
2.03575
2.0357
2.03566
2.03562
2.03557
2.03552
2.03547
2.03542
2.03537
2.03531
2.03525
2.03519
2.03513
2.03507
2.03501
2.03494
2.03488
2.03481
2.03474
2.03467
2.03461
2.03454
2.03447
2.0344
2.03433
2.03426
2.03419
2.03412
2.03405
2.03399
2.03392
2.03386
2.03379
2.03373
2.03367
2.03361
2.03355
2.0335
2.03345
2.0334
2.03335
2.0333
2.03326
2.03322
2.03318
2.03314
2.03311
2.03308
2.03306
2.03303
2.03301
2.03299
2.03298
2.03296
2.03295
2.03295
2.03294
2.03294
2.03294
2.03294
2.03294
2.03295
2.03296
2.03297
2.03298
2.03299
2.033
2.03301
2.03303
2.03304
2.03306
2.03307
2.03309
2.0331
2.03312
2.03313
2.03314
2.03316
2.03317
2.03318
2.03319
2.0332
2.03321
2.03322
2.03322
2.03322
2.03323
2.03323
2.03323
2.03323
2.03322
2.03322
2.03321
2.0332
2.0332
2.03319
2.03317
2.03316
2.03315
2.03313
2.03312
2.0331
2.03309
2.03307
2.03305
2.03303
2.03301
2.03299
2.03298
2.03296
2.03294
2.03292
2.0329
2.03288
2.03286
2.03284
2.03282
2.0328
2.03278
2.03276
2.03275
2.03273
2.03271
2.0327
2.03268
2.03267
2.03265
2.03264
2.03262
2.03261
2.0326
2.03258
2.03257
2.03256
2.03255
2.03254
2.03252
2.03251
2.0325
2.03249
2.03248
2.03247
2.03246
2.03245
2.03243
2.03242
2.03241
2.0324
2.03239
2.03238
2.03237
2.03236
2.03235
2.03234
2.03232
2.03231
2.0323
2.03229
2.03228
2.03227
2.03226
2.03226
2.03225
2.03224
2.03223
2.03222
2.03222
2.03221
2.03221
2.0322
2.0322
2.0322
2.03219
2.03219
2.03219
2.03219
2.03218
2.03218
2.03218
2.03218
2.03218
2.03217
2.03217
2.03217
2.03216
2.03216
2.03216
2.03215
2.03214
2.03214
2.03213
2.03212
2.03211
2.0321
2.03209
2.03208
2.03206
2.03205
2.03203
2.03202
2.032
2.03198
2.03196
2.03194
2.03192
2.0319
2.03187
2.03185
2.03182
2.0318
2.03177
2.03174
2.03172
2.03169
2.03166
2.03163
2.03159
2.03156
2.03153
2.0315
2.03146
2.03143
2.03139
2.03136
2.03132
2.03128
2.03125
2.03121
2.03117
2.03113
2.03109
2.03105
2.031
2.03096
2.03092
2.03087
2.03083
2.03078
2.03074
2.03069
2.03064
2.03059
2.03055
2.0305
2.03045
2.03039
2.03034
2.03029
2.03024
2.03018
2.03013
2.03008
2.03002
2.02996
2.02991
2.02985
2.02979
2.02974
2.02968
2.02962
2.02956
2.0295
2.02945
2.02939
2.02933
2.02927
2.02921
2.02916
2.0291
2.02904
2.02898
2.02893
2.02887
2.02881
2.02876
2.0287
2.02865
2.0286
2.02854
2.02849
2.02844
2.02839
2.02834
2.02829
2.02824
2.02819
2.02814
2.02809
2.02804
2.028
2.02795
2.0279
2.02786
2.02781
2.02777
2.02772
2.02768
2.02763
2.02759
2.02755
2.0275
2.02746
2.02742
2.02737
2.02733
2.02729
2.02725
2.0272
2.02716
2.02712
2.02708
2.02704
2.027
2.02696
2.02692
2.02688
2.02684
2.0268
2.02676
2.02672
2.02668
2.02664
2.02661
2.02657
2.02653
2.0265
2.02646
2.02642
2.02639
2.02636
2.02632
2.02629
2.02626
2.02623
2.0262
2.02617
2.02614
2.02611
2.02608
2.02606
2.02603
2.02601
2.02598
2.02596
2.02594
2.02592
2.0259
2.02588
2.02586
2.02584
2.02582
2.02581
2.02579
2.02578
2.02577
2.02575
2.02574
2.02573
2.02572
2.02571
2.0257
2.0257
2.02569
2.02568
2.02568
2.02568
2.02567
2.02567
2.02567
2.02567
2.02568
2.02568
2.02569
2.02569
2.0257
2.02571
2.02572
2.02574
2.02575
2.02577
2.02579
2.02581
2.02583
2.02586
2.02588
2.02591
2.02594
2.02597
2.02601
2.02605
2.02608
2.02612
2.02617
2.02621
2.02626
2.02631
2.02636
2.02641
2.02647
2.02652
2.02658
2.02664
2.0267
2.02677
2.02683
2.0269
2.02697
2.02704
2.02711
2.02718
2.02725
2.02733
2.0274
2.02748
2.02756
2.02764
2.02772
2.0278
2.02788
2.02796
2.02804
2.02812
2.0282
2.02828
2.02836
2.02845
2.02853
2.02861
2.02869
2.02877
2.02885
2.02893
2.02901
2.02909
2.02917
2.02924
2.02932
2.02939
2.02947
2.02954
2.02961
2.02968
2.02975
2.02982
2.02988
2.02994
2.03
2.03006
2.03012
2.03018
2.03023
2.03028
2.03033
2.03037
2.03042
2.03046
2.0305
2.03053
2.03057
2.0306
2.03063
2.03065
2.03068
2.0307
2.03072
2.03073
2.03075
2.03076
2.03077
2.03078
2.03079
2.03079
2.0308
2.0308
2.0308
2.03079
2.03079
2.03079
2.03078
2.03077
2.03076
2.03075
2.03074
2.03073
2.03071
2.0307
2.03068
2.03067
2.03065
2.03063
2.03062
2.0306
2.03058
2.03056
2.03054
2.03052
2.0305
2.03048
2.03046
2.03044
2.03042
2.0304
2.03038
2.03036
2.03034
2.03032
2.0303
2.03029
2.03027
2.03025
2.03023
2.03022
2.0302
2.03018
2.03017
2.03016
2.03014
2.03013
2.03011
2.0301
2.03009
2.03008
2.03006
2.03005
2.03004
2.03003
2.03002
2.03001
2.03
2.02999
2.02998
2.02997
2.02996
2.02995
2.02994
2.02993
2.02993
2.02992
2.02991
2.02991
2.02991
2.0299
2.0299
2.0299
2.0299
2.0299
2.0299
2.0299
2.02991
2.02991
2.02992
2.02993
2.02994
2.02995
2.02996
2.02998
2.02999
2.03001
2.03003
2.03005
2.03007
2.03009
2.03012
2.03014
2.03017
2.03019
2.03022
2.03025
2.03028
2.03031
2.03034
2.03038
2.03041
2.03044
2.03047
2.0305
2.03054
2.03057
2.0306
2.03063
2.03066
2.03069
2.03072
2.03075
2.03078
2.03081
2.03083
2.03086
2.03088
2.0309
2.03092
2.03094
2.03096
2.03098
2.03099
2.031
2.03102
2.03103
2.03104
2.03105
2.03105
2.03106
2.03106
2.03106
2.03106
2.03106
2.03106
2.03106
2.03105
2.03105
2.03104
2.03103
2.03102
2.03101
2.03099
2.03098
2.03096
2.03095
2.03093
2.03091
2.03089
2.03087
2.03084
2.03082
2.03079
2.03077
2.03074
2.03072
2.03069
2.03066
2.03063
2.03061
2.03058
2.03055
2.03052
2.03049
2.03047
2.03044
2.03041
2.03039
2.03036
2.03034
2.03031
2.03029
2.03027
2.03025
2.03023
2.03021
2.03019
2.03018
2.03016
2.03015
2.03014
2.03013
2.03012
2.03011
2.0301
2.0301
2.03009
2.03009
2.03009
2.03009
2.0301
2.0301
2.0301
2.03011
2.03012
2.03013
2.03014
2.03015
2.03016
2.03017
2.03019
2.0302
2.03022
2.03024
2.03026
2.03028
2.0303
2.03032
2.03034
2.03036
2.03039
2.03041
2.03043
2.03046
2.03048
2.03051
2.03054
2.03056
2.03059
2.03062
2.03064
2.03067
2.0307
2.03073
2.03076
2.03079
2.03082
2.03084
2.03087
2.0309
2.03094
2.03097
2.031
2.03103
2.03106
2.0311
2.03113
2.03116
2.0312
2.03124
2.03127
2.03131
2.03135
2.03139
2.03143
2.03147
2.03152
2.03156
2.03161
2.03165
2.0317
2.03175
2.0318
2.03185
2.0319
2.03196
2.03201
2.03206
2.03212
2.03218
2.03223
2.03229
2.03235
2.03241
2.03247
2.03252
2.03258
2.03264
2.0327
2.03275
2.03281
2.03286
2.03292
2.03297
2.03302
2.03307
2.03311
2.03316
2.0332
2.03324
2.03328
2.03332
2.03336
2.03339
2.03342
2.03345
2.03347
2.0335
2.03352
2.03353
2.03355
2.03356
2.03357
2.03358
2.03359
2.03359
2.03359
2.03358
2.03358
2.03357
2.03356
2.03355
2.03353
2.03352
2.0335
2.03348
2.03345
2.03343
2.0334
2.03337
2.03334
2.03331
2.03327
2.03324
2.0332
2.03316
2.03312
2.03308
2.03304
2.033
2.03296
2.03291
2.03287
2.03283
2.03278
2.03274
2.0327
2.03266
2.03261
2.03257
2.03253
2.03249
2.03246
2.03242
2.03238
2.03235
2.03231
2.03228
2.03225
2.03222
2.0322
2.03217
2.03214
2.03212
2.0321
2.03208
2.03206
2.03205
2.03203
2.03202
2.03201
2.032
2.03199
2.03198
2.03197
2.03196
2.03195
2.03195
2.03194
2.03194
2.03193
2.03193
2.03192
2.03192
2.03191
2.03191
2.0319
2.0319
2.03189
2.03188
2.03188
2.03187
2.03186
2.03185
2.03183
2.03182
2.03181
2.03179
2.03178
2.03176
2.03174
2.03172
2.0317
2.03168
2.03165
2.03163
2.03161
2.03158
2.03155
2.03153
2.0315
2.03148
2.03145
2.03142
2.0314
2.03137
2.03134
2.03132
2.0313
2.03127
2.03125
2.03123
2.03122
2.0312
2.03119
2.03118
2.03117
2.03116
2.03116
2.03116
2.03116
2.03116
2.03117
2.03118
2.0312
2.03121
2.03123
2.03125
2.03128
2.0313
2.03133
2.03137
2.0314
2.03144
2.03148
2.03152
2.03157
2.03161
2.03166
2.03171
2.03177
2.03182
2.03187
2.03193
2.03199
2.03205
2.03211
2.03217
2.03223
2.0323
2.03236
2.03242
2.03249
2.03255
2.03262
2.03268
2.03274
2.03281
2.03287
2.03294
2.033
2.03306
2.03313
2.03319
2.03325
2.03331
2.03337
2.03343
2.03349
2.03354
2.0336
2.03366
2.03371
2.03376
2.03382
2.03387
2.03392
2.03397
2.03402
2.03407
2.03411
2.03416
2.0342
2.03425
2.03429
2.03433
2.03437
2.03441
2.03445
2.03449
2.03453
2.03457
2.03461
2.03464
2.03468
2.03471
2.03475
2.03478
2.03482
2.03485
2.03488
2.03491
2.03495
2.03498
2.03501
2.03504
2.03507
2.0351
2.03513
2.03516
2.03519
2.03521
2.03524
2.03527
2.03529
2.03532
2.03534
2.03537
2.03539
2.03541
2.03544
2.03546
2.03548
2.0355
2.03551
2.03553
2.03554
2.03556
2.03557
2.03558
2.03559
2.0356
2.03561
2.03562
2.03562
2.03562
2.03563
2.03563
2.03562
2.03562
2.03561
2.03561
2.0356
2.03559
2.03558
2.03556
2.03555
2.03553
2.03551
2.03549
2.03546
2.03544
2.03541
2.03538
2.03535
2.03532
2.03529
2.03525
2.03521
2.03518
2.03514
2.03509
2.03505
2.03501
2.03496
2.03492
2.03487
2.03482
2.03477
2.03472
2.03467
2.03462
2.03457
2.03452
2.03447
2.03442
2.03437
2.03432
2.03427
2.03423
2.03418
2.03413
2.03409
2.03405
2.03401
2.03397
2.03393
2.0339
2.03387
2.03384
2.03381
2.03379
2.03377
2.03376
2.03374
2.03373
2.03373
2.03373
2.03373
2.03374
2.03375
2.03376
2.03378
2.03381
2.03383
2.03387
2.03391
2.03395
2.034
2.03405
2.03411
2.03417
2.03424
2.03431
2.03439
2.03447
2.03455
2.03465
2.03474
2.03484
2.03495
2.03505
2.03517
2.03528
2.03541
2.03553
2.03566
2.03579
2.03593
2.03607
2.03621
2.03635
2.0365
2.03665
2.03681
2.03696
2.03712
2.03728
2.03744
2.0376
2.03776
2.03793
2.03809
2.03826
2.03843
2.03859
2.03876
2.03893
2.03909
2.03926
2.03943
2.03959
2.03975
2.03992
2.04008
2.04024
2.04039
2.04055
2.0407
2.04085
2.041
2.04115
2.0413
2.04144
2.04158
2.04171
2.04184
2.04197
2.0421
2.04222
2.04234
2.04246
2.04257
2.04268
2.04278
2.04288
2.04298
2.04307
2.04316
2.04325
2.04333
2.04341
2.04348
2.04355
2.04362
2.04368
2.04374
2.04379
2.04384
2.04389
2.04393
2.04397
2.04401
2.04404
2.04407
2.04409
2.04412
2.04413
2.04415
2.04416
2.04417
2.04418
2.04418
2.04418
2.04418
2.04418
2.04417
2.04416
2.04415
2.04413
2.04412
2.0441
2.04407
2.04405
2.04402
2.04399
2.04396
2.04393
2.04389
2.04385
2.04381
2.04377
2.04372
2.04368
2.04363
2.04358
2.04353
2.04347
2.04341
2.04336
2.04329
2.04323
2.04317
2.0431
2.04304
2.04297
2.0429
2.04283
2.04276
2.04268
2.04261
2.04253
2.04246
2.04238
2.0423
2.04222
2.04214
2.04206
2.04198
2.0419
2.04182
2.04174
2.04165
2.04157
2.04149
2.04141
2.04132
2.04124
2.04116
2.04107
2.04099
2.04091
2.04082
2.04074
2.04066
2.04057
2.04049
2.0404
2.04032
2.04023
2.04015
2.04007
2.03998
2.03989
2.03981
2.03972
2.03964
2.03955
2.03946
2.03938
2.03929
2.0392
2.03911
2.03902
2.03894
2.03885
2.03876
2.03867
2.03858
2.03849
2.0384
2.03831
2.03822
2.03813
2.03804
2.03795
2.03786
2.03777
2.03768
2.03759
2.0375
2.03741
2.03731
2.03722
2.03713
2.03704
2.03694
2.03685
2.03676
2.03666
2.03657
2.03647
2.03638
2.03628
2.03619
2.03609
2.03599
2.03589
2.0358
2.0357
2.0356
2.0355
2.0354
2.03529
2.03519
2.03509
2.03499
2.03488
2.03478
2.03467
2.03457
2.03446
2.03436
2.03425
2.03414
2.03404
2.03393
2.03382
2.03371
2.03361
2.0335
2.03339
2.03329
2.03318
2.03308
2.03297
2.03287
2.03277
2.03267
2.03257
2.03247
2.03237
2.03228
2.03218
2.03209
2.032
2.03191
2.03182
2.03173
2.03165
2.03157
2.03149
2.03141
2.03133
2.03126
2.03119
2.03112
2.03105
2.03099
2.03092
2.03086
2.0308
2.03075
2.03069
2.03064
2.03059
2.03054
2.03049
2.03044
2.0304
2.03036
2.03032
2.03028
2.03024
2.03021
2.03017
2.03014
2.03011
2.03008
2.03005
2.03002
2.02999
2.02997
2.02994
2.02992
2.0299
2.02987
2.02985
2.02983
2.02981
2.02979
2.02977
2.02975
2.02973
2.02971
2.02969
2.02968
2.02966
2.02964
2.02963
2.02961
2.0296
2.02958
2.02957
2.02956
2.02954
2.02953
2.02952
2.02951
2.0295
2.02949
2.02948
2.02947
2.02946
2.02946
2.02945
2.02945
2.02944
2.02944
2.02944
2.02943
2.02943
2.02943
2.02943
2.02943
2.02944
2.02944
2.02944
2.02945
2.02945
2.02946
2.02946
2.02947
2.02948
2.02948
2.02949
2.0295
2.02951
2.02952
2.02952
2.02953
2.02954
2.02955
2.02956
2.02956
2.02957
2.02957
2.02958
2.02959
2.02959
2.02959
2.0296
2.0296
2.0296
2.0296
2.02959
2.02959
2.02959
2.02958
2.02957
2.02957
2.02956
2.02955
2.02953
2.02952
2.0295
2.02949
2.02947
2.02945
2.02943
2.0294
2.02938
2.02935
2.02932
2.0293
2.02927
2.02923
2.0292
2.02917
2.02913
2.0291
2.02906
2.02902
2.02899
2.02895
2.02891
2.02886
2.02882
2.02878
2.02874
2.02869
2.02865
2.0286
2.02856
2.02851
2.02847
2.02842
2.02837
2.02833
2.02828
2.02823
2.02818
2.02813
2.02808
2.02803
2.02798
2.02793
2.02788
2.02783
2.02777
2.02772
2.02767
2.02761
2.02756
2.0275
2.02745
2.02739
2.02734
2.02728
2.02722
2.02717
2.02711
2.02705
2.02699
2.02694
2.02688
2.02682
2.02676
2.02671
2.02665
2.02659
2.02654
2.02648
2.02643
2.02637
2.02632
2.02627
2.02621
2.02616
2.02611
2.02606
2.02602
2.02597
2.02593
2.02589
2.02584
2.02581
2.02577
2.02573
2.0257
2.02567
2.02564
2.02562
2.02559
2.02557
2.02555
2.02554
2.02552
2.02551
2.0255
2.02549
2.02548
2.02548
2.02547
2.02547
2.02547
2.02548
2.02548
2.02548
2.02549
2.02549
2.0255
2.0255
2.02551
2.02551
2.02552
2.02552
2.02553
2.02553
2.02553
2.02553
2.02553
2.02553
2.02553
2.02552
2.02551
2.02551
2.0255
2.02548
2.02547
2.02545
2.02544
2.02542
2.0254
2.02538
2.02535
2.02533
2.0253
2.02528
2.02525
2.02522
2.0252
2.02517
2.02514
2.02511
2.02508
2.02505
2.02502
2.02499
2.02497
2.02494
2.02491
2.02489
2.02486
2.02483
2.02481
2.02479
2.02476
2.02474
2.02472
2.02469
2.02467
2.02465
2.02463
2.0246
2.02458
2.02456
2.02454
2.02451
2.02449
2.02447
2.02444
2.02442
2.02439
2.02436
2.02434
2.02431
2.02428
2.02425
2.02422
2.02419
2.02415
2.02412
2.02409
2.02405
2.02402
2.02398
2.02395
2.02391
2.02387
2.02384
2.0238
2.02376
2.02372
2.02369
2.02365
2.02362
2.02358
2.02354
2.02351
2.02348
2.02345
2.02341
2.02339
2.02336
2.02333
2.02331
2.02328
2.02326
2.02324
2.02323
2.02321
2.0232
2.02319
2.02319
2.02318
2.02318
2.02319
2.02319
2.0232
2.02322
