2.1
2.09996
2.09988
2.09977
2.09961
2.09942
2.0992
2.09894
2.09864
2.0983
2.09793
2.09753
2.09709
2.09661
2.0961
2.09556
2.09498
2.09438
2.09374
2.09307
2.09237
2.09163
2.09088
2.09009
2.08927
2.08843
2.08757
2.08668
2.08576
2.08483
2.08387
2.08289
2.08189
2.08087
2.07983
2.07877
2.0777
2.07662
2.07552
2.0744
2.07328
2.07214
2.071
2.06984
2.06868
2.06751
2.06633
2.06515
2.06397
2.06278
2.06159
2.0604
2.05921
2.05803
2.05684
2.05566
2.05449
2.05332
2.05215
2.051
2.04985
2.04872
2.04759
2.04648
2.04538
2.0443
2.04323
2.04218
2.04114
2.04012
2.03912
2.03814
2.03718
2.03624
2.03533
2.03443
2.03356
2.03271
2.03188
2.03107
2.03029
2.02954
2.02881
2.0281
2.02741
2.02675
2.02611
2.0255
2.02491
2.02434
2.02379
2.02327
2.02277
2.02228
2.02182
2.02138
2.02095
2.02055
2.02016
2.01979
2.01943
2.01909
2.01876
2.01845
2.01815
2.01786
2.01759
2.01732
2.01707
2.01682
2.01659
2.01636
2.01614
2.01593
2.01572
2.01552
2.01533
2.01514
2.01495
2.01477
2.01459
2.01442
2.01424
2.01407
2.01391
2.01374
2.01358
2.01342
2.01326
2.0131
2.01294
2.01278
2.01263
2.01247
2.01232
2.01217
2.01202
2.01187
2.01172
2.01157
2.01143
2.01129
2.01115
2.01102
2.01089
2.01076
2.01063
2.01051
2.01039
2.01028
2.01017
2.01007
2.00997
2.00987
2.00978
2.0097
2.00962
2.00954
2.00948
2.00941
2.00935
2.0093
2.00925
2.00921
2.00917
2.00913
2.0091
2.00908
2.00906
2.00904
2.00903
2.00902
2.00901
2.00901
2.00901
2.00902
2.00903
2.00904
2.00905
2.00907
2.00909
2.00911
2.00913
2.00916
2.00919
2.00922
2.00926
2.0093
2.00934
2.00938
2.00942
2.00947
2.00951
2.00956
2.00961
2.00966
2.00971
2.00977
2.00982
2.00988
2.00993
2.00999
2.01004
2.01009
2.01015
2.0102
2.01025
2.01029
2.01034
2.01038
2.01042
2.01045
2.01048
2.01051
2.01053
2.01055
2.01055
2.01056
2.01055
2.01054
2.01053
2.0105
2.01047
2.01043
2.01038
2.01032
2.01026
2.01019
2.0101
2.01001
2.00992
2.00981
2.00969
2.00957
2.00944
2.0093
2.00915
2.00899
2.00883
2.00866
2.00848
2.0083
2.00811
2.00791
2.00771
2.00751
2.0073
2.00708
2.00686
2.00664
2.00641
2.00619
2.00596
2.00573
2.0055
2.00526
2.00503
2.0048
2.00457
2.00435
2.00412
2.0039
2.00369
2.00348
2.00327
2.00307
2.00288
2.00269
2.00251
2.00235
2.00219
2.00204
2.00189
2.00177
2.00165
2.00154
2.00144
2.00136
2.00129
2.00123
2.00118
2.00114
2.00112
2.00111
2.00111
2.00112
2.00114
2.00117
2.00121
2.00127
2.00133
2.0014
2.00148
2.00156
2.00166
2.00175
2.00186
2.00197
2.00209
2.0022
2.00233
2.00245
2.00258
2.00271
2.00284
2.00297
2.00311
2.00324
2.00337
2.00351
2.00364
2.00377
2.0039
2.00403
2.00416
2.00429
2.00441
2.00454
2.00466
2.00478
2.00491
2.00503
2.00514
2.00526
2.00538
2.00549
2.00561
2.00572
2.00584
2.00595
2.00606
2.00617
2.00628
2.00639
2.0065
2.00661
2.00672
2.00683
2.00694
2.00705
2.00716
2.00728
2.00739
2.0075
2.00761
2.00772
2.00784
2.00795
2.00807
2.00818
2.0083
2.00841
2.00853
2.00865
2.00876
2.00888
2.009
2.00911
2.00923
2.00935
2.00946
2.00958
2.00969
2.0098
2.00991
2.01002
2.01012
2.01023
2.01033
2.01043
2.01052
2.01062
2.0107
2.01079
2.01087
2.01095
2.01102
2.01109
2.01115
2.0112
2.01125
2.0113
2.01134
2.01137
2.01139
2.01141
2.01142
2.01143
2.01142
2.01141
2.01139
2.01136
2.01132
2.01128
2.01122
2.01116
2.01109
2.011
2.01092
2.01082
2.01071
2.01059
2.01047
2.01034
2.0102
2.01005
2.0099
2.00973
2.00957
2.00939
2.00922
2.00903
2.00884
2.00865
2.00846
2.00826
2.00807
2.00787
2.00767
2.00747
2.00727
2.00707
2.00687
2.00668
2.00649
2.0063
2.00611
2.00593
2.00575
2.00558
2.00541
2.00524
2.00508
2.00492
2.00477
2.00462
2.00448
2.00434
2.0042
2.00406
2.00393
2.0038
2.00368
2.00356
2.00343
2.00331
2.00319
2.00308
2.00296
2.00284
2.00272
2.00261
2.00249
2.00237
2.00225
2.00213
2.00201
2.00188
2.00176
2.00163
2.0015
2.00137
2.00124
2.0011
2.00096
2.00082
2.00068
2.00054
2.00039
2.00024
2.00009
1.99993
1.99977
1.99962
1.99945
1.99929
1.99912
1.99896
1.99879
1.99861
1.99844
1.99827
1.99809
1.99791
1.99774
1.99756
1.99738
1.9972
1.99702
1.99685
1.99667
1.99649
1.99632
1.99614
1.99597
1.9958
1.99563
1.99547
1.9953
1.99514
1.99499
1.99483
1.99468
1.99454
1.99439
1.99425
1.99412
1.99399
1.99386
1.99374
1.99362
1.9935
1.99339
1.99329
1.99318
1.99308
1.99299
1.9929
1.99281
1.99273
1.99265
1.99258
1.99251
1.99244
1.99238
1.99232
1.99226
1.99221
1.99216
1.99212
1.99208
1.99204
1.99201
1.99198
1.99196
1.99194
1.99193
1.99192
1.99191
1.99191
1.99192
1.99193
1.99194
1.99196
1.99198
1.99201
1.99205
1.99209
1.99213
1.99218
1.99224
1.9923
1.99236
1.99243
1.9925
1.99258
1.99267
1.99276
1.99285
1.99294
1.99304
1.99315
1.99326
1.99337
1.99348
1.9936
1.99372
1.99384
1.99397
1.99409
1.99422
1.99435
1.99449
1.99462
1.99475
1.99489
1.99502
1.99516
1.9953
1.99543
1.99557
1.99571
1.99584
1.99598
1.99611
1.99625
1.99638
1.99651
1.99664
1.99677
1.9969
1.99703
1.99716
1.99728
1.99741
1.99753
1.99765
1.99777
1.99789
1.99802
1.99814
1.99826
1.99838
1.9985
1.99863
1.99875
1.99888
1.99901
1.99914
1.99927
1.99941
1.99954
1.99968
1.99983
1.99997
2.00012
2.00027
2.00042
2.00058
2.00074
2.0009
2.00106
2.00122
2.00139
2.00155
2.00172
2.00188
2.00204
2.00221
2.00237
2.00253
2.00268
2.00284
2.00299
2.00313
2.00327
2.00341
2.00354
2.00366
2.00378
2.00389
2.004
2.00409
2.00418
2.00426
2.00433
2.0044
2.00445
2.0045
2.00454
2.00456
2.00458
2.00459
2.00459
2.00458
2.00457
2.00454
2.00451
2.00447
2.00442
2.00436
2.0043
2.00422
2.00415
2.00406
2.00398
2.00388
2.00378
2.00368
2.00358
2.00347
2.00336
2.00324
2.00313
2.00301
2.0029
2.00279
2.00267
2.00256
2.00245
2.00234
2.00223
2.00213
2.00203
2.00194
2.00185
2.00176
2.00167
2.0016
2.00152
2.00145
2.00139
2.00133
2.00128
2.00123
2.00118
2.00114
2.00111
2.00108
2.00105
2.00103
2.00102
2.00101
2.001
2.001
2.001
2.00101
2.00102
2.00104
2.00106
2.00108
2.0011
2.00113
2.00117
2.0012
2.00124
2.00129
2.00133
2.00138
2.00143
2.00149
2.00154
2.0016
2.00166
2.00172
2.00178
2.00184
2.0019
2.00197
2.00203
2.0021
2.00217
2.00223
2.0023
2.00237
2.00244
2.0025
2.00257
2.00264
2.00271
2.00277
2.00284
2.00291
2.00297
2.00304
2.00311
2.00317
2.00324
2.0033
2.00337
2.00343
2.00349
2.00356
2.00362
2.00368
2.00374
2.0038
2.00385
2.00391
2.00396
2.00402
2.00407
2.00412
2.00416
2.00421
2.00425
2.00429
2.00432
2.00436
2.00439
2.00441
2.00444
2.00445
2.00447
2.00448
2.00448
2.00448
2.00448
2.00447
2.00446
2.00443
2.00441
2.00438
2.00434
2.0043
2.00425
2.00419
2.00413
2.00406
2.00399
2.00391
2.00383
2.00374
2.00364
2.00354
2.00343
2.00332
2.00321
2.00309
2.00296
2.00283
2.0027
2.00257
2.00243
2.00229
2.00214
2.00199
2.00185
2.0017
2.00154
2.00139
2.00124
2.00109
2.00094
2.00078
2.00063
2.00049
2.00034
2.00019
2.00005
1.99991
1.99978
1.99964
1.99952
1.99939
1.99927
1.99915
1.99904
1.99894
1.99883
1.99874
1.99864
1.99856
1.99847
1.9984
1.99832
1.99825
1.99819
1.99813
1.99807
1.99802
1.99797
1.99793
1.99788
1.99784
1.9978
1.99776
1.99772
1.99769
1.99765
1.99762
1.99758
1.99755
1.99751
1.99748
1.99744
1.9974
1.99736
1.99732
1.99728
1.99723
1.99719
1.99714
1.99709
1.99704
1.99698
1.99693
1.99687
1.99681
1.99675
1.99668
1.99662
1.99655
1.99648
1.9964
1.99633
1.99625
1.99617
1.99609
1.996
1.99592
1.99583
1.99573
1.99564
1.99555
1.99545
1.99535
1.99525
1.99514
1.99504
1.99493
1.99482
1.99471
1.9946
1.99449
1.99438
1.99427
1.99416
1.99405
1.99394
1.99383
1.99372
1.99362
1.99351
1.99341
1.9933
1.9932
1.99311
1.99301
1.99291
1.99282
1.99273
1.99264
1.99256
1.99248
1.99239
1.99231
1.99224
1.99216
1.99209
1.99202
1.99195
1.99188
1.99182
1.99175
1.99169
1.99164
1.99158
1.99153
1.99148
1.99143
1.99139
1.99135
1.99131
1.99128
1.99125
1.99122
1.9912
1.99119
1.99118
1.99117
1.99117
1.99117
1.99118
1.99119
1.9912
1.99122
1.99125
1.99128
1.99131
1.99135
1.99139
1.99144
1.99148
1.99154
1.99159
1.99165
1.99171
1.99177
1.99184
1.99191
1.99198
1.99206
1.99213
1.99221
1.9923
1.99238
1.99247
1.99256
1.99265
1.99275
1.99285
1.99295
1.99306
1.99317
1.99328
1.9934
1.99352
1.99364
1.99377
1.9939
1.99403
1.99417
1.99431
1.99445
1.9946
1.99475
1.9949
1.99505
1.99521
1.99537
1.99553
1.9957
1.99586
1.99603
1.99619
1.99636
1.99653
1.99669
1.99686
1.99703
1.99719
1.99735
1.99751
1.99767
1.99783
1.99798
1.99813
1.99828
1.99843
1.99857
1.9987
1.99883
1.99896
1.99908
1.9992
1.99931
1.99942
1.99952
1.99961
1.9997
1.99979
1.99987
1.99994
2
2.00006
2.00012
2.00017
2.00021
2.00025
2.00028
2.00031
2.00033
2.00035
2.00036
2.00037
2.00037
2.00037
2.00037
2.00036
2.00035
2.00034
2.00032
2.0003
2.00028
2.00025
2.00023
2.0002
2.00017
2.00014
2.0001
2.00007
2.00003
1.99999
1.99996
1.99992
1.99988
1.99984
1.9998
1.99976
1.99972
1.99967
1.99963
1.99959
1.99955
1.99951
1.99947
1.99942
1.99938
1.99934
1.9993
1.99926
1.99921
1.99917
1.99912
1.99908
1.99903
1.99899
1.99894
1.99889
1.99883
1.99878
1.99872
1.99866
1.9986
1.99853
1.99846
1.99839
1.99832
1.99824
1.99815
1.99807
1.99797
1.99788
1.99778
1.99768
1.99757
1.99746
1.99735
1.99723
1.99711
1.99699
1.99687
1.99674
1.99661
1.99648
1.99636
1.99623
1.9961
1.99597
1.99585
1.99573
1.99561
1.99549
1.99538
1.99528
1.99517
1.99508
1.99499
1.9949
1.99482
1.99475
1.99469
1.99463
1.99459
1.99455
1.99451
1.99449
1.99448
1.99447
1.99447
1.99448
1.9945
1.99453
1.99457
1.99461
1.99466
1.99472
1.99479
1.99487
1.99495
1.99505
1.99514
1.99525
1.99536
1.99548
1.99561
1.99574
1.99588
1.99602
1.99617
1.99632
1.99648
1.99664
1.9968
1.99697
1.99714
1.99732
1.9975
1.99768
1.99786
1.99804
1.99823
1.99841
1.9986
1.99879
1.99898
1.99917
1.99936
1.99955
1.99973
1.99992
2.00011
2.0003
2.00048
2.00067
2.00085
2.00103
2.00122
2.0014
2.00157
2.00175
2.00193
2.0021
2.00227
2.00244
2.00261
2.00277
2.00294
2.0031
2.00326
2.00341
2.00357
2.00372
2.00387
2.00401
2.00416
2.0043
2.00444
2.00457
2.0047
2.00483
2.00496
2.00508
2.0052
2.00532
2.00544
2.00555
2.00566
2.00576
2.00587
2.00597
2.00606
2.00616
2.00625
2.00634
2.00642
2.00651
2.00659
2.00666
2.00674
2.00681
2.00688
2.00695
2.00701
2.00707
2.00713
2.00718
2.00723
2.00728
2.00732
2.00736
2.0074
2.00744
2.00747
2.0075
2.00752
2.00754
2.00756
2.00758
2.00759
2.0076
2.00761
2.00762
2.00762
2.00762
2.00761
2.00761
2.0076
2.00759
2.00758
2.00756
2.00755
2.00753
2.00751
2.00748
2.00746
2.00743
2.0074
2.00737
2.00734
2.0073
2.00726
2.00722
2.00718
2.00714
2.00709
2.00704
2.00699
2.00694
2.00689
2.00683
2.00677
2.00671
2.00665
2.00659
2.00652
2.00646
2.00639
2.00632
2.00625
2.00618
2.00611
2.00604
2.00597
2.0059
2.00582
2.00575
2.00568
2.00561
2.00554
2.00547
2.0054
2.00533
2.00526
2.0052
2.00513
2.00506
2.005
2.00493
2.00487
2.00481
2.00475
2.00468
2.00463
2.00457
2.00451
2.00445
2.0044
2.00434
2.00429
2.00424
2.00419
2.00414
2.00409
2.00404
2.004
2.00395
2.00391
2.00387
2.00383
2.00379
2.00376
2.00373
2.0037
2.00367
2.00364
2.00362
2.0036
2.00359
2.00357
2.00357
2.00356
2.00356
2.00357
2.00358
2.0036
2.00362
2.00365
2.00368
2.00372
2.00377
2.00382
2.00388
2.00395
2.00402
2.0041
2.00419
2.00428
2.00438
2.00449
2.00461
2.00473
2.00485
2.00499
2.00513
2.00527
2.00542
2.00557
2.00573
2.00589
2.00606
2.00623
2.0064
2.00658
2.00675
2.00693
2.00711
2.00729
2.00747
2.00765
2.00783
2.00801
2.00819
2.00836
2.00854
2.00872
2.00889
2.00906
2.00923
2.00939
2.00956
2.00972
2.00988
2.01004
2.01019
2.01034
2.01049
2.01063
2.01077
2.01091
2.01104
2.01117
2.01129
2.01141
2.01153
2.01164
2.01175
2.01185
2.01194
2.01203
2.01212
2.0122
2.01227
2.01234
2.0124
2.01246
2.01251
2.01255
2.01259
2.01263
2.01266
2.01268
2.0127
2.01271
2.01272
2.01273
2.01273
2.01273
2.01272
2.01271
2.01269
2.01268
2.01266
2.01264
2.01262
2.01259
2.01257
2.01254
2.01252
2.01249
2.01246
2.01244
2.01241
2.01239
2.01236
2.01234
2.01232
2.0123
2.01228
2.01226
2.01225
2.01223
2.01222
2.01221
2.0122
2.0122
2.01219
2.01219
2.01219
2.01219
2.0122
2.0122
2.01221
2.01222
2.01222
2.01224
2.01225
2.01226
2.01228
2.01229
2.01231
2.01233
2.01234
2.01236
2.01238
2.0124
2.01242
2.01244
2.01246
2.01248
2.0125
2.01252
2.01254
2.01256
2.01257
2.01259
2.0126
2.01261
2.01262
2.01262
2.01263
2.01263
2.01263
2.01262
2.01262
2.01261
2.0126
2.01258
2.01256
2.01254
2.01252
2.01249
2.01246
2.01242
2.01238
2.01234
2.01229
2.01224
2.01219
2.01214
2.01208
2.01201
2.01195
2.01188
2.0118
2.01173
2.01165
2.01157
2.01148
2.01139
2.0113
2.01121
2.01111
2.01101
2.01091
2.01081
2.0107
2.0106
2.01049
2.01038
2.01026
2.01015
2.01003
2.00991
2.00979
2.00967
2.00954
2.00942
2.00929
2.00916
2.00903
2.00889
2.00876
2.00862
2.00848
2.00834
2.00819
2.00805
2.0079
2.00775
2.0076
2.00745
2.00729
2.00714
2.00698
2.00683
2.00667
2.00651
2.00636
2.0062
2.00604
2.00589
2.00573
2.00558
2.00543
2.00528
2.00513
2.00499
2.00485
2.00471
2.00458
2.00445
2.00432
2.0042
2.00409
2.00398
2.00387
2.00378
2.00368
2.0036
2.00352
2.00344
2.00337
2.00331
2.00326
2.00321
2.00317
2.00313
2.0031
2.00308
2.00306
2.00305
2.00304
2.00303
2.00304
2.00304
2.00305
2.00307
2.00309
2.00311
2.00313
2.00315
2.00318
2.00321
2.00324
2.00327
2.00331
2.00334
2.00337
2.0034
2.00344
2.00347
2.0035
2.00353
2.00356
2.00359
2.00361
2.00364
2.00366
2.00368
2.0037
2.00372
2.00374
2.00375
2.00376
2.00377
2.00378
2.00379
2.00379
2.0038
2.0038
2.0038
2.00379
2.00379
2.00378
2.00377
2.00376
2.00375
2.00374
2.00372
2.0037
2.00369
2.00367
2.00365
2.00363
2.0036
2.00358
2.00356
2.00353
2.00351
2.00348
2.00345
2.00343
2.0034
2.00338
2.00335
2.00333
2.0033
2.00328
2.00326
2.00324
2.00322
2.0032
2.00319
2.00317
2.00316
2.00316
2.00315
2.00315
2.00315
2.00315
2.00316
2.00317
2.00318
2.0032
2.00322
2.00324
2.00327
2.00329
2.00333
2.00336
2.0034
2.00345
2.00349
2.00354
2.00359
2.00364
2.0037
2.00376
2.00382
2.00388
2.00395
2.00402
2.00408
2.00416
2.00423
2.0043
2.00438
2.00446
2.00454
2.00462
2.0047
2.00478
2.00486
2.00495
2.00503
2.00512
2.0052
2.00529
2.00537
2.00545
2.00553
2.00561
2.00569
2.00577
2.00584
2.00592
2.00598
2.00605
2.00611
2.00617
2.00623
2.00628
2.00633
2.00637
2.00641
2.00644
2.00647
2.0065
2.00652
2.00654
2.00655
2.00656
2.00656
2.00656
2.00656
2.00656
2.00655
2.00654
2.00653
2.00652
2.00651
2.0065
2.00649
2.00648
2.00647
2.00646
2.00646
2.00646
2.00646
2.00646
2.00648
2.00649
2.00651
2.00654
2.00657
2.00661
2.00665
2.0067
2.00675
2.00682
2.00689
2.00696
2.00704
2.00713
2.00722
2.00732
2.00743
2.00754
2.00765
2.00777
2.00789
2.00802
2.00815
2.00828
2.00841
2.00855
2.00868
2.00882
2.00896
2.00909
2.00923
2.00936
2.0095
2.00963
2.00975
2.00988
2.00999
2.01011
2.01022
2.01032
2.01042
2.01051
2.01059
2.01066
2.01073
2.01079
2.01084
2.01088
2.01091
2.01094
2.01095
2.01095
2.01095
2.01093
2.01091
2.01087
2.01082
2.01077
2.0107
2.01063
2.01055
2.01046
2.01036
2.01025
2.01013
2.01001
2.00988
2.00975
2.00961
2.00947
2.00932
2.00917
2.00902
2.00886
2.0087
2.00855
2.00839
2.00823
2.00807
2.00792
2.00776
2.00761
2.00747
2.00732
2.00718
2.00704
2.00691
2.00678
2.00666
2.00654
2.00642
2.00631
2.00621
2.00611
2.00601
2.00592
2.00583
2.00575
2.00567
2.0056
2.00552
2.00545
2.00539
2.00532
2.00526
2.0052
2.00514
2.00508
2.00503
2.00497
2.00491
2.00486
2.0048
2.00474
2.00468
2.00462
2.00456
2.0045
2.00444
2.00437
2.0043
2.00423
2.00416
2.00409
2.00401
2.00393
2.00385
2.00377
2.00368
2.00359
2.0035
2.00341
2.00331
2.00321
2.00311
2.00301
2.00291
2.0028
2.00269
2.00258
2.00247
2.00236
2.00225
2.00214
2.00202
2.00191
2.0018
2.00168
2.00157
2.00145
2.00134
2.00123
2.00112
2.00101
2.0009
2.00079
2.00068
2.00057
2.00047
2.00036
2.00026
2.00016
2.00006
1.99996
1.99986
1.99977
1.99967
1.99958
1.99949
1.9994
1.99931
1.99923
1.99914
1.99906
1.99898
1.9989
1.99883
1.99875
1.99868
1.99861
1.99855
1.99849
1.99843
1.99837
1.99831
1.99826
1.99821
1.99817
1.99813
1.99809
1.99805
1.99802
1.99798
1.99796
1.99793
1.9979
1.99788
1.99786
1.99784
1.99783
1.99781
1.99779
1.99778
1.99777
1.99775
1.99774
1.99772
1.99771
1.99769
1.99767
1.99765
1.99763
1.99761
1.99759
1.99756
1.99753
1.9975
1.99747
1.99743
1.99739
1.99735
1.9973
1.99725
1.9972
1.99714
1.99708
1.99702
1.99696
1.99689
1.99682
1.99674
1.99667
1.99659
1.99651
1.99643
1.99634
1.99626
1.99617
1.99609
1.996
1.99591
1.99582
1.99574
1.99565
1.99557
1.99548
1.9954
1.99532
1.99524
1.99517
1.99509
1.99502
1.99496
1.99489
1.99483
1.99478
1.99472
1.99467
1.99463
1.99459
1.99455
1.99452
1.99449
1.99447
1.99445
1.99444
1.99443
1.99442
1.99442
1.99442
1.99443
1.99444
1.99445
1.99447
1.99449
1.99452
1.99455
1.99458
1.99461
1.99465
1.99469
1.99473
1.99478
1.99482
1.99487
1.99492
1.99497
1.99502
1.99507
1.99512
1.99517
1.99522
1.99527
1.99531
1.99536
1.9954
1.99544
1.99547
1.9955
1.99553
1.99556
1.99557
1.99559
1.9956
1.9956
1.9956
1.99559
1.99558
1.99556
1.99553
1.9955
1.99547
1.99542
1.99537
1.99532
1.99526
1.9952
1.99513
1.99505
1.99497
1.99489
1.99481
1.99472
1.99463
1.99454
1.99444
1.99435
1.99426
1.99417
1.99408
1.99399
1.99391
1.99383
1.99375
1.99368
1.99362
1.99356
1.99351
1.99347
1.99344
1.99341
1.9934
1.99339
1.9934
1.99342
1.99345
1.99349
1.99354
1.9936
1.99368
1.99377
1.99386
1.99397
1.9941
1.99423
1.99437
1.99453
1.99469
1.99487
1.99505
1.99525
1.99545
1.99566
1.99587
1.9961
1.99633
1.99656
1.9968
1.99704
1.99729
1.99754
1.99779
1.99804
1.99829
1.99854
1.9988
1.99905
1.9993
1.99954
1.99979
2.00003
2.00026
2.00049
2.00071
2.00093
2.00114
2.00135
2.00154
2.00173
2.00191
2.00208
2.00224
2.00239
2.00253
2.00266
2.00277
2.00288
2.00298
2.00306
2.00314
2.0032
2.00325
2.0033
2.00333
2.00335
2.00336
2.00336
2.00335
2.00333
2.00331
2.00328
2.00323
2.00319
2.00313
2.00307
2.003
2.00293
2.00285
2.00277
2.00268
2.00259
2.00249
2.0024
2.0023
2.00219
2.00209
2.00198
2.00187
2.00176
2.00165
2.00154
2.00142
2.0013
2.00119
2.00107
2.00095
2.00083
2.00071
2.00058
2.00046
2.00034
2.00021
2.00009
1.99996
1.99984
1.99971
1.99959
1.99947
1.99934
1.99922
1.9991
1.99899
1.99887
1.99876
1.99865
1.99855
1.99845
1.99835
1.99826
1.99818
1.9981
1.99803
1.99796
1.9979
1.99785
1.9978
1.99777
1.99773
1.99771
1.99769
1.99769
1.99768
1.99769
1.9977
1.99772
1.99775
1.99778
1.99782
1.99786
1.99791
1.99797
1.99803
1.9981
1.99817
1.99825
1.99833
1.99842
1.99851
1.99861
1.99872
1.99882
1.99893
1.99905
1.99917
1.99929
1.99942
1.99956
1.99969
1.99983
1.99998
2.00013
2.00028
2.00044
2.0006
2.00076
2.00093
2.0011
2.00127
2.00144
2.00162
2.0018
2.00198
2.00216
2.00234
2.00252
2.0027
2.00288
2.00307
2.00325
2.00343
2.00361
2.00378
2.00396
2.00413
2.0043
2.00446
2.00462
2.00478
2.00493
2.00508
2.00522
2.00536
2.00549
2.00562
2.00574
2.00586
2.00597
2.00607
2.00617
2.00626
2.00635
2.00643
2.00651
2.00658
2.00664
2.0067
2.00675
2.0068
2.00684
2.00687
2.0069
2.00692
2.00694
2.00695
2.00696
2.00696
2.00695
2.00694
2.00692
2.0069
2.00687
2.00683
2.00679
2.00674
2.00669
2.00663
2.00656
2.00648
2.0064
2.00632
2.00622
2.00612
2.00601
2.0059
2.00577
2.00565
2.00551
2.00537
2.00522
2.00507
2.00491
2.00474
2.00457
2.0044
2.00422
2.00404
2.00385
2.00366
2.00346
2.00327
2.00307
2.00287
2.00266
2.00246
2.00226
2.00205
2.00185
2.00165
2.00145
2.00125
2.00105
2.00086
2.00067
2.00049
2.00031
2.00013
1.99996
1.9998
1.99964
1.99949
1.99935
1.99922
1.99909
1.99897
1.99886
1.99876
1.99866
1.99858
1.9985
1.99844
1.99838
1.99833
1.99829
1.99826
1.99824
1.99823
1.99823
1.99823
1.99824
1.99826
1.99828
1.99831
1.99835
1.99839
1.99844
1.99849
1.99855
1.99861
1.99867
1.99874
1.9988
1.99887
1.99894
1.99901
1.99908
1.99916
1.99923
1.99929
1.99936
1.99943
1.9995
1.99956
1.99962
1.99968
1.99974
1.99979
1.99984
1.99989
1.99994
1.99998
2.00002
2.00006
2.0001
2.00013
2.00017
2.0002
2.00022
2.00025
2.00027
2.00029
2.00031
2.00033
2.00034
2.00035
2.00037
2.00037
2.00038
2.00039
2.00039
2.00039
2.0004
2.00039
2.00039
2.00039
2.00038
2.00038
2.00037
2.00037
2.00036
2.00035
2.00034
2.00033
2.00032
2.00031
2.0003
2.00029
2.00028
2.00028
2.00027
2.00026
2.00026
2.00026
2.00026
2.00026
2.00026
2.00027
2.00028
2.00029
2.00031
2.00033
2.00035
2.00038
2.00041
2.00045
2.00048
2.00053
2.00058
2.00063
2.00068
2.00074
2.00081
2.00088
2.00095
2.00103
2.0011
2.00119
2.00127
2.00136
2.00145
2.00154
2.00163
2.00172
2.00181
2.0019
2.00199
2.00208
2.00216
2.00225
2.00233
2.0024
2.00247
2.00254
2.00261
2.00266
2.00272
2.00276
2.0028
2.00284
2.00287
2.0029
2.00291
2.00293
2.00294
2.00294
2.00293
2.00293
2.00291
2.0029
2.00287
2.00285
2.00282
2.00278
2.00275
2.00271
2.00266
2.00262
2.00257
2.00252
2.00247
2.00241
2.00236
2.0023
2.00225
2.00219
2.00213
2.00208
2.00202
2.00197
2.00192
2.00186
2.00182
2.00177
2.00173
2.00169
2.00165
2.00162
2.0016
2.00158
2.00156
2.00155
2.00155
2.00155
2.00156
2.00158
2.0016
2.00163
2.00167
2.00172
2.00178
2.00184
2.00191
2.00199
2.00208
2.00217
2.00227
2.00238
2.0025
2.00262
2.00275
2.00289
2.00303
2.00318
2.00333
2.00348
2.00364
2.00381
2.00397
2.00414
2.00431
2.00448
2.00465
2.00483
2.005
2.00518
2.00535
2.00552
2.00569
2.00587
2.00604
2.00621
2.00637
2.00654
2.00671
2.00687
2.00703
2.0072
2.00736
2.00752
2.00768
2.00784
2.008
2.00817
2.00833
2.00849
2.00865
2.00881
2.00898
2.00914
2.00931
2.00947
2.00964
2.0098
2.00997
2.01013
2.0103
2.01047
2.01063
2.0108
2.01096
2.01113
2.01129
2.01146
2.01162
2.01178
2.01193
2.01209
2.01224
2.01239
2.01254
2.01268
2.01282
2.01295
2.01308
2.01321
2.01333
2.01344
2.01355
2.01365
2.01375
2.01384
2.01392
2.014
2.01406
2.01413
2.01418
2.01423
2.01427
2.0143
2.01432
2.01434
2.01436
2.01436
2.01436
2.01435
2.01434
2.01432
2.0143
2.01427
2.01424
2.0142
2.01416
2.01412
2.01408
2.01403
2.01398
2.01392
2.01387
2.01381
2.01375
2.01369
2.01364
2.01357
2.01351
2.01345
2.01339
2.01333
2.01327
2.01321
2.01316
2.0131
2.01304
2.01298
2.01293
2.01288
2.01282
2.01277
2.01272
2.01267
2.01262
2.01258
2.01253
2.01249
2.01244
2.0124
2.01236
2.01232
2.01228
2.01224
2.0122
2.01216
2.01212
2.01208
2.01205
2.01201
2.01197
2.01193
2.01189
2.01185
2.01181
2.01177
2.01173
2.01168
2.01164
2.0116
2.01156
2.01152
2.01148
2.01144
2.0114
2.01136
2.01132
2.01128
2.01125
2.01122
2.01119
2.01116
2.01114
2.01112
2.01111
2.0111
2.01109
2.01108
2.01108
2.01109
2.0111
2.01111
2.01113
2.01115
2.01117
2.0112
2.01123
2.01127
2.0113
2.01134
2.01138
2.01142
2.01146
2.0115
2.01154
2.01158
2.01162
2.01166
2.01169
2.01172
2.01175
2.01177
2.01179
2.0118
2.01181
2.01181
2.0118
2.01179
2.01177
2.01175
2.01171
2.01167
2.01162
2.01157
2.0115
2.01143
2.01135
2.01126
2.01116
2.01106
2.01095
2.01083
2.0107
2.01056
2.01042
2.01027
2.01011
2.00995
2.00979
2.00961
2.00944
2.00925
2.00907
2.00888
2.00869
2.0085
2.0083
2.00811
2.00791
2.00772
2.00752
2.00733
2.00714
2.00695
2.00677
2.00659
2.00641
2.00624
2.00608
2.00592
2.00577
2.00563
2.00549
2.00537
2.00525
2.00514
2.00504
2.00495
2.00487
2.0048
2.00474
2.00469
2.00466
2.00463
2.00461
2.00461
2.00461
2.00463
2.00465
2.00469
2.00473
2.00478
2.00485
2.00492
2.005
2.00508
2.00518
2.00528
2.00538
2.0055
2.00561
2.00574
2.00586
2.00599
2.00613
2.00626
2.0064
2.00654
2.00668
2.00683
2.00697
2.00711
2.00725
2.00739
2.00753
2.00767
2.00781
2.00794
2.00807
2.00819
2.00831
2.00842
2.00853
2.00864
2.00873
2.00882
2.00891
2.00899
2.00906
2.00912
2.00918
2.00922
2.00926
2.00929
2.00932
2.00933
2.00934
2.00934
2.00933
2.00932
2.00929
2.00926
2.00922
2.00918
2.00912
2.00906
2.009
2.00892
2.00884
2.00875
2.00866
2.00856
2.00846
2.00835
2.00823
2.00811
2.00798
2.00785
2.00772
2.00758
2.00744
2.0073
2.00715
2.007
2.00684
2.00669
2.00653
2.00637
2.00621
2.00605
2.00589
2.00572
2.00556
2.0054
2.00523
2.00507
2.00491
2.00474
2.00458
2.00441
2.00425
2.00409
2.00392
2.00376
2.0036
2.00344
2.00327
2.00311
2.00295
2.00279
2.00262
2.00246
2.0023
2.00214
2.00198
2.00181
2.00165
2.0015
2.00134
2.00118
2.00103
2.00088
2.00073
2.00058
2.00044
2.0003
2.00017
2.00004
1.99991
1.99979
1.99968
1.99958
1.99948
1.99939
1.99931
1.99924
1.99917
1.99912
1.99907
1.99904
1.99901
1.999
1.99899
1.999
1.99901
1.99904
1.99908
1.99912
1.99918
1.99924
1.99932
1.9994
1.99949
1.99959
1.9997
1.99981
1.99993
2.00005
2.00018
2.00031
2.00044
2.00058
2.00071
2.00085
2.00099
2.00113
2.00126
2.0014
2.00153
2.00165
2.00178
2.0019
2.00201
2.00213
2.00223
2.00233
2.00243
2.00252
2.00261
2.00269
2.00276
2.00283
2.0029
2.00296
2.00301
2.00306
2.00311
2.00315
2.00319
2.00322
2.00325
2.00327
2.0033
2.00331
2.00333
2.00334
2.00335
2.00336
2.00336
2.00336
2.00336
2.00335
2.00334
2.00333
2.00332
2.0033
2.00328
2.00326
2.00323
2.0032
2.00317
2.00314
2.0031
2.00306
2.00302
2.00298
2.00293
2.00288
2.00283
2.00278
2.00272
2.00267
2.00261
2.00255
2.00249
2.00243
2.00237
2.00232
2.00226
2.0022
2.00214
2.00208
2.00203
2.00197
2.00192
2.00187
2.00181
2.00176
2.00172
2.00167
2.00162
2.00157
2.00153
2.00148
2.00144
2.00139
2.00135
2.00131
2.00126
2.00122
2.00117
2.00113
2.00108
2.00104
2.00099
2.00094
2.0009
2.00085
2.0008
2.00075
2.0007
2.00066
2.00061
2.00056
2.00051
2.00046
2.00042
2.00037
2.00033
2.00029
2.00024
2.0002
2.00017
2.00013
2.0001
2.00006
2.00003
2.00001
1.99998
1.99995
1.99993
1.99991
1.99989
1.99987
1.99985
1.99983
1.99981
1.9998
1.99978
1.99976
1.99975
1.99973
1.99972
1.9997
1.99969
1.99967
1.99966
1.99964
1.99962
1.99961
1.99959
1.99958
1.99956
1.99955
1.99953
1.99952
1.99951
1.9995
1.99949
1.99948
1.99948
1.99947
1.99947
1.99948
1.99948
1.99949
1.99951
1.99953
1.99955
1.99958
1.99961
1.99965
1.99969
1.99974
1.99979
1.99985
1.99992
1.99999
2.00007
2.00016
2.00025
2.00035
2.00046
2.00058
2.0007
2.00083
2.00097
2.00111
2.00126
2.00142
2.00158
2.00175
2.00193
2.00211
2.0023
2.0025
2.00269
2.0029
2.00311
2.00332
2.00353
2.00375
2.00397
2.00419
2.00441
2.00464
2.00486
2.00508
2.00531
2.00553
2.00574
2.00596
2.00617
2.00638
2.00659
2.00679
2.00698
2.00717
2.00736
2.00754
2.00771
2.00787
2.00803
2.00818
2.00832
2.00845
2.00857
2.00869
2.0088
2.00889
2.00898
2.00906
2.00913
2.00919
2.00925
2.00929
2.00932
2.00935
2.00937
2.00938
2.00938
2.00937
2.00935
2.00933
2.0093
2.00926
2.00922
2.00917
2.00912
2.00905
2.00899
2.00892
2.00884
2.00876
2.00868
2.0086
2.00851
2.00842
2.00832
2.00823
2.00813
2.00803
2.00793
2.00783
2.00773
2.00763
2.00753
2.00743
2.00733
2.00722
2.00712
2.00702
2.00692
2.00682
2.00672
2.00661
2.00651
2.00641
2.0063
2.0062
2.0061
2.00599
2.00589
2.00578
2.00567
2.00556
2.00545
2.00534
2.00523
2.00511
2.005
2.00488
2.00476
2.00465
2.00453
2.00441
2.00429
2.00417
2.00405
2.00393
2.00381
2.00369
2.00357
2.00346
2.00334
2.00323
2.00312
2.00301
2.0029
2.0028
2.0027
2.0026
2.00251
2.00242
2.00234
2.00226
2.00219
2.00212
2.00206
2.002
2.00195
2.00191
2.00187
2.00184
2.00181
2.00179
2.00177
2.00176
2.00176
2.00176
2.00177
2.00178
2.0018
2.00182
2.00184
2.00187
2.0019
2.00194
2.00197
2.00201
2.00205
2.00209
2.00213
2.00217
2.00221
2.00224
2.00228
2.00231
2.00234
2.00236
2.00238
2.0024
2.00241
2.00241
2.00241
2.00241
2.0024
2.00238
2.00236
2.00233
2.00229
2.00225
2.0022
2.00214
2.00208
2.00201
2.00194
2.00186
2.00178
2.00169
2.0016
2.00151
2.00141
2.00131
2.0012
2.00109
2.00099
2.00088
2.00076
2.00065
2.00054
2.00043
2.00032
2.0002
2.00009
1.99998
1.99988
1.99977
1.99966
1.99956
1.99946
1.99936
1.99926
1.99917
1.99908
1.99899
1.9989
1.99882
1.99874
1.99866
1.99859
1.99852
1.99846
1.9984
1.99835
1.99829
1.99825
1.99821
1.99817
1.99814
1.99812
1.9981
1.99809
1.99808
1.99808
1.99809
1.9981
1.99812
1.99814
1.99817
1.99821
1.99825
1.9983
1.99835
1.99841
1.99848
1.99855
1.99862
1.9987
1.99879
1.99888
1.99897
1.99907
1.99917
1.99927
1.99938
1.99949
1.9996
1.99971
1.99982
1.99994
2.00006
2.00018
2.0003
2.00042
2.00054
2.00066
2.00078
2.0009
2.00103
2.00115
2.00126
2.00138
2.0015
2.00162
2.00173
2.00185
2.00196
2.00207
2.00217
2.00228
2.00238
2.00248
2.00258
2.00267
2.00276
2.00285
2.00293
2.00302
2.0031
2.00317
2.00325
2.00332
2.00339
2.00345
2.00352
2.00358
2.00364
2.00369
2.00375
2.0038
2.00385
2.00391
2.00396
2.00401
2.00405
2.0041
2.00415
2.0042
2.00424
2.00429
2.00433
2.00437
2.00441
2.00445
2.00449
2.00453
2.00456
2.00459
2.00462
2.00465
2.00467
2.00469
2.00471
2.00473
2.00474
2.00474
2.00474
2.00474
2.00474
2.00473
2.00471
2.0047
2.00467
2.00465
2.00462
2.00459
2.00455
2.00452
2.00447
2.00443
2.00438
2.00434
2.00429
2.00424
2.00418
2.00413
2.00408
2.00402
2.00397
2.00391
2.00386
2.00381
2.00375
2.0037
2.00365
2.0036
2.00356
2.00351
2.00347
2.00343
2.00339
2.00335
2.00332
2.00329
2.00326
2.00323
2.00321
2.00318
2.00316
2.00315
2.00313
2.00312
2.0031
2.00309
2.00308
2.00308
2.00307
2.00306
2.00306
2.00305
2.00304
2.00304
2.00303
2.00302
2.00301
2.003
2.00299
2.00298
2.00297
2.00296
2.00294
2.00292
2.00291
2.00289
2.00287
2.00285
2.00283
2.00281
2.00279
2.00277
2.00275
2.00273
2.00271
2.00269
2.00268
2.00266
2.00265
2.00263
2.00262
2.00261
2.0026
2.0026
2.00259
2.00259
2.00259
2.00259
2.0026
2.0026
2.00261
2.00262
2.00264
2.00265
2.00266
2.00268
2.0027
2.00272
2.00273
2.00275
2.00277
2.00279
2.00281
2.00282
2.00284
2.00285
2.00286
2.00286
2.00287
2.00287
2.00287
2.00286
2.00285
2.00283
2.00281
2.00278
2.00275
2.00271
2.00267
2.00262
2.00257
2.00251
2.00244
2.00237
2.0023
2.00221
2.00213
2.00204
2.00194
2.00184
2.00174
2.00163
2.00152
2.00141
2.0013
2.00118
2.00107
2.00095
2.00083
2.00072
2.0006
2.00049
2.00037
2.00026
2.00016
2.00005
1.99995
1.99985
1.99976
1.99967
1.99959
1.99952
1.99945
1.99938
1.99933
1.99928
1.99924
1.9992
1.99918
1.99916
1.99915
1.99915
1.99916
1.99917
1.9992
1.99923
1.99928
1.99933
1.99939
1.99946
1.99955
1.99964
1.99973
1.99984
1.99996
2.00009
2.00022
2.00037
2.00052
2.00068
2.00085
2.00103
2.00121
2.0014
2.00161
2.00181
2.00203
2.00225
2.00248
2.00272
2.00296
2.00321
2.00347
2.00373
2.004
2.00427
2.00454
2.00482
2.00511
2.0054
2.00569
2.00598
2.00627
2.00657
2.00687
2.00716
2.00746
2.00776
2.00805
2.00835
2.00864
2.00893
2.00922
2.0095
2.00978
2.01005
2.01032
2.01059
2.01084
2.0111
2.01134
2.01158
2.01182
2.01204
2.01226
2.01247
2.01268
2.01287
2.01306
2.01324
2.01341
2.01357
2.01373
2.01387
2.01401
2.01414
2.01426
2.01437
2.01447
2.01457
2.01465
2.01473
2.01479
2.01485
2.0149
2.01494
2.01497
2.01499
2.01501
2.01501
2.01501
2.015
2.01498
2.01496
2.01492
2.01488
2.01484
2.01478
2.01473
2.01466
2.01459
2.01452
2.01444
2.01436
2.01427
2.01418
2.01409
2.014
2.0139
2.01381
2.01371
2.01362
2.01353
2.01344
2.01335
2.01326
2.01318
2.0131
2.01303
2.01296
2.0129
2.01284
2.01279
2.01274
2.01271
2.01268
2.01265
2.01264
2.01263
2.01263
2.01264
2.01265
2.01268
2.01271
2.01274
2.01279
2.01284
2.01289
2.01296
2.01302
2.0131
2.01317
2.01325
2.01334
2.01343
2.01352
2.01361
2.0137
2.01379
2.01389
2.01398
2.01407
2.01416
2.01425
2.01433
2.01441
2.01449
2.01456
2.01463
2.01469
2.01475
2.01479
2.01484
2.01487
2.0149
2.01492
2.01493
2.01493
2.01493
2.01491
2.01489
2.01486
2.01482
2.01477
2.01472
2.01465
2.01458
2.0145
2.01441
2.01431
2.0142
2.01409
2.01397
2.01385
2.01371
2.01358
2.01344
2.01329
2.01314
2.01299
2.01283
2.01267
2.01251
2.01235
2.01219
2.01203
2.01186
2.0117
2.01154
2.01138
2.01122
2.01107
2.01092
2.01076
2.01062
2.01047
2.01033
2.01019
2.01005
2.00991
2.00978
2.00965
2.00952
2.0094
2.00928
2.00916
2.00904
2.00892
2.00881
2.00869
2.00858
2.00847
2.00836
2.00825
2.00814
2.00802
2.00791
2.0078
2.00769
2.00757
2.00745
2.00734
2.00722
2.0071
2.00698
2.00686
2.00673
2.00661
2.00648
2.00636
2.00623
2.0061
2.00597
2.00584
2.00571
2.00558
2.00545
2.00532
2.00519
2.00507
2.00494
2.00481
2.00468
2.00455
2.00442
2.0043
2.00417
2.00404
2.00391
2.00378
2.00365
2.00352
2.00339
2.00326
2.00312
2.00299
2.00285
2.00271
2.00257
2.00242
2.00227
2.00212
2.00197
2.00181
2.00166
2.00149
2.00133
2.00116
2.00099
2.00082
2.00065
2.00047
2.00029
2.00012
1.99994
1.99976
1.99958
1.9994
1.99923
1.99905
1.99888
1.99871
1.99854
1.99838
1.99822
1.99806
1.99791
1.99776
1.99762
1.99748
1.99735
1.99723
1.99711
1.99699
1.99689
1.99679
1.99669
1.99661
1.99653
1.99645
1.99638
1.99632
1.99627
1.99622
1.99618
1.99614
1.99611
1.99608
1.99606
1.99605
1.99604
1.99604
1.99604
1.99605
1.99606
1.99608
1.9961
1.99612
1.99615
1.99618
1.99621
1.99625
1.99629
1.99634
1.99639
1.99644
1.99649
1.99654
1.9966
1.99666
1.99672
1.99679
1.99685
1.99692
1.99699
1.99707
1.99714
1.99722
1.9973
1.99738
1.99747
1.99756
1.99765
1.99774
1.99784
1.99794
1.99804
1.99815
1.99826
1.99837
1.99849
1.99861
1.99873
1.99886
1.99899
1.99912
1.99926
1.9994
1.99954
1.99969
1.99984
1.99999
2.00014
2.00029
2.00045
2.00061
2.00077
2.00093
2.00109
2.00125
2.00142
2.00158
2.00174
2.00191
2.00207
2.00223
2.00239
2.00255
2.00271
2.00286
2.00302
2.00317
2.00332
2.00346
2.00361
2.00375
2.00389
2.00402
2.00415
2.00428
2.0044
2.00453
2.00464
2.00476
2.00487
2.00497
2.00507
2.00517
2.00527
2.00536
2.00544
2.00553
2.00561
2.00568
2.00575
2.00582
2.00589
2.00595
2.00601
2.00606
2.00612
2.00617
2.00622
2.00627
2.00631
2.00635
2.0064
2.00644
2.00648
2.00652
2.00656
2.0066
2.00664
2.00668
2.00672
2.00675
2.00679
2.00683
2.00687
2.00691
2.00696
2.007
2.00704
2.00708
2.00712
2.00717
2.00721
2.00725
2.0073
2.00734
2.00738
2.00743
2.00747
2.00751
2.00755
2.00759
2.00763
2.00767
2.00771
2.00775
2.00778
2.00782
2.00785
2.00788
2.00791
2.00794
2.00797
2.008
2.00802
2.00805
2.00807
2.00809
2.00811
2.00813
2.00815
2.00817
2.00818
2.0082
2.00821
2.00822
2.00824
2.00825
2.00826
2.00826
2.00827
2.00827
2.00828
2.00828
2.00827
2.00827
2.00826
2.00825
2.00823
2.00821
2.00819
2.00816
2.00813
2.00809
2.00805
2.00801
2.00796
2.0079
2.00784
2.00778
2.0077
2.00763
2.00755
2.00746
2.00737
2.00727
2.00717
2.00707
2.00696
2.00684
2.00673
2.00661
2.00649
2.00636
2.00624
2.00611
2.00598
2.00585
2.00573
2.0056
2.00547
2.00535
2.00522
2.00511
2.00499
2.00488
2.00477
2.00466
2.00456
2.00447
2.00438
2.00429
2.00421
2.00414
2.00407
2.00401
2.00396
2.00391
2.00387
2.00383
2.0038
2.00378
2.00376
2.00374
2.00374
2.00373
2.00373
2.00374
2.00375
2.00376
2.00378
2.0038
2.00382
2.00385
2.00388
2.00391
2.00394
2.00398
2.00402
2.00406
2.0041
2.00415
2.0042
2.00424
2.0043
2.00435
2.0044
2.00446
2.00452
2.00458
2.00464
2.00471
2.00477
2.00484
2.00491
2.00498
2.00505
2.00512
2.0052
2.00527
2.00534
2.00542
2.00549
2.00556
2.00563
2.0057
2.00577
2.00583
2.0059
2.00596
2.00601
2.00606
2.00611
2.00615
2.00619
2.00623
2.00626
2.00628
2.0063
2.00631
2.00632
2.00632
2.00632
2.00631
2.0063
2.00628
2.00626
2.00624
2.00621
2.00617
2.00614
2.0061
2.00606
2.00602
2.00598
2.00593
2.00589
2.00585
2.00581
2.00577
2.00573
2.0057
2.00567
2.00564
2.00562
2.0056
2.00558
2.00557
2.00557
2.00557
2.00558
2.00559
2.00561
2.00563
2.00566
2.00569
2.00573
2.00577
2.00582
2.00588
2.00593
2.00599
2.00606
2.00612
2.00619
2.00626
2.00633
2.0064
2.00647
2.00654
2.00661
2.00668
2.00674
2.00681
2.00686
2.00692
2.00697
2.00702
2.00706
2.00709
2.00712
2.00715
2.00716
2.00718
2.00718
2.00718
2.00717
2.00716
2.00714
2.00711
2.00707
2.00703
2.00699
2.00693
2.00687
2.0068
2.00673
2.00665
2.00657
2.00648
2.00638
2.00628
2.00617
2.00606
2.00594
2.00582
2.0057
2.00557
2.00544
2.0053
2.00516
2.00502
2.00487
2.00473
2.00458
2.00443
2.00428
2.00412
2.00397
2.00382
2.00367
2.00352
2.00338
2.00323
2.00309
2.00294
2.00281
2.00267
2.00254
2.00241
2.00228
2.00216
2.00205
2.00193
2.00182
2.00172
2.00162
2.00152
2.00143
2.00134
2.00126
2.00117
2.0011
2.00103
2.00096
2.00089
2.00083
2.00077
2.00071
2.00066
2.00061
2.00057
2.00052
2.00048
2.00044
2.00041
2.00037
2.00034
2.00032
2.00029
2.00027
2.00025
2.00023
2.00022
2.00021
2.0002
2.0002
2.00019
2.00019
2.0002
2.00021
2.00022
2.00023
2.00025
2.00027
2.0003
2.00033
2.00036
2.00039
2.00043
2.00047
2.00052
2.00057
2.00062
2.00068
2.00073
2.00079
2.00086
2.00092
2.00099
2.00106
2.00113
2.00121
2.00128
2.00136
2.00144
2.00151
2.00159
2.00167
2.00175
2.00183
2.00191
2.00198
2.00206
2.00214
2.00221
2.00228
2.00235
2.00242
2.00248
2.00254
2.0026
2.00266
2.00271
2.00276
2.00281
2.00285
2.00289
2.00293
2.00296
2.00299
2.00302
2.00305
2.00307
2.00309
2.00311
2.00312
2.00313
2.00314
2.00315
2.00316
2.00316
2.00316
2.00316
2.00316
2.00316
2.00315
2.00315
2.00314
2.00313
2.00312
2.00312
2.00311
2.00309
2.00308
2.00307
2.00306
2.00305
2.00304
2.00302
2.00301
2.003
2.00299
2.00298
2.00297
2.00295
2.00294
2.00293
2.00292
2.00291
2.00289
2.00288
2.00287
2.00285
2.00284
2.00283
2.00281
2.00279
2.00278
2.00276
2.00274
2.00272
2.0027
2.00268
2.00266
2.00263
2.00261
2.00258
2.00255
2.00252
2.00249
2.00246
2.00243
2.00239
2.00235
2.00232
2.00228
2.00224
2.00219
2.00215
2.0021
2.00205
2.00201
2.00195
2.0019
2.00185
2.00179
2.00173
2.00168
2.00161
2.00155
2.00149
2.00142
2.00136
2.00129
2.00122
2.00115
2.00108
2.001
2.00093
2.00086
2.00078
2.00071
2.00063
2.00055
2.00048
2.0004
2.00033
2.00025
2.00018
2.00011
2.00004
1.99997
1.9999
1.99984
1.99977
1.99971
1.99966
1.9996
1.99955
1.99951
1.99947
1.99943
1.99939
1.99936
1.99933
1.99931
1.99929
1.99927
1.99926
1.99925
1.99925
1.99925
1.99925
1.99925
1.99926
1.99926
1.99927
1.99928
1.99929
1.99931
1.99932
1.99933
1.99934
1.99935
1.99937
1.99937
1.99938
1.99939
1.99939
1.9994
1.9994
1.99939
1.99939
1.99938
1.99937
1.99936
1.99935
1.99933
1.99931
1.99929
1.99926
1.99923
1.99921
1.99917
1.99914
1.99911
1.99908
1.99904
1.99901
1.99897
1.99894
1.9989
1.99887
1.99884
1.9988
1.99877
1.99875
1.99872
1.99869
1.99867
1.99865
1.99863
1.99862
1.9986
1.99859
1.99858
1.99857
1.99856
1.99856
1.99855
1.99855
1.99854
1.99854
1.99853
1.99853
1.99852
1.99851
1.9985
1.99849
1.99847
1.99846
1.99844
1.99841
1.99839
1.99835
1.99832
1.99828
1.99824
1.9982
1.99815
1.9981
1.99804
1.99798
1.99792
1.99786
1.99779
1.99773
1.99766
1.99759
1.99752
1.99745
1.99738
1.99731
1.99725
1.99719
1.99713
1.99707
1.99702
1.99697
1.99692
1.99689
1.99685
1.99683
1.99681
1.9968
1.99679
1.9968
1.99681
1.99683
1.99686
1.99689
1.99694
1.99699
1.99705
1.99712
1.9972
1.99728
1.99737
1.99747
1.99758
1.99769
1.99781
1.99794
1.99807
1.99821
1.99835
1.99849
1.99864
1.99879
1.99895
1.9991
1.99926
1.99942
1.99958
1.99973
1.99989
2.00004
2.0002
2.00035
2.00049
2.00063
2.00077
2.0009
2.00103
2.00115
2.00127
2.00137
2.00148
2.00157
2.00166
2.00173
2.0018
2.00187
2.00192
2.00196
2.002
2.00203
2.00205
2.00206
2.00206
2.00206
2.00204
2.00202
2.002
2.00196
2.00192
2.00187
2.00181
2.00175
2.00169
2.00162
2.00154
2.00146
2.00138
2.00129
2.0012
2.0011
2.001
2.0009
2.0008
2.0007
2.0006
2.00049
2.00039
2.00028
2.00018
2.00007
1.99997
1.99987
1.99977
1.99967
1.99957
1.99947
1.99938
1.99929
1.9992
1.99911
1.99903
1.99895
1.99887
1.99879
1.99872
1.99865
1.99858
1.99851
1.99845
1.99838
1.99832
1.99826
1.9982
1.99814
1.99808
1.99803
1.99797
1.99791
1.99785
1.99778
1.99772
1.99765
1.99759
1.99751
1.99744
1.99736
1.99728
1.9972
1.99711
1.99702
1.99693
1.99683
1.99673
1.99662
1.99651
1.9964
1.99628
1.99617
1.99604
1.99592
1.99579
1.99567
1.99554
1.99541
1.99528
1.99515
1.99502
1.99489
1.99476
1.99464
1.99451
1.99439
1.99428
1.99417
1.99406
1.99396
1.99387
1.99378
1.9937
1.99363
1.99357
1.99351
1.99347
1.99343
1.9934
1.99338
1.99337
1.99337
1.99338
1.9934
1.99342
1.99346
1.9935
1.99355
1.99361
1.99368
1.99375
1.99383
1.99391
1.994
1.9941
1.9942
1.9943
1.99441
1.99452
1.99463
1.99474
1.99485
1.99497
1.99509
1.9952
1.99532
1.99544
1.99556
1.99567
1.99579
1.99591
1.99602
1.99614
1.99625
1.99636
1.99648
1.99659
1.9967
1.99681
1.99692
1.99702
1.99713
1.99723
1.99733
1.99743
1.99753
1.99762
1.99771
1.9978
1.99788
1.99796
1.99804
1.99812
1.99819
1.99825
1.99832
1.99837
1.99843
1.99848
1.99852
1.99856
1.9986
1.99863
1.99866
1.99868
1.9987
1.99872
1.99873
1.99874
1.99874
1.99874
1.99874
1.99873
1.99872
1.99871
1.99869
1.99868
1.99866
1.99864
1.99861
1.99859
1.99856
1.99854
1.99851
1.99848
1.99845
1.99842
1.9984
1.99837
1.99834
1.99831
1.99829
1.99827
1.99824
1.99822
1.9982
1.99818
1.99817
1.99815
1.99814
1.99813
1.99812
1.99812
1.99811
1.99811
1.99811
1.99812
1.99812
1.99813
1.99814
1.99815
1.99816
1.99817
1.99819
1.99821
1.99823
1.99825
1.99827
1.9983
1.99832
1.99835
1.99838
1.99841
1.99844
1.99847
1.99851
1.99854
1.99858
1.99862
1.99865
1.99869
1.99873
1.99877
1.99882
1.99886
1.9989
1.99895
1.999
1.99904
1.99909
1.99914
1.99919
1.99925
1.9993
1.99935
1.99941
1.99947
1.99953
1.99959
1.99965
1.99971
1.99977
1.99984
1.9999
1.99997
2.00004
2.0001
2.00017
2.00024
2.0003
2.00037
2.00043
2.0005
2.00056
2.00062
2.00068
2.00074
2.00079
2.00084
2.00089
2.00094
2.00098
2.00101
2.00105
2.00108
2.0011
2.00113
2.00114
2.00116
2.00116
2.00117
2.00117
2.00116
2.00115
2.00114
2.00112
2.0011
2.00107
2.00104
2.00101
2.00097
2.00093
2.00088
2.00084
2.00078
2.00073
2.00067
