2.1
2.09996
2.09987
2.09974
2.09957
2.09934
2.09908
2.09876
2.0984
2.09798
2.09751
2.09699
2.0964
2.09576
2.09505
2.09428
2.09344
2.09253
2.09153
2.09046
2.0893
2.08805
2.0867
2.08526
2.08371
2.08204
2.08027
2.07836
2.07634
2.07417
2.07187
2.06943
2.06683
2.06408
2.06117
2.05809
2.05485
2.05144
2.04786
2.04411
2.04018
2.03608
2.03182
2.02739
2.02281
2.01808
2.0132
2.0082
2.00307
1.99784
1.99252
1.98712
1.98167
1.97618
1.97066
1.96515
1.95965
1.95419
1.94879
1.94347
1.93824
1.93314
1.92816
1.92334
1.91869
1.91421
1.90993
1.90585
1.90198
1.89832
1.89488
1.89167
1.88867
1.88588
1.88331
1.88095
1.87878
1.87681
1.87503
1.87342
1.87199
1.87071
1.8696
1.86864
1.86784
1.86717
1.86665
1.86627
1.86602
1.86591
1.86592
1.86606
1.86631
1.86668
1.86716
1.86773
1.8684
1.86914
1.86995
1.87081
1.87172
1.87266
1.87361
1.87457
1.87551
1.87643
1.8773
1.87813
1.87888
1.87957
1.88017
1.88068
1.8811
1.88142
1.88164
1.88175
1.88177
1.88168
1.88151
1.88124
1.88089
1.88045
1.87995
1.87937
1.87874
1.87805
1.87732
1.87654
1.87574
1.87491
1.87406
1.8732
1.87235
1.8715
1.87066
1.86985
1.86905
1.86829
1.86756
1.86688
1.86623
1.86564
1.86511
1.86463
1.86423
1.8639
1.86366
1.8635
1.86345
1.8635
1.86366
1.86394
1.86433
1.86486
1.86551
1.86629
1.86719
1.86822
1.86936
1.87061
1.87196
1.87341
1.87493
1.87651
1.87815
1.87982
1.8815
1.88319
1.88486
1.88651
1.88811
1.88966
1.89114
1.89255
1.89387
1.8951
1.89624
1.89728
1.89822
1.89906
1.8998
1.90043
1.90096
1.90139
1.90173
1.90198
1.90214
1.90221
1.90221
1.90214
1.902
1.9018
1.90155
1.90126
1.90092
1.90056
1.90017
1.89976
1.89935
1.89892
1.8985
1.89809
1.89768
1.8973
1.89693
1.89659
1.89627
1.89599
1.89573
1.89552
1.89534
1.89519
1.89509
1.89503
1.895
1.89501
1.89505
1.89512
1.89522
1.89534
1.89547
1.8956
1.89572
1.89583
1.89591
1.89596
1.89596
1.89592
1.89581
1.89565
1.89541
1.89512
1.89475
1.89432
1.89382
1.89327
1.89268
1.89204
1.89137
1.89068
1.88998
1.88928
1.8886
1.88795
1.88735
1.8868
1.88632
1.88593
1.88563
1.88544
1.88536
1.8854
1.88557
1.88587
1.88629
1.88683
1.88748
1.88824
1.88908
1.88999
1.89096
1.89197
1.893
1.89403
1.89505
1.89603
1.89697
1.89786
1.89867
1.89942
1.90009
1.9007
1.90123
1.90171
1.90214
1.90252
1.90287
1.90321
1.90353
1.90385
1.90418
1.90451
1.90486
1.90522
1.90559
1.90596
1.90633
1.9067
1.90704
1.90735
1.90762
1.90782
1.90794
1.90798
1.90791
1.90772
1.90741
1.90696
1.90636
1.90562
1.90474
1.90371
1.90255
1.90126
1.89986
1.89836
1.89677
1.89511
1.8934
1.89167
1.88992
1.88819
1.88648
1.88482
1.88323
1.88171
1.88029
1.87898
1.87777
1.87669
1.87572
1.87488
1.87416
1.87357
1.87309
1.87272
1.87245
1.87228
1.8722
1.87221
1.87228
1.87241
1.8726
1.87283
1.87308
1.87336
1.87366
1.87395
1.87424
1.87452
1.87478
1.87502
1.87523
1.87542
1.87558
1.87573
1.87588
1.87602
1.87617
1.87636
1.87658
1.87686
1.8772
1.87763
1.87814
1.87875
1.87946
1.88025
1.88113
1.88207
1.88307
1.88411
1.88516
1.88621
1.88723
1.88822
1.88914
1.89
1.89078
1.89147
1.89209
1.89262
1.89307
1.89345
1.89377
1.89403
1.89425
1.89444
1.89459
1.89473
1.89486
1.89498
1.89511
1.89524
1.89537
1.89552
1.89567
1.89584
1.89601
1.89619
1.89638
1.89657
1.89676
1.89695
1.89713
1.89732
1.8975
1.89767
1.89785
1.89803
1.89822
1.89842
1.89864
1.89887
1.89913
1.89942
1.89973
1.90009
1.90047
1.9009
1.90136
1.90186
1.9024
1.90298
1.90359
1.90423
1.90491
1.90561
1.90635
1.90711
1.90789
1.9087
1.90953
1.91037
1.91122
1.91209
1.91295
1.91381
1.91465
1.91548
1.91627
1.91703
1.91774
1.91839
1.91898
1.91949
1.91992
1.92027
1.92051
1.92066
1.92071
1.92064
1.92046
1.92017
1.91977
1.91925
1.91863
1.9179
1.91707
1.91616
1.91518
1.91414
1.91306
1.91195
1.91084
1.90973
1.90866
1.90762
1.90663
1.9057
1.90483
1.90403
1.9033
1.90262
1.90201
1.90145
1.90094
1.90047
1.90003
1.89963
1.89926
1.89891
1.8986
1.89832
1.89808
1.89787
1.89772
1.89762
1.89758
1.8976
1.89769
1.89786
1.89809
1.8984
1.89878
1.89923
1.89975
1.90032
1.90096
1.90165
1.90238
1.90316
1.90397
1.90482
1.9057
1.9066
1.90751
1.90844
1.90938
1.91031
1.91124
1.91215
1.91304
1.9139
1.91472
1.91548
1.9162
1.91685
1.91742
1.91792
1.91833
1.91866
1.91889
1.91904
1.91909
1.91905
1.91894
1.91874
1.91847
1.91813
1.91774
1.9173
1.91682
1.91631
1.91578
1.91522
1.91465
1.91407
1.91349
1.9129
1.9123
1.9117
1.91109
1.91047
1.90985
1.90922
1.90859
1.90795
1.90731
1.90667
1.90603
1.9054
1.90479
1.9042
1.90363
1.9031
1.9026
1.90214
1.90172
1.90135
1.90102
1.90074
1.9005
1.90029
1.90012
1.89998
1.89985
1.89974
1.89963
1.89952
1.8994
1.89925
1.89909
1.8989
1.89868
1.89844
1.89816
1.89786
1.89754
1.89719
1.89683
1.89645
1.89607
1.89567
1.89528
1.89488
1.89448
1.89408
1.89368
1.89327
1.89286
1.89244
1.89201
1.89157
1.8911
1.89061
1.89009
1.88954
1.88896
1.88834
1.88769
1.88701
1.88629
1.88554
1.88476
1.88395
1.88312
1.88227
1.88141
1.88054
1.87966
1.87879
1.87792
1.87707
1.87623
1.87541
1.87462
1.87385
1.87313
1.87243
1.87178
1.87117
1.87059
1.87006
1.86956
1.86909
1.86866
1.86826
1.86789
1.86754
1.8672
1.86689
1.86658
1.86629
1.86599
1.86571
1.86541
1.86512
1.86482
1.86451
1.86419
1.86386
1.86351
1.86316
1.8628
1.86244
1.86207
1.86171
1.86136
1.86103
1.86072
1.86043
1.86018
1.85998
1.85982
1.85972
1.85968
1.85971
1.85982
1.86
1.86025
1.86059
1.86099
1.86148
1.86203
1.86264
1.8633
1.86402
1.86477
1.86556
1.86636
1.86718
1.868
1.86882
1.86963
1.87042
1.8712
1.87195
1.87267
1.87336
1.87402
1.87464
1.87522
1.87577
1.87627
1.87672
1.87713
1.87749
1.87781
1.87808
1.8783
1.87848
1.87861
1.8787
1.87875
1.87876
1.87874
1.8787
1.87863
1.87854
1.87844
1.87833
1.87822
1.8781
1.87799
1.87788
1.87778
1.87769
1.87761
1.87753
1.87745
1.87738
1.8773
1.87721
1.8771
1.87696
1.87679
1.87657
1.87631
1.87599
1.87562
1.87519
1.87469
1.87414
1.87354
1.87288
1.87219
1.87147
1.87072
1.86997
1.86922
1.86848
1.86776
1.86708
1.86643
1.86583
1.86528
1.86478
1.86433
1.86392
1.86355
1.8632
1.86287
1.86255
1.86223
1.86189
1.86153
1.86114
1.86071
1.86025
1.85976
1.85925
1.85873
1.85822
1.85772
1.85727
1.85688
1.85656
1.85634
1.85623
1.85625
1.8564
1.85669
1.85712
1.85769
1.85839
1.85921
1.86014
1.86115
1.86223
1.86336
1.86452
1.86569
1.86684
1.86795
1.86902
1.87003
1.87095
1.87179
1.87252
1.87314
1.87364
1.874
1.87423
1.87432
1.87425
1.87404
1.87368
1.87316
1.8725
1.8717
1.87078
1.86974
1.8686
1.86739
1.86613
1.86484
1.86354
1.86227
1.86104
1.85988
1.85882
1.85788
1.85707
1.85641
1.85591
1.85558
1.85543
1.85546
1.85567
1.85605
1.85661
1.85732
1.85818
1.85916
1.86025
1.86143
1.86266
1.86394
1.86524
1.86653
1.86781
1.86904
1.87023
1.87136
1.87242
1.8734
1.87432
1.87516
1.87593
1.87663
1.87726
1.87784
1.87837
1.87885
1.87929
1.8797
1.88009
1.88046
1.88082
1.88117
1.88153
1.8819
1.88229
1.8827
1.88313
1.8836
1.88411
1.88465
1.88524
1.88587
1.88655
1.88727
1.88803
1.88883
1.88967
1.89055
1.89145
1.89237
1.89331
1.89426
1.89522
1.89617
1.89711
1.89804
1.89894
1.89982
1.90065
1.90145
1.90221
1.90291
1.90358
1.90419
1.90476
1.90529
1.90578
1.90623
1.90664
1.90702
1.90737
1.90769
1.90798
1.90824
1.90847
1.90867
1.90882
1.90893
1.909
1.90901
1.90896
1.90885
1.90867
1.90843
1.90812
1.90775
1.90733
1.90687
1.90637
1.90586
1.90535
1.90486
1.9044
1.90399
1.90364
1.90337
1.90318
1.90308
1.90307
1.90314
1.90329
1.90352
1.9038
1.90414
1.90451
1.9049
1.90531
1.90572
1.90611
1.90648
1.90681
1.9071
1.90733
1.9075
1.90761
1.90765
1.90762
1.90752
1.90736
1.90714
1.90688
1.90657
1.90624
1.9059
1.90555
1.90521
1.90489
1.9046
1.90434
1.90414
1.90399
1.90389
1.90384
1.90386
1.90392
1.90404
1.90421
1.90442
1.90466
1.90494
1.90525
1.90559
1.90594
1.90632
1.90671
1.90711
1.90752
1.90795
1.90838
1.90884
1.90931
1.9098
1.91031
1.91085
1.91141
1.91201
1.91263
1.91329
1.91397
1.91466
1.91537
1.91608
1.91678
1.91745
1.91809
1.91868
1.91919
1.91962
1.91996
1.92018
1.92028
1.92025
1.92008
1.91977
1.91931
1.91871
1.91796
1.91708
1.91607
1.91495
1.91371
1.91239
1.911
1.90954
1.90805
1.90654
1.90503
1.90354
1.90209
1.90071
1.89941
1.89821
1.89712
1.89617
1.89535
1.8947
1.8942
1.89387
1.8937
1.89369
1.89384
1.89413
1.89457
1.89512
1.89579
1.89655
1.89738
1.89828
1.89922
1.9002
1.90119
1.90218
1.90317
1.90415
1.9051
1.90601
1.9069
1.90774
1.90855
1.90931
1.91002
1.9107
1.91133
1.91191
1.91246
1.91297
1.91344
1.91387
1.91427
1.91463
1.91496
1.91526
1.91552
1.91574
1.91594
1.9161
1.91623
1.91633
1.91641
1.91646
1.91649
1.91651
1.91652
1.91652
1.91653
1.91656
1.9166
1.91667
1.91678
1.91692
1.9171
1.91733
1.91761
1.91793
1.9183
1.91871
1.91915
1.91963
1.92014
1.92066
1.9212
1.92173
1.92226
1.92278
1.92327
1.92374
1.92418
1.92457
1.92492
1.92522
1.92547
1.92566
1.92579
1.92586
1.92586
1.92579
1.92565
1.92544
1.92515
1.92479
1.92434
1.92383
1.92323
1.92255
1.9218
1.92097
1.92006
1.91907
1.918
1.91685
1.91563
1.91433
1.91295
1.9115
1.90997
1.90836
1.90669
1.90495
1.90314
1.90128
1.89936
1.89739
1.89538
1.89334
1.89127
1.88918
1.88709
1.885
1.88292
1.88085
1.87881
1.8768
1.87482
1.87288
1.87098
1.86912
1.86732
1.86556
1.86386
1.86221
1.86063
1.85913
1.85772
1.8564
1.85518
1.8541
1.85314
1.85234
1.85169
1.85121
1.8509
1.85077
1.85082
1.85103
1.85142
1.85196
1.85264
1.85346
1.85438
1.8554
1.85649
1.85764
1.85883
1.86002
1.86121
1.86237
1.86349
1.86453
1.86549
1.86634
1.86707
1.86767
1.86813
1.86844
1.8686
1.8686
1.86846
1.86818
1.86776
1.86723
1.8666
1.86588
1.8651
1.86427
1.86341
1.86254
1.86168
1.86084
1.86004
1.85928
1.85859
1.85797
1.85742
1.85695
1.85656
1.85625
1.85602
1.85585
1.85576
1.85573
1.85575
1.85581
1.85593
1.85607
1.85625
1.85647
1.85671
1.85699
1.8573
1.85764
1.85803
1.85847
1.85897
1.85952
1.86014
1.86083
1.86159
1.86243
1.86336
1.86436
1.86545
1.86662
1.86787
1.86918
1.87057
1.87202
1.87353
1.87509
1.87669
1.87831
1.87996
1.88162
1.88327
1.8849
1.88651
1.88807
1.88957
1.89101
1.89236
1.89363
1.8948
1.89586
1.89682
1.89766
1.89838
1.89899
1.89949
1.89987
1.90014
1.9003
1.90036
1.90033
1.90021
1.9
1.89972
1.89937
1.89896
1.8985
1.89799
1.89744
1.89686
1.89625
1.89562
1.89497
1.8943
1.89363
1.89294
1.89224
1.89153
1.89081
1.89008
1.88933
1.88857
1.88779
1.88699
1.88618
1.88536
1.88452
1.88367
1.88282
1.88197
1.88113
1.88032
1.87953
1.87879
1.87811
1.87749
1.87696
1.87652
1.87618
1.87595
1.87584
1.87586
1.87601
1.8763
1.87671
1.87726
1.87794
1.87873
1.87965
1.88066
1.88177
1.88297
1.88422
1.88554
1.88688
1.88825
1.88962
1.89098
1.89231
1.8936
1.89484
1.89601
1.89711
1.89812
1.89904
1.89988
1.90062
1.90127
1.90183
1.9023
1.9027
1.90303
1.90329
1.9035
1.90367
1.90381
1.90393
1.90405
1.90416
1.90428
1.90441
1.90457
1.90476
1.90499
1.90525
1.90554
1.90588
1.90625
1.90666
1.90711
1.90759
1.9081
1.90865
1.90921
1.90981
1.91043
1.91106
1.91172
1.91239
1.91307
1.91375
1.91444
1.91513
1.91581
1.91648
1.91714
1.91778
1.91839
1.91897
1.91951
1.92001
1.92047
1.92088
1.92124
1.92155
1.9218
1.922
1.92215
1.92226
1.92233
1.92236
1.92236
1.92234
1.92232
1.92229
1.92227
1.92226
1.92228
1.92233
1.92241
1.92254
1.9227
1.9229
1.92313
1.9234
1.92368
1.92398
1.92429
1.92459
1.92488
1.92514
1.92537
1.92555
1.92568
1.92574
1.92574
1.92566
1.92549
1.92522
1.92486
1.92439
1.9238
1.92309
1.92226
1.9213
1.9202
1.91896
1.91759
1.91608
1.91444
1.91268
1.9108
1.90883
1.90678
1.90468
1.90253
1.90037
1.89823
1.89611
1.89405
1.89207
1.89017
1.88838
1.8867
1.88514
1.88371
1.8824
1.88122
1.88016
1.87921
1.87837
1.87763
1.87698
1.8764
1.8759
1.87545
1.87506
1.87472
1.87443
1.87417
1.87396
1.87379
1.87365
1.87356
1.87351
1.87351
1.87356
1.87366
1.87382
1.87403
1.87429
1.87461
1.87497
1.87539
1.87584
1.87633
1.87685
1.87739
1.87794
1.8785
1.87905
1.8796
1.88014
1.88066
1.88117
1.88166
1.88215
1.88262
1.88308
1.88355
1.88401
1.88449
1.88497
1.88546
1.88597
1.8865
1.88705
1.88761
1.88819
1.88878
1.88939
1.89001
1.89063
1.89127
1.8919
1.89253
1.89315
1.89375
1.89431
1.89484
1.89532
1.89574
1.89608
1.89633
1.89649
1.89654
1.89647
1.89627
1.89594
1.89549
1.89489
1.89417
1.89333
1.89236
1.8913
1.89015
1.88892
1.88763
1.88631
1.88496
1.88361
1.88227
1.88096
1.8797
1.87849
1.87734
1.87626
1.87526
1.87433
1.87348
1.87271
1.87201
1.87138
1.87081
1.87031
1.86986
1.86946
1.86911
1.8688
1.86853
1.86831
1.86811
1.86796
1.86784
1.86775
1.8677
1.86768
1.8677
1.86775
1.86785
1.868
1.86819
1.86842
1.86871
1.86904
1.86941
1.86982
1.87026
1.87073
1.87121
1.8717
1.87218
1.87264
1.87308
1.87348
1.87383
1.87414
1.87439
1.87459
1.87473
1.87483
1.87488
1.87489
1.87487
1.87483
1.87478
1.87471
1.87464
1.87457
1.8745
1.87444
1.87439
1.87434
1.87429
1.87424
1.87419
1.87412
1.87404
1.87394
1.87382
1.87367
1.87351
1.87332
1.87312
1.8729
1.87267
1.87245
1.87222
1.87201
1.87181
1.87163
1.87146
1.87132
1.8712
1.87111
1.87103
1.87098
1.87094
1.87093
1.87095
1.87098
1.87105
1.87116
1.87132
1.87152
1.87179
1.87214
1.87257
1.87309
1.87372
1.87446
1.87531
1.87627
1.87735
1.87855
1.87985
1.88125
1.88274
1.88431
1.88594
1.88762
1.88933
1.89105
1.89278
1.8945
1.89619
1.89784
1.89944
1.90098
1.90246
1.90387
1.90521
1.90648
1.90768
1.90882
1.90989
1.9109
1.91185
1.91275
1.91359
1.91439
1.91514
1.91583
1.91648
1.91706
1.91757
1.91802
1.91838
1.91866
1.91884
1.91891
1.91888
1.91872
1.91845
1.91805
1.91753
1.9169
1.91616
1.91533
1.91441
1.91345
1.91244
1.91143
1.91042
1.90946
1.90856
1.90775
1.90704
1.90644
1.90596
1.90561
1.90538
1.90527
1.90527
1.90536
1.90552
1.90573
1.90597
1.90622
1.90646
1.90667
1.90684
1.90695
1.90699
1.90696
1.90685
1.90668
1.90643
1.90612
1.90575
1.90534
1.90489
1.90442
1.90392
1.90342
1.90292
1.90242
1.90194
1.90147
1.90101
1.90057
1.90015
1.89974
1.89934
1.89894
1.89853
1.89811
1.89767
1.89719
1.89667
1.8961
1.89547
1.89478
1.89401
1.89317
1.89225
1.89125
1.89017
1.88902
1.8878
1.88652
1.88519
1.88382
1.88242
1.88101
1.87959
1.87819
1.87682
1.87548
1.87419
1.87296
1.87179
1.8707
1.86969
1.86877
1.86794
1.86721
1.86658
1.86605
1.86564
1.86534
1.86515
1.86509
1.86515
1.86533
1.86562
1.86604
1.86658
1.86723
1.86799
1.86886
1.86984
1.8709
1.87206
1.87329
1.8746
1.87597
1.87738
1.87883
1.88031
1.8818
1.8833
1.88479
1.88626
1.8877
1.88911
1.89049
1.89182
1.89309
1.89432
1.89548
1.89658
1.89761
1.89856
1.89943
1.90022
1.90091
1.90151
1.90201
1.90241
1.9027
1.90288
1.90296
1.90293
1.90281
1.90259
1.90229
1.90192
1.90148
1.901
1.90048
1.89993
1.89937
1.89882
1.89828
1.89776
1.89727
1.89682
1.89641
1.89605
1.89573
1.89546
1.89522
1.89503
1.89486
1.89471
1.89458
1.89444
1.89429
1.89411
1.8939
1.89364
1.89332
1.89294
1.89249
1.89197
1.89138
1.89073
1.89001
1.88923
1.88841
1.88756
1.88669
1.8858
1.88492
1.88406
1.88322
1.88242
1.88166
1.88095
1.88029
1.87968
1.87912
1.87861
1.87815
1.87774
1.87737
1.87705
1.87678
1.87656
1.8764
1.87631
1.8763
1.87637
1.87654
1.87681
1.87718
1.87766
1.87823
1.87889
1.87964
1.88044
1.88129
1.88217
1.88306
1.88393
1.88477
1.88557
1.8863
1.88697
1.88756
1.88806
1.88849
1.88884
1.88911
1.88931
1.88946
1.88956
1.88962
1.88966
1.88967
1.88968
1.8897
1.88972
1.88977
1.88984
1.88993
1.89007
1.89023
1.89044
1.89068
1.89096
1.89127
1.89161
1.89198
1.89237
1.89278
1.89321
1.89363
1.89406
1.89449
1.8949
1.8953
1.89567
1.89602
1.89634
1.89664
1.8969
1.89713
1.89732
1.89749
1.89763
1.89774
1.89783
1.8979
1.89796
1.89802
1.89806
1.89811
1.89816
1.89821
1.89828
1.89836
1.89846
1.89857
1.89871
1.89886
1.89903
1.89921
1.89942
1.89963
1.89986
1.90009
1.90033
1.90057
1.90081
1.90104
1.90127
1.90149
1.90171
1.90192
1.90213
1.90234
1.90255
1.90277
1.90301
1.90328
1.90357
1.90389
1.90426
1.90467
1.90513
1.90563
1.90619
1.90679
1.90744
1.90814
1.90886
1.90962
1.91039
1.91116
1.91193
1.91268
1.91339
1.91406
1.91466
1.91518
1.91562
1.91596
1.91619
1.91631
1.91632
1.91622
1.91601
1.91569
1.91527
1.91477
1.91419
1.91355
1.91286
1.91214
1.91139
1.91064
1.90989
1.90915
1.90844
1.90776
1.90713
1.90653
1.90598
1.90548
1.90502
1.90459
1.9042
1.90383
1.90348
1.90313
1.90278
1.90243
1.90206
1.90167
1.90125
1.90081
1.90034
1.89984
1.89931
1.89875
1.89817
1.89756
1.89693
1.89628
1.89562
1.89494
1.89425
1.89354
1.89282
1.89209
1.89133
1.89056
1.88976
1.88892
1.88806
1.88715
1.88621
1.88522
1.88419
1.88311
1.882
1.88085
1.87967
1.87848
1.87728
1.87608
1.87491
1.87377
1.87269
1.87167
1.87074
1.86991
1.8692
1.86862
1.86817
1.86787
1.86773
1.86773
1.8679
1.86821
1.86866
1.86925
1.86997
1.87081
1.87175
1.87278
1.8739
1.87508
1.87632
1.87762
1.87895
1.88032
1.88172
1.88314
1.88458
1.88605
1.88753
1.88903
1.89054
1.89206
1.8936
1.89514
1.89667
1.8982
1.89972
1.9012
1.90265
1.90406
1.9054
1.90667
1.90786
1.90896
1.90996
1.91086
1.91165
1.91234
1.91293
1.91342
1.91383
1.91416
1.91443
1.91464
1.9148
1.91492
1.915
1.91504
1.91505
1.91501
1.91492
1.91477
1.91456
1.91426
1.91389
1.91342
1.91286
1.91219
1.91142
1.91056
1.90959
1.90853
1.90739
1.90616
1.90487
1.90351
1.90211
1.90066
1.89919
1.8977
1.89619
1.89469
1.89321
1.89174
1.89032
1.88895
1.88764
1.88643
1.88532
1.88433
1.88349
1.88282
1.88232
1.88202
1.88191
1.882
1.88226
1.88269
1.88326
1.88394
1.88471
1.88552
1.88636
1.88718
1.88797
1.88871
1.88938
1.88997
1.89048
1.8909
1.89123
1.89148
1.89166
1.89176
1.89181
1.8918
1.89174
1.89166
1.89155
1.89142
1.89129
1.89117
1.89105
1.89094
1.89085
1.89079
1.89074
1.89072
1.89072
1.89074
1.89079
1.89087
1.89097
1.8911
1.89126
1.89146
1.8917
1.89198
1.8923
1.89267
1.89309
1.89355
1.89405
1.89458
1.89513
1.8957
1.89627
1.89683
1.89736
1.89784
1.89826
1.89859
1.89883
1.89896
1.89895
1.89881
1.89853
1.89809
1.8975
1.89676
1.89589
1.89488
1.89376
1.89253
1.89123
1.88986
1.88845
1.88702
1.88558
1.88415
1.88275
1.8814
1.8801
1.87887
1.87773
1.87668
1.87573
1.87489
1.87415
1.87354
1.87304
1.87267
1.87241
1.87227
1.87225
1.87234
1.87254
1.87284
1.87323
1.87372
1.87428
1.87492
1.87562
1.87637
1.87717
1.87801
1.87888
1.87978
1.88069
1.88162
1.88255
1.8835
1.88445
1.8854
1.88635
1.8873
1.88825
1.88919
1.89013
1.89107
1.89199
1.89291
1.89382
1.89473
1.89563
1.89652
1.89742
1.89831
1.8992
1.90009
1.90098
1.90187
1.90274
1.9036
1.90442
1.90521
1.90595
1.90662
1.90722
1.90774
1.90815
1.90846
1.90866
1.90874
1.90871
1.90855
1.90828
1.90789
1.90741
1.90682
1.90615
1.90541
1.90461
1.90377
1.90289
1.90201
1.90112
1.90026
1.89943
1.89864
1.89792
1.89725
1.89666
1.89614
1.8957
1.89534
1.89505
1.89484
1.89469
1.89462
1.8946
1.89465
1.89475
1.89491
1.89512
1.89538
1.89569
1.89605
1.89643
1.89685
1.89729
1.89775
1.8982
1.89864
1.89906
1.89944
1.89977
1.90004
1.90023
1.90034
1.90036
1.90027
1.90007
1.89976
1.89932
1.89877
1.89809
1.89729
1.89638
1.89536
1.89423
1.89302
1.89174
1.89039
1.889
1.88759
1.88617
1.88477
1.8834
1.88207
1.88082
1.87964
1.87857
1.8776
1.87675
1.87603
1.87544
1.87498
1.87466
1.87446
1.87438
1.87441
1.87453
1.87475
1.87504
1.87538
1.87576
1.87618
1.87661
1.87705
1.87748
1.8779
1.8783
1.87868
1.87904
1.87937
1.87968
1.87997
1.88024
1.88049
1.88072
1.88094
1.88114
1.88132
1.88149
1.88164
1.88177
1.88189
1.88199
1.88207
1.88213
1.88218
1.88221
1.88222
1.88222
1.8822
1.88217
1.88212
1.88206
1.88198
1.88189
1.88178
1.88165
1.8815
1.88132
1.88113
1.8809
1.88065
1.88038
1.88008
1.87976
1.87943
1.87908
1.87873
1.87839
1.87805
1.87774
1.87745
1.87721
1.87701
1.87687
1.87679
1.87679
1.87687
1.87702
1.87726
1.87759
1.87799
1.87848
1.87903
1.87966
1.88033
1.88106
1.88182
1.88261
1.88341
1.88421
1.88501
1.8858
1.88656
1.8873
1.88801
1.88869
1.88935
1.88997
1.89057
1.89115
1.89171
1.89225
1.89277
1.89328
1.89378
1.89426
1.89472
1.89517
1.89559
1.89599
1.89636
1.8967
1.897
1.89726
1.89747
1.89764
1.89776
1.89783
1.89785
1.89782
1.89774
1.89761
1.89743
1.89721
1.89694
1.89661
1.89623
1.89579
1.89529
1.89472
1.89409
1.89337
1.89258
1.89172
1.89078
1.88978
1.88871
1.88758
1.88641
1.8852
1.88398
1.88274
1.8815
1.88028
1.8791
1.87796
1.87688
1.87587
1.87496
1.87414
1.87343
1.87285
1.87239
1.87207
1.87189
1.87186
1.87196
1.8722
1.87257
1.87306
1.87367
1.87437
1.87515
1.876
1.87691
1.87785
1.87883
1.87982
1.88083
1.88185
1.88287
1.8839
1.88495
1.886
1.88707
1.88817
1.8893
1.89045
1.89164
1.89285
1.89409
1.89536
1.89664
1.89792
1.89921
1.90048
1.90173
1.90294
1.90411
1.90523
1.90629
1.90728
1.9082
1.90904
1.9098
1.91048
1.91108
1.91159
1.91202
1.91238
1.91266
1.91287
1.91301
1.9131
1.91314
1.91313
1.91309
1.91302
1.91292
1.91282
1.91271
1.9126
1.9125
1.9124
1.91232
1.91224
1.91218
1.91212
1.91208
1.91204
1.912
1.91195
1.91189
1.91182
1.91171
1.91158
1.9114
1.91116
1.91087
1.91051
1.91008
1.90956
1.90895
1.90825
1.90746
1.90656
1.90557
1.90449
1.90332
1.90206
1.90073
1.89934
1.8979
1.89643
1.89494
1.89345
1.89198
1.89056
1.88919
1.8879
1.88672
1.88565
1.88471
1.88392
1.88328
1.8828
1.8825
1.88236
1.88239
1.88258
1.88291
1.88339
1.88399
1.88469
1.88546
1.88629
1.88715
1.88801
1.88883
1.88958
1.89024
1.89077
1.89116
1.89137
1.89139
1.8912
1.8908
1.89018
1.88936
1.88835
1.88716
1.88581
1.88434
1.88277
1.88113
1.87947
1.87782
1.87621
1.87469
1.87327
1.872
1.87091
1.87001
1.86933
1.86888
1.86867
1.86871
1.86899
1.86951
1.87023
1.87115
1.87223
1.87345
1.87475
1.87611
1.87749
1.87886
1.88018
1.88142
1.88257
1.88361
1.88454
1.88534
1.88603
1.88661
1.88708
1.88747
1.88778
1.88804
1.88825
1.88842
1.88858
1.88872
1.88886
1.889
1.88915
1.8893
1.88946
1.88962
1.88977
1.88993
1.89007
1.8902
1.89032
1.89043
1.89054
1.89064
1.89074
1.89086
1.891
1.89118
1.8914
1.89168
1.89202
1.89243
1.89291
1.89347
1.8941
1.8948
1.89558
1.89641
1.8973
1.89822
1.89918
1.90015
1.90112
1.90208
1.903
1.90389
1.90471
1.90545
1.90611
1.90667
1.90712
1.90745
1.90766
1.90774
1.9077
1.90754
1.90725
1.90685
1.90635
1.90575
1.90507
1.9043
1.90347
1.90258
1.90164
1.90067
1.89967
1.89865
1.89761
1.89657
1.89554
1.89451
1.89349
1.8925
1.89152
1.89057
1.88966
1.88877
1.88792
1.88712
1.88635
1.88563
1.88495
1.88432
1.88373
1.8832
1.88271
1.88227
1.88189
1.88155
1.88126
1.88103
1.88086
1.88073
1.88067
1.88068
1.88075
1.88089
1.8811
1.88139
1.88176
1.88221
1.88274
1.88336
1.88407
1.88485
1.88572
1.88667
1.8877
1.88879
1.88995
1.89117
1.89244
1.89375
1.89509
1.89645
1.89783
1.89921
1.90059
1.90195
1.90329
1.9046
1.90588
1.90712
1.90831
1.90947
1.91057
1.91162
1.91263
1.91358
1.91448
1.91532
1.9161
1.91683
1.91749
1.91808
1.91861
1.91906
1.91943
1.91973
1.91994
1.92007
1.92012
1.92008
1.91997
1.91977
1.91951
1.91918
1.9188
1.91837
1.9179
1.9174
1.91688
1.91635
1.91582
1.91529
1.91478
1.91428
1.91381
1.91336
1.91294
1.91254
1.91215
1.91179
1.91143
1.91108
1.91072
1.91035
1.90996
1.90955
1.90911
1.90862
1.90808
1.90749
1.90684
1.90612
1.90533
1.90446
1.9035
1.90246
1.90134
1.90012
1.89882
1.89744
1.89597
1.89444
1.89283
1.89117
1.88947
1.88772
1.88596
1.88418
1.8824
1.88063
1.87887
1.87715
1.87546
1.87381
1.87222
1.87067
1.86919
1.86777
1.86642
1.86514
1.86394
1.86282
1.86178
1.86084
1.86
1.85925
1.85862
1.85809
1.85768
1.85738
1.8572
1.85712
1.85716
1.8573
1.85753
1.85784
1.85824
1.8587
1.85922
1.85978
1.86039
1.86102
1.86168
1.86236
1.86306
1.86377
1.86449
1.86522
1.86597
1.86674
1.86753
1.86833
1.86916
1.87002
1.8709
1.87182
1.87276
1.87374
1.87475
1.87579
1.87686
1.87796
1.87909
1.88025
1.88143
1.88264
1.88386
1.8851
1.88635
1.88759
1.88884
1.89007
1.89128
1.89246
1.89361
1.89473
1.89579
1.89681
1.89777
1.89867
1.89951
1.90029
1.90099
1.90161
1.90215
1.9026
1.90296
1.90321
1.90335
1.90337
1.90327
1.90305
1.90271
1.90224
1.90165
1.90094
1.90013
1.89922
1.89822
1.89715
1.89601
1.89482
1.89359
1.89234
1.89108
1.88983
1.88859
1.88739
1.88623
1.88513
1.88411
1.88317
1.88233
1.8816
1.88098
1.88048
1.88011
1.87986
1.87974
1.87975
1.87987
1.88011
1.88046
1.8809
1.88144
1.88206
1.88276
1.88353
1.88435
1.88521
1.88611
1.88704
1.88797
1.88891
1.88983
1.89073
1.89159
1.8924
1.89315
1.89384
1.89446
1.89501
1.89549
1.8959
1.89624
1.89653
1.89676
1.89696
1.89713
1.89727
1.8974
1.89752
1.89764
1.89776
1.89788
1.898
1.89812
1.89823
1.89834
1.89842
1.89848
1.8985
1.89848
1.89841
1.89829
1.89811
1.89786
1.89756
1.8972
1.89679
1.89634
1.89585
1.89534
1.89482
1.8943
1.89379
1.89329
1.89281
1.89235
1.89191
1.89149
1.89108
1.89067
1.89025
1.88982
1.88935
1.88886
1.88832
1.88775
1.88713
1.88647
1.88577
1.88506
1.88433
1.8836
1.88288
1.88218
1.88153
1.88092
1.88036
1.87987
1.87943
1.87907
1.87877
1.87854
1.87837
1.87826
1.87821
1.87822
1.87828
1.87839
1.87856
1.87876
1.87901
1.8793
1.87961
1.87994
1.88028
1.88063
1.88096
1.88128
1.88156
1.88181
1.882
1.88214
1.88221
1.8822
1.88212
1.88196
1.88171
1.88138
1.88097
1.88047
1.8799
1.87925
1.87854
1.87777
1.87695
1.87607
1.87517
1.87423
1.87328
1.87231
1.87135
1.87039
1.86945
1.86854
1.86767
1.86683
1.86605
1.86531
1.86464
1.86403
1.8635
1.86303
1.86265
1.86235
1.86213
1.86201
1.86198
1.86205
1.86222
1.8625
1.86287
1.86335
1.86393
1.8646
1.86536
1.86621
1.86714
1.86814
1.8692
1.87032
1.87148
1.87268
1.8739
1.87514
1.87639
1.87763
1.87886
1.88007
1.88124
1.88237
1.88345
1.88447
1.88541
1.88627
1.88704
1.88771
1.88827
1.88872
1.88905
1.88926
1.88934
1.8893
1.88913
1.88884
1.88843
1.88792
1.8873
1.88658
1.88578
1.8849
1.88397
1.88298
1.88196
1.88092
1.87987
1.87884
1.87783
1.87685
1.87593
1.87506
1.87426
1.87354
1.87289
1.87231
1.87182
1.87139
1.87103
1.87073
1.87048
1.87028
1.87011
1.86997
1.86986
1.86977
1.86969
1.86964
1.86961
1.8696
1.86962
1.86967
1.86974
1.86985
1.86998
1.87014
1.87031
1.8705
1.87068
1.87086
1.87102
1.87115
1.87123
1.87126
1.87124
1.87114
1.87099
1.87077
1.8705
1.87018
1.86982
1.86944
1.86906
1.86868
1.86833
1.86801
1.86775
1.86754
1.86741
1.86736
1.86739
1.86749
1.86768
1.86794
1.86827
1.86867
1.86911
1.8696
1.87013
1.87068
1.87125
1.87183
1.87242
1.87301
1.8736
1.87418
1.87475
1.87531
1.87586
1.8764
1.87691
1.87741
1.87788
1.87834
1.87877
1.87917
1.87956
1.87992
1.88027
1.88061
1.88095
1.88129
1.88165
1.88202
1.88243
1.88288
1.88338
1.88392
1.88453
1.8852
1.88594
1.88674
1.88761
1.88853
1.88951
1.89055
1.89163
1.89275
1.89392
1.89512
1.89634
1.8976
1.89887
1.90016
1.90147
1.90279
1.90411
1.90545
1.90678
1.90812
1.90944
1.91076
1.91206
1.91333
1.91457
1.91576
1.9169
1.91797
1.91897
1.91989
1.92071
1.92143
1.92205
1.92255
1.92295
1.92324
1.92343
1.92352
1.92352
1.92344
1.92328
1.92307
1.92279
1.92247
1.92211
1.9217
1.92126
1.92077
1.92024
1.91966
1.91903
1.91834
1.91759
1.91678
1.91591
1.91496
1.91396
1.9129
1.91179
1.91063
1.90943
1.9082
1.90696
1.9057
1.90443
1.90316
1.90189
1.90063
1.89937
1.89813
1.89688
1.89565
1.89441
1.89318
1.89194
1.89071
1.88947
1.88823
1.887
1.88577
1.88456
1.88337
1.88221
1.88109
1.88001
1.87899
1.87804
1.87715
1.87633
1.87559
1.87494
1.87436
1.87386
1.87344
1.87309
1.87282
1.87261
1.87245
1.87236
1.87232
1.87233
1.87238
1.87247
1.87261
1.87278
1.87298
1.87322
1.87348
1.87378
1.87409
1.87443
1.87478
1.87515
1.87553
1.87593
1.87633
1.87674
1.87716
1.87759
1.87803
1.87847
1.87892
1.87937
1.87983
1.88029
1.88076
1.88123
1.8817
1.88217
1.88263
1.88309
1.88353
1.88396
1.88437
1.88476
1.88513
1.88548
1.8858
1.8861
1.88637
1.88662
1.88684
1.88703
1.8872
1.88735
1.88746
1.88756
1.88763
1.88768
1.8877
1.88771
1.8877
1.88768
1.88765
1.8876
1.88754
1.88746
1.88737
1.88726
1.88713
1.88698
1.8868
1.8866
1.88636
1.88611
1.88583
1.88552
1.88519
1.88484
1.88448
1.88409
1.88369
1.88328
1.88285
1.88241
1.88195
1.88147
1.88098
1.88047
1.87996
1.87944
1.87892
1.87841
1.87793
1.87748
1.87708
1.87675
1.87651
1.87636
1.87632
1.87642
1.87666
1.87705
1.87759
1.87831
1.87919
1.88023
1.88143
1.88279
1.88428
1.8859
1.88764
1.88947
1.89138
1.89335
1.89536
1.89739
1.89942
1.90143
1.90341
1.90533
1.90716
1.90891
1.91054
1.91204
1.91341
1.91462
1.91568
1.91658
1.91732
1.91789
1.91831
1.91858
1.9187
1.91869
1.91855
1.91829
1.91792
1.91744
1.91687
1.91621
1.91546
1.91462
1.91371
1.91272
1.91165
1.91051
1.90929
1.908
1.90665
1.90522
1.90373
1.90218
1.90057
1.8989
1.89717
1.89539
1.89356
1.89168
1.88975
1.88778
1.88577
1.88373
1.88165
1.87954
1.87741
1.87527
1.87313
1.871
1.86889
1.86682
1.86481
1.86288
1.86105
1.85935
1.85779
1.8564
1.85521
1.85422
1.85346
1.85294
1.85267
1.85267
1.85292
1.85344
1.85421
1.85523
1.85647
1.85792
1.85956
1.86134
1.86325
1.86524
1.86729
1.86935
1.8714
1.8734
1.87532
1.87714
1.87884
1.8804
1.88182
1.88309
1.88422
1.88521
1.88606
1.88679
1.88741
1.88793
1.88836
1.88871
1.88899
1.88921
1.88938
1.88949
1.88956
1.88959
1.88958
1.88954
1.88947
1.88937
1.88925
1.88913
1.88899
1.88887
1.88875
1.88865
1.88858
1.88854
1.88854
1.88858
1.88866
1.88878
1.88893
1.88912
1.88934
1.88959
1.88986
1.89014
1.89042
1.89072
1.89101
1.89129
1.89156
1.89182
1.89205
1.89227
1.89244
1.89259
1.89269
1.89274
1.89275
1.89269
1.89258
1.89241
1.89218
1.89189
1.89155
1.89117
1.89074
1.89027
1.88978
1.88927
1.88875
1.88823
1.88772
1.88723
1.88676
1.88633
1.88593
1.88558
1.88528
1.88503
1.88484
1.88471
1.88463
1.8846
1.88463
1.88469
1.8848
1.88494
1.8851
1.88529
1.8855
1.88573
1.88597
1.88623
1.8865
1.88678
1.88708
1.88739
1.8877
1.88803
1.88836
1.8887
1.88904
1.88938
1.88972
1.89005
1.89039
1.89073
1.89106
1.89141
1.89176
1.89212
1.89249
1.89288
1.89327
1.89368
1.89409
1.8945
1.8949
1.89529
1.89566
1.89599
1.89628
1.89651
1.89668
1.89677
1.89679
1.89673
1.89658
1.89635
1.89604
1.89566
1.89522
1.89472
1.89418
1.89361
1.89303
1.89244
1.89185
1.89128
1.89072
1.89018
1.88967
1.88917
1.88868
1.88821
1.88774
1.88726
1.88679
1.88631
1.88582
1.88534
1.88485
1.88436
1.88389
1.88343
1.88298
1.88255
1.88215
1.88176
1.8814
1.88106
1.88074
1.88043
1.88015
1.87987
1.87961
1.87936
1.87911
1.87887
1.87863
1.8784
1.87815
1.87791
1.87766
1.8774
1.87713
1.87687
1.8766
1.87633
1.87608
1.87584
1.87563
1.87544
1.87528
1.87516
1.87508
1.87505
1.87506
1.87511
1.8752
1.87533
1.87551
1.87572
1.87597
1.87626
1.87658
1.87694
1.87733
1.87776
1.87822
1.87872
1.87926
1.87984
1.88045
1.88111
1.8818
1.88254
1.88332
1.88414
1.88501
1.88591
1.88685
1.88783
1.88885
1.88991
1.891
1.89213
1.89329
1.89448
1.89571
1.89697
1.89826
1.89959
1.90095
1.90235
1.90379
1.90528
1.9068
1.90837
1.90997
1.91161
1.91329
1.91499
1.91671
1.91844
1.92016
1.92187
1.92354
1.92517
1.92672
1.9282
1.92957
1.93083
1.93195
1.93292
1.93373
1.93437
1.93484
1.93513
1.93524
1.93519
1.93497
1.93459
1.93407
1.93342
1.93265
1.93177
1.93079
1.92974
1.92861
1.92741
1.92616
1.92485
1.92351
1.92212
1.9207
1.91925
1.91778
1.91629
1.91479
1.91328
1.91177
1.91028
1.90879
1.90732
1.90587
1.90445
1.90305
1.90169
1.90035
1.89904
1.89776
1.89651
1.8953
1.89413
1.893
1.89193
1.89091
1.88997
1.8891
1.88832
1.88764
1.88706
1.88661
1.88628
1.88608
1.88602
1.88609
1.88631
1.88666
1.88715
1.88776
1.88849
1.88933
1.89026
1.89128
1.89236
1.89349
1.89465
1.89583
1.89701
1.89817
1.8993
1.90039
1.90142
1.90238
1.90326
1.90406
1.90478
1.90539
1.90591
1.90634
1.90667
1.9069
1.90703
1.90708
1.90703
1.9069
1.90669
1.90639
1.90602
1.90557
1.90506
1.90448
1.90385
1.90316
1.90244
1.90168
1.90089
1.90009
1.89928
1.89847
1.89767
1.89689
1.89612
1.89539
1.89469
1.89402
1.89339
1.89279
1.89222
1.89168
1.89117
1.89067
1.89018
1.88969
1.8892
1.8887
1.88818
1.88763
1.88706
1.88646
1.88584
1.88519
1.88453
1.88386
1.88319
1.88254
1.8819
1.88129
1.88072
1.88019
1.87969
1.87923
1.8788
1.8784
1.87801
1.87762
1.87722
1.8768
1.87635
1.87585
1.87531
1.87472
1.87407
1.87336
1.87261
1.87182
1.871
1.87016
1.86932
1.86849
1.86769
1.86694
1.86626
1.86566
1.86516
1.86478
1.86452
1.86439
1.86439
1.86454
1.86483
1.86526
1.86582
1.86652
1.86735
1.86832
1.86942
1.87065
1.87203
1.87355
1.87521
1.87701
1.87894
1.88101
1.88318
1.88544
1.88777
1.89014
1.89253
1.89492
1.89729
1.89962
1.90189
1.9041
1.90623
1.90828
1.91024
1.91211
1.91389
1.91557
1.91715
1.91863
1.92001
1.92129
1.92246
1.92353
1.9245
1.92536
1.92612
1.92677
1.92732
1.92777
1.92812
1.92838
1.92853
1.9286
1.92859
1.9285
1.92833
1.9281
1.92782
1.92748
1.9271
1.92668
1.92624
1.92577
1.92529
1.92479
1.92427
1.92375
1.92321
1.92265
1.92208
1.92149
1.92087
1.92022
1.91954
1.91881
1.91805
1.91723
1.91638
1.91547
1.91452
1.91352
1.91249
1.91142
1.91032
1.9092
1.90806
1.90691
1.90576
1.90462
1.90349
1.90237
1.90128
1.90023
1.89921
1.89823
1.89729
1.89641
1.89557
1.89478
1.89404
1.89334
1.89269
1.89207
1.89147
1.89089
1.89033
1.88976
1.88919
1.8886
1.888
1.88738
1.88674
1.88609
1.88545
1.88483
1.88425
1.88374
1.8833
1.88297
1.88275
1.88265
1.88268
1.88284
1.8831
1.88346
1.8839
1.88441
1.88497
1.88556
1.88617
1.88681
1.88744
1.88808
1.88872
1.88936
1.88999
1.89061
1.89123
1.89185
1.89247
1.89309
1.89371
1.89433
1.89497
1.89561
1.89627
1.89693
1.8976
1.89826
1.89893
1.89959
1.90023
1.90086
1.90146
1.90203
1.90257
1.90307
1.90353
1.90393
1.90427
1.90455
1.90475
1.90487
1.9049
1.90482
1.90464
1.90434
1.90393
1.9034
1.90277
1.90202
1.90119
1.90027
1.89928
1.89824
1.89716
1.89607
1.89498
1.89392
1.89289
1.89191
1.891
1.89017
1.88943
1.88879
1.88824
1.8878
1.88747
1.88723
1.88708
1.88702
1.88704
1.88713
1.88727
1.88747
1.8877
1.88797
1.88825
1.88855
1.88884
1.88914
1.88942
1.88967
1.88991
1.89011
1.89027
1.89039
1.89047
1.89051
1.89049
1.89043
1.89033
1.89019
1.89001
1.8898
1.88957
1.88932
1.88906
1.8888
1.88854
1.88829
1.88805
1.88783
1.88762
1.88742
1.88724
1.88706
1.88688
1.88669
1.8865
1.88629
1.88606
1.88581
1.88555
1.88527
1.88498
1.88469
1.88441
1.88414
1.8839
1.8837
1.88355
1.88345
1.8834
1.88342
1.88349
1.88362
1.8838
1.88402
1.88427
1.88455
1.88483
1.88512
1.8854
1.88567
1.8859
1.88611
1.88628
1.88642
1.88652
1.8866
1.88664
1.88666
1.88668
1.88669
1.8867
1.88674
1.8868
1.88689
1.88703
1.88722
1.88746
1.88775
1.88809
1.88849
1.88893
1.88941
1.88991
1.89044
1.89098
1.89152
1.89205
1.89256
1.89305
1.89352
1.89395
1.89435
1.89474
1.8951
1.89546
1.89582
1.89618
1.89657
1.89699
1.89744
1.89793
1.89846
1.89903
1.89963
1.90027
1.90094
1.90163
1.90234
1.90307
1.9038
1.90454
1.90528
1.90603
1.90676
1.9075
1.90822
1.90894
1.90964
1.91033
1.91099
1.91164
1.91226
1.91286
1.91343
1.91398
1.9145
1.91499
1.91545
1.91588
1.91626
1.9166
1.91688
1.9171
1.91725
1.91731
1.91729
1.91717
1.91694
1.9166
1.91615
1.91559
1.91491
1.91412
1.91322
1.91222
1.91113
1.90995
1.90868
1.90734
1.90594
1.90447
1.90295
1.90138
1.89977
1.89813
1.89645
1.89475
1.89302
1.89128
1.88952
1.88776
1.886
1.88424
1.88249
1.88076
1.87905
1.87737
1.87573
1.87412
1.87255
1.87103
1.86956
1.86814
1.86679
1.86549
1.86425
1.86308
1.86197
1.86094
1.85998
1.85909
1.85828
1.85754
1.85689
1.85633
1.85584
1.85544
1.85512
1.85488
1.85472
1.85463
1.85462
1.85467
1.85478
1.85495
1.85516
1.85542
1.85572
1.85605
1.8564
1.85677
1.85716
1.85756
1.85796
1.85835
1.85875
1.85913
1.8595
1.85985
1.86017
1.86047
1.86074
1.86097
1.86117
1.86133
1.86146
1.86155
1.86162
1.86168
1.86171
1.86175
1.86179
1.86185
1.86194
1.86207
1.86226
1.86252
1.86286
1.86327
1.86379
1.8644
1.86511
1.86592
1.86683
1.86784
1.86894
1.87011
1.87136
1.87267
1.87402
1.87541
1.87682
1.87824
1.87966
1.88106
1.88244
1.88378
1.88508
1.88634
1.88754
1.88869
1.88978
1.89082
1.89181
1.89275
1.89365
1.89451
1.89534
1.89615
1.89695
1.89775
1.89855
1.89935
1.90017
1.901
1.90185
1.90273
1.90362
1.90454
1.90547
1.90643
1.90741
1.90841
1.90944
1.91048
1.91154
1.91262
1.91371
1.91481
1.91591
1.917
1.91808
1.91913
1.92015
1.92112
1.92203
1.92288
1.92364
1.92432
1.92492
1.92542
1.92583
1.92615
1.92637
1.92651
1.92656
1.92654
1.92643
1.92625
1.92599
1.92567
1.92529
1.92484
1.92433
1.92377
1.92315
1.92248
1.92177
1.92101
1.9202
1.91936
1.91848
1.91756
1.9166
1.9156
1.91456
1.91349
1.91236
1.9112
1.90998
1.90871
1.9074
1.90603
1.90461
1.90314
1.90164
1.90009
1.89852
1.89693
1.89533
1.89373
1.89215
1.89059
1.88908
1.88761
1.8862
1.88487
1.88361
1.88244
1.88135
1.88036
1.87946
1.87865
1.87793
1.87729
1.87674
1.87625
1.87583
1.87546
1.87514
1.87486
1.87461
1.87438
1.87416
1.87395
1.87374
1.87354
1.87334
1.87315
1.87296
1.8728
1.87266
1.87256
1.87251
1.87251
1.87259
1.87274
1.87299
1.87333
1.87377
1.87432
1.87497
1.87571
1.87656
1.87748
1.87848
1.87954
1.88065
1.88179
1.88294
1.88409
1.88523
1.88633
1.88739
1.88838
1.88929
1.89012
1.89083
1.89143
1.8919
1.89222
1.89239
1.8924
1.89224
1.8919
1.89138
1.89068
1.88981
1.88876
1.88756
1.88623
1.88477
1.88323
1.88163
1.88001
1.8784
1.87683
1.87535
1.87399
1.87277
1.87171
1.87084
1.87017
1.8697
1.86943
1.86935
1.86946
1.86974
1.87017
1.87073
1.8714
1.87216
1.873
1.87389
1.87481
1.87576
1.87671
1.87766
1.87859
1.8795
1.88037
1.88121
1.882
1.88275
1.88344
1.88409
1.88468
1.88524
1.88574
1.88622
1.88666
1.88707
1.88747
1.88785
1.88823
1.8886
1.88897
1.88934
1.88971
1.89008
1.89044
1.89079
1.89114
1.89146
1.89177
1.89205
1.8923
1.89252
1.89271
1.89286
1.89298
1.89307
1.89314
1.89317
1.89318
1.89316
1.89312
1.89307
1.89299
1.8929
1.89279
1.89266
1.89252
1.89236
1.8922
1.89202
1.89184
1.89165
1.89147
1.8913
1.89114
1.89099
1.89087
1.89077
1.8907
1.89067
1.89068
1.89072
1.89079
1.8909
1.89104
1.89119
1.89137
1.89154
1.89171
1.89187
1.892
1.89208
1.89212
1.8921
1.89202
1.89188
1.89167
1.8914
1.89108
1.89071
1.89032
1.88991
1.8895
1.88911
1.88876
1.88847
1.88825
1.88812
1.88808
1.88815
1.88832
1.88861
1.88901
1.88952
1.89014
1.89085
1.89165
1.89253
1.89348
1.89449
1.89556
1.89666
1.8978
1.89895
1.9001
1.90125
1.90238
1.90348
1.90454
1.90555
1.90649
1.90736
1.90815
1.90884
1.90944
1.90994
1.91033
1.91061
1.91077
1.91081
1.91074
1.91054
1.91023
1.9098
1.90927
1.90864
1.90791
1.9071
1.90622
1.90528
1.9043
1.90327
1.90221
1.90114
1.90004
1.89894
1.89784
1.89672
1.8956
1.89446
1.89331
1.89214
1.89095
1.88974
1.8885
1.88724
1.88596
1.88466
1.88337
1.88208
1.88081
1.87957
1.87838
1.87725
1.8762
1.87522
1.87435
1.87357
1.8729
1.87234
1.87188
1.87153
1.87128
1.87112
1.87104
1.87103
1.87107
1.87115
1.87125
1.87138
1.87151
1.87165
1.87179
1.87195
1.87212
1.87232
1.87256
1.87286
1.87323
1.8737
1.87426
1.87493
1.87573
1.87664
1.87768
1.87884
1.88011
1.88147
1.88291
1.88442
1.88597
1.88754
1.88911
1.89067
1.8922
1.89368
1.8951
1.89646
1.89774
1.89894
1.90005
1.90109
1.90204
1.90291
1.90372
1.90445
1.90511
1.90572
1.90628
1.90679
1.90726
1.9077
1.90811
1.9085
1.90888
1.90924
1.90959
1.90992
1.91024
1.91055
1.91085
1.91112
1.91137
1.91159
1.91178
1.91193
1.91204
1.91211
1.91213
1.9121
1.91203
1.91191
1.91176
1.91156
1.91135
1.91111
1.91087
1.91063
1.9104
1.9102
1.91003
1.90989
1.9098
1.90975
1.90975
1.90978
1.90985
1.90994
1.91005
1.91016
1.91027
1.91035
1.9104
1.9104
1.91033
1.9102
1.90999
1.9097
1.90933
1.90887
1.90833
1.90771
1.90702
1.90626
1.90545
1.90458
1.90367
1.90271
1.90173
1.90072
1.89969
1.89865
1.89761
1.89656
1.89552
1.89449
1.89347
1.89247
1.8915
1.89054
1.88961
1.8887
1.88782
1.88697
1.88615
1.88536
1.8846
1.88387
1.88318
1.88254
1.88194
1.88139
1.8809
1.88046
1.88009
1.87979
1.87955
1.87939
1.8793
1.87927
1.87932
1.87943
1.87961
1.87985
1.88014
1.88047
1.88085
1.88127
1.88171
1.88217
1.88265
1.88313
1.88362
1.88411
1.88458
1.88505
1.8855
1.88594
1.88636
1.88677
1.88717
1.88755
1.88794
1.88832
1.8887
1.88909
1.8895
1.88993
1.89037
1.89085
1.89135
1.89187
1.89242
1.893
1.8936
1.89423
1.89486
1.89551
1.89617
1.89684
1.8975
1.89816
1.89881
1.89945
1.90007
1.90067
1.90124
1.90179
1.9023
1.90278
1.90321
1.9036
1.90394
1.90424
1.90448
1.90466
1.90479
1.90487
1.90489
1.90485
1.90476
1.90462
1.90443
1.90419
1.9039
1.90357
1.90319
1.90278
1.90233
1.90184
1.90132
1.90075
1.90015
1.8995
1.89882
1.89808
1.8973
1.89647
1.89558
1.89463
1.89363
1.89258
1.89146
1.8903
1.88909
1.88784
1.88656
1.88526
1.88394
1.88263
1.88133
1.88006
1.87883
1.87766
1.87656
1.87555
1.87464
1.87384
1.87315
1.8726
1.87217
1.87189
1.87173
1.87172
1.87183
1.87206
1.8724
1.87284
1.87337
1.87398
1.87464
1.87534
1.87607
1.87682
1.87756
1.8783
1.87902
1.87971
1.88037
1.88101
1.88161
1.88219
1.88275
1.88329
1.88381
1.88434
1.88486
1.88537
1.88589
1.88641
1.88693
1.88743
1.88792
1.88839
1.88883
1.88924
1.8896
1.88991
1.89017
1.89036
1.8905
1.89056
1.89056
1.89049
1.89035
1.89014
1.88986
1.88951
1.8891
1.88863
1.8881
1.88752
1.8869
1.88623
1.88554
1.88484
1.88412
1.88342
1.88273
1.88208
1.88147
1.88091
1.88043
1.88002
1.87969
1.87946
1.87933
1.87929
1.87936
1.87951
1.87976
1.88008
1.88047
1.8809
1.88138
1.88187
1.88236
1.88283
1.88327
1.88366
1.88399
1.88425
1.88444
1.88455
1.88458
1.88454
1.88444
1.88427
1.88406
1.8838
1.88352
1.88322
1.88291
1.8826
1.8823
1.88201
1.88174
1.88148
1.88124
1.88102
