2.1
2.09999
2.09998
2.09997
2.09995
2.09993
2.09991
2.09988
2.09984
2.09981
2.09976
2.09972
2.09966
2.09961
2.09955
2.09948
2.09941
2.09933
2.09925
2.09917
2.09908
2.09899
2.09889
2.09879
2.09868
2.09857
2.09846
2.09834
2.09822
2.09809
2.09796
2.09783
2.0977
2.09756
2.09742
2.09728
2.09713
2.09698
2.09683
2.09668
2.09653
2.09637
2.09621
2.09606
2.0959
2.09573
2.09557
2.09541
2.09524
2.09508
2.09492
2.09475
2.09459
2.09442
2.09426
2.09409
2.09393
2.09376
2.0936
2.09344
2.09328
2.09312
2.09296
2.0928
2.09264
2.09249
2.09234
2.09219
2.09204
2.09189
2.09174
2.0916
2.09146
2.09132
2.09118
2.09105
2.09092
2.09079
2.09066
2.09054
2.09041
2.09029
2.09018
2.09006
2.08995
2.08984
2.08974
2.08964
2.08953
2.08944
2.08934
2.08925
2.08916
2.08907
2.08899
2.0889
2.08882
2.08874
2.08867
2.0886
2.08852
2.08846
2.08839
2.08832
2.08826
2.0882
2.08814
2.08808
2.08803
2.08797
2.08792
2.08787
2.08782
2.08777
2.08772
2.08767
2.08763
2.08759
2.08754
2.0875
2.08746
2.08742
2.08738
2.08735
2.08731
2.08727
2.08724
2.0872
2.08717
2.08713
2.0871
2.08707
2.08703
2.087
2.08697
2.08694
2.0869
2.08687
2.08684
2.08681
2.08678
2.08674
2.08671
2.08668
2.08665
2.08661
2.08658
2.08655
2.08652
2.08648
2.08645
2.08641
2.08638
2.08635
2.08631
2.08627
2.08624
2.0862
2.08617
2.08613
2.08609
2.08605
2.08601
2.08598
2.08594
2.0859
2.08586
2.08582
2.08578
2.08574
2.0857
2.08565
2.08561
2.08557
2.08553
2.08549
2.08545
2.0854
2.08536
2.08532
2.08527
2.08523
2.08519
2.08515
2.0851
2.08506
2.08502
2.08498
2.08493
2.08489
2.08485
2.08481
2.08477
2.08473
2.08469
2.08465
2.08461
2.08457
2.08453
2.08449
2.08445
2.08441
2.08437
2.08434
2.0843
2.08426
2.08423
2.08419
2.08415
2.08412
2.08408
2.08405
2.08401
2.08398
2.08395
2.08391
2.08388
2.08384
2.08381
2.08378
2.08374
2.08371
2.08368
2.08364
2.08361
2.08358
2.08354
2.08351
2.08348
2.08344
2.08341
2.08338
2.08334
2.08331
2.08327
2.08324
2.0832
2.08317
2.08313
2.0831
2.08306
2.08302
2.08299
2.08295
2.08291
2.08287
2.08283
2.08279
2.08275
2.08271
2.08267
2.08263
2.08259
2.08255
2.08251
2.08247
2.08242
2.08238
2.08233
2.08229
2.08224
2.0822
2.08215
2.08211
2.08206
2.08201
2.08197
2.08192
2.08187
2.08183
2.08178
2.08173
2.08168
2.08163
2.08158
2.08154
2.08149
2.08144
2.08139
2.08134
2.08129
2.08124
2.08119
2.08114
2.08109
2.08104
2.08099
2.08094
2.08089
2.08084
2.08079
2.08074
2.08069
2.08064
2.0806
2.08055
2.0805
2.08045
2.0804
2.08035
2.0803
2.08025
2.0802
2.08015
2.08011
2.08006
2.08001
2.07996
2.07991
2.07986
2.07982
2.07977
2.07972
2.07967
2.07963
2.07958
2.07953
2.07948
2.07944
2.07939
2.07934
2.0793
2.07925
2.0792
2.07915
2.07911
2.07906
2.07902
2.07897
2.07892
2.07888
2.07883
2.07879
2.07874
2.07869
2.07865
2.07861
2.07856
2.07852
2.07847
2.07843
2.07839
2.07835
2.07831
2.07826
2.07822
2.07819
2.07815
2.07811
2.07807
2.07804
2.078
2.07797
2.07793
2.0779
2.07787
2.07784
2.07781
2.07779
2.07776
2.07774
2.07771
2.07769
2.07767
2.07766
2.07764
2.07763
2.07761
2.0776
2.07759
2.07759
2.07758
2.07758
2.07758
2.07758
2.07758
2.07759
2.07759
2.0776
2.07761
2.07762
2.07764
2.07765
2.07767
2.07769
2.07772
2.07774
2.07777
2.07779
2.07782
2.07785
2.07789
2.07792
2.07796
2.078
2.07804
2.07808
2.07812
2.07816
2.07821
2.07826
2.0783
2.07835
2.0784
2.07846
2.07851
2.07856
2.07862
2.07867
2.07873
2.07879
2.07885
2.07891
2.07897
2.07903
2.07909
2.07915
2.07921
2.07928
2.07934
2.07941
2.07947
2.07954
2.0796
2.07967
2.07973
2.0798
2.07986
2.07993
2.08
2.08006
2.08013
2.08019
2.08026
2.08033
2.08039
2.08046
2.08052
2.08058
2.08065
2.08071
2.08077
2.08084
2.0809
2.08096
2.08102
2.08108
2.08114
2.0812
2.08125
2.08131
2.08137
2.08142
2.08148
2.08153
2.08158
2.08163
2.08168
2.08173
2.08178
2.08183
2.08187
2.08192
2.08196
2.082
2.08204
2.08208
2.08212
2.08216
2.08219
2.08223
2.08226
2.08229
2.08232
2.08235
2.08238
2.08241
2.08243
2.08246
2.08248
2.0825
2.08253
2.08254
2.08256
2.08258
2.0826
2.08261
2.08262
2.08263
2.08265
2.08265
2.08266
2.08267
2.08268
2.08268
2.08268
2.08269
2.08269
2.08269
2.08269
2.08269
2.08268
2.08268
2.08268
2.08267
2.08267
2.08266
2.08265
2.08265
2.08264
2.08263
2.08262
2.08261
2.0826
2.08259
2.08258
2.08257
2.08255
2.08254
2.08253
2.08251
2.0825
2.08249
2.08247
2.08246
2.08244
2.08242
2.08241
2.08239
2.08237
2.08236
2.08234
2.08232
2.0823
2.08228
2.08226
2.08225
2.08223
2.0822
2.08218
2.08216
2.08214
2.08212
2.0821
2.08207
2.08205
2.08203
2.082
2.08198
2.08195
2.08192
2.0819
2.08187
2.08184
2.08181
2.08178
2.08175
2.08172
2.08168
2.08165
2.08162
2.08158
2.08155
2.08151
2.08147
2.08144
2.0814
2.08136
2.08132
2.08128
2.08124
2.08119
2.08115
2.0811
2.08106
2.08101
2.08097
2.08092
2.08087
2.08082
2.08077
2.08072
2.08067
2.08062
2.08056
2.08051
2.08045
2.0804
2.08034
2.08028
2.08023
2.08017
2.08011
2.08005
2.07999
2.07993
2.07987
2.07981
2.07975
2.07968
2.07962
2.07956
2.07949
2.07943
2.07936
2.0793
2.07924
2.07917
2.07911
2.07904
2.07897
2.07891
2.07884
2.07878
2.07871
2.07865
2.07858
2.07852
2.07845
2.07839
2.07832
2.07826
2.07819
2.07813
2.07807
2.078
2.07794
2.07788
2.07782
2.07776
2.0777
2.07764
2.07758
2.07752
2.07746
2.0774
2.07735
2.07729
2.07723
2.07718
2.07713
2.07707
2.07702
2.07697
2.07692
2.07687
2.07682
2.07678
2.07673
2.07669
2.07664
2.0766
2.07656
2.07652
2.07648
2.07644
2.0764
2.07637
2.07633
2.0763
2.07626
2.07623
2.0762
2.07617
2.07614
2.07611
2.07609
2.07606
2.07604
2.07602
2.07599
2.07597
2.07595
2.07594
2.07592
2.0759
2.07589
2.07588
2.07586
2.07585
2.07584
2.07583
2.07582
2.07582
2.07581
2.07581
2.0758
2.0758
2.0758
2.0758
2.0758
2.0758
2.0758
2.0758
2.0758
2.07581
2.07581
2.07582
2.07583
2.07583
2.07584
2.07585
2.07586
2.07587
2.07588
2.07589
2.0759
2.07591
2.07593
2.07594
2.07595
2.07597
2.07598
2.07599
2.07601
2.07602
2.07604
2.07606
2.07607
2.07609
2.0761
2.07612
2.07614
2.07616
2.07617
2.07619
2.07621
2.07622
2.07624
2.07626
2.07628
2.0763
2.07631
2.07633
2.07635
2.07637
2.07639
2.0764
2.07642
2.07644
2.07646
2.07647
2.07649
2.07651
2.07653
2.07654
2.07656
2.07658
2.0766
2.07661
2.07663
2.07665
2.07666
2.07668
2.07669
2.07671
2.07673
2.07674
2.07676
2.07677
2.07679
2.07681
2.07682
2.07684
2.07685
2.07687
2.07688
2.0769
2.07691
2.07693
2.07694
2.07695
2.07697
2.07698
2.077
2.07701
2.07703
2.07704
2.07705
2.07707
2.07708
2.0771
2.07711
2.07712
2.07714
2.07715
2.07717
2.07718
2.0772
2.07721
2.07723
2.07724
2.07725
2.07727
2.07728
2.0773
2.07731
2.07733
2.07735
2.07736
2.07738
2.07739
2.07741
2.07743
2.07745
2.07746
2.07748
2.0775
2.07752
2.07754
2.07756
2.07758
2.0776
2.07762
2.07764
2.07766
2.07769
2.07771
2.07773
2.07776
2.07778
2.07781
2.07783
2.07786
2.07789
2.07791
2.07794
2.07797
2.078
2.07803
2.07806
2.07809
2.07812
2.07816
2.07819
2.07822
2.07826
2.07829
2.07833
2.07836
2.0784
2.07843
2.07847
2.07851
2.07854
2.07858
2.07862
2.07866
2.07869
2.07873
2.07877
2.07881
2.07885
2.07889
2.07893
2.07897
2.079
2.07904
2.07908
2.07912
2.07916
2.0792
2.07923
2.07927
2.07931
2.07934
2.07938
2.07941
2.07945
2.07948
2.07952
2.07955
2.07958
2.07961
2.07965
2.07968
2.07971
2.07974
2.07977
2.0798
2.07982
2.07985
2.07988
2.07991
2.07993
2.07996
2.07998
2.08001
2.08003
2.08005
2.08008
2.0801
2.08012
2.08014
2.08016
2.08018
2.08021
2.08023
2.08025
2.08027
2.08029
2.0803
2.08032
2.08034
2.08036
2.08038
2.0804
2.08042
2.08044
2.08046
2.08048
2.08049
2.08051
2.08053
2.08055
2.08057
2.08059
2.0806
2.08062
2.08064
2.08066
2.08068
2.0807
2.08072
2.08074
2.08076
2.08078
2.0808
2.08082
2.08083
2.08085
2.08087
2.08089
2.08091
2.08093
2.08095
2.08097
2.08099
2.08101
2.08103
2.08105
2.08107
2.08109
2.08111
2.08113
2.08115
2.08117
2.08119
2.0812
2.08122
2.08124
2.08125
2.08127
2.08129
2.0813
2.08132
2.08133
2.08135
2.08136
2.08138
2.08139
2.0814
2.08141
2.08142
2.08143
2.08144
2.08145
2.08146
2.08147
2.08148
2.08148
2.08149
2.08149
2.0815
2.0815
2.0815
2.08151
2.08151
2.08151
2.08151
2.08151
2.08151
2.0815
2.0815
2.0815
2.0815
2.08149
2.08149
2.08148
2.08148
2.08147
2.08147
2.08146
2.08145
2.08144
2.08144
2.08143
2.08142
2.08141
2.0814
2.08139
2.08138
2.08137
2.08136
2.08135
2.08134
2.08133
2.08132
2.08131
2.0813
2.08129
2.08128
2.08127
2.08126
2.08125
2.08124
2.08123
2.08121
2.0812
2.08119
2.08118
2.08117
2.08116
2.08115
2.08114
2.08113
2.08113
2.08112
2.08111
2.0811
2.08109
2.08109
2.08108
2.08107
2.08107
2.08106
2.08106
2.08105
2.08105
2.08104
2.08104
2.08103
2.08103
2.08103
2.08103
2.08103
2.08103
2.08103
2.08103
2.08103
2.08103
2.08103
2.08103
2.08103
2.08104
2.08104
2.08104
2.08105
2.08105
2.08106
2.08106
2.08107
2.08107
2.08108
2.08109
2.0811
2.0811
2.08111
2.08112
2.08113
2.08114
2.08115
2.08116
2.08117
2.08118
2.08119
2.0812
2.08122
2.08123
2.08124
2.08125
2.08126
2.08128
2.08129
2.0813
2.08131
2.08133
2.08134
2.08135
2.08137
2.08138
2.08139
2.08141
2.08142
2.08144
2.08145
2.08147
2.08148
2.0815
2.08151
2.08153
2.08154
2.08156
2.08157
2.08159
2.0816
2.08162
2.08163
2.08165
2.08166
2.08168
2.0817
2.08171
2.08173
2.08174
2.08176
2.08178
2.08179
2.08181
2.08183
2.08184
2.08186
2.08188
2.08189
2.08191
2.08193
2.08195
2.08196
2.08198
2.082
2.08201
2.08203
2.08205
2.08207
2.08208
2.0821
2.08212
2.08213
2.08215
2.08216
2.08218
2.0822
2.08221
2.08223
2.08224
2.08226
2.08228
2.08229
2.08231
2.08232
2.08234
2.08235
2.08236
2.08238
2.08239
2.0824
2.08242
2.08243
2.08244
2.08245
2.08247
2.08248
2.08249
2.0825
2.08251
2.08253
2.08254
2.08255
2.08256
2.08257
2.08258
2.08259
2.0826
2.08261
2.08262
2.08263
2.08264
2.08265
2.08266
2.08267
2.08268
2.08269
2.0827
2.08271
2.08272
2.08273
2.08274
2.08275
2.08276
2.08278
2.08279
2.0828
2.08281
2.08282
2.08283
2.08284
2.08286
2.08287
2.08288
2.08289
2.08291
2.08292
2.08293
2.08295
2.08296
2.08298
2.08299
2.08301
2.08302
2.08304
2.08306
2.08307
2.08309
2.08311
2.08312
2.08314
2.08316
2.08318
2.08319
2.08321
2.08323
2.08325
2.08327
2.08329
2.0833
2.08332
2.08334
2.08336
2.08338
2.0834
2.08341
2.08343
2.08345
2.08347
2.08349
2.0835
2.08352
2.08354
2.08356
2.08358
2.08359
2.08361
2.08363
2.08364
2.08366
2.08368
2.08369
2.08371
2.08373
2.08374
2.08376
2.08378
2.08379
2.08381
2.08382
2.08384
2.08385
2.08387
2.08388
2.0839
2.08391
2.08392
2.08394
2.08395
2.08397
2.08398
2.08399
2.08401
2.08402
2.08403
2.08404
2.08406
2.08407
2.08408
2.08409
2.0841
2.08411
2.08412
2.08413
2.08414
2.08415
2.08416
2.08417
2.08418
2.08419
2.0842
2.0842
2.08421
2.08422
2.08423
2.08423
2.08424
2.08425
2.08425
2.08426
2.08427
2.08427
2.08428
2.08428
2.08429
2.08429
2.08429
2.0843
2.0843
2.0843
2.08431
2.08431
2.08431
2.08431
2.08431
2.08431
2.08431
2.08431
2.08431
2.08431
2.08431
2.08431
2.08431
2.0843
2.0843
2.0843
2.08429
2.08429
2.08429
2.08428
2.08428
2.08427
2.08427
2.08426
2.08425
2.08425
2.08424
2.08423
2.08422
2.08421
2.08421
2.0842
2.08419
2.08417
2.08416
2.08415
2.08414
2.08413
2.08411
2.0841
2.08409
2.08407
2.08406
2.08404
2.08402
2.08401
2.08399
2.08397
2.08395
2.08393
2.08391
2.0839
2.08387
2.08385
2.08383
2.08381
2.08379
2.08377
2.08375
2.08372
2.0837
2.08368
2.08365
2.08363
2.0836
2.08358
2.08356
2.08353
2.08351
2.08348
2.08346
2.08343
2.08341
2.08338
2.08336
2.08333
2.08331
2.08328
2.08326
2.08323
2.0832
2.08318
2.08315
2.08313
2.0831
2.08308
2.08305
2.08303
2.083
2.08298
2.08295
2.08293
2.0829
2.08288
2.08285
2.08283
2.0828
2.08278
2.08275
2.08273
2.0827
2.08268
2.08265
2.08263
2.08261
2.08258
2.08256
2.08253
2.08251
2.08248
2.08246
2.08243
2.08241
2.08238
2.08236
2.08234
2.08231
2.08229
2.08226
2.08224
2.08221
2.08219
2.08216
2.08214
2.08212
2.08209
2.08207
2.08205
2.08202
2.082
2.08198
2.08195
2.08193
2.08191
2.08189
2.08187
2.08184
2.08182
2.0818
2.08178
2.08176
2.08174
2.08172
2.0817
2.08168
2.08166
2.08164
2.08162
2.08161
2.08159
2.08157
2.08155
2.08154
2.08152
2.0815
2.08149
2.08147
2.08146
2.08144
2.08143
2.08141
2.0814
2.08138
2.08137
2.08136
2.08135
2.08133
2.08132
2.08131
2.0813
2.08128
2.08127
2.08126
2.08125
2.08124
2.08123
2.08122
2.08121
2.08119
2.08118
2.08117
2.08116
2.08116
2.08115
2.08114
2.08113
2.08112
2.08111
2.0811
2.08109
2.08108
2.08107
2.08106
2.08106
2.08105
2.08104
2.08103
2.08102
2.08102
2.08101
2.081
2.08099
2.08098
2.08097
2.08097
2.08096
2.08095
2.08094
2.08093
2.08093
2.08092
2.08091
2.0809
2.08089
2.08088
2.08087
2.08086
2.08085
2.08084
2.08083
2.08082
2.08081
2.0808
2.08079
2.08078
2.08076
2.08075
2.08074
2.08073
2.08071
2.0807
2.08069
2.08067
2.08066
2.08064
2.08063
2.08061
2.0806
2.08058
2.08056
2.08054
2.08053
2.08051
2.08049
2.08047
2.08045
2.08043
2.08041
2.08039
2.08037
2.08035
2.08032
2.0803
2.08028
2.08025
2.08023
2.08021
2.08018
2.08016
2.08013
2.08011
2.08008
2.08005
2.08003
2.08
2.07997
2.07994
2.07992
2.07989
2.07986
2.07983
2.0798
2.07977
2.07975
2.07972
2.07969
2.07966
2.07963
2.0796
2.07957
2.07954
2.07951
2.07948
2.07946
2.07943
2.0794
2.07937
2.07934
2.07931
2.07928
2.07926
2.07923
2.0792
2.07917
2.07915
2.07912
2.07909
2.07906
2.07904
2.07901
2.07899
2.07896
2.07893
2.07891
2.07888
2.07886
2.07884
2.07881
2.07879
2.07876
2.07874
2.07872
2.0787
2.07867
2.07865
2.07863
2.07861
2.07859
2.07857
2.07855
2.07853
2.0785
2.07849
2.07847
2.07845
2.07843
2.07841
2.07839
2.07837
2.07835
2.07834
2.07832
2.0783
2.07828
2.07827
2.07825
2.07824
2.07822
2.07821
2.07819
2.07818
2.07816
2.07815
2.07813
2.07812
2.0781
2.07809
2.07808
2.07807
2.07805
2.07804
2.07803
2.07802
2.07801
2.07799
2.07798
2.07797
2.07796
2.07795
2.07794
2.07793
2.07792
2.07791
2.0779
2.07788
2.07787
2.07786
2.07785
2.07785
2.07784
2.07783
2.07782
2.07781
2.0778
2.07779
2.07778
2.07777
2.07776
2.07775
2.07774
2.07773
2.07772
2.07771
2.0777
2.07769
2.07768
2.07767
2.07766
2.07765
2.07764
2.07763
2.07762
2.07761
2.0776
2.07759
2.07757
2.07756
2.07755
2.07754
2.07753
2.07752
2.0775
2.07749
2.07748
2.07746
2.07745
2.07744
2.07742
2.07741
2.0774
2.07738
2.07737
2.07736
2.07734
2.07733
2.07731
2.0773
2.07729
2.07727
2.07726
2.07724
2.07723
2.07722
2.0772
2.07719
2.07718
2.07716
2.07715
2.07714
2.07713
2.07711
2.0771
2.07709
2.07708
2.07707
2.07706
2.07705
2.07705
2.07704
2.07703
2.07702
2.07702
2.07702
2.07701
2.07701
2.07701
2.07701
2.07701
2.07701
2.07701
2.07701
2.07702
2.07702
2.07703
2.07703
2.07704
2.07705
2.07706
2.07707
2.07709
2.0771
2.07712
2.07713
2.07715
2.07717
2.07719
2.07721
2.07724
2.07726
2.07729
2.07731
2.07734
2.07737
2.0774
2.07743
2.07746
2.0775
2.07753
2.07757
2.0776
2.07764
2.07768
2.07772
2.07776
2.0778
2.07785
2.07789
2.07793
2.07798
2.07802
2.07807
2.07812
2.07817
2.07821
2.07826
2.07831
2.07836
2.07842
2.07847
2.07852
2.07857
2.07863
2.07868
2.07873
2.07879
2.07884
2.0789
2.07895
2.07901
2.07906
2.07912
2.07917
2.07923
2.07929
2.07934
2.0794
2.07945
2.07951
2.07957
2.07962
2.07968
2.07974
2.07979
2.07985
2.07991
2.07996
2.08002
2.08007
2.08013
2.08019
2.08024
2.0803
2.08035
2.08041
2.08046
2.08052
2.08057
2.08062
2.08068
2.08073
2.08079
2.08084
2.08089
2.08094
2.081
2.08105
2.0811
2.08115
2.0812
2.08125
2.08131
2.08136
2.08141
2.08145
2.0815
2.08155
2.0816
2.08165
2.08169
2.08174
2.08179
2.08183
2.08188
2.08192
2.08197
2.08201
2.08205
2.08209
2.08214
2.08218
2.08222
2.08226
2.0823
2.08233
2.08237
2.08241
2.08244
2.08248
2.08252
2.08255
2.08258
2.08262
2.08265
2.08268
2.08271
2.08274
2.08277
2.0828
2.08282
2.08285
2.08288
2.0829
2.08293
2.08295
2.08298
2.083
2.08302
2.08304
2.08306
2.08308
2.0831
2.08312
2.08314
2.08316
2.08318
2.08319
2.08321
2.08322
2.08324
2.08325
2.08327
2.08328
2.08329
2.0833
2.08331
2.08332
2.08333
2.08334
2.08335
2.08336
2.08337
2.08337
2.08338
2.08339
2.08339
2.0834
2.0834
2.0834
2.08341
2.08341
2.08341
2.08341
2.08342
2.08342
2.08342
2.08342
2.08341
2.08341
2.08341
2.08341
2.0834
2.0834
2.08339
2.08339
2.08338
2.08337
2.08337
2.08336
2.08335
2.08334
2.08333
2.08332
2.08331
2.0833
2.08329
2.08327
2.08326
2.08325
2.08323
2.08322
2.0832
2.08319
2.08317
2.08315
2.08314
2.08312
2.0831
2.08309
2.08307
2.08305
2.08303
2.08301
2.083
2.08298
2.08296
2.08294
2.08292
2.0829
2.08289
2.08287
2.08285
2.08283
2.08281
2.0828
2.08278
2.08276
2.08274
2.08273
2.08271
2.08269
2.08268
2.08266
2.08265
2.08263
2.08262
2.0826
2.08259
2.08258
2.08256
2.08255
2.08254
2.08253
2.08252
2.08251
2.08249
2.08248
2.08247
2.08246
2.08246
2.08245
2.08244
2.08243
2.08242
2.08242
2.08241
2.0824
2.0824
2.08239
2.08238
2.08238
2.08237
2.08237
2.08236
2.08236
2.08235
2.08235
2.08234
2.08234
2.08234
2.08233
2.08233
2.08233
2.08232
2.08232
2.08232
2.08232
2.08231
2.08231
2.08231
2.0823
2.0823
2.0823
2.0823
2.08229
2.08229
2.08229
2.08229
2.08228
2.08228
2.08228
2.08227
2.08227
2.08227
2.08226
2.08226
2.08226
2.08225
2.08225
2.08224
2.08224
2.08223
2.08223
2.08222
2.08222
2.08221
2.08221
2.0822
2.08219
2.08219
2.08218
2.08217
2.08216
2.08216
2.08215
2.08214
2.08213
2.08212
2.08211
2.0821
2.08209
2.08208
2.08207
2.08206
2.08205
2.08204
2.08203
2.08201
2.082
2.08199
2.08198
2.08197
2.08195
2.08194
2.08193
2.08192
2.0819
2.08189
2.08188
2.08187
2.08185
2.08184
2.08183
2.08182
2.08181
2.08179
2.08178
2.08177
2.08176
2.08175
2.08174
2.08173
2.08172
2.08171
2.0817
2.0817
2.08169
2.08168
2.08167
2.08167
2.08166
2.08166
2.08165
2.08165
2.08164
2.08164
2.08164
2.08163
2.08163
2.08163
2.08163
2.08163
2.08163
2.08163
2.08163
2.08163
2.08164
2.08164
2.08164
2.08165
2.08165
2.08165
2.08166
2.08166
2.08167
2.08168
2.08168
2.08169
2.0817
2.0817
2.08171
2.08172
2.08173
2.08174
2.08175
2.08176
2.08177
2.08178
2.08179
2.08181
2.08182
2.08183
2.08184
2.08186
2.08187
2.08189
2.0819
2.08192
2.08193
2.08195
2.08196
2.08198
2.082
2.08202
2.08204
2.08206
2.08207
2.08209
2.08211
2.08213
2.08215
2.08218
2.0822
2.08222
2.08224
2.08226
2.08228
2.0823
2.08233
2.08235
2.08237
2.08239
2.08241
2.08244
2.08246
2.08248
2.0825
2.08252
2.08254
2.08256
2.08258
2.0826
2.08262
2.08264
2.08266
2.08268
2.0827
2.08272
2.08274
2.08275
2.08277
2.08278
2.0828
2.08281
2.08283
2.08284
2.08285
2.08287
2.08288
2.08289
2.0829
2.08291
2.08292
2.08293
2.08293
2.08294
2.08295
2.08295
2.08296
2.08296
2.08297
2.08297
2.08297
2.08298
2.08298
2.08298
2.08298
2.08298
2.08298
2.08298
2.08298
2.08298
2.08297
2.08297
2.08297
2.08296
2.08296
2.08296
2.08295
2.08295
2.08294
2.08294
2.08293
2.08293
2.08292
2.08292
2.08291
2.0829
2.0829
2.08289
2.08289
2.08288
2.08287
2.08287
2.08286
2.08286
2.08285
2.08284
2.08284
2.08283
2.08283
2.08282
2.08282
2.08282
2.08281
2.08281
2.0828
2.0828
2.0828
2.0828
2.08279
2.08279
2.08279
2.08279
2.08279
2.08279
2.08278
2.08278
2.08278
2.08278
2.08279
2.08279
2.08279
2.08279
2.08279
2.08279
2.0828
2.0828
2.0828
2.08281
2.08281
2.08282
2.08282
2.08283
2.08283
2.08284
2.08285
2.08286
2.08286
2.08287
2.08288
2.08289
2.0829
2.08291
2.08292
2.08293
2.08295
2.08296
2.08297
2.08298
2.083
2.08301
2.08303
2.08304
2.08306
2.08307
2.08309
2.08311
2.08313
2.08314
2.08316
2.08318
2.0832
2.08322
2.08324
2.08326
2.08328
2.0833
2.08332
2.08334
2.08336
2.08338
2.0834
2.08343
2.08345
2.08347
2.08349
2.08351
2.08354
2.08356
2.08358
2.0836
2.08362
2.08364
2.08366
2.08368
2.0837
2.08372
2.08374
2.08376
2.08378
2.0838
2.08382
2.08383
2.08385
2.08387
2.08388
2.0839
2.08391
2.08392
2.08394
2.08395
2.08396
2.08397
2.08398
2.08399
2.084
2.084
2.08401
2.08402
2.08402
2.08403
2.08403
2.08403
2.08403
2.08403
2.08403
2.08403
2.08403
2.08403
2.08402
2.08402
2.08401
2.08401
2.084
2.08399
2.08398
2.08397
2.08396
2.08395
2.08394
2.08393
2.08391
2.0839
2.08388
2.08387
2.08385
2.08384
2.08382
2.0838
2.08378
2.08376
2.08375
2.08373
2.08371
2.08369
2.08367
2.08364
2.08362
2.0836
2.08358
2.08356
2.08354
2.08351
2.08349
2.08347
2.08345
2.08343
2.0834
2.08338
2.08336
2.08333
2.08331
2.08329
2.08326
2.08324
2.08322
2.08319
2.08317
2.08315
2.08312
2.0831
2.08308
2.08305
2.08303
2.08301
2.08298
2.08296
2.08294
2.08291
2.08289
2.08287
2.08284
2.08282
2.08279
2.08277
2.08274
2.08272
2.08269
2.08267
2.08264
2.08262
2.08259
2.08257
2.08254
2.08252
2.08249
2.08246
2.08244
2.08241
2.08239
2.08236
2.08233
2.08231
2.08228
2.08225
2.08222
2.0822
2.08217
2.08214
2.08211
2.08208
2.08205
2.08202
2.08199
2.08197
2.08194
2.08191
2.08187
2.08184
2.08181
2.08178
2.08175
2.08172
2.08169
2.08165
2.08162
2.08159
2.08155
2.08152
2.08148
2.08145
2.08141
2.08138
2.08134
2.0813
2.08126
2.08123
2.08119
2.08115
2.08111
2.08107
2.08103
2.08098
2.08094
2.0809
2.08086
2.08081
2.08077
2.08073
2.08068
2.08063
2.08059
2.08054
2.0805
2.08045
2.0804
2.08035
2.08031
2.08026
2.08021
2.08016
2.08011
2.08006
2.08001
2.07996
2.07991
2.07986
2.07981
2.07976
2.07971
2.07967
2.07962
2.07957
2.07952
2.07947
2.07942
2.07938
2.07933
2.07928
2.07924
2.07919
2.07915
2.0791
2.07906
2.07902
2.07897
2.07893
2.07889
2.07885
2.07881
2.07877
2.07873
2.07869
2.07866
2.07862
2.07858
2.07855
2.07851
2.07848
2.07845
2.07841
2.07838
2.07835
2.07832
2.07829
2.07827
2.07824
2.07821
2.07819
2.07816
2.07814
2.07811
2.07809
2.07807
2.07804
2.07802
2.078
2.07798
2.07796
2.07795
2.07793
2.07791
2.07789
2.07788
2.07786
2.07785
2.07783
2.07782
2.0778
2.07779
2.07778
2.07777
2.07775
2.07774
2.07773
2.07772
2.07771
2.0777
2.07769
2.07768
2.07767
2.07767
2.07766
2.07765
2.07764
2.07763
2.07763
2.07762
2.07761
2.07761
2.0776
2.07759
2.07759
2.07758
2.07758
2.07757
2.07756
2.07756
2.07755
2.07754
2.07754
2.07753
2.07753
2.07752
2.07751
2.07751
2.0775
2.07749
2.07749
2.07748
2.07747
2.07746
2.07746
2.07745
2.07744
2.07743
2.07742
2.07742
2.07741
2.0774
2.07739
2.07738
2.07737
2.07736
2.07735
2.07734
2.07733
2.07732
2.07731
2.0773
2.07729
2.07728
2.07727
2.07726
2.07725
2.07723
2.07722
2.07721
2.0772
2.07719
2.07718
2.07717
2.07715
2.07714
2.07713
2.07712
2.07711
2.0771
2.07709
2.07708
2.07707
2.07705
2.07704
2.07703
2.07703
2.07702
2.07701
2.077
2.07699
2.07698
2.07697
2.07696
2.07696
2.07695
2.07694
2.07694
2.07693
2.07693
2.07692
2.07692
2.07691
2.07691
2.07691
2.0769
2.0769
2.0769
2.0769
2.0769
2.0769
2.0769
2.0769
2.0769
2.0769
2.0769
2.07691
2.07691
2.07691
2.07692
2.07692
2.07693
2.07693
2.07694
2.07694
2.07695
2.07695
2.07696
2.07697
2.07698
2.07698
2.07699
2.077
2.07701
2.07702
2.07702
2.07703
2.07704
2.07705
2.07706
2.07707
2.07707
2.07708
2.07709
2.0771
2.07711
2.07711
2.07712
2.07713
2.07714
2.07714
2.07715
2.07715
2.07716
2.07717
2.07717
2.07718
2.07718
2.07718
2.07719
2.07719
2.07719
2.0772
2.0772
2.0772
2.0772
2.0772
2.0772
2.0772
2.0772
2.0772
2.0772
2.07719
2.07719
2.07719
2.07719
2.07718
2.07718
2.07717
2.07717
2.07716
2.07716
2.07715
2.07715
2.07714
2.07714
2.07713
2.07712
2.07711
2.07711
2.0771
2.07709
2.07708
2.07708
2.07707
2.07706
2.07705
2.07705
2.07704
2.07703
2.07702
2.07701
2.07701
2.077
2.07699
2.07698
2.07698
2.07697
2.07696
2.07695
2.07695
2.07694
2.07693
2.07693
2.07692
2.07692
2.07691
2.07691
2.0769
2.0769
2.07689
2.07689
2.07689
2.07688
2.07688
2.07688
2.07687
2.07687
2.07687
2.07687
2.07686
2.07686
2.07686
2.07686
2.07686
2.07686
2.07686
2.07686
2.07686
2.07686
2.07686
2.07686
2.07686
2.07687
2.07687
2.07687
2.07687
2.07687
2.07688
2.07688
2.07688
2.07688
2.07689
2.07689
2.07689
2.0769
2.0769
2.07691
2.07691
2.07692
2.07692
2.07693
2.07693
2.07694
2.07694
2.07695
2.07696
2.07697
2.07697
2.07698
2.07699
2.077
2.07701
2.07701
2.07702
2.07703
2.07704
2.07705
2.07706
2.07708
2.07709
2.0771
2.07711
2.07712
2.07714
2.07715
2.07716
2.07718
2.07719
2.07721
2.07722
2.07724
2.07726
2.07727
2.07729
2.07731
2.07733
2.07734
2.07736
2.07738
2.0774
2.07742
2.07744
2.07746
2.07748
2.0775
2.07753
2.07755
2.07757
2.07759
2.07762
2.07764
2.07766
2.07769
2.07771
2.07773
2.07776
2.07778
2.07781
2.07783
2.07786
2.07788
2.07791
2.07793
2.07796
2.07798
2.07801
2.07803
2.07806
2.07808
2.07811
2.07814
2.07816
2.07819
2.07821
2.07824
2.07826
2.07829
2.07832
2.07834
2.07837
2.07839
2.07842
2.07844
2.07847
2.07849
2.07851
2.07854
2.07856
2.07859
2.07861
2.07863
2.07866
2.07868
2.0787
2.07873
2.07875
2.07877
2.07879
2.07882
2.07884
2.07886
2.07888
2.0789
2.07892
2.07894
2.07896
2.07898
2.079
2.07902
2.07904
2.07906
2.07908
2.0791
2.07912
2.07914
2.07916
2.07918
2.07919
2.07921
2.07923
2.07925
2.07926
2.07928
2.0793
2.07931
2.07933
2.07935
2.07936
2.07938
2.07939
2.07941
2.07943
2.07944
2.07946
2.07947
2.07949
2.0795
2.07952
2.07953
2.07955
2.07956
2.07957
2.07959
2.0796
2.07962
2.07963
2.07964
2.07966
2.07967
2.07968
2.0797
2.07971
2.07972
2.07974
2.07975
2.07976
2.07977
2.07978
2.0798
2.07981
2.07982
2.07983
2.07984
2.07985
2.07986
2.07987
2.07988
2.07989
2.0799
2.07991
2.07992
2.07993
2.07994
2.07995
2.07996
2.07997
2.07998
2.07998
2.07999
2.08
2.08
2.08001
2.08002
2.08002
2.08003
2.08003
2.08004
2.08004
2.08005
2.08005
2.08005
2.08006
2.08006
2.08006
2.08006
2.08006
2.08006
2.08006
2.08006
2.08006
2.08005
2.08005
2.08005
2.08004
2.08004
2.08003
2.08003
2.08002
2.08001
2.08
2.07999
2.07998
2.07997
2.07996
2.07995
2.07993
2.07992
2.07991
2.07989
2.07987
2.07986
2.07984
2.07982
2.0798
2.07978
2.07976
2.07974
2.07972
2.0797
2.07968
2.07965
2.07963
2.0796
2.07958
2.07955
2.07953
2.0795
2.07947
2.07944
2.07941
2.07938
2.07935
2.07932
2.07929
2.07926
2.07923
2.07919
2.07916
2.07913
2.07909
2.07906
2.07903
2.07899
2.07895
2.07892
2.07888
2.07884
2.07881
2.07877
2.07873
2.07869
2.07865
2.07862
2.07858
2.07854
2.0785
2.07846
2.07841
2.07837
2.07833
2.07829
2.07825
2.07821
2.07816
2.07812
2.07808
2.07803
2.07799
2.07795
2.0779
2.07786
2.07781
2.07777
2.07773
2.07768
2.07764
2.07759
2.07755
2.0775
2.07746
2.07741
2.07737
2.07732
2.07728
2.07724
2.07719
2.07715
2.07711
2.07706
2.07702
2.07698
2.07694
2.0769
2.07685
2.07681
2.07678
2.07674
2.0767
2.07666
2.07663
2.07659
2.07656
2.07652
2.07649
2.07646
2.07643
2.0764
2.07637
2.07634
2.07632
2.07629
2.07627
2.07624
2.07622
2.0762
2.07618
2.07616
2.07615
2.07613
2.07611
2.0761
2.07609
2.07608
2.07607
2.07606
2.07605
2.07604
2.07604
2.07603
2.07603
2.07603
2.07602
2.07603
2.07603
2.07603
2.07603
2.07604
2.07604
2.07605
2.07606
2.07607
2.07608
2.07609
2.07611
2.07612
2.07613
2.07615
2.07617
2.07619
2.07621
2.07623
2.07625
2.07627
2.0763
2.07632
2.07635
2.07638
2.07641
2.07644
2.07647
2.0765
2.07653
2.07657
2.0766
2.07664
2.07668
2.07671
2.07675
2.07679
2.07683
2.07688
2.07692
2.07696
2.07701
2.07705
2.0771
2.07714
2.07719
2.07724
2.07729
2.07734
2.07739
2.07744
2.07749
2.07754
2.07759
2.07764
2.0777
2.07775
2.0778
2.07786
2.07791
2.07797
2.07802
2.07808
2.07814
2.07819
2.07825
2.07831
2.07836
2.07842
2.07848
2.07854
2.0786
2.07866
2.07871
2.07877
2.07883
2.07889
2.07895
2.07901
2.07907
2.07913
2.07919
2.07925
2.07931
2.07936
2.07942
2.07948
2.07954
2.0796
2.07966
2.07971
2.07977
2.07983
2.07989
2.07994
2.08
2.08006
2.08011
2.08017
2.08022
2.08028
2.08033
2.08039
2.08044
2.08049
2.08054
2.0806
2.08065
2.0807
2.08075
2.0808
2.08085
2.0809
2.08094
2.08099
2.08104
2.08108
2.08113
2.08117
2.08122
2.08126
2.0813
2.08134
2.08139
2.08143
2.08147
2.0815
2.08154
2.08158
2.08161
2.08165
2.08168
2.08172
2.08175
2.08178
2.08181
2.08184
2.08187
2.0819
2.08193
2.08196
2.08198
2.08201
2.08203
2.08205
2.08207
2.08209
2.08212
2.08213
2.08215
2.08217
2.08219
2.0822
2.08222
2.08223
2.08224
2.08226
2.08227
2.08228
2.08229
2.08229
2.0823
2.08231
2.08231
2.08232
2.08232
2.08232
2.08233
2.08233
2.08233
2.08233
2.08233
2.08232
2.08232
2.08231
2.08231
2.0823
2.0823
2.08229
2.08228
2.08227
2.08226
2.08225
2.08224
2.08223
2.08221
2.0822
2.08218
2.08217
2.08215
2.08214
2.08212
2.0821
2.08208
2.08207
2.08205
2.08203
2.08201
2.08199
2.08197
2.08195
2.08193
2.0819
2.08188
2.08186
2.08184
2.08182
2.08179
2.08177
2.08175
2.08172
2.0817
2.08168
2.08166
2.08163
2.08161
2.08159
2.08156
2.08154
2.08152
2.08149
2.08147
2.08145
2.08143
2.0814
2.08138
2.08136
2.08134
2.08132
2.0813
2.08128
2.08126
2.08124
2.08122
2.0812
2.08118
2.08116
2.08114
2.08112
2.08111
2.08109
2.08107
2.08106
2.08104
2.08102
2.08101
2.08099
2.08098
2.08097
2.08095
2.08094
2.08093
2.08092
2.08091
2.08089
2.08088
2.08087
2.08087
2.08086
2.08085
2.08084
2.08083
2.08083
2.08082
2.08082
2.08081
2.08081
2.08081
2.08081
2.0808
2.0808
2.0808
2.0808
2.08081
2.08081
2.08081
2.08081
2.08082
2.08082
2.08083
2.08083
2.08084
2.08084
2.08085
2.08086
2.08087
2.08088
2.08088
2.08089
2.08091
2.08092
2.08093
2.08094
2.08095
2.08096
2.08098
2.08099
2.081
2.08102
2.08103
2.08104
2.08106
2.08107
2.08109
2.0811
2.08111
2.08113
2.08114
2.08116
2.08117
2.08119
2.0812
2.08122
2.08123
2.08125
2.08126
2.08128
2.08129
2.08131
2.08132
2.08134
2.08135
2.08137
2.08139
2.0814
2.08142
2.08143
2.08145
2.08147
2.08149
2.0815
2.08152
2.08154
2.08156
2.08158
2.08159
2.08161
2.08163
2.08165
2.08167
2.08169
2.08171
2.08174
2.08176
2.08178
2.0818
2.08183
2.08185
2.08187
2.0819
2.08192
2.08195
2.08197
2.082
2.08203
2.08205
2.08208
2.08211
2.08213
2.08216
2.08219
2.08221
2.08224
2.08227
2.08229
2.08232
2.08235
2.08238
2.0824
2.08243
2.08246
2.08248
2.08251
2.08254
2.08256
2.08259
2.08261
2.08263
2.08266
2.08268
2.0827
2.08272
2.08275
2.08277
2.08279
2.08281
2.08282
2.08284
2.08286
2.08288
2.08289
2.08291
2.08292
2.08293
2.08295
2.08296
2.08297
2.08298
2.08299
2.083
2.083
2.08301
2.08302
2.08302
2.08303
2.08303
2.08303
2.08303
2.08304
2.08304
2.08304
2.08303
2.08303
2.08303
2.08303
2.08302
2.08302
2.08302
2.08301
2.08301
2.083
2.08299
2.08299
2.08298
2.08297
2.08296
2.08296
2.08295
2.08294
2.08293
2.08292
2.08291
2.0829
2.08289
2.08288
2.08287
2.08285
2.08284
2.08283
2.08282
2.08281
2.08279
2.08278
2.08277
2.08276
2.08274
2.08273
2.08272
2.0827
2.08269
2.08267
2.08266
2.08265
2.08263
2.08262
2.0826
2.08259
2.08257
2.08255
2.08254
2.08252
2.08251
2.08249
2.08247
2.08245
2.08244
2.08242
2.0824
2.08238
2.08236
2.08234
2.08232
2.0823
2.08228
2.08226
2.08224
2.08222
2.08219
2.08217
2.08215
2.08213
2.0821
2.08208
2.08206
2.08203
2.08201
2.08199
2.08196
2.08194
2.08191
2.08189
2.08186
2.08184
2.08181
2.08179
2.08176
2.08174
2.08171
2.08169
2.08166
2.08164
2.08161
2.08159
2.08156
2.08154
2.08152
2.08149
2.08147
2.08145
2.08143
2.08141
2.08139
2.08137
2.08135
2.08133
2.08131
2.08129
2.08128
2.08126
2.08124
2.08123
2.08122
2.0812
2.08119
2.08118
2.08117
2.08116
2.08115
2.08114
2.08114
2.08113
2.08112
2.08112
2.08112
2.08111
2.08111
2.08111
2.08111
2.08111
2.08112
2.08112
2.08112
2.08113
2.08114
2.08114
2.08115
2.08116
2.08117
2.08118
2.0812
2.08121
2.08122
2.08124
2.08125
2.08127
2.08129
2.08131
2.08132
2.08134
2.08136
2.08139
2.08141
2.08143
2.08145
2.08148
2.0815
2.08153
2.08155
2.08158
2.0816
2.08163
2.08166
2.08168
2.08171
2.08174
2.08177
2.0818
2.08182
2.08185
2.08188
2.08191
2.08194
2.08197
2.082
2.08202
2.08205
2.08208
2.08211
2.08214
2.08216
2.08219
2.08222
2.08225
2.08227
2.0823
2.08232
2.08235
2.08237
2.0824
2.08242
2.08244
2.08247
2.08249
2.08251
2.08253
2.08255
2.08257
2.08259
2.08261
2.08263
2.08264
2.08266
2.08268
2.08269
2.08271
2.08272
2.08273
2.08275
2.08276
2.08277
2.08278
2.08279
2.0828
2.08281
2.08281
2.08282
2.08282
2.08283
2.08283
2.08284
2.08284
2.08284
2.08284
2.08284
2.08284
2.08284
2.08283
2.08283
2.08283
2.08282
2.08281
2.08281
2.0828
2.08279
2.08278
2.08277
2.08276
2.08275
2.08274
2.08273
2.08271
2.0827
2.08269
2.08267
2.08266
2.08264
2.08263
2.08261
2.08259
2.08258
2.08256
2.08254
2.08252
2.0825
2.08249
2.08247
2.08245
2.08243
2.08241
2.08239
2.08238
2.08236
2.08234
2.08232
2.0823
2.08228
2.08227
2.08225
2.08223
2.08221
2.08219
2.08218
2.08216
2.08214
2.08213
2.08211
2.08209
2.08208
2.08206
2.08205
2.08203
2.08201
2.082
2.08198
2.08197
2.08195
2.08193
2.08192
2.0819
2.08189
2.08187
2.08186
2.08184
2.08182
2.08181
2.08179
2.08178
2.08176
2.08174
2.08173
2.08171
2.0817
2.08168
2.08166
2.08165
2.08163
2.08161
2.0816
2.08158
2.08156
2.08155
2.08153
2.08151
2.0815
2.08148
2.08147
2.08145
2.08144
2.08142
2.08141
2.08139
2.08138
2.08137
2.08135
2.08134
2.08133
2.08132
2.08131
2.0813
2.08129
2.08128
2.08127
2.08126
2.08126
2.08125
2.08124
2.08124
2.08123
2.08123
2.08123
2.08123
2.08122
2.08122
2.08122
2.08123
2.08123
2.08123
2.08123
2.08124
2.08124
2.08125
2.08126
2.08127
2.08127
2.08128
2.08129
2.0813
2.08132
2.08133
2.08134
2.08135
2.08137
2.08138
2.0814
2.08141
2.08143
2.08145
2.08147
2.08148
2.0815
2.08152
2.08154
2.08156
2.08158
2.0816
2.08163
2.08165
2.08167
2.08169
2.08171
2.08174
2.08176
2.08178
2.08181
2.08183
2.08186
2.08188
2.0819
2.08193
2.08195
2.08198
2.082
2.08202
2.08205
2.08207
2.08209
2.08212
2.08214
2.08217
2.08219
2.08221
2.08224
2.08226
2.08228
2.0823
2.08232
2.08235
2.08237
2.08239
2.08241
2.08243
2.08245
2.08247
2.08249
2.0825
2.08252
2.08254
2.08256
2.08257
2.08259
2.0826
2.08262
2.08263
2.08264
2.08266
2.08267
2.08268
2.08269
2.0827
2.08271
2.08272
2.08273
2.08274
2.08275
2.08275
2.08276
2.08276
2.08277
2.08277
2.08278
2.08278
2.08278
2.08278
2.08278
2.08278
2.08278
2.08278
2.08278
2.08278
2.08278
2.08277
2.08277
2.08277
2.08276
2.08276
2.08275
2.08275
2.08274
2.08273
2.08272
2.08272
2.08271
2.0827
2.08269
2.08268
2.08267
2.08266
2.08265
2.08264
2.08263
2.08262
2.08261
2.0826
2.08258
2.08257
2.08256
2.08255
2.08254
2.08253
2.08252
2.0825
2.08249
2.08248
2.08247
2.08246
2.08245
2.08243
2.08242
2.08241
2.0824
2.08239
2.08238
2.08237
2.08236
2.08235
2.08233
2.08232
2.08231
2.0823
2.08229
2.08228
2.08227
2.08226
2.08225
2.08224
2.08223
2.08222
2.0822
2.08219
2.08218
2.08217
2.08216
2.08215
2.08214
2.08213
2.08212
2.0821
2.08209
2.08208
2.08207
2.08205
2.08204
2.08203
2.08202
2.082
2.08199
2.08198
2.08196
2.08195
2.08193
2.08192
2.0819
2.08189
2.08187
2.08185
2.08184
2.08182
2.0818
2.08179
2.08177
2.08175
2.08173
2.08171
2.08169
2.08168
2.08166
2.08164
2.08162
2.0816
2.08158
2.08156
2.08154
2.08152
2.0815
2.08148
2.08146
2.08144
2.08142
2.0814
2.08138
2.08136
2.08134
2.08132
2.0813
2.08128
2.08126
2.08124
2.08122
2.0812
2.08118
2.08116
2.08114
2.08112
2.0811
2.08108
2.08106
2.08104
2.08102
2.08101
2.08099
2.08097
2.08095
2.08094
2.08092
2.0809
2.08089
2.08087
2.08086
2.08084
2.08082
2.08081
2.0808
2.08078
2.08077
2.08075
2.08074
2.08072
2.08071
2.0807
2.08068
2.08067
2.08066
2.08064
2.08063
2.08061
2.0806
2.08059
2.08057
2.08056
2.08054
2.08053
2.08052
2.0805
2.08049
2.08047
2.08046
2.08044
2.08043
2.08041
2.0804
2.08038
2.08036
2.08035
2.08033
2.08031
2.08029
2.08027
2.08025
2.08023
2.08021
2.08019
2.08017
2.08015
2.08013
2.08011
2.08008
2.08006
2.08004
2.08001
2.07999
2.07996
2.07994
2.07991
2.07988
2.07986
2.07983
2.0798
2.07977
2.07974
2.07971
2.07969
2.07966
2.07962
2.07959
2.07956
2.07953
2.0795
2.07947
2.07944
2.0794
2.07937
2.07934
2.07931
2.07927
2.07924
2.07921
2.07918
2.07914
2.07911
2.07908
2.07904
2.07901
2.07898
2.07894
2.07891
2.07888
2.07884
2.07881
2.07878
2.07875
2.07871
2.07868
2.07865
2.07862
2.07859
2.07855
2.07852
2.07849
2.07846
2.07843
2.0784
2.07837
2.07834
2.07831
2.07828
2.07825
2.07822
2.07819
2.07816
2.07814
2.07811
2.07808
2.07805
2.07803
2.078
2.07798
2.07795
2.07792
2.0779
2.07787
2.07785
2.07783
2.0778
2.07778
2.07776
2.07773
2.07771
2.07769
2.07767
2.07765
2.07763
2.07761
2.07759
2.07757
2.07755
2.07753
2.07752
2.0775
2.07748
2.07747
2.07745
2.07744
2.07742
2.07741
2.0774
2.07739
2.07737
2.07736
2.07735
2.07734
2.07734
2.07733
2.07732
2.07731
2.07731
2.0773
2.0773
2.0773
2.07729
2.07729
2.07729
2.07729
2.07729
2.07729
2.07729
2.07729
2.0773
2.0773
2.0773
2.07731
2.07731
2.07732
2.07733
2.07733
2.07734
2.07735
2.07735
2.07736
2.07737
2.07738
2.07739
2.0774
2.07741
2.07742
2.07743
2.07744
2.07745
2.07746
2.07747
2.07749
2.0775
2.07751
2.07752
2.07753
2.07754
2.07755
2.07756
2.07757
2.07758
2.07759
2.0776
2.07761
2.07762
2.07762
2.07763
2.07764
2.07764
2.07765
2.07766
2.07766
2.07766
2.07767
2.07767
2.07767
2.07767
2.07767
2.07767
2.07767
2.07767
2.07767
2.07766
2.07766
2.07765
2.07765
2.07764
2.07763
2.07762
2.07762
2.0776
2.07759
2.07758
2.07757
2.07756
2.07754
2.07753
2.07751
2.0775
2.07748
2.07746
2.07744
2.07742
2.0774
2.07738
2.07736
2.07734
2.07732
2.0773
2.07728
2.07725
2.07723
2.07721
2.07718
2.07716
2.07713
2.07711
2.07708
2.07706
2.07703
2.07701
2.07698
2.07696
2.07694
2.07691
2.07689
2.07686
2.07684
2.07681
2.07679
2.07677
2.07675
2.07672
2.0767
2.07668
2.07666
2.07664
2.07662
2.0766
2.07658
2.07656
2.07654
2.07653
2.07651
2.07649
2.07648
2.07646
2.07645
2.07644
2.07642
2.07641
2.0764
2.07639
2.07638
2.07637
2.07636
2.07635
2.07634
2.07633
2.07633
2.07632
2.07631
2.07631
2.0763
2.0763
2.07629
2.07629
2.07629
2.07628
2.07628
2.07628
2.07628
2.07628
2.07627
2.07627
2.07627
2.07627
2.07627
2.07627
2.07627
2.07627
2.07627
2.07627
2.07627
2.07628
2.07628
2.07628
2.07628
2.07628
2.07628
2.07629
2.07629
2.07629
2.07629
2.07629
2.0763
2.0763
2.0763
2.0763
2.07631
2.07631
2.07631
2.07631
2.07632
2.07632
2.07632
2.07633
2.07633
2.07633
2.07634
2.07634
2.07635
2.07635
2.07635
2.07636
2.07636
2.07637
2.07637
2.07637
2.07638
2.07638
2.07639
2.07639
2.0764
2.0764
2.07641
2.07641
2.07642
2.07642
2.07642
2.07643
2.07643
2.07644
2.07644
2.07645
2.07645
2.07646
2.07646
2.07647
2.07647
2.07647
2.07648
2.07648
2.07648
2.07649
2.07649
2.07649
2.0765
2.0765
2.0765
2.0765
2.0765
2.0765
2.0765
2.0765
2.0765
2.0765
2.0765
2.0765
2.0765
2.07649
2.07649
2.07649
2.07648
2.07648
2.07647
2.07647
2.07646
2.07646
2.07645
2.07644
2.07643
2.07642
2.07641
2.0764
2.07639
2.07638
2.07637
2.07636
2.07634
2.07633
2.07632
2.0763
2.07629
2.07627
2.07626
2.07624
2.07623
2.07621
2.07619
2.07617
2.07616
2.07614
2.07612
2.0761
2.07608
2.07606
2.07604
2.07602
2.07601
2.07599
2.07597
2.07595
2.07593
2.07591
2.07589
2.07587
2.07585
2.07583
2.07581
2.07579
2.07577
2.07575
2.07574
2.07572
2.0757
2.07568
2.07567
2.07565
2.07563
2.07562
2.0756
2.07559
2.07557
2.07556
2.07554
2.07553
2.07551
2.0755
2.07549
2.07548
2.07546
2.07545
2.07544
2.07543
2.07542
2.07541
2.0754
2.07539
2.07538
2.07537
2.07537
2.07536
2.07535
2.07534
2.07534
2.07533
2.07532
2.07532
2.07531
2.07531
2.0753
2.0753
2.07529
2.07529
2.07528
2.07528
2.07527
2.07527
2.07527
2.07526
2.07526
2.07525
2.07525
2.07525
2.07524
2.07524
2.07524
2.07524
2.07523
2.07523
2.07523
2.07523
2.07522
2.07522
2.07522
2.07522
2.07522
2.07521
2.07521
2.07521
2.07521
2.07521
2.0752
2.0752
2.0752
2.0752
2.0752
2.0752
2.0752
2.07519
2.07519
2.07519
2.07519
2.07519
2.07519
2.07519
2.07519
2.07519
2.07519
2.0752
2.0752
2.0752
2.0752
2.07521
2.07521
2.07521
2.07522
2.07522
2.07523
2.07523
2.07524
2.07525
2.07526
2.07527
2.07528
2.07529
2.0753
2.07531
2.07532
2.07534
2.07535
2.07537
2.07539
2.07541
2.07543
2.07545
2.07547
2.07549
2.07551
2.07554
2.07557
2.07559
2.07562
2.07565
2.07568
2.07572
2.07575
2.07578
2.07582
2.07586
2.0759
2.07594
2.07598
2.07602
2.07607
2.07611
2.07616
2.07621
2.07626
2.07631
2.07636
2.07641
2.07647
2.07652
2.07658
2.07664
2.0767
2.07676
2.07682
2.07688
2.07695
2.07701
2.07708
2.07714
2.07721
2.07728
2.07734
2.07741
2.07748
2.07755
2.07762
2.0777
2.07777
2.07784
2.07792
2.07799
2.07806
2.07814
2.07821
2.07829
2.07836
2.07844
2.07851
2.07859
2.07867
2.07874
2.07882
2.07889
2.07897
2.07904
2.07912
2.07919
2.07927
2.07934
2.07942
2.07949
2.07956
2.07963
2.07971
2.07978
2.07985
2.07992
2.07999
2.08005
2.08012
2.08019
2.08025
2.08032
2.08038
2.08045
2.08051
2.08057
2.08063
2.08069
2.08075
2.0808
2.08086
2.08091
2.08097
2.08102
2.08107
2.08112
2.08117
2.08122
2.08127
2.08131
2.08136
2.0814
2.08145
2.08149
2.08153
2.08157
2.08161
2.08164
2.08168
2.08172
2.08175
2.08178
2.08182
2.08185
2.08188
2.08191
2.08194
2.08197
2.08199
2.08202
2.08205
2.08207
2.08209
2.08212
2.08214
2.08216
2.08218
2.0822
2.08222
2.08224
2.08226
2.08228
2.08229
2.08231
2.08232
2.08234
2.08235
2.08237
2.08238
2.08239
2.0824
2.08241
2.08242
2.08243
2.08244
2.08245
2.08246
2.08247
2.08248
2.08248
2.08249
2.08249
2.0825
2.0825
2.08251
2.08251
2.08251
2.08252
2.08252
2.08252
2.08252
2.08252
2.08253
2.08253
2.08253
2.08253
2.08252
2.08252
2.08252
2.08252
2.08252
2.08252
2.08251
2.08251
2.08251
2.0825
2.0825
2.08249
2.08249
2.08249
2.08248
2.08248
2.08247
2.08246
2.08246
2.08245
2.08245
2.08244
2.08243
2.08243
2.08242
2.08241
2.0824
2.08239
2.08239
2.08238
2.08237
2.08236
2.08235
2.08234
2.08233
2.08232
2.08231
2.0823
2.08229
2.08228
2.08227
2.08226
2.08225
2.08224
2.08223
2.08222
2.08221
2.0822
2.08219
2.08217
2.08216
2.08215
2.08214
2.08212
2.08211
2.0821
2.08209
2.08207
2.08206
2.08205
2.08204
2.08202
2.08201
