2.1
2.09998
2.09996
2.09992
2.09986
2.0998
2.09972
2.09963
2.09952
2.0994
2.09928
2.09913
2.09898
2.09881
2.09863
2.09844
2.09824
2.09802
2.09779
2.09755
2.0973
2.09704
2.09676
2.09648
2.09618
2.09587
2.09555
2.09523
2.09489
2.09454
2.09418
2.09381
2.09344
2.09305
2.09266
2.09225
2.09184
2.09142
2.091
2.09056
2.09012
2.08967
2.08922
2.08876
2.0883
2.08783
2.08735
2.08688
2.0864
2.08591
2.08542
2.08494
2.08445
2.08396
2.08346
2.08298
2.08249
2.082
2.08152
2.08104
2.08056
2.08009
2.07963
2.07917
2.07872
2.07828
2.07785
2.07743
2.07702
2.07661
2.07622
2.07584
2.07548
2.07512
2.07478
2.07445
2.07414
2.07384
2.07355
2.07327
2.07301
2.07276
2.07253
2.07231
2.0721
2.0719
2.07172
2.07154
2.07138
2.07123
2.07109
2.07096
2.07084
2.07073
2.07062
2.07053
2.07044
2.07035
2.07028
2.07021
2.07014
2.07008
2.07002
2.06997
2.06991
2.06987
2.06982
2.06977
2.06973
2.06969
2.06964
2.0696
2.06956
2.06952
2.06948
2.06944
2.0694
2.06936
2.06932
2.06928
2.06923
2.06919
2.06915
2.06911
2.06906
2.06902
2.06898
2.06894
2.06889
2.06885
2.06881
2.06877
2.06872
2.06868
2.06864
2.0686
2.06856
2.06851
2.06847
2.06843
2.06839
2.06834
2.0683
2.06826
2.06822
2.06818
2.06813
2.06809
2.06805
2.068
2.06796
2.06792
2.06788
2.06783
2.06779
2.06775
2.06771
2.06766
2.06762
2.06758
2.06754
2.0675
2.06746
2.06742
2.06738
2.06734
2.0673
2.06727
2.06723
2.0672
2.06716
2.06713
2.06709
2.06706
2.06703
2.067
2.06697
2.06694
2.06692
2.06689
2.06686
2.06684
2.06681
2.06678
2.06676
2.06674
2.06671
2.06669
2.06667
2.06664
2.06662
2.0666
2.06657
2.06655
2.06653
2.0665
2.06648
2.06645
2.06643
2.0664
2.06638
2.06635
2.06633
2.0663
2.06628
2.06625
2.06623
2.0662
2.06617
2.06615
2.06612
2.0661
2.06608
2.06605
2.06603
2.06601
2.06599
2.06597
2.06596
2.06594
2.06593
2.06591
2.0659
2.06589
2.06588
2.06588
2.06587
2.06587
2.06587
2.06587
2.06587
2.06587
2.06587
2.06587
2.06588
2.06588
2.06589
2.06589
2.06589
2.0659
2.0659
2.0659
2.06591
2.06591
2.06591
2.0659
2.0659
2.0659
2.06589
2.06588
2.06588
2.06587
2.06585
2.06584
2.06582
2.06581
2.06579
2.06577
2.06575
2.06572
2.0657
2.06567
2.06564
2.06561
2.06558
2.06555
2.06551
2.06548
2.06544
2.0654
2.06536
2.06532
2.06528
2.06523
2.06519
2.06514
2.06509
2.06505
2.065
2.06495
2.0649
2.06485
2.0648
2.06474
2.06469
2.06464
2.06459
2.06454
2.06449
2.06443
2.06438
2.06433
2.06429
2.06424
2.06419
2.06415
2.0641
2.06406
2.06402
2.06398
2.06394
2.0639
2.06387
2.06384
2.06381
2.06378
2.06376
2.06373
2.06371
2.06369
2.06368
2.06367
2.06366
2.06365
2.06364
2.06364
2.06364
2.06364
2.06365
2.06365
2.06367
2.06368
2.06369
2.06371
2.06374
2.06376
2.06379
2.06382
2.06385
2.06389
2.06393
2.06397
2.06402
2.06407
2.06412
2.06417
2.06423
2.06429
2.06435
2.06442
2.06449
2.06456
2.06463
2.06471
2.06478
2.06486
2.06494
2.06503
2.06511
2.06519
2.06528
2.06537
2.06545
2.06554
2.06563
2.06572
2.06581
2.0659
2.06599
2.06608
2.06616
2.06625
2.06634
2.06643
2.06652
2.06661
2.06669
2.06678
2.06687
2.06695
2.06704
2.06712
2.0672
2.06729
2.06737
2.06745
2.06753
2.06761
2.06769
2.06777
2.06785
2.06793
2.06801
2.06808
2.06816
2.06823
2.0683
2.06838
2.06845
2.06852
2.06858
2.06865
2.06871
2.06878
2.06884
2.0689
2.06896
2.06901
2.06907
2.06912
2.06917
2.06922
2.06926
2.06931
2.06935
2.06939
2.06942
2.06945
2.06948
2.06951
2.06953
2.06955
2.06957
2.06958
2.0696
2.0696
2.06961
2.06961
2.06961
2.06961
2.0696
2.06959
2.06958
2.06957
2.06955
2.06953
2.06951
2.06949
2.06946
2.06944
2.06941
2.06938
2.06935
2.06931
2.06928
2.06924
2.0692
2.06917
2.06913
2.06909
2.06904
2.069
2.06896
2.06891
2.06887
2.06882
2.06878
2.06873
2.06869
2.06864
2.06859
2.06855
2.0685
2.06845
2.06841
2.06836
2.06831
2.06827
2.06822
2.06818
2.06814
2.06809
2.06805
2.06801
2.06797
2.06793
2.06789
2.06786
2.06782
2.06779
2.06775
2.06772
2.06769
2.06766
2.06763
2.0676
2.06757
2.06754
2.06752
2.06749
2.06747
2.06744
2.06742
2.06739
2.06737
2.06734
2.06732
2.0673
2.06727
2.06725
2.06723
2.0672
2.06718
2.06715
2.06713
2.06711
2.06708
2.06706
2.06703
2.06701
2.06698
2.06696
2.06693
2.06691
2.06688
2.06686
2.06684
2.06681
2.06679
2.06677
2.06674
2.06672
2.0667
2.06667
2.06665
2.06663
2.06661
2.06659
2.06656
2.06654
2.06652
2.0665
2.06647
2.06645
2.06643
2.06641
2.06638
2.06636
2.06633
2.06631
2.06628
2.06626
2.06623
2.0662
2.06617
2.06615
2.06612
2.06609
2.06606
2.06603
2.06599
2.06596
2.06593
2.0659
2.06587
2.06584
2.0658
2.06577
2.06574
2.06571
2.06568
2.06565
2.06563
2.0656
2.06558
2.06555
2.06553
2.06551
2.0655
2.06548
2.06547
2.06545
2.06544
2.06544
2.06543
2.06543
2.06542
2.06542
2.06542
2.06542
2.06543
2.06543
2.06544
2.06544
2.06545
2.06545
2.06546
2.06547
2.06547
2.06548
2.06548
2.06549
2.06549
2.0655
2.0655
2.0655
2.0655
2.0655
2.0655
2.0655
2.06549
2.06549
2.06548
2.06548
2.06547
2.06546
2.06546
2.06545
2.06544
2.06543
2.06542
2.0654
2.06539
2.06538
2.06537
2.06536
2.06534
2.06533
2.06532
2.0653
2.06529
2.06527
2.06526
2.06525
2.06523
2.06522
2.0652
2.06518
2.06517
2.06515
2.06514
2.06512
2.0651
2.06509
2.06507
2.06505
2.06503
2.06501
2.065
2.06498
2.06496
2.06494
2.06491
2.06489
2.06487
2.06485
2.06482
2.0648
2.06477
2.06475
2.06472
2.06469
2.06466
2.06463
2.0646
2.06457
2.06453
2.0645
2.06447
2.06443
2.0644
2.06436
2.06433
2.06429
2.06426
2.06422
2.06419
2.06415
2.06412
2.06409
2.06405
2.06403
2.064
2.06397
2.06394
2.06392
2.0639
2.06388
2.06386
2.06385
2.06383
2.06382
2.06381
2.0638
2.06379
2.06379
2.06378
2.06378
2.06378
2.06378
2.06378
2.06378
2.06378
2.06379
2.06379
2.0638
2.0638
2.06381
2.06381
2.06382
2.06383
2.06383
2.06384
2.06384
2.06385
2.06385
2.06385
2.06386
2.06386
2.06386
2.06386
2.06386
2.06386
2.06385
2.06385
2.06384
2.06383
2.06383
2.06381
2.0638
2.06379
2.06377
2.06376
2.06374
2.06372
2.0637
2.06368
2.06365
2.06363
2.0636
2.06357
2.06354
2.06351
2.06348
2.06344
2.0634
2.06337
2.06333
2.06328
2.06324
2.0632
2.06315
2.0631
2.06305
2.063
2.06295
2.06289
2.06284
2.06278
2.06272
2.06266
2.06259
2.06253
2.06246
2.0624
2.06233
2.06226
2.06219
2.06212
2.06205
2.06198
2.06191
2.06184
2.06177
2.0617
2.06162
2.06155
2.06148
2.06142
2.06135
2.06128
2.06122
2.06115
2.06109
2.06103
2.06097
2.06092
2.06086
2.06081
2.06076
2.06071
2.06066
2.06062
2.06057
2.06053
2.06049
2.06045
2.06042
2.06038
2.06035
2.06032
2.06029
2.06026
2.06023
2.06021
2.06018
2.06016
2.06014
2.06012
2.0601
2.06008
2.06006
2.06005
2.06003
2.06002
2.06001
2.06
2.05999
2.05999
2.05998
2.05998
2.05998
2.05999
2.05999
2.06
2.06001
2.06002
2.06004
2.06006
2.06008
2.0601
2.06013
2.06015
2.06018
2.06022
2.06025
2.06029
2.06033
2.06037
2.06041
2.06046
2.06051
2.06055
2.0606
2.06065
2.0607
2.06075
2.06081
2.06086
2.06091
2.06096
2.06101
2.06107
2.06112
2.06117
2.06122
2.06127
2.06132
2.06137
2.06142
2.06147
2.06151
2.06156
2.0616
2.06165
2.06169
2.06173
2.06177
2.06181
2.06184
2.06188
2.06191
2.06195
2.06198
2.06201
2.06204
2.06206
2.06209
2.06211
2.06213
2.06216
2.06217
2.06219
2.06221
2.06222
2.06224
2.06225
2.06227
2.06228
2.06229
2.0623
2.06231
2.06232
2.06233
2.06235
2.06236
2.06237
2.06238
2.0624
2.06241
2.06242
2.06244
2.06246
2.06247
2.06249
2.06251
2.06253
2.06255
2.06257
2.06259
2.06262
2.06264
2.06267
2.06269
2.06272
2.06274
2.06277
2.0628
2.06282
2.06285
2.06288
2.06291
2.06294
2.06297
2.06299
2.06302
2.06305
2.06308
2.06311
2.06313
2.06316
2.06319
2.06321
2.06324
2.06326
2.06329
2.06331
2.06333
2.06335
2.06337
2.06339
2.06341
2.06343
2.06345
2.06346
2.06348
2.06349
2.0635
2.06351
2.06353
2.06354
2.06354
2.06355
2.06356
2.06357
2.06358
2.06358
2.06359
2.0636
2.0636
2.06361
2.06361
2.06362
2.06363
2.06363
2.06364
2.06365
2.06366
2.06367
2.06368
2.06369
2.0637
2.06371
2.06373
2.06374
2.06376
2.06378
2.06379
2.06381
2.06384
2.06386
2.06388
2.06391
2.06394
2.06396
2.06399
2.06403
2.06406
2.0641
2.06413
2.06417
2.06421
2.06425
2.0643
2.06434
2.06439
2.06444
2.06448
2.06453
2.06459
2.06464
2.06469
2.06475
2.0648
2.06486
2.06492
2.06497
2.06503
2.06509
2.06515
2.0652
2.06526
2.06532
2.06537
2.06543
2.06548
2.06554
2.06559
2.06564
2.06569
2.06574
2.06578
2.06583
2.06587
2.06591
2.06595
2.06599
2.06602
2.06605
2.06608
2.06611
2.06613
2.06615
2.06617
2.06619
2.0662
2.06622
2.06622
2.06623
2.06623
2.06624
2.06623
2.06623
2.06622
2.06621
2.0662
2.06619
2.06617
2.06615
2.06613
2.06611
2.06609
2.06606
2.06604
2.06601
2.06598
2.06595
2.06592
2.06589
2.06586
2.06582
2.06579
2.06576
2.06572
2.06569
2.06566
2.06562
2.06559
2.06556
2.06553
2.0655
2.06547
2.06544
2.06542
2.06539
2.06537
2.06534
2.06532
2.0653
2.06528
2.06526
2.06524
2.06522
2.06521
2.06519
2.06518
2.06516
2.06515
2.06513
2.06512
2.0651
2.06509
2.06508
2.06506
2.06505
2.06503
2.06502
2.065
2.06498
2.06496
2.06494
2.06492
2.0649
2.06488
2.06485
2.06483
2.0648
2.06477
2.06474
2.06471
2.06468
2.06464
2.06461
2.06457
2.06454
2.0645
2.06446
2.06442
2.06438
2.06434
2.0643
2.06426
2.06422
2.06418
2.06414
2.0641
2.06407
2.06403
2.06399
2.06395
2.06392
2.06388
2.06385
2.06382
2.06378
2.06375
2.06372
2.06369
2.06366
2.06363
2.06361
2.06358
2.06355
2.06353
2.0635
2.06347
2.06345
2.06342
2.0634
2.06338
2.06335
2.06333
2.0633
2.06328
2.06325
2.06323
2.0632
2.06318
2.06315
2.06313
2.0631
2.06308
2.06305
2.06303
2.063
2.06298
2.06295
2.06293
2.06291
2.06289
2.06286
2.06284
2.06282
2.0628
2.06278
2.06277
2.06275
2.06273
2.06272
2.06271
2.06269
2.06268
2.06267
2.06266
2.06266
2.06265
2.06265
2.06264
2.06264
2.06264
2.06264
2.06265
2.06265
2.06266
2.06267
2.06268
2.06269
2.0627
2.06272
2.06274
2.06276
2.06278
2.0628
2.06283
2.06285
2.06288
2.06291
2.06294
2.06298
2.06301
2.06305
2.06308
2.06312
2.06316
2.0632
2.06324
2.06328
2.06332
2.06336
2.0634
2.06344
2.06348
2.06352
2.06356
2.06359
2.06363
2.06367
2.0637
2.06374
2.06377
2.06381
2.06384
2.06387
2.06391
2.06394
2.06397
2.064
2.06403
2.06406
2.06409
2.06412
2.06415
2.06418
2.0642
2.06423
2.06426
2.06429
2.06432
2.06435
2.06438
2.06441
2.06445
2.06448
2.06451
2.06454
2.06457
2.06461
2.06464
2.06467
2.06471
2.06474
2.06477
2.06481
2.06484
2.06488
2.06491
2.06494
2.06497
2.06501
2.06504
2.06507
2.0651
2.06513
2.06516
2.06518
2.06521
2.06523
2.06526
2.06528
2.0653
2.06532
2.06534
2.06536
2.06537
2.06539
2.0654
2.06542
2.06543
2.06544
2.06545
2.06546
2.06547
2.06548
2.06549
2.0655
2.0655
2.06551
2.06552
2.06552
2.06553
2.06553
2.06554
2.06555
2.06555
2.06556
2.06556
2.06556
2.06557
2.06557
2.06558
2.06558
2.06559
2.06559
2.06559
2.0656
2.0656
2.0656
2.06561
2.06561
2.06561
2.06562
2.06562
2.06562
2.06563
2.06563
2.06564
2.06565
2.06566
2.06567
2.06568
2.06569
2.0657
2.06572
2.06574
2.06576
2.06578
2.0658
2.06582
2.06585
2.06588
2.06591
2.06594
2.06598
2.06602
2.06606
2.0661
2.06614
2.06618
2.06623
2.06628
2.06632
2.06637
2.06642
2.06647
2.06653
2.06658
2.06663
2.06668
2.06673
2.06679
2.06684
2.06689
2.06694
2.06698
2.06703
2.06708
2.06712
2.06716
2.0672
2.06724
2.06727
2.0673
2.06733
2.06736
2.06738
2.0674
2.06742
2.06743
2.06744
2.06745
2.06745
2.06745
2.06745
2.06744
2.06743
2.06742
2.06741
2.06739
2.06737
2.06735
2.06733
2.0673
2.06728
2.06725
2.06722
2.06719
2.06716
2.06712
2.06709
2.06705
2.06702
2.06698
2.06695
2.06691
2.06687
2.06683
2.0668
2.06676
2.06672
2.06668
2.06664
2.0666
2.06656
2.06652
2.06648
2.06644
2.0664
2.06636
2.06632
2.06627
2.06623
2.06618
2.06614
2.06609
2.06604
2.06599
2.06594
2.06589
2.06584
2.06579
2.06573
2.06567
2.06561
2.06555
2.06549
2.06543
2.06536
2.0653
2.06523
2.06516
2.06509
2.06502
2.06494
2.06486
2.06479
2.06471
2.06462
2.06454
2.06445
2.06437
2.06428
2.06419
2.0641
2.064
2.06391
2.06381
2.06371
2.06361
2.06351
2.06341
2.06331
2.0632
2.0631
2.06299
2.06289
2.06278
2.06267
2.06256
2.06245
2.06234
2.06224
2.06213
2.06202
2.06191
2.0618
2.06169
2.06159
2.06148
2.06138
2.06128
2.06117
2.06107
2.06098
2.06088
2.06078
2.06069
2.0606
2.06051
2.06043
2.06034
2.06026
2.06019
2.06011
2.06004
2.05997
2.05991
2.05984
2.05979
2.05973
2.05968
2.05964
2.05959
2.05955
2.05952
2.05949
2.05946
2.05944
2.05943
2.05941
2.0594
2.0594
2.0594
2.0594
2.05941
2.05942
2.05944
2.05945
2.05948
2.0595
2.05953
2.05956
2.0596
2.05964
2.05968
2.05972
2.05976
2.05981
2.05986
2.05991
2.05996
2.06002
2.06007
2.06013
2.06019
2.06025
2.06031
2.06037
2.06043
2.06049
2.06056
2.06062
2.06068
2.06075
2.06081
2.06087
2.06094
2.061
2.06106
2.06113
2.06119
2.06125
2.06131
2.06138
2.06144
2.0615
2.06157
2.06163
2.06169
2.06176
2.06182
2.06188
2.06195
2.06201
2.06208
2.06214
2.06221
2.06228
2.06234
2.06241
2.06248
2.06254
2.06261
2.06268
2.06274
2.06281
2.06288
2.06294
2.06301
2.06308
2.06314
2.0632
2.06327
2.06333
2.06339
2.06345
2.06351
2.06357
2.06363
2.06368
2.06374
2.06379
2.06384
2.06389
2.06394
2.06399
2.06404
2.06408
2.06413
2.06417
2.06421
2.06425
2.06429
2.06432
2.06436
2.0644
2.06443
2.06447
2.0645
2.06453
2.06456
2.06459
2.06462
2.06466
2.06469
2.06472
2.06475
2.06478
2.06481
2.06484
2.06487
2.0649
2.06493
2.06496
2.06499
2.06503
2.06506
2.06509
2.06513
2.06516
2.0652
2.06524
2.06527
2.06531
2.06535
2.06539
2.06543
2.06547
2.06551
2.06555
2.06559
2.06563
2.06568
2.06572
2.06576
2.0658
2.06584
2.06588
2.06592
2.06596
2.06599
2.06603
2.06606
2.0661
2.06613
2.06616
2.06619
2.06622
2.06624
2.06627
2.06629
2.06631
2.06633
2.06634
2.06635
2.06636
2.06637
2.06638
2.06638
2.06638
2.06637
2.06637
2.06636
2.06635
2.06634
2.06632
2.0663
2.06628
2.06626
2.06623
2.06621
2.06618
2.06615
2.06612
2.06608
2.06605
2.06602
2.06598
2.06595
2.06591
2.06588
2.06584
2.06581
2.06577
2.06574
2.06571
2.06568
2.06566
2.06563
2.06561
2.06558
2.06556
2.06555
2.06553
2.06552
2.06551
2.0655
2.0655
2.0655
2.0655
2.0655
2.06551
2.06552
2.06553
2.06555
2.06557
2.06559
2.06561
2.06564
2.06567
2.0657
2.06573
2.06577
2.0658
2.06584
2.06589
2.06593
2.06597
2.06602
2.06607
2.06612
2.06617
2.06622
2.06628
2.06634
2.06639
2.06645
2.06651
2.06657
2.06664
2.0667
2.06676
2.06683
2.0669
2.06697
2.06703
2.0671
2.06717
2.06725
2.06732
2.06739
2.06746
2.06753
2.0676
2.06767
2.06774
2.06781
2.06788
2.06795
2.06802
2.06808
2.06815
2.06821
2.06827
2.06833
2.06839
2.06844
2.06849
2.06854
2.06859
2.06863
2.06868
2.06872
2.06875
2.06879
2.06882
2.06885
2.06887
2.0689
2.06892
2.06893
2.06895
2.06896
2.06897
2.06897
2.06897
2.06897
2.06897
2.06896
2.06895
2.06894
2.06893
2.06891
2.06889
2.06887
2.06884
2.06882
2.06879
2.06876
2.06873
2.06869
2.06866
2.06862
2.06859
2.06855
2.06851
2.06848
2.06844
2.0684
2.06836
2.06833
2.06829
2.06825
2.06822
2.06818
2.06815
2.06812
2.06809
2.06806
2.06803
2.06801
2.06798
2.06796
2.06794
2.06792
2.0679
2.06788
2.06787
2.06786
2.06784
2.06783
2.06782
2.06781
2.0678
2.0678
2.06779
2.06779
2.06778
2.06778
2.06777
2.06777
2.06777
2.06776
2.06776
2.06776
2.06775
2.06775
2.06775
2.06775
2.06775
2.06775
2.06774
2.06774
2.06774
2.06774
2.06774
2.06774
2.06774
2.06774
2.06774
2.06774
2.06774
2.06774
2.06774
2.06774
2.06774
2.06774
2.06774
2.06774
2.06774
2.06775
2.06775
2.06775
2.06775
2.06775
2.06775
2.06776
2.06776
2.06776
2.06776
2.06776
2.06776
2.06776
2.06776
2.06776
2.06776
2.06776
2.06776
2.06776
2.06776
2.06775
2.06775
2.06775
2.06775
2.06774
2.06774
2.06773
2.06772
2.06772
2.06771
2.0677
2.06769
2.06768
2.06766
2.06765
2.06763
2.06761
2.06759
2.06757
2.06754
2.06752
2.06749
2.06746
2.06742
2.06738
2.06735
2.0673
2.06726
2.06721
2.06716
2.06711
2.06706
2.067
2.06694
2.06688
2.06682
2.06675
2.06669
2.06662
2.06655
2.06648
2.06641
2.06633
2.06626
2.06618
2.06611
2.06604
2.06596
2.06589
2.06582
2.06575
2.06568
2.06561
2.06554
2.06548
2.06542
2.06536
2.06531
2.06526
2.06522
2.06517
2.06514
2.0651
2.06508
2.06505
2.06504
2.06502
2.06502
2.06502
2.06502
2.06503
2.06505
2.06507
2.0651
2.06513
2.06516
2.06521
2.06525
2.06531
2.06536
2.06542
2.06549
2.06556
2.06563
2.0657
2.06578
2.06586
2.06594
2.06602
2.0661
2.06619
2.06627
2.06636
2.06644
2.06653
2.06661
2.06669
2.06677
2.06685
2.06693
2.06701
2.06708
2.06715
2.06722
2.06728
2.06734
2.0674
2.06746
2.06751
2.06756
2.06761
2.06765
2.06769
2.06772
2.06775
2.06778
2.06781
2.06783
2.06785
2.06786
2.06787
2.06788
2.06789
2.06789
2.06788
2.06788
2.06787
2.06786
2.06785
2.06783
2.06781
2.06779
2.06777
2.06774
2.06771
2.06768
2.06765
2.06762
2.06758
2.06755
2.06751
2.06747
2.06743
2.06739
2.06735
2.06731
2.06726
2.06722
2.06717
2.06713
2.06708
2.06703
2.06698
2.06694
2.06689
2.06684
2.06679
2.06673
2.06668
2.06663
2.06657
2.06652
2.06646
2.0664
2.06634
2.06628
2.06622
2.06616
2.06609
2.06603
2.06596
2.06589
2.06583
2.06576
2.06569
2.06561
2.06554
2.06547
2.0654
2.06532
2.06525
2.06518
2.0651
2.06503
2.06495
2.06488
2.06481
2.06474
2.06467
2.0646
2.06453
2.06447
2.0644
2.06434
2.06428
2.06421
2.06416
2.0641
2.06405
2.06399
2.06394
2.0639
2.06385
2.06381
2.06377
2.06373
2.06369
2.06366
2.06363
2.0636
2.06358
2.06356
2.06354
2.06352
2.0635
2.06349
2.06348
2.06347
2.06346
2.06346
2.06345
2.06345
2.06345
2.06345
2.06345
2.06345
2.06345
2.06345
2.06345
2.06345
2.06345
2.06344
2.06344
2.06344
2.06344
2.06343
2.06343
2.06342
2.06342
2.06341
2.0634
2.0634
2.06339
2.06338
2.06338
2.06337
2.06336
2.06336
2.06335
2.06335
2.06335
2.06335
2.06335
2.06335
2.06335
2.06336
2.06336
2.06337
2.06338
2.06339
2.06341
2.06342
2.06343
2.06345
2.06347
2.06349
2.06351
2.06353
2.06355
2.06358
2.0636
2.06362
2.06365
2.06367
2.0637
2.06373
2.06375
2.06378
2.06381
2.06383
2.06386
2.06389
2.06392
2.06395
2.06398
2.064
2.06403
2.06407
2.0641
2.06413
2.06416
2.06419
2.06422
2.06426
2.06429
2.06432
2.06436
2.06439
2.06443
2.06446
2.06449
2.06453
2.06456
2.06459
2.06463
2.06466
2.06469
2.06472
2.06475
2.06478
2.06481
2.06483
2.06486
2.06488
2.06491
2.06493
2.06495
2.06497
2.06499
2.06501
2.06502
2.06504
2.06505
2.06506
2.06507
2.06508
2.06509
2.0651
2.0651
2.0651
2.06511
2.06511
2.06511
2.06511
2.0651
2.0651
2.06509
2.06509
2.06508
2.06507
2.06506
2.06505
2.06504
2.06503
2.06501
2.065
2.06499
2.06497
2.06496
2.06494
2.06493
2.06491
2.06489
2.06488
2.06486
2.06485
2.06483
2.06481
2.0648
2.06479
2.06477
2.06476
2.06474
2.06473
2.06472
2.06471
2.0647
2.06469
2.06468
2.06467
2.06466
2.06466
2.06465
2.06464
2.06464
2.06464
2.06463
2.06463
2.06463
2.06463
2.06464
2.06464
2.06465
2.06465
2.06466
2.06467
2.06468
2.0647
2.06471
2.06473
2.06475
2.06477
2.0648
2.06482
2.06485
2.06489
2.06492
2.06496
2.06499
2.06504
2.06508
2.06512
2.06517
2.06522
2.06527
2.06532
2.06537
2.06542
2.06548
2.06553
2.06559
2.06564
2.0657
2.06575
2.06581
2.06586
2.06591
2.06596
2.06601
2.06606
2.06611
2.06615
2.06619
2.06623
2.06627
2.06631
2.06634
2.06638
2.06641
2.06643
2.06646
2.06648
2.06651
2.06653
2.06654
2.06656
2.06657
2.06659
2.0666
2.06661
2.06662
2.06663
2.06664
2.06664
2.06665
2.06666
2.06667
2.06667
2.06668
2.06669
2.06669
2.0667
2.06671
2.06672
2.06673
2.06674
2.06675
2.06677
2.06678
2.06679
2.06681
2.06682
2.06684
2.06685
2.06687
2.06688
2.0669
2.06691
2.06693
2.06694
2.06696
2.06697
2.06699
2.067
2.06701
2.06702
2.06704
2.06705
2.06706
2.06707
2.06708
2.06709
2.0671
2.06711
2.06712
2.06713
2.06714
2.06715
2.06715
2.06716
2.06717
2.06718
2.06719
2.0672
2.06721
2.06722
2.06723
2.06724
2.06725
2.06726
2.06727
2.06728
2.06729
2.0673
2.06731
2.06732
2.06732
2.06733
2.06734
2.06734
2.06735
2.06736
2.06736
2.06736
2.06737
2.06737
2.06737
2.06737
2.06737
2.06737
2.06736
2.06736
2.06736
2.06735
2.06734
2.06734
2.06733
2.06732
2.06731
2.0673
2.06729
2.06728
2.06727
2.06726
2.06724
2.06723
2.06722
2.06721
2.06719
2.06718
2.06717
2.06715
2.06714
2.06713
2.06711
2.0671
2.06709
2.06708
2.06706
2.06705
2.06704
2.06703
2.06701
2.067
2.06699
2.06698
2.06696
2.06695
2.06693
2.06691
2.0669
2.06688
2.06686
2.06683
2.06681
2.06679
2.06676
2.06674
2.06671
2.06668
2.06665
2.06661
2.06658
2.06654
2.06651
2.06647
2.06643
2.06639
2.06635
2.06631
2.06627
2.06622
2.06618
2.06614
2.06609
2.06605
2.066
2.06596
2.06591
2.06587
2.06582
2.06577
2.06573
2.06568
2.06564
2.06559
2.06554
2.06549
2.06544
2.0654
2.06535
2.0653
2.06525
2.06519
2.06514
2.06509
2.06504
2.06498
2.06493
2.06487
2.06482
2.06476
2.0647
2.06464
2.06458
2.06453
2.06447
2.06441
2.06435
2.06429
2.06423
2.06418
2.06412
2.06407
2.06401
2.06396
2.06391
2.06387
2.06382
2.06378
2.06374
2.0637
2.06367
2.06364
2.06361
2.06359
2.06357
2.06356
2.06355
2.06354
2.06354
2.06354
2.06355
2.06356
2.06358
2.0636
2.06362
2.06365
2.06369
2.06372
2.06377
2.06381
2.06386
2.06391
2.06397
2.06403
2.06409
2.06415
2.06422
2.06429
2.06436
2.06443
2.0645
2.06457
2.06464
2.06471
2.06478
2.06485
2.06492
2.06498
2.06504
2.0651
2.06516
2.06521
2.06526
2.06531
2.06535
2.06538
2.06542
2.06544
2.06547
2.06548
2.0655
2.0655
2.06551
2.06551
2.0655
2.06549
2.06547
2.06545
2.06543
2.06541
2.06538
2.06534
2.06531
2.06527
2.06523
2.06519
2.06514
2.0651
2.06505
2.065
2.06496
2.06491
2.06486
2.06481
2.06476
2.06471
2.06467
2.06462
2.06457
2.06453
2.06448
2.06444
2.06439
2.06435
2.06431
2.06427
2.06423
2.06419
2.06416
2.06412
2.06409
2.06405
2.06402
2.06399
2.06396
2.06394
2.06391
2.06389
2.06386
2.06384
2.06382
2.0638
2.06379
2.06377
2.06376
2.06374
2.06373
2.06373
2.06372
2.06371
2.06371
2.06371
2.06371
2.06371
2.06371
2.06371
2.06372
2.06372
2.06373
2.06374
2.06375
2.06376
2.06378
2.06379
2.0638
2.06382
2.06384
2.06385
2.06387
2.06389
2.06391
2.06393
2.06395
2.06397
2.06399
2.06401
2.06404
2.06406
2.06408
2.06411
2.06413
2.06416
2.06419
2.06422
2.06425
2.06428
2.06431
2.06434
2.06437
2.06441
2.06444
2.06448
2.06451
2.06455
2.06458
2.06462
2.06466
2.0647
2.06474
2.06478
2.06482
2.06485
2.06489
2.06493
2.06497
2.065
2.06504
2.06507
2.06511
2.06514
2.06517
2.0652
2.06523
2.06525
2.06528
2.0653
2.06532
2.06534
2.06535
2.06537
2.06538
2.06539
2.0654
2.06541
2.06541
2.06542
2.06542
2.06542
2.06542
2.06541
2.06541
2.06541
2.0654
2.06539
2.06539
2.06538
2.06537
2.06536
2.06535
2.06535
2.06534
2.06533
2.06532
2.06531
2.0653
2.06529
2.06528
2.06528
2.06527
2.06526
2.06525
2.06525
2.06524
2.06523
2.06523
2.06522
2.06522
2.06521
2.06521
2.0652
2.0652
2.06519
2.06519
2.06519
2.06518
2.06518
2.06517
2.06517
2.06517
2.06516
2.06516
2.06516
2.06515
2.06515
2.06515
2.06514
2.06514
2.06513
2.06513
2.06512
2.06512
2.06512
2.06511
2.06511
2.0651
2.06509
2.06509
2.06508
2.06507
2.06507
2.06506
2.06505
2.06504
2.06503
2.06502
2.06501
2.065
2.06498
2.06497
2.06496
2.06494
2.06493
2.06491
2.0649
2.06488
2.06486
2.06485
2.06483
2.06481
2.06479
2.06478
2.06476
2.06474
2.06472
2.06471
2.06469
2.06468
2.06466
2.06465
2.06463
2.06462
2.06461
2.0646
2.06459
2.06458
2.06457
2.06456
2.06455
2.06455
2.06454
2.06454
2.06453
2.06453
2.06453
2.06453
2.06453
2.06453
2.06453
2.06454
2.06454
2.06455
2.06455
2.06456
2.06457
2.06458
2.06459
2.0646
2.06461
2.06462
2.06463
2.06465
2.06466
2.06468
2.06469
2.06471
2.06472
2.06474
2.06475
2.06477
2.06478
2.06479
2.06481
2.06482
2.06483
2.06484
2.06484
2.06485
2.06485
2.06485
2.06485
2.06485
2.06485
2.06484
2.06483
2.06482
2.06481
2.0648
2.06478
2.06476
2.06474
2.06472
2.0647
2.06468
2.06465
2.06463
2.0646
2.06458
2.06455
2.06453
2.0645
2.06448
2.06446
2.06443
2.06441
2.06439
2.06438
2.06436
2.06435
2.06434
2.06433
2.06433
2.06432
2.06432
2.06432
2.06433
2.06434
2.06435
2.06436
2.06438
2.0644
2.06442
2.06444
2.06447
2.0645
2.06453
2.06457
2.0646
2.06464
2.06468
2.06472
2.06476
2.0648
2.06485
2.06489
2.06494
2.06498
2.06503
2.06507
2.06512
2.06516
2.06521
2.06525
2.06529
2.06533
2.06537
2.06541
2.06545
2.06548
2.06552
2.06555
2.06558
2.0656
2.06563
2.06565
2.06567
2.06568
2.0657
2.06571
2.06572
2.06573
2.06573
2.06573
2.06573
2.06573
2.06573
2.06572
2.06572
2.06571
2.0657
2.06569
2.06568
2.06566
2.06565
2.06564
2.06562
2.06561
2.06559
2.06558
2.06556
2.06555
2.06553
2.06552
2.06551
2.06549
2.06548
2.06546
2.06545
2.06544
2.06542
2.06541
2.0654
2.06538
2.06537
2.06536
2.06535
2.06533
2.06532
2.06531
2.0653
2.06529
2.06528
2.06527
2.06526
2.06525
2.06524
2.06524
2.06523
2.06523
2.06522
2.06522
2.06522
2.06522
2.06523
2.06523
2.06524
2.06524
2.06525
2.06526
2.06527
2.06529
2.0653
2.06532
2.06533
2.06535
2.06537
2.06539
2.06541
2.06543
2.06544
2.06546
2.06548
2.0655
2.06552
2.06553
2.06554
2.06556
2.06557
2.06558
2.06558
2.06559
2.06559
2.06559
2.06558
2.06558
2.06557
2.06555
2.06554
2.06552
2.0655
2.06547
2.06545
2.06542
2.06538
2.06534
2.0653
2.06526
2.06521
2.06517
2.06511
2.06506
2.065
2.06494
2.06488
2.06481
2.06474
2.06467
2.0646
2.06452
2.06445
2.06437
2.06429
2.06421
2.06412
2.06404
2.06395
2.06386
2.06377
2.06368
2.06359
2.0635
2.06341
2.06331
2.06322
2.06313
2.06303
2.06294
2.06285
2.06275
2.06266
2.06257
2.06248
2.06239
2.0623
2.06221
2.06212
2.06204
2.06195
2.06187
2.06179
2.06171
2.06163
2.06156
2.06148
2.06141
2.06134
2.06127
2.06121
2.06114
2.06108
2.06103
2.06097
2.06092
2.06087
2.06082
2.06077
2.06073
2.06069
2.06066
2.06062
2.06059
2.06056
2.06054
2.06051
2.06049
2.06048
2.06046
2.06045
2.06044
2.06044
2.06043
2.06043
2.06044
2.06044
2.06045
2.06046
2.06047
2.06049
2.06051
2.06053
2.06055
2.06058
2.0606
2.06063
2.06067
2.0607
2.06073
2.06077
2.06081
2.06085
2.06089
2.06093
2.06098
2.06102
2.06107
2.06111
2.06116
2.0612
2.06125
2.06129
2.06134
2.06139
2.06143
2.06147
2.06152
2.06156
2.0616
2.06164
2.06168
2.06172
2.06175
2.06179
2.06182
2.06185
2.06188
2.06191
2.06194
2.06197
2.06199
2.06202
2.06204
2.06207
2.06209
2.06211
2.06213
2.06215
2.06217
2.06219
2.06221
2.06223
2.06225
2.06227
2.06229
2.06232
2.06234
2.06236
2.06238
2.0624
2.06242
2.06244
2.06246
2.06248
2.06251
2.06253
2.06255
2.06257
2.06259
2.0626
2.06262
2.06264
2.06266
2.06267
2.06269
2.0627
2.06272
2.06273
2.06274
2.06275
2.06276
2.06277
2.06278
2.06279
2.06279
2.0628
2.0628
2.0628
2.0628
2.0628
2.0628
2.06279
2.06279
2.06278
2.06277
2.06276
2.06275
2.06274
2.06273
2.06271
2.0627
2.06268
2.06266
2.06264
2.06262
2.0626
2.06258
2.06256
2.06254
2.06251
2.06249
2.06247
2.06245
2.06242
2.0624
2.06238
2.06237
2.06235
2.06233
2.06232
2.06231
2.0623
2.0623
2.0623
2.0623
2.06231
2.06232
2.06234
2.06236
2.06238
2.06241
2.06244
2.06248
2.06253
2.06258
2.06263
2.06269
2.06276
2.06282
2.0629
2.06298
2.06306
2.06315
2.06324
2.06334
2.06343
2.06354
2.06364
2.06375
2.06386
2.06397
2.06409
2.0642
2.06432
2.06444
2.06456
2.06468
2.0648
2.06492
2.06503
2.06515
2.06527
2.06538
2.06549
2.06561
2.06571
2.06582
2.06592
2.06602
2.06612
2.06621
2.0663
2.06638
2.06646
2.06654
2.06661
2.06668
2.06674
2.0668
2.06685
2.0669
2.06694
2.06698
2.06701
2.06704
2.06706
2.06708
2.06709
2.0671
2.0671
2.0671
2.06709
2.06708
2.06707
2.06705
2.06703
2.06701
2.06698
2.06695
2.06692
2.06688
2.06684
2.0668
2.06676
2.06671
2.06667
2.06662
2.06657
2.06652
2.06647
2.06641
2.06636
2.06631
2.06626
2.0662
2.06615
2.0661
2.06605
2.066
2.06595
2.0659
2.06585
2.06581
2.06577
2.06573
2.06569
2.06565
2.06562
2.06559
2.06556
2.06554
2.06552
2.0655
2.06548
2.06547
2.06546
2.06545
2.06544
2.06544
2.06544
2.06544
2.06545
2.06545
2.06546
2.06548
2.06549
2.0655
2.06552
2.06554
2.06556
2.06558
2.06561
2.06563
2.06566
2.06568
2.06571
2.06574
2.06577
2.0658
2.06583
2.06586
2.06589
2.06592
2.06595
2.06599
2.06602
2.06606
2.06609
2.06612
2.06616
2.06619
2.06623
2.06627
2.0663
2.06634
2.06637
2.06641
2.06644
2.06648
2.06651
2.06654
2.06658
2.06661
2.06664
2.06667
2.06671
2.06673
2.06676
2.06679
2.06682
2.06684
2.06687
2.06689
2.06691
2.06694
2.06696
2.06697
2.06699
2.06701
2.06702
2.06704
2.06705
2.06706
2.06707
2.06708
2.06709
2.0671
2.0671
2.06711
2.06712
2.06712
2.06713
2.06713
2.06714
2.06714
2.06715
2.06715
2.06716
2.06716
2.06717
2.06717
2.06718
2.06719
2.0672
2.06721
2.06722
2.06723
2.06724
2.06726
2.06727
2.06729
2.06731
2.06733
2.06736
2.06738
2.06741
2.06744
2.06748
2.06751
2.06755
2.06759
2.06763
2.06768
2.06772
2.06777
2.06783
2.06788
2.06794
2.068
2.06806
2.06813
2.06819
2.06826
2.06834
2.06841
2.06848
2.06856
2.06864
2.06872
2.0688
2.06888
2.06897
2.06905
2.06913
2.06922
2.06931
2.06939
2.06948
2.06956
2.06965
2.06973
2.06981
2.06989
2.06998
2.07005
2.07013
2.07021
2.07028
2.07035
2.07042
2.07049
2.07056
2.07062
2.07068
2.07074
2.07079
2.07084
2.07089
2.07093
2.07097
2.07101
2.07104
2.07107
2.0711
2.07112
2.07114
2.07116
2.07117
2.07117
2.07118
2.07118
2.07117
2.07117
2.07116
2.07114
2.07112
2.0711
2.07108
2.07105
2.07102
2.07098
2.07095
2.07091
2.07087
2.07082
2.07077
2.07072
2.07067
2.07062
2.07057
2.07051
2.07045
2.07039
2.07034
2.07028
2.07022
2.07016
2.07009
2.07003
2.06997
2.06991
2.06985
2.06979
2.06973
2.06967
2.06961
2.06956
2.0695
2.06944
2.06939
2.06933
2.06928
2.06922
2.06917
2.06912
2.06907
2.06901
2.06896
2.06891
2.06886
2.06881
2.06876
2.06871
2.06866
2.06861
2.06856
2.06851
2.06846
2.06841
2.06835
2.0683
2.06825
2.06819
2.06814
2.06808
2.06802
2.06796
2.0679
2.06783
2.06777
2.0677
2.06763
2.06756
2.06749
2.06742
2.06734
2.06726
2.06718
2.06709
2.06701
2.06692
2.06683
2.06674
2.06665
2.06656
2.06646
2.06636
2.06627
2.06617
2.06607
2.06597
2.06587
2.06578
2.06568
2.06558
2.06548
2.06539
2.0653
2.0652
2.06511
2.06503
2.06494
2.06486
2.06478
2.0647
2.06463
2.06455
2.06449
2.06442
2.06436
2.0643
2.06425
2.0642
2.06415
2.0641
2.06406
2.06402
2.06398
2.06395
2.06392
2.06389
2.06387
2.06385
2.06382
2.06381
2.06379
2.06377
2.06376
2.06375
2.06374
2.06373
2.06372
2.06371
2.06371
2.0637
2.0637
2.06369
2.06369
2.06369
2.06368
2.06368
2.06368
2.06368
2.06368
2.06368
2.06369
2.06369
2.06369
2.0637
2.0637
2.06371
2.06372
2.06373
2.06374
2.06375
2.06376
2.06377
2.06379
2.0638
2.06382
2.06384
2.06386
2.06388
2.0639
2.06392
2.06395
2.06398
2.064
2.06403
2.06406
2.0641
2.06413
2.06416
2.0642
2.06423
2.06427
2.0643
2.06434
2.06438
2.06441
2.06445
2.06449
2.06452
2.06456
2.0646
2.06464
2.06467
2.06471
2.06474
2.06478
2.06481
2.06485
2.06488
2.06491
2.06494
2.06498
2.06501
2.06504
2.06507
2.0651
2.06513
2.06516
2.06518
2.06521
2.06524
2.06527
2.06529
2.06532
2.06535
2.06537
2.0654
2.06542
2.06545
2.06547
2.0655
2.06552
2.06554
2.06557
2.06559
2.06561
2.06563
2.06565
2.06566
2.06568
2.0657
2.06571
2.06573
2.06574
2.06575
2.06576
2.06577
2.06577
2.06578
2.06578
2.06578
2.06579
2.06579
2.06578
2.06578
2.06578
2.06577
2.06577
2.06576
2.06576
2.06575
2.06574
2.06574
2.06573
2.06572
2.06571
2.06571
2.0657
2.06569
2.06568
2.06568
2.06567
2.06566
2.06566
2.06565
2.06565
2.06564
2.06563
2.06563
2.06562
2.06562
2.06561
2.06561
2.0656
2.06559
2.06559
2.06558
2.06557
2.06556
2.06555
2.06554
2.06553
2.06552
2.06551
2.0655
2.06548
2.06547
2.06546
2.06544
2.06542
2.0654
2.06539
2.06537
2.06534
2.06532
2.0653
2.06527
2.06525
2.06522
2.06519
2.06516
2.06513
2.06509
2.06506
2.06502
2.06498
2.06494
2.0649
2.06485
2.0648
2.06476
2.0647
2.06465
2.0646
2.06454
2.06448
2.06442
2.06436
2.0643
2.06423
2.06417
2.0641
2.06403
2.06397
2.0639
2.06383
2.06377
2.0637
2.06363
2.06357
2.06351
2.06345
2.06339
2.06333
2.06327
2.06322
2.06317
2.06312
2.06308
2.06304
2.063
2.06296
2.06293
2.0629
2.06288
2.06285
2.06284
2.06282
2.06281
2.0628
2.06279
2.06279
2.06279
2.06279
2.0628
2.06281
2.06282
2.06284
2.06285
2.06287
2.06289
2.06291
2.06294
2.06297
2.06299
2.06302
2.06305
2.06309
2.06312
2.06315
2.06319
2.06323
2.06326
2.0633
2.06334
2.06338
2.06342
2.06346
2.06351
2.06355
2.06359
2.06364
2.06368
2.06373
2.06377
2.06382
2.06386
2.06391
2.06396
2.06401
2.06406
2.0641
2.06415
2.0642
2.06425
2.06431
2.06436
2.06441
2.06446
2.06451
2.06456
2.06462
2.06467
2.06472
2.06478
2.06483
2.06488
2.06494
2.06499
2.06504
2.0651
2.06515
2.0652
2.06525
2.06531
2.06536
2.06541
2.06546
2.06551
2.06557
2.06562
2.06567
2.06572
2.06576
2.06581
2.06586
2.06591
2.06595
2.066
2.06604
2.06609
2.06613
2.06617
2.06621
2.06625
2.06629
2.06632
2.06636
2.06639
2.06642
2.06645
2.06648
2.0665
2.06653
2.06655
2.06657
2.06659
2.06661
2.06662
2.06664
2.06665
2.06666
2.06667
2.06667
2.06668
2.06668
2.06668
2.06668
2.06667
2.06667
2.06666
2.06666
2.06665
2.06664
2.06663
2.06662
2.06661
2.06659
2.06658
2.06657
2.06655
2.06654
2.06652
2.0665
2.06649
2.06647
2.06645
2.06643
2.06642
2.0664
2.06638
2.06636
2.06634
2.06633
2.06631
2.06629
2.06627
2.06625
2.06623
2.06622
2.0662
2.06618
2.06617
2.06615
2.06613
2.06612
2.0661
2.06609
2.06608
2.06606
2.06605
2.06604
2.06603
2.06602
2.06601
2.066
2.06599
2.06598
2.06597
2.06597
2.06596
2.06595
2.06595
2.06595
2.06594
2.06594
2.06594
2.06593
2.06593
2.06593
2.06593
2.06593
2.06593
2.06593
2.06593
2.06593
2.06593
2.06593
2.06593
2.06593
2.06593
2.06593
2.06593
2.06593
2.06593
2.06593
2.06593
2.06593
2.06592
2.06592
2.06592
2.06591
2.0659
2.0659
2.06589
2.06588
2.06587
2.06586
2.06584
2.06583
2.06581
2.06579
2.06577
2.06575
2.06573
2.0657
2.06567
2.06564
2.06561
2.06558
2.06554
2.06551
2.06547
2.06543
2.06539
2.06535
2.0653
2.06526
2.06521
2.06516
2.06511
2.06506
2.06502
2.06497
2.06492
2.06487
2.06482
2.06477
2.06472
2.06467
2.06462
2.06458
2.06453
2.06449
2.06444
2.0644
2.06436
2.06432
2.06428
2.06424
2.06421
2.06418
2.06414
2.06411
2.06409
2.06406
2.06403
2.06401
2.06399
2.06397
2.06395
2.06394
2.06393
2.06392
2.06391
2.0639
2.0639
2.06389
2.06389
2.0639
2.0639
2.06391
2.06392
2.06393
2.06395
2.06396
2.06398
2.064
2.06403
2.06405
2.06408
2.06411
2.06414
2.06417
2.06421
2.06425
2.06428
2.06432
2.06436
2.0644
2.06444
2.06449
2.06453
2.06457
2.06461
2.06466
2.0647
2.06474
2.06478
2.06482
2.06486
2.0649
2.06494
2.06498
2.06502
2.06505
2.06509
2.06512
2.06515
2.06518
2.06521
2.06524
2.06526
2.06529
2.06531
2.06533
2.06535
2.06537
2.06539
2.0654
2.06542
2.06543
2.06544
2.06545
2.06546
2.06547
2.06548
2.06549
2.06549
2.0655
2.0655
2.06551
2.06551
2.06552
2.06552
2.06552
2.06553
2.06553
2.06553
2.06554
2.06554
2.06554
2.06555
2.06555
2.06556
2.06556
2.06557
2.06557
2.06558
2.06559
2.0656
2.06561
2.06562
2.06563
2.06565
2.06567
2.06568
2.0657
2.06572
2.06574
2.06577
2.06579
2.06582
2.06585
2.06588
2.06591
2.06594
2.06597
2.06601
2.06604
2.06608
2.06612
2.06615
2.06619
2.06623
2.06626
2.0663
2.06634
2.06637
2.0664
2.06644
2.06647
2.06649
2.06652
2.06655
2.06657
2.06659
2.0666
2.06662
2.06663
2.06664
2.06664
2.06665
2.06665
2.06664
2.06664
2.06663
2.06661
2.0666
2.06658
2.06656
2.06654
2.06652
2.06649
2.06646
2.06643
2.0664
2.06637
2.06634
2.06631
2.06628
2.06625
2.06621
2.06618
2.06615
2.06612
2.06609
2.06606
2.06603
2.066
2.06598
2.06595
2.06593
2.0659
2.06588
2.06586
2.06584
2.06582
2.06581
2.06579
2.06578
2.06576
2.06575
2.06573
2.06572
2.06571
2.0657
2.06569
2.06568
2.06566
2.06565
2.06564
2.06563
2.06562
2.06561
2.0656
2.06559
2.06558
2.06556
2.06555
2.06554
2.06553
2.06552
2.06551
2.0655
2.06549
2.06548
2.06547
2.06546
2.06545
2.06544
2.06544
2.06543
2.06543
2.06543
2.06543
2.06543
2.06543
2.06543
2.06543
2.06544
2.06544
2.06545
2.06546
2.06547
2.06548
2.06549
2.06551
2.06552
2.06554
2.06555
2.06557
2.06558
2.0656
2.06562
2.06563
2.06565
2.06567
2.06568
2.0657
2.06571
2.06573
2.06575
2.06576
2.06577
2.06579
2.0658
2.06581
2.06583
2.06584
2.06585
2.06586
2.06587
2.06588
2.06589
2.0659
2.06591
2.06592
2.06592
2.06593
2.06594
2.06594
2.06595
2.06596
2.06596
2.06597
2.06597
2.06598
2.06598
2.06599
2.06599
2.06599
2.066
2.066
2.066
2.06601
2.06601
2.06601
2.06601
2.06602
2.06602
2.06602
2.06602
2.06603
2.06603
2.06603
2.06603
2.06604
2.06604
2.06604
2.06604
2.06604
2.06605
2.06605
2.06605
2.06605
2.06605
2.06605
2.06606
2.06606
2.06606
2.06606
2.06606
2.06606
2.06606
2.06607
2.06607
2.06607
2.06607
2.06607
2.06607
2.06607
2.06607
2.06607
2.06607
2.06607
2.06607
2.06607
2.06607
2.06607
2.06606
2.06606
2.06606
2.06605
2.06605
2.06604
2.06604
2.06603
2.06602
2.06601
2.066
2.06599
2.06597
2.06596
2.06594
2.06592
2.0659
2.06588
2.06586
2.06584
2.06582
2.06579
2.06577
2.06574
2.06572
2.06569
2.06566
2.06563
2.06561
2.06558
2.06555
2.06552
2.0655
2.06547
2.06544
2.06542
2.0654
2.06538
2.06535
2.06534
2.06532
2.0653
2.06529
2.06528
2.06527
2.06526
2.06526
2.06525
2.06525
2.06525
2.06526
2.06526
2.06527
2.06528
2.06529
2.06531
2.06532
2.06534
2.06535
2.06537
2.06539
2.06541
2.06543
2.06545
2.06547
2.06549
2.06551
2.06553
2.06555
2.06557
2.06559
2.06561
2.06562
2.06564
2.06565
2.06567
2.06568
2.06569
2.0657
2.0657
2.06571
2.06571
2.06572
2.06572
2.06572
2.06572
2.06572
2.06572
2.06572
2.06572
2.06571
2.06571
2.06571
2.06571
2.0657
2.0657
2.0657
2.0657
2.0657
2.0657
2.0657
2.06571
2.06571
2.06572
2.06573
2.06574
2.06575
2.06576
2.06577
2.06579
2.06581
2.06583
2.06585
2.06587
2.06589
2.06592
2.06595
2.06598
2.06601
2.06604
2.06608
2.06611
2.06615
2.06619
2.06623
2.06627
2.06632
2.06636
2.06641
2.06646
2.0665
2.06655
2.0666
2.06665
2.0667
2.06676
2.06681
2.06686
2.06691
2.06697
2.06702
2.06707
2.06713
2.06718
2.06723
2.06729
2.06734
2.06739
2.06744
2.0675
2.06755
2.0676
2.06765
2.0677
2.06774
2.06779
2.06784
2.06788
2.06793
2.06797
2.06802
2.06806
2.0681
2.06814
2.06818
2.06822
2.06825
2.06829
2.06833
2.06836
2.06839
2.06843
2.06846
2.06849
2.06852
2.06855
2.06857
2.0686
2.06862
2.06865
2.06867
2.0687
2.06872
2.06874
2.06876
2.06878
2.0688
2.06882
2.06884
2.06886
2.06887
2.06889
2.06891
2.06892
2.06893
2.06895
2.06896
2.06897
2.06898
2.06899
2.069
2.06901
2.06901
2.06902
2.06902
2.06902
2.06903
2.06902
2.06902
2.06902
2.06902
2.06901
2.069
2.06899
2.06898
2.06897
2.06896
2.06894
2.06893
2.06891
2.06889
2.06887
2.06885
2.06883
2.06881
2.06879
2.06876
2.06874
2.06871
2.06869
2.06866
2.06864
2.06861
2.06859
2.06856
2.06854
2.06851
2.06848
2.06846
2.06844
2.06841
2.06839
2.06837
2.06834
2.06832
2.0683
2.06828
2.06827
2.06825
2.06823
2.06822
2.06821
2.06819
2.06818
2.06817
2.06816
2.06816
2.06815
2.06815
2.06814
2.06814
2.06814
2.06814
2.06814
2.06814
2.06814
2.06815
2.06815
2.06816
2.06816
2.06817
2.06818
2.06819
2.0682
2.06821
2.06822
2.06824
2.06825
2.06826
2.06828
2.06829
2.06831
2.06833
2.06835
2.06837
2.06839
2.06841
2.06843
2.06845
2.06847
2.0685
2.06852
2.06855
2.06857
2.0686
2.06863
2.06866
2.06869
2.06871
2.06874
2.06877
2.06881
2.06884
2.06887
2.0689
2.06893
2.06896
2.06899
2.06902
2.06905
2.06908
2.06911
2.06914
2.06916
2.06919
2.06921
2.06923
2.06926
2.06927
2.06929
2.06931
2.06932
2.06933
2.06934
2.06935
2.06935
2.06935
2.06935
2.06935
2.06934
2.06933
2.06932
2.06931
2.06929
2.06927
2.06925
2.06922
2.0692
2.06917
2.06913
2.0691
2.06906
2.06903
2.06898
2.06894
2.0689
2.06885
2.06881
2.06876
2.06871
2.06866
2.0686
2.06855
2.0685
2.06844
2.06839
2.06833
2.06827
2.06822
2.06816
2.06811
2.06805
2.068
2.06794
2.06789
2.06783
2.06778
2.06773
2.06768
2.06763
2.06758
2.06753
2.06749
2.06744
2.0674
2.06736
2.06732
2.06728
2.06724
2.06721
2.06717
2.06714
2.06711
2.06708
2.06705
2.06703
2.067
2.06698
2.06696
2.06694
2.06692
2.06691
2.06689
2.06688
2.06686
2.06685
2.06684
2.06683
2.06682
2.06681
2.06681
2.0668
2.0668
2.06679
2.06679
2.06678
2.06678
2.06677
2.06677
2.06677
2.06676
2.06676
2.06676
2.06675
2.06675
2.06674
2.06674
2.06673
2.06672
2.06672
2.06671
2.0667
2.06669
2.06668
2.06667
2.06665
2.06664
2.06662
2.0666
2.06658
2.06656
2.06654
2.06652
2.0665
2.06647
2.06645
2.06642
2.06639
2.06636
2.06633
2.06629
2.06626
2.06622
2.06619
2.06615
2.06611
2.06607
2.06603
2.06598
2.06594
2.0659
2.06585
2.0658
2.06576
2.06571
2.06566
2.06562
2.06557
2.06552
2.06547
2.06542
2.06538
2.06533
2.06528
2.06524
2.06519
2.06515
2.06511
2.06507
2.06503
2.06499
2.06496
2.06492
2.06489
2.06486
2.06483
2.0648
2.06478
2.06475
2.06473
2.06471
2.06469
2.06467
2.06465
2.06463
2.06462
2.0646
2.06459
2.06457
2.06456
2.06455
2.06453
2.06452
2.06451
2.0645
2.06449
2.06448
2.06447
2.06446
2.06445
2.06444
2.06443
2.06443
2.06442
2.06442
2.06441
2.06441
2.06441
2.06441
2.06441
2.06441
2.06441
2.06441
2.06442
2.06442
2.06443
2.06444
2.06445
2.06446
2.06447
2.06448
2.06449
2.0645
2.06452
2.06453
2.06455
2.06456
2.06458
2.06459
2.06461
2.06463
2.06464
2.06466
2.06467
2.06469
2.0647
2.06472
2.06473
2.06475
2.06476
2.06477
2.06478
2.06479
2.06479
2.0648
2.0648
2.06481
2.06481
2.06481
2.06481
2.0648
2.0648
2.06479
2.06478
2.06477
2.06476
2.06475
2.06474
2.06472
2.0647
2.06468
2.06466
2.06464
2.06462
2.0646
2.06457
2.06455
2.06452
2.0645
2.06447
2.06444
2.06442
2.06439
2.06436
2.06433
2.0643
2.06427
2.06424
2.06421
2.06418
2.06414
2.06411
2.06408
2.06405
2.06401
2.06398
2.06395
2.06391
2.06388
2.06384
2.06381
2.06377
2.06374
2.0637
2.06366
2.06362
2.06358
2.06354
2.0635
2.06346
2.06342
2.06338
2.06333
2.06329
2.06324
2.0632
2.06315
2.06311
