2.1
2.09993
2.09981
2.09962
2.09938
2.09907
2.0987
2.09827
2.09778
2.09723
2.09661
2.09594
2.0952
2.09439
2.09353
2.0926
2.0916
2.09055
2.08943
2.08825
2.087
2.08569
2.08431
2.08287
2.08137
2.07981
2.07818
2.0765
2.07475
2.07294
2.07107
2.06914
2.06715
2.06511
2.06302
2.06087
2.05867
2.05642
2.05412
2.05178
2.0494
2.04698
2.04451
2.04202
2.0395
2.03694
2.03436
2.03177
2.02915
2.02652
2.02388
2.02124
2.01859
2.01595
2.01331
2.01069
2.00808
2.00549
2.00293
2.00039
1.99789
1.99543
1.99301
1.99064
1.98831
1.98605
1.98384
1.9817
1.97963
1.97762
1.97569
1.97384
1.97206
1.97036
1.96874
1.96721
1.96575
1.96438
1.96308
1.96187
1.96073
1.95967
1.95868
1.95776
1.95691
1.95612
1.95539
1.95471
1.95409
1.95351
1.95298
1.9525
1.95205
1.95163
1.95125
1.9509
1.95058
1.95028
1.95
1.94974
1.94951
1.94929
1.94908
1.94889
1.94871
1.94854
1.94839
1.94824
1.94809
1.94796
1.94782
1.94768
1.94755
1.94741
1.94727
1.94712
1.94696
1.94679
1.94661
1.94641
1.94619
1.94596
1.94571
1.94543
1.94514
1.94482
1.94447
1.9441
1.94371
1.94329
1.94285
1.94239
1.94191
1.9414
1.94088
1.94033
1.93977
1.9392
1.93861
1.93802
1.93741
1.9368
1.93619
1.93557
1.93496
1.93435
1.93374
1.93315
1.93256
1.93199
1.93144
1.9309
1.93039
1.9299
1.92943
1.92899
1.92857
1.92819
1.92783
1.9275
1.9272
1.92692
1.92668
1.92645
1.92626
1.92608
1.92591
1.92577
1.92563
1.92551
1.92539
1.92527
1.92516
1.92504
1.92491
1.92478
1.92463
1.92448
1.92431
1.92412
1.92393
1.92371
1.92348
1.92324
1.92297
1.9227
1.92241
1.92211
1.9218
1.92147
1.92114
1.9208
1.92046
1.92011
1.91976
1.91941
1.91906
1.91872
1.91837
1.91804
1.91771
1.91739
1.91708
1.91678
1.91649
1.91621
1.91595
1.9157
1.91546
1.91524
1.91504
1.91484
1.91466
1.91449
1.91433
1.91418
1.91403
1.9139
1.91376
1.91363
1.9135
1.91337
1.91324
1.9131
1.91295
1.9128
1.91263
1.91246
1.91227
1.91207
1.91185
1.91163
1.91138
1.91112
1.91085
1.91056
1.91026
1.90994
1.90961
1.90927
1.90892
1.90855
1.90818
1.90779
1.9074
1.90701
1.90661
1.9062
1.9058
1.9054
1.90501
1.90462
1.90424
1.90388
1.90353
1.90319
1.90288
1.90259
1.90233
1.90209
1.90189
1.90172
1.90159
1.90149
1.90144
1.90143
1.90146
1.90155
1.90167
1.90185
1.90207
1.90234
1.90265
1.90301
1.90342
1.90386
1.90434
1.90487
1.90542
1.90601
1.90662
1.90725
1.90791
1.90858
1.90927
1.90996
1.91066
1.91136
1.91206
1.91276
1.91345
1.91413
1.9148
1.91546
1.9161
1.91673
1.91733
1.91793
1.9185
1.91905
1.91959
1.92011
1.92062
1.9211
1.92157
1.92203
1.92247
1.92289
1.92331
1.92371
1.9241
1.92448
1.92485
1.92521
1.92556
1.92591
1.92625
1.92658
1.92691
1.92723
1.92754
1.92785
1.92816
1.92846
1.92875
1.92904
1.92932
1.92959
1.92986
1.93012
1.93037
1.93061
1.93085
1.93107
1.93129
1.93149
1.93168
1.93186
1.93203
1.93218
1.93232
1.93244
1.93255
1.93264
1.93272
1.93278
1.93283
1.93286
1.93288
1.93288
1.93287
1.93284
1.9328
1.93274
1.93268
1.9326
1.93251
1.93241
1.93231
1.93219
1.93208
1.93196
1.93184
1.93172
1.9316
1.93148
1.93137
1.93127
1.93118
1.93109
1.93102
1.93096
1.93092
1.93089
1.93088
1.93088
1.93091
1.93095
1.93101
1.93109
1.93119
1.93131
1.93144
1.9316
1.93177
1.93195
1.93215
1.93236
1.93259
1.93282
1.93307
1.93332
1.93357
1.93383
1.93408
1.93434
1.93459
1.93484
1.93508
1.93532
1.93554
1.93576
1.93596
1.93615
1.93632
1.93648
1.93663
1.93676
1.93688
1.93698
1.93707
1.93715
1.93722
1.93727
1.93732
1.93735
1.93738
1.93741
1.93743
1.93744
1.93746
1.93747
1.93749
1.9375
1.93753
1.93755
1.93758
1.93762
1.93767
1.93773
1.93779
1.93786
1.93794
1.93803
1.93813
1.93824
1.93836
1.93848
1.93861
1.93874
1.93888
1.93902
1.93916
1.9393
1.93944
1.93958
1.93971
1.93983
1.93994
1.94005
1.94014
1.94022
1.94028
1.94033
1.94036
1.94038
1.94037
1.94034
1.9403
1.94023
1.94014
1.94003
1.9399
1.93974
1.93956
1.93936
1.93914
1.9389
1.93863
1.93835
1.93804
1.93772
1.93737
1.93701
1.93663
1.93624
1.93582
1.9354
1.93496
1.93451
1.93405
1.93358
1.9331
1.93262
1.93213
1.93164
1.93114
1.93065
1.93015
1.92966
1.92918
1.9287
1.92823
1.92777
1.92733
1.9269
1.92649
1.92609
1.92572
1.92537
1.92504
1.92474
1.92447
1.92422
1.92401
1.92383
1.92368
1.92356
1.92347
1.92342
1.92341
1.92343
1.92348
1.92357
1.92369
1.92384
1.92403
1.92425
1.92449
1.92477
1.92508
1.92541
1.92577
1.92616
1.92657
1.927
1.92745
1.92792
1.9284
1.9289
1.92941
1.92994
1.93047
1.931
1.93155
1.93209
1.93263
1.93317
1.93371
1.93424
1.93476
1.93527
1.93576
1.93624
1.93671
1.93715
1.93757
1.93797
1.93834
1.93869
1.93901
1.9393
1.93956
1.93979
1.93999
1.94015
1.94028
1.94038
1.94044
1.94047
1.94046
1.94041
1.94033
1.94022
1.94007
1.93989
1.93968
1.93943
1.93916
1.93886
1.93853
1.93818
1.9378
1.93741
1.93699
1.93655
1.9361
1.93564
1.93517
1.93468
1.93419
1.9337
1.9332
1.93269
1.93219
1.93169
1.9312
1.9307
1.93022
1.92974
1.92928
1.92882
1.92838
1.92795
1.92753
1.92713
1.92674
1.92637
1.92602
1.92568
1.92537
1.92507
1.92479
1.92453
1.92429
1.92407
1.92386
1.92367
1.92351
1.92335
1.92322
1.9231
1.923
1.9229
1.92283
1.92276
1.9227
1.92266
1.92262
1.92259
1.92256
1.92255
1.92253
1.92253
1.92252
1.92252
1.92252
1.92252
1.92252
1.92252
1.92252
1.92252
1.92252
1.92252
1.92251
1.9225
1.92249
1.92248
1.92246
1.92244
1.92242
1.9224
1.92237
1.92234
1.92231
1.92228
1.92225
1.92222
1.92219
1.92216
1.92214
1.92212
1.92211
1.9221
1.9221
1.92211
1.92213
1.92216
1.9222
1.92225
1.92232
1.92241
1.92251
1.92263
1.92277
1.92293
1.9231
1.9233
1.92352
1.92376
1.92402
1.9243
1.9246
1.92491
1.92525
1.9256
1.92597
1.92635
1.92674
1.92714
1.92756
1.92798
1.9284
1.92883
1.92926
1.92969
1.93011
1.93054
1.93096
1.93138
1.93179
1.93219
1.93258
1.93297
1.93334
1.9337
1.93406
1.9344
1.93473
1.93505
1.93536
1.93565
1.93593
1.93621
1.93647
1.93672
1.93696
1.9372
1.93742
1.93764
1.93786
1.93807
1.93827
1.93848
1.93868
1.93889
1.9391
1.93931
1.93953
1.93976
1.93999
1.94023
1.94047
1.94073
1.94099
1.94126
1.94154
1.94183
1.94213
1.94243
1.94274
1.94305
1.94337
1.94369
1.94402
1.94435
1.94468
1.94501
1.94534
1.94568
1.94601
1.94634
1.94668
1.94701
1.94735
1.94768
1.94802
1.94836
1.9487
1.94904
1.94939
1.94973
1.95008
1.95043
1.95079
1.95115
1.95151
1.95187
1.95224
1.9526
1.95297
1.95333
1.95369
1.95405
1.9544
1.95475
1.95508
1.95541
1.95572
1.95602
1.9563
1.95657
1.95681
1.95703
1.95723
1.9574
1.95755
1.95766
1.95775
1.9578
1.95783
1.95782
1.95777
1.9577
1.95759
1.95745
1.95727
1.95706
1.95682
1.95655
1.95625
1.95593
1.95557
1.95519
1.95479
1.95436
1.95391
1.95344
1.95296
1.95246
1.95194
1.95141
1.95087
1.95031
1.94975
1.94918
1.94859
1.948
1.9474
1.94679
1.94617
1.94555
1.94492
1.94428
1.94364
1.94299
1.94234
1.94168
1.94102
1.94037
1.93971
1.93905
1.9384
1.93775
1.93711
1.93648
1.93586
1.93525
1.93466
1.93408
1.93352
1.93299
1.93247
1.93197
1.93151
1.93106
1.93065
1.93026
1.9299
1.92957
1.92927
1.929
1.92876
1.92855
1.92837
1.92822
1.9281
1.92801
1.92795
1.92792
1.92791
1.92793
1.92798
1.92805
1.92814
1.92826
1.9284
1.92856
1.92873
1.92893
1.92914
1.92937
1.9296
1.92985
1.93011
1.93037
1.93064
1.93091
1.93118
1.93145
1.93172
1.93198
1.93223
1.93247
1.93271
1.93293
1.93313
1.93332
1.93349
1.93364
1.93378
1.93389
1.93398
1.93405
1.9341
1.93412
1.93412
1.9341
1.93406
1.934
1.93391
1.93381
1.93369
1.93354
1.93338
1.9332
1.93301
1.93281
1.93259
1.93236
1.93212
1.93187
1.93161
1.93135
1.93109
1.93082
1.93055
1.93028
1.93002
1.92977
1.92952
1.92928
1.92905
1.92884
1.92864
1.92846
1.92831
1.92818
1.92807
1.92799
1.92795
1.92793
1.92794
1.92799
1.92807
1.92818
1.92832
1.9285
1.9287
1.92894
1.9292
1.92948
1.92979
1.93012
1.93046
1.93081
1.93117
1.93154
1.93191
1.93227
1.93264
1.93299
1.93333
1.93365
1.93396
1.93425
1.93451
1.93474
1.93495
1.93513
1.93527
1.93538
1.93545
1.93549
1.93548
1.93544
1.93535
1.93523
1.93506
1.93484
1.93459
1.93429
1.93396
1.93358
1.93316
1.93271
1.93222
1.9317
1.93115
1.93057
1.92997
1.92934
1.9287
1.92803
1.92736
1.92668
1.926
1.92531
1.92463
1.92395
1.92328
1.92263
1.92199
1.92137
1.92077
1.9202
1.91965
1.91913
1.91865
1.9182
1.91778
1.9174
1.91705
1.91675
1.91648
1.91626
1.91607
1.91593
1.91582
1.91575
1.91573
1.91574
1.91579
1.91587
1.916
1.91615
1.91634
1.91656
1.91681
1.91709
1.9174
1.91772
1.91807
1.91845
1.91884
1.91924
1.91966
1.9201
1.92055
1.921
1.92147
1.92194
1.92242
1.92291
1.9234
1.92389
1.92438
1.92488
1.92537
1.92587
1.92637
1.92687
1.92736
1.92786
1.92836
1.92886
1.92935
1.92985
1.93034
1.93083
1.93132
1.9318
1.93228
1.93275
1.93321
1.93366
1.9341
1.93452
1.93492
1.9353
1.93566
1.93599
1.93629
1.93656
1.9368
1.937
1.93716
1.93728
1.93736
1.9374
1.93739
1.93733
1.93723
1.93708
1.93689
1.93665
1.93637
1.93604
1.93568
1.93527
1.93482
1.93434
1.93383
1.93328
1.93271
1.93212
1.93151
1.93088
1.93024
1.9296
1.92895
1.9283
1.92766
1.92703
1.92641
1.92581
1.92523
1.92467
1.92413
1.92362
1.92313
1.92268
1.92225
1.92185
1.92148
1.92114
1.92083
1.92055
1.9203
1.92007
1.91986
1.91968
1.91953
1.91939
1.91928
1.91919
1.91912
1.91907
1.91904
1.91902
1.91903
1.91906
1.9191
1.91916
1.91924
1.91934
1.91945
1.91958
1.91973
1.91989
1.92007
1.92027
1.92048
1.92071
1.92095
1.92121
1.92148
1.92176
1.92205
1.92236
1.92267
1.923
1.92333
1.92367
1.92403
1.92438
1.92475
1.92512
1.92549
1.92588
1.92626
1.92665
1.92704
1.92744
1.92784
1.92824
1.92865
1.92905
1.92946
1.92987
1.93029
1.9307
1.93112
1.93154
1.93196
1.93238
1.9328
1.93322
1.93364
1.93406
1.93447
1.93489
1.93531
1.93572
1.93613
1.93654
1.93694
1.93734
1.93773
1.93811
1.93849
1.93886
1.93922
1.93957
1.9399
1.94023
1.94054
1.94084
1.94113
1.9414
1.94166
1.9419
1.94213
1.94235
1.94255
1.94273
1.94291
1.94307
1.94322
1.94336
1.94349
1.94361
1.94372
1.94382
1.94392
1.94401
1.9441
1.94419
1.94427
1.94435
1.94444
1.94452
1.94461
1.9447
1.94479
1.94489
1.94499
1.94509
1.9452
1.94532
1.94544
1.94556
1.94568
1.9458
1.94593
1.94605
1.94617
1.94629
1.9464
1.94651
1.94661
1.94669
1.94676
1.94682
1.94686
1.94688
1.94689
1.94687
1.94683
1.94676
1.94667
1.94655
1.9464
1.94622
1.94602
1.94579
1.94552
1.94523
1.94491
1.94457
1.94419
1.94379
1.94337
1.94292
1.94245
1.94196
1.94145
1.94092
1.94037
1.93982
1.93925
1.93867
1.93808
1.93749
1.93689
1.93629
1.93569
1.93509
1.93449
1.9339
1.93331
1.93272
1.93215
1.93158
1.93101
1.93046
1.92992
1.92939
1.92887
1.92836
1.92787
1.92738
1.92691
1.92646
1.92601
1.92558
1.92517
1.92477
1.92438
1.92401
1.92365
1.92331
1.92298
1.92267
1.92237
1.92209
1.92182
1.92157
1.92133
1.9211
1.92088
1.92067
1.92048
1.92029
1.92011
1.91993
1.91976
1.91959
1.91943
1.91926
1.9191
1.91893
1.91876
1.91859
1.91841
1.91823
1.91805
1.91786
1.91767
1.91748
1.91729
1.91711
1.91692
1.91675
1.91658
1.91642
1.91627
1.91614
1.91603
1.91594
1.91587
1.91583
1.91581
1.91581
1.91585
1.91592
1.91601
1.91613
1.91628
1.91645
1.91665
1.91688
1.91712
1.91738
1.91765
1.91794
1.91823
1.91854
1.91885
1.91916
1.91947
1.91978
1.92008
1.92038
1.92068
1.92097
1.92125
1.92152
1.92178
1.92204
1.92229
1.92253
1.92277
1.923
1.92322
1.92344
1.92366
1.92387
1.92409
1.9243
1.92452
1.92474
1.92496
1.92519
1.92543
1.92567
1.92592
1.92618
1.92645
1.92672
1.92701
1.92731
1.92762
1.92794
1.92826
1.9286
1.92895
1.9293
1.92967
1.93004
1.93041
1.93079
1.93118
1.93157
1.93196
1.93235
1.93274
1.93313
1.93352
1.93391
1.93429
1.93468
1.93505
1.93543
1.93579
1.93616
1.93651
1.93686
1.9372
1.93754
1.93786
1.93818
1.93849
1.93878
1.93907
1.93935
1.93961
1.93986
1.9401
1.94032
1.94053
1.94072
1.9409
1.94106
1.9412
1.94132
1.94142
1.9415
1.94156
1.9416
1.94163
1.94163
1.94161
1.94157
1.94151
1.94143
1.94133
1.94122
1.94109
1.94095
1.94079
1.94062
1.94044
1.94025
1.94005
1.93985
1.93964
1.93943
1.93922
1.939
1.93879
1.93858
1.93838
1.93818
1.93798
1.9378
1.93762
1.93745
1.93729
1.93714
1.937
1.93688
1.93676
1.93666
1.93657
1.93649
1.93642
1.93637
1.93632
1.93629
1.93626
1.93625
1.93624
1.93624
1.93625
1.93627
1.93629
1.93632
1.93635
1.93639
1.93643
1.93648
1.93652
1.93657
1.93662
1.93666
1.93671
1.93675
1.93679
1.93683
1.93687
1.9369
1.93692
1.93694
1.93696
1.93696
1.93696
1.93695
1.93693
1.9369
1.93687
1.93682
1.93676
1.93669
1.93661
1.93652
1.93642
1.93631
1.93619
1.93605
1.93591
1.93576
1.9356
1.93543
1.93525
1.93507
1.93488
1.93469
1.9345
1.9343
1.9341
1.93391
1.93371
1.93352
1.93333
1.93315
1.93297
1.9328
1.93264
1.93249
1.93234
1.93221
1.93208
1.93197
1.93187
1.93178
1.9317
1.93164
1.93159
1.93155
1.93152
1.93151
1.93151
1.93152
1.93154
1.93158
1.93162
1.93168
1.93175
1.93182
1.93191
1.932
1.9321
1.93221
1.93231
1.93242
1.93253
1.93264
1.93275
1.93285
1.93295
1.93304
1.93312
1.93319
1.93325
1.93329
1.93332
1.93333
1.93332
1.9333
1.93325
1.93318
1.9331
1.93299
1.93285
1.9327
1.93252
1.93232
1.9321
1.93186
1.9316
1.93132
1.93103
1.93072
1.93039
1.93006
1.92971
1.92936
1.929
1.92864
1.92827
1.92791
1.92754
1.92719
1.92684
1.9265
1.92616
1.92585
1.92554
1.92525
1.92498
1.92473
1.9245
1.92429
1.92411
1.92395
1.92382
1.92372
1.92365
1.92361
1.9236
1.92363
1.92368
1.92378
1.92391
1.92407
1.92427
1.92451
1.92478
1.92509
1.92543
1.9258
1.92621
1.92665
1.92711
1.92761
1.92812
1.92866
1.92921
1.92978
1.93035
1.93094
1.93153
1.93212
1.9327
1.93328
1.93385
1.93441
1.93496
1.93548
1.936
1.93649
1.93696
1.9374
1.93783
1.93823
1.93861
1.93896
1.93928
1.93958
1.93986
1.9401
1.94032
1.94051
1.94068
1.94082
1.94092
1.94101
1.94106
1.94109
1.94109
1.94106
1.94102
1.94094
1.94085
1.94073
1.9406
1.94045
1.94028
1.9401
1.9399
1.9397
1.93949
1.93927
1.93905
1.93882
1.9386
1.93838
1.93817
1.93796
1.93777
1.93758
1.93741
1.93726
1.93713
1.93702
1.93693
1.93686
1.93682
1.93681
1.93683
1.93688
1.93695
1.93706
1.9372
1.93737
1.93758
1.93781
1.93807
1.93836
1.93868
1.93902
1.93939
1.93978
1.94018
1.9406
1.94104
1.94148
1.94193
1.94239
1.94284
1.94329
1.94374
1.94418
1.94461
1.94503
1.94543
1.94581
1.94617
1.94652
1.94683
1.94713
1.94739
1.94763
1.94784
1.94802
1.94816
1.94828
1.94836
1.94841
1.94843
1.94841
1.94835
1.94826
1.94814
1.94798
1.94778
1.94755
1.94728
1.94697
1.94663
1.94626
1.94585
1.94542
1.94495
1.94445
1.94392
1.94337
1.9428
1.9422
1.94159
1.94096
1.94032
1.93966
1.939
1.93833
1.93766
1.93699
1.93631
1.93565
1.93498
1.93433
1.93369
1.93306
1.93244
1.93184
1.93126
1.9307
1.93016
1.92964
1.92914
1.92866
1.92821
1.92778
1.92738
1.92699
1.92663
1.92629
1.92596
1.92566
1.92538
1.92511
1.92486
1.92462
1.92441
1.92421
1.92403
1.92386
1.92372
1.92359
1.92349
1.92341
1.92335
1.92332
1.92332
1.92335
1.92341
1.92351
1.92364
1.9238
1.92401
1.92425
1.92453
1.92485
1.92522
1.92562
1.92606
1.92654
1.92706
1.92761
1.9282
1.92881
1.92946
1.93013
1.93083
1.93155
1.93229
1.93304
1.93381
1.93458
1.93536
1.93615
1.93694
1.93773
1.93851
1.93928
1.94004
1.94079
1.94153
1.94224
1.94293
1.9436
1.94425
1.94486
1.94545
1.94601
1.94653
1.94701
1.94746
1.94788
1.94825
1.94858
1.94888
1.94913
1.94934
1.94951
1.94964
1.94973
1.94978
1.94979
1.94976
1.94969
1.94959
1.94945
1.94927
1.94907
1.94884
1.94858
1.9483
1.94799
1.94767
1.94734
1.94699
1.94663
1.94627
1.9459
1.94554
1.94518
1.94483
1.9445
1.94418
1.94388
1.94361
1.94336
1.94313
1.94294
1.94278
1.94266
1.94257
1.94251
1.94249
1.9425
1.94254
1.94261
1.94271
1.94283
1.94298
1.94315
1.94334
1.94354
1.94375
1.94398
1.94421
1.94444
1.94468
1.94492
1.94516
1.9454
1.94563
1.94585
1.94606
1.94626
1.94645
1.94662
1.94677
1.9469
1.94702
1.94711
1.94717
1.94721
1.94722
1.9472
1.94715
1.94707
1.94695
1.9468
1.94662
1.94641
1.94616
1.94587
1.94556
1.94521
1.94482
1.94441
1.94396
1.94348
1.94297
1.94244
1.94188
1.94129
1.94068
1.94004
1.93939
1.93871
1.93802
1.93731
1.93659
1.93586
1.93512
1.93437
1.93362
1.93287
1.93212
1.93137
1.93063
1.9299
1.92918
1.92848
1.92779
1.92712
1.92648
1.92586
1.92527
1.9247
1.92417
1.92367
1.9232
1.92276
1.92236
1.922
1.92166
1.92137
1.92111
1.92088
1.92068
1.92052
1.92038
1.92027
1.92019
1.92014
1.9201
1.92009
1.92009
1.9201
1.92013
1.92017
1.92022
1.92027
1.92032
1.92038
1.92044
1.92049
1.92054
1.92058
1.92062
1.92065
1.92067
1.92069
1.9207
1.9207
1.9207
1.92069
1.92067
1.92065
1.92063
1.92061
1.92059
1.92056
1.92054
1.92053
1.92052
1.92052
1.92053
1.92055
1.92059
1.92064
1.92071
1.92079
1.9209
1.92102
1.92117
1.92135
1.92154
1.92176
1.92201
1.92227
1.92257
1.92288
1.92321
1.92356
1.92393
1.92432
1.92471
1.92512
1.92554
1.92597
1.9264
1.92684
1.92728
1.92772
1.92816
1.9286
1.92904
1.92947
1.92991
1.93034
1.93076
1.93118
1.9316
1.93201
1.93242
1.93282
1.93322
1.93362
1.93402
1.93441
1.9348
1.9352
1.93559
1.93599
1.93639
1.93679
1.93719
1.93759
1.938
1.9384
1.93881
1.93922
1.93962
1.94002
1.94041
1.9408
1.94118
1.94155
1.9419
1.94224
1.94257
1.94288
1.94317
1.94344
1.94369
1.94392
1.94412
1.94431
1.94447
1.9446
1.94472
1.94481
1.94488
1.94493
1.94496
1.94496
1.94495
1.94492
1.94487
1.9448
1.94471
1.9446
1.94448
1.94433
1.94417
1.944
1.9438
1.94358
1.94334
1.94309
1.94281
1.94252
1.9422
1.94186
1.94151
1.94113
1.94073
1.94031
1.93988
1.93942
1.93895
1.93847
1.93798
1.93747
1.93696
1.93644
1.93593
1.93541
1.9349
1.93439
1.93389
1.93341
1.93294
1.93249
1.93206
1.93165
1.93127
1.93091
1.93058
1.93027
1.92999
1.92974
1.92951
1.92931
1.92914
1.92899
1.92887
1.92876
1.92868
1.92862
1.92858
1.92856
1.92855
1.92856
1.92858
1.92862
1.92866
1.92872
1.92878
1.92886
1.92894
1.92903
1.92912
1.92922
1.92933
1.92944
1.92956
1.92967
1.92979
1.92991
1.93004
1.93016
1.93028
1.9304
1.93052
1.93063
1.93074
1.93084
1.93094
1.93103
1.93111
1.93118
1.93124
1.93129
1.93133
1.93136
1.93137
1.93137
1.93136
1.93133
1.93129
1.93123
1.93116
1.93108
1.93099
1.93088
1.93076
1.93063
1.93049
1.93034
1.93018
1.93001
1.92984
1.92967
1.92949
1.92932
1.92914
1.92896
1.92879
1.92862
1.92845
1.92829
1.92813
1.92798
1.92783
1.92768
1.92754
1.92741
1.92727
1.92714
1.92702
1.92689
1.92677
1.92664
1.92652
1.92639
1.92626
1.92614
1.92601
1.92588
1.92575
1.92562
1.92549
1.92536
1.92523
1.9251
1.92497
1.92485
1.92473
1.92462
1.92451
1.92441
1.92431
1.92422
1.92414
1.92406
1.92399
1.92393
1.92387
1.92382
1.92378
1.92374
1.92371
1.92369
1.92367
1.92366
1.92366
1.92366
1.92367
1.92368
1.9237
1.92372
1.92375
1.92379
1.92383
1.92388
1.92394
1.924
1.92407
1.92415
1.92423
1.92432
1.92442
1.92453
1.92464
1.92477
1.92489
1.92503
1.92516
1.92531
1.92545
1.9256
1.92576
1.92591
1.92606
1.92621
1.92636
1.9265
1.92663
1.92676
1.92688
1.92699
1.92709
1.92717
1.92724
1.9273
1.92734
1.92736
1.92737
1.92736
1.92734
1.9273
1.92724
1.92718
1.9271
1.92701
1.92691
1.92681
1.9267
1.92659
1.92648
1.92637
1.92626
1.92616
1.92607
1.92598
1.9259
1.92584
1.92579
1.92575
1.92572
1.92571
1.92571
1.92572
1.92574
1.92578
1.92583
1.92588
1.92595
1.92603
1.92611
1.9262
1.92629
1.92639
1.92649
1.9266
1.9267
1.92682
1.92693
1.92704
1.92716
1.92728
1.9274
1.92753
1.92766
1.92779
1.92793
1.92807
1.92822
1.92837
1.92853
1.92869
1.92886
1.92903
1.92921
1.92939
1.92958
1.92978
1.92997
1.93018
1.93038
1.93059
1.9308
1.93101
1.93122
1.93143
1.93164
1.93185
1.93206
1.93227
1.93247
1.93267
1.93287
1.93306
1.93325
1.93344
1.93362
1.93379
1.93396
1.93413
1.93429
1.93444
1.93459
1.93474
1.93488
1.93502
1.93515
1.93528
1.93541
1.93553
1.93565
1.93576
1.93587
1.93598
1.93608
1.93618
1.93627
1.93636
1.93644
1.93651
1.93657
1.93663
1.93667
1.9367
1.93671
1.93672
1.9367
1.93667
1.93662
1.93656
1.93648
1.93637
1.93625
1.93611
1.93595
1.93578
1.93559
1.93538
1.93515
1.93491
1.93466
1.9344
1.93413
1.93384
1.93355
1.93325
1.93295
1.93264
1.93233
1.93201
1.93169
1.93137
1.93104
1.93072
1.9304
1.93008
1.92976
1.92945
1.92915
1.92886
1.92858
1.92831
1.92806
1.92783
1.92762
1.92743
1.92727
1.92713
1.92702
1.92693
1.92687
1.92684
1.92682
1.92683
1.92685
1.92689
1.92694
1.92701
1.92708
1.92715
1.92722
1.92729
1.92736
1.92742
1.92747
1.92752
1.92755
1.92757
1.92758
1.92757
1.92756
1.92753
1.92749
1.92745
1.92739
1.92732
1.92724
1.92716
1.92707
1.92697
1.92687
1.92677
1.92667
1.92656
1.92646
1.92635
1.92625
1.92616
1.92607
1.92598
1.9259
1.92583
1.92577
1.92572
1.92568
1.92565
1.92564
1.92563
1.92564
1.92566
1.92569
1.92573
1.92578
1.92584
1.92591
1.926
1.92609
1.92619
1.92629
1.92641
1.92653
1.92665
1.92678
1.92692
1.92706
1.9272
1.92735
1.9275
1.92766
1.92781
1.92798
1.92814
1.92831
1.92848
1.92865
1.92883
1.92901
1.92919
1.92937
1.92955
1.92974
1.92992
1.93011
1.93029
1.93047
1.93065
1.93083
1.93101
1.93118
1.93135
1.93151
1.93167
1.93183
1.93198
1.93212
1.93226
1.9324
1.93253
1.93266
1.93279
1.93292
1.93304
1.93317
1.93329
1.93342
1.93355
1.93367
1.9338
1.93393
1.93406
1.93419
1.93431
1.93444
1.93455
1.93467
1.93477
1.93487
1.93496
1.93503
1.93509
1.93514
1.93517
1.93517
1.93516
1.93513
1.93508
1.93501
1.93491
1.93479
1.93465
1.93449
1.93431
1.93411
1.93389
1.93365
1.9334
1.93313
1.93286
1.93257
1.93228
1.93198
1.93168
1.93139
1.93109
1.9308
1.93051
1.93023
1.92996
1.9297
1.92946
1.92922
1.929
1.92879
1.9286
1.92842
1.92826
1.92811
1.92798
1.92786
1.92776
1.92767
1.9276
1.92754
1.9275
1.92746
1.92745
1.92744
1.92744
1.92746
1.92748
1.92752
1.92756
1.92761
1.92766
1.92772
1.92778
1.92784
1.9279
1.92796
1.92801
1.92805
1.92809
1.92812
1.92813
1.92814
1.92813
1.92811
1.92808
1.92803
1.92798
1.92791
1.92782
1.92773
1.92763
1.92753
1.92742
1.9273
1.92719
1.92707
1.92696
1.92686
1.92676
1.92667
1.92659
1.92652
1.92646
1.92642
1.92639
1.92638
1.92638
1.92639
1.92642
1.92646
1.92652
1.92658
1.92666
1.92674
1.92683
1.92693
1.92703
1.92714
1.92725
1.92735
1.92746
1.92757
1.92767
1.92777
1.92787
1.92796
1.92804
1.92812
1.92819
1.92826
1.92832
1.92837
1.92842
1.92846
1.9285
1.92853
1.92856
1.92859
1.92862
1.92865
1.92868
1.92871
1.92875
1.92879
1.92884
1.92889
1.92895
1.92902
1.92909
1.92918
1.92927
1.92936
1.92947
1.92958
1.9297
1.92982
1.92995
1.93008
1.93022
1.93036
1.93049
1.93063
1.93077
1.93091
1.93104
1.93118
1.9313
1.93142
1.93154
1.93165
1.93176
1.93185
1.93195
1.93203
1.93211
1.93218
1.93225
1.93232
1.93238
1.93243
1.93249
1.93255
1.9326
1.93266
1.93272
1.93279
1.93286
1.93294
1.93302
1.93312
1.93322
1.93333
1.93345
1.93357
1.93371
1.93386
1.93402
1.93418
1.93436
1.93455
1.93474
1.93494
1.93516
1.93538
1.93562
1.93586
1.93611
1.93637
1.93664
1.93692
1.93721
1.93751
1.93781
1.93812
1.93844
1.93876
1.93908
1.9394
1.93972
1.94004
1.94036
1.94067
1.94097
1.94125
1.94153
1.94179
1.94204
1.94227
1.94248
1.94266
1.94283
1.94298
1.9431
1.9432
1.94328
1.94334
1.94337
1.94338
1.94337
1.94335
1.9433
1.94323
1.94315
1.94305
1.94293
1.94281
1.94266
1.94251
1.94235
1.94218
1.942
1.94181
1.94162
1.94142
1.94121
1.94101
1.9408
1.94058
1.94037
1.94015
1.93993
1.93972
1.9395
1.93928
1.93907
1.93885
1.93864
1.93843
1.93822
1.93801
1.93781
1.9376
1.93741
1.93721
1.93702
1.93683
1.93665
1.93647
1.9363
1.93614
1.93598
1.93583
1.93569
1.93555
1.93543
1.93531
1.9352
1.9351
1.93501
1.93492
1.93485
1.93478
1.93472
1.93466
1.93461
1.93457
1.93453
1.9345
1.93446
1.93443
1.9344
1.93437
1.93434
1.93431
1.93427
1.93423
1.93419
1.93415
1.93411
1.93406
1.93401
1.93395
1.9339
1.93384
1.93378
1.93373
1.93367
1.93362
1.93357
1.93352
1.93348
1.93344
1.93341
1.93338
1.93336
1.93335
1.93335
1.93335
1.93335
1.93337
1.93339
1.93341
1.93344
1.93347
1.93351
1.93354
1.93358
1.93362
1.93365
1.93369
1.93372
1.93374
1.93376
1.93377
1.93378
1.93377
1.93376
1.93373
1.9337
1.93364
1.93358
1.9335
1.93341
1.9333
1.93318
1.93304
1.93288
1.93271
1.93252
1.93232
1.9321
1.93187
1.93162
1.93137
1.9311
1.93082
1.93053
1.93023
1.92992
1.9296
1.92928
1.92895
1.92862
1.92828
1.92794
1.9276
1.92725
1.9269
1.92655
1.92621
1.92586
1.92551
1.92516
1.92481
1.92447
1.92413
1.9238
1.92347
1.92315
1.92284
1.92254
1.92225
1.92196
1.92169
1.92144
1.9212
1.92097
1.92075
1.92056
1.92037
1.92021
1.92005
1.91992
1.9198
1.91969
1.91959
1.91951
1.91944
1.91939
1.91934
1.9193
1.91928
1.91926
1.91925
1.91925
1.91926
1.91927
1.91929
1.91932
1.91935
1.91939
1.91944
1.91949
1.91954
1.9196
1.91967
1.91974
1.91981
1.91989
1.91997
1.92006
1.92015
1.92025
1.92034
1.92044
1.92054
1.92065
1.92075
1.92086
1.92097
1.92108
1.92119
1.9213
1.92141
1.92153
1.92164
1.92175
1.92186
1.92197
1.92207
1.92218
1.92229
1.92239
1.9225
1.9226
1.9227
1.9228
1.92289
1.92299
1.92308
1.92317
1.92326
1.92335
1.92343
1.92352
1.92361
1.92369
1.92378
1.92387
1.92396
1.92406
1.92416
1.92427
1.92439
1.92452
1.92466
1.92481
1.92497
1.92515
1.92534
1.92555
1.92577
1.92601
1.92626
1.92653
1.92682
1.92711
1.92742
1.92774
1.92808
1.92842
1.92876
1.92911
1.92947
1.92982
1.93018
1.93053
1.93088
1.93122
1.93156
1.93189
1.9322
1.93251
1.93281
1.93309
1.93336
1.93361
1.93385
1.93408
1.93429
1.93449
1.93467
1.93483
1.93498
1.93512
1.93523
1.93534
1.93542
1.9355
1.93555
1.9356
1.93563
1.93564
1.93565
1.93564
1.93562
1.93559
1.93555
1.9355
1.93545
1.93539
1.93532
1.93525
1.93518
1.93511
1.93503
1.93495
1.93487
1.93479
1.93471
1.93463
1.93454
1.93446
1.93437
1.93427
1.93418
1.93408
1.93397
1.93385
1.93373
1.9336
1.93345
1.9333
1.93313
1.93295
1.93276
1.93255
1.93233
1.9321
1.93185
1.93159
1.93131
1.93102
1.93072
1.93041
1.93009
1.92976
1.92943
1.92908
1.92874
1.9284
1.92805
1.92771
1.92738
1.92705
1.92673
1.92642
1.92613
1.92585
1.92558
1.92533
1.9251
1.92489
1.92469
1.92452
1.92437
1.92424
1.92412
1.92403
1.92396
1.92391
1.92388
1.92387
1.92388
1.9239
1.92394
1.92399
1.92405
1.92413
1.92421
1.9243
1.92441
1.92451
1.92463
1.92474
1.92486
1.92498
1.9251
1.92522
1.92534
1.92547
1.92559
1.92571
1.92583
1.92594
1.92606
1.92619
1.92631
1.92643
1.92656
1.9267
1.92684
1.927
1.92716
1.92733
1.92752
1.92772
1.92794
1.92818
1.92844
1.92872
1.92902
1.92934
1.92969
1.93006
1.93046
1.93087
1.93131
1.93178
1.93226
1.93276
1.93328
1.93381
1.93435
1.93491
1.93547
1.93603
1.93661
1.93718
1.93775
1.93831
1.93887
1.93943
1.93997
1.94051
1.94103
1.94154
1.94203
1.94251
1.94297
1.94342
1.94384
1.94425
1.94464
1.94501
1.94535
1.94568
1.94598
1.94626
1.94651
1.94675
1.94696
1.94714
1.9473
1.94744
1.94755
1.94764
1.9477
1.94774
1.94775
1.94774
1.9477
1.94764
1.94755
1.94745
1.94732
1.94717
1.947
1.94681
1.9466
1.94638
1.94614
1.94589
1.94563
1.94536
1.94508
1.94479
1.9445
1.94421
1.94391
1.94361
1.94331
1.94301
1.94271
1.94242
1.94212
1.94183
1.94155
1.94126
1.94099
1.94071
1.94044
1.94018
1.93993
1.93969
1.93945
1.93923
1.93901
1.93882
1.93863
1.93847
1.93832
1.93819
1.93808
1.938
1.93793
1.93789
1.93787
1.93787
1.93789
1.93794
1.938
1.93808
1.93818
1.9383
1.93843
1.93858
1.93873
1.93889
1.93906
1.93924
1.93941
1.93959
1.93976
1.93993
1.9401
1.94026
1.94041
1.94056
1.94069
1.94082
1.94093
1.94103
1.94112
1.9412
1.94127
1.94133
1.94137
1.9414
1.94142
1.94143
1.94143
1.94142
1.94141
1.94138
1.94134
1.94129
1.94124
1.94117
1.9411
1.94102
1.94093
1.94083
1.94072
1.94061
1.94048
1.94035
1.9402
1.94005
1.93989
1.93973
1.93955
1.93937
1.93918
1.93899
1.93879
1.93859
1.93838
1.93817
1.93795
1.93773
1.93752
1.9373
1.93708
1.93686
1.93664
1.93643
1.93621
1.936
1.93579
1.93559
1.93538
1.93518
1.93499
1.9348
1.93461
1.93443
1.93426
1.93409
1.93392
1.93376
1.93361
1.93346
1.93332
1.93319
1.93306
1.93294
1.93283
1.93272
1.93262
1.93252
1.93244
1.93235
1.93228
1.93221
1.93215
1.9321
1.93205
1.93201
1.93198
1.93195
1.93194
1.93193
1.93194
1.93195
1.93197
1.932
1.93204
1.93209
1.93215
1.93221
1.93229
1.93236
1.93244
1.93253
1.93262
1.9327
1.93279
1.93287
1.93295
1.93303
1.9331
1.93316
1.93321
1.93324
1.93327
1.93329
1.93329
1.93328
1.93326
1.93323
1.93318
1.93312
1.93305
1.93297
1.93288
1.93278
1.93268
1.93256
1.93245
1.93233
1.93222
1.9321
1.93199
1.93189
1.93179
1.9317
1.93163
1.93156
1.93151
1.93148
1.93146
1.93146
1.93148
1.93151
1.93157
1.93164
1.93173
1.93183
1.93195
1.93209
1.93224
1.9324
1.93257
1.93275
1.93294
1.93314
1.93334
1.93355
1.93376
1.93397
1.93418
1.93439
1.9346
1.93481
1.93501
1.93521
1.9354
1.93558
1.93575
1.93591
1.93606
1.9362
1.93631
1.93641
1.9365
1.93656
1.9366
1.93661
1.93661
1.93658
1.93652
1.93644
1.93633
1.93619
1.93603
1.93584
1.93563
1.9354
1.93515
1.93488
1.93459
1.93428
1.93396
1.93364
1.9333
1.93297
1.93263
1.93229
1.93195
1.93163
1.93131
1.931
1.93071
1.93043
1.93017
1.92994
1.92972
1.92953
1.92936
1.92922
1.92911
1.92902
1.92895
1.92892
1.92891
1.92892
1.92896
1.92902
1.92909
1.92919
1.92929
1.92941
1.92954
1.92967
1.9298
1.92993
1.93005
1.93017
1.93027
1.93036
1.93044
1.9305
1.93053
1.93055
1.93054
1.93052
1.93047
1.93039
1.9303
1.93018
1.93004
1.92989
1.92972
1.92953
1.92933
1.92911
1.92889
1.92866
1.92843
1.92819
1.92795
1.9277
1.92746
1.92722
1.92699
1.92675
1.92653
1.92631
1.92609
1.92588
1.92568
1.92549
1.92531
1.92514
1.92498
1.92484
1.9247
1.92457
1.92446
1.92436
1.92428
1.9242
1.92414
1.9241
1.92406
1.92404
1.92404
1.92404
1.92407
1.9241
1.92415
1.92422
1.9243
1.92439
1.9245
1.92463
1.92477
1.92493
1.9251
1.92529
1.92549
1.92571
1.92595
1.9262
1.92646
1.92674
1.92703
1.92733
1.92764
1.92796
1.92829
1.92862
1.92895
1.92928
1.92962
1.92995
1.93027
1.93059
1.93089
1.93119
1.93147
1.93174
1.932
1.93223
1.93245
1.93266
1.93284
1.933
1.93315
1.93328
1.93339
1.93349
1.93357
1.93365
1.93371
1.93376
1.9338
1.93384
1.93388
1.93391
1.93394
1.93398
1.93402
1.93407
1.93412
1.93418
1.93425
1.93433
1.93442
1.93452
1.93463
1.93474
1.93487
1.93501
1.93515
1.9353
1.93546
1.93562
1.93578
1.93595
1.93611
1.93628
1.93644
1.9366
1.93676
1.9369
1.93704
1.93717
1.93728
1.93738
1.93747
1.93754
1.93759
1.93763
1.93765
1.93764
1.93762
1.93757
1.93751
1.93742
1.93731
1.93718
1.93704
1.93687
1.93669
1.93649
1.93627
1.93604
1.9358
1.93554
1.93528
1.93501
1.93474
1.93446
1.93419
1.93391
1.93363
1.93336
1.9331
1.93285
1.9326
1.93237
1.93215
1.93194
1.93175
1.93157
1.93141
1.93127
1.93115
1.93105
1.93096
1.9309
1.93085
1.93082
1.9308
1.9308
1.93082
1.93085
1.93089
1.93095
1.93102
1.93109
1.93118
1.93127
1.93137
1.93148
1.93159
1.9317
1.93182
1.93194
1.93206
1.93218
1.9323
1.93242
1.93253
1.93265
1.93277
1.93288
1.93299
1.9331
1.93321
1.93332
1.93342
1.93353
1.93363
1.93374
1.93385
1.93395
1.93406
1.93417
1.93428
1.9344
1.93451
1.93463
1.93475
1.93487
1.93499
1.93511
1.93523
1.93536
1.93548
1.9356
1.93573
1.93585
1.93597
1.9361
1.93622
1.93635
1.93649
1.93662
1.93676
1.93691
1.93707
1.93724
1.93742
1.93761
1.93781
1.93803
1.93826
1.9385
1.93876
1.93903
1.9393
1.93959
1.93988
1.94018
1.94048
1.94078
1.94107
1.94136
1.94165
1.94192
1.94218
1.94243
1.94266
1.94287
1.94306
1.94324
1.94339
1.94351
1.94362
1.94369
1.94375
1.94378
1.94378
1.94376
1.94372
1.94365
1.94356
1.94345
1.94332
1.94318
1.94302
1.94285
1.94267
1.94248
1.94228
1.94208
1.94189
1.94169
1.94149
1.9413
1.94112
1.94094
1.94077
1.9406
1.94044
1.94029
1.94015
1.94002
1.93989
1.93976
1.93964
1.93953
1.93942
1.93931
1.93921
1.93911
1.93902
1.93893
1.93885
1.93878
1.93871
1.93865
1.9386
1.93856
1.93852
1.9385
1.93848
1.93847
1.93847
1.93848
1.93849
1.93851
1.93853
1.93855
1.93858
1.9386
1.93862
1.93864
1.93865
1.93866
1.93866
1.93865
1.93863
1.93861
1.93858
1.93853
1.93848
1.93842
1.93835
1.93827
1.93818
1.93808
1.93797
1.93786
1.93773
1.93759
1.93744
1.93728
1.93711
1.93692
1.93673
1.93651
1.93629
1.93605
1.9358
1.93554
1.93527
1.93498
1.93469
1.93438
1.93407
1.93376
1.93344
1.93313
1.93281
1.9325
1.93219
1.93188
1.93159
1.93131
1.93103
1.93077
1.93052
1.93028
1.93006
1.92985
1.92965
1.92946
1.92929
1.92914
1.92899
1.92886
1.92874
1.92863
1.92853
1.92844
1.92836
1.92829
1.92823
1.92818
1.92814
1.9281
1.92808
1.92807
1.92806
1.92806
1.92808
1.9281
1.92813
1.92818
1.92823
1.9283
1.92838
1.92847
1.92857
1.92869
1.92883
1.92898
1.92915
1.92934
1.92955
1.92978
1.93002
1.93029
1.93057
1.93088
1.9312
1.93154
1.9319
1.93228
1.93267
1.93307
1.93349
1.93391
1.93435
1.93478
1.93522
1.93566
1.93609
1.93652
1.93694
1.93734
1.93774
1.93811
1.93847
1.93881
1.93913
1.93942
1.93968
1.93992
1.94013
1.94032
1.94048
1.94061
1.94071
1.94079
1.94084
1.94086
1.94086
1.94084
1.9408
1.94074
1.94066
1.94056
1.94045
1.94033
1.94019
1.94004
1.93989
1.93972
1.93955
1.93937
1.93919
1.939
1.9388
1.9386
1.9384
1.9382
1.93799
1.93778
1.93757
1.93736
1.93715
1.93694
1.93672
1.93651
1.9363
1.9361
1.9359
1.9357
1.93551
1.93533
1.93516
1.93499
1.93484
1.9347
1.93458
1.93447
1.93438
1.9343
1.93425
1.93421
1.93419
1.93419
1.9342
1.93424
1.93429
1.93436
1.93444
1.93455
1.93466
1.93479
1.93492
1.93507
1.93523
1.93539
1.93556
1.93573
1.93591
1.93608
1.93626
1.93644
1.93662
1.93679
1.93696
1.93713
1.93729
1.93745
1.9376
1.93774
1.93787
1.938
1.93811
1.93821
1.9383
1.93838
1.93844
1.93849
1.93851
1.93852
1.93851
1.93848
1.93843
1.93836
1.93827
1.93816
1.93802
1.93787
1.9377
1.93751
1.9373
1.93708
1.93684
1.9366
1.93634
1.93608
1.93581
1.93554
1.93526
1.93499
1.93471
1.93444
1.93417
1.93391
1.93365
1.9334
1.93315
1.93291
1.93268
1.93245
1.93223
1.93201
1.9318
1.93159
1.93138
1.93118
1.93098
1.93078
1.93058
1.93037
1.93017
1.92997
1.92977
1.92957
1.92937
1.92917
1.92896
1.92876
1.92857
1.92837
1.92818
1.92799
1.92781
1.92763
1.92746
1.9273
1.92714
1.927
1.92686
1.92673
1.92662
1.92651
1.92641
1.92633
1.92625
1.92618
1.92612
1.92606
1.92602
1.92597
1.92594
1.9259
1.92587
1.92583
1.92579
1.92575
1.92571
1.92566
1.9256
1.92554
1.92547
1.92538
1.92529
1.92518
1.92507
1.92494
1.92479
1.92464
1.92447
1.92429
1.9241
1.9239
1.92368
1.92346
1.92323
1.923
1.92276
1.92252
1.92228
1.92204
1.9218
1.92157
1.92134
1.92113
1.92092
1.92073
1.92056
1.9204
1.92026
1.92015
1.92006
1.91999
1.91995
1.91994
1.91995
1.91999
1.92007
1.92017
1.9203
1.92047
1.92066
1.92089
1.92114
1.92142
1.92174
1.92207
1.92244
1.92283
1.92324
1.92368
1.92414
1.92462
1.92512
1.92563
1.92617
1.92672
1.92728
1.92785
1.92843
1.92902
1.92962
1.93021
1.93082
1.93141
1.93201
1.9326
1.93319
1.93376
1.93432
1.93487
1.9354
1.93591
1.9364
1.93687
1.93731
1.93773
1.93812
1.93848
1.93882
1.93912
1.93939
1.93963
1.93983
1.94
1.94014
1.94024
1.94031
1.94035
1.94036
1.94033
1.94027
1.94017
1.94005
1.9399
1.93971
1.9395
1.93927
1.93901
1.93872
1.93841
1.93808
1.93773
1.93736
1.93698
1.93658
1.93617
1.93576
1.93533
1.93489
1.93446
1.93401
1.93357
1.93314
1.9327
1.93227
1.93185
1.93144
1.93104
1.93066
1.93029
1.92994
1.9296
1.92929
1.929
1.92873
1.92848
1.92826
1.92806
1.92789
1.92774
1.92762
1.92753
1.92745
1.92741
1.92739
1.92739
1.92741
1.92746
1.92752
1.92761
1.92771
1.92783
1.92796
1.92811
1.92826
1.92843
1.9286
1.92878
1.92897
1.92915
1.92934
1.92952
1.92971
1.92989
1.93006
1.93023
1.9304
1.93056
1.93071
1.93086
1.931
1.93114
1.93128
1.93142
1.93155
1.93169
1.93183
1.93197
1.93212
1.93227
1.93244
1.93261
1.93279
1.93298
1.93318
1.9334
1.93362
1.93386
1.93411
1.93437
1.93464
1.93491
1.9352
1.93549
1.93578
1.93608
1.93637
1.93667
1.93696
1.93725
1.93753
1.9378
1.93806
1.93832
1.93855
1.93878
1.93899
1.93919
1.93937
1.93953
1.93969
1.93982
1.93994
1.94005
1.94015
1.94023
1.94029
1.94035
1.94039
1.94042
1.94044
1.94045
1.94044
1.94042
1.94038
1.94033
1.94027
1.94019
1.9401
1.93999
1.93986
1.93972
1.93957
1.93939
1.93921
1.93901
1.9388
1.93858
1.93835
1.93811
1.93787
1.93762
1.93737
1.93711
1.93686
1.93661
1.93636
1.93611
1.93588
1.93564
1.93542
1.93521
1.935
1.9348
1.93462
1.93444
1.93427
1.93411
1.93396
1.93382
1.93368
1.93355
1.93342
1.9333
1.93318
1.93306
1.93294
1.93283
1.93271
1.93258
1.93246
1.93233
1.93219
1.93205
1.93189
1.93173
1.93157
1.93139
1.93119
1.93099
1.93078
1.93055
1.93031
1.93006
1.9298
1.92953
1.92925
1.92896
1.92867
1.92837
1.92807
1.92777
1.92748
1.92719
1.92692
1.92665
1.92641
1.92618
1.92597
1.92578
1.92562
1.92549
1.92538
1.92531
1.92526
1.92524
1.92526
1.9253
1.92537
1.92547
1.92559
1.92574
1.92591
1.92609
1.92629
1.92651
1.92674
1.92698
1.92723
1.92749
1.92775
1.92802
1.92829
1.92857
1.92885
1.92913
1.92941
1.92969
1.92996
1.93024
1.93051
1.93077
1.93103
1.93129
1.93153
1.93177
1.93199
1.93221
1.93241
1.9326
1.93278
1.93295
1.9331
1.93324
1.93336
1.93348
1.93358
1.93366
1.93374
1.93381
1.93386
1.93391
1.93394
1.93397
1.93399
1.93401
1.93401
1.93401
1.93401
1.934
1.93398
1.93396
1.93394
1.93391
1.93388
1.93385
1.93382
1.93378
1.93375
1.93372
1.93369
1.93367
1.93365
1.93365
1.93365
1.93367
1.9337
1.93375
1.93383
1.93392
1.93404
1.93418
1.93435
1.93455
1.93477
1.93502
1.93531
1.93562
1.93595
1.93631
1.9367
1.93711
1.93753
1.93798
1.93843
1.9389
1.93938
1.93986
1.94035
1.94083
1.94132
1.94179
1.94226
1.94272
1.94317
1.94361
1.94403
1.94443
1.94482
1.9452
1.94555
1.94589
1.94621
1.94652
1.94681
1.94708
1.94734
1.94758
1.94781
1.94802
1.94821
1.9484
1.94857
1.94872
1.94887
1.949
1.94912
1.94922
1.94932
1.9494
1.94948
1.94954
1.94959
1.94964
1.94967
1.94969
1.9497
1.9497
1.94968
1.94966
1.94962
1.94957
1.9495
1.94941
1.94931
1.9492
1.94906
1.9489
1.94872
1.94852
1.9483
1.94805
1.94778
1.94749
1.94718
1.94684
1.94648
1.9461
1.94571
1.94529
1.94486
1.94442
1.94396
1.9435
1.94303
1.94256
1.94209
1.94163
1.94117
1.94072
1.94028
1.93985
1.93945
1.93906
1.93869
1.93834
1.93801
1.93771
1.93742
1.93716
1.93692
1.9367
1.93649
1.93631
1.93613
1.93597
1.93581
1.93566
1.93552
1.93537
1.93523
1.93508
1.93492
1.93476
1.93458
1.93439
1.93419
1.93398
1.93375
1.93351
1.93325
1.93298
1.9327
1.93241
1.93211
1.93181
1.93149
1.93118
1.93086
1.93054
1.93023
1.92992
1.92961
1.92931
1.92901
1.92872
1.92844
1.92817
1.9279
1.92764
1.92738
1.92713
1.92688
1.92664
1.92639
1.92614
1.92589
1.92564
1.92538
1.92512
1.92485
1.92458
1.9243
1.92401
1.92372
1.92342
1.92311
1.9228
1.92249
1.92217
1.92186
1.92156
1.92125
1.92096
1.92068
1.92042
1.92017
1.91995
1.91975
1.91958
1.91944
1.91934
1.91926
1.91922
1.91922
1.91926
1.91933
1.91944
1.91959
1.91977
1.91998
1.92022
1.92049
1.92078
1.92109
1.92142
1.92177
1.92213
1.9225
1.92288
1.92326
1.92365
1.92404
1.92442
1.9248
1.92517
1.92553
1.92588
1.92622
1.92655
1.92686
1.92715
1.92744
1.9277
1.92795
1.92819
1.92841
1.92861
1.92881
1.92899
1.92916
1.92932
1.92947
1.92961
1.92976
1.9299
1.93004
1.93018
1.93032
1.93047
1.93063
1.9308
1.93097
1.93116
1.93137
1.93159
1.93182
1.93208
1.93235
1.93265
1.93296
1.93329
1.93364
1.93401
1.9344
1.9348
1.93522
1.93565
1.9361
1.93655
1.93702
1.93748
1.93795
1.93842
1.93888
1.93934
1.93979
1.94022
1.94064
1.94105
1.94144
1.9418
1.94215
1.94247
1.94276
1.94304
1.94328
1.9435
1.94369
1.94386
1.94401
1.94413
1.94422
1.9443
1.94435
1.94439
1.94441
1.94441
1.94439
1.94436
1.94431
1.94425
1.94418
1.9441
1.94401
1.9439
1.94379
1.94366
1.94353
1.94339
1.94323
1.94307
1.9429
1.94273
1.94254
1.94235
1.94215
1.94195
1.94174
1.94152
1.94131
1.94109
1.94087
1.94065
1.94044
1.94023
1.94002
1.93983
1.93964
1.93946
1.9393
1.93915
1.93901
1.93889
1.93878
1.93869
1.93861
1.93855
1.9385
1.93846
1.93843
1.9384
1.93839
1.93837
1.93835
1.93833
1.9383
1.93826
1.93821
1.93814
1.93806
1.93796
1.93784
1.9377
1.93754
1.93735
1.93715
1.93692
1.93668
1.93641
1.93613
1.93583
1.93553
1.93521
1.93488
1.93455
1.93421
1.93387
1.93354
1.9332
1.93287
1.93255
1.93223
1.93192
1.93162
1.93133
1.93105
1.93079
1.93053
1.93028
1.93004
1.92981
1.9296
1.92938
1.92918
1.92899
1.9288
1.92862
1.92844
1.92827
1.92811
1.92795
1.9278
1.92766
1.92752
1.92738
1.92726
1.92714
1.92703
1.92693
1.92683
1.92675
1.92667
1.92661
1.92655
1.92651
1.92647
1.92644
1.92643
1.92643
1.92644
1.92646
1.92649
1.92654
1.9266
1.92668
1.92678
1.92689
1.92702
1.92717
1.92734
1.92752
1.92773
1.92795
1.9282
1.92846
1.92874
1.92903
1.92934
1.92967
1.93
1.93035
1.93071
1.93107
1.93144
1.93182
1.9322
1.93257
1.93295
1.93332
1.93368
1.93404
1.93439
1.93474
1.93507
1.93539
1.9357
1.93599
1.93627
1.93654
1.93679
1.93703
1.93725
1.93746
1.93765
1.93782
1.93798
1.93812
1.93825
1.93835
1.93844
1.93851
1.93856
1.93859
1.93861
1.9386
1.93858
1.93854
1.93847
1.93839
1.93829
1.93817
1.93804
1.93789
1.93772
1.93754
1.93734
1.93714
1.93692
1.9367
1.93647
1.93623
1.936
1.93576
1.93552
1.93529
1.93506
1.93484
1.93462
1.93442
1.93422
1.93403
1.93385
1.93368
1.93353
1.93338
1.93324
1.93311
1.93299
1.93287
1.93276
1.93265
1.93255
1.93244
1.93234
1.93223
1.93211
1.932
1.93187
1.93173
1.93159
1.93143
1.93126
1.93108
1.93089
1.93068
1.93046
1.93022
1.92998
1.92972
1.92944
1.92916
1.92887
1.92856
1.92826
1.92794
1.92762
1.9273
1.92699
1.92667
1.92636
1.92605
1.92576
1.92547
1.9252
1.92494
1.92469
1.92446
1.92425
1.92405
1.92387
1.92371
1.92356
1.92343
1.92331
1.9232
1.92311
1.92303
1.92296
1.92289
1.92283
1.92278
1.92272
1.92267
1.92262
1.92257
1.92251
1.92245
