2.1
2.1
2.09999
2.09998
2.09997
2.09996
2.09995
2.09993
2.09991
2.09988
2.09986
2.09983
2.0998
2.09977
2.09973
2.09969
2.09965
2.09961
2.09956
2.09952
2.09947
2.09941
2.09936
2.0993
2.09924
2.09918
2.09911
2.09904
2.09897
2.0989
2.09883
2.09875
2.09867
2.09859
2.09851
2.09842
2.09833
2.09824
2.09815
2.09806
2.09797
2.09787
2.09777
2.09767
2.09757
2.09747
2.09737
2.09726
2.09716
2.09705
2.09695
2.09684
2.09673
2.09662
2.09651
2.0964
2.0963
2.09619
2.09608
2.09597
2.09586
2.09576
2.09565
2.09555
2.09544
2.09534
2.09524
2.09514
2.09505
2.09495
2.09486
2.09477
2.09468
2.09459
2.09451
2.09443
2.09435
2.09428
2.0942
2.09413
2.09407
2.094
2.09394
2.09388
2.09383
2.09377
2.09372
2.09367
2.09363
2.09358
2.09354
2.0935
2.09347
2.09343
2.0934
2.09336
2.09333
2.0933
2.09327
2.09324
2.09322
2.09319
2.09317
2.09314
2.09312
2.09309
2.09307
2.09305
2.09302
2.093
2.09298
2.09295
2.09293
2.0929
2.09288
2.09285
2.09283
2.0928
2.09277
2.09275
2.09272
2.09269
2.09266
2.09263
2.0926
2.09257
2.09254
2.0925
2.09247
2.09244
2.0924
2.09237
2.09234
2.0923
2.09227
2.09223
2.0922
2.09217
2.09214
2.09211
2.09208
2.09205
2.09202
2.09199
2.09197
2.09194
2.09192
2.0919
2.09188
2.09186
2.09184
2.09183
2.09181
2.0918
2.09179
2.09178
2.09178
2.09177
2.09177
2.09176
2.09176
2.09176
2.09176
2.09176
2.09176
2.09176
2.09176
2.09177
2.09177
2.09177
2.09178
2.09178
2.09179
2.09179
2.0918
2.0918
2.09181
2.09181
2.09182
2.09183
2.09183
2.09184
2.09184
2.09185
2.09186
2.09186
2.09187
2.09188
2.09189
2.09189
2.0919
2.09191
2.09192
2.09193
2.09193
2.09194
2.09195
2.09196
2.09197
2.09198
2.09199
2.092
2.09201
2.09203
2.09204
2.09205
2.09206
2.09208
2.09209
2.0921
2.09212
2.09213
2.09215
2.09216
2.09218
2.09219
2.09221
2.09222
2.09224
2.09225
2.09227
2.09228
2.0923
2.09231
2.09232
2.09233
2.09234
2.09235
2.09236
2.09237
2.09237
2.09238
2.09238
2.09238
2.09238
2.09238
2.09238
2.09238
2.09237
2.09236
2.09236
2.09235
2.09234
2.09232
2.09231
2.09229
2.09228
2.09226
2.09224
2.09222
2.0922
2.09218
2.09216
2.09213
2.09211
2.09208
2.09206
2.09203
2.092
2.09197
2.09194
2.09192
2.09189
2.09186
2.09183
2.0918
2.09177
2.09174
2.09171
2.09168
2.09165
2.09162
2.09159
2.09156
2.09154
2.09151
2.09148
2.09146
2.09143
2.09141
2.09139
2.09137
2.09135
2.09133
2.09132
2.0913
2.09129
2.09128
2.09127
2.09126
2.09126
2.09125
2.09125
2.09125
2.09125
2.09125
2.09126
2.09127
2.09128
2.09129
2.0913
2.09131
2.09133
2.09135
2.09136
2.09138
2.09141
2.09143
2.09145
2.09148
2.0915
2.09153
2.09156
2.09159
2.09162
2.09165
2.09168
2.09171
2.09174
2.09177
2.0918
2.09183
2.09186
2.09188
2.09191
2.09194
2.09197
2.09199
2.09202
2.09204
2.09206
2.09208
2.0921
2.09212
2.09214
2.09215
2.09217
2.09218
2.0922
2.09221
2.09222
2.09222
2.09223
2.09224
2.09224
2.09225
2.09225
2.09225
2.09226
2.09226
2.09226
2.09226
2.09226
2.09226
2.09225
2.09225
2.09225
2.09225
2.09225
2.09225
2.09224
2.09224
2.09224
2.09224
2.09224
2.09224
2.09224
2.09223
2.09223
2.09223
2.09223
2.09223
2.09223
2.09223
2.09222
2.09222
2.09222
2.09222
2.09221
2.09221
2.09221
2.0922
2.0922
2.09219
2.09219
2.09218
2.09218
2.09217
2.09217
2.09216
2.09216
2.09215
2.09214
2.09214
2.09213
2.09213
2.09212
2.09212
2.09211
2.09211
2.0921
2.0921
2.09209
2.09209
2.09209
2.09208
2.09208
2.09208
2.09207
2.09207
2.09207
2.09207
2.09207
2.09206
2.09206
2.09206
2.09206
2.09206
2.09206
2.09206
2.09206
2.09206
2.09206
2.09207
2.09207
2.09207
2.09207
2.09208
2.09208
2.09209
2.0921
2.0921
2.09211
2.09212
2.09213
2.09213
2.09214
2.09215
2.09216
2.09217
2.09218
2.09219
2.0922
2.09221
2.09222
2.09223
2.09224
2.09225
2.09226
2.09227
2.09227
2.09228
2.09229
2.09229
2.09229
2.0923
2.0923
2.0923
2.0923
2.09229
2.09229
2.09229
2.09228
2.09228
2.09227
2.09226
2.09225
2.09224
2.09223
2.09222
2.09221
2.0922
2.09218
2.09217
2.09216
2.09214
2.09213
2.09211
2.09209
2.09208
2.09206
2.09205
2.09203
2.09201
2.092
2.09198
2.09197
2.09195
2.09194
2.09192
2.09191
2.0919
2.09189
2.09188
2.09187
2.09186
2.09186
2.09185
2.09185
2.09184
2.09184
2.09184
2.09184
2.09184
2.09184
2.09184
2.09185
2.09185
2.09186
2.09186
2.09187
2.09187
2.09188
2.09189
2.09189
2.0919
2.09191
2.09191
2.09192
2.09193
2.09193
2.09194
2.09194
2.09195
2.09195
2.09196
2.09196
2.09196
2.09197
2.09197
2.09197
2.09197
2.09197
2.09197
2.09197
2.09197
2.09197
2.09197
2.09197
2.09196
2.09196
2.09195
2.09195
2.09194
2.09194
2.09193
2.09192
2.09191
2.0919
2.09189
2.09188
2.09187
2.09186
2.09185
2.09184
2.09183
2.09181
2.0918
2.09179
2.09177
2.09176
2.09174
2.09173
2.09172
2.0917
2.09169
2.09167
2.09166
2.09164
2.09163
2.09162
2.0916
2.09159
2.09158
2.09157
2.09155
2.09154
2.09153
2.09152
2.09151
2.0915
2.09149
2.09149
2.09148
2.09147
2.09147
2.09146
2.09146
2.09145
2.09145
2.09144
2.09144
2.09144
2.09144
2.09144
2.09144
2.09144
2.09144
2.09144
2.09144
2.09144
2.09145
2.09145
2.09145
2.09146
2.09146
2.09146
2.09147
2.09147
2.09148
2.09148
2.09149
2.09149
2.0915
2.09151
2.09151
2.09152
2.09153
2.09153
2.09154
2.09155
2.09156
2.09157
2.09158
2.09159
2.0916
2.09161
2.09162
2.09164
2.09165
2.09167
2.09168
2.0917
2.09171
2.09173
2.09175
2.09177
2.09179
2.0918
2.09182
2.09184
2.09187
2.09189
2.09191
2.09193
2.09195
2.09197
2.09199
2.09201
2.09204
2.09206
2.09208
2.0921
2.09212
2.09214
2.09216
2.09217
2.09219
2.09221
2.09223
2.09224
2.09226
2.09227
2.09228
2.09229
2.09231
2.09232
2.09233
2.09233
2.09234
2.09235
2.09235
2.09236
2.09236
2.09237
2.09237
2.09237
2.09237
2.09237
2.09237
2.09237
2.09237
2.09237
2.09237
2.09237
2.09237
2.09237
2.09237
2.09237
2.09237
2.09237
2.09237
2.09237
2.09237
2.09237
2.09237
2.09237
2.09238
2.09238
2.09238
2.09239
2.09239
2.0924
2.0924
2.09241
2.09242
2.09242
2.09243
2.09244
2.09244
2.09245
2.09246
2.09247
2.09248
2.09248
2.09249
2.0925
2.09251
2.09252
2.09252
2.09253
2.09254
2.09255
2.09255
2.09256
2.09257
2.09258
2.09259
2.09259
2.0926
2.09261
2.09262
2.09263
2.09264
2.09265
2.09266
2.09268
2.09269
2.0927
2.09271
2.09273
2.09274
2.09275
2.09277
2.09278
2.0928
2.09282
2.09283
2.09285
2.09286
2.09288
2.09289
2.09291
2.09292
2.09294
2.09295
2.09297
2.09298
2.09299
2.09301
2.09302
2.09303
2.09304
2.09305
2.09306
2.09306
2.09307
2.09308
2.09308
2.09309
2.09309
2.09309
2.09309
2.09309
2.09309
2.09309
2.09309
2.09308
2.09308
2.09307
2.09306
2.09306
2.09305
2.09304
2.09303
2.09302
2.09302
2.09301
2.093
2.09299
2.09298
2.09297
2.09296
2.09295
2.09294
2.09293
2.09293
2.09292
2.09291
2.09291
2.0929
2.0929
2.09289
2.09289
2.09288
2.09288
2.09287
2.09287
2.09287
2.09286
2.09286
2.09286
2.09285
2.09285
2.09284
2.09284
2.09284
2.09283
2.09283
2.09283
2.09282
2.09282
2.09281
2.09281
2.0928
2.09279
2.09279
2.09278
2.09277
2.09277
2.09276
2.09275
2.09274
2.09273
2.09272
2.09271
2.0927
2.09269
2.09268
2.09267
2.09266
2.09264
2.09263
2.09262
2.0926
2.09259
2.09257
2.09256
2.09254
2.09252
2.09251
2.09249
2.09247
2.09245
2.09243
2.09241
2.09239
2.09238
2.09236
2.09234
2.09232
2.0923
2.09228
2.09226
2.09224
2.09222
2.0922
2.09218
2.09217
2.09215
2.09213
2.09212
2.0921
2.09209
2.09207
2.09206
2.09205
2.09203
2.09202
2.09201
2.092
2.09199
2.09198
2.09196
2.09195
2.09195
2.09194
2.09193
2.09192
2.09191
2.0919
2.09189
2.09188
2.09187
2.09186
2.09185
2.09185
2.09184
2.09183
2.09182
2.09181
2.0918
2.09179
2.09178
2.09178
2.09177
2.09176
2.09175
2.09174
2.09173
2.09173
2.09172
2.09171
2.0917
2.0917
2.09169
2.09168
2.09168
2.09167
2.09166
2.09166
2.09165
2.09165
2.09164
2.09164
2.09164
2.09163
2.09163
2.09163
2.09162
2.09162
2.09162
2.09162
2.09162
2.09161
2.09161
2.09161
2.09161
2.09161
2.09161
2.09161
2.09161
2.09161
2.09161
2.0916
2.0916
2.0916
2.0916
2.0916
2.09161
2.09161
2.09161
2.09161
2.09161
2.09161
2.09161
2.09161
2.09162
2.09162
2.09162
2.09162
2.09162
2.09162
2.09163
2.09163
2.09163
2.09163
2.09163
2.09163
2.09163
2.09163
2.09163
2.09162
2.09162
2.09162
2.09162
2.09162
2.09161
2.09161
2.09161
2.0916
2.0916
2.0916
2.0916
2.09159
2.09159
2.09159
2.09159
2.09158
2.09158
2.09158
2.09158
2.09158
2.09158
2.09158
2.09158
2.09159
2.09159
2.09159
2.09159
2.0916
2.0916
2.09161
2.09161
2.09162
2.09162
2.09163
2.09163
2.09164
2.09165
2.09165
2.09166
2.09166
2.09167
2.09167
2.09168
2.09168
2.09169
2.09169
2.0917
2.0917
2.0917
2.09171
2.09171
2.09171
2.09171
2.09172
2.09172
2.09172
2.09172
2.09173
2.09173
2.09173
2.09174
2.09174
2.09175
2.09175
2.09176
2.09177
2.09177
2.09178
2.09179
2.0918
2.09181
2.09182
2.09183
2.09185
2.09186
2.09188
2.09189
2.09191
2.09192
2.09194
2.09196
2.09197
2.09199
2.09201
2.09203
2.09205
2.09207
2.09209
2.09211
2.09213
2.09215
2.09217
2.09218
2.0922
2.09222
2.09224
2.09226
2.09228
2.0923
2.09232
2.09233
2.09235
2.09237
2.09238
2.0924
2.09242
2.09243
2.09245
2.09246
2.09248
2.09249
2.0925
2.09252
2.09253
2.09254
2.09255
2.09256
2.09257
2.09258
2.09259
2.0926
2.09261
2.09261
2.09262
2.09262
2.09263
2.09263
2.09263
2.09264
2.09264
2.09263
2.09263
2.09263
2.09263
2.09262
2.09262
2.09261
2.09261
2.0926
2.09259
2.09258
2.09258
2.09257
2.09256
2.09255
2.09254
2.09253
2.09252
2.09251
2.0925
2.09249
2.09249
2.09248
2.09247
2.09246
2.09246
2.09245
2.09245
2.09245
2.09244
2.09244
2.09244
2.09244
2.09244
2.09244
2.09244
2.09245
2.09245
2.09245
2.09246
2.09246
2.09247
2.09247
2.09248
2.09249
2.09249
2.0925
2.09251
2.09251
2.09252
2.09252
2.09253
2.09254
2.09254
2.09255
2.09255
2.09256
2.09256
2.09257
2.09257
2.09258
2.09258
2.09259
2.09259
2.09259
2.0926
2.0926
2.0926
2.0926
2.09261
2.09261
2.09261
2.09261
2.09262
2.09262
2.09262
2.09262
2.09263
2.09263
2.09263
2.09263
2.09263
2.09263
2.09263
2.09264
2.09264
2.09264
2.09264
2.09264
2.09264
2.09263
2.09263
2.09263
2.09263
2.09262
2.09262
2.09261
2.09261
2.0926
2.09259
2.09259
2.09258
2.09257
2.09255
2.09254
2.09253
2.09251
2.0925
2.09248
2.09247
2.09245
2.09243
2.09241
2.09239
2.09237
2.09235
2.09233
2.09231
2.09229
2.09227
2.09225
2.09223
2.09221
2.09219
2.09217
2.09215
2.09213
2.09211
2.09209
2.09207
2.09206
2.09204
2.09202
2.09201
2.09199
2.09198
2.09196
2.09195
2.09194
2.09193
2.09191
2.0919
2.09189
2.09188
2.09187
2.09186
2.09185
2.09184
2.09183
2.09182
2.09181
2.0918
2.09179
2.09178
2.09177
2.09176
2.09176
2.09175
2.09174
2.09173
2.09173
2.09172
2.09171
2.09171
2.0917
2.09169
2.09169
2.09168
2.09168
2.09167
2.09167
2.09166
2.09166
2.09166
2.09166
2.09165
2.09165
2.09165
2.09165
2.09165
2.09165
2.09165
2.09166
2.09166
2.09166
2.09167
2.09167
2.09167
2.09168
2.09169
2.09169
2.0917
2.0917
2.09171
2.09172
2.09172
2.09173
2.09174
2.09174
2.09175
2.09175
2.09176
2.09176
2.09177
2.09177
2.09177
2.09177
2.09178
2.09178
2.09177
2.09177
2.09177
2.09176
2.09176
2.09175
2.09174
2.09173
2.09172
2.09171
2.0917
2.09169
2.09167
2.09166
2.09165
2.09163
2.09162
2.0916
2.09159
2.09157
2.09156
2.09155
2.09153
2.09152
2.09151
2.0915
2.09149
2.09149
2.09148
2.09148
2.09147
2.09147
2.09147
2.09147
2.09147
2.09148
2.09148
2.09149
2.0915
2.0915
2.09151
2.09152
2.09153
2.09154
2.09155
2.09156
2.09158
2.09159
2.0916
2.09161
2.09162
2.09163
2.09164
2.09165
2.09166
2.09167
2.09168
2.09169
2.0917
2.09171
2.09172
2.09173
2.09174
2.09174
2.09175
2.09176
2.09177
2.09177
2.09178
2.09179
2.0918
2.09181
2.09181
2.09182
2.09183
2.09184
2.09185
2.09186
2.09187
2.09188
2.09189
2.0919
2.09191
2.09192
2.09194
2.09195
2.09196
2.09197
2.09198
2.09199
2.092
2.09201
2.09202
2.09203
2.09204
2.09205
2.09206
2.09206
2.09207
2.09207
2.09207
2.09207
2.09207
2.09207
2.09207
2.09206
2.09206
2.09205
2.09204
2.09203
2.09202
2.09201
2.09199
2.09198
2.09196
2.09194
2.09193
2.09191
2.09189
2.09187
2.09185
2.09183
2.09181
2.09179
2.09177
2.09174
2.09172
2.0917
2.09168
2.09166
2.09164
2.09162
2.0916
2.09158
2.09156
2.09154
2.09152
2.0915
2.09148
2.09146
2.09145
2.09143
2.09141
2.0914
2.09138
2.09136
2.09135
2.09133
2.09132
2.0913
2.09129
2.09127
2.09126
2.09125
2.09124
2.09122
2.09121
2.0912
2.09119
2.09118
2.09117
2.09117
2.09116
2.09115
2.09115
2.09115
2.09114
2.09114
2.09114
2.09115
2.09115
2.09115
2.09116
2.09117
2.09117
2.09118
2.09119
2.09121
2.09122
2.09123
2.09124
2.09126
2.09127
2.09129
2.0913
2.09132
2.09133
2.09135
2.09136
2.09137
2.09139
2.0914
2.09141
2.09142
2.09143
2.09144
2.09144
2.09145
2.09145
2.09146
2.09146
2.09146
2.09146
2.09145
2.09145
2.09144
2.09144
2.09143
2.09142
2.09141
2.0914
2.09139
2.09137
2.09136
2.09135
2.09133
2.09132
2.0913
2.09128
2.09127
2.09125
2.09124
2.09122
2.09121
2.09119
2.09118
2.09116
2.09115
2.09113
2.09112
2.09111
2.0911
2.09109
2.09108
2.09107
2.09106
2.09106
2.09105
2.09104
2.09104
2.09104
2.09103
2.09103
2.09103
2.09103
2.09103
2.09103
2.09104
2.09104
2.09104
2.09105
2.09105
2.09106
2.09107
2.09108
2.09108
2.09109
2.0911
2.09111
2.09112
2.09113
2.09114
2.09115
2.09116
2.09117
2.09119
2.0912
2.09121
2.09122
2.09124
2.09125
2.09127
2.09128
2.0913
2.09131
2.09133
2.09134
2.09136
2.09138
2.09139
2.09141
2.09143
2.09145
2.09147
2.09149
2.09151
2.09153
2.09155
2.09157
2.09159
2.09161
2.09163
2.09165
2.09167
2.09169
2.09171
2.09173
2.09175
2.09177
2.09179
2.09181
2.09182
2.09184
2.09185
2.09187
2.09188
2.09189
2.0919
2.09191
2.09192
2.09193
2.09194
2.09194
2.09195
2.09195
2.09196
2.09196
2.09196
2.09196
2.09195
2.09195
2.09195
2.09194
2.09194
2.09193
2.09192
2.09192
2.09191
2.0919
2.09189
2.09188
2.09187
2.09186
2.09185
2.09183
2.09182
2.09181
2.0918
2.09178
2.09177
2.09176
2.09175
2.09173
2.09172
2.09171
2.09169
2.09168
2.09167
2.09165
2.09164
2.09163
2.09162
2.09161
2.09159
2.09158
2.09157
2.09156
2.09155
2.09154
2.09154
2.09153
2.09152
2.09152
2.09151
2.09151
2.09151
2.0915
2.0915
2.0915
2.0915
2.0915
2.0915
2.0915
2.09151
2.09151
2.09151
2.09151
2.09152
2.09152
2.09152
2.09153
2.09153
2.09153
2.09153
2.09153
2.09154
2.09154
2.09154
2.09154
2.09154
2.09154
2.09154
2.09154
2.09154
2.09154
2.09154
2.09154
2.09154
2.09154
2.09153
2.09153
2.09153
2.09153
2.09153
2.09152
2.09152
2.09152
2.09152
2.09151
2.09151
2.09151
2.09151
2.09151
2.0915
2.0915
2.0915
2.0915
2.09149
2.09149
2.09149
2.09149
2.09149
2.09149
2.09149
2.09148
2.09148
2.09148
2.09148
2.09148
2.09148
2.09148
2.09147
2.09147
2.09147
2.09147
2.09146
2.09146
2.09146
2.09145
2.09145
2.09144
2.09144
2.09143
2.09143
2.09142
2.09142
2.09141
2.09141
2.0914
2.0914
2.09139
2.09138
2.09138
2.09137
2.09137
2.09136
2.09136
2.09135
2.09135
2.09134
2.09134
2.09134
2.09133
2.09133
2.09133
2.09132
2.09132
2.09132
2.09132
2.09132
2.09132
2.09133
2.09133
2.09133
2.09134
2.09134
2.09135
2.09135
2.09136
2.09137
2.09138
2.09139
2.0914
2.09141
2.09142
2.09144
2.09145
2.09146
2.09147
2.09149
2.0915
2.09151
2.09153
2.09154
2.09155
2.09157
2.09158
2.09159
2.0916
2.09162
2.09163
2.09164
2.09165
2.09166
2.09167
2.09169
2.0917
2.09171
2.09172
2.09173
2.09174
2.09175
2.09176
2.09177
2.09178
2.09179
2.09181
2.09182
2.09183
2.09184
2.09185
2.09187
2.09188
2.09189
2.09191
2.09192
2.09193
2.09195
2.09196
2.09197
2.09198
2.092
2.09201
2.09202
2.09203
2.09204
2.09205
2.09206
2.09207
2.09208
2.09209
2.0921
2.0921
2.09211
2.09211
2.09211
2.09212
2.09212
2.09212
2.09212
2.09211
2.09211
2.09211
2.0921
2.09209
2.09209
2.09208
2.09207
2.09206
2.09205
2.09203
2.09202
2.09201
2.09199
2.09198
2.09196
2.09194
2.09192
2.09191
2.09189
2.09187
2.09185
2.09183
2.0918
2.09178
2.09176
2.09174
2.09172
2.09169
2.09167
2.09165
2.09163
2.09161
2.09158
2.09156
2.09154
2.09152
2.0915
2.09148
2.09146
2.09144
2.09143
2.09141
2.09139
2.09138
2.09136
2.09135
2.09134
2.09132
2.09131
2.0913
2.09129
2.09128
2.09127
2.09126
2.09126
2.09125
2.09124
2.09124
2.09123
2.09123
2.09122
2.09122
2.09122
2.09122
2.09122
2.09122
2.09122
2.09122
2.09122
2.09123
2.09123
2.09124
2.09124
2.09125
2.09126
2.09127
2.09128
2.09129
2.0913
2.09131
2.09132
2.09133
2.09135
2.09136
2.09137
2.09139
2.0914
2.09142
2.09143
2.09144
2.09146
2.09147
2.09148
2.0915
2.09151
2.09152
2.09153
2.09154
2.09156
2.09157
2.09158
2.09158
2.09159
2.0916
2.09161
2.09162
2.09162
2.09163
2.09163
2.09164
2.09164
2.09165
2.09165
2.09166
2.09166
2.09166
2.09167
2.09167
2.09167
2.09167
2.09167
2.09168
2.09168
2.09168
2.09168
2.09168
2.09168
2.09168
2.09168
2.09169
2.09169
2.09169
2.09169
2.09169
2.09169
2.09169
2.09169
2.09169
2.09169
2.0917
2.0917
2.0917
2.0917
2.0917
2.09171
2.09171
2.09171
2.09171
2.09172
2.09172
2.09173
2.09173
2.09174
2.09174
2.09175
2.09176
2.09177
2.09178
2.09178
2.0918
2.09181
2.09182
2.09183
2.09184
2.09186
2.09187
2.09189
2.09191
2.09192
2.09194
2.09196
2.09198
2.092
2.09202
2.09203
2.09206
2.09208
2.0921
2.09212
2.09214
2.09216
2.09218
2.0922
2.09222
2.09224
2.09226
2.09228
2.0923
2.09232
2.09234
2.09236
2.09237
2.09239
2.09241
2.09242
2.09244
2.09245
2.09247
2.09248
2.09249
2.0925
2.09251
2.09252
2.09253
2.09254
2.09255
2.09255
2.09256
2.09257
2.09257
2.09258
2.09258
2.09258
2.09258
2.09259
2.09259
2.09259
2.09259
2.09259
2.09259
2.09259
2.09259
2.09259
2.09259
2.09259
2.09259
2.09258
2.09258
2.09258
2.09257
2.09257
2.09256
2.09256
2.09255
2.09254
2.09254
2.09253
2.09252
2.09251
2.0925
2.09249
2.09248
2.09247
2.09246
2.09244
2.09243
2.09242
2.0924
2.09239
2.09238
2.09236
2.09235
2.09234
2.09233
2.09231
2.0923
2.09229
2.09228
2.09227
2.09226
2.09225
2.09224
2.09223
2.09222
2.09221
2.09221
2.0922
2.09219
2.09219
2.09218
2.09218
2.09217
2.09217
2.09217
2.09216
2.09216
2.09216
2.09215
2.09215
2.09215
2.09215
2.09215
2.09214
2.09214
2.09214
2.09214
2.09214
2.09214
2.09214
2.09213
2.09213
2.09213
2.09213
2.09213
2.09213
2.09213
2.09214
2.09214
2.09214
2.09214
2.09214
2.09214
2.09214
2.09214
2.09214
2.09214
2.09214
2.09214
2.09214
2.09214
2.09214
2.09214
2.09214
2.09214
2.09213
2.09213
2.09213
2.09212
2.09212
2.09211
2.09211
2.0921
2.0921
2.09209
2.09209
2.09208
2.09207
2.09207
2.09206
2.09205
2.09205
2.09204
2.09204
2.09203
2.09203
2.09203
2.09202
2.09202
2.09202
2.09202
2.09202
2.09202
2.09202
2.09202
2.09202
2.09203
2.09203
2.09204
2.09204
2.09205
2.09206
2.09206
2.09207
2.09208
2.09209
2.09209
2.0921
2.09211
2.09212
2.09212
2.09213
2.09214
2.09214
2.09215
2.09215
2.09216
2.09216
2.09216
2.09217
2.09217
2.09217
2.09216
2.09216
2.09216
2.09216
2.09215
2.09215
2.09214
2.09213
2.09213
2.09212
2.09211
2.0921
2.09209
2.09208
2.09207
2.09206
2.09205
2.09204
2.09203
2.09202
2.09201
2.09201
2.092
2.09199
2.09198
2.09197
2.09196
2.09195
2.09195
2.09194
2.09193
2.09193
2.09192
2.09192
2.09191
2.09191
2.09191
2.0919
2.0919
2.0919
2.0919
2.0919
2.09189
2.09189
2.09189
2.09189
2.09189
2.09189
2.09189
2.09189
2.09189
2.09189
2.09189
2.09189
2.09189
2.09189
2.09189
2.09189
2.09188
2.09188
2.09188
2.09187
2.09187
2.09186
2.09185
2.09185
2.09184
2.09183
2.09182
2.09181
2.0918
2.09179
2.09178
2.09177
2.09176
2.09175
2.09174
2.09173
2.09172
2.09171
2.09171
2.0917
2.09169
2.09168
2.09168
2.09167
2.09166
2.09166
2.09166
2.09165
2.09165
2.09165
2.09165
2.09165
2.09166
2.09166
2.09166
2.09166
2.09167
2.09167
2.09168
2.09169
2.09169
2.0917
2.09171
2.09172
2.09172
2.09173
2.09174
2.09175
2.09176
2.09176
2.09177
2.09178
2.09178
2.09179
2.0918
2.0918
2.09181
2.09181
2.09182
2.09182
2.09182
2.09182
2.09182
2.09183
2.09182
2.09182
2.09182
2.09182
2.09182
2.09181
2.0918
2.0918
2.09179
2.09178
2.09177
2.09176
2.09175
2.09174
2.09173
2.09171
2.0917
2.09168
2.09167
2.09165
2.09163
2.09161
2.09159
2.09157
2.09155
2.09153
2.09151
2.09149
2.09147
2.09145
2.09143
2.09141
2.09139
2.09137
2.09136
2.09134
2.09132
2.0913
2.09129
2.09127
2.09126
2.09124
2.09123
2.09122
2.09121
2.0912
2.09119
2.09118
2.09117
2.09117
2.09116
2.09115
2.09115
2.09115
2.09114
2.09114
2.09114
2.09114
2.09114
2.09114
2.09114
2.09114
2.09114
2.09115
2.09115
2.09116
2.09117
2.09117
2.09118
2.09119
2.0912
2.09121
2.09123
2.09124
2.09125
2.09127
2.09129
2.0913
2.09132
2.09134
2.09136
2.09138
2.0914
2.09142
2.09145
2.09147
2.09149
2.09151
2.09154
2.09156
2.09159
2.09161
2.09163
2.09166
2.09168
2.09171
2.09173
2.09175
2.09178
2.0918
2.09182
2.09185
2.09187
2.09189
2.09192
2.09194
2.09196
2.09198
2.092
2.09203
2.09205
2.09207
2.09209
2.09211
2.09213
2.09215
2.09217
2.09219
2.09221
2.09223
2.09225
2.09227
2.09229
2.09231
2.09233
2.09235
2.09237
2.09239
2.09241
2.09243
2.09245
2.09247
2.09249
2.09251
2.09252
2.09254
2.09256
2.09258
2.09259
2.09261
2.09263
2.09264
2.09266
2.09267
2.09268
2.0927
2.09271
2.09272
2.09273
2.09274
2.09275
2.09276
2.09277
2.09277
2.09278
2.09278
2.09279
2.09279
2.0928
2.0928
2.0928
2.0928
2.09281
2.09281
2.09281
2.09281
2.09281
2.09281
2.0928
2.0928
2.0928
2.0928
2.0928
2.0928
2.0928
2.0928
2.0928
2.0928
2.0928
2.0928
2.0928
2.0928
2.0928
2.0928
2.09281
2.09281
2.09282
2.09282
2.09283
2.09283
2.09284
2.09285
2.09286
2.09287
2.09289
2.0929
2.09291
2.09292
2.09294
2.09295
2.09297
2.09299
2.093
2.09302
2.09304
2.09305
2.09307
2.09309
2.09311
2.09312
2.09314
2.09315
2.09317
2.09318
2.0932
2.09321
2.09323
2.09324
2.09325
2.09326
2.09327
2.09328
2.09329
2.0933
2.0933
2.09331
2.09332
2.09332
2.09333
2.09333
2.09333
2.09334
2.09334
2.09334
2.09334
2.09334
2.09335
2.09335
2.09335
2.09335
2.09335
2.09334
2.09334
2.09334
2.09334
2.09334
2.09333
2.09333
2.09333
2.09332
2.09331
2.09331
2.0933
2.09329
2.09328
2.09327
2.09326
2.09324
2.09323
2.09321
2.0932
2.09318
2.09316
2.09314
2.09312
2.09309
2.09307
2.09304
2.09302
2.09299
2.09296
2.09293
2.0929
2.09287
2.09284
2.09281
2.09278
2.09275
2.09272
2.0927
2.09267
2.09264
2.09261
2.09258
2.09256
2.09253
2.09251
2.09249
2.09246
2.09244
2.09242
2.09241
2.09239
2.09237
2.09236
2.09235
2.09233
2.09232
2.09231
2.0923
2.09229
2.09229
2.09228
2.09227
2.09227
2.09226
2.09225
2.09225
2.09224
2.09224
2.09223
2.09223
2.09223
2.09222
2.09222
2.09222
2.09221
2.09221
2.09221
2.0922
2.0922
2.0922
2.0922
2.09219
2.09219
2.09219
2.09219
2.09219
2.09219
2.09219
2.09219
2.09219
2.09219
2.09219
2.09219
2.09219
2.0922
2.0922
2.0922
2.09221
2.09221
2.09221
2.09222
2.09222
2.09222
2.09223
2.09223
2.09223
2.09224
2.09224
2.09224
2.09224
2.09224
2.09224
2.09225
2.09224
2.09224
2.09224
2.09224
2.09224
2.09223
2.09223
2.09222
2.09222
2.09221
2.0922
2.0922
2.09219
2.09218
2.09217
2.09216
2.09215
2.09214
2.09214
2.09213
2.09212
2.09211
2.0921
2.0921
2.09209
2.09208
2.09208
2.09208
2.09207
2.09207
2.09207
2.09207
2.09207
2.09207
2.09208
2.09208
2.09209
2.09209
2.0921
2.09211
2.09212
2.09213
2.09214
2.09216
2.09217
2.09218
2.0922
2.09221
2.09223
2.09225
2.09226
2.09228
2.0923
2.09232
2.09234
2.09236
2.09238
2.09239
2.09241
2.09243
2.09245
2.09247
2.09249
2.09251
2.09252
2.09254
2.09255
2.09257
2.09258
2.0926
2.09261
2.09262
2.09263
2.09264
2.09264
2.09265
2.09265
2.09266
2.09266
2.09266
2.09266
2.09266
2.09265
2.09265
2.09264
2.09264
2.09263
2.09262
2.09261
2.09259
2.09258
2.09257
2.09255
2.09253
2.09252
2.0925
2.09248
2.09246
2.09244
2.09242
2.0924
2.09239
2.09237
2.09235
2.09233
2.09231
2.09229
2.09227
2.09226
2.09224
2.09222
2.09221
2.0922
2.09218
2.09217
2.09216
2.09215
2.09214
2.09213
2.09213
2.09212
2.09212
2.09212
2.09211
2.09211
2.09211
2.09211
2.09211
2.09211
2.09211
2.09211
2.09211
2.09212
2.09212
2.09212
2.09212
2.09212
2.09213
2.09213
2.09213
2.09213
2.09213
2.09213
2.09212
2.09212
2.09212
2.09211
2.09211
2.0921
2.09209
2.09209
2.09208
2.09207
2.09205
2.09204
2.09203
2.09202
2.092
2.09199
2.09197
2.09195
2.09193
2.09192
2.0919
2.09188
2.09186
2.09184
2.09182
2.0918
2.09178
2.09175
2.09173
2.09171
2.09169
2.09167
2.09165
2.09164
2.09162
2.0916
2.09159
2.09157
2.09156
2.09154
2.09153
2.09152
2.09151
2.0915
2.0915
2.09149
2.09149
2.09148
2.09148
2.09148
2.09148
2.09148
2.09149
2.09149
2.0915
2.09151
2.09152
2.09153
2.09154
2.09155
2.09157
2.09158
2.0916
2.09162
2.09164
2.09166
2.09168
2.0917
2.09172
2.09174
2.09176
2.09179
2.09181
2.09184
2.09186
2.09189
2.09191
2.09194
2.09196
2.09199
2.09201
2.09203
2.09206
2.09208
2.09211
2.09213
2.09215
2.09217
2.09219
2.09221
2.09223
2.09225
2.09226
2.09228
2.09229
2.09231
2.09232
2.09233
2.09234
2.09234
2.09235
2.09236
2.09236
2.09236
2.09236
2.09236
2.09236
2.09236
2.09235
2.09235
2.09234
2.09233
2.09232
2.09231
2.0923
2.09229
2.09228
2.09227
2.09225
2.09224
2.09223
2.09221
2.0922
2.09219
2.09218
2.09216
2.09215
2.09214
2.09213
2.09212
2.09211
2.0921
2.09209
2.09208
2.09208
2.09207
2.09206
2.09206
2.09205
2.09205
2.09205
2.09204
2.09204
2.09204
2.09204
2.09204
2.09204
2.09204
2.09204
2.09204
2.09204
2.09204
2.09204
2.09204
2.09204
2.09204
2.09204
2.09205
2.09205
2.09205
2.09205
2.09206
2.09206
2.09206
2.09207
2.09207
2.09208
2.09208
2.09209
2.09209
2.0921
2.09211
2.09212
2.09213
2.09213
2.09214
2.09215
2.09216
2.09218
2.09219
2.0922
2.09221
2.09222
2.09224
2.09225
2.09227
2.09228
2.09229
2.09231
2.09232
2.09234
2.09235
2.09237
2.09238
2.0924
2.09241
2.09243
2.09244
2.09246
2.09247
2.09248
2.0925
2.09251
2.09252
2.09254
2.09255
2.09256
2.09257
2.09259
2.0926
2.09261
2.09262
2.09263
2.09264
2.09265
2.09266
2.09267
2.09267
2.09268
2.09269
2.0927
2.09271
2.09271
2.09272
2.09273
2.09274
2.09274
2.09275
2.09276
2.09276
2.09277
2.09278
2.09279
2.09279
2.0928
2.09281
2.09282
2.09283
2.09283
2.09284
2.09285
2.09286
2.09287
2.09288
2.09289
2.0929
2.09291
2.09292
2.09293
2.09294
2.09296
2.09297
2.09298
2.09299
2.093
2.09302
2.09303
2.09304
2.09305
2.09306
2.09308
2.09309
2.0931
2.09311
2.09312
2.09313
2.09314
2.09315
2.09316
2.09316
2.09317
2.09318
2.09318
2.09319
2.09319
2.0932
2.0932
2.0932
2.0932
2.0932
2.0932
2.0932
2.0932
2.0932
2.0932
2.09319
2.09319
2.09318
2.09317
2.09317
2.09316
2.09315
2.09314
2.09313
2.09312
2.09311
2.09309
2.09308
2.09307
2.09305
2.09304
2.09302
2.09301
2.09299
2.09298
2.09296
2.09294
2.09292
2.09291
2.09289
2.09287
2.09286
2.09284
2.09282
2.0928
2.09279
2.09277
2.09275
2.09273
2.09272
2.0927
2.09268
2.09266
2.09265
2.09263
2.09261
2.09259
2.09257
2.09256
2.09254
2.09252
2.0925
2.09248
2.09246
2.09244
2.09242
2.0924
2.09237
2.09235
2.09233
2.0923
2.09228
2.09225
2.09223
2.0922
2.09218
2.09215
2.09212
2.0921
2.09207
2.09204
2.09202
2.09199
2.09196
2.09193
2.09191
2.09188
2.09185
2.09183
2.0918
2.09178
2.09175
2.09173
2.0917
2.09168
2.09165
2.09163
2.09161
2.09159
2.09157
2.09155
2.09153
2.09151
2.0915
2.09148
2.09147
2.09145
2.09144
2.09143
2.09142
2.09141
2.0914
2.09139
2.09138
2.09138
2.09137
2.09137
2.09137
2.09137
2.09137
2.09137
2.09137
2.09138
2.09138
2.09139
2.09139
2.0914
2.09141
2.09142
2.09143
2.09144
2.09145
2.09146
2.09147
2.09148
2.09149
2.0915
2.09152
2.09153
2.09154
2.09156
2.09157
2.09158
2.09159
2.09161
2.09162
2.09164
2.09165
2.09166
2.09168
2.09169
2.0917
2.09172
2.09173
2.09174
2.09175
2.09177
2.09178
2.09179
2.0918
2.09181
2.09182
2.09182
2.09183
2.09184
2.09185
2.09185
2.09186
2.09186
2.09186
2.09187
2.09187
2.09187
2.09187
2.09187
2.09187
2.09187
2.09187
2.09186
2.09186
2.09186
2.09186
2.09186
2.09185
2.09185
2.09185
2.09185
2.09185
2.09185
2.09185
2.09185
2.09185
2.09185
2.09186
2.09186
2.09186
2.09187
2.09187
2.09188
2.09189
2.09189
2.0919
2.09191
2.09192
2.09193
2.09193
2.09194
2.09195
2.09196
2.09197
2.09197
2.09198
2.09199
2.09199
2.092
2.09201
2.09201
2.09202
2.09202
2.09203
2.09203
2.09203
2.09203
2.09204
2.09204
2.09204
2.09204
2.09204
2.09204
2.09204
2.09204
2.09204
2.09204
2.09204
2.09203
2.09203
2.09203
2.09203
2.09203
2.09203
2.09202
2.09202
2.09202
2.09202
2.09202
2.09202
2.09202
2.09202
2.09202
2.09202
2.09202
2.09202
2.09202
2.09202
2.09202
2.09203
2.09203
2.09203
2.09203
2.09203
2.09203
2.09203
2.09204
2.09204
2.09204
2.09204
2.09204
2.09204
2.09204
2.09204
2.09204
2.09204
2.09204
2.09203
2.09203
2.09203
2.09203
2.09202
2.09202
2.09201
2.09201
2.092
2.092
2.09199
2.09199
2.09198
2.09198
2.09197
2.09196
2.09196
2.09195
2.09194
2.09194
2.09193
2.09192
2.09192
2.09191
2.09191
2.0919
2.0919
2.09189
2.09189
2.09188
2.09188
2.09188
2.09188
2.09187
2.09187
2.09187
2.09187
2.09187
2.09187
2.09187
2.09187
2.09187
2.09187
2.09187
2.09187
2.09188
2.09188
2.09188
2.09188
2.09188
2.09188
2.09188
2.09188
2.09188
2.09188
2.09188
2.09188
2.09188
2.09188
2.09188
2.09188
2.09188
2.09188
2.09188
2.09188
2.09188
2.09188
2.09187
2.09187
2.09187
2.09187
2.09187
2.09187
2.09186
2.09186
2.09186
2.09186
2.09186
2.09185
2.09185
2.09185
2.09184
2.09184
2.09184
2.09183
2.09183
2.09182
2.09182
2.09181
2.0918
2.0918
2.09179
2.09178
2.09178
2.09177
2.09176
2.09175
2.09174
2.09173
2.09173
2.09172
2.09171
2.0917
2.09169
2.09169
2.09168
2.09167
2.09167
2.09166
2.09166
2.09165
2.09165
2.09165
2.09164
2.09164
2.09164
2.09164
2.09163
2.09163
2.09163
2.09163
2.09163
2.09163
2.09163
2.09163
2.09163
2.09163
2.09163
2.09164
2.09164
2.09164
2.09165
2.09165
2.09166
2.09166
2.09167
2.09167
2.09168
2.09169
2.0917
2.09171
2.09172
2.09174
2.09175
2.09177
2.09179
2.0918
2.09182
2.09184
2.09187
2.09189
2.09191
2.09194
2.09196
2.09199
2.09201
2.09204
2.09207
2.0921
2.09212
2.09215
2.09218
2.0922
2.09223
2.09225
2.09228
2.0923
2.09232
2.09234
2.09236
2.09238
2.09239
2.09241
2.09242
2.09243
2.09244
2.09245
2.09245
2.09246
2.09246
2.09247
2.09247
2.09247
2.09247
2.09246
2.09246
2.09246
2.09245
2.09245
2.09244
2.09244
2.09243
2.09242
2.09242
2.09241
2.0924
2.09239
2.09239
2.09238
2.09237
2.09237
2.09236
2.09236
2.09235
2.09235
2.09234
2.09234
2.09233
2.09233
2.09233
2.09233
2.09232
2.09232
2.09232
2.09232
2.09232
2.09232
2.09232
2.09232
2.09232
2.09232
2.09232
2.09232
2.09232
2.09232
2.09232
2.09232
2.09232
2.09232
2.09231
2.09231
2.09231
2.0923
2.0923
2.09229
2.09228
2.09227
2.09226
2.09225
2.09224
2.09223
2.09222
2.0922
2.09219
2.09217
2.09216
2.09214
2.09213
2.09211
2.09209
2.09208
2.09206
2.09204
2.09202
2.09201
2.09199
2.09197
2.09196
2.09194
2.09193
2.09191
2.0919
2.09188
2.09187
2.09185
2.09184
2.09183
2.09182
2.09181
2.0918
2.09179
2.09178
2.09177
2.09176
2.09175
2.09175
2.09174
2.09174
2.09174
2.09173
2.09173
2.09173
2.09173
2.09173
2.09173
2.09174
2.09174
2.09174
2.09175
2.09175
2.09176
2.09176
2.09177
2.09177
2.09178
2.09179
2.09179
2.0918
2.09181
2.09181
2.09182
2.09183
2.09183
2.09184
2.09184
2.09185
2.09185
2.09186
2.09186
2.09186
2.09187
2.09187
2.09187
2.09187
2.09187
2.09187
2.09187
2.09187
2.09187
2.09187
2.09187
2.09187
2.09186
2.09186
2.09185
2.09185
2.09184
2.09184
2.09183
2.09183
2.09182
2.09182
2.09181
2.09181
2.0918
2.0918
2.09179
2.09179
2.09179
2.09178
2.09178
2.09178
2.09178
2.09178
2.09178
2.09178
2.09178
2.09179
2.09179
2.09179
2.0918
2.0918
2.09181
2.09181
2.09182
2.09183
2.09183
2.09184
2.09185
2.09185
2.09186
2.09186
2.09187
2.09187
2.09188
2.09188
2.09188
2.09188
2.09188
2.09188
2.09188
2.09188
2.09188
2.09187
2.09186
2.09185
2.09185
2.09184
2.09182
2.09181
2.0918
2.09178
2.09176
2.09175
2.09173
2.09171
2.09169
2.09167
2.09165
2.09162
2.0916
2.09158
2.09156
2.09153
2.09151
2.09149
2.09146
2.09144
2.09142
2.0914
2.09137
2.09135
2.09133
2.09131
2.0913
2.09128
2.09126
2.09125
2.09123
2.09122
2.0912
2.09119
2.09118
2.09117
2.09116
2.09116
2.09115
2.09114
2.09114
2.09113
2.09113
2.09112
2.09112
2.09112
2.09112
2.09111
2.09111
2.09111
2.09111
2.09111
2.09111
2.09111
2.09111
2.09111
2.0911
2.0911
2.0911
2.0911
2.0911
2.0911
2.0911
2.0911
2.0911
2.0911
2.09109
2.09109
2.09109
2.09109
2.09109
2.09109
2.09109
2.09109
2.09109
2.09109
2.09109
2.09109
2.09109
2.0911
2.0911
2.0911
2.09111
2.09111
2.09112
2.09113
2.09113
2.09114
2.09115
2.09116
2.09118
2.09119
2.0912
2.09122
2.09124
2.09125
2.09127
2.09129
2.09131
2.09134
2.09136
2.09139
2.09141
2.09144
2.09147
2.09149
2.09152
2.09155
2.09158
2.09161
2.09164
2.09167
2.0917
2.09173
2.09175
2.09178
2.09181
2.09184
2.09187
2.09189
2.09192
2.09194
2.09197
2.09199
2.09201
2.09203
2.09205
2.09207
2.09209
2.0921
2.09212
2.09213
2.09215
2.09216
2.09217
2.09218
2.09219
2.0922
2.09221
2.09221
2.09222
2.09223
2.09223
2.09223
2.09224
2.09224
2.09224
2.09224
2.09224
2.09224
2.09224
2.09224
2.09224
2.09223
2.09223
2.09223
2.09223
2.09222
2.09222
2.09222
2.09222
2.09221
2.09221
2.09221
2.0922
2.0922
2.0922
2.09219
2.09219
2.09219
2.09218
2.09218
2.09217
2.09217
2.09216
2.09216
2.09215
2.09215
2.09214
2.09213
2.09213
2.09212
2.09212
2.09211
2.0921
2.0921
2.09209
2.09209
2.09208
2.09208
2.09208
2.09208
2.09207
2.09207
2.09207
2.09208
2.09208
2.09208
2.09209
2.09209
2.0921
2.09211
2.09212
2.09212
2.09213
2.09215
2.09216
2.09217
2.09218
2.0922
2.09221
2.09222
2.09224
2.09225
2.09226
2.09227
2.09229
2.0923
2.09231
2.09232
2.09233
2.09234
2.09235
2.09236
2.09237
2.09237
2.09238
2.09238
2.09239
2.09239
2.09239
2.09239
2.0924
2.0924
2.0924
2.0924
2.09239
2.09239
2.09239
2.09239
2.09239
2.09238
2.09238
2.09238
2.09237
2.09237
2.09237
2.09236
2.09236
2.09236
2.09235
2.09235
2.09235
2.09234
2.09234
2.09234
2.09233
2.09233
2.09232
2.09232
2.09232
2.09231
2.09231
2.0923
2.09229
2.09229
2.09228
2.09227
2.09227
2.09226
2.09225
2.09224
2.09223
2.09222
2.09221
2.09219
2.09218
2.09217
2.09216
2.09214
2.09213
2.09211
2.0921
2.09208
2.09207
2.09205
2.09203
2.09202
2.092
2.09199
2.09197
2.09195
2.09194
2.09192
2.09191
2.09189
2.09188
2.09186
2.09185
2.09183
2.09182
2.09181
2.09179
2.09178
2.09177
2.09176
2.09175
2.09174
2.09173
2.09172
2.09171
2.09171
2.0917
2.09169
2.09168
2.09168
2.09167
2.09167
2.09166
2.09166
2.09165
2.09165
2.09165
2.09164
2.09164
2.09164
2.09164
2.09164
2.09164
2.09164
2.09163
2.09163
2.09163
2.09164
2.09164
2.09164
2.09164
2.09164
2.09164
2.09164
2.09165
2.09165
2.09165
2.09165
2.09165
2.09166
2.09166
2.09166
2.09166
2.09167
2.09167
2.09167
2.09167
2.09168
2.09168
2.09168
2.09168
2.09169
2.09169
2.09169
2.09169
2.0917
2.0917
2.0917
2.09171
2.09171
2.09172
2.09172
2.09173
2.09173
2.09173
2.09174
2.09174
2.09175
2.09175
2.09176
2.09176
2.09176
2.09176
2.09177
2.09177
2.09177
2.09177
2.09177
2.09177
2.09177
2.09177
2.09176
2.09176
2.09176
2.09175
2.09175
2.09174
2.09173
2.09173
2.09172
2.09171
2.09171
2.0917
2.09169
2.09169
2.09168
2.09167
2.09166
2.09166
2.09165
2.09164
2.09164
2.09163
2.09163
2.09162
2.09161
2.09161
2.09161
2.0916
2.0916
2.09159
2.09159
2.09158
2.09158
2.09158
2.09157
2.09157
2.09157
2.09156
2.09156
2.09155
2.09155
2.09154
2.09154
2.09153
2.09153
2.09152
2.09152
2.09151
2.09151
2.0915
2.0915
2.09149
2.09149
2.09148
2.09147
2.09147
2.09146
2.09146
2.09145
2.09145
2.09144
2.09143
2.09143
2.09142
2.09142
2.09141
2.09141
2.0914
2.09139
2.09139
2.09138
2.09138
2.09138
2.09137
2.09137
2.09136
2.09136
2.09136
2.09136
2.09136
2.09135
2.09135
2.09135
2.09135
2.09136
2.09136
2.09136
2.09136
2.09137
2.09137
2.09138
2.09138
2.09139
2.09139
2.0914
2.09141
2.09141
2.09142
2.09143
2.09143
2.09144
2.09145
2.09145
2.09146
2.09147
2.09147
2.09148
2.09148
2.09149
2.09149
2.0915
2.0915
2.09151
2.09151
2.09151
2.09151
2.09152
2.09152
2.09152
2.09152
2.09152
2.09152
2.09153
2.09153
2.09153
2.09153
2.09153
2.09153
2.09153
2.09154
2.09154
2.09154
2.09154
2.09155
2.09155
2.09155
2.09156
2.09156
2.09156
2.09157
2.09157
2.09158
2.09158
2.09159
2.09159
2.0916
2.0916
2.09161
2.09161
2.09162
2.09162
2.09163
2.09163
2.09163
2.09164
2.09164
2.09164
2.09164
2.09165
2.09165
2.09165
2.09165
2.09165
2.09165
2.09165
2.09165
2.09165
2.09165
2.09165
2.09165
2.09165
2.09165
2.09165
2.09165
2.09165
2.09165
2.09165
2.09165
2.09165
2.09165
2.09166
2.09166
2.09166
2.09166
2.09167
2.09167
2.09168
2.09168
2.09169
2.09169
2.0917
2.09171
2.09171
2.09172
2.09173
2.09174
2.09174
2.09175
2.09176
2.09177
2.09178
2.09179
2.0918
2.09181
2.09182
2.09184
2.09185
2.09186
2.09187
2.09188
2.09189
2.0919
2.09191
2.09193
2.09194
2.09195
2.09196
2.09197
2.09198
2.09199
2.092
2.09201
2.09202
2.09203
2.09204
2.09205
2.09206
2.09207
2.09208
2.09209
2.0921
2.09211
2.09212
2.09213
2.09214
2.09215
2.09216
2.09217
2.09217
2.09218
2.09219
2.09219
2.0922
2.09221
2.09221
2.09221
2.09222
2.09222
2.09222
2.09223
2.09223
2.09223
2.09223
2.09223
2.09224
2.09224
2.09224
2.09224
2.09225
2.09225
2.09225
2.09226
2.09227
2.09227
2.09228
2.09229
2.0923
2.09231
2.09232
2.09233
2.09235
2.09236
2.09238
2.09239
2.09241
2.09242
2.09244
2.09246
2.09247
2.09249
2.09251
2.09252
2.09254
2.09255
2.09257
2.09258
2.09259
2.09261
2.09262
2.09263
2.09264
2.09265
2.09265
2.09266
2.09266
2.09267
2.09267
2.09267
2.09267
2.09267
2.09267
2.09267
2.09266
2.09266
2.09265
2.09265
2.09264
2.09263
2.09262
2.09261
2.0926
2.09259
2.09258
2.09257
2.09255
2.09254
2.09253
2.09251
2.0925
2.09248
2.09246
2.09245
2.09243
2.09242
2.0924
2.09238
2.09237
2.09235
2.09233
2.09232
2.0923
2.09229
2.09227
2.09226
2.09224
2.09223
2.09222
2.0922
2.09219
2.09218
2.09217
2.09216
2.09216
2.09215
2.09214
2.09214
2.09213
2.09213
2.09213
2.09213
2.09213
2.09213
2.09214
2.09214
2.09215
2.09215
2.09216
2.09217
2.09218
2.09219
2.0922
2.09221
2.09222
2.09224
2.09225
2.09226
2.09228
2.09229
2.09231
2.09232
2.09234
2.09235
2.09237
2.09239
2.0924
2.09242
2.09244
2.09246
2.09248
2.0925
2.09251
2.09253
2.09255
2.09257
2.0926
2.09262
2.09264
2.09266
2.09268
2.09271
2.09273
2.09275
2.09277
2.0928
2.09282
2.09284
2.09287
2.09289
2.09291
2.09294
2.09296
2.09298
2.093
2.09302
2.09304
2.09306
2.09308
2.0931
2.09312
2.09314
2.09315
2.09317
2.09318
2.0932
2.09321
2.09322
2.09323
2.09324
2.09325
2.09326
2.09327
2.09327
2.09328
2.09328
2.09329
2.09329
2.09329
2.09329
2.09329
2.09329
2.09329
2.09329
2.09329
2.09328
2.09328
2.09327
2.09327
2.09326
2.09326
2.09325
2.09324
2.09323
2.09322
2.09321
2.0932
2.09318
2.09317
2.09315
2.09314
2.09312
2.0931
2.09309
2.09307
2.09305
2.09302
2.093
2.09298
2.09296
2.09293
2.09291
2.09288
2.09285
2.09282
2.0928
2.09277
2.09274
2.09271
2.09268
2.09264
2.09261
2.09258
2.09255
2.09252
2.09248
2.09245
2.09241
2.09238
2.09235
2.09231
2.09228
2.09224
2.09221
2.09217
2.09214
2.09211
2.09207
2.09204
2.09201
2.09197
2.09194
2.09191
2.09188
2.09185
2.09182
2.0918
2.09177
2.09175
2.09172
2.0917
2.09168
2.09166
2.09165
2.09163
2.09161
2.0916
2.09159
2.09158
2.09157
2.09156
2.09155
2.09155
2.09154
2.09154
2.09154
2.09153
2.09153
2.09153
2.09153
2.09153
2.09153
2.09153
2.09154
2.09154
2.09154
2.09154
2.09155
2.09155
2.09156
2.09156
2.09157
2.09157
2.09158
2.09158
2.09159
2.0916
2.0916
2.09161
2.09162
2.09162
2.09163
2.09164
2.09165
2.09166
2.09166
2.09167
2.09168
2.09169
2.0917
2.09171
2.09172
2.09173
2.09174
2.09175
2.09175
2.09176
2.09177
2.09178
2.09179
2.0918
2.09181
2.09182
2.09183
2.09184
2.09185
2.09186
2.09187
2.09188
2.09189
2.0919
2.0919
2.09191
2.09192
2.09193
2.09194
2.09194
2.09195
2.09196
2.09196
2.09197
2.09197
2.09198
2.09198
2.09198
2.09199
2.09199
2.09199
2.09199
2.09199
2.09199
2.09198
2.09198
2.09198
2.09197
2.09197
2.09196
2.09196
2.09195
2.09194
2.09194
2.09193
2.09192
2.09191
2.09191
2.0919
2.09189
2.09188
2.09188
2.09187
2.09186
2.09185
2.09185
2.09184
2.09184
2.09183
2.09183
2.09183
2.09182
2.09182
2.09182
2.09182
2.09182
2.09182
2.09182
2.09182
2.09182
2.09182
2.09182
2.09182
2.09182
2.09182
2.09183
2.09183
2.09183
2.09183
2.09183
2.09183
2.09183
2.09182
2.09182
2.09182
2.09182
2.09181
2.09181
2.0918
2.0918
2.09179
2.09178
2.09177
2.09176
2.09176
2.09175
2.09174
2.09173
2.09172
2.0917
2.09169
2.09168
2.09167
2.09166
2.09165
2.09164
2.09163
2.09162
2.09161
2.09161
2.0916
2.09159
2.09158
2.09158
2.09157
2.09157
2.09156
2.09156
2.09156
2.09155
2.09155
2.09155
2.09155
2.09155
2.09155
2.09155
2.09155
2.09155
2.09155
2.09155
2.09156
2.09156
2.09156
2.09157
2.09157
2.09158
2.09158
2.09159
2.09159
2.0916
2.09161
2.09162
2.09163
2.09164
2.09165
2.09166
2.09167
2.09168
2.09169
2.09171
2.09172
2.09174
2.09175
2.09177
2.09178
2.0918
2.09182
2.09183
2.09185
2.09187
2.09189
2.09191
2.09193
2.09195
2.09197
2.09199
2.09201
2.09203
2.09205
2.09207
2.09209
2.09211
2.09214
2.09216
2.09218
2.0922
2.09222
2.09224
2.09226
2.09228
2.0923
2.09232
2.09234
2.09236
2.09237
2.09239
2.09241
2.09242
2.09244
2.09245
2.09246
2.09247
2.09248
2.09249
2.0925
2.0925
2.09251
2.09251
2.09252
2.09252
2.09252
2.09251
2.09251
2.09251
2.0925
2.09249
2.09248
2.09247
2.09246
2.09245
2.09244
2.09242
2.09241
2.09239
2.09238
2.09236
2.09234
2.09233
2.09231
2.09229
2.09227
2.09225
2.09224
2.09222
2.0922
2.09218
2.09217
2.09215
2.09214
2.09213
2.09211
2.0921
2.09209
2.09208
2.09207
2.09206
2.09205
2.09204
2.09204
2.09203
2.09202
2.09202
2.09201
2.09201
2.092
2.092
2.092
2.09199
2.09199
2.09198
2.09198
2.09197
2.09197
2.09196
2.09196
2.09195
2.09195
2.09194
2.09193
2.09193
2.09192
2.09191
2.09191
2.0919
2.09189
2.09189
2.09188
2.09187
2.09187
2.09186
2.09185
2.09185
2.09184
2.09184
2.09183
2.09183
2.09183
2.09182
2.09182
