2.1
2.1
2.09998
2.09997
2.09995
2.09992
2.09989
2.09985
2.09981
2.09976
2.0997
2.09965
2.09958
2.09951
2.09944
2.09936
2.09928
2.09919
2.0991
2.09901
2.09891
2.0988
2.0987
2.09858
2.09847
2.09835
2.09823
2.0981
2.09797
2.09784
2.09771
2.09757
2.09743
2.09729
2.09715
2.097
2.09685
2.0967
2.09655
2.0964
2.09624
2.09609
2.09593
2.09577
2.09561
2.09545
2.09529
2.09513
2.09497
2.09481
2.09465
2.09449
2.09433
2.09417
2.09401
2.09385
2.09369
2.09354
2.09338
2.09323
2.09307
2.09292
2.09277
2.09262
2.09248
2.09233
2.09219
2.09205
2.09191
2.09178
2.09165
2.09152
2.09139
2.09127
2.09115
2.09103
2.09091
2.0908
2.0907
2.09059
2.09049
2.09039
2.09029
2.0902
2.09011
2.09003
2.08994
2.08986
2.08979
2.08971
2.08964
2.08957
2.08951
2.08944
2.08938
2.08932
2.08926
2.08921
2.08915
2.0891
2.08905
2.089
2.08895
2.0889
2.08885
2.08881
2.08876
2.08872
2.08867
2.08863
2.08859
2.08854
2.0885
2.08846
2.08842
2.08837
2.08833
2.08829
2.08825
2.08821
2.08817
2.08812
2.08808
2.08804
2.088
2.08796
2.08792
2.08788
2.08784
2.0878
2.08776
2.08773
2.08769
2.08765
2.08762
2.08758
2.08755
2.08752
2.08749
2.08746
2.08743
2.0874
2.08737
2.08735
2.08732
2.0873
2.08728
2.08726
2.08724
2.08722
2.0872
2.08718
2.08717
2.08715
2.08714
2.08712
2.08711
2.0871
2.08708
2.08707
2.08706
2.08705
2.08704
2.08703
2.08702
2.08701
2.08699
2.08698
2.08697
2.08696
2.08695
2.08694
2.08693
2.08692
2.08691
2.0869
2.08689
2.08687
2.08686
2.08685
2.08684
2.08683
2.08682
2.0868
2.08679
2.08678
2.08677
2.08676
2.08675
2.08673
2.08672
2.08671
2.0867
2.08669
2.08668
2.08667
2.08666
2.08665
2.08664
2.08664
2.08663
2.08662
2.08662
2.08661
2.0866
2.0866
2.08659
2.08659
2.08659
2.08658
2.08658
2.08658
2.08657
2.08657
2.08657
2.08657
2.08657
2.08657
2.08657
2.08657
2.08657
2.08657
2.08657
2.08657
2.08657
2.08657
2.08657
2.08657
2.08657
2.08657
2.08657
2.08657
2.08657
2.08657
2.08657
2.08657
2.08657
2.08657
2.08657
2.08657
2.08657
2.08657
2.08657
2.08657
2.08656
2.08656
2.08656
2.08656
2.08655
2.08655
2.08655
2.08654
2.08654
2.08653
2.08652
2.08652
2.08651
2.0865
2.08649
2.08648
2.08648
2.08647
2.08645
2.08644
2.08643
2.08642
2.08641
2.08639
2.08638
2.08637
2.08635
2.08634
2.08633
2.08631
2.0863
2.08628
2.08627
2.08625
2.08624
2.08622
2.08621
2.08619
2.08618
2.08617
2.08615
2.08614
2.08613
2.08611
2.0861
2.08609
2.08607
2.08606
2.08605
2.08604
2.08603
2.08602
2.08601
2.086
2.08598
2.08597
2.08596
2.08596
2.08595
2.08594
2.08593
2.08592
2.08591
2.0859
2.0859
2.08589
2.08588
2.08587
2.08587
2.08586
2.08586
2.08585
2.08585
2.08585
2.08584
2.08584
2.08584
2.08584
2.08584
2.08584
2.08585
2.08585
2.08586
2.08586
2.08587
2.08588
2.08589
2.0859
2.08591
2.08592
2.08593
2.08594
2.08596
2.08597
2.08599
2.086
2.08602
2.08604
2.08606
2.08607
2.08609
2.08611
2.08613
2.08615
2.08616
2.08618
2.0862
2.08622
2.08623
2.08625
2.08627
2.08628
2.08629
2.08631
2.08632
2.08633
2.08635
2.08636
2.08637
2.08638
2.08638
2.08639
2.0864
2.08641
2.08641
2.08642
2.08642
2.08642
2.08643
2.08643
2.08643
2.08643
2.08643
2.08643
2.08643
2.08643
2.08643
2.08643
2.08643
2.08642
2.08642
2.08642
2.08641
2.08641
2.0864
2.0864
2.08639
2.08639
2.08638
2.08637
2.08636
2.08636
2.08635
2.08634
2.08633
2.08632
2.0863
2.08629
2.08628
2.08626
2.08625
2.08623
2.08622
2.0862
2.08618
2.08616
2.08614
2.08612
2.08609
2.08607
2.08605
2.08602
2.086
2.08597
2.08594
2.08591
2.08589
2.08586
2.08583
2.0858
2.08577
2.08573
2.0857
2.08567
2.08564
2.08561
2.08557
2.08554
2.08551
2.08548
2.08544
2.08541
2.08538
2.08535
2.08532
2.08529
2.08526
2.08523
2.0852
2.08518
2.08515
2.08513
2.0851
2.08508
2.08506
2.08504
2.08502
2.085
2.08498
2.08497
2.08496
2.08494
2.08493
2.08493
2.08492
2.08491
2.08491
2.08491
2.08491
2.08491
2.08491
2.08492
2.08493
2.08493
2.08494
2.08496
2.08497
2.08498
2.085
2.08502
2.08504
2.08506
2.08508
2.08511
2.08513
2.08516
2.08518
2.08521
2.08524
2.08527
2.0853
2.08533
2.08536
2.08539
2.08542
2.08545
2.08548
2.08551
2.08554
2.08557
2.0856
2.08563
2.08565
2.08568
2.08571
2.08573
2.08576
2.08578
2.0858
2.08582
2.08585
2.08587
2.08588
2.0859
2.08592
2.08593
2.08595
2.08596
2.08598
2.08599
2.086
2.08601
2.08602
2.08603
2.08604
2.08605
2.08606
2.08607
2.08608
2.08609
2.08609
2.0861
2.08611
2.08612
2.08613
2.08613
2.08614
2.08615
2.08616
2.08617
2.08618
2.08619
2.08619
2.0862
2.08621
2.08622
2.08623
2.08624
2.08625
2.08625
2.08626
2.08627
2.08628
2.08628
2.08629
2.0863
2.0863
2.08631
2.08631
2.08632
2.08632
2.08632
2.08633
2.08633
2.08633
2.08633
2.08633
2.08633
2.08633
2.08633
2.08633
2.08633
2.08632
2.08632
2.08632
2.08631
2.08631
2.0863
2.0863
2.08629
2.08628
2.08627
2.08627
2.08626
2.08625
2.08624
2.08624
2.08623
2.08622
2.08621
2.08621
2.0862
2.08619
2.08618
2.08617
2.08617
2.08616
2.08615
2.08615
2.08614
2.08613
2.08613
2.08612
2.08611
2.08611
2.0861
2.08609
2.08609
2.08608
2.08608
2.08607
2.08606
2.08605
2.08605
2.08604
2.08603
2.08602
2.08601
2.086
2.08599
2.08598
2.08597
2.08596
2.08594
2.08593
2.08592
2.0859
2.08589
2.08587
2.08586
2.08584
2.08582
2.0858
2.08579
2.08577
2.08575
2.08573
2.08571
2.08569
2.08567
2.08565
2.08563
2.08561
2.08559
2.08557
2.08555
2.08553
2.08551
2.08549
2.08547
2.08545
2.08543
2.08541
2.08539
2.08538
2.08536
2.08535
2.08533
2.08532
2.0853
2.08529
2.08528
2.08527
2.08526
2.08525
2.08525
2.08524
2.08523
2.08523
2.08523
2.08522
2.08522
2.08522
2.08522
2.08522
2.08522
2.08522
2.08522
2.08523
2.08523
2.08523
2.08524
2.08524
2.08525
2.08525
2.08526
2.08526
2.08527
2.08527
2.08528
2.08528
2.08529
2.08529
2.0853
2.0853
2.08531
2.08531
2.08532
2.08532
2.08532
2.08532
2.08532
2.08532
2.08532
2.08532
2.08532
2.08531
2.08531
2.0853
2.08529
2.08529
2.08528
2.08527
2.08526
2.08525
2.08523
2.08522
2.08521
2.08519
2.08518
2.08516
2.08515
2.08513
2.08511
2.0851
2.08508
2.08506
2.08505
2.08503
2.08501
2.085
2.08498
2.08497
2.08495
2.08494
2.08493
2.08491
2.0849
2.08489
2.08488
2.08487
2.08486
2.08486
2.08485
2.08484
2.08484
2.08484
2.08483
2.08483
2.08483
2.08483
2.08483
2.08483
2.08483
2.08483
2.08483
2.08483
2.08484
2.08484
2.08484
2.08485
2.08485
2.08486
2.08486
2.08487
2.08487
2.08488
2.08488
2.08489
2.08489
2.0849
2.08491
2.08491
2.08492
2.08492
2.08493
2.08494
2.08494
2.08495
2.08495
2.08496
2.08496
2.08497
2.08498
2.08498
2.08499
2.08499
2.085
2.08501
2.08501
2.08502
2.08503
2.08503
2.08504
2.08505
2.08505
2.08506
2.08507
2.08508
2.08508
2.08509
2.0851
2.08511
2.08512
2.08512
2.08513
2.08514
2.08515
2.08516
2.08517
2.08517
2.08518
2.08519
2.0852
2.08521
2.08522
2.08522
2.08523
2.08524
2.08525
2.08525
2.08526
2.08527
2.08527
2.08528
2.08529
2.08529
2.0853
2.0853
2.08531
2.08532
2.08532
2.08532
2.08533
2.08533
2.08534
2.08534
2.08534
2.08535
2.08535
2.08535
2.08536
2.08536
2.08536
2.08536
2.08536
2.08536
2.08536
2.08536
2.08536
2.08536
2.08536
2.08535
2.08535
2.08534
2.08534
2.08533
2.08532
2.08531
2.0853
2.08529
2.08528
2.08526
2.08525
2.08523
2.08521
2.08519
2.08517
2.08515
2.08513
2.08511
2.08508
2.08506
2.08503
2.08501
2.08498
2.08495
2.08493
2.0849
2.08487
2.08485
2.08482
2.08479
2.08477
2.08474
2.08472
2.0847
2.08468
2.08466
2.08464
2.08462
2.08461
2.08459
2.08458
2.08457
2.08456
2.08456
2.08455
2.08455
2.08455
2.08455
2.08456
2.08456
2.08457
2.08458
2.0846
2.08461
2.08463
2.08465
2.08467
2.0847
2.08472
2.08475
2.08478
2.08482
2.08485
2.08489
2.08492
2.08496
2.085
2.08504
2.08509
2.08513
2.08518
2.08522
2.08527
2.08532
2.08536
2.08541
2.08546
2.08551
2.08556
2.08561
2.08566
2.0857
2.08575
2.0858
2.08584
2.08589
2.08593
2.08598
2.08602
2.08606
2.0861
2.08613
2.08617
2.0862
2.08624
2.08627
2.0863
2.08632
2.08635
2.08637
2.0864
2.08642
2.08644
2.08645
2.08647
2.08648
2.0865
2.08651
2.08652
2.08653
2.08653
2.08654
2.08655
2.08655
2.08655
2.08655
2.08656
2.08656
2.08656
2.08655
2.08655
2.08655
2.08655
2.08654
2.08654
2.08653
2.08652
2.08652
2.08651
2.0865
2.08649
2.08648
2.08648
2.08647
2.08646
2.08645
2.08643
2.08642
2.08641
2.0864
2.08639
2.08638
2.08637
2.08636
2.08635
2.08634
2.08633
2.08632
2.08631
2.0863
2.0863
2.08629
2.08628
2.08627
2.08627
2.08626
2.08626
2.08625
2.08625
2.08625
2.08625
2.08624
2.08624
2.08624
2.08624
2.08624
2.08624
2.08624
2.08624
2.08624
2.08624
2.08624
2.08624
2.08624
2.08624
2.08624
2.08623
2.08623
2.08623
2.08623
2.08623
2.08623
2.08623
2.08622
2.08622
2.08622
2.08622
2.08621
2.08621
2.08621
2.0862
2.0862
2.08619
2.08619
2.08619
2.08618
2.08618
2.08617
2.08617
2.08616
2.08616
2.08615
2.08614
2.08614
2.08613
2.08613
2.08612
2.08611
2.0861
2.0861
2.08609
2.08608
2.08607
2.08606
2.08605
2.08604
2.08603
2.08602
2.08601
2.086
2.08599
2.08598
2.08596
2.08595
2.08594
2.08593
2.08592
2.0859
2.08589
2.08588
2.08587
2.08586
2.08585
2.08584
2.08583
2.08582
2.08581
2.08581
2.0858
2.08579
2.08579
2.08578
2.08578
2.08578
2.08578
2.08578
2.08578
2.08578
2.08578
2.08578
2.08578
2.08579
2.08579
2.0858
2.0858
2.08581
2.08582
2.08582
2.08583
2.08584
2.08585
2.08586
2.08587
2.08587
2.08588
2.08589
2.0859
2.08591
2.08592
2.08592
2.08593
2.08594
2.08594
2.08594
2.08595
2.08595
2.08595
2.08595
2.08595
2.08595
2.08595
2.08594
2.08593
2.08593
2.08592
2.0859
2.08589
2.08588
2.08586
2.08584
2.08583
2.08581
2.08579
2.08576
2.08574
2.08571
2.08569
2.08566
2.08564
2.08561
2.08558
2.08555
2.08552
2.0855
2.08547
2.08544
2.08541
2.08538
2.08536
2.08533
2.08531
2.08528
2.08526
2.08523
2.08521
2.08519
2.08517
2.08515
2.08514
2.08512
2.08511
2.08509
2.08508
2.08507
2.08506
2.08505
2.08504
2.08503
2.08503
2.08502
2.08502
2.08501
2.08501
2.08501
2.08501
2.08501
2.08501
2.08501
2.08501
2.08501
2.08501
2.08501
2.08502
2.08502
2.08502
2.08502
2.08503
2.08503
2.08503
2.08503
2.08503
2.08503
2.08503
2.08503
2.08503
2.08502
2.08502
2.08501
2.08501
2.085
2.08499
2.08498
2.08497
2.08496
2.08495
2.08493
2.08492
2.0849
2.08488
2.08486
2.08484
2.08482
2.0848
2.08478
2.08476
2.08473
2.08471
2.08469
2.08466
2.08464
2.08462
2.08459
2.08457
2.08455
2.08452
2.0845
2.08448
2.08446
2.08444
2.08442
2.0844
2.08439
2.08437
2.08436
2.08434
2.08433
2.08432
2.08431
2.0843
2.0843
2.08429
2.08429
2.08428
2.08428
2.08428
2.08428
2.08428
2.08428
2.08429
2.08429
2.0843
2.0843
2.08431
2.08432
2.08432
2.08433
2.08434
2.08435
2.08436
2.08437
2.08438
2.08439
2.08441
2.08442
2.08443
2.08444
2.08445
2.08447
2.08448
2.08449
2.0845
2.08452
2.08453
2.08454
2.08456
2.08457
2.08458
2.0846
2.08461
2.08462
2.08464
2.08465
2.08466
2.08468
2.08469
2.0847
2.08472
2.08473
2.08474
2.08476
2.08477
2.08478
2.08479
2.08481
2.08482
2.08483
2.08484
2.08485
2.08486
2.08487
2.08488
2.08489
2.0849
2.08491
2.08492
2.08493
2.08494
2.08495
2.08495
2.08496
2.08497
2.08497
2.08498
2.08498
2.08499
2.08499
2.085
2.085
2.085
2.08501
2.08501
2.08501
2.08501
2.08502
2.08502
2.08502
2.08502
2.08503
2.08503
2.08503
2.08504
2.08504
2.08504
2.08505
2.08505
2.08505
2.08506
2.08507
2.08507
2.08508
2.08509
2.08509
2.0851
2.08511
2.08512
2.08513
2.08514
2.08516
2.08517
2.08518
2.0852
2.08521
2.08523
2.08524
2.08526
2.08528
2.0853
2.08531
2.08533
2.08535
2.08537
2.08539
2.08541
2.08543
2.08545
2.08546
2.08548
2.0855
2.08552
2.08553
2.08555
2.08556
2.08558
2.08559
2.0856
2.08561
2.08562
2.08563
2.08564
2.08564
2.08565
2.08565
2.08565
2.08565
2.08565
2.08565
2.08564
2.08564
2.08563
2.08563
2.08562
2.08561
2.0856
2.08558
2.08557
2.08556
2.08554
2.08553
2.08551
2.08549
2.08547
2.08546
2.08544
2.08542
2.0854
2.08538
2.08535
2.08533
2.08531
2.08529
2.08527
2.08525
2.08523
2.08521
2.08519
2.08517
2.08515
2.08513
2.08511
2.08509
2.08507
2.08505
2.08504
2.08502
2.08501
2.085
2.08498
2.08497
2.08497
2.08496
2.08495
2.08495
2.08494
2.08494
2.08494
2.08495
2.08495
2.08496
2.08496
2.08497
2.08498
2.085
2.08501
2.08503
2.08505
2.08507
2.08509
2.08511
2.08514
2.08516
2.08519
2.08522
2.08525
2.08528
2.08531
2.08534
2.08538
2.08541
2.08544
2.08548
2.08551
2.08554
2.08558
2.08561
2.08565
2.08568
2.08571
2.08574
2.08578
2.08581
2.08584
2.08587
2.0859
2.08593
2.08595
2.08598
2.08601
2.08603
2.08606
2.08608
2.0861
2.08613
2.08615
2.08617
2.08619
2.08621
2.08622
2.08624
2.08625
2.08627
2.08628
2.08629
2.0863
2.08631
2.08632
2.08633
2.08633
2.08633
2.08634
2.08634
2.08634
2.08634
2.08633
2.08633
2.08633
2.08632
2.08631
2.0863
2.08629
2.08628
2.08627
2.08626
2.08624
2.08623
2.08621
2.0862
2.08618
2.08616
2.08615
2.08613
2.08611
2.08609
2.08607
2.08605
2.08603
2.08601
2.08599
2.08597
2.08595
2.08593
2.08591
2.08589
2.08587
2.08585
2.08583
2.08582
2.0858
2.08578
2.08576
2.08574
2.08573
2.08571
2.0857
2.08568
2.08566
2.08565
2.08563
2.08562
2.0856
2.08559
2.08557
2.08556
2.08555
2.08553
2.08552
2.0855
2.08549
2.08547
2.08546
2.08544
2.08543
2.08541
2.0854
2.08538
2.08537
2.08535
2.08534
2.08532
2.0853
2.08529
2.08527
2.08526
2.08524
2.08522
2.08521
2.08519
2.08517
2.08516
2.08514
2.08512
2.08511
2.08509
2.08507
2.08506
2.08504
2.08503
2.08501
2.085
2.08499
2.08497
2.08496
2.08495
2.08493
2.08492
2.08491
2.0849
2.08489
2.08488
2.08487
2.08487
2.08486
2.08485
2.08485
2.08484
2.08484
2.08483
2.08483
2.08483
2.08483
2.08483
2.08483
2.08483
2.08483
2.08483
2.08484
2.08484
2.08484
2.08485
2.08486
2.08487
2.08487
2.08488
2.08489
2.0849
2.08492
2.08493
2.08494
2.08495
2.08497
2.08498
2.085
2.08502
2.08503
2.08505
2.08507
2.08508
2.0851
2.08512
2.08514
2.08516
2.08518
2.0852
2.08521
2.08523
2.08525
2.08527
2.08529
2.08531
2.08532
2.08534
2.08536
2.08538
2.08539
2.08541
2.08542
2.08544
2.08545
2.08547
2.08548
2.0855
2.08551
2.08553
2.08554
2.08555
2.08557
2.08558
2.08559
2.08561
2.08562
2.08564
2.08565
2.08567
2.08568
2.0857
2.08572
2.08573
2.08575
2.08577
2.08579
2.08581
2.08583
2.08585
2.08587
2.0859
2.08592
2.08595
2.08597
2.086
2.08603
2.08605
2.08608
2.08611
2.08614
2.08617
2.0862
2.08623
2.08627
2.0863
2.08633
2.08636
2.0864
2.08643
2.08646
2.0865
2.08653
2.08656
2.08659
2.08663
2.08666
2.08669
2.08672
2.08675
2.08678
2.0868
2.08683
2.08686
2.08688
2.0869
2.08693
2.08695
2.08697
2.08699
2.087
2.08702
2.08703
2.08705
2.08706
2.08707
2.08708
2.08709
2.08709
2.0871
2.0871
2.0871
2.08711
2.08711
2.08711
2.0871
2.0871
2.0871
2.08709
2.08709
2.08708
2.08708
2.08707
2.08706
2.08706
2.08705
2.08704
2.08704
2.08703
2.08702
2.08702
2.08701
2.087
2.087
2.08699
2.08699
2.08698
2.08698
2.08698
2.08697
2.08697
2.08697
2.08697
2.08697
2.08697
2.08697
2.08697
2.08698
2.08698
2.08698
2.08699
2.08699
2.087
2.08701
2.08701
2.08702
2.08703
2.08704
2.08704
2.08705
2.08706
2.08707
2.08708
2.08709
2.0871
2.08711
2.08713
2.08714
2.08715
2.08716
2.08717
2.08718
2.08719
2.08721
2.08722
2.08723
2.08724
2.08725
2.08726
2.08727
2.08728
2.08729
2.0873
2.08731
2.08731
2.08732
2.08733
2.08733
2.08733
2.08734
2.08734
2.08734
2.08734
2.08734
2.08734
2.08734
2.08733
2.08733
2.08732
2.08732
2.08731
2.0873
2.08729
2.08728
2.08727
2.08725
2.08724
2.08722
2.08721
2.08719
2.08718
2.08716
2.08714
2.08712
2.0871
2.08708
2.08706
2.08704
2.08702
2.087
2.08698
2.08696
2.08693
2.08691
2.08689
2.08687
2.08685
2.08683
2.08681
2.08679
2.08678
2.08676
2.08674
2.08673
2.08671
2.0867
2.08668
2.08667
2.08666
2.08665
2.08664
2.08663
2.08662
2.08662
2.08661
2.0866
2.0866
2.08659
2.08659
2.08659
2.08658
2.08658
2.08658
2.08657
2.08657
2.08657
2.08657
2.08656
2.08656
2.08655
2.08655
2.08654
2.08654
2.08653
2.08652
2.08651
2.0865
2.08649
2.08648
2.08647
2.08646
2.08645
2.08643
2.08642
2.0864
2.08638
2.08636
2.08635
2.08633
2.08631
2.08629
2.08627
2.08624
2.08622
2.0862
2.08618
2.08615
2.08613
2.08611
2.08608
2.08606
2.08603
2.08601
2.08599
2.08596
2.08594
2.08591
2.08589
2.08586
2.08584
2.08582
2.08579
2.08577
2.08574
2.08572
2.0857
2.08567
2.08565
2.08563
2.0856
2.08558
2.08556
2.08554
2.08552
2.08549
2.08547
2.08545
2.08543
2.08541
2.0854
2.08538
2.08536
2.08534
2.08533
2.08531
2.0853
2.08528
2.08527
2.08526
2.08524
2.08523
2.08522
2.08522
2.08521
2.0852
2.08519
2.08519
2.08519
2.08518
2.08518
2.08518
2.08518
2.08518
2.08519
2.08519
2.0852
2.0852
2.08521
2.08522
2.08523
2.08524
2.08525
2.08526
2.08527
2.08528
2.08529
2.08531
2.08532
2.08534
2.08535
2.08537
2.08538
2.0854
2.08541
2.08543
2.08545
2.08546
2.08548
2.08549
2.08551
2.08552
2.08553
2.08555
2.08556
2.08557
2.08559
2.0856
2.08561
2.08562
2.08563
2.08563
2.08564
2.08565
2.08565
2.08566
2.08566
2.08567
2.08567
2.08567
2.08567
2.08567
2.08567
2.08567
2.08567
2.08567
2.08566
2.08566
2.08566
2.08565
2.08564
2.08564
2.08563
2.08562
2.08562
2.08561
2.0856
2.08559
2.08558
2.08557
2.08556
2.08555
2.08554
2.08553
2.08552
2.08551
2.0855
2.0855
2.08549
2.08548
2.08547
2.08546
2.08545
2.08544
2.08543
2.08542
2.08541
2.0854
2.0854
2.08539
2.08538
2.08537
2.08536
2.08535
2.08534
2.08533
2.08532
2.08531
2.0853
2.08529
2.08528
2.08527
2.08526
2.08525
2.08524
2.08523
2.08521
2.0852
2.08519
2.08518
2.08516
2.08515
2.08514
2.08512
2.08511
2.0851
2.08509
2.08507
2.08506
2.08505
2.08504
2.08502
2.08501
2.085
2.08499
2.08498
2.08497
2.08496
2.08495
2.08495
2.08494
2.08493
2.08493
2.08493
2.08492
2.08492
2.08492
2.08491
2.08491
2.08491
2.08492
2.08492
2.08492
2.08492
2.08493
2.08493
2.08493
2.08494
2.08494
2.08495
2.08496
2.08496
2.08497
2.08498
2.08498
2.08499
2.085
2.08501
2.08502
2.08502
2.08503
2.08504
2.08505
2.08506
2.08507
2.08507
2.08508
2.08509
2.0851
2.08511
2.08512
2.08512
2.08513
2.08514
2.08515
2.08516
2.08516
2.08517
2.08518
2.08519
2.0852
2.0852
2.08521
2.08522
2.08522
2.08523
2.08524
2.08524
2.08525
2.08525
2.08526
2.08526
2.08527
2.08527
2.08527
2.08528
2.08528
2.08528
2.08528
2.08528
2.08528
2.08528
2.08528
2.08527
2.08527
2.08527
2.08527
2.08526
2.08526
2.08525
2.08525
2.08524
2.08524
2.08523
2.08523
2.08522
2.08522
2.08521
2.08521
2.08521
2.0852
2.0852
2.0852
2.0852
2.0852
2.0852
2.0852
2.0852
2.08521
2.08521
2.08522
2.08522
2.08523
2.08524
2.08525
2.08526
2.08527
2.08528
2.08529
2.08531
2.08532
2.08534
2.08535
2.08537
2.08538
2.0854
2.08541
2.08543
2.08544
2.08546
2.08547
2.08549
2.0855
2.08552
2.08553
2.08554
2.08556
2.08557
2.08558
2.08559
2.0856
2.08561
2.08562
2.08562
2.08563
2.08564
2.08564
2.08565
2.08565
2.08565
2.08566
2.08566
2.08566
2.08566
2.08566
2.08566
2.08566
2.08566
2.08566
2.08566
2.08566
2.08566
2.08566
2.08565
2.08565
2.08565
2.08564
2.08564
2.08564
2.08563
2.08563
2.08562
2.08562
2.08561
2.0856
2.0856
2.08559
2.08558
2.08558
2.08557
2.08556
2.08555
2.08554
2.08554
2.08553
2.08552
2.08551
2.0855
2.08549
2.08548
2.08547
2.08547
2.08546
2.08545
2.08544
2.08544
2.08543
2.08542
2.08542
2.08541
2.08541
2.0854
2.0854
2.08539
2.08539
2.08539
2.08539
2.08539
2.08539
2.08539
2.08539
2.08539
2.08539
2.08539
2.08539
2.0854
2.0854
2.08541
2.08541
2.08541
2.08542
2.08542
2.08543
2.08544
2.08544
2.08545
2.08545
2.08546
2.08547
2.08547
2.08548
2.08548
2.08549
2.08549
2.0855
2.0855
2.08551
2.08551
2.08552
2.08552
2.08552
2.08553
2.08553
2.08553
2.08554
2.08554
2.08554
2.08554
2.08554
2.08555
2.08555
2.08555
2.08555
2.08555
2.08556
2.08556
2.08556
2.08556
2.08557
2.08557
2.08557
2.08558
2.08558
2.08559
2.08559
2.0856
2.0856
2.08561
2.08562
2.08563
2.08563
2.08564
2.08565
2.08566
2.08568
2.08569
2.0857
2.08571
2.08572
2.08574
2.08575
2.08576
2.08578
2.08579
2.08581
2.08582
2.08583
2.08585
2.08586
2.08587
2.08588
2.08589
2.0859
2.08591
2.08592
2.08593
2.08594
2.08594
2.08595
2.08595
2.08596
2.08596
2.08596
2.08596
2.08596
2.08596
2.08596
2.08596
2.08596
2.08596
2.08595
2.08595
2.08595
2.08594
2.08594
2.08594
2.08593
2.08593
2.08592
2.08592
2.08592
2.08591
2.08591
2.08591
2.0859
2.0859
2.0859
2.0859
2.08589
2.08589
2.08589
2.08589
2.08589
2.08589
2.0859
2.0859
2.0859
2.0859
2.08591
2.08591
2.08592
2.08592
2.08593
2.08593
2.08594
2.08595
2.08596
2.08597
2.08597
2.08598
2.086
2.08601
2.08602
2.08603
2.08604
2.08606
2.08607
2.08608
2.0861
2.08611
2.08613
2.08614
2.08616
2.08617
2.08619
2.08621
2.08622
2.08624
2.08625
2.08627
2.08629
2.0863
2.08632
2.08634
2.08635
2.08637
2.08639
2.0864
2.08642
2.08643
2.08644
2.08646
2.08647
2.08648
2.08649
2.0865
2.08651
2.08652
2.08653
2.08654
2.08654
2.08655
2.08655
2.08656
2.08656
2.08656
2.08657
2.08657
2.08657
2.08657
2.08656
2.08656
2.08656
2.08656
2.08655
2.08655
2.08654
2.08654
2.08653
2.08652
2.08652
2.08651
2.0865
2.08649
2.08648
2.08647
2.08646
2.08645
2.08644
2.08643
2.08642
2.08641
2.0864
2.08638
2.08637
2.08636
2.08635
2.08633
2.08632
2.08631
2.08629
2.08628
2.08627
2.08625
2.08624
2.08622
2.08621
2.0862
2.08619
2.08617
2.08616
2.08615
2.08613
2.08612
2.08611
2.0861
2.08609
2.08607
2.08606
2.08605
2.08604
2.08603
2.08602
2.08601
2.08599
2.08598
2.08597
2.08596
2.08595
2.08594
2.08593
2.08592
2.08591
2.0859
2.08589
2.08588
2.08587
2.08586
2.08584
2.08583
2.08582
2.08581
2.0858
2.08579
2.08578
2.08577
2.08576
2.08575
2.08574
2.08573
2.08572
2.08571
2.0857
2.08569
2.08568
2.08567
2.08566
2.08565
2.08564
2.08563
2.08562
2.08561
2.0856
2.08559
2.08558
2.08557
2.08556
2.08555
2.08555
2.08554
2.08553
2.08552
2.08551
2.08551
2.0855
2.08549
2.08549
2.08548
2.08548
2.08547
2.08546
2.08546
2.08545
2.08545
2.08544
2.08544
2.08544
2.08543
2.08543
2.08543
2.08542
2.08542
2.08542
2.08541
2.08541
2.08541
2.08541
2.08541
2.08541
2.08541
2.08541
2.08541
2.08541
2.08541
2.08542
2.08542
2.08542
2.08543
2.08543
2.08544
2.08544
2.08545
2.08546
2.08546
2.08547
2.08548
2.08549
2.0855
2.08551
2.08552
2.08553
2.08554
2.08555
2.08556
2.08557
2.08558
2.08559
2.0856
2.08561
2.08563
2.08564
2.08565
2.08566
2.08567
2.08568
2.08569
2.0857
2.08571
2.08572
2.08573
2.08574
2.08575
2.08576
2.08577
2.08577
2.08578
2.08579
2.0858
2.08581
2.08582
2.08584
2.08585
2.08586
2.08587
2.08588
2.0859
2.08591
2.08593
2.08594
2.08596
2.08597
2.08599
2.08601
2.08603
2.08605
2.08607
2.08609
2.08611
2.08614
2.08616
2.08618
2.08621
2.08623
2.08626
2.08628
2.08631
2.08633
2.08636
2.08638
2.08641
2.08643
2.08646
2.08648
2.08651
2.08653
2.08655
2.08657
2.0866
2.08662
2.08664
2.08665
2.08667
2.08669
2.0867
2.08672
2.08673
2.08674
2.08675
2.08676
2.08677
2.08678
2.08678
2.08678
2.08679
2.08679
2.08679
2.08679
2.08678
2.08678
2.08678
2.08677
2.08677
2.08676
2.08676
2.08675
2.08674
2.08673
2.08673
2.08672
2.08671
2.0867
2.0867
2.08669
2.08668
2.08668
2.08667
2.08667
2.08666
2.08666
2.08666
2.08666
2.08666
2.08666
2.08666
2.08666
2.08666
2.08667
2.08667
2.08668
2.08669
2.08669
2.0867
2.08671
2.08672
2.08673
2.08674
2.08675
2.08676
2.08677
2.08678
2.08679
2.0868
2.08682
2.08683
2.08684
2.08685
2.08686
2.08687
2.08688
2.08689
2.08689
2.0869
2.08691
2.08691
2.08692
2.08692
2.08693
2.08693
2.08693
2.08693
2.08693
2.08693
2.08693
2.08693
2.08692
2.08692
2.08691
2.0869
2.08689
2.08688
2.08686
2.08685
2.08684
2.08682
2.0868
2.08678
2.08676
2.08674
2.08671
2.08669
2.08666
2.08663
2.0866
2.08657
2.08654
2.08651
2.08648
2.08644
2.08641
2.08637
2.08634
2.0863
2.08626
2.08622
2.08619
2.08615
2.08611
2.08607
2.08603
2.08599
2.08596
2.08592
2.08588
2.08585
2.08581
2.08578
2.08574
2.08571
2.08568
2.08565
2.08562
2.08559
2.08556
2.08554
2.08552
2.08549
2.08547
2.08546
2.08544
2.08542
2.08541
2.0854
2.08539
2.08538
2.08537
2.08536
2.08536
2.08536
2.08535
2.08535
2.08536
2.08536
2.08536
2.08536
2.08537
2.08538
2.08538
2.08539
2.0854
2.0854
2.08541
2.08542
2.08543
2.08544
2.08545
2.08546
2.08547
2.08548
2.08549
2.0855
2.08551
2.08552
2.08553
2.08554
2.08555
2.08556
2.08557
2.08557
2.08558
2.08559
2.0856
2.08561
2.08562
2.08562
2.08563
2.08564
2.08565
2.08565
2.08566
2.08567
2.08567
2.08568
2.08569
2.08569
2.0857
2.0857
2.08571
2.08572
2.08572
2.08573
2.08573
2.08574
2.08574
2.08575
2.08575
2.08575
2.08576
2.08576
2.08576
2.08577
2.08577
2.08577
2.08577
2.08577
2.08577
2.08577
2.08577
2.08577
2.08577
2.08577
2.08577
2.08577
2.08576
2.08576
2.08575
2.08575
2.08574
2.08574
2.08573
2.08572
2.08571
2.0857
2.08569
2.08568
2.08566
2.08565
2.08564
2.08562
2.08561
2.08559
2.08557
2.08555
2.08554
2.08552
2.0855
2.08548
2.08546
2.08544
2.08542
2.0854
2.08537
2.08535
2.08533
2.08531
2.08529
2.08527
2.08525
2.08523
2.08521
2.08519
2.08517
2.08515
2.08513
2.08511
2.08509
2.08507
2.08506
2.08504
2.08502
2.08501
2.08499
2.08497
2.08496
2.08494
2.08493
2.08491
2.0849
2.08489
2.08487
2.08486
2.08485
2.08484
2.08482
2.08481
2.0848
2.08479
2.08478
2.08477
2.08476
2.08475
2.08475
2.08474
2.08473
2.08473
2.08472
2.08472
2.08471
2.08471
2.0847
2.0847
2.0847
2.0847
2.08469
2.08469
2.08469
2.08469
2.08469
2.08469
2.08469
2.08469
2.08469
2.08469
2.08469
2.0847
2.0847
2.0847
2.0847
2.0847
2.08469
2.08469
2.08469
2.08469
2.08469
2.08469
2.08468
2.08468
2.08468
2.08467
2.08467
2.08466
2.08465
2.08465
2.08464
2.08463
2.08462
2.08461
2.0846
2.08459
2.08458
2.08457
2.08456
2.08454
2.08453
2.08452
2.0845
2.08449
2.08448
2.08446
2.08445
2.08443
2.08442
2.08441
2.08439
2.08438
2.08436
2.08435
2.08434
2.08432
2.08431
2.0843
2.08428
2.08427
2.08426
2.08425
2.08424
2.08423
2.08422
2.08422
2.08421
2.0842
2.0842
2.08419
2.08419
2.08419
2.08419
2.08419
2.08419
2.08419
2.08419
2.08419
2.0842
2.0842
2.0842
2.08421
2.08422
2.08423
2.08423
2.08424
2.08425
2.08426
2.08427
2.08428
2.0843
2.08431
2.08432
2.08433
2.08435
2.08436
2.08437
2.08439
2.0844
2.08442
2.08443
2.08444
2.08446
2.08447
2.08449
2.0845
2.08452
2.08453
2.08454
2.08456
2.08457
2.08458
2.0846
2.08461
2.08462
2.08463
2.08465
2.08466
2.08467
2.08468
2.08469
2.0847
2.08471
2.08472
2.08473
2.08474
2.08475
2.08476
2.08477
2.08478
2.08479
2.0848
2.08481
2.08482
2.08483
2.08484
2.08485
2.08486
2.08487
2.08488
2.0849
2.08491
2.08492
2.08493
2.08495
2.08496
2.08497
2.08499
2.085
2.08501
2.08502
2.08504
2.08505
2.08506
2.08508
2.08509
2.0851
2.08511
2.08512
2.08514
2.08515
2.08516
2.08517
2.08518
2.08518
2.08519
2.0852
2.08521
2.08521
2.08522
2.08522
2.08523
2.08523
2.08523
2.08523
2.08524
2.08524
2.08524
2.08524
2.08524
2.08523
2.08523
2.08523
2.08523
2.08522
2.08522
2.08521
2.08521
2.0852
2.0852
2.08519
2.08519
2.08518
2.08517
2.08516
2.08516
2.08515
2.08514
2.08513
2.08512
2.08512
2.08511
2.0851
2.08509
2.08508
2.08507
2.08506
2.08505
2.08504
2.08504
2.08503
2.08502
2.08501
2.085
2.08499
2.08498
2.08497
2.08496
2.08495
2.08494
2.08493
2.08492
2.08492
2.08491
2.0849
2.08489
2.08488
2.08487
2.08486
2.08485
2.08484
2.08483
2.08482
2.08481
2.08481
2.0848
2.08479
2.08478
2.08477
2.08477
2.08476
2.08475
2.08475
2.08474
2.08474
2.08473
2.08473
2.08472
2.08472
2.08472
2.08472
2.08472
2.08472
2.08472
2.08472
2.08473
2.08473
2.08474
2.08474
2.08475
2.08476
2.08477
2.08478
2.08479
2.0848
2.08482
2.08483
2.08484
2.08486
2.08488
2.08489
2.08491
2.08493
2.08495
2.08497
2.08499
2.08501
2.08503
2.08506
2.08508
2.0851
2.08513
2.08515
2.08518
2.08521
2.08523
2.08526
2.08529
2.08532
2.08535
2.08538
2.08541
2.08544
2.08547
2.0855
2.08553
2.08556
2.0856
2.08563
2.08566
2.08569
2.08572
2.08575
2.08578
2.08581
2.08584
2.08587
2.0859
2.08593
2.08596
2.08599
2.08601
2.08604
2.08606
2.08608
2.08611
2.08613
2.08615
2.08616
2.08618
2.0862
2.08621
2.08622
2.08624
2.08625
2.08626
2.08627
2.08627
2.08628
2.08628
2.08629
2.08629
2.08629
2.08629
2.08629
2.08629
2.08629
2.08629
2.08629
2.08628
2.08628
2.08627
2.08627
2.08626
2.08626
2.08625
2.08624
2.08623
2.08623
2.08622
2.08621
2.0862
2.08619
2.08618
2.08617
2.08616
2.08615
2.08614
2.08613
2.08612
2.08611
2.08609
2.08608
2.08607
2.08606
2.08605
2.08604
2.08602
2.08601
2.086
2.08599
2.08598
2.08597
2.08596
2.08594
2.08593
2.08592
2.08591
2.0859
2.08589
2.08588
2.08587
2.08586
2.08585
2.08584
2.08583
2.08582
2.08582
2.08581
2.0858
2.08579
2.08578
2.08577
2.08576
2.08576
2.08575
2.08574
2.08573
2.08573
2.08572
2.08571
2.0857
2.0857
2.08569
2.08568
2.08568
2.08567
2.08566
2.08566
2.08565
2.08565
2.08564
2.08564
2.08564
2.08563
2.08563
2.08563
2.08563
2.08563
2.08563
2.08563
2.08564
2.08564
2.08565
2.08565
2.08566
2.08567
2.08568
2.08569
2.0857
2.08572
2.08573
2.08575
2.08576
2.08578
2.0858
2.08582
2.08584
2.08586
2.08588
2.08591
2.08593
2.08595
2.08597
2.086
2.08602
2.08604
2.08607
2.08609
2.08611
2.08613
2.08616
2.08618
2.0862
2.08622
2.08624
2.08626
2.08628
2.0863
2.08632
2.08634
2.08636
2.08637
2.08639
2.08641
2.08642
2.08644
2.08646
2.08647
2.08649
2.0865
2.08652
2.08653
2.08655
2.08656
2.08657
2.08659
2.0866
2.08661
2.08663
2.08664
2.08665
2.08666
2.08667
2.08668
2.08669
2.08669
2.0867
2.08671
2.08671
2.08672
2.08672
2.08673
2.08673
2.08673
2.08673
2.08673
2.08673
2.08672
2.08672
2.08672
2.08671
2.08671
2.0867
2.08669
2.08668
2.08668
2.08667
2.08666
2.08665
2.08664
2.08663
2.08662
2.0866
2.08659
2.08658
2.08657
2.08656
2.08655
2.08654
2.08653
2.08652
2.08651
2.0865
2.08649
2.08649
2.08648
2.08647
2.08647
2.08646
2.08645
2.08645
2.08644
2.08644
2.08643
2.08643
2.08643
2.08642
2.08642
2.08641
2.08641
2.0864
2.0864
2.08639
2.08638
2.08638
2.08637
2.08636
2.08635
2.08634
2.08633
2.08632
2.0863
2.08629
2.08627
2.08626
2.08624
2.08622
2.0862
2.08618
2.08616
2.08614
2.08611
2.08609
2.08606
2.08604
2.08601
2.08599
2.08596
2.08593
2.0859
2.08587
2.08584
2.08581
2.08578
2.08575
2.08572
2.08569
2.08566
2.08563
2.08561
2.08558
2.08555
2.08552
2.08549
2.08546
2.08544
2.08541
2.08538
2.08536
2.08533
2.08531
2.08528
2.08526
2.08523
2.08521
2.08519
2.08517
2.08515
2.08513
2.08511
2.08509
2.08507
2.08505
2.08503
2.08501
2.085
2.08498
2.08496
2.08495
2.08493
2.08492
2.0849
2.08489
2.08487
2.08486
2.08485
2.08483
2.08482
2.08481
2.08479
2.08478
2.08477
2.08475
2.08474
2.08473
2.08472
2.0847
2.08469
2.08468
2.08466
2.08465
2.08464
2.08462
2.08461
2.0846
2.08458
2.08457
2.08455
2.08454
2.08452
2.08451
2.0845
2.08448
2.08447
2.08445
2.08444
2.08443
2.08441
2.0844
2.08439
2.08438
2.08437
2.08436
2.08435
2.08434
2.08433
2.08432
2.08431
2.08431
2.0843
2.0843
2.0843
2.0843
2.0843
2.0843
2.0843
2.0843
2.08431
2.08431
2.08432
2.08432
2.08433
2.08434
2.08435
2.08437
2.08438
2.08439
2.08441
2.08442
2.08444
2.08446
2.08447
2.08449
2.08451
2.08453
2.08456
2.08458
2.0846
2.08462
2.08465
2.08467
2.0847
2.08472
2.08475
2.08478
2.0848
2.08483
2.08486
2.08489
2.08491
2.08494
2.08497
2.085
2.08503
2.08506
2.08508
2.08511
2.08514
2.08517
2.08519
2.08522
2.08525
2.08527
2.0853
2.08533
2.08535
2.08538
2.0854
2.08542
2.08544
2.08547
2.08549
2.08551
2.08553
2.08554
2.08556
2.08558
2.08559
2.08561
2.08562
2.08563
2.08564
2.08565
2.08566
2.08567
2.08568
2.08568
2.08569
2.08569
2.0857
2.0857
2.0857
2.0857
2.08569
2.08569
2.08569
2.08568
2.08568
2.08567
2.08566
2.08565
2.08564
2.08563
2.08562
2.08561
2.08559
2.08558
2.08556
2.08554
2.08553
2.08551
2.08549
2.08547
2.08545
2.08543
2.08541
2.08538
2.08536
2.08533
2.08531
2.08528
2.08525
2.08523
2.0852
2.08517
2.08514
2.08511
2.08508
2.08505
2.08502
2.08498
2.08495
2.08492
2.08488
2.08485
2.08482
2.08478
2.08475
2.08471
2.08468
2.08465
2.08461
2.08458
2.08455
2.08451
2.08448
2.08445
2.08442
2.08439
2.08436
2.08433
2.0843
2.08427
2.08425
2.08422
2.0842
2.08417
2.08415
2.08413
2.08411
2.08409
2.08407
2.08405
2.08403
2.08402
2.084
2.08399
2.08397
2.08396
2.08395
2.08393
2.08392
2.08391
2.0839
2.08389
2.08388
2.08387
2.08387
2.08386
2.08385
2.08385
2.08384
2.08383
2.08383
2.08382
2.08382
2.08381
2.08381
2.08381
2.0838
2.0838
2.0838
2.08379
2.08379
2.08379
2.08378
2.08378
2.08378
2.08378
2.08378
2.08378
2.08378
2.08377
2.08377
2.08377
2.08377
2.08377
2.08377
2.08378
2.08378
2.08378
2.08378
2.08378
2.08379
2.08379
2.08379
2.0838
2.0838
2.0838
2.08381
2.08381
2.08382
2.08383
2.08383
2.08384
2.08385
2.08386
2.08387
2.08388
2.08389
2.0839
2.08391
2.08392
2.08393
2.08394
2.08396
2.08397
2.08399
2.084
2.08402
2.08403
2.08405
2.08407
2.08409
2.0841
2.08412
2.08414
2.08416
2.08418
2.0842
2.08423
2.08425
2.08427
2.08429
2.08431
2.08434
2.08436
2.08438
2.08441
2.08443
2.08445
2.08447
2.08449
2.08452
2.08454
2.08456
2.08458
2.0846
2.08462
2.08463
2.08465
2.08467
2.08468
2.0847
2.08471
2.08473
2.08474
2.08475
2.08477
2.08478
2.08479
2.0848
2.08481
2.08482
2.08483
2.08484
2.08485
2.08485
2.08486
2.08487
2.08488
2.08489
2.0849
2.08491
2.08492
2.08493
2.08494
2.08495
2.08495
2.08496
2.08497
2.08498
2.08499
2.085
2.08501
2.08502
2.08503
2.08504
2.08505
2.08506
2.08507
2.08508
2.08509
2.08509
2.0851
2.08511
2.08512
2.08513
2.08514
2.08514
2.08515
2.08516
2.08517
2.08518
2.08518
2.08519
2.0852
2.08521
2.08521
2.08522
2.08523
2.08523
2.08524
2.08525
2.08525
2.08526
2.08527
2.08527
2.08528
2.08528
2.08529
2.08529
2.0853
2.0853
2.08531
2.08531
2.08532
2.08532
2.08533
2.08533
2.08534
2.08534
2.08534
2.08535
2.08535
2.08536
2.08536
2.08536
2.08537
2.08537
2.08537
2.08538
2.08538
2.08538
2.08538
2.08538
2.08538
2.08539
2.08539
2.08538
2.08538
2.08538
2.08538
2.08537
2.08537
2.08536
2.08536
2.08535
2.08534
2.08533
2.08532
2.08531
2.08529
2.08528
2.08526
2.08525
2.08523
2.08521
2.08519
2.08517
2.08515
2.08512
2.0851
2.08508
2.08505
2.08502
2.085
2.08497
2.08494
2.08491
2.08488
2.08485
2.08482
2.08479
2.08476
2.08473
2.0847
2.08467
2.08464
2.08461
2.08457
2.08454
2.08451
2.08448
2.08444
2.08441
2.08438
2.08434
2.08431
2.08428
2.08424
2.08421
2.08417
2.08414
2.0841
2.08406
2.08403
2.08399
2.08395
2.08392
2.08388
2.08384
2.0838
2.08376
2.08373
2.08369
2.08365
2.08361
2.08358
2.08354
2.0835
2.08347
2.08344
2.0834
2.08337
2.08334
2.08331
2.08328
2.08325
2.08323
2.0832
2.08318
2.08316
2.08314
2.08312
2.08311
2.08309
2.08308
2.08307
2.08306
2.08306
2.08306
2.08305
2.08305
2.08306
2.08306
2.08307
2.08307
2.08308
2.08309
2.08311
2.08312
2.08314
2.08316
2.08318
2.0832
2.08322
2.08324
2.08326
2.08329
2.08332
2.08334
2.08337
2.0834
2.08343
2.08346
2.08349
2.08352
2.08356
2.08359
2.08362
2.08366
2.08369
2.08373
2.08376
2.0838
2.08384
2.08387
2.08391
2.08395
2.08399
2.08403
2.08406
2.0841
2.08414
2.08418
2.08422
2.08426
2.0843
2.08434
2.08438
2.08442
2.08446
2.0845
2.08454
2.08458
2.08461
2.08465
2.08469
2.08473
2.08477
2.08481
2.08485
2.08488
2.08492
2.08496
2.08499
2.08503
2.08506
2.0851
2.08513
2.08517
2.0852
2.08523
2.08527
2.0853
2.08533
2.08536
2.08539
2.08542
2.08545
2.08548
2.0855
2.08553
2.08555
2.08558
2.0856
2.08562
2.08565
2.08567
2.08569
2.0857
2.08572
2.08574
2.08575
2.08577
2.08578
2.08579
2.0858
2.08581
2.08582
2.08582
2.08583
2.08583
2.08584
2.08584
2.08584
2.08584
2.08584
2.08584
2.08584
2.08583
2.08583
2.08582
2.08582
2.08581
2.0858
2.08579
2.08579
2.08578
2.08577
2.08576
2.08575
2.08574
2.08572
2.08571
2.0857
2.08569
2.08568
2.08567
2.08566
2.08564
2.08563
2.08562
2.08561
2.0856
2.08559
2.08558
2.08557
2.08556
2.08555
2.08554
2.08553
2.08552
2.08552
2.08551
2.0855
2.0855
2.08549
2.08548
2.08548
2.08547
2.08547
2.08547
2.08546
2.08546
2.08545
2.08545
2.08545
2.08544
2.08544
2.08543
2.08543
2.08543
2.08542
2.08542
2.08541
2.08541
2.0854
2.0854
2.08539
2.08539
2.08538
2.08537
2.08537
2.08536
2.08535
2.08534
2.08534
2.08533
2.08532
2.08531
2.0853
2.08529
2.08528
2.08527
2.08527
2.08526
2.08525
2.08524
2.08523
2.08522
2.08521
2.0852
2.08519
2.08518
2.08517
2.08516
2.08515
2.08514
2.08513
2.08512
2.08511
2.0851
2.08509
2.08509
2.08508
2.08507
2.08506
2.08505
2.08504
2.08503
2.08502
2.08501
2.085
2.08499
2.08498
2.08497
2.08496
2.08495
2.08494
2.08493
2.08492
2.0849
2.08489
2.08488
2.08487
2.08485
2.08484
2.08483
2.08481
2.0848
2.08479
2.08477
2.08476
2.08475
2.08474
2.08472
2.08471
2.0847
2.08469
2.08468
2.08467
2.08466
2.08466
2.08465
2.08465
2.08465
2.08464
2.08464
2.08465
2.08465
2.08466
2.08466
2.08467
2.08468
2.0847
2.08471
2.08473
2.08475
2.08477
2.08479
2.08482
2.08484
2.08487
2.0849
2.08493
2.08496
2.085
2.08503
2.08507
2.0851
2.08514
2.08518
2.08522
2.08526
2.0853
2.08534
2.08538
2.08542
2.08546
2.0855
2.08554
2.08557
2.08561
2.08565
2.08569
2.08572
2.08576
2.08579
2.08583
2.08586
2.08589
2.08592
2.08595
2.08598
2.086
2.08603
2.08606
2.08608
2.0861
2.08613
2.08615
2.08617
2.08619
2.08621
2.08623
2.08624
2.08626
2.08628
2.08629
2.08631
2.08632
2.08633
2.08635
2.08636
2.08637
2.08638
2.08639
2.0864
2.0864
2.08641
2.08642
2.08642
2.08643
2.08643
2.08643
2.08644
2.08644
2.08644
2.08643
2.08643
2.08643
2.08643
2.08642
2.08642
2.08641
2.0864
2.08639
2.08638
2.08637
2.08636
2.08635
2.08634
2.08632
2.08631
2.08629
2.08628
2.08626
2.08624
2.08622
2.0862
2.08618
2.08616
2.08613
2.08611
2.08609
2.08606
2.08604
2.08601
2.08599
2.08596
2.08593
2.0859
2.08587
2.08584
2.08582
2.08579
2.08576
2.08572
2.08569
2.08566
2.08563
2.0856
2.08557
2.08554
2.0855
2.08547
2.08544
2.0854
2.08537
2.08534
2.08531
2.08527
2.08524
2.08521
2.08517
2.08514
2.08511
2.08507
2.08504
2.08501
2.08497
2.08494
2.08491
2.08488
2.08485
2.08481
2.08478
2.08475
2.08472
2.08469
2.08467
2.08464
2.08461
2.08458
2.08455
2.08453
2.0845
2.08447
2.08445
2.08442
2.0844
2.08437
2.08435
2.08432
2.0843
2.08428
2.08425
2.08423
2.0842
2.08418
2.08416
2.08413
2.08411
2.08409
2.08406
2.08404
2.08402
2.08399
2.08397
2.08394
2.08392
2.0839
2.08387
2.08385
2.08382
2.0838
2.08378
2.08375
2.08373
2.08371
2.08368
2.08366
2.08364
2.08361
2.08359
2.08357
2.08355
2.08353
2.0835
2.08348
2.08346
2.08344
2.08342
2.0834
2.08338
2.08336
2.08334
2.08332
2.0833
2.08328
2.08326
2.08324
2.08322
2.08321
2.08319
2.08317
2.08316
2.08314
2.08313
2.08311
2.0831
2.08308
2.08307
2.08305
2.08304
2.08303
2.08302
2.08301
2.08299
2.08298
2.08297
2.08296
2.08295
2.08294
2.08293
2.08293
2.08292
2.08291
2.0829
2.0829
2.08289
2.08289
2.08288
2.08288
2.08287
2.08287
2.08287
2.08287
2.08287
2.08287
2.08287
2.08287
2.08288
2.08288
2.08289
2.08289
2.0829
2.08291
2.08292
2.08293
2.08295
2.08296
2.08298
2.08299
2.08301
2.08303
2.08305
2.08307
2.0831
2.08312
2.08315
2.08317
2.0832
2.08323
2.08326
2.08329
2.08333
2.08336
2.0834
2.08343
2.08347
2.08351
2.08355
2.08359
2.08363
2.08367
2.08371
2.08375
2.0838
2.08384
2.08389
2.08393
2.08398
2.08402
2.08407
2.08411
2.08416
2.08421
2.08425
2.0843
2.08435
2.08439
2.08444
2.08449
2.08453
2.08458
2.08462
2.08467
2.08471
2.08475
2.0848
2.08484
2.08488
2.08492
2.08496
2.085
2.08504
2.08508
2.08511
2.08515
2.08518
2.08522
2.08525
2.08528
2.08531
2.08534
2.08537
2.08539
2.08542
2.08544
2.08547
2.08549
2.08551
2.08553
2.08555
2.08557
2.08559
2.0856
2.08562
2.08564
2.08565
2.08567
2.08568
2.08569
2.08571
2.08572
2.08573
2.08574
2.08576
2.08577
2.08578
2.08579
2.0858
2.08581
2.08582
2.08584
2.08585
2.08586
2.08587
2.08588
2.08589
2.0859
2.08591
2.08592
2.08594
2.08595
2.08596
2.08597
2.08598
2.08599
2.086
2.08601
2.08601
2.08602
2.08603
2.08604
2.08605
2.08605
2.08606
2.08606
2.08607
2.08607
2.08607
2.08608
2.08608
2.08608
2.08608
2.08608
2.08608
2.08608
2.08607
2.08607
2.08606
2.08606
2.08605
2.08604
2.08603
2.08602
2.08601
2.086
2.08599
2.08597
2.08596
2.08594
2.08592
2.08591
2.08589
2.08587
2.08585
2.08583
2.08581
2.08579
2.08577
2.08574
2.08572
2.0857
2.08567
2.08565
2.08563
2.0856
2.08558
2.08556
2.08553
2.08551
2.08549
2.08547
2.08544
2.08542
2.0854
2.08538
2.08536
2.08534
2.08532
2.0853
2.08528
2.08526
2.08524
2.08522
2.0852
2.08518
2.08516
2.08515
2.08513
2.08511
2.0851
2.08508
2.08506
2.08505
2.08504
2.08502
2.08501
2.085
2.08498
2.08497
2.08496
2.08495
2.08494
2.08493
2.08492
2.08491
2.08491
2.0849
2.0849
2.08489
2.08489
2.08489
2.08489
2.08489
2.08489
2.08489
2.08489
2.08489
2.0849
2.0849
2.08491
2.08492
2.08492
2.08493
2.08494
2.08495
2.08497
2.08498
2.08499
2.08501
2.08502
2.08504
2.08506
2.08508
2.08509
2.08511
2.08513
2.08515
2.08518
2.0852
2.08522
2.08524
2.08526
2.08529
2.08531
2.08533
2.08536
2.08538
2.08541
2.08543
2.08545
2.08548
2.0855
2.08552
2.08555
2.08557
2.08559
2.08562
2.08564
2.08566
2.08568
2.08571
2.08573
2.08575
2.08577
2.08579
2.08581
2.08583
2.08585
2.08587
2.08589
2.0859
2.08592
2.08594
2.08596
2.08597
2.08599
2.08601
2.08602
2.08604
2.08605
2.08607
2.08608
2.0861
2.08611
2.08612
2.08614
2.08615
2.08616
2.08618
2.08619
2.0862
2.08621
2.08622
2.08623
2.08624
2.08625
2.08626
2.08627
2.08627
2.08628
2.08629
2.08629
2.0863
2.0863
2.08631
2.08631
2.08631
2.08631
2.08631
2.08632
2.08632
2.08631
2.08631
2.08631
2.08631
2.08631
2.0863
2.0863
2.08629
2.08629
2.08628
2.08627
2.08627
2.08626
2.08625
2.08624
2.08623
2.08623
2.08622
2.08621
2.0862
2.08619
2.08618
2.08617
2.08616
2.08615
2.08614
2.08613
2.08613
2.08612
2.08611
2.0861
2.0861
2.08609
2.08608
2.08608
2.08608
2.08607
2.08607
2.08607
2.08607
2.08607
2.08607
2.08607
2.08608
2.08608
2.08608
2.08609
2.0861
2.08611
2.08611
2.08612
2.08613
2.08615
2.08616
2.08617
2.08618
2.0862
2.08621
2.08622
2.08624
2.08625
