2.1
2.1
2.1
2.09999
2.09999
2.09998
2.09997
2.09996
2.09995
2.09993
2.09992
2.0999
2.09989
2.09987
2.09985
2.09983
2.0998
2.09978
2.09976
2.09973
2.0997
2.09967
2.09964
2.09961
2.09958
2.09955
2.09952
2.09948
2.09945
2.09941
2.09937
2.09933
2.0993
2.09926
2.09922
2.09918
2.09913
2.09909
2.09905
2.09901
2.09897
2.09892
2.09888
2.09883
2.09879
2.09875
2.0987
2.09866
2.09861
2.09857
2.09852
2.09848
2.09843
2.09839
2.09835
2.0983
2.09826
2.09822
2.09817
2.09813
2.09809
2.09805
2.098
2.09796
2.09792
2.09788
2.09785
2.09781
2.09777
2.09773
2.0977
2.09766
2.09763
2.0976
2.09756
2.09753
2.0975
2.09747
2.09745
2.09742
2.09739
2.09737
2.09734
2.09732
2.0973
2.09728
2.09726
2.09724
2.09722
2.0972
2.09718
2.09717
2.09715
2.09714
2.09712
2.09711
2.0971
2.09709
2.09707
2.09706
2.09705
2.09704
2.09703
2.09702
2.09701
2.097
2.09699
2.09698
2.09698
2.09697
2.09696
2.09695
2.09694
2.09693
2.09693
2.09692
2.09691
2.0969
2.09689
2.09689
2.09688
2.09687
2.09686
2.09686
2.09685
2.09684
2.09683
2.09683
2.09682
2.09681
2.09681
2.0968
2.09679
2.09679
2.09678
2.09678
2.09677
2.09677
2.09676
2.09676
2.09675
2.09675
2.09674
2.09674
2.09673
2.09673
2.09673
2.09672
2.09672
2.09672
2.09672
2.09671
2.09671
2.09671
2.09671
2.0967
2.0967
2.0967
2.0967
2.09669
2.09669
2.09669
2.09669
2.09669
2.09668
2.09668
2.09668
2.09668
2.09667
2.09667
2.09667
2.09667
2.09666
2.09666
2.09666
2.09665
2.09665
2.09665
2.09664
2.09664
2.09663
2.09663
2.09663
2.09662
2.09662
2.09661
2.09661
2.0966
2.0966
2.09659
2.09659
2.09658
2.09658
2.09658
2.09657
2.09657
2.09656
2.09656
2.09655
2.09655
2.09654
2.09654
2.09653
2.09653
2.09652
2.09652
2.09651
2.09651
2.0965
2.0965
2.09649
2.09649
2.09648
2.09648
2.09647
2.09647
2.09646
2.09646
2.09645
2.09645
2.09644
2.09643
2.09643
2.09642
2.09642
2.09641
2.09641
2.0964
2.09639
2.09639
2.09638
2.09637
2.09637
2.09636
2.09636
2.09635
2.09634
2.09634
2.09633
2.09632
2.09632
2.09631
2.0963
2.0963
2.09629
2.09629
2.09628
2.09627
2.09627
2.09626
2.09626
2.09625
2.09625
2.09624
2.09624
2.09623
2.09623
2.09623
2.09622
2.09622
2.09622
2.09621
2.09621
2.09621
2.09621
2.09621
2.09621
2.09621
2.09621
2.09621
2.09621
2.09621
2.09621
2.09621
2.09622
2.09622
2.09622
2.09622
2.09623
2.09623
2.09624
2.09624
2.09624
2.09625
2.09625
2.09626
2.09626
2.09627
2.09627
2.09628
2.09629
2.09629
2.0963
2.0963
2.09631
2.09631
2.09632
2.09633
2.09633
2.09634
2.09634
2.09635
2.09635
2.09636
2.09636
2.09637
2.09637
2.09638
2.09638
2.09638
2.09639
2.09639
2.0964
2.0964
2.0964
2.09641
2.09641
2.09641
2.09642
2.09642
2.09642
2.09643
2.09643
2.09643
2.09643
2.09644
2.09644
2.09644
2.09644
2.09645
2.09645
2.09645
2.09645
2.09645
2.09646
2.09646
2.09646
2.09646
2.09647
2.09647
2.09647
2.09647
2.09647
2.09648
2.09648
2.09648
2.09648
2.09648
2.09648
2.09648
2.09649
2.09649
2.09649
2.09649
2.09649
2.09649
2.09649
2.09649
2.09649
2.09649
2.09649
2.09649
2.09649
2.09649
2.09649
2.09649
2.09649
2.09649
2.09649
2.09649
2.09649
2.09649
2.09649
2.09649
2.09649
2.09649
2.09649
2.09649
2.09649
2.09649
2.09649
2.09648
2.09648
2.09648
2.09648
2.09648
2.09648
2.09648
2.09648
2.09648
2.09648
2.09648
2.09648
2.09648
2.09648
2.09648
2.09648
2.09648
2.09648
2.09648
2.09648
2.09648
2.09648
2.09648
2.09648
2.09648
2.09648
2.09648
2.09648
2.09648
2.09648
2.09648
2.09648
2.09648
2.09648
2.09648
2.09648
2.09648
2.09648
2.09648
2.09648
2.09648
2.09648
2.09648
2.09648
2.09648
2.09648
2.09648
2.09648
2.09648
2.09648
2.09648
2.09648
2.09648
2.09648
2.09648
2.09648
2.09648
2.09648
2.09648
2.09648
2.09648
2.09647
2.09647
2.09647
2.09647
2.09647
2.09647
2.09647
2.09647
2.09646
2.09646
2.09646
2.09646
2.09646
2.09646
2.09645
2.09645
2.09645
2.09645
2.09645
2.09645
2.09644
2.09644
2.09644
2.09644
2.09644
2.09644
2.09644
2.09644
2.09644
2.09644
2.09643
2.09643
2.09643
2.09643
2.09643
2.09643
2.09643
2.09643
2.09643
2.09644
2.09644
2.09644
2.09644
2.09644
2.09644
2.09644
2.09644
2.09644
2.09644
2.09644
2.09644
2.09645
2.09645
2.09645
2.09645
2.09645
2.09645
2.09645
2.09646
2.09646
2.09646
2.09646
2.09646
2.09646
2.09646
2.09647
2.09647
2.09647
2.09647
2.09647
2.09648
2.09648
2.09648
2.09648
2.09648
2.09649
2.09649
2.09649
2.09649
2.0965
2.0965
2.0965
2.0965
2.09651
2.09651
2.09651
2.09652
2.09652
2.09652
2.09652
2.09653
2.09653
2.09653
2.09654
2.09654
2.09654
2.09654
2.09654
2.09655
2.09655
2.09655
2.09655
2.09655
2.09655
2.09656
2.09656
2.09656
2.09656
2.09656
2.09656
2.09656
2.09656
2.09656
2.09655
2.09655
2.09655
2.09655
2.09655
2.09655
2.09654
2.09654
2.09654
2.09653
2.09653
2.09653
2.09652
2.09652
2.09651
2.09651
2.0965
2.0965
2.09649
2.09649
2.09648
2.09648
2.09647
2.09647
2.09646
2.09646
2.09645
2.09645
2.09644
2.09644
2.09643
2.09642
2.09642
2.09641
2.09641
2.0964
2.0964
2.09639
2.09639
2.09638
2.09638
2.09637
2.09637
2.09636
2.09636
2.09635
2.09635
2.09635
2.09634
2.09634
2.09633
2.09633
2.09632
2.09632
2.09632
2.09631
2.09631
2.09631
2.0963
2.0963
2.09629
2.09629
2.09629
2.09628
2.09628
2.09628
2.09627
2.09627
2.09627
2.09626
2.09626
2.09626
2.09626
2.09625
2.09625
2.09625
2.09625
2.09624
2.09624
2.09624
2.09624
2.09624
2.09624
2.09623
2.09623
2.09623
2.09623
2.09623
2.09623
2.09623
2.09623
2.09623
2.09622
2.09622
2.09622
2.09622
2.09622
2.09622
2.09622
2.09622
2.09622
2.09622
2.09622
2.09622
2.09622
2.09622
2.09622
2.09623
2.09623
2.09623
2.09623
2.09623
2.09623
2.09623
2.09623
2.09623
2.09623
2.09623
2.09623
2.09623
2.09623
2.09623
2.09623
2.09623
2.09623
2.09623
2.09623
2.09623
2.09623
2.09623
2.09623
2.09623
2.09623
2.09623
2.09623
2.09623
2.09623
2.09623
2.09623
2.09623
2.09623
2.09623
2.09623
2.09623
2.09623
2.09623
2.09623
2.09623
2.09623
2.09623
2.09623
2.09623
2.09623
2.09622
2.09622
2.09622
2.09622
2.09622
2.09622
2.09622
2.09622
2.09622
2.09622
2.09622
2.09622
2.09622
2.09622
2.09622
2.09621
2.09621
2.09621
2.09621
2.09621
2.09621
2.09621
2.09621
2.09622
2.09622
2.09622
2.09622
2.09622
2.09622
2.09622
2.09622
2.09622
2.09622
2.09622
2.09622
2.09622
2.09622
2.09622
2.09622
2.09622
2.09622
2.09622
2.09622
2.09622
2.09622
2.09623
2.09623
2.09623
2.09623
2.09623
2.09623
2.09623
2.09623
2.09623
2.09623
2.09623
2.09623
2.09623
2.09623
2.09623
2.09623
2.09623
2.09623
2.09623
2.09623
2.09623
2.09623
2.09623
2.09623
2.09623
2.09623
2.09623
2.09623
2.09623
2.09623
2.09623
2.09623
2.09623
2.09623
2.09623
2.09623
2.09623
2.09623
2.09623
2.09623
2.09623
2.09623
2.09623
2.09623
2.09623
2.09623
2.09623
2.09623
2.09624
2.09624
2.09624
2.09624
2.09624
2.09625
2.09625
2.09625
2.09625
2.09626
2.09626
2.09627
2.09627
2.09627
2.09628
2.09628
2.09629
2.09629
2.0963
2.0963
2.09631
2.09631
2.09632
2.09632
2.09633
2.09633
2.09634
2.09634
2.09635
2.09635
2.09635
2.09636
2.09636
2.09637
2.09637
2.09637
2.09637
2.09638
2.09638
2.09638
2.09638
2.09638
2.09638
2.09638
2.09638
2.09638
2.09638
2.09638
2.09638
2.09638
2.09638
2.09638
2.09638
2.09638
2.09637
2.09637
2.09637
2.09637
2.09636
2.09636
2.09636
2.09635
2.09635
2.09635
2.09634
2.09634
2.09634
2.09633
2.09633
2.09632
2.09632
2.09632
2.09631
2.09631
2.0963
2.0963
2.0963
2.09629
2.09629
2.09629
2.09628
2.09628
2.09628
2.09627
2.09627
2.09627
2.09626
2.09626
2.09626
2.09626
2.09625
2.09625
2.09625
2.09625
2.09624
2.09624
2.09624
2.09624
2.09624
2.09623
2.09623
2.09623
2.09623
2.09623
2.09623
2.09623
2.09622
2.09622
2.09622
2.09622
2.09622
2.09622
2.09622
2.09622
2.09622
2.09621
2.09621
2.09621
2.09621
2.09621
2.09621
2.09621
2.09621
2.09621
2.09621
2.09621
2.0962
2.0962
2.0962
2.0962
2.0962
2.0962
2.0962
2.0962
2.0962
2.0962
2.0962
2.0962
2.0962
2.0962
2.0962
2.09621
2.09621
2.09621
2.09621
2.09621
2.09621
2.09621
2.09622
2.09622
2.09622
2.09622
2.09623
2.09623
2.09623
2.09623
2.09624
2.09624
2.09625
2.09625
2.09625
2.09626
2.09626
2.09627
2.09627
2.09628
2.09628
2.09629
2.09629
2.0963
2.0963
2.09631
2.09631
2.09632
2.09632
2.09633
2.09633
2.09634
2.09634
2.09635
2.09636
2.09636
2.09637
2.09637
2.09638
2.09638
2.09639
2.09639
2.0964
2.0964
2.09641
2.09641
2.09642
2.09642
2.09642
2.09643
2.09643
2.09644
2.09644
2.09644
2.09645
2.09645
2.09645
2.09646
2.09646
2.09646
2.09647
2.09647
2.09647
2.09647
2.09648
2.09648
2.09648
2.09648
2.09648
2.09649
2.09649
2.09649
2.09649
2.09649
2.09649
2.09649
2.09649
2.09649
2.09649
2.09649
2.09649
2.09649
2.09649
2.09649
2.09648
2.09648
2.09648
2.09648
2.09648
2.09647
2.09647
2.09647
2.09646
2.09646
2.09646
2.09645
2.09645
2.09644
2.09644
2.09644
2.09643
2.09643
2.09642
2.09642
2.09641
2.09641
2.09641
2.0964
2.0964
2.09639
2.09639
2.09638
2.09638
2.09638
2.09637
2.09637
2.09637
2.09636
2.09636
2.09636
2.09636
2.09635
2.09635
2.09635
2.09635
2.09634
2.09634
2.09634
2.09634
2.09634
2.09634
2.09633
2.09633
2.09633
2.09633
2.09633
2.09633
2.09633
2.09633
2.09633
2.09633
2.09633
2.09632
2.09632
2.09632
2.09632
2.09632
2.09632
2.09632
2.09632
2.09632
2.09633
2.09633
2.09633
2.09633
2.09633
2.09633
2.09633
2.09633
2.09633
2.09633
2.09634
2.09634
2.09634
2.09634
2.09634
2.09634
2.09634
2.09634
2.09635
2.09635
2.09635
2.09635
2.09635
2.09635
2.09635
2.09636
2.09636
2.09636
2.09636
2.09636
2.09636
2.09636
2.09636
2.09636
2.09636
2.09636
2.09637
2.09637
2.09637
2.09637
2.09637
2.09637
2.09637
2.09637
2.09637
2.09637
2.09637
2.09637
2.09637
2.09637
2.09637
2.09637
2.09637
2.09637
2.09637
2.09637
2.09637
2.09637
2.09637
2.09637
2.09637
2.09637
2.09638
2.09638
2.09638
2.09638
2.09638
2.09638
2.09638
2.09638
2.09638
2.09638
2.09638
2.09639
2.09639
2.09639
2.09639
2.09639
2.09639
2.09639
2.09639
2.09639
2.09639
2.09639
2.09639
2.0964
2.0964
2.0964
2.0964
2.0964
2.0964
2.0964
2.0964
2.0964
2.0964
2.0964
2.0964
2.0964
2.0964
2.0964
2.09639
2.09639
2.09639
2.09639
2.09639
2.09639
2.09639
2.09639
2.09639
2.09639
2.09639
2.09639
2.09639
2.09639
2.09639
2.09639
2.09639
2.09639
2.0964
2.0964
2.0964
2.0964
2.0964
2.0964
2.0964
2.0964
2.0964
2.0964
2.09641
2.09641
2.09641
2.09641
2.09641
2.09641
2.09641
2.09642
2.09642
2.09642
2.09642
2.09642
2.09642
2.09643
2.09643
2.09643
2.09643
2.09643
2.09643
2.09643
2.09643
2.09644
2.09644
2.09644
2.09644
2.09644
2.09644
2.09644
2.09644
2.09644
2.09644
2.09644
2.09644
2.09644
2.09644
2.09644
2.09643
2.09643
2.09643
2.09643
2.09643
2.09643
2.09643
2.09643
2.09643
2.09643
2.09643
2.09642
2.09642
2.09642
2.09642
2.09642
2.09642
2.09642
2.09642
2.09642
2.09642
2.09642
2.09642
2.09642
2.09642
2.09642
2.09642
2.09643
2.09643
2.09643
2.09643
2.09643
2.09643
2.09644
2.09644
2.09644
2.09644
2.09644
2.09645
2.09645
2.09645
2.09646
2.09646
2.09646
2.09647
2.09647
2.09647
2.09648
2.09648
2.09648
2.09649
2.09649
2.09649
2.0965
2.0965
2.0965
2.09651
2.09651
2.09651
2.09652
2.09652
2.09652
2.09653
2.09653
2.09653
2.09654
2.09654
2.09654
2.09654
2.09655
2.09655
2.09655
2.09655
2.09655
2.09655
2.09656
2.09656
2.09656
2.09656
2.09656
2.09656
2.09656
2.09656
2.09656
2.09656
2.09656
2.09656
2.09656
2.09656
2.09656
2.09656
2.09656
2.09656
2.09656
2.09656
2.09656
2.09656
2.09656
2.09656
2.09656
2.09656
2.09656
2.09656
2.09656
2.09657
2.09657
2.09657
2.09657
2.09657
2.09657
2.09657
2.09658
2.09658
2.09658
2.09658
2.09659
2.09659
2.09659
2.09659
2.0966
2.0966
2.0966
2.0966
2.09661
2.09661
2.09661
2.09661
2.09662
2.09662
2.09662
2.09662
2.09663
2.09663
2.09663
2.09663
2.09664
2.09664
2.09664
2.09664
2.09664
2.09664
2.09664
2.09664
2.09665
2.09665
2.09665
2.09665
2.09665
2.09665
2.09665
2.09665
2.09664
2.09664
2.09664
2.09664
2.09664
2.09664
2.09663
2.09663
2.09663
2.09663
2.09662
2.09662
2.09662
2.09661
2.09661
2.09661
2.0966
2.0966
2.0966
2.09659
2.09659
2.09658
2.09658
2.09658
2.09657
2.09657
2.09656
2.09656
2.09655
2.09655
2.09655
2.09654
2.09654
2.09654
2.09653
2.09653
2.09653
2.09652
2.09652
2.09652
2.09652
2.09651
2.09651
2.09651
2.09651
2.09651
2.09651
2.09651
2.09651
2.09651
2.09651
2.09651
2.09651
2.09651
2.09651
2.09651
2.09651
2.09651
2.09651
2.09652
2.09652
2.09652
2.09652
2.09653
2.09653
2.09653
2.09653
2.09654
2.09654
2.09654
2.09655
2.09655
2.09655
2.09656
2.09656
2.09656
2.09656
2.09657
2.09657
2.09657
2.09657
2.09658
2.09658
2.09658
2.09658
2.09658
2.09659
2.09659
2.09659
2.09659
2.09659
2.09659
2.09659
2.09659
2.09659
2.09659
2.09659
2.09659
2.09658
2.09658
2.09658
2.09658
2.09658
2.09658
2.09657
2.09657
2.09657
2.09657
2.09656
2.09656
2.09656
2.09655
2.09655
2.09655
2.09654
2.09654
2.09654
2.09653
2.09653
2.09653
2.09652
2.09652
2.09652
2.09651
2.09651
2.09651
2.0965
2.0965
2.0965
2.0965
2.09649
2.09649
2.09649
2.09649
2.09648
2.09648
2.09648
2.09648
2.09648
2.09648
2.09648
2.09648
2.09648
2.09648
2.09648
2.09648
2.09648
2.09648
2.09648
2.09648
2.09648
2.09649
2.09649
2.09649
2.09649
2.0965
2.0965
2.0965
2.0965
2.09651
2.09651
2.09652
2.09652
2.09652
2.09653
2.09653
2.09654
2.09654
2.09654
2.09655
2.09655
2.09656
2.09656
2.09657
2.09657
2.09657
2.09658
2.09658
2.09659
2.09659
2.09659
2.0966
2.0966
2.0966
2.0966
2.09661
2.09661
2.09661
2.09661
2.09662
2.09662
2.09662
2.09662
2.09662
2.09662
2.09662
2.09662
2.09662
2.09662
2.09662
2.09662
2.09662
2.09662
2.09662
2.09662
2.09662
2.09662
2.09661
2.09661
2.09661
2.09661
2.09661
2.0966
2.0966
2.0966
2.09659
2.09659
2.09659
2.09658
2.09658
2.09657
2.09657
2.09657
2.09656
2.09656
2.09655
2.09655
2.09654
2.09654
2.09653
2.09653
2.09652
2.09652
2.09651
2.09651
2.0965
2.09649
2.09649
2.09648
2.09648
2.09647
2.09647
2.09646
2.09646
2.09645
2.09645
2.09645
2.09644
2.09644
2.09643
2.09643
2.09643
2.09642
2.09642
2.09641
2.09641
2.09641
2.09641
2.0964
2.0964
2.0964
2.0964
2.09639
2.09639
2.09639
2.09639
2.09639
2.09638
2.09638
2.09638
2.09638
2.09638
2.09638
2.09638
2.09638
2.09638
2.09638
2.09638
2.09638
2.09638
2.09638
2.09638
2.09638
2.09638
2.09638
2.09638
2.09638
2.09638
2.09638
2.09638
2.09639
2.09639
2.09639
2.09639
2.09639
2.09639
2.09639
2.09639
2.09639
2.09639
2.09639
2.09639
2.09639
2.09639
2.09639
2.09639
2.09639
2.09639
2.09639
2.09639
2.09639
2.09639
2.09639
2.09639
2.09639
2.09639
2.09638
2.09638
2.09638
2.09638
2.09638
2.09638
2.09637
2.09637
2.09637
2.09637
2.09636
2.09636
2.09636
2.09636
2.09635
2.09635
2.09635
2.09634
2.09634
2.09634
2.09634
2.09633
2.09633
2.09633
2.09632
2.09632
2.09632
2.09631
2.09631
2.09631
2.0963
2.0963
2.0963
2.09629
2.09629
2.09629
2.09628
2.09628
2.09628
2.09627
2.09627
2.09627
2.09626
2.09626
2.09626
2.09625
2.09625
2.09625
2.09624
2.09624
2.09624
2.09623
2.09623
2.09622
2.09622
2.09622
2.09621
2.09621
2.0962
2.0962
2.0962
2.09619
2.09619
2.09618
2.09618
2.09617
2.09617
2.09616
2.09616
2.09615
2.09614
2.09614
2.09613
2.09613
2.09612
2.09612
2.09611
2.0961
2.0961
2.09609
2.09609
2.09608
2.09607
2.09607
2.09606
2.09606
2.09605
2.09605
2.09604
2.09603
2.09603
2.09602
2.09602
2.09601
2.09601
2.09601
2.096
2.096
2.09599
2.09599
2.09599
2.09598
2.09598
2.09598
2.09598
2.09597
2.09597
2.09597
2.09597
2.09597
2.09597
2.09597
2.09597
2.09597
2.09597
2.09597
2.09597
2.09597
2.09597
2.09597
2.09597
2.09598
2.09598
2.09598
2.09598
2.09599
2.09599
2.09599
2.09599
2.09599
2.096
2.096
2.096
2.09601
2.09601
2.09601
2.09601
2.09601
2.09602
2.09602
2.09602
2.09602
2.09602
2.09603
2.09603
2.09603
2.09603
2.09603
2.09603
2.09603
2.09603
2.09603
2.09603
2.09603
2.09603
2.09603
2.09603
2.09603
2.09603
2.09603
2.09603
2.09603
2.09603
2.09603
2.09603
2.09603
2.09603
2.09603
2.09603
2.09603
2.09603
2.09603
2.09603
2.09603
2.09603
2.09603
2.09603
2.09603
2.09603
2.09603
2.09603
2.09603
2.09603
2.09603
2.09603
2.09603
2.09603
2.09603
2.09603
2.09603
2.09603
2.09603
2.09603
2.09603
2.09603
2.09603
2.09603
2.09603
2.09603
2.09603
2.09602
2.09602
2.09602
2.09602
2.09602
2.09602
2.09601
2.09601
2.09601
2.09601
2.096
2.096
2.096
2.096
2.09599
2.09599
2.09599
2.09598
2.09598
2.09598
2.09597
2.09597
2.09597
2.09596
2.09596
2.09596
2.09595
2.09595
2.09595
2.09595
2.09594
2.09594
2.09594
2.09594
2.09594
2.09594
2.09594
2.09594
2.09594
2.09594
2.09594
2.09594
2.09595
2.09595
2.09595
2.09596
2.09596
2.09596
2.09597
2.09597
2.09598
2.09598
2.09599
2.09599
2.096
2.09601
2.09601
2.09602
2.09602
2.09603
2.09604
2.09604
2.09605
2.09605
2.09606
2.09607
2.09607
2.09608
2.09608
2.09609
2.09609
2.0961
2.0961
2.09611
2.09611
2.09612
2.09612
2.09612
2.09613
2.09613
2.09613
2.09613
2.09614
2.09614
2.09614
2.09614
2.09614
2.09615
2.09615
2.09615
2.09615
2.09615
2.09615
2.09615
2.09615
2.09615
2.09615
2.09615
2.09615
2.09616
2.09616
2.09616
2.09616
2.09616
2.09616
2.09616
2.09616
2.09616
2.09616
2.09616
2.09616
2.09616
2.09616
2.09616
2.09616
2.09617
2.09617
2.09617
2.09617
2.09617
2.09617
2.09617
2.09617
2.09617
2.09617
2.09617
2.09617
2.09617
2.09617
2.09618
2.09618
2.09618
2.09618
2.09618
2.09618
2.09618
2.09618
2.09618
2.09618
2.09618
2.09618
2.09619
2.09619
2.09619
2.09619
2.09619
2.09619
2.09619
2.09619
2.09619
2.09619
2.09619
2.0962
2.0962
2.0962
2.0962
2.0962
2.0962
2.0962
2.0962
2.0962
2.0962
2.0962
2.0962
2.0962
2.0962
2.0962
2.0962
2.0962
2.0962
2.0962
2.0962
2.09621
2.09621
2.09621
2.09621
2.09621
2.09621
2.09621
2.09621
2.09622
2.09622
2.09622
2.09622
2.09622
2.09623
2.09623
2.09623
2.09623
2.09624
2.09624
2.09624
2.09625
2.09625
2.09625
2.09626
2.09626
2.09626
2.09626
2.09627
2.09627
2.09627
2.09628
2.09628
2.09628
2.09628
2.09628
2.09629
2.09629
2.09629
2.09629
2.09629
2.09629
2.09629
2.09629
2.09629
2.09629
2.09629
2.09629
2.09629
2.09628
2.09628
2.09628
2.09628
2.09628
2.09628
2.09627
2.09627
2.09627
2.09627
2.09627
2.09627
2.09626
2.09626
2.09626
2.09626
2.09626
2.09626
2.09626
2.09626
2.09626
2.09626
2.09626
2.09626
2.09626
2.09626
2.09626
2.09626
2.09626
2.09627
2.09627
2.09627
2.09627
2.09628
2.09628
2.09629
2.09629
2.09629
2.0963
2.0963
2.09631
2.09631
2.09632
2.09632
2.09633
2.09633
2.09634
2.09635
2.09635
2.09636
2.09636
2.09637
2.09637
2.09638
2.09639
2.09639
2.0964
2.0964
2.09641
2.09642
2.09642
2.09643
2.09643
2.09644
2.09645
2.09645
2.09646
2.09646
2.09647
2.09648
2.09648
2.09649
2.0965
2.0965
2.09651
2.09652
2.09652
2.09653
2.09653
2.09654
2.09655
2.09655
2.09656
2.09657
2.09657
2.09658
2.09658
2.09659
2.09659
2.0966
2.09661
2.09661
2.09662
2.09662
2.09663
2.09663
2.09663
2.09664
2.09664
2.09665
2.09665
2.09665
2.09666
2.09666
2.09666
2.09666
2.09666
2.09667
2.09667
2.09667
2.09667
2.09667
2.09667
2.09667
2.09667
2.09667
2.09667
2.09666
2.09666
2.09666
2.09666
2.09666
2.09665
2.09665
2.09665
2.09664
2.09664
2.09664
2.09663
2.09663
2.09662
2.09662
2.09661
2.0966
2.0966
2.09659
2.09659
2.09658
2.09657
2.09656
2.09656
2.09655
2.09654
2.09653
2.09653
2.09652
2.09651
2.0965
2.09649
2.09648
2.09647
2.09646
2.09645
2.09645
2.09644
2.09643
2.09642
2.09641
2.0964
2.09639
2.09638
2.09637
2.09636
2.09635
2.09634
2.09633
2.09632
2.09631
2.0963
2.09629
2.09628
2.09627
2.09626
2.09625
2.09624
2.09623
2.09623
2.09622
2.09621
2.0962
2.09619
2.09618
2.09617
2.09617
2.09616
2.09615
2.09615
2.09614
2.09613
2.09613
2.09612
2.09611
2.09611
2.0961
2.0961
2.0961
2.09609
2.09609
2.09608
2.09608
2.09608
2.09608
2.09607
2.09607
2.09607
2.09607
2.09607
2.09607
2.09607
2.09607
2.09607
2.09607
2.09607
2.09607
2.09608
2.09608
2.09608
2.09608
2.09609
2.09609
2.09609
2.09609
2.0961
2.0961
2.0961
2.09611
2.09611
2.09611
2.09612
2.09612
2.09613
2.09613
2.09613
2.09614
2.09614
2.09614
2.09614
2.09615
2.09615
2.09615
2.09616
2.09616
2.09616
2.09616
2.09617
2.09617
2.09617
2.09617
2.09617
2.09617
2.09618
2.09618
2.09618
2.09618
2.09618
2.09618
2.09619
2.09619
2.09619
2.09619
2.09619
2.09619
2.0962
2.0962
2.0962
2.0962
2.0962
2.09621
2.09621
2.09621
2.09621
2.09621
2.09622
2.09622
2.09622
2.09622
2.09622
2.09623
2.09623
2.09623
2.09623
2.09623
2.09624
2.09624
2.09624
2.09624
2.09624
2.09625
2.09625
2.09625
2.09625
2.09625
2.09626
2.09626
2.09626
2.09626
2.09626
2.09627
2.09627
2.09627
2.09627
2.09627
2.09628
2.09628
2.09628
2.09628
2.09628
2.09628
2.09629
2.09629
2.09629
2.09629
2.09629
2.0963
2.0963
2.0963
2.0963
2.0963
2.0963
2.09631
2.09631
2.09631
2.09631
2.09631
2.09631
2.09632
2.09632
2.09632
2.09632
2.09632
2.09632
2.09632
2.09633
2.09633
2.09633
2.09633
2.09633
2.09633
2.09633
2.09634
2.09634
2.09634
2.09634
2.09634
2.09634
2.09634
2.09634
2.09634
2.09634
2.09634
2.09634
2.09634
2.09635
2.09635
2.09635
2.09635
2.09635
2.09635
2.09635
2.09635
2.09635
2.09635
2.09635
2.09635
2.09635
2.09635
2.09636
2.09636
2.09636
2.09636
2.09636
2.09636
2.09636
2.09637
2.09637
2.09637
2.09637
2.09637
2.09637
2.09638
2.09638
2.09638
2.09638
2.09638
2.09638
2.09639
2.09639
2.09639
2.09639
2.09639
2.0964
2.0964
2.0964
2.0964
2.0964
2.0964
2.0964
2.09641
2.09641
2.09641
2.09641
2.09641
2.09641
2.09641
2.09641
2.09641
2.09641
2.09641
2.09641
2.09641
2.09641
2.09641
2.09641
2.09641
2.0964
2.0964
2.0964
2.0964
2.0964
2.09639
2.09639
2.09639
2.09638
2.09638
2.09637
2.09637
2.09636
2.09636
2.09635
2.09635
2.09634
2.09633
2.09633
2.09632
2.09631
2.09631
2.0963
2.09629
2.09628
2.09628
2.09627
2.09626
2.09625
2.09624
2.09624
2.09623
2.09622
2.09621
2.09621
2.0962
2.09619
2.09619
2.09618
2.09617
2.09617
2.09616
2.09616
2.09615
2.09615
2.09615
2.09615
2.09614
2.09614
2.09614
2.09614
2.09614
2.09614
2.09614
2.09615
2.09615
2.09615
2.09616
2.09616
2.09617
2.09617
2.09618
2.09619
2.09619
2.0962
2.09621
2.09622
2.09623
2.09624
2.09625
2.09626
2.09627
2.09628
2.09629
2.0963
2.09632
2.09633
2.09634
2.09635
2.09636
2.09638
2.09639
2.0964
2.09642
2.09643
2.09644
2.09645
2.09647
2.09648
2.09649
2.0965
2.09651
2.09653
2.09654
2.09655
2.09656
2.09657
2.09658
2.09659
2.0966
2.09661
2.09662
2.09663
2.09664
2.09664
2.09665
2.09666
2.09667
2.09667
2.09668
2.09669
2.09669
2.0967
2.0967
2.09671
2.09672
2.09672
2.09673
2.09673
2.09673
2.09674
2.09674
2.09675
2.09675
2.09675
2.09676
2.09676
2.09676
2.09677
2.09677
2.09677
2.09677
2.09678
2.09678
2.09678
2.09678
2.09678
2.09678
2.09678
2.09679
2.09679
2.09679
2.09679
2.09679
2.09679
2.09679
2.09679
2.09678
2.09678
2.09678
2.09678
2.09678
2.09678
2.09677
2.09677
2.09677
2.09677
2.09676
2.09676
2.09676
2.09675
2.09675
2.09674
2.09674
2.09673
2.09673
2.09672
2.09672
2.09671
2.09671
2.0967
2.09669
2.09669
2.09668
2.09667
2.09666
2.09665
2.09665
2.09664
2.09663
2.09662
2.09661
2.0966
2.09659
2.09658
2.09657
2.09656
2.09655
2.09654
2.09653
2.09652
2.09651
2.0965
2.09649
2.09648
2.09647
2.09646
2.09645
2.09644
2.09643
2.09642
2.09641
2.0964
2.09639
2.09638
2.09637
2.09636
2.09636
2.09635
2.09634
2.09633
2.09632
2.09631
2.09631
2.0963
2.09629
2.09628
2.09628
2.09627
2.09626
2.09626
2.09625
2.09624
2.09624
2.09623
2.09623
2.09622
2.09622
2.09621
2.09621
2.09621
2.0962
2.0962
2.0962
2.0962
2.09619
2.09619
2.09619
2.09619
2.09619
2.09619
2.09619
2.09619
2.09619
2.09619
2.09619
2.0962
2.0962
2.0962
2.0962
2.09621
2.09621
2.09621
2.09622
2.09622
2.09623
2.09623
2.09624
2.09624
2.09625
2.09625
2.09625
2.09626
2.09626
2.09627
2.09627
2.09628
2.09628
2.09629
2.09629
2.09629
2.0963
2.0963
2.0963
2.09631
2.09631
2.09631
2.09631
2.09632
2.09632
2.09632
2.09632
2.09632
2.09632
2.09632
2.09632
2.09632
2.09632
2.09632
2.09632
2.09632
2.09632
2.09632
2.09632
2.09632
2.09632
2.09631
2.09631
2.09631
2.09631
2.09631
2.09631
2.0963
2.0963
2.0963
2.0963
2.0963
2.0963
2.09629
2.09629
2.09629
2.09629
2.09629
2.09629
2.09629
2.09629
2.09629
2.09629
2.09629
2.09628
2.09628
2.09628
2.09628
2.09628
2.09628
2.09628
2.09628
2.09628
2.09629
2.09629
2.09629
2.09629
2.09629
2.09629
2.09629
2.09629
2.09629
2.09629
2.09629
2.09629
2.09629
2.09629
2.09629
2.09629
2.09629
2.09629
2.09629
2.09629
2.09629
2.09629
2.09629
2.09629
2.09629
2.09629
2.09629
2.09629
2.09629
2.09629
2.09629
2.09629
2.09629
2.09628
2.09628
2.09628
2.09628
2.09628
2.09627
2.09627
2.09627
2.09626
2.09626
2.09626
2.09625
2.09625
2.09625
2.09624
2.09624
2.09623
2.09623
2.09622
2.09622
2.09621
2.09621
2.0962
2.0962
2.09619
2.09619
2.09618
2.09618
2.09617
2.09617
2.09616
2.09616
2.09615
2.09615
2.09614
2.09614
2.09614
2.09613
2.09613
2.09612
2.09612
2.09612
2.09611
2.09611
2.09611
2.09611
2.0961
2.0961
2.0961
2.0961
2.0961
2.09609
2.09609
2.09609
2.09609
2.09609
2.09609
2.09609
2.0961
2.0961
2.0961
2.0961
2.0961
2.09611
2.09611
2.09611
2.09611
2.09612
2.09612
2.09613
2.09613
2.09614
2.09614
2.09615
2.09615
2.09616
2.09616
2.09617
2.09617
2.09618
2.09619
2.09619
2.0962
2.09621
2.09621
2.09622
2.09622
2.09623
2.09624
2.09624
2.09625
2.09625
2.09626
2.09627
2.09627
2.09628
2.09628
2.09629
2.09629
2.0963
2.0963
2.0963
2.09631
2.09631
2.09631
2.09632
2.09632
2.09632
2.09632
2.09633
2.09633
2.09633
2.09633
2.09633
2.09633
2.09633
2.09633
2.09633
2.09633
2.09633
2.09633
2.09633
2.09633
2.09633
2.09633
2.09633
2.09632
2.09632
2.09632
2.09632
2.09632
2.09632
2.09632
2.09631
2.09631
2.09631
2.09631
2.09631
2.0963
2.0963
2.0963
2.0963
2.0963
2.0963
2.09629
2.09629
2.09629
2.09629
2.09629
2.09629
2.09628
2.09628
2.09628
2.09628
2.09628
2.09627
2.09627
2.09627
2.09627
2.09626
2.09626
2.09626
2.09626
2.09625
2.09625
2.09625
2.09625
2.09624
2.09624
2.09624
2.09623
2.09623
2.09623
2.09622
2.09622
2.09622
2.09621
2.09621
2.09621
2.0962
2.0962
2.0962
2.0962
2.09619
2.09619
2.09619
2.09618
2.09618
2.09618
2.09618
2.09618
2.09617
2.09617
2.09617
2.09617
2.09617
2.09617
2.09617
2.09616
2.09616
2.09616
2.09616
2.09616
2.09616
2.09616
2.09616
2.09616
2.09617
2.09617
2.09617
2.09617
2.09617
2.09617
2.09617
2.09618
2.09618
2.09618
2.09618
2.09619
2.09619
2.09619
2.0962
2.0962
2.0962
2.09621
2.09621
2.09621
2.09622
2.09622
2.09622
2.09623
2.09623
2.09623
2.09624
2.09624
2.09625
2.09625
2.09625
2.09625
2.09626
2.09626
2.09626
2.09627
2.09627
2.09627
2.09627
2.09627
2.09627
2.09628
2.09628
2.09628
2.09628
2.09628
2.09628
2.09628
2.09628
2.09628
2.09628
2.09628
2.09628
2.09628
2.09628
2.09628
2.09627
2.09627
2.09627
2.09627
2.09627
2.09627
2.09627
2.09627
2.09627
2.09627
2.09627
2.09627
2.09627
2.09627
2.09627
2.09627
2.09627
2.09627
2.09628
2.09628
2.09628
2.09628
2.09628
2.09629
2.09629
2.09629
2.09629
2.0963
2.0963
2.0963
2.09631
2.09631
2.09632
2.09632
2.09632
2.09633
2.09633
2.09633
2.09634
2.09634
2.09635
2.09635
2.09636
2.09636
2.09636
2.09637
2.09637
2.09637
2.09638
2.09638
2.09639
2.09639
2.09639
2.0964
2.0964
2.0964
2.0964
2.09641
2.09641
2.09641
2.09641
2.09641
2.09642
2.09642
2.09642
2.09642
2.09642
2.09642
2.09642
2.09642
2.09642
2.09642
2.09642
2.09642
2.09642
2.09642
2.09642
2.09642
2.09642
2.09642
2.09642
2.09641
2.09641
2.09641
2.09641
2.09641
2.09641
2.09641
2.0964
2.0964
2.0964
2.0964
2.0964
2.0964
2.09639
2.09639
2.09639
2.09639
2.09639
2.09638
2.09638
2.09638
2.09638
2.09637
2.09637
2.09637
2.09637
2.09637
2.09636
2.09636
2.09636
2.09635
2.09635
2.09635
2.09635
2.09634
2.09634
2.09634
2.09634
2.09633
2.09633
2.09633
2.09632
2.09632
2.09632
2.09632
2.09631
2.09631
2.09631
2.09631
2.0963
2.0963
2.0963
2.0963
2.0963
2.09629
2.09629
2.09629
2.09629
2.09629
2.09629
2.09629
2.09628
2.09628
2.09628
2.09628
2.09628
2.09628
2.09628
2.09628
2.09628
2.09627
2.09627
2.09627
2.09627
2.09627
2.09627
2.09627
2.09627
2.09627
2.09626
2.09626
2.09626
2.09626
2.09626
2.09626
2.09626
2.09625
2.09625
2.09625
2.09625
2.09625
2.09625
2.09624
2.09624
2.09624
2.09624
2.09624
2.09624
2.09623
2.09623
2.09623
2.09623
2.09623
2.09623
2.09623
2.09622
2.09622
2.09622
2.09622
2.09622
2.09622
2.09622
2.09622
2.09622
2.09622
2.09622
2.09623
2.09623
2.09623
2.09623
2.09623
2.09623
2.09624
2.09624
2.09624
2.09624
2.09625
2.09625
2.09625
2.09626
2.09626
2.09626
2.09627
2.09627
2.09628
2.09628
2.09628
2.09629
2.09629
2.0963
2.0963
2.09631
2.09631
2.09631
2.09632
2.09632
2.09633
2.09633
2.09634
2.09634
2.09635
2.09635
2.09636
2.09636
2.09637
2.09637
2.09637
2.09638
2.09638
2.09639
2.09639
2.09639
2.0964
2.0964
2.09641
2.09641
2.09641
2.09642
2.09642
2.09642
2.09642
2.09643
2.09643
2.09643
2.09643
2.09643
2.09644
2.09644
2.09644
2.09644
2.09644
2.09644
2.09644
2.09644
2.09644
2.09644
2.09644
2.09644
2.09644
2.09644
2.09644
2.09644
2.09644
2.09644
2.09644
2.09644
2.09644
2.09644
2.09644
2.09643
2.09643
2.09643
2.09643
2.09643
2.09643
2.09643
2.09643
2.09643
2.09643
2.09643
2.09643
2.09643
2.09643
2.09643
2.09643
2.09643
2.09643
2.09643
2.09643
2.09644
2.09644
2.09644
2.09644
2.09644
2.09644
2.09645
2.09645
2.09645
2.09645
2.09645
2.09646
2.09646
2.09646
2.09646
2.09646
2.09647
2.09647
2.09647
2.09647
2.09647
2.09648
2.09648
2.09648
2.09648
2.09648
2.09648
2.09648
2.09648
2.09648
2.09649
2.09649
2.09649
2.09649
2.09648
2.09648
2.09648
2.09648
2.09648
2.09648
2.09648
2.09648
2.09648
2.09647
2.09647
2.09647
2.09647
2.09646
2.09646
2.09646
2.09646
2.09645
2.09645
2.09645
2.09645
2.09644
2.09644
2.09644
2.09643
2.09643
2.09643
2.09643
2.09642
2.09642
2.09642
2.09641
2.09641
2.09641
2.09641
2.09641
2.0964
2.0964
2.0964
2.0964
2.0964
2.0964
2.09639
2.09639
2.09639
2.09639
2.09639
2.09639
2.09639
2.09639
2.09639
2.09639
2.0964
2.0964
2.0964
2.0964
2.0964
2.0964
2.09641
2.09641
2.09641
2.09641
2.09641
2.09642
2.09642
2.09642
2.09643
2.09643
2.09643
2.09644
2.09644
2.09644
2.09645
2.09645
2.09645
2.09646
2.09646
2.09647
2.09647
2.09647
2.09648
2.09648
2.09649
2.09649
2.09649
2.0965
2.0965
2.09651
2.09651
2.09652
2.09652
2.09652
2.09653
2.09653
2.09653
2.09654
2.09654
2.09655
2.09655
2.09655
2.09655
2.09656
2.09656
2.09656
2.09657
2.09657
2.09657
2.09657
2.09657
2.09657
2.09658
2.09658
2.09658
2.09658
2.09658
2.09658
2.09658
2.09658
2.09658
2.09658
2.09658
2.09658
2.09658
2.09658
2.09658
2.09657
2.09657
2.09657
2.09657
2.09657
2.09657
2.09657
2.09656
2.09656
2.09656
2.09656
2.09656
2.09655
2.09655
2.09655
2.09655
2.09655
2.09654
2.09654
2.09654
2.09654
2.09653
2.09653
2.09653
2.09652
2.09652
2.09652
2.09652
2.09651
2.09651
2.0965
2.0965
2.0965
2.09649
2.09649
2.09648
2.09648
2.09647
2.09647
2.09646
2.09646
2.09645
2.09645
2.09644
2.09643
2.09643
2.09642
2.09641
2.09641
2.0964
2.09639
2.09638
2.09638
2.09637
2.09636
2.09635
2.09634
2.09633
2.09632
2.09631
2.0963
2.0963
2.09629
2.09628
2.09627
2.09626
2.09625
2.09624
2.09623
2.09622
2.09621
2.0962
2.09619
2.09618
2.09618
2.09617
2.09616
2.09615
2.09614
2.09614
2.09613
2.09612
2.09612
2.09611
2.09611
2.0961
2.0961
2.09609
2.09609
2.09609
2.09609
2.09608
2.09608
2.09608
2.09608
2.09608
2.09608
2.09609
2.09609
2.09609
2.09609
2.0961
2.0961
2.09611
2.09611
2.09612
2.09612
2.09613
2.09614
2.09614
2.09615
2.09616
2.09617
2.09618
2.09619
2.0962
2.09621
2.09621
2.09622
2.09623
2.09624
2.09625
2.09626
2.09627
2.09628
2.09629
2.0963
2.09631
2.09632
2.09633
2.09634
2.09635
2.09636
2.09637
2.09638
2.09639
2.0964
2.0964
2.09641
2.09642
2.09643
2.09643
2.09644
2.09645
2.09645
2.09646
2.09646
2.09647
2.09647
2.09648
2.09648
2.09649
2.09649
2.09649
2.0965
2.0965
2.0965
2.0965
2.0965
2.09651
2.09651
2.09651
2.09651
2.09651
2.09651
2.09651
2.0965
2.0965
2.0965
2.0965
2.0965
2.0965
2.0965
2.09649
2.09649
2.09649
2.09649
2.09648
2.09648
2.09648
2.09648
2.09647
2.09647
2.09647
2.09647
2.09646
2.09646
2.09646
2.09646
2.09645
2.09645
2.09645
2.09645
2.09645
2.09644
2.09644
2.09644
2.09644
2.09644
2.09643
2.09643
2.09643
2.09643
2.09642
2.09642
2.09642
2.09642
2.09642
2.09641
2.09641
2.09641
2.09641
2.0964
2.0964
2.0964
2.0964
2.09639
2.09639
2.09639
2.09639
2.09638
2.09638
2.09638
2.09637
2.09637
2.09637
2.09637
2.09636
2.09636
2.09636
2.09635
2.09635
2.09635
2.09634
2.09634
2.09634
2.09634
2.09633
2.09633
2.09633
2.09633
2.09632
2.09632
2.09632
2.09632
2.09632
2.09631
2.09631
2.09631
2.09631
2.09631
2.0963
2.0963
2.0963
2.0963
2.0963
2.0963
2.0963
2.0963
2.0963
2.0963
2.0963
2.0963
2.0963
2.09629
2.0963
2.0963
2.0963
2.0963
2.0963
2.0963
2.0963
2.0963
2.0963
2.0963
2.0963
2.0963
2.0963
2.0963
2.0963
2.0963
2.0963
2.09631
2.09631
2.09631
2.09631
2.09631
2.09631
2.09631
2.09631
2.09631
2.09631
2.09631
2.09631
2.09631
2.09631
2.09631
2.09632
2.09632
2.09632
2.09632
2.09632
2.09632
2.09632
2.09633
2.09633
2.09633
2.09633
2.09634
2.09634
2.09634
2.09635
2.09635
2.09636
2.09636
2.09637
2.09637
2.09638
2.09638
2.09639
2.0964
2.0964
2.09641
2.09642
2.09643
2.09643
2.09644
2.09645
2.09646
2.09647
2.09648
2.09649
2.0965
2.0965
2.09651
2.09652
2.09653
2.09654
2.09655
2.09656
2.09657
2.09658
2.09658
2.09659
2.0966
2.09661
2.09662
2.09662
2.09663
2.09664
2.09664
2.09665
2.09666
2.09666
2.09667
2.09668
2.09668
2.09669
2.09669
2.0967
2.0967
2.0967
2.09671
2.09671
2.09671
2.09672
2.09672
2.09672
2.09673
2.09673
2.09673
2.09673
2.09673
2.09674
2.09674
2.09674
2.09674
2.09674
2.09674
2.09675
2.09675
2.09675
2.09675
2.09675
2.09675
2.09676
2.09676
2.09676
2.09676
2.09676
2.09677
2.09677
2.09677
2.09677
2.09678
2.09678
2.09678
2.09679
2.09679
2.09679
2.0968
2.0968
2.09681
2.09681
2.09681
2.09682
2.09682
2.09682
2.09683
2.09683
2.09684
2.09684
2.09684
2.09685
2.09685
2.09685
2.09686
2.09686
2.09686
2.09686
2.09686
2.09687
2.09687
2.09687
2.09687
2.09687
2.09687
2.09687
2.09687
2.09687
2.09687
2.09686
2.09686
2.09686
2.09686
2.09686
2.09685
2.09685
2.09685
2.09684
2.09684
2.09684
2.09683
2.09683
2.09683
2.09682
2.09682
2.09681
2.09681
2.09681
2.0968
2.0968
2.09679
2.09679
2.09678
2.09678
2.09678
2.09677
2.09677
2.09676
2.09676
2.09675
2.09675
2.09674
2.09674
2.09673
2.09673
2.09672
2.09672
2.09671
2.09671
2.0967
2.0967
2.09669
2.09669
2.09668
2.09668
2.09667
2.09667
2.09667
2.09666
2.09666
2.09666
2.09665
2.09665
2.09665
2.09664
2.09664
2.09664
2.09663
2.09663
2.09663
2.09663
2.09663
2.09663
2.09663
2.09662
2.09662
2.09662
2.09662
2.09662
2.09662
2.09662
2.09662
2.09662
2.09662
2.09662
2.09662
2.09662
2.09662
2.09663
2.09663
2.09663
2.09663
2.09663
2.09663
2.09663
2.09663
2.09663
2.09663
2.09663
2.09663
2.09663
2.09663
2.09664
2.09664
2.09664
2.09664
2.09664
2.09664
2.09664
2.09664
2.09664
2.09664
2.09664
2.09664
2.09663
2.09663
2.09663
2.09663
2.09663
2.09663
2.09663
2.09662
2.09662
2.09662
2.09662
2.09661
2.09661
2.09661
2.0966
2.0966
2.0966
2.09659
2.09659
2.09658
2.09657
2.09657
2.09656
2.09656
2.09655
2.09654
2.09653
2.09653
2.09652
2.09651
2.0965
2.0965
2.09649
2.09648
2.09647
2.09646
2.09645
2.09644
2.09643
2.09643
2.09642
2.09641
2.0964
2.09639
2.09638
2.09637
2.09637
2.09636
2.09635
2.09634
2.09634
2.09633
2.09632
2.09632
2.09631
2.09631
2.0963
2.0963
2.09629
2.09629
2.09628
2.09628
2.09628
2.09627
2.09627
2.09627
2.09626
2.09626
2.09626
2.09626
2.09626
2.09626
2.09625
2.09625
2.09625
2.09625
2.09625
2.09625
2.09625
2.09625
2.09625
2.09625
2.09625
2.09625
2.09625
2.09625
2.09625
2.09625
2.09625
2.09625
2.09625
2.09625
2.09625
2.09625
2.09625
2.09625
2.09624
2.09624
2.09624
2.09624
2.09624
2.09624
2.09624
2.09624
2.09624
2.09624
2.09623
2.09623
2.09623
2.09623
2.09623
2.09623
2.09622
2.09622
2.09622
2.09622
2.09622
2.09622
2.09621
2.09621
2.09621
2.09621
2.09621
2.0962
2.0962
2.0962
2.0962
2.0962
2.09619
2.09619
2.09619
2.09619
2.09619
2.09619
2.09618
2.09618
2.09618
2.09618
2.09618
2.09618
2.09618
2.09618
2.09618
2.09618
2.09618
2.09617
2.09617
2.09617
2.09617
2.09617
2.09617
2.09617
2.09617
2.09617
2.09617
2.09617
2.09617
2.09617
2.09617
2.09617
2.09617
2.09617
2.09617
2.09617
2.09617
2.09616
2.09616
2.09616
2.09616
2.09616
2.09616
2.09616
2.09615
2.09615
2.09615
2.09615
2.09615
2.09615
2.09614
2.09614
2.09614
2.09614
2.09614
2.09614
2.09613
2.09613
2.09613
2.09613
2.09613
2.09613
2.09613
2.09612
2.09612
2.09612
2.09612
2.09612
2.09612
2.09612
2.09612
2.09612
2.09612
2.09612
2.09612
2.09612
2.09612
2.09613
2.09613
2.09613
2.09613
2.09613
2.09613
2.09613
2.09613
2.09614
2.09614
2.09614
2.09614
2.09614
2.09614
2.09614
2.09615
2.09615
2.09615
2.09615
2.09615
2.09615
2.09615
2.09615
2.09615
2.09615
2.09615
2.09615
2.09615
2.09615
2.09615
2.09615
2.09615
2.09615
2.09614
2.09614
2.09614
2.09614
2.09614
2.09613
2.09613
2.09613
2.09613
2.09612
2.09612
2.09612
2.09611
2.09611
2.09611
2.0961
2.0961
2.0961
2.09609
2.09609
2.09609
2.09608
2.09608
2.09607
2.09607
2.09607
2.09606
2.09606
2.09606
2.09605
2.09605
2.09605
2.09604
2.09604
2.09603
2.09603
2.09603
2.09602
2.09602
2.09601
2.09601
2.09601
2.096
2.096
2.09599
2.09599
2.09598
2.09598
2.09598
2.09597
2.09597
2.09596
2.09596
2.09595
2.09595
2.09594
2.09594
2.09593
2.09593
2.09592
2.09592
2.09591
2.09591
2.0959
2.0959
2.09589
2.09589
2.09588
2.09588
2.09587
2.09587
2.09586
2.09586
2.09585
2.09585
2.09584
2.09584
2.09583
2.09583
2.09583
2.09582
2.09582
2.09582
2.09581
2.09581
2.09581
2.0958
2.0958
2.0958
2.09579
2.09579
2.09579
2.09579
2.09579
2.09578
2.09578
2.09578
2.09578
2.09578
2.09578
2.09578
2.09578
2.09578
2.09578
2.09578
2.09578
2.09578
2.09578
2.09578
2.09578
2.09578
2.09578
2.09578
2.09578
2.09579
2.09579
2.09579
2.09579
2.0958
2.0958
2.0958
2.09581
2.09581
2.09581
2.09582
2.09582
2.09583
2.09583
2.09584
2.09584
2.09585
2.09585
2.09586
2.09586
2.09587
2.09587
2.09588
2.09588
2.09589
2.09589
2.0959
2.09591
2.09591
2.09592
2.09592
2.09593
2.09593
2.09594
2.09594
2.09595
2.09595
2.09596
2.09596
2.09597
2.09597
2.09598
2.09598
2.09599
2.09599
2.09599
2.096
2.096
2.09601
2.09601
2.09601
2.09602
2.09602
2.09603
2.09603
2.09603
2.09604
2.09604
2.09604
2.09605
2.09605
2.09605
2.09606
2.09606
2.09607
2.09607
2.09607
2.09608
2.09608
2.09608
2.09609
2.09609
2.0961
2.0961
2.09611
2.09611
2.09612
2.09612
2.09613
2.09613
2.09614
2.09614
2.09615
2.09615
2.09616
2.09616
2.09617
2.09617
2.09618
2.09619
2.09619
2.0962
2.0962
2.09621
2.09621
2.09622
2.09623
2.09623
2.09624
2.09624
2.09625
2.09625
2.09626
2.09626
2.09627
2.09627
2.09627
2.09628
2.09628
2.09629
2.09629
2.09629
2.0963
2.0963
2.0963
2.0963
2.09631
2.09631
2.09631
2.09631
2.09631
2.09631
2.09632
2.09632
2.09632
2.09632
2.09632
2.09632
2.09632
2.09632
2.09632
2.09632
2.09632
2.09632
2.09632
2.09632
2.09632
2.09632
2.09632
2.09632
2.09632
2.09633
2.09633
2.09633
2.09633
2.09633
2.09633
2.09633
2.09633
2.09633
2.09633
2.09634
2.09634
2.09634
2.09634
2.09634
2.09634
2.09634
2.09634
2.09634
2.09634
2.09634
2.09634
2.09634
2.09634
2.09634
2.09634
2.09634
2.09634
2.09634
2.09634
2.09634
2.09634
2.09634
2.09633
2.09633
2.09633
2.09633
2.09633
2.09632
2.09632
2.09632
2.09632
2.09631
2.09631
2.09631
2.0963
2.0963
2.0963
2.09629
2.09629
2.09629
2.09629
2.09628
2.09628
2.09628
2.09627
2.09627
2.09627
2.09627
2.09627
2.09626
2.09626
2.09626
2.09626
2.09626
2.09626
2.09626
2.09626
2.09626
2.09626
2.09626
2.09626
2.09626
2.09626
2.09626
2.09626
2.09626
2.09626
2.09626
2.09626
2.09626
2.09627
2.09627
2.09627
2.09627
2.09627
2.09627
2.09627
2.09627
2.09627
2.09628
2.09628
2.09628
2.09628
2.09628
2.09628
2.09628
2.09628
2.09628
2.09628
2.09628
2.09628
2.09628
2.09627
2.09627
2.09627
2.09627
2.09627
2.09627
2.09627
2.09626
2.09626
2.09626
2.09626
2.09626
2.09625
2.09625
2.09625
2.09625
2.09625
2.09624
2.09624
2.09624
2.09624
2.09624
2.09623
2.09623
2.09623
2.09623
2.09623
2.09623
2.09622
2.09622
2.09622
2.09622
2.09622
2.09622
2.09622
2.09622
2.09622
2.09622
2.09622
2.09622
2.09622
2.09622
2.09622
2.09622
2.09622
2.09622
2.09622
2.09622
2.09622
2.09622
2.09622
2.09622
2.09622
2.09622
2.09622
2.09622
2.09622
2.09622
2.09622
2.09622
2.09621
2.09621
2.09621
2.09621
2.0962
2.0962
2.0962
2.0962
2.09619
2.09619
2.09618
2.09618
2.09618
2.09617
2.09617
2.09616
2.09615
2.09615
2.09614
2.09614
2.09613
2.09612
2.09612
2.09611
2.0961
2.0961
2.09609
2.09608
2.09607
2.09607
2.09606
2.09605
2.09604
2.09604
2.09603
2.09602
2.09601
2.09601
2.096
2.09599
2.09598
2.09598
2.09597
2.09597
2.09596
2.09595
2.09595
2.09594
2.09594
2.09593
2.09593
2.09593
2.09592
2.09592
2.09591
2.09591
2.09591
2.09591
2.0959
2.0959
2.0959
2.0959
2.0959
2.0959
2.0959
2.0959
2.0959
2.0959
2.0959
2.0959
2.0959
2.0959
2.0959
2.0959
2.0959
2.09591
2.09591
2.09591
2.09591
2.09592
2.09592
2.09592
2.09593
2.09593
2.09594
2.09594
2.09594
2.09595
2.09595
2.09596
2.09596
2.09597
2.09597
2.09598
2.09598
2.09599
2.096
2.096
2.09601
2.09601
2.09602
2.09603
2.09603
2.09604
2.09605
2.09605
2.09606
2.09607
2.09607
2.09608
2.09609
2.09609
2.0961
2.09611
2.09612
2.09612
2.09613
2.09614
2.09614
2.09615
2.09616
2.09616
2.09617
2.09618
2.09618
2.09619
2.09619
2.0962
2.09621
2.09621
2.09622
2.09622
2.09623
2.09624
2.09624
2.09625
2.09625
2.09626
2.09626
2.09627
2.09627
2.09627
2.09628
2.09628
2.09628
2.09629
2.09629
2.09629
2.0963
2.0963
2.0963
2.0963
2.0963
2.09631
2.09631
2.09631
2.09631
2.09631
2.09631
2.09631
2.09631
2.09631
