5.5549
5.70639
2.40036
0.700168
5.26404
4.67028
8.34336
6.11728
8.70739
7.01623
1.10409
9.48268
1.25045
4.23008
2.59493
0.758735
9.8229
2.85651
4.4219
6.7564
4.79356
8.27844
4.27504
3.63866
0.729676
2.70304
9.73928
4.75239
7.57038
0.180323
1.61652
9.66649
3.48796
0.622143
1.55231
3.57587
1.22517
5.96783
3.97163
6.06503
7.27076
6.31408
7.21222
9.50848
8.82204
7.6733
9.1138
6.02899
8.99806
9.15353
0.535803
7.44719
6.58385
3.57851
9.99585
3.89265
8.31436
8.88095
0.472535
3.17091
7.89816
4.26105
9.71297
4.11979
6.75149
0.401925
2.15126
3.78323
3.38208
5.88144
2.67117
5.45016
6.42574
9.16915
1.37747
9.91227
2.99278
9.47285
3.14076
8.22822
2.09436
4.86262
9.84277
0.344067
9.31149
7.05548
9.58686
2.33286
0.364803
8.08887
4.66539
6.69316
7.43343
1.65967
5.18302
8.34632
1.11489
4.50364
1.40768
8.29731
6.66314
8.23727
8.68695
4.90777
5.97154
6.36299
6.88452
5.3753
4.33266
3.86904
2.48145
7.54033
6.63229
8.41167
8.98458
6.2794
3.35731
2.05105
6.53573
2.91546
5.74977
4.33147
5.95323
7.01403
3.84565
1.14531
6.35392
2.49663
2.56531
4.04533
4.48071
1.5187
6.0936
2.33161
1.21144
0.756043
7.27717
3.788
5.50568
2.7494
2.31205
4.40051
7.76783
1.79272
8.5348
5.92469
9.57704
3.52539
0.863462
1.55323
8.14967
8.85358
5.18036
7.41396
3.32542
8.54061
2.04196
6.10589
0.522609
6.97231
7.06436
1.05046
6.34591
9.76508
3.19765
8.05031
7.05307
9.94216
8.26075
4.59951
4.22516
7.74558
6.50285
3.38959
6.10256
2.27597
3.96054
0.929687
2.69109
2.85488
6.21583
1.43206
6.89865
6.59965
9.57923
0.514164
5.45389
3.85414
9.6159
2.43346
6.93391
5.84543
4.12591
7.94931
5.3998
5.20179
8.73603
4.1218
4.48992
5.89781
6.8554
1.2613
9.16772
9.63868
2.69738
8.50549
3.52301
2.70452
0.265742
7.58984
7.89675
4.83663
8.33746
7.06116
8.94944
6.25264
0.133871
0.251971
2.87055
7.22859
5.34647
1.4378
7.72449
1.99172
2.29034
0.819678
0.790582
7.87888
7.11575
4.02479
1.85414
5.01531
8.08221
4.97271
0.68009
7.12014
1.94407
9.94414
5.28654
2.65693
0.0651826
8.60162
9.00307
1.39237
7.34572
4.87588
7.52988
0.7205
9.1942
3.38335
5.52849
3.18726
8.20653
5.59132
7.18136
2.68681
8.93902
3.89352
9.24882
8.40342
9.88935
6.32626
9.36676
0.533532
4.6223
7.36004
1.97277
0.754963
4.8849
5.80022
2.37471
2.08493
9.79187
0.866647
1.49984
8.86106
6.64022
8.86979
3.75848
8.49
4.01873
4.80723
0.457829
8.03218
8.33406
3.12762
0.503983
9.87083
3.44686
7.39258
4.44968
7.22185
5.31492
8.9582
5.09899
10.078
1.21006
8.00066
2.79588
6.46111
5.27114
1.27316
9.53069
2.75033
4.28443
8.69002
9.48527
5.22963
2.36323
8.87674
8.31903
8.55149
6.38355
1.20617
3.8302
9.74735
4.99065
2.17287
2.42915
9.98569
9.74776
1.66675
5.0772
6.6407
2.91284
8.98146
3.69474
9.91569
6.50572
3.16976
5.28487
8.74901
2.16711
5.5722
2.41647
1.83286
1.35997
6.24886
5.08725
7.88894
1.48027
6.50037
1.542
3.84849
7.13389
2.45624
5.69688
1.92082
0.212273
8.88087
0.427861
3.01502
9.35759
4.01735
8.68338
1.65861
0.838411
3.62973
1.19728
5.18232
0.200124
1.09873
0.613191
6.45103
9.01845
5.62608
6.73478
6.62157
5.97449
2.81887
7.02492
10.0294
8.0601
1.88577
9.43512
5.14798
8.47279
4.80125
3.70116
0.107255
8.56131
2.88068
2.96198
6.60519
0.544997
6.33661
3.35785
9.69935
3.22113
7.44761
6.37524
8.03414
8.90523
8.22889
3.86083
2.95934
1.86459
8.15857
2.18368
2.51809
9.63998
9.88785
7.14046
8.92588
0.495383
9.57373
2.56429
0.488384
7.08905
4.69054
9.62441
2.3014
6.04477
4.57094
7.32964
6.3152
3.30267
7.19531
9.71939
0.0474456
6.06796
6.18173
7.67951
0.686178
8.00565
9.88567
5.14733
5.20111
1.75877
8.1498
7.37632
1.36458
7.42092
7.57099
8.76582
2.3674
7.69719
0.34644
9.45931
8.70756
7.56785
2.14521
3.25716
1.05875
0.18733
7.33383
7.84589
9.07422
5.41113
3.77822
8.45406
2.73519
7.8042
1.79422
9.38486
0.573277
1.99099
5.66699
0.356647
9.48171
0.101172
8.72091
3.03069
4.983
7.73708
1.51656
9.42089
8.97039
1.63097
8.15861
5.57077
6.31063
6.54384
8.88969
1.30319
9.83136
0.226054
7.2874
4.45709
8.81763
4.45552
8.08246
7.136
9.60522
6.38847
0.546532
6.19423
2.99233
6.85418
3.99207
1.20304
2.07978
1.45802
2.84605
1.5369
4.75746
5.57664
3.60979
4.70796
8.38323
9.79158
6.07618
0.74614
8.01293
8.18177
5.94819
8.70969
3.39014
9.43141
6.12713
0.913242
4.50023
