1.80117
4.52582
7.34736
5.68437
5.96225
0.526931
1.43653
0.556683
0.822884
4.8923
1.64412
1.37262
9.47202
3.41916
9.57127
6.21967
1.37824
7.22752
0.298593
5.89394
3.32084
1.7272
1.95314
9.92306
9.42244
1.14756
8.77913
8.55067
4.96091
4.48473
1.89045
7.16567
5.15774
9.3519
4.40832
1.37649
8.69258
7.55041
6.9584
4.97338
5.8651
1.49359
7.85463
0.765792
8.75595
8.67009
3.84589
6.39144
9.83605
7.43047
9.70831
7.21493
1.46936
7.47711
1.12818
4.86524
9.84525
7.78041
9.86412
9.97863
7.20048
6.5112
8.20832
8.60281
9.42283
7.92593
4.17753
6.33368
6.4259
1.07173
5.90762
0.727491
0.606049
9.71945
5.30277
8.55423
7.78227
4.77854
1.63595
8.73962
1.07623
4.1949
4.32023
7.06913
4.69699
9.8083
3.2959
9.57962
2.08194
3.22568
8.5863
4.90269
9.05305
9.24056
2.84133
0.798407
4.32783
8.81983
2.09781
2.93986
9.67269
8.07902
2.92216
6.82277
2.62932
8.94791
4.57586
5.09932
6.8187
1.2526
3.98252
9.09925
8.27837
4.19727
8.42933
3.19533
6.6499
7.05884
5.35385
3.49498
1.57093
3.25147
6.18531
0.0929059
5.43121
3.9195
2.80916
5.50852
9.00336
5.74019
6.60924
7.80024
7.78473
6.10509
6.90479
2.64606
0.902321
0.158521
7.3371
9.61858
9.04983
2.59213
7.4964
7.57969
8.45512
1.42116
5.05231
9.70608
8.0497
7.26044
2.29904
6.01624
4.13628
9.90265
10.0751
2.78321
4.9202
6.48173
2.39235
2.95258
2.98728
8.61209
6.6273
3.64402
0.585223
6.62594
1.86271
8.90349
9.97788
9.98892
0.824784
8.27158
0.0217956
5.82112
2.20404
2.38375
1.47575
1.48625
7.44727
8.30886
4.74944
1.00783
3.66768
3.79211
1.34264
7.87747
6.94788
4.15712
2.56829
5.12462
6.51696
0.736698
3.75633
6.315
0.922193
8.08445
8.61468
4.06128
4.32093
4.86584
5.2616
1.6221
6.08348
0.10207
6.99423
4.29387
8.38952
8.64186
8.34088
6.6268
10.0543
5.05297
5.54243
8.52839
6.13179
3.99789
8.9627
9.57359
9.96414
0.955802
8.39683
2.71612
6.8437
7.83597
4.0088
2.33953
8.85874
8.53069
5.21621
6.23195
6.16686
4.71042
3.86369
0.153242
4.40229
6.4804
1.60393
1.37213
3.3298
4.74102
0.199585
7.08428
7.77387
2.34194
2.74159
2.55598
3.92875
4.63827
8.52479
8.78279
6.97844
5.51791
7.14669
2.84707
4.33656
7.40121
2.1279
6.32118
2.94554
1.36454
0.589899
4.18489
4.66643
4.22994
3.49081
6.90155
1.78028
8.29254
9.17946
0.657363
5.26519
7.94439
6.53699
1.30486
6.83838
5.40433
3.42924
8.85866
2.64129
2.28382
8.41314
7.42241
0.228623
4.66873
2.03142
1.47478
2.50733
7.90242
1.69923
2.97665
9.57043
2.06597
0.201201
4.07961
5.84174
8.80309
0.560888
1.4897
7.63101
5.5672
8.69296
9.76425
1.53963
4.17262
9.62295
6.71589
3.65645
5.18595
7.90117
1.82039
0.167558
3.40162
2.98804
1.92443
8.03472
1.62157
8.5395
3.22041
2.10417
7.4969
2.86929
3.16444
6.8331
2.38614
4.34812
2.01831
5.34057
2.50072
5.02502
2.86495
4.11978
0.79158
8.97216
5.16499
4.56178
0.112729
1.67936
5.04333
4.79364
7.59366
9.46769
7.49766
2.69352
6.31531
7.31367
9.72111
9.00713
1.50475
8.8959
4.57964
4.42242
1.39776
1.96173
4.69276
0.931786
4.60294
0.412065
6.75799
7.33314
0.795283
5.75485
3.23562
5.49207
4.95763
4.75185
7.26114
8.35798
3.68431
0.654981
4.0024
7.45632
2.81583
7.03224
5.5899
4.10851
3.33649
7.93538
5.81611
7.54492
4.2658
2.95767
2.2257
4.53837
5.60068
6.54737
4.77575
9.91547
1.23373
8.29495
7.18476
7.45211
9.2945
3.64087
9.31494
4.53929
3.40035
5.86395
8.84773
6.40403
8.67713
4.64346
0.572691
1.15784
3.1819
7.67444
1.10313
5.95464
0.0495214
5.5165
3.83827
4.44202
4.45825
5.12963
0.567028
6.34289
9.93112
5.30447
0.139523
2.25691
7.02018
8.60658
1.7977
4.76749
2.0154
4.36658
2.7692
7.88757
0.266926
2.82622
1.85221
4.04697
2.58902
4.62778
4.40858
5.97092
3.50464
9.1979
9.58339
9.10928
0.613962
7.0648
4.25676
0.121564
1.34924
1.73877
5.22485
2.07833
2.2929
1.60094
0.471337
6.09719
0.82034
2.22362
5.78935
2.67211
9.72083
5.54269
3.1792
2.60226
5.16634
4.25901
3.01065
5.53143
1.33402
2.95896
5.20202
7.87054
5.30397
0.495613
2.40462
8.06336
3.28401
0.734975
5.73934
1.31835
6.6873
2.23634
1.8584
2.66517
5.22215
2.02416
0.402295
4.92607
7.45025
1.85495
3.17038
5.23233
9.58368
3.76569
10.0394
7.38432
8.40394
0.495763
0.593488
6.87471
0.757427
5.11144
5.7225
8.68335
7.32391
2.31608
0.444278
3.05119
5.27667
6.22868
8.9157
0.693094
0.606181
1.9375
4.53261
0.654618
0.447688
