-1.29783
0.947569
0.22553
1.10718
1.35528
-0.801933
-0.467645
0.373829
1.06733
1.58731
1.34352
-0.221259
0.250676
-0.688455
-2.2967
0.780117
-1.78955
0.599517
-0.846036
-1.88028
-0.407316
0.511334
0.370656
0.575726
0.205311
-0.827867
-0.833577
-0.420738
-0.420952
0.135723
1.74097
-1.90735
0.676724
-0.247047
1.36282
0.442983
0.981749
-1.27585
1.20531
1.6604
0.851867
0.686779
-0.267167
-0.369781
0.191347
-0.0541922
-0.373318
-0.378136
1.46584
1.83357
-1.56774
2.00778
1.24821
0.421392
-1.29162
-1.80903
0.333577
-0.680482
1.4984
0.741804
-1.55331
-1.35593
-1.50598
-0.66865
-0.503958
0.0520208
0.230675
-1.62525
0.245274
1.09085
0.153204
-0.195554
1.11291
-0.797772
0.629704
0.826668
0.944424
-2.29202
-1.19519
2.3423
-0.515722
-0.530636
0.839102
0.0169134
-0.994176
-2.2001
-1.69446
-0.908152
0.0314123
0.36174
-0.852376
-1.3774
-0.103808
-1.91492
0.270049
-1.57235
-1.20032
-1.58234
-0.528993
0.201635
0.394209
0.559907
-0.4605
1.86762
1.25077
1.01721
-0.478481
-1.1714
-1.08815
0.574971
-1.9571
0.404459
0.626653
1.3252
0.309871
1.47913
-1.60997
0.328347
1.92682
-0.35891
-0.351856
1.73155
-1.85912
-1.27496
-1.14207
-1.18887
1.92066
-0.189606
-0.672824
-1.43955
0.28633
-1.49148
-0.916956
1.96894
-1.63008
2.21358
-1.31696
-1.10268
0.512371
0.228131
0.0887942
-0.353079
-0.630554
-2.30467
-1.70798
0.995747
-0.335906
1.94275
0.838863
0.684407
-0.875346
0.368755
-1.73293
0.213598
-0.434188
-0.758491
-0.079594
-1.26045
-1.71826
-0.210459
1.48248
-0.211012
1.1983
-0.630362
-1.33003
-0.659866
0.821842
-1.74499
-0.213951
0.496384
0.622176
2.16907
1.19874
1.91321
-0.85829
0.547148
-1.593
1.02478
0.255477
-0.436578
-2.22422
1.24772
-2.25398
-1.68672
-2.52734
1.30525
-0.324627
0.650373
0.596395
1.36169
-0.0873932
-1.54333
0.904077
1.22494
-1.75803
2.60263
-0.025946
-0.763108
0.711816
0.306545
2.21228
0.82877
1.67004
-0.350225
0.162111
-1.2677
1.14757
-0.86693
-1.13161
1.65083
-1.80453
0.800198
-0.802407
-1.20897
-0.302446
0.714651
-0.161668
-0.610818
1.05919
-0.0945484
0.935291
-0.526444
0.303854
1.49959
1.05164
1.81695
0.604442
1.24586
0.900097
2.05455
1.31037
0.526062
-1.69719
1.36461
-2.56136
-0.056924
0.201145
0.394865
1.61974
1.61377
-0.706222
-0.902024
1.55248
-1.04739
0.606655
0.667221
0.62727
0.540639
0.659753
-1.1196
-0.153688
1.67952
-2.28196
-1.56109
0.790441
0.51118
2.15663
-0.35404
-0.0654183
0.122981
-0.589741
1.20125
-0.112825
1.16409
-0.932113
1.6132
0.076021
-1.696
0.13174
-0.649448
-0.511045
1.41281
1.17152
0.558728
0.00776905
0.643772
-0.33568
-1.10481
-1.73242
-0.180634
0.67236
0.521006
0.528358
-1.20287
2.67328
1.08944
0.984062
-1.58434
0.762834
-1.78553
-1.15921
-0.834115
-0.838449
-1.32179
1.7662
0.630757
0.0266576
-0.80405
0.63156
1.2704
-0.139669
-0.918262
1.06879
0.399209
0.0512903
1.66804
-0.549767
-1.46665
0.250786
0.837703
1.01116
-1.24512
0.150483
-0.0380604
-1.38078
1.72966
-1.12909
-1.64502
0.500357
-0.129439
-0.68802
0.0797341
0.659372
1.47269
1.99748
1.30626
-1.49667
0.657523
-0.729021
0.228963
-1.08291
-1.53003
0.998892
-0.823716
0.718003
1.52879
-1.41573
1.17489
-0.692983
1.40979
-0.242422
0.70557
-0.889877
-1.58333
-1.01886
0.248681
1.41778
-0.00468894
1.02998
1.04847
1.17118
1.63725
-0.126904
-2.27164
0.533726
-1.96604
2.40729
-0.508219
-0.352532
1.09969
-0.251585
-1.09946
-2.12484
1.65977
-0.0732862
1.75513
0.624423
-1.21287
0.613882
0.715901
-0.150287
0.339269
-0.249391
-0.651617
-0.576349
-1.56744
1.95627
-1.77113
-1.64504
-0.652064
-1.01669
1.49178
1.52959
0.350904
-2.37079
-2.1638
-0.746462
-2.02374
1.17322
-0.782609
-0.160667
0.000545148
-0.0139278
1.84438
0.0283465
1.13999
-1.84947
-1.69754
-0.00432028
2.01251
1.06805
0.132296
-1.24991
-2.09338
-2.16314
0.375938
1.23612
1.67159
-0.514759
1.11259
0.444244
-1.82143
0.791491
0.328083
-1.38611
2.00705
-1.46036
0.449939
0.115225
0.0702039
-2.41186
-1.22602
-0.064153
0.250963
0.813957
2.07365
0.947406
-1.40844
1.68276
-0.300613
-0.137252
-0.595785
0.671736
0.869969
-1.25075
-1.34533
-1.15392
-1.00501
-1.26195
-2.20967
0.268377
1.73149
0.951547
-1.35623
-0.934903
0.0623737
0.404309
0.0954167
1.09802
-2.29532
-0.548838
-1.20379
0.517869
-0.232776
-1.62971
0.255668
-1.73091
0.619731
-0.438801
1.55832
1.23185
0.13663
0.626516
0.915417
0.472106
-1.28996
0.0670094
1.96168
-0.448011
-0.566441
-0.786747
1.17562
1.08288
-0.343071
0.863322
0.247393
-0.326246
1.72517
0.543446
-1.52109
1.61398
-1.56541
-1.58146
1.08872
-0.298487
-0.696084
0.921049
-0.806454
-1.04779
0.583147
-1.15477
1.31456
1.04778
0.422961
-1.32559
1.47696
-0.565655
-2.62356
1.28479
0.0262427
1.04576
0.641401
1.58442
0.742111
0.678223
1.43962
0.0108842
1.13453
1.59772
-1.32139
0.952543
-0.0490991
