1.98999
6.27075
7.6333
4.02263
4.78774
7.03919
4.83238
1.20042
9.86495
4.74898
7.18395
5.92008
6.47736
4.39773
3.09649
6.08128
4.95389
2.98576
8.84607
2.51109
5.25567
9.74966
2.77768
6.99677
2.1962
1.71973
3.09635
3.78166
5.14675
6.53568
6.97861
7.07763
5.63553
8.50188
6.4111
6.07652
3.9684
7.74262
4.27558
6.5626
4.93331
2.33074
9.24276
4.57606
8.9662
3.02444
8.04646
8.46524
9.28289
2.59733
5.37284
1.84874
9.74231
4.73723
9.78273
2.11604
0.607379
8.72687
6.94883
1.17638
7.96174
4.50144
6.63713
9.27662
1.87273
2.13495
1.41387
0.888461
8.47446
1.18791
9.69231
6.43127
8.78397
5.51392
0.981157
2.92452
4.39666
2.10036
9.1405
8.42184
9.4209
3.33888
0.237913
4.94996
7.76317
7.99125
10.0645
8.84731
8.15419
9.71113
4.2018
4.98446
1.08519
0.141775
0.872246
8.51633
6.445
0.262054
3.8659
9.85124
3.51198
2.6766
9.3214
1.86022
6.7344
4.68217
3.27145
6.97228
3.28038
1.86534
3.79611
5.99217
0.215717
5.76024
0.724145
8.24898
4.30874
7.41129
1.7359
7.08846
0.97464
1.34713
7.70444
0.434439
7.83815
3.2131
4.97471
9.42257
5.09551
4.02846
1.87859
9.28042
0.80459
8.3499
5.10564
2.67161
6.04461
5.31903
6.54525
8.15473
6.27764
4.20047
6.798
6.5914
9.28551
9.19915
4.05735
0.0878242
2.36663
6.87001
7.88808
8.81134
3.43927
2.19418
2.81352
3.49934
9.95792
7.15977
7.06976
5.90012
1.17336
4.71105
2.03042
5.22429
2.92288
8.89487
4.33616
8.34378
8.42539
0.0192619
0.183123
2.91352
7.57568
5.62601
1.70466
5.00754
6.23246
8.41622
0.0549389
2.33992
6.0304
8.27148
2.75168
2.9219
6.8418
7.69022
5.76612
5.84941
1.11191
6.00525
8.27351
6.31133
3.75258
4.05335
3.77475
10.0225
3.05386
2.10976
7.9246
7.44662
2.12335
0.481047
4.44752
0.240953
6.59436
4.6541
7.97498
3.11263
7.50934
6.35259
6.55953
1.03732
3.81783
6.89523
4.01103
9.74976
1.7205
5.76588
8.5957
6.83309
9.64957
9.3052
0.604948
9.19594
8.59344
6.90365
8.06094
5.38997
5.23832
10.0741
5.12764
5.48727
3.86346
7.33343
6.86332
2.99333
5.67246
0.218928
2.38384
6.27947
8.81488
4.44922
6.27905
8.07657
3.67119
3.30758
9.69294
2.2749
4.71322
8.02299
4.008
7.21352
6.48271
5.3521
3.28222
4.34476
8.80384
1.54716
2.70847
7.38059
7.42845
1.98725
6.3516
9.192
8.35921
4.01683
0.575812
7.43279
7.78221
8.58156
1.43124
2.34725
4.57933
1.17445
0.699564
1.67144
0.762698
6.67003
9.50715
5.30175
0.683934
3.01883
2.32853
5.43944
6.12446
3.96008
8.07211
0.00230696
5.41298
0.590024
1.21308
5.87721
5.90213
3.546
4.98148
2.13571
0.634387
4.94607
2.89613
6.29169
4.29604
1.08267
6.64261
2.65447
0.454718
0.575527
4.53111
5.57106
6.28837
8.3761
3.32052
1.18288
1.55779
3.40461
7.9727
9.53771
8.34714
1.6725
0.848777
6.90567
9.61864
1.10956
9.7
0.441691
6.10758
3.37353
7.49225
5.53062
4.09749
0.38187
6.7663
2.28412
1.95127
9.23892
2.67994
2.30425
7.74097
9.6708
8.22073
0.450489
1.23494
4.27495
2.6947
3.14234
6.31719
1.06205
5.54251
9.54131
2.05293
2.41666
8.67885
6.05808
2.48376
0.115324
9.01725
7.65969
2.18181
1.32203
3.09403
5.16294
4.76194
3.5235
3.30822
3.8159
1.72728
9.30487
7.80062
1.55914
6.6052
7.45823
3.887
8.02719
7.58801
4.08128
0.0972102
5.97804
3.09795
3.3394
7.84659
5.23671
8.35105
6.66958
7.42556
4.5937
3.60136
7.47216
9.1503
4.48011
0.957842
0.646499
3.31673
5.38177
1.71028
2.88495
8.76703
2.69489
8.47504
6.65663
6.79956
2.44539
7.0073
4.98091
5.97349
8.22678
9.54902
0.34213
7.05515
2.74768
6.56913
1.86768
9.18516
5.77204
0.220266
8.77962
6.52788
6.3086
9.12455
4.05268
7.41964
5.23164
9.69329
10.0082
6.79058
6.59516
2.96703
8.95551
2.05702
9.64717
2.69669
5.57542
5.55703
1.91602
7.28969
7.4661
9.32759
3.87202
6.08088
5.4778
1.71454
1.51283
8.50541
8.43683
2.05376
6.66912
7.27766
4.92359
8.75435
6.87216
5.64785
5.78352
5.54034
7.28554
3.78623
8.57444
5.38086
6.46735
2.13186
1.92073
9.70817
1.15158
1.68179
0.179223
9.69012
4.56416
5.25305
9.28929
9.72482
4.92998
8.12741
5.39245
2.78595
3.66613
2.42307
1.25885
1.64872
5.50689
1.5693
7.77941
1.73805
4.88573
9.28316
4.92742
3.34222
7.69445
5.5931
3.58882
6.64801
1.40168
9.22356
5.16761
0.687146
4.68892
3.23637
1.09588
8.07818
1.84908
0.709655
0.000341037
4.13761
2.08917
4.05968
6.58652
5.93113
4.43741
9.72216
9.46945
9.31975
1.30272
0.755759
6.35235
4.97337
4.49578
