0.259132
0.346488
1.61439
-1.32894
0.0550551
-1.66617
-1.36242
-1.5533
-0.498072
0.414806
0.664674
-1.80629
1.23373
1.53288
1.73571
-0.154748
-1.18422
2.02553
-0.438715
1.38679
-1.66119
-2.00302
-0.926138
1.37646
-1.20152
-0.171547
-1.59736
0.958099
-0.565517
-0.305317
1.99778
-1.34985
-1.77978
-1.43745
1.65172
-0.299594
0.746805
1.3115
-1.31351
-1.4046
-0.385082
0.742947
-0.100866
1.36451
0.664427
1.83203
-0.628109
1.41466
-0.930244
0.975148
1.06537
0.00353751
2.01669
0.127602
0.516718
1.395
0.991202
-0.872381
0.950261
0.408581
-1.44977
1.24854
-1.56749
-1.57496
0.758875
-0.258156
-0.85496
0.317369
-1.38569
0.798072
-0.66905
-0.173662
0.510249
1.75935
-0.856329
-0.364177
0.424511
0.398753
1.3405
0.267968
0.969921
-1.04859
0.809273
-0.0227192
0.45674
1.24157
1.49928
0.928235
1.9429
-0.79187
1.50463
-1.40734
-1.72652
0.183723
-0.820738
-1.41642
-0.759018
1.52218
1.81025
1.1618
1.85965
0.627219
0.0204606
1.71232
-1.57185
-0.0131371
-0.479779
0.43322
0.847474
1.48099
-0.0127641
0.215206
0.533393
-1.50216
0.45649
-1.81089
1.41504
0.903596
-1.52319
-1.15174
0.505894
-0.540133
1.25115
1.21569
0.530658
-1.48213
-0.294491
0.195793
-1.58777
-0.879847
1.18084
-0.566388
1.48236
0.172773
-1.70686
-1.65286
-1.08977
1.75985
-1.79944
-0.413579
1.37472
0.788989
-2.02119
-0.413205
-0.998561
-0.263133
1.79793
0.312517
-0.477167
-1.7035
-1.77443
0.780651
0.756759
0.929106
1.50314
-1.69044
-1.79919
1.9643
1.72252
-1.14739
0.0872829
1.64164
1.15011
1.12472
-0.177022
-1.57384
2.00848
-1.2671
0.490461
-1.24109
0.639041
1.71767
0.555792
1.80627
0.148508
-0.610688
-1.23761
0.369881
-1.40323
0.425131
0.75203
0.375853
1.533
-1.28327
-0.236379
-1.83653
-0.376745
0.931346
-0.418432
-0.456386
0.95275
0.976143
-0.927383
-0.539012
1.66117
0.631202
-1.67015
-1.9255
0.804294
-1.76224
-1.22865
0.63145
0.184843
-0.146784
0.126108
-0.52159
1.26297
-0.772582
-0.72629
-0.245339
1.05404
1.39699
2.02752
1.48223
-0.879972
-0.443817
-0.180755
-0.40014
1.25725
0.387304
-0.15425
0.28203
-0.63794
-0.646153
-0.523084
0.919648
-1.29261
1.14189
1.63716
1.42213
-1.28265
-1.01685
-1.34189
-1.70661
-1.53066
-0.110323
0.928607
0.601834
-1.74482
1.38181
1.13953
-1.09425
-0.890052
-1.41978
-0.617532
-0.348497
0.184096
0.642153
0.285388
-0.978776
-0.0548248
0.853695
1.42922
0.59076
1.08291
1.68196
-1.59997
-0.294865
0.641904
-1.67264
1.25414
-1.84125
1.95061
1.68855
-1.953
0.627842
1.3293
0.205375
-1.16307
-0.642171
-1.62087
-1.42364
2.03349
0.494072
-0.8572
0.19654
0.190194
0.6923
-0.221322
1.99342
1.67088
0.0224516
1.58738
-1.0115
1.79855
0.576199
0.181235
2.02242
-1.83354
-0.68336
-0.364924
0.727766
0.0310373
-2.02044
-1.51461
1.59472
0.058912
1.86364
-1.58143
-0.184489
1.06561
1.77815
-1.17738
-1.55629
0.775797
0.691928
-0.496828
-1.20538
-1.29995
1.87608
-0.799337
-1.85034
1.55353
-0.30034
-0.021101
0.242083
1.60567
-0.0372791
1.04396
1.19043
-1.82993
0.832293
0.217445
1.21058
-0.0739882
-2.03538
-1.14291
0.695535
0.806659
1.96405
-0.0940223
-1.6271
1.70423
1.27952
-1.06028
-0.940573
1.4113
1.4057
-1.33131
-0.207012
0.501538
0.0920126
1.91353
-1.44081
-1.34176
0.883064
1.27492
-1.53066
0.610793
-1.9077
-2.008
-1.40037
-1.04858
-1.16842
-1.10819
1.43519
2.00512
-1.11031
-0.542869
-0.416565
1.62683
-1.52892
-0.222068
0.244822
-1.97166
-0.948537
0.250422
1.17512
0.976268
-1.95698
-0.677511
1.09224
-1.94031
0.00167038
1.31424
-0.963967
1.01173
-0.0957655
-0.474678
0.394769
1.75948
-1.9978
-0.255293
0.417168
-1.87983
1.78312
0.443551
-0.379233
-1.71246
1.14774
-1.15722
1.52653
0.925996
-1.26125
0.302935
-1.79733
-1.34637
-0.0209773
-1.7142
0.0632666
1.73161
-0.0989994
0.197038
1.22987
-0.74197
1.80751
1.12074
-1.9301
1.47713
-1.17128
1.14015
1.14737
-1.04958
-1.73013
0.877838
-0.824099
-1.48947
-0.575596
1.63031
-1.29908
0.288127
0.672266
1.81548
0.236237
-1.7432
-0.455639
-0.200167
1.9658
-0.928253
0.4097
-1.10135
1.82717
-1.07036
1.62285
0.152738
-0.619274
-1.14478
1.25165
-0.937586
0.904093
-1.85793
1.37882
0.424136
0.570851
1.5004
1.1679
-1.86701
-1.7605
0.0261851
-0.540381
-0.662828
-1.83105
-1.75788
1.16952
-0.967452
0.255026
-1.60296
-0.67776
0.792099
1.50239
2.03722
0.386309
1.95248
-1.06414
1.2025
-0.491727
-1.82296
-0.56589
-1.12698
1.84907
-0.887563
-0.852346
-1.6037
0.700638
-0.0354116
-0.85384
1.52417
0.431728
-1.42675
-0.429756
-0.360568
-0.983254
-1.26822
-1.84474
1.88056
1.88591
-0.37239
0.646258
-0.884451
-1.83727
1.85306
-0.349244
1.25737
-0.430627
1.32196
-1.23288
2.01868
-0.331325
1.5401
1.839
0.441433
-1.4224
-0.745206
-0.681991
-1.45649
-0.248574
-1.60121
-2.00887
-1.60047
1.64711
-0.804936
-0.34912
