-1.84008
-1.05426
-2.09101
-1.54051
0.90461
0.14218
0.933538
0.797779
-0.0658944
1.62654
1.84215
-0.988735
1.67823
-0.153641
-0.379772
-1.06033
0.488882
-1.06698
-0.0356435
-0.513096
-1.53126
-1.36363
-0.434666
-1.85233
0.356805
1.12856
-0.327852
0.198579
1.94148
0.125137
1.7074
1.80823
-1.92668
1.40128
-1.23286
-0.215687
-0.478169
0.226585
0.265537
-0.732117
0.941541
0.549764
-0.416923
-0.789042
0.374106
-1.95447
1.78474
-1.40235
-0.431307
-1.97374
-0.78544
0.682936
-1.51679
-1.2661
1.0566
1.08965
-0.353587
0.779884
1.30003
-0.419461
-1.84929
1.82682
-0.826881
1.77597
-0.436018
1.48865
-1.26401
0.0425257
-0.256436
1.42687
0.307438
-1.34512
1.85594
-1.71739
1.7228
0.328609
-1.62448
-1.69958
-0.304818
-1.3129
-1.14745
0.976154
0.595887
-0.794967
-0.550193
0.0796418
0.621814
1.60345
-0.829179
1.14223
-0.522023
-1.98398
0.796112
-1.70309
-1.28996
-0.856424
1.35067
1.42514
0.551573
-1.03899
1.2622
-0.8007
-1.85435
-0.893772
0.136981
-0.639841
1.50766
1.54545
0.666121
0.337812
-1.01081
-0.624577
-0.766072
-1.39921
1.23484
1.27412
1.49409
-1.98612
-0.411582
-1.50029
-1.80105
1.28641
-0.36088
0.0966694
-0.72217
0.0194767
0.503612
-0.663834
0.787985
0.191126
1.30342
1.64286
-0.454018
0.977356
-1.67712
-1.28038
0.400867
1.46464
0.421719
-1.3188
-1.59312
0.0776551
1.88236
-1.64936
0.714409
-1.1164
-0.788354
-0.130695
-1.10799
1.07899
0.617175
1.45178
0.568484
-1.40509
-1.53928
0.835956
1.87571
0.395834
1.05127
1.6603
-0.58047
-1.78399
0.405462
-1.79318
0.640436
-1.78378
0.774113
2.01885
1.42749
0.998943
-0.769038
0.257259
1.81072
1.01501
0.134859
0.997765
-1.49479
-0.790328
-0.0647879
1.04798
1.61094
-1.7912
-0.17424
-0.679666
-0.0171273
0.0949112
-1.76195
-1.56753
1.56107
-0.288875
1.80001
0.98743
0.565351
-0.894304
1.22085
-0.305807
-1.66501
1.19404
-0.414357
0.166372
-0.600611
-0.975146
-0.0510936
0.0767684
1.26914
1.67298
-1.76636
-1.28456
-0.619082
-0.506858
-1.93716
-0.548827
-1.20368
1.16116
0.298312
1.42846
1.8669
1.24487
0.119916
0.754166
1.94437
-0.0939676
-0.918941
1.04697
-0.253743
-2.0504
0.125266
1.05304
1.14765
0.0769247
-1.35751
0.141858
-1.59499
-0.609992
-0.0684724
-0.9637
1.01991
1.25881
0.0668837
1.90426
1.08648
-0.00459711
-0.785465
-0.903835
-1.55539
-0.351974
-0.845281
-1.79663
1.77859
0.562009
0.345262
-0.500228
0.0534771
0.433228
-1.74093
-1.49836
1.91328
1.53767
1.37953
0.723294
0.697582
0.695761
-0.0546657
-1.84958
0.930488
1.6662
0.995829
0.232717
0.794455
-1.95495
0.81607
-0.607045
0.526031
0.451802
-1.8478
-0.0550773
-0.486244
-0.600996
0.354528
1.73882
0.5887
1.08385
-0.605228
-0.326108
-0.836969
-1.19416
0.600394
-0.807061
1.63378
0.0582897
1.53866
1.17324
-0.893829
0.865713
-0.163329
1.60862
1.60424
1.21679
0.657608
-1.84619
0.645737
2.11217
1.9286
-1.70733
0.152398
-0.259017
0.4972
1.98656
1.14091
1.76357
-0.327033
1.71416
-0.397908
0.107313
1.36517
-1.23147
-1.71223
1.85705
-1.35168
-0.065241
-0.901551
0.396589
0.493371
-2.0698
-0.425538
1.71368
0.186222
0.452402
0.878264
0.905828
1.46603
0.538893
-1.84615
-1.68543
-1.33427
1.5452
0.124839
0.821253
1.61587
-0.81891
-0.529902
-0.456305
1.6595
0.238249
1.76947
0.73466
0.749822
-2.01228
-1.70631
1.00214
-0.772871
-0.195562
1.67545
-0.0261956
-0.935352
1.40321
-2.0099
0.0387824
-1.91526
-1.30251
0.0459197
-0.838669
1.07672
0.367645
-1.50201
0.202082
1.05673
1.35967
-1.03275
-1.30129
-0.432963
1.15203
0.750649
1.48606
-0.676879
1.37472
-1.22862
-0.550368
-0.714519
0.827579
1.47882
-0.699004
-2.07841
1.32215
-1.13777
-1.40906
-1.89781
1.2096
-0.8086
-0.397161
-0.378469
0.840422
1.47011
-0.898878
-1.99248
1.36794
-1.29467
1.01399
-0.27664
1.38166
0.907684
-1.40113
1.2215
-1.11271
-0.949757
-0.519011
0.154336
-1.5085
-0.277873
1.44242
0.198053
-1.70435
-1.77994
-0.579999
-1.54081
1.10516
-0.980052
-0.541171
-1.42421
0.835538
-1.76518
1.51976
1.74104
-0.215852
0.481584
1.71217
-1.7612
-2.10949
1.21439
0.296248
1.36333
-1.23867
-1.50469
-0.217947
1.35996
-0.754522
-1.23718
1.64457
-1.64587
-1.86056
-1.28077
-1.19236
1.04576
1.99544
1.45173
-0.49023
1.14668
-1.71663
0.707796
1.33452
0.957291
-0.295994
1.97795
0.0433971
-0.506752
-0.257497
-1.39205
0.890975
0.973137
0.331268
-1.72625
-1.42402
1.13192
-0.388573
-0.164279
1.31182
-0.559384
-1.75764
0.409893
-0.787472
1.74617
-0.689412
-0.742865
1.21097
0.155058
0.391737
-0.688554
1.28228
0.847202
-1.06195
0.933307
1.7007
-1.68558
1.2141
-1.15551
0.167147
1.13691
0.634754
0.708089
1.67345
-0.412803
-1.27521
-1.45961
-0.309381
1.59531
1.28961
-1.71988
-1.67532
-2.01837
0.125874
-1.74939
-0.136099
0.267588
0.349458
1.3906
-0.554093
1.89068
-1.18288
-0.248701
-1.10845
-0.772182
-0.710504
