6.6447
3.14767
4.49376
0.290182
4.46316
0.211639
7.6477
2.13128
3.70865
0.565593
9.17831
1.22509
7.57565
4.50784
0.756579
6.43626
6.04958
0.291147
6.34717
5.32971
2.77504
1.61378
8.46018
9.93726
4.98535
4.21213
3.19868
9.20206
0.625486
7.47609
9.71729
7.00634
1.33941
8.78769
5.52805
9.15943
8.52292
8.72528
3.09511
3.85268
8.75358
2.48006
8.55431
5.88951
2.34703
0.0789977
8.47554
6.50409
2.0131
3.54303
5.10709
9.08911
8.74899
8.81745
8.15444
7.93217
0.975529
2.17482
2.68475
1.29726
1.50527
3.26815
1.78045
4.07767
9.83488
2.64239
0.0922227
6.30203
9.49174
2.99368
2.11903
5.23319
0.432092
9.11334
2.11917
2.22493
9.50071
1.86841
3.18889
3.77922
8.10075
8.56042
2.68418
2.58223
1.53765
3.43946
8.64854
7.94421
10.0005
4.42619
1.41059
8.39624
6.39902
3.91627
2.34441
7.23065
1.51421
0.119991
3.02267
1.24284
0.887804
2.44724
3.55352
7.16573
9.8234
1.30548
2.57219
9.93711
0.422794
2.67555
7.36825
3.55429
4.45415
9.32388
8.9138
10.0166
6.43481
7.01883
6.74626
7.32668
4.45078
8.01652
1.81492
1.87514
4.2797
7.15145
2.15354
7.5036
5.63235
1.91755
9.97666
6.9441
7.03669
2.67362
3.32222
6.63212
9.94606
0.438975
5.45971
6.26267
6.51608
7.34245
6.7374
8.89634
5.36058
3.05211
1.70857
4.9503
1.62848
1.34386
8.72817
3.50545
8.91336
5.36029
4.65601
2.16119
1.47779
4.28619
3.54706
5.8482
5.27961
0.487901
0.665506
1.36116
0.322799
2.48698
9.48645
7.0202
6.69488
1.74455
2.04914
0.549918
8.22041
3.22888
0.0805447
4.69176
4.6888
4.96211
4.85892
6.26483
9.57724
9.37626
9.57324
3.41202
8.88103
3.98941
8.12022
2.65746
0.680955
4.89154
2.26808
10.0105
6.22538
1.91745
0.463148
9.1836
8.30496
3.06745
3.94666
8.11341
7.77311
5.1418
3.58514
5.5133
4.15301
8.157
9.04146
10.0363
2.93615
5.93016
8.13507
8.68428
7.3967
6.99899
3.12142
4.32963
2.52321
8.4443
8.91394
6.40181
0.203246
5.31813
3.12344
1.43528
1.32367
2.68533
9.56555
3.68315
4.15889
2.22031
2.00401
5.83392
9.69273
6.21784
3.68763
9.5961
5.8498
5.14495
3.43765
8.71102
3.24165
5.47127
4.28579
8.32297
7.79965
3.7197
5.55084
3.39892
6.58
1.14902
9.34623
1.15217
2.52288
1.87207
2.59841
1.03692
0.340126
6.03413
3.31081
7.17937
5.78654
6.17981
4.86886
2.50117
7.36453
1.49301
9.92511
9.11183
1.48646
1.61585
8.89859
5.66647
1.01488
5.73171
8.89788
4.07424
8.52918
6.1288
7.05139
10.0439
4.89725
4.70891
8.53157
4.69385
4.23421
9.62948
2.99895
5.78727
2.51114
8.649
5.07139
0.301679
7.46522
2.59943
6.33037
8.28678
6.54018
9.50176
6.02737
7.73095
0.965871
9.02033
3.51286
3.89638
0.843518
8.88998
8.6421
3.13246
0.400308
3.47109
9.62002
4.37654
2.92718
3.01308
1.73602
0.666137
9.44248
9.4811
8.20635
9.18336
1.5374
1.34863
2.54934
0.288689
0.853876
9.35597
8.07273
3.98214
0.89317
2.89323
1.0011
3.13968
0.863165
8.38459
5.56302
5.80927
9.06028
1.95216
4.86647
4.47173
4.06337
9.78942
6.21004
3.07983
7.25505
3.6739
10.0649
5.10416
2.18385
6.54982
1.72804
10.015
0.593876
9.70831
7.90669
8.35177
6.12427
7.29364
1.74457
6.62544
7.62863
7.12142
9.34996
7.1178
2.45412
6.62296
4.4043
5.03469
1.39113
7.12689
5.33674
5.30332
9.82363
9.93099
6.85847
0.0729089
1.45829
4.6084
5.90888
4.97689
1.06928
6.0642
4.444
7.23951
4.8078
5.02236
3.19521
4.37971
1.2989
5.79414
2.10408
8.14996
3.21839
6.76673
7.31936
3.1096
2.35598
7.85423
5.93175
3.22644
1.8994
2.69603
0.944028
1.32138
7.94668
7.48211
1.22344
8.15773
0.252459
8.984
2.19953
6.25791
4.51401
8.15659
2.00945
4.36347
5.15139
3.07661
3.09987
1.74956
7.08358
1.98925
3.94078
9.38888
4.74907
8.48484
9.96277
7.00227
6.98835
2.10771
4.037
8.32638
4.06957
7.99858
5.96952
5.46772
6.66863
2.34295
7.23112
8.43445
3.01537
7.32988
9.40347
8.92007
0.798942
3.02507
6.74394
0.85207
8.3546
6.76307
9.11517
3.28096
2.66647
7.05384
7.44905
8.54437
7.94819
9.8936
8.37596
0.140724
10.0377
9.6778
7.42228
9.1982
2.99698
0.24499
4.58775
1.95627
6.52208
4.59662
3.06736
5.48016
2.04896
5.18214
1.46296
6.47095
5.44477
1.12119
6.73599
6.53181
8.64022
6.15511
7.41492
0.689172
0.834658
5.17924
1.00737
3.39761
9.11665
6.586
2.85719
7.66149
1.95783
0.0143874
9.23487
2.55966
1.37057
9.35221
5.43384
8.82231
3.50597
0.869263
6.50936
0.373961
3.63449
3.89269
3.10189
0.205747
2.05809
4.75408
6.39773
2.19447
