0.470592
-1.36257
1.22968
-1.62557
-0.741515
-1.95954
0.0573012
1.27514
-0.273537
-1.14414
-0.592475
-0.314257
-0.366154
-1.86362
1.44002
1.57278
-0.596469
1.70623
0.800404
-1.1448
0.275224
1.19129
-0.416241
-1.57121
-0.464495
-0.996677
-1.3129
-1.64701
1.66153
-1.60459
-1.76371
-1.00419
-1.31849
0.929552
1.58978
1.17202
-0.396408
-1.58024
-1.88559
-0.539749
-0.586647
1.05061
0.365916
1.3786
0.626815
-1.10148
0.00334786
0.0550402
0.875045
1.6794
-1.79298
0.399308
-0.357802
-1.07072
1.4654
-1.63519
1.08356
0.269996
-1.35548
-1.432
-0.508792
-0.77003
0.72376
0.254786
1.16856
1.61717
0.217045
-0.00112488
-0.246324
-0.898455
-1.18134
0.795984
1.77401
-0.962506
-1.66633
0.610198
1.14808
-0.943697
-0.242579
2.07565
-1.31485
-0.106464
1.09105
-1.37388
0.464113
1.98381
1.75997
-1.7044
1.75843
1.69951
-1.86653
0.506297
-1.06754
-0.297666
-1.43544
-1.62261
0.958872
0.0875204
-0.00247186
-1.20606
1.90535
0.822189
0.0414306
0.690592
-0.581811
-0.600843
-1.34071
-0.957488
-1.60678
1.59464
-1.77738
-0.341637
2.1512
1.29331
-0.471048
0.905964
-0.593235
-1.39998
0.469179
-1.318
-0.834681
0.334292
0.338618
-0.912572
-1.73413
0.680412
1.45385
1.66023
-0.300973
-1.69544
-1.32584
-0.750777
0.709983
-0.627132
0.0426612
1.05979
-0.430069
-0.931913
1.40846
0.611398
-0.157965
0.966395
1.59661
0.741095
0.556704
0.813606
-0.998672
-1.55658
-1.56153
0.999019
-1.10585
-0.0983237
-0.738726
1.11064
-1.91493
1.68239
1.34921
-0.306297
-0.0977764
1.28798
-1.4431
0.670632
1.16582
-0.442206
1.55117
0.377451
-1.69552
-0.332543
-1.92851
1.27037
0.364141
0.843914
-1.7833
0.827906
0.283885
-0.612432
-0.875432
-0.347232
-1.12417
0.421068
1.77831
-1.58697
2.11094
0.494127
-0.984442
1.60908
-0.648181
0.662878
1.80658
1.69752
1.02257
-1.153
-1.79435
1.00402
1.59254
-1.00602
-1.51984
-0.33249
1.99904
0.821188
2.2172
-0.763617
1.72798
0.765404
-0.0124809
0.449986
1.80338
1.87683
-1.67271
0.715696
1.97089
0.899657
-1.72622
-0.539025
-0.181025
-1.59151
-0.0409117
2.00636
-1.30937
-1.58402
-0.814827
0.00125696
0.381201
0.749636
-1.15876
-0.472459
-1.78034
-1.46482
0.443355
-1.14712
0.0312555
0.197661
2.11919
-0.151118
0.674697
-0.972822
1.37141
-0.806373
-1.80091
1.0792
1.77142
1.66432
0.559948
-1.05874
-1.30213
1.36522
-0.903116
-0.910757
-2.10145
0.850622
1.07429
1.66715
2.20019
0.234984
-1.79082
-1.42285
0.568126
-1.2125
-1.05009
-0.458307
0.245199
-1.20878
0.901946
0.574174
0.493857
1.28003
-0.148213
-0.535716
-0.355813
0.641461
-1.80771
0.933002
1.85264
1.56114
-1.37644
-0.908938
0.159974
0.785009
-0.719638
-1.18308
1.76614
-1.53619
-1.49235
-1.41546
0.896696
-0.025979
-0.158163
0.28897
-1.26013
-0.781107
-0.758643
1.36184
1.90109
0.503893
-1.71733
-0.017453
-0.350573
-1.77488
0.115026
-1.6051
-1.57823
0.387839
-1.0222
0.880176
1.55241
-1.38951
-1.55676
-1.28104
0.45225
-0.861033
0.122685
1.46326
-1.60139
1.94895
1.05196
-1.84416
-0.0691279
1.21206
-1.504
0.958219
1.03276
-0.277256
-0.0676052
-0.306991
-1.84931
1.40031
-1.22338
-0.864386
0.274916
1.19784
1.23389
1.66251
-1.34474
-1.30581
-1.69194
-1.54179
-0.0156466
-0.0948528
0.476525
0.229721
-0.108947
2.06591
2.11839
0.635685
0.135394
-0.674485
1.58488
-0.898816
1.17929
1.5627
0.39726
1.76897
1.77017
0.762434
1.79504
-0.412058
-0.0319495
-1.10606
0.927742
-1.40375
0.643524
1.52454
1.66055
0.178206
-1.54322
-1.09529
-1.1867
-0.0653365
-0.0935352
-0.308426
0.745839
-0.702468
-0.796011
-1.28669
-1.52567
-1.13453
1.54074
1.94431
0.25032
0.651707
-0.419137
-0.87249
0.515067
0.0230308
-0.485064
1.26163
-1.02423
-0.37708
-0.674267
-1.65896
0.189478
1.0466
1.05376
0.858408
-2.02323
-1.78655
-1.33553
1.40446
-0.621408
1.64798
-0.651077
1.70425
0.920266
1.18967
-1.71715
-0.978776
-1.1668
0.617434
1.16698
-1.44303
-1.35829
-0.534882
0.120866
-0.0585691
-1.84467
0.122036
0.44229
-1.49174
1.40955
-1.21281
-1.82854
1.80097
0.592661
1.34094
1.9715
-0.0174699
-1.82882
0.456134
0.766782
-1.40453
0.333686
-1.3975
0.490497
-0.169319
1.73271
-0.491705
1.40395
0.120582
1.92203
2.14555
1.73128
0.615086
-1.90481
1.18594
1.85818
-1.42511
1.56228
0.693456
-1.53605
-0.574539
0.717561
1.90754
0.159489
-1.5595
-0.861998
0.850924
-0.334259
0.346732
0.167366
1.54943
0.355646
-1.7438
1.52616
-1.2998
0.707113
-1.29765
-1.70304
0.953928
-1.16213
0.382535
-1.48965
2.07763
0.815348
1.19571
-1.79099
0.683521
0.431154
0.902122
-1.07161
0.569942
-1.7159
1.20521
-0.268168
-1.65661
-1.66889
-1.12579
1.22921
0.239432
1.84845
-1.1797
0.798275
0.640132
-1.94753
1.38558
0.000998773
-0.966746
1.02588
0.65929
1.24491
-1.88127
-1.17716
1.5132
0.452289
-1.13213
-0.0887175
-0.542619
0.483417
1.98932
-1.74704
2.0216
0.128693
1.00926
