0.402852
0.468794
1.1741
1.21423
-1.93581
-0.620203
0.621446
-1.37806
0.809183
0.867818
1.61383
0.485866
0.450045
-0.924778
-3.19835
0.984706
-1.0181
0.164611
-0.453969
-1.50562
-0.431558
0.0568221
-1.51597
-1.61264
0.529866
-0.512842
0.564467
-0.310657
-1.03143
-1.67023
-1.20733
0.136751
0.334073
-0.88548
0.42999
-0.136581
0.511519
1.31327
-0.893358
0.842728
0.910258
0.123098
-0.940662
-0.265266
1.26348
0.614564
-1.27067
-0.431099
0.516412
-0.187715
-1.1759
-1.47071
-0.0309186
0.459287
-0.845713
0.717494
-1.2729
-0.773678
-0.00580172
0.567093
-0.603125
-0.158692
0.377806
-1.08237
-0.65495
1.66664
0.011861
-0.411428
-1.46709
1.66909
1.64821
0.689989
-0.659485
1.63919
0.162496
-0.590324
-0.184296
0.34249
-0.0480458
0.243499
0.138054
-0.0329833
0.0168487
0.587393
-0.501482
-1.47887
0.418228
-1.38891
-3.36315
0.878278
-0.752042
0.306363
-0.45374
-0.878482
0.800079
-0.342689
0.465277
0.478183
0.0126128
0.106923
0.624658
1.43927
0.786054
1.43919
0.290287
-0.818618
-0.259964
-1.60748
1.1976
-1.35473
0.489893
1.22224
-2.46578
-1.01267
0.350369
1.29714
-1.79828
0.737457
0.673331
-0.711752
-1.59228
0.445749
0.0569774
0.555045
0.438985
0.358275
-1.37751
-0.589788
2.69095
0.907297
-0.350075
-0.0892225
-2.24256
-0.330335
-0.736406
0.44368
0.509449
-0.600775
0.657765
-0.174361
-0.205873
0.576204
0.299755
0.309275
0.0804538
0.803853
-1.05714
-0.0471265
0.596234
-0.0187024
0.121241
0.605731
-0.430274
-1.79362
0.76824
-1.40092
-0.622584
-1.73191
0.35834
0.560242
-1.28301
1.70482
-0.460634
-0.540484
0.534726
1.452
0.0219717
0.121371
0.233904
-0.999567
-0.22138
-1.46112
0.54915
1.09374
-0.393028
-0.110549
-0.610142
-0.34869
-1.59009
-1.07489
1.71245
-2.77651
-0.11135
-1.34321
0.327195
-1.03966
0.903163
0.45201
0.148345
0.667761
-0.541199
0.644412
-0.0311838
0.537834
0.243783
0.725014
0.642998
0.00919407
0.492245
-0.410453
-0.648059
1.20181
0.847493
-0.212651
-0.865879
0.764364
-0.777852
0.636415
0.243282
2.32335
-0.38113
0.794863
-0.67798
0.826899
0.573918
1.27159
1.25955
-0.175799
0.990122
0.925358
0.145306
-0.558915
0.719865
-0.523379
-0.189088
-0.34448
0.463708
1.40324
-1.04447
-1.02922
0.33431
1.21409
-1.21828
-2.46802
-1.16049
0.990152
-0.829466
-0.0342246
0.216686
1.41361
2.57614
0.693963
0.737823
-0.0283278
0.642364
0.180047
0.174578
1.73172
-0.237498
-0.200418
-0.932108
-1.05212
-0.301148
-0.580181
-1.92783
1.39428
-0.75849
0.890213
1.01822
-0.249865
0.893267
-1.07299
0.879814
-0.436858
1.38634
-2.17136
-1.03032
-0.899242
0.0301527
0.487939
0.96794
0.405511
-0.501074
-1.29953
-1.78253
-0.549773
-1.01458
-0.388694
-0.239859
-1.13622
0.527722
-1.0565
1.13842
0.778547
2.16585
0.349669
0.805901
0.229943
2.24614
0.674171
0.570173
-0.60864
-0.0726653
-0.77577
0.559652
1.9237
0.0371558
-0.439602
-1.10544
-0.685496
-2.2253
-0.454459
-0.108106
-0.905578
0.213651
0.77613
0.846601
2.52055
-0.674748
0.16055
-1.07114
-1.41835
-0.678081
-0.36284
0.246797
0.671016
0.556562
0.182018
-1.33828
1.06027
2.11819
-1.31389
1.16653
-1.52472
-0.546134
-1.06054
-0.657218
1.0413
-1.13068
0.250586
-1.33546
-0.398679
-0.894683
0.0496047
3.23494
-0.40338
-0.317286
0.226154
0.715685
0.203112
1.16101
-1.99651
0.601512
0.848847
0.910649
1.325
-1.48577
0.59979
-1.78847
-0.412643
-0.43903
1.82153
1.37775
1.08456
-1.02019
0.264281
-0.00382026
0.733011
-0.198956
0.382167
-0.641005
-0.203892
0.98098
-0.697337
-0.593545
-0.0701815
-1.89334
0.518721
0.297429
-1.63829
0.123057
-1.45777
0.228975
-1.16528
0.841829
0.129801
0.967385
-0.281328
-0.36176
0.120166
-1.8951
0.489168
1.32603
1.66505
1.99017
-0.136917
1.32607
0.300718
-0.37974
0.640048
0.4208
0.602702
-2.98917
-0.207203
0.766128
-0.651881
0.101809
0.319359
1.50569
2.29576
0.729269
1.43336
-0.586759
-0.850589
0.105645
-0.228429
-0.0741581
-0.845487
1.23539
1.33513
-1.07809
-0.000604012
0.90602
1.24958
0.380193
3.36867
-1.99178
0.236926
-0.617863
0.411738
1.08152
0.387258
-1.14277
0.0212974
0.563577
-0.0105539
-0.148234
-0.709923
-0.331373
0.583098
-2.26537
0.893511
-0.644517
1.61193
-1.57104
-0.982258
-0.552128
-0.956964
0.955468
0.692227
1.04172
-2.33314
-0.683745
-0.0401148
-0.754873
-1.58242
0.108916
0.601048
-0.147596
0.193701
0.231552
-0.650183
-0.700351
-0.877118
-0.202639
1.07964
0.237847
-1.35607
1.71486
-0.90157
0.343627
0.356051
1.43733
0.58904
-0.351938
-0.351836
-2.41412
1.09053
1.69895
0.75644
-0.56526
0.90255
0.69521
-0.125608
-2.21634
-0.357295
0.245158
1.30174
-2.10831
-0.788858
0.261082
1.16944
0.542156
1.50965
0.0275532
2.48992
-1.16569
-0.536488
-0.0465265
-1.15416
-0.580309
-1.17133
0.678384
-0.981067
-1.09831
1.40313
1.69645
-0.545273
0.797267
-0.540394
1.69349
-0.405731
0.261813
-1.10674
1.88949
-0.155168
-0.943807
-0.0412863
0.684803
1.44368
1.7579
-1.38911
