-0.268012
2.3526
-0.0439177
0.680681
-0.914826
2.01472
-0.402756
0.463864
1.79782
-0.202747
-1.87653
0.309059
-0.264548
-1.0342
0.994348
1.01366
1.13356
-2.01273
0.0765282
0.461178
0.114008
-2.0511
0.177863
1.00137
0.38868
-0.273435
-0.266973
1.02484
1.05955
-0.349131
0.0790384
0.431728
0.190828
-0.559916
1.6449
-0.572719
1.2304
0.227205
0.0347994
0.0711938
-0.0597655
2.3489
-0.0954154
-2.0049
0.284791
-0.832746
0.738908
-0.065927
-0.2076
-0.462612
0.0761401
0.517281
1.50874
1.96905
0.771797
0.27837
1.49981
-0.503725
0.408874
0.977456
-1.58985
-0.210434
-2.17762
-0.528912
1.29661
-0.240101
0.065148
1.7058
0.0292188
0.609204
-0.128467
0.00749568
0.712627
0.358106
-0.296238
-0.374865
-1.3679
2.43671
-0.494602
-0.281407
0.282884
-0.275742
0.493472
-0.214237
0.364698
0.973046
-0.489999
-1.24165
0.658816
0.462537
0.430447
-0.914195
0.725139
2.40508
0.401045
-0.921756
0.0485781
0.612074
-0.129063
-0.735206
-0.708361
-1.52556
-1.9388
0.345414
0.641097
-0.254511
-1.19023
-0.357623
0.208963
0.755572
-0.983596
0.662382
-0.00197078
-1.28129
0.761016
2.38398
0.644648
0.568571
0.212552
-2.21555
0.781316
1.54862
-0.992835
-1.66381
-1.25019
-0.648647
0.848301
1.11771
0.553885
2.12099
-0.239806
-0.988815
-1.08421
-0.41639
-1.16706
1.52767
-0.318855
-0.302557
0.869367
0.0959799
-0.1759
-1.37718
0.846572
0.38752
-0.486537
-1.72919
-2.0495
-2.09569
-1.41087
0.721603
-0.557101
-0.612643
-2.13807
-0.669423
1.08577
0.869327
0.11703
0.467459
-0.4908
-0.564455
0.259273
-0.704106
-0.177211
-0.0287762
0.353147
1.19663
-0.769172
-1.29248
0.182114
1.59947
-0.595355
2.1257
0.284931
-0.0452504
-0.934479
1.19055
-0.100411
0.399972
-0.572048
0.941956
0.0809676
1.46731
-0.908748
-0.151667
0.313412
0.542682
-0.126756
0.365735
-0.213065
-0.319939
0.683862
-1.40758
-0.225781
-0.304365
0.835706
-0.272391
-0.685984
-0.873719
-0.232175
-0.926153
0.927318
-0.147872
-0.103392
-0.27008
0.512169
-1.79974
-1.36304
0.770914
1.58323
1.11245
-0.355193
-0.874597
-1.06374
1.31393
0.350906
-1.34513
-0.530787
-0.810907
-1.11933
1.28846
0.973095
0.0548003
-0.964825
0.589
-1.5022
0.607395
1.5184
-1.63314
2.01011
-0.447736
-2.37898
-0.395706
-0.569475
-0.228462
0.337076
-0.394461
1.18773
-0.023759
-0.480319
-2.0284
-0.5565
-0.0884921
-0.0065121
0.585955
-1.69264
0.461225
0.235909
-1.86496
1.55008
-0.130821
0.424635
1.09712
-2.004
-0.271721
0.942475
-0.737204
0.106005
-2.00033
-0.259312
-0.292173
1.25661
0.422795
-0.929526
-0.394479
-0.311015
0.285514
-0.261726
-1.79861
0.00615469
-0.728232
-0.562453
-0.357552
0.210362
-0.227279
-1.40411
0.675435
-0.578842
-0.702048
2.57837
0.0081749
-0.18513
0.240884
1.07608
-0.996932
1.1609
0.0105971
0.653619
-0.193045
2.05139
0.509863
1.26192
0.163074
1.04673
-0.355549
0.118788
1.24752
0.117797
0.0498693
-0.00371298
1.41932
1.87497
0.413839
0.878365
-1.74352
1.6397
0.545985
1.04027
-0.0156142
-0.902027
-0.0367718
-1.19308
-0.0307591
0.0465861
-0.542668
-0.837567
-1.16527
-0.796477
-0.110624
0.901582
-0.777331
-0.838457
-0.544895
-0.532285
0.198613
0.500645
-0.399066
-1.43125
0.0485708
-1.23959
1.02231
0.728623
0.642643
0.00377476
0.689938
0.348206
-1.34487
-1.37062
-0.248526
0.433233
1.35416
-2.78065
-0.16004
-0.20422
-0.735805
-0.477637
0.364201
0.166589
1.58496
1.12822
1.2037
-0.156214
0.563394
-1.54215
1.12796
2.12539
-1.16379
0.36103
1.02399
-1.01002
-0.577277
0.193636
2.94928
-1.15616
0.997361
-1.10353
-1.71315
-0.665713
1.27404
-0.395306
-0.497247
-1.57492
-2.08578
0.78891
1.13213
-0.62924
-0.79276
0.636091
-0.172042
-1.44802
-0.531667
0.351778
0.779189
0.0560955
-2.04005
2.09265
0.738384
1.30711
-0.158932
0.677922
1.35572
-1.57803
-1.41361
-1.0227
-1.68953
1.03687
0.620346
0.504141
2.65036
-0.278188
0.828873
0.861346
0.932907
0.130474
1.2909
-1.33818
0.28176
0.891497
-2.02736
-0.656706
-0.454014
0.608808
-0.250584
0.773037
-0.626667
-0.294511
-0.183498
-0.950738
0.801115
-0.692542
-0.180872
-2.29319
-0.22866
0.0582686
1.16294
0.434875
-0.173543
-1.34984
1.18229
0.295409
1.60902
-0.506915
0.861504
1.81691
0.300778
0.171985
1.09789
-1.65817
-0.920027
-0.0159081
0.399301
0.402798
-0.741806
-1.69549
-0.816045
0.751099
0.272959
1.06021
0.292764
0.204257
0.587549
-0.801729
1.52648
-0.943549
0.652687
-1.61915
0.762877
1.51037
-0.976644
-0.26248
-0.368527
0.505629
-0.391576
0.524686
-0.500245
-1.38386
0.219206
-1.35261
1.37272
0.36241
1.13917
1.7473
0.178167
-0.252596
-0.855575
-0.212914
-0.075538
1.07786
-1.44028
0.457108
1.35198
-1.40287
1.26622
1.6377
0.998303
-0.103239
-0.615768
1.10616
0.42666
0.13305
0.181603
1.01346
0.160839
-1.09767
-1.85219
-0.364986
0.204758
-0.457282
1.06846
0.365442
-2.50462
-1.49763
-0.809782
0.773103
-2.13059
0.999795
-0.431331
-0.0824243
0.0103336
-0.43116
0.158887
-0.0789594
-0.243592
