5.3741
6.77868
2.50402
2.88385
4.22153
1.24654
0.511105
9.46196
2.22567
1.77789
1.6974
6.73504
0.631962
3.8256
3.95955
2.80569
8.35596
6.59302
4.70892
8.62771
3.09068
2.35646
5.58967
3.56051
0.669179
6.62092
9.252
1.58233
0.0674231
2.17995
7.19662
4.06825
1.62853
8.44177
1.09991
3.2231
0.205574
1.46079
3.42438
5.45521
1.83275
1.20305
0.495774
3.59325
0.0264018
4.24011
8.96034
4.52419
2.62803
3.52698
3.31439
3.03201
3.39728
8.15077
7.75658
8.93523
6.40277
2.04688
3.38438
5.05733
9.23865
1.25738
2.76886
3.12951
8.12008
2.78117
4.54798
9.71102
0.867543
0.980857
2.66796
3.57374
4.65703
6.36805
2.70062
3.26763
9.09221
1.62055
9.46755
7.8865
7.97697
9.21068
4.42523
8.62238
8.62933
4.08418
0.127661
2.36726
2.52278
1.04203
7.99764
7.20528
7.37508
8.4656
5.22713
2.69094
4.41749
4.15057
5.74666
5.25202
7.95564
8.83199
2.57375
2.29901
7.83791
3.77463
0.876872
0.300179
8.07165
7.30397
9.42218
0.24882
1.28406
8.85582
6.66239
2.5446
5.015
7.0981
10.0613
8.53512
0.88271
3.57061
9.91343
9.1006
1.63313
2.79552
3.87472
6.99895
6.57367
1.60776
4.36991
3.91261
9.3903
5.20107
6.36484
5.71044
9.38921
0.974615
8.60562
2.6395
8.76804
2.05271
4.55272
6.02039
3.7572
4.91305
1.33494
4.75878
3.88452
9.1345
5.69404
2.22146
8.21531
9.87865
6.37854
0.993733
5.43682
6.62282
3.78338
9.55363
5.80931
5.39837
5.55823
2.00374
6.67787
5.48081
1.88464
6.95726
1.20214
0.37442
2.12198
1.34951
8.62635
0.491766
1.47265
7.3621
2.94003
4.72539
5.13506
2.23456
6.70753
3.28805
4.48524
5.67505
3.59641
9.07583
0.998746
8.72375
3.38322
9.90447
3.95686
0.169352
1.10358
1.74419
5.08735
0.109303
2.49098
5.15659
5.67001
6.91015
4.59287
5.51263
7.94929
5.41536
2.36207
2.1507
9.52499
0.878858
9.13051
0.0858425
5.48718
3.09048
0.464997
7.03435
3.29088
5.88928
7.11663
1.4427
4.5721
9.43117
4.36184
6.22207
5.13844
8.35681
4.62105
3.62426
4.06983
8.88795
5.88116
8.15068
0.398118
3.42979
0.7306
4.25482
7.75838
4.0312
0.24688
0.999622
4.5975
1.30614
4.51267
2.08839
7.67018
3.50315
0.888894
7.9855
6.93354
7.2542
5.85203
4.426
2.88377
1.59545
8.3454
0.504453
6.51139
2.47916
6.49751
2.45788
2.95571
8.87169
0.93091
6.83395
3.14213
8.20377
3.40566
7.20195
2.88604
2.29323
1.80147
6.6922
8.63303
2.61321
1.52412
3.19396
5.1772
2.00924
2.22778
4.57583
0.271332
1.11464
3.13167
4.22634
0.00211429
8.3558
0.29018
9.47934
5.62633
8.66402
3.18397
8.87127
6.45114
2.51584
6.76317
9.22904
8.95142
8.38051
3.83549
9.28961
0.389293
9.7493
5.58058
4.80696
3.76928
5.53482
6.27535
4.30792
9.67313
2.9246
4.36798
6.9316
4.07982
2.37091
8.16361
6.85926
6.47629
2.00469
4.52222
5.99128
9.41571
6.47673
4.63661
3.72975
4.10073
3.34576
1.0529
3.89243
0.418315
2.10433
0.982366
9.66005
5.7847
1.71463
9.60194
3.13535
8.00337
7.96735
4.34987
4.29077
4.14885
2.22292
8.33667
5.58016
2.9793
2.19248
10.0493
2.38601
4.94873
2.56477
8.18992
9.45366
7.75784
6.95126
2.72644
7.96614
0.103948
7.17931
6.82522
3.20363
5.87932
6.28363
5.84094
6.09832
8.96965
9.88731
8.58488
0.712343
1.71099
7.55987
9.44765
6.94421
7.02145
5.21179
8.22719
7.83711
7.2179
9.27251
7.02879
1.71879
0.609365
3.95326
3.61113
5.72674
1.62078
8.52023
5.97448
5.11545
6.31634
6.50628
0.0352082
7.56183
8.97265
8.26558
2.26697
4.60507
7.85895
9.78409
1.0874
9.88843
6.6548
0.837259
7.06709
6.33377
9.80176
7.35627
9.61191
3.11065
4.69368
0.759529
5.58259
4.91273
1.08765
9.8103
5.59046
5.13049
0.206263
1.51927
3.29368
7.42859
5.69763
3.70652
10.0177
9.57633
5.30984
3.33402
2.33875
9.66866
9.00461
6.65999
0.692635
5.62435
9.95132
8.04026
9.11924
0.594738
6.14165
8.45076
4.72353
2.25529
7.34477
2.06457
5.49576
7.97576
5.18388
7.38134
0.0672546
7.02306
2.6671
0.761736
7.38451
8.4371
1.69977
0.0832281
9.81141
0.809909
1.23596
9.06435
7.15816
9.38093
5.98507
9.66019
3.38369
8.08428
9.62331
7.56847
8.42817
4.29785
3.34168
2.13264
8.27231
7.09979
4.48907
4.31989
6.81983
0.312889
8.66861
1.42373
7.7104
1.99845
1.47515
6.23821
7.62288
9.03606
9.92944
6.56493
8.35839
3.43335
6.12244
2.46883
3.31879
0.74039
2.83682
1.50226
0.0031609
3.83148
7.32337
8.73419
6.28216
6.29389
7.1305
4.32329
9.71384
8.30041
3.56321
8.18774
2.20028
6.30775
0.488467
1.33599
5.64948
8.82842
5.86172
8.18554
