1.25986
1.05419
2.07474
1.29957
0.350485
0.597738
-0.113538
-0.51553
0.891589
-0.0850222
1.29215
-1.22754
1.92475
1.99432
-1.27147
1.56045
-1.02447
-1.61536
-0.38537
1.10205
0.459648
0.359503
1.32067
0.649093
0.807731
1.12644
1.79592
-1.3556
1.97222
1.16058
-0.896665
0.177096
1.96
-1.95562
-0.196882
-0.718088
-0.395479
-1.02595
0.691545
0.674763
-0.76956
0.285485
-0.332857
-1.41905
0.678898
-1.64039
-1.81428
1.73941
1.11676
0.165157
0.677655
-1.22798
-0.062474
-1.26861
0.92946
1.99247
-0.0480903
1.63681
1.86961
1.24232
-0.442686
-0.244475
-1.21052
-1.48568
-0.641993
1.01564
0.0637949
-1.54575
-0.927431
-0.592786
1.36916
0.92192
-0.924959
1.6613
0.810303
-0.591665
0.192978
0.400557
-1.84912
-1.18008
0.21595
0.776412
1.27223
1.89401
-1.47163
1.5068
-0.998178
0.470088
-1.77887
0.486979
1.89578
-0.280538
0.91653
0.198863
-1.33524
-1.67283
1.82399
-0.624818
-1.38512
-0.048733
1.85787
1.65774
-1.52564
0.609259
-1.39988
1.45312
0.160717
-1.74222
-1.41208
-1.40303
0.36785
0.546023
-1.45007
-0.278816
-0.694875
-1.55666
0.085823
0.665101
1.16363
-1.51338
1.98323
-1.57525
1.43262
0.163879
-1.14642
-0.673272
-0.649487
-0.58645
-1.63284
-1.4869
-0.044555
-1.29146
1.11113
-1.52743
-1.45071
-0.170014
0.420878
-0.108672
1.02442
-1.25012
0.369998
0.680563
0.0405973
-0.932053
-0.0182089
-0.467336
0.880914
-0.943389
-0.43612
1.85204
-1.76295
-1.60686
2.13522
-0.376757
-0.470339
-1.01183
1.55931
-0.469459
-1.77867
1.54395
-1.31092
-1.25553
-0.730772
0.324836
1.36717
-0.0826712
1.20531
-0.701566
-0.0796675
0.610625
-1.77242
1.98912
0.88822
-0.815911
1.91162
-1.83999
0.0662656
2.04069
-1.18315
-0.176569
-1.7301
-0.396779
-1.0134
-1.27329
-1.83775
-1.33137
-1.04754
-1.23764
-0.490535
0.0713103
-0.370506
1.01101
1.20407
-0.821258
-0.254338
0.134007
1.02095
1.09294
0.0416199
-0.452995
1.07323
-1.94968
-1.48157
-0.52553
-1.88977
0.00926729
0.0776352
-1.75162
-0.361934
0.0821909
-1.15505
-0.485803
0.445884
1.49349
2.07887
-1.73384
-1.3805
-1.69831
-1.81322
-0.099275
-1.91834
1.28351
0.348595
2.03848
0.394882
-1.7813
0.347361
-0.0172262
1.6132
-1.92198
-1.80948
1.35376
0.224005
-1.83723
0.296387
1.01845
0.297311
-1.82163
-0.994978
-0.54038
0.00749514
1.83489
0.98205
-1.40187
0.675963
0.31407
-1.15856
-0.0844786
0.179098
-0.529638
-0.99461
1.20519
1.1853
0.831624
-1.11914
0.763735
0.155818
1.54123
-0.734471
-0.716939
-0.902228
0.408983
0.497575
1.62632
-1.22605
1.7521
1.10898
-1.47637
-1.03153
2.03903
0.0801359
-1.77308
-1.36903
-1.67448
1.48321
0.0442161
0.285021
1.97452
-0.856961
-1.47062
0.483343
-1.52719
-0.68424
-0.595493
-1.03709
1.30395
0.485278
2.00189
0.823024
1.99439
-1.33203
0.403971
0.0635325
-1.62944
0.983997
1.48149
-1.35501
0.676244
-1.56901
1.60033
-0.49357
0.594275
-1.34048
-0.902503
-1.73086
-0.30134
0.611631
0.712372
-0.916754
1.57125
-1.806
0.943399
1.63592
-0.759911
0.274404
1.55027
0.676657
-1.35694
-1.30053
2.04841
-1.29203
-0.932081
0.312679
-1.31969
1.72951
-0.269992
-0.05069
1.81968
2.05573
1.9904
1.61279
-1.79474
-1.4494
-0.0377876
-0.199096
-1.20786
-1.99828
-0.459185
1.38184
-0.443775
-0.195292
-1.03127
0.890759
-1.38222
-1.79123
0.153614
-1.19206
0.641139
-2.0411
1.77181
1.46967
1.62818
-0.726912
0.0534099
1.49797
0.66706
-0.130317
1.05685
-1.05224
-0.0517622
0.0193441
0.0382587
-1.12243
-1.11646
-1.03472
0.497575
1.68197
-1.96341
1.55231
-1.57993
-0.995426
2.02137
-0.577123
-0.092536
1.36512
-1.09272
1.83207
-0.960552
-0.640494
0.0600807
1.36301
0.742958
1.95917
1.96429
1.07067
-1.1168
-1.26589
-1.52165
1.03849
0.221531
1.33075
1.38553
0.341004
0.360764
-1.26949
-0.476328
-1.29608
1.94832
0.760338
1.76021
1.31477
-0.424162
0.475937
-0.947987
1.84003
-1.74416
-0.114267
1.18471
0.266814
0.942343
1.89174
0.96715
-0.440053
-1.52003
-0.804238
-0.305652
-1.82096
0.532864
1.08798
-1.46676
-1.57299
0.19612
-0.198695
-0.426974
-0.572634
-0.845135
1.2396
-1.23405
1.63298
-1.60779
-1.37852
-1.04656
-2.0403
-1.67342
-0.0681526
0.631477
1.43359
-1.92156
-1.93432
1.10048
-1.56084
1.91882
-1.6284
-1.11842
0.273709
-0.296599
1.84169
-0.10757
-1.67494
1.73704
0.439348
1.5423
-0.053841
1.2425
0.783071
0.072175
-1.89575
0.183839
2.09323
1.15163
-1.21845
1.02511
-1.28125
-1.23346
1.55819
0.0339027
-0.647077
1.77591
-0.619442
-0.250809
-0.583542
2.01773
1.37481
1.03814
0.434238
-0.577595
1.70653
1.68126
-0.00746702
0.0124222
0.972106
1.76739
0.552062
1.57314
-0.490707
0.379157
0.671934
0.914858
2.04776
-1.9224
0.166298
1.15679
-0.251946
1.136
-1.84071
-1.35185
1.81626
-1.87497
0.499896
0.108155
-0.716828
1.21607
0.492118
0.0901107
-1.12395
0.369195
-1.41528
-1.80976
0.492446
-1.34049
1.64752
1.25486
