7.9769
6.32504
9.41026
3.30295
4.20665
2.44992
7.90587
6.7749
4.70431
4.51877
6.5784
1.31038
4.9494
7.23221
2.77828
6.10803
6.73096
6.74683
7.80211
0.00475599
1.38294
2.41651
6.20304
3.03562
7.74427
4.47898
2.93293
7.46912
3.63503
9.10028
1.29963
1.30436
6.05851
8.30285
1.95913
7.74133
1.3802
5.0508
1.27033
1.38784
1.10085
5.95726
1.52786
8.04384
7.94296
0.243112
8.53985
0.715491
7.88355
9.06746
2.67665
4.95832
7.9698
5.81852
1.88384
5.76393
3.396
0.776507
6.87481
7.02126
4.28504
3.70342
3.95325
7.12476
1.47549
7.26812
1.87532
4.11567
6.84471
5.13729
4.96571
0.742298
3.25973
0.797714
0.926601
7.28394
1.08401
4.2426
4.81161
9.16074
6.06089
9.88515
7.32209
2.92466
1.13768
0.413622
1.29444
3.67407
0.445782
7.78618
2.14019
0.989787
3.84323
0.253926
9.40488
7.79269
0.829816
5.72367
0.391657
6.11313
7.58755
6.67869
3.33313
6.70809
2.04561
6.8729
1.59786
7.22654
7.70977
3.86958
2.69585
5.49592
0.247617
3.55191
5.74942
2.67434
0.657305
9.07297
3.55603
3.58929
1.34157
8.49552
4.17983
0.983096
6.90209
3.78912
9.97102
5.17014
9.39168
4.51304
9.058
10.0507
5.59795
1.5508
7.2878
3.68098
3.73295
4.31802
2.83276
4.43552
3.24204
6.04779
6.98515
4.22779
0.468967
5.41549
8.21149
6.64036
7.07592
2.15561
4.69728
10.0191
9.99285
3.4779
4.8959
2.43976
2.24189
0.0189402
6.1918
7.06553
0.0326652
2.50805
1.55858
8.45984
1.54981
7.13178
7.66071
7.92289
8.38658
9.41502
4.19143
8.83226
8.93358
1.76696
5.65345
4.67582
7.16643
8.47339
1.0649
9.89473
7.19652
8.13549
3.28155
7.76256
6.8477
4.45724
6.81804
0.782167
3.57863
9.83192
5.48857
6.28134
7.68798
5.6784
5.1599
2.20794
6.20436
5.42415
9.09906
8.67823
3.69285
9.15411
4.16683
8.9761
3.20712
5.27366
7.17159
8.7614
1.01825
0.757683
3.39657
0.711066
5.34309
9.05244
2.41871
4.95792
8.03932
7.54194
4.56079
8.58102
2.86232
4.81129
3.80862
4.41548
3.61909
3.75785
2.89125
4.64029
9.04817
6.21081
8.32092
7.59683
6.49402
8.7817
5.12933
8.43131
4.68533
7.24724
3.27331
8.36184
8.37411
1.34036
8.09765
3.93624
5.7944
8.22961
4.08871
1.03442
1.80327
4.75777
7.42852
2.08938
6.40975
1.36179
3.34165
8.78215
1.41736
8.35685
8.19534
0.879123
2.46668
9.29591
0.00978248
4.919
2.15039
7.75272
1.95014
2.46735
6.75301
5.42064
6.81965
2.2725
3.82318
1.51113
2.36157
7.46332
9.99529
5.66603
5.46912
6.21656
6.28991
9.84034
0.940353
9.09417
1.95114
2.40279
8.85668
8.8258
6.44515
4.67747
1.13775
5.92275
7.65491
0.748985
4.31537
0.366196
1.50698
5.1257
7.58437
2.04838
6.02567
3.13681
4.39258
2.63539
3.54977
9.50094
0.159922
2.79224
6.74775
0.222436
7.35416
2.68962
1.22546
7.71863
0.0475347
0.484844
5.14758
1.26098
5.49016
8.28922
4.85552
0.623454
9.91264
4.11976
9.81187
9.29613
4.99968
4.28367
1.91396
2.7756
5.79111
0.933764
3.94513
0.0385023
2.5152
9.9169
3.25749
6.32551
2.833
0.245229
6.66646
2.15045
8.53247
7.60021
9.65856
5.57149
9.08728
4.30904
1.36091
9.12332
1.89175
9.86261
6.5684
7.50632
8.49883
4.76555
9.51204
8.41087
0.060344
1.56797
4.90316
6.81938
5.49188
4.10647
0.13653
7.94663
1.99689
2.45155
5.24088
9.68299
6.6032
1.80044
2.71134
4.95543
4.56822
2.48725
7.38332
4.33872
6.47823
7.0887
0.831905
8.66378
2.65866
4.83416
2.12209
9.58108
7.97063
1.03106
0.979908
6.30368
5.65482
1.65954
4.11013
8.41025
5.4427
2.96706
2.46868
7.37894
5.43248
2.48373
0.780289
7.75342
6.18442
4.45216
1.71416
9.81592
4.57633
6.79188
3.04977
7.27806
5.24491
10.0692
1.70622
9.59549
3.61298
4.79234
4.34844
5.81194
6.1644
4.78293
6.33804
2.27638
5.93545
0.402427
7.69718
9.68893
8.76342
9.74476
0.449464
4.75865
4.12801
5.02029
2.90035
0.657522
3.84835
6.34618
8.00196
8.30038
5.53489
7.85108
6.48712
9.53278
3.90627
9.68602
3.18988
3.06706
4.13437
7.48715
7.35111
5.96632
0.454733
6.12456
4.15248
1.48701
7.43093
8.61095
9.20203
7.68359
9.04877
1.538
9.19539
6.24691
9.06747
3.40761
8.54047
5.67651
0.894736
4.62118
6.95794
2.73271
3.41713
9.59374
9.60888
0.64722
8.84983
4.68058
7.92943
8.00754
3.19611
4.95209
7.46665
7.09308
3.52206
8.4007
4.89467
8.08445
0.217448
7.372
9.3499
3.84574
6.63456
1.04274
6.2043
9.57299
9.17756
5.84019
5.07331
6.83684
9.62684
9.04334
2.76381
0.761966
1.66653
0.210515
8.81554
0.740668
4.29198
1.90323
0.349895
5.00078
8.34651
1.54573
