0.173793
7.05415
5.07993
9.03075
6.44121
1.33193
8.12375
8.20276
0.584174
7.81828
1.54897
8.9162
5.20314
3.37346
0.0204907
9.36013
5.11314
0.368565
9.75781
8.7994
2.36506
8.97656
3.08022
0.703854
10.0035
5.96117
3.79319
3.60076
9.51539
6.54324
3.01957
6.79575
2.50248
2.04042
8.1589
3.68149
1.05261
4.95465
4.43984
8.84609
3.47432
3.19123
9.4405
4.28085
5.03319
4.52849
4.86432
9.9865
5.09758
6.98965
3.98078
5.595
1.89401
0.0450865
1.3803
3.16494
0.451973
8.03824
9.00721
0.525138
9.56326
9.51805
4.95078
4.62882
8.22086
2.04657
2.19366
3.68227
4.89529
1.01977
4.83712
1.73136
8.63783
5.95785
6.40977
2.05272
5.98023
0.756176
4.67006
7.08493
6.13067
8.17864
1.69193
4.24774
3.79811
1.83687
1.98396
9.92011
4.55384
4.26017
3.31422
9.06752
7.04058
0.343749
3.08869
5.53405
2.88694
0.921023
6.82403
8.47767
0.770251
6.93855
5.9048
0.728766
6.28089
2.21835
9.74043
5.17693
5.88217
3.25739
2.76979
2.90395
7.70279
7.06062
2.28704
1.40787
9.7965
7.57153
0.784945
7.0201
5.29908
8.45526
6.05957
6.40041
8.13845
8.51089
6.69434
7.89751
1.21435
8.36715
4.92773
9.99205
2.53816
2.89942
8.20937
9.33134
9.76689
1.59275
7.69832
6.80792
9.23212
4.00258
1.03855
7.3878
4.34106
1.00577
0.513733
8.76801
4.27075
6.03654
3.88456
4.06459
9.53929
0.204077
4.49784
2.74297
5.94216
5.17527
6.57798
4.10709
7.14684
6.60699
5.16008
7.32102
8.52088
9.77694
6.37817
1.91997
0.00606305
1.07759
0.849585
3.40093
8.29266
0.293822
5.29878
6.9012
1.26704
6.93026
3.00397
1.08513
9.61073
3.80806
9.62368
5.62712
9.50744
6.10751
2.59008
8.61366
6.17804
5.94629
9.1615
7.72659
5.43535
1.97137
2.04889
0.813599
2.53368
2.58677
4.77527
4.0103
5.03693
7.88062
1.00719
8.2012
5.11474
5.88329
0.842548
6.03534
7.27417
9.4918
5.6291
9.65354
6.61183
7.6147
3.84395
6.53224
3.12179
5.80649
9.53594
6.9099
1.1035
3.2812
1.03962
7.35971
7.41879
9.63413
1.97206
4.60328
7.20648
5.68322
4.56933
3.84123
8.56198
7.2673
7.88411
2.21625
2.39677
7.3819
2.10758
7.98834
4.26118
0.827986
7.56784
0.731646
7.18306
1.426
6.87533
8.37461
1.80568
8.28851
7.1706
1.4524
8.00467
2.71025
3.70268
1.61076
7.88884
9.46365
5.32638
0.529609
5.19997
0.608463
5.11723
8.45399
2.16126
3.6907
9.87284
5.16393
0.543631
7.63454
8.3956
5.31219
8.87177
3.87114
2.22903
9.19278
9.48318
2.95401
9.20532
0.131867
0.136538
2.58817
2.78076
1.53131
8.08417
2.62495
3.34568
5.08624
2.64941
7.59247
1.56148
7.97652
9.75607
8.2862
6.63215
1.0066
9.57877
9.03655
8.25159
10.0576
3.66478
4.59458
5.60092
2.87633
4.47836
2.73832
3.91796
4.88224
3.00936
6.86179
2.96268
3.92613
3.6846
0.503825
0.396649
4.17022
5.53412
3.89163
6.52687
6.00162
4.64986
8.68993
9.6883
3.62251
6.42906
8.29895
0.352083
6.43847
1.06213
6.97264
4.12708
0.608667
1.87236
7.00266
1.55128
9.79315
0.617209
5.14774
6.02997
9.23732
3.54192
9.81921
7.69887
7.31039
4.64856
6.90536
4.8754
1.87116
9.09048
3.12177
7.46679
7.03976
9.61297
7.71022
4.57999
4.50761
1.74418
9.17949
0.984298
3.4613
2.83158
4.5126
9.41391
8.87864
0.830322
9.99692
3.71875
2.46346
0.239261
6.0786
8.09383
4.39737
9.15158
4.29191
4.10066
4.02053
4.19894
4.18466
7.4538
7.28806
9.42898
1.17713
9.48486
0.312887
0.079493
1.08983
8.08695
3.4142
6.17923
6.82576
5.07052
5.98412
1.75524
0.139394
1.20692
4.19658
7.21167
6.84623
9.23995
3.92548
1.64686
6.81245
1.67441
5.50932
4.73621
3.01942
8.96682
2.65443
3.25308
1.77826
6.96232
7.59767
1.10236
0.32855
8.69263
0.740321
1.28828
7.7861
2.3895
2.89027
5.83102
5.30315
2.85813
4.07622
5.13145
9.79048
6.05554
1.61618
7.38422
6.54075
6.67336
9.45275
2.11853
4.50464
7.36707
6.26836
1.34554
5.01089
9.3962
9.41224
5.59064
1.21456
7.61829
5.06459
1.41713
3.22742
9.36826
6.47171
5.6086
9.13899
0.627759
9.9914
4.13916
9.37578
9.70877
1.81664
2.13528
1.64807
2.90897
1.83539
6.6659
2.06186
4.11674
10.0512
0.452501
7.05327
3.58016
5.64705
6.68553
0.385534
8.57655
5.17215
8.60262
5.85374
4.3283
8.58171
7.1293
0.0435773
7.09223
6.56473
6.85724
4.03739
6.34378
9.58057
1.10362
0.761798
7.13788
3.51544
5.63129
3.00456
5.32092
3.6269
8.04708
2.14726
3.1786
2.21282
8.96491
6.82403
0.128273
1.85195
4.25164
7.94964
5.78064
8.49751
6.5955
5.14306
1.15736
8.86986
0.344457
1.11243
5.2918
8.4062
