4.30071
5.76908
0.191322
7.02401
6.03377
5.49435
0.179879
8.44543
0.554252
0.207696
9.74208
3.46026
0.676539
3.16876
10.0705
5.18958
4.88251
9.13783
2.64688
5.74107
8.62704
8.64351
1.23521
9.30619
9.27561
9.25704
6.66328
5.43921
4.60628
9.11816
6.15615
3.01393
6.63375
0.495724
5.89476
2.81334
3.8042
9.85871
1.87282
1.47116
0.967606
3.28441
7.08628
3.35798
4.10847
4.91417
0.900087
8.3229
8.6801
6.73508
5.00803
3.28205
1.17704
1.72239
5.18976
2.83591
6.1571
0.301212
7.29069
2.27614
9.24502
1.68143
0.561271
7.39255
9.38683
5.75952
5.61473
4.64676
9.89437
7.75504
4.09243
5.48614
6.65763
9.88658
1.38834
1.76545
0.0900579
2.02699
7.44638
7.86455
6.38498
1.59005
6.5612
6.92839
9.06889
5.73479
1.07872
8.5247
7.12063
5.62445
3.96075
3.02463
9.13509
9.31286
5.15433
5.91482
1.60715
10.057
1.01853
1.09193
6.93758
4.86245
2.27403
8.37816
2.39352
7.40219
2.14682
1.12178
7.59818
4.16282
9.21548
7.63861
1.93585
9.21516
8.40226
8.04506
0.429124
7.49006
0.79602
6.15402
4.81586
1.5805
7.42829
7.35187
2.70281
6.23774
1.44625
1.69555
1.31184
1.06975
10.068
8.68031
5.81997
8.79291
8.87431
1.2396
1.53424
7.21177
2.39564
6.60224
1.36425
6.53063
5.60929
3.10776
2.67412
0.148923
8.58184
5.71825
6.64579
8.81731
3.99638
7.15654
8.17496
7.57021
0.653948
4.24182
9.13318
8.65912
1.34259
5.87692
3.14269
7.99696
3.83054
1.27579
2.93263
3.19689
1.53139
8.20945
0.698933
6.44178
9.23337
4.7996
0.85979
0.368719
4.5901
4.34428
5.60634
3.22709
3.67816
9.96878
1.87422
6.68414
0.95378
7.4565
0.0156632
6.88902
2.58168
8.86115
1.21519
3.83404
5.69718
0.649807
3.43007
0.193717
1.71078
4.95324
4.5796
9.73707
1.77811
1.36979
5.85803
9.73946
2.92318
5.25858
0.359803
2.71503
9.43635
5.01929
7.72918
6.94884
8.32706
2.24829
1.44851
3.26243
8.68985
2.02856
0.901586
0.589409
3.36771
1.60179
6.21704
4.5362
0.718539
3.63308
6.14605
8.29302
7.2948
9.1411
6.82437
2.20062
2.96433
1.46368
2.44107
7.75818
0.464843
1.02185
3.65114
6.68176
2.14968
2.25741
5.36459
2.95448
5.03066
8.16078
4.77103
9.63066
1.09573
7.19028
3.94785
3.66574
8.67006
5.67722
8.03518
6.72416
8.43471
9.50289
7.89875
7.43919
1.92293
3.67319
8.4574
2.60601
2.97832
9.54723
5.55537
2.4234
5.00354
8.36504
6.49522
3.83989
8.09203
3.81783
0.948515
1.24804
1.68972
4.99899
1.93382
2.65821
0.281375
9.3698
5.65879
3.22301
4.06105
8.09454
2.18619
5.84824
4.88849
2.14076
6.0091
5.5007
7.04369
0.427787
6.84478
5.46075
4.18423
5.19366
4.62839
4.21168
5.03668
5.61208
0.534578
1.53222
2.5963
4.97143
6.36081
3.21018
5.07018
3.10376
6.74519
4.84626
7.74704
5.15254
0.299371
4.37583
0.797628
1.68822
9.21447
4.93763
9.4626
8.99187
0.0773773
7.79176
9.80994
8.61404
0.0717141
6.79935
7.26345
2.36214
0.0834441
8.37685
8.19666
7.62303
2.80014
8.57179
6.13134
2.47182
3.94525
8.13191
9.48641
7.9614
4.45423
0.368329
5.48681
9.3536
1.55112
3.358
8.52582
8.13111
8.44863
0.0986008
6.53848
9.72824
3.81855
0.982763
6.98965
4.30022
4.00692
8.86294
4.67692
8.8637
1.65449
4.28518
0.160792
6.01568
4.13943
8.83464
5.06424
9.43193
7.93718
6.26312
2.9686
4.60888
8.9922
3.75648
2.82504
4.51627
6.06268
1.97359
4.10216
3.17757
7.08977
0.511477
4.36738
8.15053
3.20984
6.45845
6.51176
6.85907
8.40281
1.18877
3.90082
2.92366
0.228447
2.56682
7.61827
8.48683
4.97614
4.4935
2.11112
5.29836
3.54177
6.57802
7.02316
3.42417
3.12465
0.835215
7.93549
9.62349
2.60001
3.72615
4.37797
1.03258
1.04731
8.23148
8.77595
1.60547
9.20668
3.80944
5.67092
3.36488
8.11995
6.23879
0.515518
9.49562
6.69998
2.59588
5.03303
3.25101
5.04426
0.336195
9.94231
3.13469
2.01187
0.710741
9.92585
5.16061
2.30955
6.85412
3.43614
6.5385
6.61182
9.91712
4.82034
7.52674
9.15827
7.41052
6.01606
0.57058
3.48238
4.07584
8.51671
6.44255
3.36407
0.104875
0.784136
1.44173
7.8373
2.83171
4.08215
4.96718
0.371065
7.62632
7.23339
1.50598
8.79912
4.39394
0.257442
6.81531
8.67595
2.22794
1.80017
2.90584
3.18474
9.27628
5.12225
9.62615
2.88764
9.29671
1.62846
3.50957
7.26022
7.68426
0.900513
10.0113
9.18409
7.61821
7.64837
8.95744
5.96839
3.74261
4.77609
5.70649
8.04248
7.39723
4.05357
7.65366
0.209785
4.48205
1.89378
5.09482
6.45612
2.86192
9.55308
5.80242
5.70294
7.35044
4.3709
7.43099
7.71271
4.08415
2.39483
0.360207
