0.779425
0.518188
1.48627
-0.0775732
-0.0123948
-0.291932
1.0685
2.07575
-1.84663
-2.43425
2.40299
0.068806
-0.00110954
0.935073
-0.929189
2.75079
0.669868
-2.38277
-2.21198
-0.459565
-1.37209
-0.858142
1.50555
-0.298737
1.08532
-0.377955
0.577636
0.131479
-0.741545
-0.841784
-1.82265
-1.4112
1.06011
-2.02733
-0.950096
0.617081
1.33083
0.816573
0.905714
1.45596
0.117513
-1.39775
-1.02182
1.70329
-0.289038
2.12021
0.425183
-0.0463143
-0.845148
-0.748874
-0.442783
1.42397
-1.55139
-1.56891
0.540117
0.201779
0.788452
-1.44058
1.79591
0.258859
-1.94539
2.36521
-0.127491
1.31061
1.628
-2.2578
0.965279
-1.84891
-1.04778
0.860454
-2.42123
-1.50384
-1.02216
1.72945
-0.687053
-0.135752
0.331642
1.7336
-1.32526
1.44274
1.92649
1.70027
-0.0616821
1.06582
-0.844757
-1.08805
1.06087
-1.36321
-0.455864
-1.09116
0.258651
1.33151
-1.86237
-1.55705
-1.08894
0.71172
-2.12826
0.505913
-0.781625
0.881355
-0.471923
1.85556
0.490917
0.323732
-0.860778
0.553166
-1.04287
-0.300449
0.520074
0.501737
1.05068
1.25616
-0.925389
-0.258917
0.34325
0.0833518
-1.2824
-0.882251
-0.0887408
-0.225476
-0.0749599
1.40112
-0.720624
1.73164
-1.19652
1.64218
0.263593
-0.7874
-1.72403
0.548072
-0.696634
-0.986603
-0.336454
-0.10294
1.34669
-0.737751
-1.12713
-1.4107
-0.0430587
-0.206697
-0.602581
-0.47768
-0.703974
-1.76197
-1.12797
0.357798
0.0160362
-0.310242
2.13654
1.24645
1.6346
-1.19337
0.804813
0.444363
1.33907
-0.0622817
1.31796
1.16971
-1.06823
-0.055558
-1.13056
0.925658
1.28815
0.561644
0.568755
0.18664
1.37303
-2.3588
-0.776806
1.7335
0.378578
-0.0376488
1.61283
-1.75576
-1.88821
1.16369
-0.162742
2.09786
1.84893
1.47672
1.37552
0.126256
1.19521
-1.68399
-2.59675
-1.70613
1.71456
0.567644
-0.620367
0.222949
-0.979284
-0.245526
-1.17642
-0.924293
-0.33956
-0.955064
1.12122
2.00128
1.15825
-1.07936
-2.5307
-1.23812
-0.746191
-2.40242
-0.46512
2.10759
-0.669539
-1.1084
-0.984989
0.221185
1.87822
0.0858561
0.550852
1.36535
-1.34907
0.428364
-0.927324
-0.334192
-0.564918
0.981089
-0.3347
-0.293065
-1.06359
-1.49426
1.96609
1.21915
-1.34069
-1.2231
-0.500425
0.82473
-1.91003
0.263285
-2.28173
1.3641
-0.0505973
1.41701
1.97123
-0.0607279
-0.654029
-0.424956
0.810969
2.06883
1.48407
1.01813
-1.97203
-0.638641
0.615501
0.0956483
1.19785
-0.339338
-1.66806
-0.853624
-0.532636
-1.1649
-1.73682
-1.08368
0.0457423
-0.816465
1.34078
-1.39578
0.346389
-2.22006
-0.34821
-0.725182
-0.139736
0.727997
2.02216
0.719679
-0.879524
-2.38768
-1.65095
-0.627563
0.7036
2.40885
-1.16792
1.98918
0.374446
1.06232
-2.20097
1.59012
0.763647
-0.32289
0.683229
1.55362
0.508359
1.30819
0.788822
1.30973
0.581308
-0.696198
-0.717253
0.248529
-0.633764
-1.3417
-0.369335
-1.31664
-1.07891
-0.610793
0.990704
0.12218
1.58239
0.0441021
-0.82117
-0.0645488
1.68859
1.72571
1.22882
-1.30822
-0.47007
0.00672758
-0.868407
-1.26668
-0.00576521
0.520949
-1.09777
-1.96487
-1.77735
-0.668531
-0.534074
-0.644079
1.8711
-0.941945
0.609244
-0.786568
-0.568494
-0.0598921
1.10317
-1.00993
1.56479
-0.383926
0.847479
1.41497
1.61493
2.04905
0.335076
-0.619303
2.02892
-0.286706
-1.1265
-0.653592
-0.624636
-0.0692576
-0.69134
1.70422
1.80406
-0.616104
-0.14694
0.855831
0.635456
1.46651
-0.839468
0.781578
-0.0739084
-0.530541
-1.57248
0.126624
0.897844
0.934387
-2.06586
1.73621
0.537236
1.98821
-0.84359
1.29117
0.0102335
-0.75742
-0.684886
1.43613
-0.902485
1.2841
0.472313
-0.407836
-0.57903
1.07789
-1.49507
-0.0334226
0.822069
-0.715251
-0.397532
1.2051
0.474969
-1.09639
0.72287
0.127294
-0.908561
-0.760527
1.0509
-0.00157722
-0.449449
1.79951
1.10353
1.69021
0.662689
0.226746
-0.252804
0.653154
-0.630123
-2.16208
-0.9805
-0.492787
-0.374295
-0.16041
0.505658
-1.48851
-1.53919
2.01713
0.859691
0.368833
-2.38753
0.709505
0.0991103
-1.73367
-0.222818
1.24866
0.696405
0.227126
-1.80592
-0.236424
-0.177818
0.118393
-1.87751
-0.0521417
-0.178703
0.609436
0.300797
1.78434
1.07704
1.33168
-0.19315
-0.00421308
1.19261
2.01462
-0.089628
-0.446854
-1.43828
-0.041688
1.39558
-0.219116
-2.40961
-0.0828779
0.0739337
1.04204
-0.418972
1.59729
0.776783
-0.0486636
1.88884
-0.32968
0.96873
0.537525
-1.88303
-2.00413
0.156029
0.288074
-1.33588
-0.14933
0.429577
-1.34134
-1.18106
1.16074
0.456476
1.30363
0.154118
1.23806
-0.0184925
0.371111
-0.534685
-0.0210877
0.158938
-0.545143
0.016292
-0.59712
-0.0181607
-0.526298
-1.18952
1.91816
1.55804
0.680483
1.86351
-0.707031
1.38404
1.34505
-1.71602
-1.71576
-1.60063
-0.757004
-0.712382
0.76087
-0.237854
-0.184664
-0.580872
0.0656821
-0.832217
0.233422
-0.72683
-2.25027
0.78849
1.44961
0.95271
0.490721
0.164044
-1.06469
-0.655917
0.184769
-0.686027
0.426047
0.788746
-1.33288
-0.118001
-0.476272
-0.201089
1.10492
