9.352
9.58811
5.48662
0.337954
5.50712
2.84954
7.26679
9.01829
3.54451
2.39682
7.8909
4.97087
7.36627
9.54375
1.80801
2.30091
8.641
2.09079
9.22929
5.92768
3.24491
8.9843
6.7406
1.95418
4.97486
7.02559
2.83527
5.11088
0.0653195
7.23089
3.25956
4.99108
0.487605
7.06404
2.3062
0.598662
0.231008
4.90077
9.95374
9.52544
8.08381
7.47863
4.7102
7.07787
7.88999
9.25255
4.97126
0.535623
9.21045
8.40648
7.17661
3.52516
2.66384
5.64625
3.77353
0.950923
1.50239
5.04004
6.68374
9.12902
4.93068
2.22234
3.20748
4.48016
4.72557
1.43559
6.43488
7.38215
5.747
9.58779
5.29311
9.48578
9.34955
5.92384
5.2693
3.94646
0.408218
0.178575
0.429705
6.48802
5.92358
0.0951219
1.35197
1.62622
7.54387
1.06792
9.49265
2.86635
1.60428
8.64742
8.37982
6.58852
9.62455
1.32339
4.34278
1.165
3.36783
4.32262
5.13961
6.56903
2.05453
8.61438
0.186651
4.26557
9.61636
1.22839
1.82496
3.44733
4.94681
5.72665
5.73225
4.64189
7.64496
6.19898
5.08048
8.19967
2.1562
2.37112
8.88714
5.18988
4.2631
7.88539
5.5058
4.59892
5.4625
2.4911
5.26836
1.29905
1.47065
0.687846
7.51227
0.105556
7.99305
5.62539
0.296372
4.70332
4.58225
9.14478
6.30746
7.29994
8.82091
6.25068
0.407498
2.88469
8.96651
1.01295
3.08714
7.94409
5.20518
2.75215
9.31991
9.72936
4.20557
9.72271
7.4678
9.37333
2.54377
8.75662
4.43177
4.27901
0.978785
5.69875
9.69567
1.50902
5.14966
6.97552
1.14118
3.56398
9.34932
9.91613
4.18987
0.647619
2.34877
0.655912
3.06474
2.19689
6.89446
8.22201
7.44425
4.03351
4.86202
6.19861
6.90022
9.14738
3.19052
9.94187
2.77452
4.12682
6.18922
3.72077
2.62943
2.58022
8.60793
3.37085
2.80241
7.89667
2.80302
1.89794
1.66573
6.87309
9.99729
6.03638
7.30087
1.58314
3.52527
5.31692
4.40219
7.87782
8.82301
2.36254
2.81168
8.84622
0.137359
5.14287
10.0182
0.370025
6.55012
4.5646
0.759129
1.47717
4.49841
8.57883
8.32825
1.97111
7.75884
4.60838
6.43245
1.10839
5.41271
6.07847
9.7087
2.52088
1.92876
2.56294
3.35057
0.555193
5.40542
5.98382
5.07426
4.82195
3.27948
1.69368
4.58191
8.29256
9.91631
8.17499
8.01767
7.15926
5.22378
4.1684
1.08771
2.22169
4.38738
1.52106
5.45558
1.29153
5.58438
8.23422
0.467582
2.48528
0.322761
0.979766
2.75867
2.96227
4.31712
0.0549767
6.28068
2.97933
5.16983
4.61298
6.84362
4.6733
8.21184
6.70616
9.64849
5.5769
4.57849
3.38432
8.06875
9.22492
9.59989
0.478694
7.39259
4.05025
8.0066
9.54837
2.3869
1.3973
7.25293
2.95962
5.50302
0.316955
5.9589
0.316451
0.899709
3.57842
3.97778
8.16546
3.74199
4.518
8.7662
2.8565
9.12085
1.01331
3.74221
1.19587
3.13315
0.756704
3.51556
5.25739
9.52011
6.50695
9.98648
2.06573
8.08723
2.88791
1.40633
9.98123
3.10574
8.72548
2.57791
3.43812
4.70747
4.38642
0.05161
3.72632
2.89505
1.80219
0.446248
5.2902
0.660574
8.03642
5.9817
0.693002
8.12192
9.5861
8.27316
2.60022
0.837364
2.21919
10.0661
9.95376
5.00237
6.41267
8.26305
4.12658
6.71556
6.22828
7.37442
4.22961
0.335144
1.43323
6.07557
4.25654
8.5748
7.06821
2.66197
8.23566
0.770231
0.596164
0.102577
6.93533
4.74453
6.64259
2.14105
5.54362
4.24071
1.25147
3.47556
1.69443
3.49084
8.65581
3.78532
7.48067
2.64744
3.89966
5.34207
4.36996
5.06236
2.87864
3.47475
4.55079
8.0517
8.97767
8.05847
7.97497
1.28393
4.38079
3.2142
0.339481
5.5167
3.80569
7.43521
6.21339
5.18402
6.14414
6.52324
3.07519
1.38516
8.1559
0.515491
1.60246
6.72959
3.47251
9.79324
8.7489
5.11453
2.70573
3.50854
3.79732
8.9046
6.72707
5.20885
9.17796
8.74799
6.9418
5.64718
2.60097
5.60482
6.2715
9.88433
4.07118
7.9361
9.4922
8.01408
6.52323
0.691279
7.16678
8.14901
5.30362
5.65884
6.40816
1.69968
10.0527
10.0325
0.610804
8.11828
1.77511
4.82554
5.40685
8.7828
3.54984
9.7983
3.9691
0.716651
8.22162
8.50038
3.26664
1.98602
7.65903
6.76181
3.91068
7.03814
1.68674
1.0291
6.54726
5.66621
6.83258
0.541085
1.70914
9.02514
6.01845
0.633587
4.31744
7.34626
4.58615
3.38523
1.05385
5.36463
3.27344
3.20219
0.714992
1.47386
3.86649
3.39485
4.79049
7.05476
6.86301
2.13036
8.99243
2.52352
8.13872
9.4967
2.36868
3.35464
4.05501
8.07536
1.76388
10.0489
7.37919
3.31831
7.98893
5.26471
4.00452
3.58948
5.63077
3.5813
9.99127
6.40923
4.98643
3.3061
7.05956
4.98558
6.54965
8.19421
1.55302
4.76075
1.77046
2.78463
8.80472
5.64832
5.8654
