0.136429
1.06589
0.877649
-0.853111
0.501876
1.13004
0.977038
-0.889887
0.143575
-0.684915
-0.770695
-0.604849
-1.0774
0.392911
0.975386
0.2955
-0.620069
0.849298
2.0119
0.0172034
-0.589234
2.1431
-1.86475
0.229153
0.573848
-1.25876
-0.823396
-1.4438
-0.786697
0.200229
-0.181838
0.145521
-0.876724
-1.92404
-0.382644
-0.981951
-2.96623
1.07051
0.982267
0.801976
-0.247963
-0.5581
0.0710503
-0.924223
-1.6297
-1.67998
-1.7116
0.462742
0.0638223
0.20624
-1.13111
-0.794679
-0.843745
1.52175
0.171719
-0.3967
0.138192
-0.399317
0.773539
0.706121
-0.124319
1.44283
0.449865
0.537796
1.61433
0.336206
-0.599587
1.62242
-0.414568
0.291288
-0.400746
-1.17401
0.191835
1.91546
-1.20995
-0.264616
-1.62693
0.267219
0.936846
-0.0183043
1.65055
-0.0699735
-1.31437
-0.0240688
-1.31973
-0.623918
-0.720739
-1.33782
0.46439
-0.825244
-0.497428
0.657125
-0.828351
0.466245
0.922687
2.79059
-1.03223
0.319529
-1.42866
-0.953951
-0.0357614
0.0600353
0.531691
-0.897933
0.80138
1.09719
-0.615471
-1.04332
-0.638327
0.817536
0.71745
-0.458934
-1.3522
1.45745
-0.152027
1.38889
-0.749314
-0.0793028
0.0772473
1.34788
-1.0354
0.237883
1.02562
-0.0539968
-0.0150549
0.121902
0.0519202
1.43574
-0.0456943
0.542144
0.572518
-2.1812
1.60762
0.713393
-0.606614
1.6134
0.544532
-0.790032
-0.437731
-1.10312
-0.0740706
0.857205
-1.62771
-1.25104
-0.388035
-0.994804
-0.882586
-0.624471
-1.75392
0.22014
0.93944
0.833503
-2.43682
0.0527858
-0.943058
-1.53108
0.466579
-1.26538
-0.332481
1.25336
0.615947
-0.12074
0.552233
0.940675
-0.170177
-0.706169
-0.579967
-0.208678
1.12006
-0.955245
0.816208
0.0977332
0.391472
2.02816
1.11205
-0.889253
-0.207309
0.46734
-0.104571
-0.413687
0.390446
-2.38963
-0.126817
-0.524163
-0.274639
0.747479
-0.363459
1.89326
0.595089
-1.37765
1.26594
-1.73112
0.0943414
-0.420864
2.09629
0.410227
-0.662427
1.13976
-2.69423
0.446639
-0.600693
0.145038
1.21095
1.79515
-0.35463
-0.296519
0.925602
-1.21949
0.721248
0.902887
-0.387905
-1.75836
0.692379
0.506411
-0.298932
1.07701
-0.702267
-1.89774
0.271011
0.925266
-1.13842
-0.73271
0.404944
0.606456
-2.50835
1.3839
0.398747
0.0821081
0.536077
1.40994
0.881377
2.79491
0.403297
0.510836
-0.32539
0.604561
-1.33882
0.709073
-2.1767
0.246146
-0.261964
-1.04765
-1.23738
-1.21508
1.45202
0.906521
0.94468
-0.393248
0.212668
-0.664007
0.329719
1.34527
0.746939
-1.04115
0.215247
-0.857603
0.0630643
-0.362355
0.614651
0.89059
-0.869014
-0.664061
1.70618
-1.03744
1.77342
-0.83744
-0.0809569
0.0561432
0.0474708
-0.96823
1.13107
-1.24516
-0.50864
-1.18011
-1.17371
-1.43516
-0.906377
-0.272786
0.053789
-0.429711
1.04718
0.462068
0.0667961
-0.263724
3.27303
-1.70711
-0.452266
0.932082
0.605033
-1.67318
0.523535
0.721305
-0.279521
-0.28106
1.35177
0.726783
0.665043
-0.467955
0.11619
0.691272
2.68583
0.188362
-0.602305
0.239604
0.319298
1.19112
-0.232206
-0.498357
0.445635
-0.0135831
-1.01135
1.39163
-0.0310084
-0.304523
-0.855816
-0.24998
0.384714
-2.19813
2.42423
-0.191955
0.200367
1.53627
0.441858
1.574
-0.810548
0.975613
0.805866
0.203586
-1.59768
-0.558745
0.210558
-1.86925
-0.483324
0.831603
0.137704
0.973337
0.643586
-1.76034
0.603487
0.853179
1.67296
0.476785
-0.278402
3.14853
0.43635
1.45789
-2.11645
0.829051
0.606852
-1.74469
1.33912
-1.20556
-0.762473
1.76505
-0.152483
-0.361191
1.1943
-1.5615
0.760584
0.589695
0.35227
-0.381179
-0.819242
0.0158733
-1.08981
-0.862634
-1.59694
0.435294
0.447471
0.711851
0.0984311
0.647742
0.843319
0.671631
0.841978
-1.1952
1.35928
-1.94729
1.42901
-1.90555
0.0190771
0.646872
0.431855
-1.39915
0.23718
0.525367
-0.302733
-0.143799
-0.00584
0.466715
-1.56328
-0.150581
-0.151791
1.14538
-1.22514
0.222541
0.731856
-1.1496
0.850616
-1.05896
-0.621133
1.38841
0.284902
0.218994
0.291026
0.859651
0.387833
0.734133
2.24323
-1.26609
-0.647819
-0.228804
-1.76572
1.5408
-0.641304
1.17115
-0.616373
-0.28845
1.46046
0.00966818
-0.0560938
-0.0921922
0.141804
-0.196644
-0.117142
-0.269932
-0.197828
0.788328
-0.0856582
-0.27306
0.19094
1.65868
0.018469
0.294188
1.10689
-0.746706
0.197422
0.100589
-0.69063
2.61994
-0.245325
1.77391
-0.234431
-0.461212
-0.410435
1.21787
-1.32921
-0.602939
0.986193
-1.54713
1.23269
2.05567
-0.146581
-2.21599
-0.197767
-0.148796
0.408242
-1.0236
-1.63
1.35378
-1.81333
0.363691
1.13864
0.301111
-0.177207
1.09096
-0.0337658
-0.507079
-1.50474
0.640592
1.08671
-0.483432
-0.981929
-0.890708
-0.127271
0.743968
-0.948852
-0.173098
-1.01333
0.226203
0.486546
0.94009
0.508031
-0.0537175
0.700911
-0.823221
0.155862
-1.40587
-0.84864
-0.642343
0.521478
-1.37749
0.870655
-0.303384
1.07372
-2.11837
-0.81416
-0.491444
0.277355
-1.18552
-0.205439
-2.47977
0.46809
-0.35333
1.18263
-0.823588
1.98224
0.514731
0.496999
0.133122
0.442541
-1.13843
