1.1791
4.59698
0.916018
9.88626
6.03174
9.17228
4.4071
4.02613
8.15027
8.09988
8.73587
6.30427
5.06527
8.478
7.10762
7.95471
8.66316
5.90972
8.84788
0.699617
7.67832
9.187
9.23341
6.29482
5.47712
6.72411
8.83655
3.50074
1.04992
1.22807
5.5993
6.56915
1.07426
9.91606
5.72001
0.973048
2.09662
1.03254
3.491
2.34123
9.82958
2.3395
6.25915
10.033
0.88011
3.00644
5.73872
3.90639
8.49567
2.85853
10.0632
4.73575
3.63067
7.16843
2.77057
3.35441
4.8614
7.76739
5.91139
8.49713
2.00835
8.98306
2.65379
1.40795
7.03001
3.42262
3.82023
4.93785
1.06949
7.98387
9.02808
1.04514
7.15556
1.17468
5.9707
2.72154
4.43455
6.82709
5.60944
2.27952
5.655
10.0776
8.69302
6.89057
4.24136
3.33569
7.64393
4.30346
0.736536
0.402063
8.04779
4.70002
8.15105
7.70605
3.44415
3.05459
2.21855
2.02701
0.222402
5.7893
4.50472
4.22918
8.52743
7.20084
5.26088
0.20225
0.313266
5.32445
6.5584
7.65684
0.00584231
3.13891
8.11548
4.48424
9.73636
8.20901
6.49488
3.76404
0.790913
2.42592
2.66656
6.65039
6.11568
3.34688
7.37593
0.0367189
1.98885
2.98953
3.63931
6.49549
1.32677
2.38385
2.38968
7.72521
6.05923
4.56755
4.5261
5.5745
4.12034
3.98357
8.81636
1.93914
1.24351
7.69179
7.63393
8.01967
2.51419
4.09259
6.93291
9.7029
8.99261
7.46887
0.538047
8.06958
9.69911
0.915075
9.22589
6.43904
2.21602
6.48991
5.05323
7.93467
9.62344
10.058
8.99013
2.87701
8.16652
8.42214
2.23581
6.90453
4.86455
4.52973
8.62657
7.69686
3.30964
4.33691
6.97687
7.322
6.2133
2.46501
4.09952
4.65613
1.87168
8.62622
9.66988
4.36322
1.49953
3.49074
5.97203
5.00918
3.65546
4.21795
2.00643
8.75253
9.43231
4.80564
7.48599
5.77544
1.45469
8.68801
3.38994
1.51054
9.55795
1.63811
5.14854
9.56873
4.15717
2.78633
6.00301
1.42824
8.99882
3.45672
0.838774
7.07593
7.33373
4.00609
1.89957
3.45991
3.89033
8.27907
0.141111
1.16973
2.12663
1.23103
4.26071
1.61926
8.95232
6.0509
7.81636
7.41848
4.76682
3.27094
1.53102
1.09307
3.06131
0.310339
1.01708
5.01177
8.90284
8.56981
7.65212
6.59547
3.40721
9.40868
8.34482
6.7197
8.08799
1.73428
4.41741
1.08379
7.34044
7.36327
5.20627
1.25393
8.37164
1.65535
6.45486
1.69928
1.76231
9.21743
9.42387
7.27665
7.1015
1.44912
2.73841
3.2774
9.63667
7.75993
4.26064
10.0407
1.77675
8.22428
7.5803
9.45622
1.39473
0.851563
6.48661
0.161969
2.32894
3.12249
3.56992
4.82006
2.63018
6.63128
4.56423
5.66051
1.13028
3.60577
8.77388
3.22843
9.41822
0.144864
0.253194
5.90623
4.64769
6.87447
7.15736
1.38265
4.77307
8.13547
4.57004
0.478704
4.08418
6.21282
0.78166
8.42452
6.88102
3.04757
6.39105
7.29553
3.77313
5.035
8.31582
4.42769
9.93212
6.3179
4.31746
0.00330452
7.04357
9.11774
9.12727
4.82854
0.962073
0.80791
8.97457
1.39009
5.08444
3.11833
5.51717
5.45204
7.08094
1.43658
3.1872
1.27316
2.109
6.96041
6.32225
7.97049
6.30724
1.38687
3.28419
1.25071
4.78523
9.64775
1.62248
1.78982
9.47242
8.33341
0.652275
4.42628
4.00774
3.90043
6.59356
9.66691
5.59834
8.03751
1.25408
0.446952
1.87538
2.3425
3.51305
8.17049
7.21499
6.29148
6.83187
5.1194
8.28047
9.91585
8.46256
7.24281
0.459844
8.32392
7.55925
8.59294
0.608589
2.90487
7.18655
5.96305
1.88133
9.57064
9.31322
3.11605
7.47868
2.70363
3.55618
6.80512
2.80609
5.18183
7.23678
2.77405
3.38246
7.9649
2.96751
9.839
9.71033
1.2141
5.47629
1.02739
0.130045
7.48298
7.88181
7.08618
3.33044
2.43544
3.46626
5.93084
7.84602
10.0333
8.04911
2.36561
3.45102
6.48201
8.35263
3.50925
5.58935
6.71396
6.96527
5.80838
1.65008
4.12807
0.114988
0.870768
4.88131
0.38207
6.04921
5.59621
5.93097
9.39388
9.61197
8.51933
10.0523
2.69337
7.68917
3.83684
9.11255
1.30888
6.10484
3.04558
2.97705
6.60257
8.88
9.08151
5.91083
3.4344
2.99073
8.87627
7.90681
0.682756
5.10589
9.05609
4.70281
3.34147
2.86714
5.22977
6.38069
7.07886
3.64879
5.87153
9.27923
6.56796
0.115446
5.62136
4.8937
2.97305
1.35509
2.23559
4.31587
7.64362
4.803
6.70357
5.10082
4.29497
0.883419
4.11992
6.23423
2.98849
7.08574
4.80674
3.06
6.14243
3.86599
5.70744
5.08434
6.57246
4.46422
6.81866
7.49352
8.79641
2.0313
9.72137
9.89091
8.78406
0.01241
4.40085
2.8611
6.30473
7.19836
3.97078
0.66516
0.927305
5.23389
7.64831
0.787805
9.40208
1.55131
5.79926
4.77557
1.07496
0.741239
2.61044
9.36766
7.82163
