2.01947
0.553611
1.38353
0.00655444
-1.29729
-0.297776
-1.49598
0.72187
0.546192
-1.9664
0.686204
1.15182
0.296283
-0.859962
1.40298
-1.46736
0.250634
-0.3427
0.345613
0.600992
-1.0943
-1.88053
-0.314369
0.389565
-0.733058
-0.620362
1.11022
-1.36915
1.72587
-0.0685092
-1.21081
-0.240041
-0.98133
0.209439
-0.315064
1.143
-0.284261
-0.708446
-0.276662
0.87197
-0.0114364
0.967685
0.766062
0.756502
0.52456
0.332496
1.15022
-1.15473
-1.36831
1.11267
1.2357
-0.966474
0.862394
0.0660923
-0.217005
-1.1587
-1.61743
-1.83389
0.15478
-1.52924
2.297
1.27336
0.684154
1.41771
-0.569949
0.872242
0.356891
-0.780888
-0.280764
1.5273
-0.280148
0.127158
1.92716
-0.0495218
-1.95374
-0.985647
-0.692622
-1.11948
-0.80832
-0.599597
-0.876885
0.512807
-0.301431
-1.6283
-0.735433
-1.01277
-1.22545
1.65593
-0.0704618
0.0755455
-0.211596
2.10954
1.15033
1.12548
-1.02881
-0.435368
-0.151791
0.821826
-0.681094
0.0447193
0.236361
0.520981
-0.365286
-1.26754
1.38313
0.571963
-2.70551
-0.0134033
-0.0543722
-0.918204
-0.552645
-1.81165
-0.0347702
2.35728
0.0989288
0.444489
0.682312
-0.468622
0.787314
-1.41667
-0.693393
0.946667
-1.73141
-1.13512
0.670401
-0.533912
0.535985
-0.797913
0.233242
0.630882
-0.410935
-0.0169038
-1.08539
1.09038
1.03323
0.847797
0.0147592
-0.85642
1.64486
0.751615
-0.36407
0.79624
-2.41416
0.853855
-0.363554
0.198103
2.19254
-0.990218
-0.414954
-1.36393
-1.11247
0.227755
-1.44516
-3.12281
-0.0511338
0.842912
-0.267348
1.19972
-0.677846
-0.981872
0.887369
0.51138
-0.328703
-0.550504
-0.203589
0.151752
0.637307
-1.45995
0.159444
0.232112
-4.02038
-0.503342
-2.4329
1.3339
1.18372
1.50681
-1.09157
0.317623
0.578287
2.08318
-0.0870237
0.167275
-1.39656
-0.531061
-1.38815
-0.0705507
2.53472
0.744826
-0.97957
-0.196435
1.11638
2.25739
0.507048
-0.798498
-1.40027
1.04617
1.67247
-1.88568
0.559495
0.588253
1.85557
0.796397
0.386096
-0.358412
-1.03039
-0.387506
-1.51745
-1.2417
-0.793483
0.399527
-0.863104
-1.94504
0.985447
-1.00092
0.572014
0.0740608
-0.175263
1.19779
-0.383262
0.595413
0.240026
0.0895476
0.667943
0.373714
-0.191644
0.614138
-0.444863
0.790331
-1.38145
-1.18061
-0.200006
0.96525
-1.50487
-0.616085
-0.707519
-1.3438
0.423354
1.38398
2.04724
0.810896
0.595268
-0.304428
0.224903
0.600132
0.31239
0.171236
0.896147
0.859662
1.52467
-0.849411
0.172522
-1.8581
-0.0741848
0.770193
-0.751145
-0.622373
0.135684
-0.22565
-0.3492
0.201414
1.45384
0.480343
0.22148
0.0272834
1.17442
-0.270436
1.98655
-0.649224
0.010803
-0.604876
0.374928
-0.211878
-0.603287
2.01282
-0.937205
0.834724
1.14891
1.25145
1.10224
0.164391
2.20157
1.2186
-0.366774
0.0191707
0.682217
-0.359294
0.885346
-1.52275
1.49343
0.770443
-0.748537
1.13817
1.70295
1.15274
0.784262
2.57956
-0.383572
-1.09691
1.01901
-2.74257
0.230543
-0.494936
-1.22286
-0.231336
1.31372
0.632506
-0.76373
0.454695
-0.61926
-2.51378
-0.948609
0.00161621
-0.89133
-3.27345
-1.24679
0.0141101
-0.534767
1.07615
0.459187
0.109173
0.726391
1.32866
-0.447819
-1.04894
0.983125
0.899185
-0.30018
0.351925
0.862396
0.192964
-1.99748
0.822714
1.21612
1.56954
-1.26078
0.950987
1.05354
2.09101
0.372994
0.637213
1.14559
0.837169
0.690589
-1.62532
0.874157
0.877788
0.331192
-2.49955
-0.902914
-0.991018
0.222327
0.273725
0.95689
1.33985
0.548367
1.56783
-0.699153
-2.69525
-0.306334
2.06807
-1.16243
-1.64463
0.569594
-1.24399
-1.60585
0.0277567
0.440467
1.04319
0.872335
-1.13347
-0.432543
-1.07753
0.853609
-0.574857
1.81294
0.885131
1.95518
-0.924703
-1.50664
0.0816252
-0.209802
-2.70872
1.17555
0.558361
-0.403496
0.940476
0.512708
-0.264836
-1.52058
0.996417
0.936875
1.0384
0.811467
0.433971
-1.04546
-2.00405
-0.971083
-0.38453
-2.50054
-0.806138
-0.125554
0.801163
2.23252
-0.956894
0.937588
0.443397
0.819762
-0.95163
1.21895
1.47379
0.17379
-0.563695
-2.06913
-1.37466
-0.209166
2.41988
1.27531
-0.851313
0.507696
0.819748
-0.567647
0.395986
-1.72966
-0.50163
0.212811
1.34855
0.666324
-1.4058
-1.00584
1.028
2.39827
-0.8102
-0.28528
0.570373
1.0126
-0.883149
-0.726908
0.429191
1.44393
0.234889
-0.25263
-0.657561
1.76392
-1.59381
0.745823
-0.711143
-0.247845
0.39395
-0.157337
-0.521235
-1.40893
-0.3125
1.27855
0.157149
1.45904
1.14798
0.141593
-0.129707
-0.468711
-0.130186
0.386818
0.568496
1.56506
-3.45481
-1.41592
0.484298
0.666149
-0.576743
0.154613
-2.76723
-0.652593
0.075836
0.692661
0.97392
-1.97403
-2.22247
-0.285409
-2.52076
-0.520773
2.77845
-0.648177
-1.39936
0.431269
-0.563326
0.273528
-0.735979
-1.46237
-1.0488
0.0815058
-0.786093
-0.59967
-0.628739
-0.788195
-0.415731
1.89941
0.0284025
0.348513
-1.3561
0.782883
0.833184
3.11905
1.95291
0.326236
0.723696
0.0364356
-0.660923
1.34487
-0.937841
-2.14404
-0.921055
1.25208
0.18133
