-1.51491
-0.548534
-1.24528
1.26973
-0.461324
0.997841
0.802116
-0.748453
-1.8719
-0.26316
0.753663
0.292974
0.811542
-1.7612
-0.373847
0.948231
-1.79513
1.35327
-1.11814
-0.588972
-1.16621
0.663981
-0.436916
0.600762
1.95282
-0.0434125
1.72429
0.949637
0.303218
0.539577
-0.599977
1.70515
2.03152
-1.60845
0.436052
0.203744
-1.87235
-0.209245
0.275782
1.59376
1.53654
-0.763996
-0.798163
-1.17525
1.41303
-0.212637
1.93858
0.704246
-1.91707
-1.69789
1.09061
-0.0230367
1.09361
1.28276
-2.28814
0.375472
1.89948
-1.31665
0.336815
-0.665563
-0.0834556
1.15958
-1.61096
-0.863356
1.13037
-1.31704
0.470123
0.759763
1.43342
0.756343
0.856849
-1.10793
-0.828747
-1.19435
-1.53404
0.414492
0.314387
1.59977
-1.6014
1.0728
-0.23446
-1.86055
1.48315
-0.166536
0.853236
1.13182
-1.68272
-1.38889
-0.554307
0.823547
-1.50975
0.133569
-1.64243
-0.987819
1.9183
0.506964
1.29823
-0.287995
-0.422382
-0.0166845
-0.485173
0.948975
-0.934122
-1.79152
0.536064
0.234727
1.10639
1.54918
-0.563055
0.739201
-0.264537
-1.37277
-0.466176
0.522985
-1.7965
0.451189
1.23715
-0.036003
1.38914
1.47448
1.07631
0.131264
0.173931
-0.990822
0.437072
0.37551
2.09079
0.727567
-0.73096
0.326956
-1.34839
0.962067
-1.54627
0.427479
1.40775
0.642648
0.828799
-0.398812
-1.08793
1.60566
-2.06238
1.52021
0.592702
1.17326
-0.988908
0.301933
1.02283
-0.778586
1.72664
-0.38515
-1.2306
-0.632562
1.23919
-0.961756
-0.442246
-0.0345802
-1.65159
1.59156
1.01144
0.325976
-0.284627
-0.0901553
0.0585347
2.01214
-2.1557
1.58471
-0.0923001
2.07546
-0.435813
0.542399
-0.387161
-2.07177
0.59128
1.19662
-1.56938
0.571924
-1.01004
-0.696923
-0.691311
1.03867
-0.584981
-1.31279
-0.136966
-1.37824
-0.0151797
-2.1539
0.771132
1.27567
-1.53068
-0.379865
-1.88117
-0.620413
-1.70929
-1.62882
-0.645112
1.18877
1.38953
-1.06371
-0.730326
-0.873904
-0.295528
2.26559
0.589968
-1.70403
0.696359
0.885009
-1.79946
-0.134878
-0.392505
1.6951
1.82545
-0.166487
-1.17674
1.0973
1.37112
-1.59416
1.74601
-1.59925
0.856471
-0.3008
-1.75335
-2.03766
-0.723261
1.6827
0.846754
1.79615
-0.790434
1.41617
1.12221
1.47569
-0.415134
1.32183
-0.785736
1.24628
1.02138
0.546861
-0.930661
-0.680122
0.741201
1.46595
-1.28955
0.447772
1.6598
0.950671
1.57127
-1.13519
0.700683
1.61454
-0.660976
1.94166
-1.5158
1.82024
1.10748
-1.58076
-1.58269
0.161832
-0.207435
-0.103182
-1.26615
1.5921
1.92066
1.69481
1.21288
0.859413
-2.05847
-1.39494
1.69476
0.125237
-1.57273
1.79756
-0.176729
0.498168
1.3329
-1.95306
-1.78585
-1.00068
-2.06126
-1.06233
-2.09912
-1.63155
1.34402
-0.0840747
-0.495246
0.691168
1.75963
-0.324203
0.31266
-0.62668
-1.88113
0.678045
-0.679717
-0.196085
-1.75986
-1.39157
-1.79736
-0.964321
-1.29513
-0.9454
1.10025
-1.07521
1.25071
0.532185
-0.994983
1.61749
-1.22329
1.33485
0.447629
-1.04133
-0.675681
-0.576449
1.58921
0.0856953
-0.627855
1.5471
1.19902
-1.76569
1.60616
2.04958
0.0850529
-1.08836
-1.74329
1.64739
-1.17068
0.412352
-0.94923
-0.179661
-1.25659
1.05837
-0.849299
1.70414
-0.0541099
0.734475
-0.800655
-1.60049
-1.29528
1.94879
1.82763
-0.672697
-1.27137
-0.202194
1.02248
0.735916
0.292034
-1.51045
-1.34833
1.15657
-0.706872
1.4383
-0.255255
1.57428
0.204051
0.761248
0.414384
-0.182915
-1.50357
0.791119
0.59086
1.67323
0.884083
-0.341014
-0.855119
0.373681
-1.70403
0.163006
-0.526012
-1.282
1.34705
1.63888
1.85443
0.25032
0.882621
-1.40012
-0.451323
-0.298646
-0.467392
0.0533368
-0.19943
-0.635202
-0.334943
0.0951154
-1.18883
0.97855
1.94747
0.806951
-1.37732
-1.29063
-0.888975
-2.12381
0.668493
-1.35146
-0.835916
0.948392
1.90025
0.0971033
1.17919
1.65646
-0.258382
-2.28004
-0.274963
2.04072
-1.04593
-0.000283683
1.2783
-1.35264
-1.40406
0.00697351
0.262266
1.51092
-1.53004
-1.62567
1.54665
-0.444027
-0.423961
-0.706044
0.953899
0.903161
0.261934
-1.13421
1.18878
1.95396
1.6035
0.9085
-0.86005
1.8247
-0.0514739
-1.93915
0.414887
-1.28495
0.464655
-1.94989
-0.846649
-0.0708634
-0.411644
-1.99659
-1.08398
1.79307
0.98267
-0.00490246
0.0942999
1.38311
-1.16054
1.26687
1.05804
-0.0728304
-1.56747
0.471947
1.49698
1.10529
-0.0064713
0.89269
1.00809
0.978788
-1.72812
0.96462
-1.85018
0.0106974
1.77032
1.42384
-0.148877
0.937844
0.766395
-1.80691
-1.44834
0.460843
0.140161
-0.774155
-1.17947
-0.917251
-0.785493
0.54881
-2.05399
-1.29112
-1.40976
0.326626
1.74737
-1.67724
0.378756
2.18489
1.57343
-0.104856
1.57846
0.0269313
-1.36396
-1.87664
0.766716
-0.404364
-1.53391
1.9315
0.660151
1.38713
-1.97585
-2.04041
1.47854
1.57377
-0.190515
1.28175
-1.27938
1.03761
-1.04454
0.151513
-1.77608
-0.554005
-1.05853
-1.2458
-0.118813
0.620387
-1.76253
-1.04484
-0.949119
-1.28798
1.29632
1.35382
