5.85124
3.80028
6.93765
6.84757
5.41443
9.14237
4.14005
3.88882
3.41742
7.26926
5.96058
1.94695
7.69894
6.7897
4.04262
6.1779
7.02374
4.69555
6.8923
7.30319
5.26986
0.251927
1.90184
7.02074
6.19765
0.77935
9.54425
7.37776
5.66762
8.84439
7.78828
7.10397
2.36297
5.12068
8.56965
8.54199
0.284017
8.28514
4.70334
5.94269
3.49997
1.05994
1.61922
1.34541
7.4505
6.27927
9.46037
9.37139
2.80042
4.57465
9.1067
3.47217
2.48659
7.00636
9.10901
5.30048
8.63593
3.91559
2.68188
6.80172
3.81998
4.15242
10.0662
9.30953
9.48573
7.57171
8.46817
5.21861
7.04599
10.0539
9.30724
9.78374
4.96051
0.462847
8.62416
4.61134
7.78969
2.75106
7.08091
2.02594
3.79918
6.71444
2.79053
2.77812
6.4855
5.32403
6.22633
7.92026
9.96839
7.52389
2.34282
6.23799
0.478495
4.69886
2.35901
1.0971
5.42104
2.99006
4.31604
6.48531
4.96689
0.246228
5.17564
0.788072
3.13063
3.98039
1.85387
9.81429
5.88031
2.24114
9.53268
8.74619
8.47024
6.45514
2.41186
4.09254
1.90165
0.647555
7.0303
0.727276
4.75651
0.359216
1.21394
8.73804
5.30668
4.0375
2.34562
3.15077
1.47221
4.67156
4.2088
9.87135
8.95569
0.0749802
8.75316
4.10024
2.60256
3.25469
5.25907
7.92862
9.75701
7.48995
5.13053
4.63114
3.10517
6.76598
9.61052
3.05943
8.22932
5.58054
8.5766
0.487856
3.16376
3.86094
0.565526
0.329184
3.18407
5.28179
0.96132
1.40166
2.87136
3.79129
6.51097
1.90155
6.26026
1.95551
4.27712
1.08264
5.97044
1.25265
5.95586
4.41705
5.74828
9.43463
1.41106
4.32317
6.19223
1.71734
8.42281
3.41629
6.15584
0.560847
6.55002
3.66468
2.24951
0.337445
7.68499
5.66121
0.00833265
8.64263
6.83317
4.9555
3.69001
6.20039
7.43191
3.97013
2.52819
7.5335
7.31884
2.32403
3.28005
0.811923
7.66596
1.47725
0.980097
8.04968
7.27919
0.962152
7.82713
7.44578
3.32738
7.44144
7.88758
8.1911
3.18718
0.538444
2.66517
4.09645
1.83833
0.722086
1.26552
6.10359
3.69013
9.78709
4.01141
9.81593
0.482916
1.20413
1.51331
9.19576
4.90934
8.79366
8.21323
1.64743
9.85652
0.496962
0.803524
5.46324
2.5143
7.22363
7.1588
1.96156
3.16935
5.16182
9.60958
9.07276
9.86534
3.06568
8.85308
4.24795
8.06491
9.09001
1.3917
0.496387
2.98327
5.23743
7.96838
4.88127
6.60273
2.28717
0.142109
1.23383
9.28402
7.35852
0.309636
3.74488
7.66307
5.05359
6.47655
8.51215
6.81275
3.50102
2.17742
5.16066
4.19416
6.82788
6.24162
5.86354
7.07184
2.49996
3.37891
7.44958
9.61672
9.6394
8.11556
7.10718
0.524078
9.92501
6.01822
0.00639118
7.21653
4.47381
7.13596
2.58845
5.95791
8.92701
5.54695
5.48676
7.99736
6.23798
8.18388
3.44805
2.82937
7.06184
4.20346
1.5402
1.36094
7.62734
1.81863
2.50616
6.15542
8.85086
3.26258
0.938922
2.29958
1.75074
2.36457
1.22886
4.96696
9.82369
0.402689
3.68773
1.27854
1.95389
5.60331
5.39543
6.48969
3.63152
8.35413
0.392523
6.17519
8.21385
6.13309
7.60251
8.9705
5.52467
9.10276
9.65874
2.25884
1.86617
8.87246
2.109
2.66764
5.69699
1.16848
7.8088
0.85681
4.71838
4.32639
1.757
9.90576
9.83904
9.72262
1.44365
0.166901
6.13918
1.70994
8.20162
6.23662
5.92566
6.2171
4.95005
9.2009
5.11324
7.42078
2.96513
5.66147
7.47136
0.504075
8.33185
6.12053
8.85964
7.73169
9.32327
1.75265
6.45935
1.26474
2.43663
7.95673
1.26326
0.240626
8.52406
2.27356
6.90603
5.36225
5.68871
9.69619
3.54542
4.33883
6.6476
7.46816
2.32919
8.6025
1.4039
5.0129
0.386852
4.63992
2.57629
4.32446
3.68892
1.57556
5.0113
6.86585
4.22805
3.39629
5.00005
3.70883
0.968099
9.93059
6.40763
2.00406
3.93286
6.3261
6.65927
7.73419
9.61121
1.93911
3.97525
1.08903
8.19377
0.583098
5.41204
1.06444
2.22745
6.28793
2.78864
8.0993
5.15689
9.12517
0.281548
2.58316
3.06362
0.718762
0.651058
1.04768
9.03765
0.893489
6.16851
1.80217
5.94739
3.52995
4.67017
3.12057
5.95133
7.99434
2.66091
9.79278
3.13625
1.50138
7.19831
0.6589
2.14014
3.71516
0.47962
2.5162
4.74573
2.69056
3.04958
8.3184
3.55374
7.86734
3.02086
5.80037
0.404256
3.35949
1.56088
8.23211
10.0263
8.93757
1.70329
9.48371
7.78567
4.18265
1.81379
8.70139
8.43936
5.19121
6.93076
8.14961
5.22025
5.09428
5.7283
5.62555
7.09936
5.42892
3.93304
5.63238
3.28037
4.12873
9.71607
8.33745
2.44545
3.35119
0.754905
0.725206
7.40487
8.98491
1.23531
5.57789
2.75205
6.36866
4.67469
5.16186
1.63385
5.04606
9.42426
5.02451
1.06788
4.23831
5.99301
3.7586
1.61186
