1.02975
9.75183
4.44507
3.61006
4.4976
2.56122
3.17509
2.63723
8.08743
1.10429
7.07134
0.0815611
0.457854
1.00663
2.05117
6.08689
3.45809
5.21564
5.83042
8.85598
1.49994
5.05485
6.36875
2.45481
4.00912
7.45583
2.04722
1.88434
4.64852
8.59764
5.03154
6.65893
5.05048
0.45179
0.362989
0.735028
2.49228
8.16922
5.90458
4.59674
9.69166
8.50342
1.33475
5.95989
7.2584
8.56273
2.26755
6.6849
4.37562
3.997
7.96431
8.8754
5.72088
7.61575
1.28668
8.7878
0.389533
6.56448
9.0105
5.78236
4.73734
8.97925
2.06422
3.3192
4.44329
2.98269
0.728668
2.74113
8.43493
2.34794
0.519362
6.99845
3.2676
8.61432
5.28827
9.74088
9.61727
8.43938
8.47391
9.32339
5.84574
7.15309
9.75892
1.21765
7.54702
5.73384
8.84526
6.66494
2.22781
5.61627
4.96404
4.23466
1.6467
5.65269
1.01423
5.43057
4.71091
1.89169
0.230355
4.53921
9.77039
8.19401
9.78216
4.0248
6.82335
5.65335
9.46186
9.13205
7.70281
0.0956333
2.93112
7.14809
2.65692
4.2032
7.28196
8.71924
3.63053
8.02488
2.18711
3.41156
3.48876
8.55802
6.84813
1.94119
3.50575
1.66053
6.13957
1.48167
9.43354
3.97459
2.25637
2.02587
3.21834
7.01178
4.66954
8.10742
7.42506
8.91423
7.47234
0.343088
1.4556
0.465113
4.04586
8.99728
1.89705
2.39413
1.23824
5.86203
4.73721
2.13984
8.69605
4.75912
8.34593
0.650349
3.65904
2.50886
4.15183
5.28805
6.94952
2.29207
0.688483
9.92549
2.96057
3.45122
9.21786
0.993878
5.59769
6.52264
6.66321
2.6561
9.67546
4.50592
5.06399
2.24775
1.02802
5.60042
8.19394
1.37947
7.71705
1.9141
9.26716
7.34116
7.50284
8.3431
4.79836
5.17297
6.31524
6.49267
9.05372
2.84073
7.69548
1.64155
9.07939
3.5686
1.46813
3.79628
5.23812
3.70053
3.6967
6.64038
10.0083
0.497692
3.11921
3.24175
8.09567
5.54743
3.8257
3.83015
2.46046
5.64543
0.454956
4.13734
9.69586
5.74103
3.78415
8.06493
5.51522
8.75911
10.0595
1.97177
8.02824
0.693918
8.13727
0.299363
5.59985
0.535343
8.91619
9.98865
2.43312
8.4742
1.4217
7.27329
9.71119
6.03672
9.80036
7.14965
7.74699
1.14039
8.04417
9.12382
7.80292
4.9905
8.94431
1.30881
6.81369
2.46898
2.40541
5.06639
3.63548
5.28191
0.955001
1.66036
9.7079
4.78159
4.51678
7.82542
6.30229
1.57948
7.35387
8.03175
7.63082
2.64062
8.28605
4.42559
8.97402
4.66995
5.53967
4.76036
4.256
9.44288
7.44497
5.17299
9.90062
2.01479
8.45583
0.155224
5.96183
0.133389
6.08663
7.12264
9.36569
7.36126
4.9202
1.80173
0.941772
1.25205
3.38462
8.73282
9.16774
1.00245
4.51082
9.36698
4.20683
6.09717
8.73053
9.58904
9.86366
8.05712
9.12341
5.55684
3.16349
8.53095
9.66053
6.63548
1.66803
8.41496
3.69443
2.36946
9.05982
2.47728
0.227746
5.76006
5.02194
3.27474
9.2499
1.68119
0.546304
5.07648
2.49929
4.93886
4.3825
4.39353
0.306125
1.73212
4.79658
9.40981
6.02405
9.06045
6.21737
7.81636
1.7835
0.185318
2.9182
4.81891
3.10045
4.26818
8.3118
7.1983
4.25634
0.59855
8.74636
9.13134
6.6407
2.39135
5.92524
0.818815
4.59722
1.69964
6.15834
9.64756
1.57668
3.82896
9.69518
5.34144
8.41297
9.65963
2.14503
8.17926
5.99096
7.36933
7.26652
5.73704
0.638433
5.10231
2.95311
1.15865
5.48379
7.74443
3.24466
0.127995
7.08865
10.0231
2.65185
6.80694
7.49393
2.90805
7.37985
9.20931
6.68112
2.51196
8.24763
1.44572
5.3642
0.971244
0.895421
8.96511
0.941015
8.50604
2.73856
3.25329
2.26288
8.01823
4.90176
3.72516
1.13124
2.29024
5.97289
1.83092
5.49698
8.51846
10.015
6.5962
7.84294
3.40758
4.10914
4.55818
4.4272
9.32305
2.1038
4.76455
1.48049
4.30561
2.0585
5.15947
7.83106
7.1327
1.39136
0.225455
1.37584
2.90042
1.83097
3.23372
0.979702
10.0426
8.92987
6.81317
6.14315
9.61259
6.45406
3.16953
9.09347
2.36338
3.0978
1.44215
0.162006
1.30389
2.93959
0.707245
0.250619
3.10901
5.91163
9.67857
9.75021
4.13555
4.5716
7.44188
0.702039
8.55828
8.5434
5.66338
7.06876
5.89511
5.4219
6.55889
2.04115
2.31561
7.05804
4.14184
1.9504
8.13417
9.32198
1.5627
5.95948
5.70838
4.22662
8.01212
2.81433
9.63958
6.38921
5.6438
2.82137
6.21213
1.87357
3.9567
7.44751
3.47622
5.56798
2.9686
3.82078
5.36865
3.68684
1.94051
2.11568
1.23921
4.80998
7.82363
4.69437
1.04013
2.54577
6.98667
1.99378
2.89378
8.4937
7.79124
9.00908
8.51953
6.18321
2.94374
2.91478
7.26879
7.51475
3.80909
1.72578
7.25058
9.03149
1.26698
7.38687
3.77366
7.45293
6.31857
2.5265
2.16888
