7.12181
8.87827
2.57898
4.91307
8.71716
5.93295
3.60259
0.343392
7.89616
3.94488
9.65362
8.44763
9.01503
0.895546
4.085
7.18577
7.54358
9.45504
8.98243
9.24607
7.50637
8.49653
3.65617
1.99978
6.45811
4.19593
2.09409
4.8371
9.61998
2.82992
8.42145
7.98726
3.03226
0.392842
7.66493
3.41219
3.13726
2.24919
7.64598
8.6821
6.68034
1.08743
4.36039
1.37938
5.75851
3.0018
3.47227
4.18335
6.03568
0.69452
3.14421
0.658893
4.68732
1.29592
3.48516
1.87913
0.69263
2.32042
4.43628
3.08317
9.48939
1.20176
3.02324
9.70389
8.12496
6.4448
7.32665
3.58627
5.9377
2.2822
3.07135
5.53627
8.82811
2.14104
6.31879
5.26319
0.871568
5.93177
8.65866
0.474437
7.47416
1.00541
3.80956
0.122197
3.74417
8.37812
3.7579
4.99457
4.31821
0.90523
7.88996
7.82554
4.15322
2.19851
9.19233
4.61102
3.54472
8.00388
6.73837
5.37208
4.98811
2.88084
6.6239
9.12802
5.42196
5.55067
4.27517
3.73001
5.71854
2.46805
6.40447
2.13977
0.407847
10.0158
9.24829
7.82946
7.57763
0.104726
8.90908
1.11052
4.86038
3.27291
6.41297
7.3897
6.82086
8.55964
6.69614
5.63784
5.5538
4.38495
8.59019
2.62121
6.71934
9.75988
9.49413
1.13448
0.303679
2.41976
8.87011
7.22431
0.976042
0.985171
0.267743
4.31853
3.99623
5.23854
3.2237
2.25117
8.76228
3.7853
7.89041
1.16432
9.97016
4.57519
9.47779
6.0514
4.26747
3.57274
0.768685
0.308401
3.05376
3.66411
7.58051
0.3837
8.74487
10.0177
1.9926
2.91194
0.777308
7.41625
9.34156
6.22983
5.38572
1.69431
4.82759
4.10492
5.61682
2.91968
7.21329
5.67593
9.28661
2.2405
2.77719
1.84369
0.291884
4.30476
8.99028
4.68002
6.03149
3.42358
6.23584
5.61296
2.95932
4.62942
1.82567
3.99418
4.11433
2.03139
5.26261
1.67759
5.24338
5.03854
6.30364
7.51024
2.65169
9.01868
0.277083
3.14242
1.74421
3.69006
3.80948
3.06148
8.8643
7.63978
1.83554
9.16694
8.7821
7.60405
9.77384
3.51147
6.92186
9.66012
1.33249
3.70029
2.62277
8.29382
5.56986
2.17216
1.15156
9.99391
5.14658
7.80464
4.69946
3.52199
3.39778
7.90216
4.60276
0.516291
1.67675
5.31041
0.785167
0.893651
8.87945
5.72175
2.38806
5.44543
6.64085
0.452668
8.43941
2.63941
4.19346
6.09597
4.69462
5.68649
6.91894
5.20871
4.19143
3.65655
1.75264
0.564722
5.50294
0.649816
0.956048
2.59983
1.60996
2.27585
2.89453
2.45745
0.880263
9.88452
8.45099
6.84759
1.51102
9.07223
4.75379
1.05139
4.38334
2.09841
5.63269
3.25882
7.73324
1.99823
5.11088
4.14118
4.33364
4.0976
0.289668
2.09377
7.88856
7.18469
9.50445
6.67377
8.47943
0.534438
3.36758
9.07836
1.54088
8.348
4.02311
3.41476
6.5243
9.23614
3.05681
4.79801
9.88044
5.3627
9.70395
7.55535
5.54473
3.31284
8.44493
2.73411
2.8135
4.27641
9.42099
3.16598
5.13833
7.37853
1.33332
8.234
8.30537
4.29511
1.33087
2.97476
3.14093
0.620146
0.650144
5.78797
1.25082
9.82383
4.90169
5.12022
1.86039
2.35064
8.66551
7.08132
5.95632
8.5884
2.08219
4.68172
1.88785
5.94823
1.44552
9.10912
7.27059
8.64027
4.72241
7.33429
5.42286
8.01659
0.300038
2.03839
3.66694
7.46669
8.27155
0.769277
3.49762
4.69133
3.46735
7.46612
4.3552
4.85646
6.25559
0.189863
8.91942
0.381902
9.24349
8.35198
5.85316
6.68671
8.93689
6.86211
9.21547
1.16862
1.12763
4.9808
7.93319
4.83666
10.0612
0.220256
4.90064
2.96646
7.6953
6.92314
4.09319
4.62337
4.51959
6.91121
5.06667
0.329382
1.90794
8.8271
5.86511
7.35843
4.89379
3.38333
5.74611
0.545954
4.32161
6.26314
3.57288
1.11793
4.39852
2.80711
5.14914
8.68245
3.20578
8.11022
6.33413
0.232514
9.36469
0.975431
2.73764
9.40394
9.24599
0.584157
5.28469
8.8039
2.27335
1.332
1.19872
8.19123
3.4848
0.746021
1.13773
9.58362
7.44958
7.32784
0.719562
3.05503
3.74148
0.044797
8.99721
5.15518
3.25704
3.98104
2.01665
4.25333
7.33357
5.88102
6.81535
6.2318
0.246326
9.66538
2.85502
7.42649
3.01044
8.51838
0.305008
1.56321
0.202114
1.64358
1.38941
6.72476
2.51754
1.52423
5.77982
9.5566
3.03627
4.43305
9.68889
2.90694
7.52221
5.2171
6.33025
0.289522
0.282708
8.00076
1.31666
6.44609
8.88632
9.37625
8.29136
7.04942
9.95652
7.79844
5.73713
6.43801
8.07715
8.70744
5.98004
2.94362
6.97972
1.2191
7.76358
1.77387
9.40103
3.24437
1.91801
3.0135
5.84313
5.65792
2.95927
6.57715
5.23749
8.96108
9.61979
9.28185
0.37526
3.4791
5.55645
9.38164
1.48607
8.87551
1.55633
7.44828
1.9751
0.604079
3.60616
1.06197
4.80036
3.10104
