-0.0866804
-0.50476
0.998277
0.473377
0.813239
2.26268
-0.457298
0.86035
-0.25941
-0.281008
-0.429884
0.241779
0.015539
-0.401705
0.53635
0.425419
-0.77539
-0.418126
0.383825
0.571689
-0.893439
0.882017
-1.51081
1.05581
-0.143906
0.779478
-0.555247
-1.32766
3.5195
-0.291232
-1.67738
-1.44904
0.821992
0.96924
-1.17411
2.23594
1.40943
0.0610144
1.36861
-1.17165
-1.02019
-1.93799
-2.70914
-0.0104343
-0.323719
2.31473
-2.28283
0.35266
-0.666088
0.583219
-1.28232
-1.20354
-0.696003
-0.875116
-0.384193
1.87848
-0.649997
-0.626691
1.27751
-0.620306
-0.525176
0.132027
-1.30909
0.448303
-2.30372
0.594915
0.120809
-1.60532
2.81803
-0.320727
0.27912
-1.17609
1.25937
0.347265
-1.44538
1.52166
0.373472
-0.000672303
0.090319
1.56618
-0.00389084
-0.792835
2.01075
0.318585
-0.142143
0.544405
0.931861
-0.337616
1.27
-0.237089
0.465966
-0.628015
-1.91724
0.266469
0.222722
-1.37443
-0.464138
-1.41488
1.47578
0.102377
-1.04169
-0.488748
-0.407612
-0.631262
-0.0043375
-0.19873
-1.26304
-2.14397
1.08107
2.70803
-0.805231
0.841575
-1.54981
-0.571869
0.216213
0.688657
2.86518
-0.559018
0.0532623
0.465437
1.08122
1.95538
-2.61558
-1.13745
-1.08342
0.917546
3.03893
0.220031
-0.363366
-0.48488
-0.0489555
0.0214281
1.90178
0.529429
1.31861
-0.452532
-0.192304
-0.682592
0.844199
1.32767
0.252581
-0.468314
0.849971
-1.88586
-0.888119
-0.677535
0.566703
0.368999
1.74685
-1.41589
-0.865469
-1.64058
-0.0599135
-2.28573
-0.959085
-0.373612
1.77165
-0.81008
-0.390034
0.993268
0.309831
-0.257942
-0.305821
-1.90441
-1.63908
-0.270289
0.530971
1.20968
0.263893
-0.688528
-0.164609
-0.379286
-0.55477
0.435505
0.0871052
0.330966
-0.1718
0.908223
0.967094
1.57053
-0.497022
-0.312959
-1.8135
1.12632
-1.18852
-0.928036
-0.612254
2.34505
-0.0941704
-0.491421
0.738374
1.37419
0.967348
0.916284
0.438947
-0.551247
0.149791
0.25134
0.491149
0.237478
-0.340323
0.752352
1.23053
-0.778405
-1.59267
0.373285
-0.925221
-1.34653
-0.442268
-0.454389
0.655643
0.145166
-0.419817
1.37531
-0.479652
0.407332
-1.6119
-0.556271
-1.01358
1.01983
0.459824
1.04127
-0.0634928
-0.0674405
-1.39056
2.8346
1.19069
0.436042
1.17911
-0.0408309
-1.36052
-0.00745685
-1.95271
1.77902
-1.08754
1.08946
0.492853
-0.604952
0.267252
-0.250948
1.48748
1.15008
-0.393794
-1.54927
-0.921526
1.00307
1.27651
-2.02681
-0.869159
1.41578
0.310338
0.821643
0.71493
-1.67909
0.192582
-0.911387
-1.03674
-0.176894
-1.54313
-0.450402
-0.362887
-2.24158
-1.43375
-0.921587
-0.857627
-0.389273
-1.44203
-1.29822
-1.55445
-1.43606
-0.565919
-0.583265
-2.03445
-0.411209
-0.0905139
-1.20317
0.0264095
-0.0966094
-1.73321
1.03539
0.00682675
-0.420794
1.42817
-1.56491
0.4211
-1.49614
1.02388
0.740329
0.63989
-0.136395
0.887356
-0.940315
0.270623
2.88989
0.328586
-2.43839
-2.22749
1.23318
-1.18755
-1.2604
0.0577805
0.749453
-0.662539
-0.33225
0.324728
-0.654035
1.79404
-0.568238
1.51645
0.501411
1.20359
1.12867
-0.563753
1.62714
0.12524
-0.565184
0.436381
-0.418402
0.757687
-1.5713
-1.26473
-1.14761
-0.262396
-1.84234
0.501615
1.29277
-0.350776
0.155784
-0.74121
-0.368508
-0.438585
-0.768952
0.435448
0.797569
0.194362
-0.333676
1.22099
-1.16647
-0.907971
-0.639536
0.938887
-0.676098
1.26754
-0.135548
1.04442
0.156154
-1.06125
0.263927
-0.849942
1.15373
1.03127
-1.95429
1.23673
0.107999
2.30675
0.170408
1.83432
0.57919
0.178732
0.983065
2.1635
0.983458
1.64452
1.24111
1.00427
-0.243766
0.308274
0.626756
-2.13135
-1.11597
0.871231
1.34745
0.663886
-0.921136
-1.40392
-0.537192
2.2251
2.1144
0.512876
0.599502
0.80107
0.509772
-1.25643
-1.85619
1.3992
1.01544
0.023334
0.97779
-0.732749
0.736261
1.26983
0.890576
0.335111
1.12139
-0.416935
-0.0881387
-1.83183
-1.64039
0.575549
0.358738
1.124
0.135478
2.21992
-0.240853
0.205646
-1.4624
0.110312
-0.876818
-0.313328
-1.28857
-1.1585
-0.660488
-0.345472
0.52329
-1.14492
-1.39589
0.348409
-0.829394
0.911947
0.125821
-0.828315
-1.08452
-0.271522
-0.110981
-0.829066
0.993293
1.21338
0.494945
0.170527
0.588338
0.545623
0.328386
0.261875
0.442951
1.11093
-1.2458
0.289173
-0.0540022
0.310627
-0.899239
-2.18653
0.92754
1.21798
1.24342
0.821662
-1.28443
2.51829
-0.0989997
0.115222
-0.620837
-0.418504
-0.218617
0.00615084
0.743582
-0.386987
-0.604217
0.094437
0.792056
0.175361
1.26994
0.397573
0.136897
0.22112
-1.89282
1.51326
-2.06093
-2.34483
0.0790743
0.334041
0.535602
-0.206539
-0.0725135
-1.23948
1.42693
3.70855
0.431819
0.0307471
-0.514892
-1.35972
0.296453
1.05348
-0.455733
1.45601
-1.88902
0.550029
-0.93985
-1.10171
2.65055
0.475092
0.700925
-0.419466
-1.79321
0.899457
-0.801041
-1.43136
-1.16047
-1.57973
0.318993
-0.0469783
-0.175805
-0.597171
0.339474
1.10123
2.16984
1.56262
-0.0545723
-0.382955
-1.04074
1.04147
-1.90818
1.06634
0.957737
