5.44234
9.80735
0.794231
8.83018
2.13348
6.979
1.43778
4.58501
0.016568
1.30888
0.249823
1.19525
7.50493
7.9984
9.84065
5.57439
4.3083
6.09111
2.12406
4.87821
2.06672
0.628269
1.97842
6.4406
7.2992
7.09992
0.327715
4.51855
0.045328
8.38796
0.949173
8.98262
3.66679
8.47149
6.56301
0.135994
4.77456
0.536997
9.32774
8.60513
7.07754
0.253223
0.384984
5.6125
7.91143
0.0627755
6.25784
3.50235
9.30639
8.14887
5.3137
1.85792
0.345711
2.57091
0.576668
2.04161
2.04209
1.64158
0.92123
2.39519
4.00887
3.22945
0.65894
8.9043
0.457802
9.77389
9.35026
7.01772
0.521766
4.33319
3.86259
5.42789
3.32797
7.07745
9.67421
7.11023
1.72601
8.78549
3.13246
9.19416
3.4213
6.52754
5.48706
4.62297
1.09798
2.22959
3.73397
5.13933
8.38735
2.45309
9.95309
1.99517
7.38014
1.54208
1.8824
6.24353
3.97505
7.01477
9.21099
7.70675
1.58887
8.55735
2.98391
2.3669
6.83099
6.21165
4.89341
3.57194
5.58434
6.1479
5.13661
2.63124
1.82074
9.00614
7.56587
2.93088
9.80018
0.270457
0.609572
0.00721841
4.08726
7.85686
1.24519
4.29014
1.41239
6.27463
0.867281
1.97821
10.0523
4.00823
5.32366
4.33761
7.83516
3.17849
8.73297
9.22225
7.69849
4.19022
3.0438
2.60244
9.19907
0.590622
4.76711
7.18039
9.54075
4.80002
5.55415
3.50723
1.68215
8.27925
0.500929
9.2993
0.747045
6.08545
7.33027
7.55741
6.06168
8.04389
1.30271
2.19886
2.6312
7.74852
7.40188
9.12916
9.36045
2.61675
2.31675
9.45267
9.28618
8.60846
3.10495
9.74811
3.77445
7.88944
3.47887
6.93267
1.40874
9.63204
4.18248
5.72994
9.32029
0.103087
1.3231
6.02197
9.68073
9.95925
5.74931
3.46647
4.13581
8.73544
0.808314
0.373482
6.01262
0.801369
8.81149
8.77033
8.19678
7.39939
3.09514
8.57057
6.39835
4.89049
2.87018
3.11773
4.87564
2.63436
7.01058
6.13557
3.91982
2.48903
5.0337
1.34187
3.32285
7.57742
5.76936
1.81653
6.87114
9.82589
9.75167
0.217814
0.158028
8.284
7.04104
5.97631
0.262728
9.19587
1.84321
2.93439
7.71654
9.27786
8.7884
6.48985
3.71488
3.16673
5.00971
4.49102
4.33857
5.03818
6.55977
5.30035
7.78671
3.66862
4.40336
2.00071
8.42519
4.42864
2.35005
1.73653
0.390441
3.53746
1.09062
5.54593
8.23071
0.392413
8.89407
7.2429
9.0027
1.44432
5.87965
8.24858
3.98008
2.45113
8.83495
9.76224
3.69671
9.87562
9.01304
6.71639
0.753507
0.0750643
6.18658
7.50749
8.39446
2.35536
9.6857
1.80748
1.53339
5.64977
3.90525
2.72584
6.9696
8.85991
6.81782
3.44268
2.39197
0.753139
4.28639
6.83633
9.61665
3.84448
2.69608
8.71061
4.57181
8.53257
7.64788
5.91137
2.60322
2.15956
0.384816
3.52726
2.90308
7.89584
9.39133
2.17735
3.97777
3.10874
7.16449
4.32834
5.26663
9.26047
0.776813
1.18534
5.99653
0.301648
0.906369
7.25456
9.63993
4.25041
3.79651
4.78399
0.29584
4.83204
6.58439
9.85785
8.93852
8.29553
2.39846
8.56327
7.73785
6.28353
7.82857
8.38548
0.843327
1.1576
5.57557
8.86773
9.34833
7.58312
3.78977
6.0632
6.23449
1.84411
7.45904
8.75336
7.26524
3.17385
4.23485
2.79818
4.78451
0.985911
8.76762
6.20828
7.53985
1.1234
5.25121
6.25589
2.92833
5.67742
4.18779
4.31003
6.92038
3.90908
9.33954
0.0284835
2.33766
2.91222
8.32225
2.78385
1.62462
5.51787
4.54293
0.700324
7.13636
1.27135
2.02193
5.50359
9.85383
0.163452
1.38516
7.3053
2.88221
8.26801
0.620442
3.09184
2.62124
9.42186
5.45656
3.35168
9.31807
4.73999
6.44747
5.91341
5.2789
3.33621
5.7517
9.34878
7.71238
0.191763
1.12485
9.69205
8.93929
3.86142
9.86376
8.70494
8.11053
1.20653
8.86509
5.48071
6.85911
7.94137
2.81785
3.31743
8.67099
0.899035
6.05427
8.17277
9.38959
3.45632
3.15578
3.38654
4.82537
8.15783
0.314428
6.41745
1.95649
6.66635
3.49525
4.80868
8.74023
3.62931
8.26798
1.04395
7.89218
6.47952
6.37956
0.426782
4.99203
0.959513
6.25499
1.00548
6.09075
8.50794
5.44422
6.92495
3.2237
9.67126
6.64954
5.58569
0.619653
5.90312
6.92713
0.138237
2.54289
8.3976
6.56124
5.31688
4.82783
3.93826
8.40601
4.98847
8.80328
7.83897
5.03448
0.00278687
4.35343
2.79054
3.94175
0.262694
4.18424
7.54839
9.02147
6.96928
4.93466
1.19641
6.94045
9.10674
5.2409
7.14159
6.1407
2.65084
3.08299
4.39398
2.62296
7.3679
3.05258
9.7421
1.72981
2.25413
5.27506
4.99813
4.40846
9.28074
7.21132
4.40098
9.48822
6.40391
9.2602
1.08522
8.61592
5.27569
6.38618
1.80462
0.38887
1.91647
6.40659
0.903033
0.915726
0.489594
0.562016
5.41087
4.55316
2.21592
