0.000105
0.000419998
0.000944988
0.00167996
0.00262491
0.0037798
0.00514463
0.00671937
0.008504
0.0104985
0.0127027
0.0151168
0.0177406
0.0205741
0.0236172
0.0268698
0.030332
0.0340037
0.0378847
0.0419751
0.0462747
0.0507834
0.0555012
0.060428
0.0655638
0.0709083
0.0764615
0.0822233
0.0881936
0.0943722
0.100759
0.107354
0.114157
0.121168
0.128387
0.135814
0.143448
0.151289
0.159337
0.167593
0.176056
0.184725
0.193601
0.202684
0.211972
0.221467
0.231168
0.241075
0.251188
0.261506
0.27203
0.282759
0.293692
0.304831
0.316175
0.327723
0.339475
0.351432
0.363593
0.375958
0.388527
0.401299
0.414275
0.427455
0.440838
0.454424
0.468213
0.482205
0.4964
0.510797
0.525397
0.5402
0.555205
0.570413
0.585823
0.601435
0.61725
0.633266
0.649485
0.665906
0.682529
0.699355
0.716382
0.733612
0.751044
0.768678
0.786514
0.804553
0.822794
0.841237
0.859882
0.87873
0.897781
0.917033
0.936489
0.956147
0.976008
0.996072
1.01634
1.03681
1.05748
1.07835
1.09943
1.12071
1.1422
1.16388
1.18577
1.20787
1.23016
1.25266
1.27536
1.29827
1.32138
1.34469
1.3682
1.39192
1.41584
1.43996
1.46429
1.48882
1.51355
1.53848
1.56362
1.58896
1.6145
1.64024
1.66619
1.69234
1.71869
1.74525
1.772
1.79896
1.82613
1.85349
1.88106
1.90883
1.9368
1.96497
1.99335
2.02193
2.05071
2.0797
2.10889
2.13828
2.16787
2.19767
2.22766
2.25787
2.28827
2.31888
2.34969
2.3807
2.41191
2.44333
2.47496
2.50678
2.53881
2.57104
2.60347
2.63611
2.66895
2.70199
2.73524
2.76869
2.80235
2.8362
2.87026
2.90453
2.939
2.97367
3.00854
3.04362
3.0789
3.11439
3.15007
3.18597
3.22206
3.25836
3.29486
3.33157
3.36847
3.40559
3.4429
3.48042
3.51814
3.55606
3.59419
3.63252
3.67106
3.70979
3.74873
3.78787
3.82722
3.86676
3.90651
3.94647
3.98662
4.02698
4.06754
4.10831
4.14927
4.19044
4.23181
4.27339
4.31517
4.35715
4.39933
4.44171
4.4843
4.52709
4.57009
4.61328
4.65668
4.70028
4.74409
4.7881
4.83231
4.87672
4.92134
4.96616
5.01119
5.05641
5.10184
5.14748
5.19331
5.23935
5.28559
5.33204
5.37869
5.42554
5.47259
5.51985
5.56731
5.61498
5.66284
5.71091
5.75918
5.80766
5.85633
5.90521
5.95429
6.00358
6.05306
6.10275
6.15264
6.20273
6.25302
6.30352
6.35421
6.40511
6.45621
6.50751
6.55901
6.61071
6.66262
6.71472
6.76703
6.81953
6.87224
6.92514
6.97825
7.03156
7.08506
7.13877
7.19267
7.24678
7.30109
7.35559
7.4103
7.4652
7.52031
7.57561
7.63111
7.68681
7.74272
7.79882
7.85512
7.91162
7.96832
8.02522
8.08232
8.13962
8.19713
8.25483
8.31273
8.37083
8.42914
8.48765
8.54635
8.60526
8.66438
8.72369
8.7832
8.84292
8.90284
8.96297
9.02329
9.08382
9.14456
9.20549
9.26663
9.32798
9.38952
9.45127
9.51323
9.57538
9.63774
9.70031
9.76308
9.82605
9.88923
9.95261
10.0162
10.08
10.144
10.2082
10.2726
10.3372
10.402
10.467
10.5322
10.5976
10.6632
10.729
10.7951
10.8613
10.9277
10.9944
11.0612
11.1282
11.1955
11.2629
11.3306
11.3984
11.4665
11.5348
11.6032
11.6719
11.7408
11.8098
11.8791
11.9486
12.0183
12.0882
12.1583
12.2286
12.2991
12.3698
12.4407
12.5118
12.5831
12.6546
12.7263
12.7983
12.8704
12.9427
13.0153
13.088
13.1609
13.2341
13.3074
13.381
13.4548
13.5287
13.6029
13.6772
13.7518
13.8266
13.9015
13.9767
14.0521
14.1277
14.2034
14.2794
14.3556
14.432
14.5086
14.5853
14.6623
14.7395
14.8169
14.8944
14.9722
15.0502
15.1283
15.2067
15.2853
15.364
15.443
15.5222
15.6015
15.6811
15.7608
15.8407
15.9209
16.0012
16.0818
16.1625
16.2434
16.3245
16.4059
16.4874
16.5691
16.651
16.7331
16.8154
16.8979
16.9806
17.0635
17.1466
17.2299
17.3133
17.397
17.4809
17.565
17.6493
17.7337
17.8184
17.9033
17.9883
18.0736
18.1591
18.2447
18.3306
18.4167
18.5029
18.5894
18.6761
18.7629
18.85
18.9373
19.0247
19.1124
19.2003
19.2883
19.3766
19.4651
19.5537
19.6426
19.7317
19.821
19.9104
20.0001
20.09
20.1801
20.2704
20.3608
20.4515
20.5424
20.6335
20.7248
20.8163
20.908
20.9999
21.092
21.1843
21.2768
21.3695
21.4624
21.5555
21.6488
21.7423
21.836
21.9299
22.024
22.1183
22.2128
22.3075
22.4024
22.4975
22.5928
22.6883
22.784
22.8799
22.976
23.0723
23.1688
23.2655
23.3624
23.4595
23.5569
23.6544
23.7521
23.85
23.9481
24.0464
24.145
24.2437
24.3426
24.4417
24.5411
24.6406
24.7404
24.8403
24.9404
25.0408
25.1413
25.2421
25.3431
25.4442
25.5456
25.6472
25.7489
25.8509
25.9531
26.0555
26.1581
26.2609
26.3639
26.4671
26.5705
26.6741
26.7779
26.8819
26.9862
27.0906
27.1952
27.3001
27.4051
27.5104
27.6158
27.7214
27.8273
27.9334
28.0396
28.1461
28.2527
28.3596
28.4667
28.574
28.6814
28.7891
28.897
29.0051
29.1134
29.2219
29.3306
29.4395
29.5486
29.6579
29.7674
29.8772
29.9871
30.0972
30.2075
30.3181
30.4288
30.5398
30.6509
30.7623
30.8738
30.9856
31.0976
31.2097
31.3221
31.4347
31.5475
31.6604
31.7736
31.887
32.0006
32.1144
32.2284
32.3426
32.457
32.5716
32.6864
32.8014
32.9166
33.0321
33.1477
33.2635
33.3795
33.4957
33.6121
33.7287
33.8455
33.9625
34.0798
34.1972
34.3148
34.4326
34.5506
34.6688
34.7872
34.9058
35.0246
35.1436
35.2628
35.3822
35.5018
35.6216
35.7416
35.8618
35.9822
36.1028
36.2236
36.3446
36.4657
36.5871
36.7087
36.8305
36.9524
37.0746
37.197
37.3195
37.4423
37.5652
37.6884
37.8117
37.9353
38.059
38.1829
38.3071
38.4314
38.5559
38.6806
38.8055
38.9307
39.056
39.1814
39.3071
39.433
39.5591
39.6854
39.8118
39.9385
40.0654
40.1924
40.3197
40.4471
40.5747
40.7026
40.8306
40.9588
41.0873
41.2159
41.3447
41.4737
41.6029
41.7323
41.8619
41.9917
42.1217
42.2519
42.3823
42.513
42.6438
42.7748
42.906
43.0374
43.169
43.3008
43.4328
43.565
43.6974
43.83
43.9628
44.0959
44.2291
44.3625
44.4961
44.6299
44.764
44.8982
45.0326
45.1672
45.3021
45.4371
45.5723
45.7077
45.8434
45.9792
46.1152
46.2514
46.3878
46.5244
46.6612
46.7983
46.9355
47.0728
47.2104
47.3482
47.4862
47.6244
47.7628
47.9013
48.0401
48.179
48.3182
48.4575
48.5971
48.7368
48.8767
49.0168
49.1571
49.2976
49.4383
49.5792
49.7203
49.8616
50.0031
50.1447
50.2866
50.4287
50.5709
50.7134
50.856
50.9989
51.1419
51.2851
51.4286
51.5722
51.716
51.86
52.0043
52.1487
52.2933
52.4381
52.5831
52.7283
52.8737
53.0193
53.1651
53.3111
53.4572
53.6036
53.7502
53.897
54.044
54.1911
54.3385
54.4861
54.6339
54.7818
54.93
55.0784
55.2269
55.3757
55.5247
55.6738
55.8232
55.9728
56.1225
56.2725
56.4227
56.573
56.7236
56.8744
57.0253
57.1765
57.3279
57.4794
57.6312
57.7832
57.9353
58.0877
58.2403
58.393
58.546
58.6991
58.8525
59.006
59.1598
59.3137
59.4679
59.6222
59.7768
59.9315
60.0864
60.2416
60.3969
60.5524
60.7081
60.864
61.0201
61.1764
61.3329
61.4896
61.6465
61.8036
61.9609
62.1183
62.276
62.4338
62.5919
62.7501
62.9086
63.0672
63.226
63.385
63.5442
63.7036
63.8632
64.023
64.183
64.3432
64.5036
64.6641
64.8249
64.9859
65.147
65.3084
65.4699
65.6317
65.7936
65.9558
66.1181
66.2806
66.4434
66.6063
66.7695
66.9328
67.0963
67.2601
67.424
67.5881
67.7525
67.917
68.0818
68.2467
68.4118
68.5772
68.7427
68.9085
69.0744
69.2405
69.4069
69.5734
69.7402
69.9071
70.0743
70.2416
70.4091
70.5769
70.7448
70.9129
71.0813
71.2498
71.4185
71.5874
71.7565
71.9258
72.0954
72.2651
72.435
72.605
72.7753
72.9458
73.1165
73.2873
73.4584
73.6296
73.8011
73.9727
74.1445
74.3166
74.4888
74.6612
74.8338
75.0066
75.1795
75.3527
75.5261
75.6996
75.8734
76.0473
76.2215
76.3958
76.5703
76.7451
76.92
77.0951
77.2704
77.4459
77.6216
77.7975
77.9736
78.1499
78.3263
78.503
78.6799
78.857
79.0343
79.2117
79.3894
79.5673
79.7454
79.9237
80.1021
80.2808
80.4597
80.6388
80.8181
80.9976
81.1772
81.3571
81.5372
81.7175
81.898
82.0787
82.2596
82.4407
82.6221
82.8036
82.9853
83.1672
83.3494
83.5317
83.7142
83.897
84.0799
84.2631
84.4464
84.63
84.8137
84.9977
85.1819
85.3662
85.5508
85.7356
85.9205
86.1057
86.291
86.4766
86.6623
86.8483
87.0344
87.2208
87.4073
87.594
87.7809
87.968
88.1553
88.3428
88.5304
88.7183
88.9063
89.0946
89.283
89.4716
89.6604
89.8493
90.0385
90.2278
90.4174
90.6071
90.797
90.9871
91.1774
91.3679
91.5585
91.7494
91.9404
92.1316
92.323
92.5146
92.7064
92.8984
93.0905
93.2829
93.4755
93.6682
93.8611
94.0543
94.2476
94.4411
94.6348
94.8287
95.0228
95.2171
95.4116
95.6063
95.8012
95.9963
96.1916
96.3871
96.5827
96.7786
96.9747
97.171
97.3675
97.5641
97.761
97.9581
98.1554
98.3529
98.5505
98.7484
98.9465
99.1448
99.3433
99.542
99.7409
99.9399
100.139
100.339
100.538
100.738
100.938
101.139
101.339
101.54
101.741
101.942
102.143
102.345
102.547
102.749
102.951
103.153
103.356
103.558
103.761
103.964
104.168
104.371
104.575
104.779
104.983
105.188
105.392
105.597
105.802
106.007
106.213
106.418
106.624
106.83
107.036
107.243
107.449
107.656
107.863
108.07
108.277
108.485
108.693
108.901
109.109
109.317
109.526
109.735
109.944
110.153
110.362
110.572
110.781
110.991
111.201
111.412
111.622
111.833
112.044
112.255
112.466
112.677
112.889
113.101
113.313
113.525
113.738
113.95
114.163
114.376
114.59
114.803
115.017
115.23
115.445
115.659
115.873
116.088
116.303
116.518
116.733
116.948
117.164
117.38
117.596
117.812
118.029
118.245
118.462
118.679
118.897
119.114
119.332
119.55
119.768
119.986
120.205
120.423
120.642
120.861
121.081
121.3
121.52
121.74
121.96
122.181
122.401
122.622
122.843
123.065
123.286
123.508
123.73
123.952
124.174
124.396
124.619
124.842
125.065
125.288
125.512
125.736
125.96
126.184
126.408
126.633
126.857
127.082
127.307
127.533
127.758
127.984
128.21
128.436
128.662
128.889
129.116
129.343
129.57
129.797
130.025
130.252
130.48
130.708
130.937
131.165
131.394
131.623
131.852
132.081
132.311
132.541
132.771
133.001
133.231
133.461
133.692
133.923
134.154
134.385
134.617
134.849
135.08
135.312
135.545
135.777
136.01
136.243
136.476
136.709
136.942
137.176
137.41
137.644
137.878
138.113
138.347
138.582
138.817
139.052
139.288
139.524
139.759
139.995
140.232
140.468
140.705
140.941
141.178
141.416
141.653
141.891
142.129
142.367
142.605
142.843
143.082
143.32
143.559
143.799
144.038
144.277
144.517
144.757
144.997
145.238
145.478
145.719
145.96
146.201
146.442
146.684
146.925
147.167
147.409
147.652
147.894
148.137
148.38
148.623
148.866
149.109
149.353
149.597
149.841
150.085
150.329
150.574
150.819
151.064
151.309
151.554
151.8
152.046
152.292
152.538
152.784
153.031
153.278
153.525
153.772
154.019
154.267
154.514
154.762
155.011
155.259
155.507
155.756
156.005
156.254
156.504
156.753
157.003
157.253
157.503
157.753
158.004
158.254
158.505
158.756
159.008
159.259
159.511
159.762
160.014
160.267
160.519
160.772
161.024
161.277
161.53
161.784
162.037
162.291
162.545
162.799
163.053
163.308
163.562
163.817
164.072
164.327
164.583
164.838
165.094
165.35
165.606
165.862
166.119
166.375
166.632
166.889
167.147
167.404
167.662
167.919
168.177
168.435
168.694
168.952
169.211
169.47
169.729
169.988
170.248
170.507
170.767
171.027
171.287
171.548
171.808
172.069
172.33
172.591
172.852
173.114
173.375
173.637
173.899
174.162
174.424
174.687
174.949
175.212
175.475
175.739
176.002
176.266
176.53
176.794
177.058
177.323
177.588
177.852
178.117
178.383
178.648
178.914
179.18
179.446
179.712
179.978
180.245
180.512
180.779
181.046
181.313
181.581
181.849
182.117
182.385
182.653
182.922
183.191
183.46
183.729
183.998
184.268
184.537
184.807
185.078
185.348
185.619
185.889
186.16
186.431
186.703
186.974
187.246
187.518
187.79
188.063
188.335
188.608
188.881
189.154
189.428
189.701
189.975
190.249
190.523
190.798
191.072
191.347
191.622
191.898
192.173
192.449
192.724
193.001
193.277
193.553
193.83
194.107
194.384
194.661
194.939
195.216
195.494
195.772
196.051
196.329
196.608
196.887
197.166
197.445
197.725
198.004
198.284
198.564
198.845
199.125
199.406
199.687
199.968
200.249
200.531
200.812
201.094
201.376
201.659
201.941
202.224
202.507
202.79
203.073
203.357
203.64
203.924
204.208
204.493
204.777
205.062
205.347
205.632
205.917
206.203
206.488
206.774
207.06
207.347
207.633
207.92
208.207
208.494
208.781
209.068
209.356
209.644
209.932
210.22
210.509
210.797
211.086
211.375
211.664
211.954
212.243
212.533
212.823
213.113
213.403
213.694
213.985
214.276
214.567
214.858
215.15
215.441
215.733
216.025
216.318
216.61
216.903
217.196
217.489
217.782
218.076
218.369
218.663
218.957
219.252
219.546
219.841
220.136
220.431
220.726
221.021
221.317
221.613
221.909
222.205
222.502
222.798
223.095
223.392
223.689
223.987
224.284
224.582
224.88
225.178
225.477
225.775
226.074
226.373
226.672
226.971
227.271
227.571
227.871
228.171
228.471
228.771
229.072
229.373
229.674
229.975
230.277
230.578
230.88
231.182
231.484
231.786
232.089
232.392
232.694
232.997
233.301
233.604
233.908
234.212
234.516
234.82
235.124
235.429
235.733
236.038
236.343
236.648
236.954
237.26
237.565
237.871
238.177
238.484
238.79
239.097
239.404
239.711
240.018
240.326
240.633
240.941
241.249
241.557
241.866
242.174
242.483
242.792
243.101
243.41
243.72
244.03
244.339
244.65
244.96
245.27
245.581
245.892
246.203
246.514
246.826
247.137
247.449
247.761
248.074
248.386
248.699
249.012
249.325
249.638
249.952
250.265
250.579
250.893
251.208
251.522
251.837
252.152
252.467
252.782
253.098
253.414
253.73
254.046
254.362
254.679
254.996
255.313
255.63
255.947
256.265
256.583
256.901
257.219
257.537
257.856
258.175
258.494
258.813
259.133
259.452
259.772
260.092
260.412
260.733
261.053
261.374
261.695
262.016
262.338
262.659
262.981
263.303
263.625
263.947
264.27
264.592
264.915
265.238
265.561
265.885
266.208
266.532
266.856
267.18
267.505
267.829
268.154
268.479
268.804
269.129
269.455
269.78
270.106
270.432
270.759
271.085
271.412
271.738
272.065
272.392
272.72
273.047
273.375
273.703
274.031
274.359
274.688
275.016
275.345
275.674
276.003
276.333
276.662
276.992
277.322
277.652
277.983
278.313
278.644
278.975
279.306
279.637
279.969
280.301
280.632
280.964
281.297
281.629
281.962
282.295
282.628
282.961
283.294
283.628
283.961
284.295
284.629
284.964
285.298
285.633
285.968
286.303
286.638
286.974
287.309
287.645
287.981
288.317
288.654
288.99
289.327
289.664
290.001
290.338
290.676
291.013
291.351
291.689
292.028
292.366
292.705
293.044
293.383
293.722
294.061
294.401
294.741
295.081
295.421
295.761
296.101
296.442
296.783
297.124
297.465
297.807
298.148
298.49
298.832
299.174
299.517
299.859
300.202
300.545
300.888
301.231
301.575
301.918
302.262
302.606
302.95
303.294
303.639
303.984
304.328
304.674
305.019
305.364
305.71
306.056
306.402
306.748
307.094
307.441
307.787
308.134
308.481
308.829
309.176
309.524
309.872
310.22
310.568
310.917
311.265
311.614
311.963
312.312
312.662
313.012
313.361
313.711
314.062
314.412
314.763
315.113
315.464
315.816
316.167
316.519
316.87
317.222
317.575
317.927
318.28
318.632
318.985
319.338
319.692
320.045
320.399
320.753
321.107
321.462
321.816
322.171
322.526
322.881
323.237
323.592
323.948
324.304
324.66
325.017
325.373
325.73
326.087
326.444
326.802
327.159
327.517
327.875
328.233
328.592
328.95
329.309
329.668
330.027
330.387
330.746
331.106
331.466
331.826
332.186
332.547
332.907
333.268
333.629
333.99
334.352
334.713
335.075
335.437
335.799
336.161
336.524
336.886
337.249
337.612
337.975
338.339
338.702
339.066
339.43
339.794
340.158
340.523
340.887
341.252
341.617
341.982
342.348
342.713
343.079
343.445
343.811
344.177
344.544
344.91
345.277
345.644
346.011
346.379
346.747
347.114
347.482
347.85
348.219
348.587
348.956
349.325
349.694
350.064
350.433
350.803
351.173
351.543
351.913
352.284
352.655
353.026
353.397
353.768
354.14
354.511
354.883
355.255
355.628
356
356.373
356.746
357.119
357.492
357.865
358.239
358.613
358.987
359.361
359.736
360.11
360.485
360.86
361.235
361.611
361.986
362.362
362.738
363.114
363.491
363.867
364.244
364.621
364.998
365.376
365.753
366.131
366.509
366.887
367.265
367.643
368.022
368.401
368.78
369.159
369.538
369.918
370.297
370.677
371.057
371.438
371.818
372.199
372.58
372.96
373.342
373.723
374.104
374.486
374.868
375.25
375.632
376.015
376.397
376.78
377.163
377.546
377.929
378.313
378.697
379.08
379.465
379.849
380.233
380.618
381.003
381.387
381.773
382.158
382.543
382.929
383.315
383.701
384.087
384.474
384.86
385.247
385.634
386.022
386.409
386.797
387.184
387.572
387.96
388.349
388.737
389.126
389.515
389.904
390.294
390.683
391.073
391.463
391.853
392.243
392.634
393.024
393.415
393.806
394.198
394.589
394.981
395.373
395.765
396.157
396.55
396.943
397.335
397.729
398.122
398.515
398.909
399.303
399.697
400.091
400.486
400.88
401.275
401.67
402.065
402.461
402.856
403.252
403.648
404.044
404.441
404.837
405.234
405.631
406.028
406.425
406.823
407.22
407.618
408.016
408.415
408.813
409.211
409.61
410.009
410.408
410.807
411.207
411.606
412.006
412.406
412.806
413.207
413.607
414.008
414.409
414.81
415.211
415.612
416.013
416.415
416.817
417.219
417.621
418.023
418.426
418.829
419.231
419.634
420.038
420.441
420.844
421.248
421.652
422.056
422.46
422.865
423.269
423.674
424.079
424.484
424.89
425.295
425.701
426.107
426.513
426.919
427.326
427.732
428.139
428.546
428.953
429.361
429.769
430.176
430.585
430.993
431.401
431.81
432.219
432.628
433.037
433.446
433.856
434.266
434.676
435.086
435.496
435.907
436.317
436.728
437.139
437.55
437.962
438.373
438.785
439.197
439.609
440.022
440.434
440.847
441.26
441.673
442.086
442.499
442.913
443.327
443.741
444.155
444.569
444.984
445.398
445.813
446.228
446.644
447.059
447.475
447.89
448.306
448.723
449.139
449.556
449.972
450.389
450.806
451.224
451.641
452.059
452.477
452.895
453.313
453.731
454.15
454.569
454.988
455.407
455.826
456.246
456.666
457.086
457.506
457.926
458.347
458.768
459.189
459.61
460.031
460.453
460.875
461.296
461.719
462.141
462.563
462.986
463.409
463.832
464.256
464.679
465.103
465.527
465.951
466.375
466.8
467.224
467.649
468.075
468.5
468.925
469.351
469.777
470.203
470.63
471.056
471.483
471.91
472.337
472.765
473.192
473.62
474.048
474.476
474.905
475.334
475.762
476.191
476.621
477.05
477.48
477.91
478.34
478.77
479.201
479.632
480.062
480.494
480.925
481.356
481.788
482.22
482.652
483.084
483.517
483.95
484.383
484.816
485.249
485.682
486.116
486.55
486.984
487.418
487.852
488.287
488.721
489.156
489.591
490.027
490.462
490.898
491.333
491.769
492.205
492.641
493.078
493.514
493.951
494.388
494.825
495.262
495.7
496.137
496.575
497.013
497.451
497.889
498.327
498.765
499.204
499.643
500.082
500.521
500.96
501.399
501.839
502.279
502.719
503.159
503.599
504.039
504.48
504.92
505.361
505.802
506.243
506.685
507.126
507.568
508.01
508.452
508.895
509.337
509.78
510.223
510.666
511.109
511.552
511.996
512.44
512.884
513.328
513.773
514.217
514.662
515.107
515.553
515.998
516.444
516.89
517.336
517.782
518.229
518.675
519.122
519.569
520.017
520.464
520.912
521.36
521.808
522.256
522.705
523.154
523.603
524.052
524.501
524.95
525.4
525.85
526.3
526.75
527.201
527.652
528.102
528.553
529.005
529.456
529.908
530.36
530.812
531.264
531.716
532.169
532.621
533.074
533.527
533.981
534.434
534.888
535.341
535.795
536.25
536.704
537.158
537.613
538.068
538.523
538.978
539.434
539.889
540.345
540.801
541.257
541.713
542.17
542.626
543.083
543.54
543.997
544.454
544.912
545.369
545.827
546.285
546.743
547.202
547.66
548.119
548.578
549.037
549.496
549.955
550.415
550.875
551.335
551.795
552.255
552.716
553.176
553.637
554.098
554.559
555.021
555.482
555.944
556.406
556.868
557.331
557.793
558.256
558.719
559.182
559.645
560.108
560.572
561.036
561.5
561.964
562.428
562.893
563.357
563.822
564.287
564.753
565.218
565.684
566.149
566.615
567.081
567.548
568.014
568.481
568.948
569.415
569.882
570.349
570.817
571.284
571.752
572.22
572.689
573.157
573.626
574.095
574.564
575.033
575.502
575.972
576.441
576.911
577.382
577.852
578.322
578.793
579.264
579.735
580.206
580.678
581.149
581.621
582.093
582.565
583.038
583.51
583.983
584.456
584.929
585.403
585.876
586.35
586.824
587.298
587.773
588.247
588.722
589.197
589.672
590.148
590.623
591.099
591.575
592.051
592.527
593.004
593.481
593.958
594.435
594.912
595.39
595.868
596.346
596.824
597.302
597.781
598.26
598.739
599.218
599.697
600.177
600.657
601.137
601.617
602.097
602.578
603.059
603.54
604.021
604.502
604.984
605.466
605.948
606.43
606.912
607.395
607.878
608.361
608.844
609.327
609.811
610.295
610.779
611.263
611.747
612.232
612.716
613.201
613.687
614.172
614.658
615.143
615.629
616.116
616.602
617.088
617.575
618.062
618.549
619.037
619.524
620.012
620.5
620.988
621.477
621.965
622.454
622.943
623.432
623.921
624.411
624.9
625.39
625.88
626.371
626.861
627.352
627.843
628.334
628.825
629.316
629.808
630.3
630.791
631.284
631.776
632.268
632.761
633.254
633.747
634.24
634.733
635.227
635.721
636.215
636.709
637.203
637.697
638.192
638.687
639.182
639.677
640.172
640.668
641.164
641.66
642.156
642.652
643.149
643.645
644.142
644.639
645.137
645.634
646.132
646.63
647.128
647.626
648.125
648.623
649.122
649.621
650.121
650.62
651.12
651.62
652.12
652.62
653.12
653.621
654.122
654.623
655.124
655.626
656.127
656.629
657.131
657.633
658.136
658.638
659.141
659.644
660.147
660.65
661.154
661.658
662.162
662.666
663.17
663.674
664.179
664.684
665.188
665.694
666.199
666.704
667.21
667.716
668.222
668.728
669.234
669.741
670.247
670.754
671.261
671.768
672.276
672.783
673.291
673.798
674.306
674.815
675.323
675.831
676.34
676.849
677.358
677.867
678.376
678.886
679.395
679.905
680.415
680.925
681.435
681.946
682.456
682.967
683.478
683.989
684.5
685.012
685.523
686.035
686.547
687.059
687.572
688.084
688.597
689.109
689.622
690.136
690.649
691.162
691.676
692.19
692.704
693.218
693.733
694.247
694.762
695.277
695.792
696.308
696.823
697.339
697.855
698.371
698.887
699.404
699.92
700.437
700.954
701.471
701.989
702.506
703.024
703.542
704.06
704.579
705.097
705.616
706.135
706.654
707.173
707.692
708.212
708.732
709.252
709.772
710.292
710.813
711.334
711.855
712.376
712.897
713.418
713.94
714.462
714.984
715.506
716.028
716.551
717.074
717.597
718.12
718.643
719.167
719.69
720.214
720.738
721.262
721.787
722.312
722.836
723.361
723.887
724.412
724.938
725.463
725.989
726.516
727.042
727.568
728.095
728.622
729.149
729.677
730.204
730.732
731.26
731.788
732.316
732.844
733.373
733.901
734.43
734.96
735.489
736.018
736.548
737.078
737.608
738.138
738.668
739.199
739.73
740.26
740.791
741.323
741.854
742.386
742.917
743.449
743.981
744.514
745.046
745.579
746.112
746.645
747.178
747.711
748.245
748.778
749.312
749.846
750.38
750.915
751.449
751.984
752.519
753.054
753.59
754.125
754.661
755.197
755.733
756.269
756.806
757.343
757.88
758.417
758.954
759.492
760.029
760.567
761.105
761.644
762.182
762.721
763.26
763.799
764.338
764.878
765.418
765.958
766.498
767.038
767.579
768.119
768.66
769.202
769.743
770.284
770.826
771.368
771.91
772.453
772.995
773.538
774.081
774.624
775.167
775.71
776.254
776.798
777.342
777.886
778.43
778.975
779.52
780.065
780.61
781.155
781.7
782.246
782.792
783.338
783.884
784.431
784.977
785.524
786.071
786.618
787.165
787.713
788.26
788.808
789.356
789.905
790.453
791.002
791.55
792.099
792.648
793.198
793.747
794.297
794.847
795.397
795.947
796.497
797.048
797.599
798.15
798.701
799.252
799.804
800.356
800.908
801.46
802.012
802.565
803.118
803.671
804.224
804.777
805.331
805.885
806.439
806.993
807.547
808.102
808.657
809.212
809.767
810.322
810.878
811.434
811.99
812.546
813.102
813.659
814.216
814.773
815.33
815.888
816.445
817.003
817.561
818.12
818.678
819.237
819.796
820.355
820.914
821.473
822.033
822.593
823.153
823.713
824.274
824.834
825.395
825.956
826.517
827.079
827.64
828.202
828.764
829.326
829.888
830.451
831.014
831.576
832.139
832.703
833.266
833.83
834.393
834.957
835.521
836.085
836.65
837.214
837.779
838.344
838.909
839.475
840.04
840.606
841.171
841.737
842.303
842.87
843.436
844.003
844.57
845.137
845.704
846.271
846.839
847.407
847.975
848.543
849.111
849.679
850.248
850.817
851.386
851.955
852.525
853.094
853.664
854.234
854.804
855.374
855.945
856.516
857.087
857.658
858.229
858.8
859.372
859.944
860.516
861.088
861.661
862.233
862.806
863.379
863.952
864.525
865.099
865.673
866.246
866.82
867.395
867.969
868.544
869.118
869.693
870.268
870.844
871.419
871.995
872.57
873.146
873.722
874.299
874.875
875.452
876.029
876.606
877.183
877.76
878.338
878.915
879.493
880.071
880.649
881.228
881.806
882.385
882.964
883.543
884.122
884.701
885.281
885.86
886.44
887.02
887.6
888.18
888.761
889.341
889.922
890.503
891.084
891.666
892.247
892.829
893.41
893.992
894.574
895.157
895.739
896.322
896.904
897.487
898.07
898.654
899.237
899.821
900.405
900.988
901.573
902.157
902.741
903.326
903.911
904.496
905.081
905.666
906.252
906.837
907.423
908.009
908.595
909.181
909.768
910.355
910.941
911.528
912.116
912.703
913.29
913.878
914.466
915.054
915.642
916.23
916.819
917.408
917.997
918.586
919.175
919.764
920.354
920.943
921.533
922.123
922.713
923.304
923.894
924.485
925.076
925.667
926.258
926.85
927.441
928.033
928.625
929.217
929.81
930.402
930.995
931.588
932.181
932.774
933.367
933.961
934.555
935.149
935.743
936.337
936.932
937.527
938.122
938.717
939.312
939.908
940.504
941.1
941.696
942.292
942.889
943.486
944.083
944.68
945.277
945.875
946.472
947.07
947.668
948.267
948.865
949.464
950.063
950.662
951.261
951.86
952.46
953.059
953.659
954.259
954.859
955.46
956.06
956.661
957.262
957.863
958.464
959.065
959.667
960.269
960.871
961.473
962.075
962.677
963.28
963.883
964.486
965.089
965.692
966.296
966.899
967.503
968.107
968.712
969.316
969.921
970.526
971.131
971.736
972.341
972.947
973.553
974.159
974.765
975.371
975.978
976.584
977.191
977.799
978.406
979.013
979.621
980.229
980.837
981.446
982.054
982.663
983.272
983.881
984.49
985.099
985.709
986.319
986.929
987.539
988.15
988.76
989.371
989.982
990.593
991.204
991.816
992.428
993.04
993.652
994.264
994.877
995.489
996.102
996.715
997.329
997.942
998.556
999.17
999.784
1000.4
1001.01
1001.63
1002.24
1002.86
1003.47
1004.09
1004.7
1005.32
1005.94
1006.55
1007.17
1007.78
1008.4
1009.02
1009.63
1010.25
1010.87
1011.49
1012.1
1012.72
1013.34
1013.96
1014.58
1015.2
1015.81
1016.43
1017.05
1017.67
1018.29
1018.91
1019.53
1020.15
1020.77
1021.39
1022.01
1022.63
1023.25
1023.87
1024.49
1025.11
1025.73
1026.36
1026.98
1027.6
1028.22
1028.84
1029.47
1030.09
1030.71
1031.33
1031.96
1032.58
1033.2
1033.83
1034.45
1035.07
1035.7
1036.32
1036.95
1037.57
1038.2
1038.82
1039.45
1040.07
1040.7
1041.32
1041.95
1042.57
1043.2
1043.83
1044.45
1045.08
1045.71
1046.33
1046.96
1047.59
1048.22
1048.84
1049.47
1050.1
1050.73
1051.36
1051.99
1052.62
1053.25
1053.88
1054.51
1055.14
1055.77
1056.4
1057.03
1057.66
1058.29
1058.92
1059.55
1060.18
1060.81
1061.45
1062.08
1062.71
1063.34
1063.97
1064.61
1065.24
1065.87
1066.51
1067.14
1067.77
1068.41
1069.04
1069.67
1070.31
1070.94
1071.58
1072.21
1072.84
1073.48
1074.11
1074.75
1075.38
1076.02
1076.66
1077.29
1077.93
1078.56
1079.2
1079.84
1080.47
1081.11
1081.75
1082.38
1083.02
1083.66
1084.29
1084.93
1085.57
1086.21
1086.85
1087.48
1088.12
1088.76
1089.4
1090.04
1090.68
1091.32
1091.96
1092.6
1093.24
1093.88
1094.52
1095.16
1095.8
1096.44
1097.08
1097.72
1098.37
1099.01
1099.65
1100.29
1100.93
1101.58
1102.22
1102.86
1103.51
1104.15
1104.79
1105.44
1106.08
1106.72
1107.37
1108.01
1108.66
1109.3
1109.95
1110.59
1111.24
1111.88
1112.53
1113.18
1113.82
1114.47
1115.11
1115.76
1116.41
1117.05
1117.7
1118.35
1119
1119.64
1120.29
1120.94
1121.59
1122.24
1122.89
1123.53
1124.18
1124.83
1125.48
1126.13
1126.78
1127.43
1128.08
1128.73
1129.38
1130.03
1130.68
1131.33
1131.99
1132.64
1133.29
1133.94
1134.59
1135.24
1135.9
1136.55
1137.2
1137.85
1138.51
1139.16
1139.81
1140.47
1141.12
1141.78
1142.43
1143.08
1143.74
1144.39
1145.05
1145.7
1146.36
1147.01
1147.67
1148.32
1148.98
1149.63
1150.29
1150.95
1151.6
1152.26
1152.92
1153.57
1154.23
1154.89
1155.54
1156.2
1156.86
1157.52
1158.18
1158.83
1159.49
1160.15
1160.81
1161.47
1162.13
1162.79
1163.45
1164.11
1164.77
1165.43
1166.09
1166.75
1167.41
1168.07
1168.73
1169.39
1170.06
1170.72
1171.38
1172.04
1172.7
1173.37
1174.03
1174.69
1175.36
1176.02
1176.68
1177.35
1178.01
1178.67
1179.34
1180
1180.67
1181.33
1182
1182.66
1183.33
1183.99
1184.66
1185.32
1185.99
1186.66
1187.32
1187.99
1188.66
1189.32
1189.99
1190.66
1191.32
1191.99
1192.66
1193.33
1193.99
1194.66
1195.33
1196
1196.67
1197.34
1198.01
1198.68
1199.34
1200.01
1200.68
1201.35
1202.02
1202.69
1203.37
1204.04
1204.71
1205.38
1206.05
1206.72
1207.39
1208.06
1208.74
1209.41
1210.08
1210.75
1211.43
1212.1
1212.77
1213.45
1214.12
1214.79
1215.47
1216.14
1216.82
1217.49
1218.16
1218.84
1219.51
1220.19
1220.87
1221.54
1222.22
1222.89
1223.57
1224.25
1224.92
1225.6
1226.28
1226.95
1227.63
1228.31
1228.98
1229.66
1230.34
1231.02
1231.7
1232.38
1233.05
1233.73
1234.41
1235.09
1235.77
1236.45
1237.13
1237.81
1238.49
1239.17
1239.85
1240.53
1241.21
1241.89
1242.58
1243.26
1243.94
1244.62
1245.3
1245.98
1246.67
1247.35
1248.03
1248.71
1249.4
1250.08
1250.76
1251.45
1252.13
1252.81
1253.5
1254.18
1254.87
1255.55
1256.24
1256.92
1257.61
1258.29
1258.98
1259.66
1260.35
1261.04
1261.72
1262.41
1263.1
1263.78
1264.47
1265.16
1265.84
1266.53
1267.22
1267.91
1268.6
1269.28
1269.97
1270.66
1271.35
1272.04
1272.73
1273.42
1274.11
1274.8
1275.49
1276.18
1276.87
1277.56
1278.25
1278.94
1279.63
1280.32
1281.02
1281.71
1282.4
1283.09
1283.78
1284.47
1285.17
1285.86
1286.55
1287.24
1287.94
1288.63
1289.32
1290.02
1290.71
1291.4
1292.1
1292.79
1293.48
1294.18
1294.87
1295.57
1296.26
1296.95
1297.65
1298.34
1299.04
1299.73
1300.43
1301.12
1301.82
1302.51
1303.21
1303.91
1304.6
1305.3
1305.99
1306.69
1307.39
1308.08
1308.78
1309.48
1310.17
1310.87
1311.57
1312.26
1312.96
1313.66
1314.36
1315.06
1315.75
1316.45
1317.15
1317.85
1318.55
1319.25
1319.95
1320.65
1321.35
1322.05
1322.74
1323.44
1324.15
1324.85
1325.55
1326.25
1326.95
1327.65
1328.35
1329.05
1329.75
1330.46
1331.16
1331.86
1332.56
1333.26
1333.97
1334.67
1335.37
1336.08
1336.78
1337.48
1338.19
1338.89
1339.6
1340.3
1341.01
1341.71
1342.41
1343.12
1343.83
1344.53
1345.24
1345.94
1346.65
1347.36
1348.06
1348.77
1349.48
1350.18
1350.89
1351.6
1352.3
1353.01
1353.72
1354.43
1355.14
1355.85
1356.55
1357.26
1357.97
1358.68
1359.39
1360.1
1360.81
1361.52
1362.23
1362.94
1363.65
1364.36
1365.07
1365.78
1366.49
1367.21
1367.92
1368.63
1369.34
1370.05
1370.77
1371.48
1372.19
1372.91
1373.62
1374.33
1375.05
1375.76
1376.47
1377.19
1377.9
1378.62
1379.33
1380.05
1380.76
1381.48
1382.19
1382.91
1383.63
1384.34
1385.06
1385.78
1386.49
1387.21
1387.93
1388.64
1389.36
1390.08
1390.8
1391.52
1392.23
1392.95
1393.67
1394.39
1395.11
1395.83
1396.55
1397.27
1397.99
1398.71
1399.43
1400.15
1400.87
1401.59
1402.31
1403.04
1403.76
1404.48
1405.2
1405.92
1406.65
1407.37
1408.09
1408.81
1409.54
1410.26
1410.98
1411.71
1412.43
1413.16
1413.88
1414.61
1415.33
1416.06
1416.78
1417.51
1418.23
1418.96
1419.68
1420.41
1421.14
1421.86
1422.59
1423.32
1424.04
1424.77
1425.5
1426.23
1426.95
1427.68
1428.41
1429.14
1429.87
1430.6
1431.33
1432.06
1432.79
1433.52
1434.25
1434.98
1435.71
1436.44
1437.17
1437.9
1438.63
1439.36
1440.09
1440.83
1441.56
1442.29
1443.02
1443.76
1444.49
1445.22
1445.96
1446.69
1447.43
1448.16
1448.89
1449.63
1450.36
1451.1
1451.83
1452.57
1453.31
1454.04
1454.78
1455.51
1456.25
1456.99
1457.72
1458.46
1459.2
1459.94
1460.67
1461.41
1462.15
1462.89
1463.63
1464.37
1465.1
1465.84
1466.58
1467.32
1468.06
1468.8
1469.54
1470.28
1471.02
1471.76
1472.5
1473.24
1473.98
1474.73
1475.47
1476.21
1476.95
1477.69
1478.43
1479.18
1479.92
1480.66
1481.4
1482.15
1482.89
1483.63
1484.38
1485.12
1485.86
1486.61
1487.35
1488.09
1488.84
1489.58
1490.33
1491.07
1491.82
1492.56
1493.31
1494.05
1494.8
1495.54
1496.29
1497.04
1497.78
1498.53
1499.27
1500.02
1500.77
1501.51
1502.26
1503.01
1503.76
1504.5
1505.25
1506
1506.75
1507.49
1508.24
1508.99
1509.74
1510.49
1511.24
1511.99
1512.73
1513.48
1514.23
1514.98
1515.73
1516.48
1517.23
1517.98
1518.73
1519.48
1520.23
1520.98
1521.74
1522.49
1523.24
1523.99
1524.74
1525.49
1526.24
1527
1527.75
1528.5
1529.25
1530.01
1530.76
1531.51
1532.27
1533.02
1533.77
1534.53
1535.28
1536.03
1536.79
1537.54
1538.3
1539.05
1539.81
1540.56
1541.32
1542.08
1542.83
1543.59
1544.35
1545.1
1545.86
1546.62
1547.37
1548.13
1548.89
1549.65
1550.41
1551.17
1551.92
1552.68
1553.44
1554.2
1554.96
1555.72
1556.48
1557.24
1558
1558.76
1559.52
1560.28
1561.05
1561.81
1562.57
1563.33
1564.09
1564.85
1565.62
1566.38
1567.14
1567.9
1568.67
1569.43
1570.19
1570.96
1571.72
1572.49
1573.25
1574.02
1574.78
1575.55
1576.31
1577.08
1577.84
1578.61
1579.37
1580.14
1580.9
1581.67
1582.44
1583.2
1583.97
1584.74
1585.51
1586.27
1587.04
1587.81
1588.58
1589.35
1590.11
1590.88
1591.65
1592.42
1593.19
1593.96
1594.73
1595.5
1596.27
1597.04
1597.81
1598.58
1599.35
1600.12
1600.89
1601.66
1602.43
1603.21
1603.98
1604.75
1605.52
1606.29
1607.06
1607.84
1608.61
1609.38
1610.16
1610.93
1611.7
1612.47
1613.25
1614.02
1614.8
1615.57
1616.34
1617.12
1617.89
1618.67
1619.44
1620.22
1620.99
1621.77
1622.54
1623.32
1624.09
1624.87
1625.65
1626.42
1627.2
1627.97
1628.75
1629.53
1630.3
1631.08
1631.86
1632.64
1633.41
1634.19
1634.97
1635.75
1636.52
1637.3
1638.08
1638.86
1639.64
1640.42
1641.2
1641.98
1642.75
1643.53
1644.31
1645.09
1645.87
1646.65
1647.43
1648.21
1648.99
1649.78
1650.56
1651.34
1652.12
1652.9
1653.68
1654.46
1655.24
1656.03
1656.81
1657.59
1658.37
1659.16
1659.94
1660.72
1661.51
1662.29
1663.07
1663.86
1664.64
1665.42
1666.21
1666.99
1667.78
1668.56
1669.35
1670.13
1670.92
1671.7
1672.49
1673.27
1674.06
1674.85
1675.63
1676.42
1677.21
1677.99
1678.78
1679.57
1680.35
1681.14
1681.93
1682.72
1683.51
1684.3
1685.08
1685.87
1686.66
1687.45
1688.24
1689.03
1689.82
1690.61
1691.4
1692.19
1692.98
1693.78
1694.57
1695.36
1696.15
1696.94
1697.73
1698.53
1699.32
1700.11
1700.91
1701.7
1702.49
1703.29
1704.08
1704.87
1705.67
1706.46
1707.26
1708.05
1708.85
1709.64
1710.44
1711.23
1712.03
1712.83
1713.62
1714.42
1715.21
1716.01
1716.81
1717.6
1718.4
1719.2
1720
1720.79
1721.59
1722.39
1723.19
1723.99
1724.78
1725.58
1726.38
1727.18
1727.98
1728.78
1729.58
1730.38
1731.18
1731.98
1732.78
1733.58
1734.38
1735.18
1735.98
1736.78
1737.58
1738.38
1739.18
1739.98
1740.79
1741.59
1742.39
1743.19
1743.99
1744.8
1745.6
1746.4
1747.21
1748.01
1748.81
1749.62
1750.42
1751.22
1752.03
1752.83
1753.64
1754.44
1755.24
1756.05
1756.85
1757.66
1758.46
1759.27
1760.08
1760.88
1761.69
1762.49
1763.3
1764.11
1764.91
1765.72
1766.53
1767.33
1768.14
1768.95
1769.75
1770.56
1771.37
1772.18
1772.99
1773.79
1774.6
1775.41
1776.22
1777.03
1777.84
1778.65
1779.45
1780.26
1781.07
1781.88
1782.69
1783.5
1784.31
1785.12
1785.93
1786.74
1787.55
1788.36
1789.18
1789.99
1790.8
1791.61
1792.42
1793.23
1794.04
1794.86
1795.67
1796.48
1797.29
1798.11
1798.92
1799.73
1800.55
1801.36
1802.17
1802.99
1803.8
1804.62
1805.43
1806.25
1807.06
1807.87
1808.69
1809.51
1810.32
1811.14
1811.95
1812.77
1813.58
1814.4
1815.22
1816.03
1816.85
1817.67
1818.48
1819.3
1820.12
1820.93
1821.75
1822.57
1823.39
1824.21
1825.02
1825.84
1826.66
1827.48
1828.3
1829.12
1829.94
1830.76
1831.58
1832.4
1833.22
1834.04
1834.86
1835.68
1836.5
1837.32
1838.14
1838.96
1839.78
1840.6
1841.42
1842.25
1843.07
1843.89
1844.71
1845.53
1846.36
1847.18
1848
1848.83
1849.65
1850.47
1851.3
1852.12
1852.95
1853.77
1854.6
1855.42
1856.25
1857.07
1857.9
1858.72
1859.55
1860.37
1861.2
1862.03
1862.85
1863.68
1864.51
1865.34
1866.16
1866.99
1867.82
1868.65
1869.48
1870.3
1871.13
1871.96
1872.79
1873.62
1874.45
1875.28
1876.11
1876.94
1877.77
1878.6
1879.43
1880.26
1881.1
1881.93
1882.76
1883.59
1884.42
1885.26
1886.09
1886.92
1887.75
1888.59
1889.42
1890.25
1891.09
1891.92
1892.75
1893.59
1894.42
1895.26
1896.09
1896.93
1897.76
1898.6
1899.43
1900.27
1901.1
1901.94
1902.77
1903.61
1904.45
1905.28
1906.12
1906.96
1907.79
1908.63
1909.47
1910.3
1911.14
1911.98
1912.82
1913.65
1914.49
1915.33
1916.17
1917.01
1917.84
1918.68
1919.52
1920.36
1921.2
1922.04
1922.88
1923.72
1924.56
1925.4
1926.24
1927.08
1927.92
1928.76
1929.6
1930.44
1931.28
1932.12
1932.96
1933.8
1934.64
1935.48
1936.32
1937.16
1938.01
1938.85
1939.69
1940.53
1941.37
1942.22
1943.06
1943.9
1944.75
1945.59
1946.43
1947.28
1948.12
1948.96
1949.81
1950.65
1951.5
1952.34
1953.19
1954.03
1954.88
1955.72
1956.57
1957.41
1958.26
1959.1
1959.95
1960.8
1961.64
1962.49
1963.34
1964.18
1965.03
1965.88
1966.73
1967.58
1968.42
1969.27
1970.12
1970.97
1971.82
1972.67
1973.52
1974.37
1975.22
1976.07
1976.92
1977.77
1978.62
1979.47
1980.32
1981.17
1982.02
1982.87
1983.73
1984.58
1985.43
1986.28
1987.13
1987.99
1988.84
1989.69
1990.54
1991.4
1992.25
1993.1
1993.96
1994.81
1995.67
1996.52
1997.37
1998.23
1999.08
1999.94
2000.79
2001.65
2002.5
2003.36
2004.21
2005.07
2005.92
2006.78
2007.64
2008.49
2009.35
2010.2
2011.06
2011.92
2012.77
2013.63
2014.49
2015.34
2016.2
2017.06
2017.92
2018.77
2019.63
2020.49
2021.35
2022.2
2023.06
2023.92
2024.78
2025.64
2026.5
2027.35
2028.21
2029.07
2029.93
2030.79
2031.65
2032.51
2033.37
2034.23
2035.09
2035.95
2036.81
2037.67
2038.53
2039.39
2040.25
2041.11
2041.97
2042.84
2043.7
2044.56
2045.42
2046.28
2047.14
2048.01
2048.87
2049.73
2050.59
2051.46
2052.32
2053.18
2054.05
2054.91
2055.77
2056.64
2057.5
2058.37
2059.23
2060.09
2060.96
2061.82
2062.69
2063.56
2064.42
2065.29
2066.15
2067.02
2067.89
2068.75
2069.62
2070.49
2071.35
2072.22
2073.09
2073.96
2074.82
2075.69
2076.56
2077.43
2078.3
2079.17
2080.04
2080.91
2081.78
2082.65
2083.52
2084.39
2085.26
2086.13
2087
2087.87
2088.74
2089.61
2090.49
2091.36
2092.23
2093.1
2093.97
2094.85
2095.72
2096.59
2097.47
2098.34
2099.21
2100.09
2100.96
2101.83
2102.71
2103.58
2104.46
2105.33
2106.21
2107.08
2107.96
2108.83
2109.71
2110.58
2111.46
2112.34
2113.21
2114.09
2114.97
2115.84
2116.72
2117.6
2118.47
2119.35
2120.23
2121.11
2121.98
2122.86
2123.74
2124.62
2125.5
2126.38
2127.25
2128.13
2129.01
2129.89
2130.77
2131.65
2132.53
2133.41
2134.29
2135.17
2136.05
2136.94
2137.82
2138.7
2139.58
2140.46
2141.34
2142.23
2143.11
2143.99
2144.87
2145.75
2146.64
2147.52
2148.4
2149.29
2150.17
2151.05
2151.94
2152.82
2153.71
2154.59
2155.48
2156.36
2157.24
2158.13
2159.02
2159.9
2160.79
2161.67
2162.56
2163.44
2164.33
2165.22
2166.1
2166.99
2167.88
2168.76
2169.65
2170.54
2171.42
2172.31
2173.2
2174.09
2174.98
2175.86
2176.75
2177.64
2178.53
2179.42
2180.31
2181.2
2182.09
2182.98
2183.86
2184.75
2185.64
2186.53
2187.42
2188.31
2189.21
2190.1
2190.99
2191.88
2192.77
2193.66
2194.55
2195.44
2196.33
2197.23
2198.12
2199.01
2199.9
2200.79
2201.69
2202.58
2203.47
2204.37
2205.26
2206.15
2207.05
2207.94
2208.84
2209.73
2210.62
2211.52
2212.41
2213.31
2214.2
2215.1
2215.99
2216.89
2217.79
2218.68
2219.58
2220.48
2221.37
2222.27
2223.17
2224.06
2224.96
2225.86
2226.76
2227.65
2228.55
2229.45
2230.35
2231.25
2232.14
2233.04
2233.94
2234.84
2235.74
2236.64
2237.54
2238.44
2239.34
2240.24
2241.14
2242.04
2242.94
2243.84
2244.74
2245.64
2246.54
2247.44
2248.35
2249.25
2250.15
2251.05
2251.95
2252.85
2253.76
2254.66
2255.56
2256.46
2257.37
2258.27
2259.17
2260.08
2260.98
2261.88
2262.79
2263.69
2264.59
2265.5
2266.4
2267.3
2268.21
2269.11
2270.02
2270.92
2271.83
2272.73
2273.64
2274.54
2275.45
2276.35
2277.26
2278.16
2279.07
2279.98
2280.88
2281.79
2282.7
2283.6
2284.51
2285.42
2286.32
2287.23
2288.14
2289.04
2289.95
2290.86
2291.77
2292.68
2293.58
2294.49
2295.4
2296.31
2297.22
2298.13
2299.04
2299.95
2300.86
2301.77
2302.68
2303.59
2304.5
2305.41
2306.32
2307.23
2308.14
2309.05
2309.96
2310.87
2311.78
2312.7
2313.61
2314.52
2315.43
2316.35
2317.26
2318.17
2319.08
2320
2320.91
2321.82
2322.74
2323.65
2324.57
2325.48
2326.39
2327.31
2328.22
2329.14
2330.05
2330.97
2331.89
2332.8
2333.72
2334.63
2335.55
2336.47
2337.38
2338.3
2339.22
2340.13
2341.05
2341.97
2342.89
2343.8
2344.72
2345.64
2346.56
2347.48
2348.39
2349.31
2350.23
2351.15
2352.07
2352.99
2353.91
2354.83
2355.75
2356.67
2357.59
2358.51
2359.43
2360.35
2361.27
2362.19
2363.12
2364.04
2364.96
2365.88
2366.8
2367.73
2368.65
2369.57
2370.5
2371.42
2372.34
2373.27
2374.19
2375.12
2376.04
2376.96
2377.89
2378.81
2379.74
2380.66
2381.59
2382.52
2383.44
2384.37
2385.29
2386.22
2387.15
2388.07
2389
2389.93
2390.86
2391.78
2392.71
2393.64
2394.57
2395.5
2396.42
2397.35
2398.28
2399.21
2400.14
