0.000104999
0.000419888
0.000944337
0.00167779
0.00261945
0.00376827
0.00512291
0.00668173
0.00844276
0.0104036
0.0125614
0.014913
0.0174543
0.020181
0.0230879
0.0261688
0.0294172
0.0328254
0.0363848
0.0400861
0.0439195
0.0478743
0.05194
0.0561058
0.060362
0.0646996
0.069111
0.0735904
0.0781339
0.0827392
0.0874059
0.0921351
0.0969289
0.101791
0.106724
0.111732
0.11682
0.12199
0.127246
0.132591
0.138025
0.143549
0.149164
0.154866
0.160652
0.16652
0.172464
0.178479
0.18456
0.1907
0.196894
0.203139
0.20943
0.215763
0.222137
0.228548
0.234998
0.241484
0.248008
0.254568
0.261166
0.267799
0.274469
0.281173
0.287911
0.294681
0.301482
0.308312
0.31517
0.322052
0.328959
0.335888
0.342839
0.349809
0.356799
0.363806
0.370829
0.377866
0.384915
0.391974
0.39904
0.406109
0.413181
0.420253
0.427324
0.434392
0.441459
0.448525
0.455592
0.462661
0.469734
0.476815
0.483906
0.491008
0.498123
0.505251
0.512394
0.519549
0.526719
0.533902
0.541101
0.548318
0.555557
0.562822
0.570116
0.577442
0.584804
0.592202
0.599639
0.607114
0.614627
0.622177
0.629762
0.637382
0.645033
0.652713
0.660421
0.668153
0.675906
0.683679
0.691471
0.699282
0.707111
0.714962
0.722836
0.730735
0.738661
0.746615
0.754598
0.762609
0.770648
0.778714
0.786808
0.794928
0.803074
0.811246
0.819442
0.827662
0.835905
0.844171
0.85246
0.860773
0.869112
0.877479
0.885874
0.8943
0.902761
0.911258
0.919796
0.928377
0.937004
0.945678
0.954403
0.963178
0.972003
0.980877
0.9898
0.998769
1.00778
1.01683
1.02592
1.03503
1.04417
1.05333
1.0625
1.07169
1.08089
1.0901
1.09933
1.10857
1.11782
1.12709
1.13639
1.1457
1.15504
1.16441
1.1738
1.18323
1.1927
1.20221
1.21176
1.22134
1.23097
1.24064
1.25035
1.26009
1.26986
1.27966
1.28948
1.29933
1.30918
1.31904
1.3289
1.33875
1.3486
1.35843
1.36824
1.37803
1.3878
1.39755
1.40728
1.41699
1.42667
1.43632
1.44593
1.45549
1.465
1.47443
1.48379
1.49306
1.50224
1.51135
1.52037
1.52933
1.53822
1.54705
1.55583
1.56455
1.57322
1.58184
1.59042
1.59896
1.60746
1.61594
1.62439
1.63283
1.64125
1.64967
1.65808
1.66649
1.67489
1.68329
1.69169
1.70009
1.70848
1.71687
1.72526
1.73366
1.74206
1.75048
1.75891
1.76736
1.77584
1.78435
1.79288
1.80145
1.81004
1.81866
1.8273
1.83596
1.84463
1.85331
1.862
1.87069
1.87939
1.88809
1.8968
1.90551
1.91424
1.92297
1.93171
1.94046
1.94922
1.95799
1.96678
1.97558
1.98441
1.99325
2.00211
2.01099
2.01988
2.02879
2.03771
2.04663
2.05556
2.06449
2.07342
2.08235
2.09128
2.10021
2.10914
2.11807
2.127
2.13594
2.14488
2.15381
2.16275
2.17169
2.18062
2.18955
2.19847
2.20738
2.21628
2.22516
2.23403
2.24287
2.2517
2.26049
2.26926
2.27799
2.28669
2.29535
2.30398
2.31257
2.32112
2.32964
2.33813
2.3466
2.35504
2.36347
2.37188
2.38028
2.38866
2.39702
2.40535
2.41365
2.42191
2.43012
2.43827
2.44637
2.45441
2.4624
2.47035
2.47825
2.48612
2.49396
2.50177
2.50957
2.51736
2.52514
2.53293
2.54072
2.54852
2.55634
2.56418
2.57204
2.57993
2.58785
2.59581
2.6038
2.61184
2.61991
2.62803
2.63619
2.64439
2.65262
2.66088
2.66916
2.67747
2.68578
2.69409
2.7024
2.7107
2.71899
2.72727
2.73554
2.74378
2.75201
2.76022
2.7684
2.77657
2.78471
2.79283
2.80093
2.80902
2.81709
2.82516
2.83322
2.84129
2.84937
2.85746
2.86558
2.87372
2.88188
2.89008
2.89831
2.90657
2.91486
2.92319
2.93154
2.93993
2.94834
2.95679
2.96526
2.97375
2.98228
2.99085
2.99945
3.00809
3.01678
3.02551
3.03431
3.04316
3.05207
3.06104
3.07008
3.07917
3.08831
3.0975
3.10673
3.116
3.1253
3.13462
3.14395
3.1533
3.16264
3.17198
3.18132
3.19064
3.19996
3.20925
3.21852
3.22776
3.23697
3.24615
3.25528
3.26437
3.27341
3.28241
3.29136
3.30028
3.30916
3.31802
3.32687
3.33571
3.34455
3.3534
3.36226
3.37111
3.37997
3.38883
3.39769
3.40655
3.4154
3.42424
3.43307
3.44189
3.4507
3.4595
3.46829
3.47708
3.48587
3.49467
3.50348
3.51231
3.52115
3.53003
3.53892
3.54785
3.55681
3.5658
3.57482
3.58387
3.59295
3.60206
3.6112
3.62036
3.62954
3.63875
3.64797
3.6572
3.66644
3.67568
3.68492
3.69415
3.70337
3.71257
3.72175
3.73091
3.74005
3.74915
3.75823
3.76728
3.7763
3.7853
3.79428
3.80324
3.81218
3.82112
3.83005
3.83897
3.8479
3.85681
3.86573
3.87465
3.88356
3.89247
3.90138
3.91029
3.9192
3.92811
3.93703
3.94595
3.95487
3.96378
3.97269
3.9816
3.99051
3.99941
4.0083
4.01719
4.02607
4.03493
4.04376
4.05257
4.06135
4.07009
4.0788
4.08748
4.09614
4.10478
4.11342
4.12206
4.13071
4.13938
4.14809
4.15686
4.16568
4.17458
4.18357
4.19263
4.20178
4.21101
4.2203
4.22966
4.23906
4.24851
4.258
4.26751
4.27704
4.28659
4.29615
4.30572
4.3153
4.32489
4.33447
4.34405
4.35362
4.36318
4.37273
4.38225
4.39176
4.40124
4.4107
4.42015
4.42957
4.43898
4.44837
4.45776
4.46713
4.47648
4.48583
4.49516
4.50448
4.51377
4.52303
4.53226
4.54144
4.55057
4.55966
4.56869
4.57767
4.58659
4.59547
4.60431
4.61312
4.6219
4.63065
4.63939
4.64812
4.65684
4.66556
4.67426
4.68297
4.69166
4.70034
4.709
4.71765
4.72628
4.7349
4.74351
4.75211
4.76072
4.76932
4.77794
4.78658
4.79524
4.80392
4.81264
4.82139
4.83017
4.83898
4.84782
4.8567
4.86559
4.87452
4.88346
4.89244
4.90144
4.91047
4.91955
4.92866
4.93783
4.94705
4.95634
4.9657
4.97513
4.98464
4.99422
5.00388
5.0136
5.02339
5.03324
5.04315
5.05309
5.06308
5.0731
5.08314
5.09321
5.1033
5.11341
5.12355
5.1337
5.14388
5.15408
5.16429
5.17452
5.18477
5.19504
5.20531
5.2156
5.22591
5.23623
5.24656
5.2569
5.26725
5.27761
5.28797
5.29833
5.30869
5.31905
5.3294
5.33975
5.3501
5.36045
5.37081
5.38118
5.39156
5.40196
5.41236
5.42278
5.4332
5.44362
5.45404
5.46446
5.47487
5.48527
5.49566
5.50605
5.51643
5.52681
5.53721
5.54761
5.55805
5.56852
5.57903
5.58958
5.60019
5.61085
5.62157
5.63234
5.64317
5.65405
5.66499
5.67599
5.68703
5.69811
5.70923
5.72038
5.73155
5.74273
5.75391
5.7651
5.77627
5.78744
5.7986
5.80976
5.82091
5.83206
5.84321
5.85437
5.86552
5.87668
5.88785
5.89901
5.91018
5.92135
5.93251
5.94367
5.95482
5.96595
5.97707
5.98817
5.99925
6.01032
6.02138
6.03241
6.04343
6.05443
6.06542
6.07638
6.08734
6.09829
6.10924
6.12018
6.13113
6.14207
6.15301
6.16395
6.17487
6.18576
6.19664
6.20749
6.21831
6.22909
6.23985
6.25057
6.26126
6.27191
6.28252
6.29309
6.30361
6.31408
6.3245
6.33487
6.34519
6.35549
6.36577
6.37606
6.38636
6.39669
6.40707
6.4175
6.42797
6.4385
6.44908
6.45971
6.4704
6.48115
6.49196
6.50284
6.51378
6.52481
6.53592
6.54711
6.5584
6.56977
6.58125
6.59282
6.60448
6.61624
6.62809
6.64004
6.65207
6.66418
6.67637
6.68865
6.70099
6.7134
6.72589
6.73843
6.75105
6.76372
6.77646
6.78925
6.80209
6.81497
6.82788
6.84083
6.8538
6.86678
6.87977
6.89276
6.90574
6.9187
6.93163
6.94454
6.9574
6.97023
6.983
6.99572
7.00836
7.02093
7.03342
7.04581
7.0581
7.07029
7.08237
7.09436
7.10627
7.11809
7.12986
7.14157
7.15323
7.16485
7.17643
7.18797
7.19948
7.21093
7.22235
7.23371
7.24503
7.25631
7.26754
7.27873
7.28987
7.30097
7.31203
7.32304
7.33401
7.34494
7.35582
7.36664
7.37742
7.38815
7.39884
7.40949
7.42011
7.4307
7.44127
7.45182
7.46236
7.47289
7.48342
7.49394
7.50447
7.515
7.52554
7.53607
7.54662
7.55716
7.56771
7.57826
7.58881
7.59936
7.60991
7.62046
7.63102
7.64158
7.65216
7.66275
7.67337
7.68402
7.69471
7.70545
7.71624
7.72708
7.73798
7.74893
7.75993
7.77097
7.78204
7.79313
7.80424
7.81534
7.82645
7.83755
7.84864
7.85972
7.8708
7.88186
7.8929
7.90392
7.9149
7.92584
7.93672
7.94753
7.95826
7.96887
7.97937
7.98974
7.99999
8.01011
8.02011
8.02999
8.03976
8.04942
8.05898
8.06844
8.07783
8.08713
8.09637
8.10553
8.11464
8.12368
8.13266
8.14157
8.15041
8.15918
8.16788
8.17651
8.18506
8.19356
8.20201
8.21042
8.2188
8.22717
8.23554
8.2439
8.25227
8.26064
8.26901
8.27737
8.28572
8.29405
8.30235
8.31063
8.31889
8.32713
8.33536
8.34358
8.35181
8.36005
8.36831
8.3766
8.38491
8.39326
8.40163
8.41005
8.41849
8.42697
8.43548
8.444
8.45255
8.4611
8.46965
8.47818
8.4867
8.4952
8.50367
8.51211
8.52052
8.52892
8.5373
8.54568
8.55405
8.56244
8.57083
8.57923
8.58765
8.59608
8.60452
8.61296
8.62139
8.62982
8.63822
8.6466
8.65494
8.66324
8.67151
8.67975
8.68796
8.69616
8.70435
8.71256
8.72078
8.72902
8.7373
8.74561
8.75397
8.76237
8.7708
8.77928
8.78778
8.79632
8.8049
8.81351
8.82215
8.83083
8.83956
8.84832
8.85712
8.86595
8.87482
8.88372
8.89265
8.90159
8.91054
8.91949
8.92843
8.93734
8.94622
8.95506
8.96385
8.97257
8.98122
8.98981
8.99832
9.00676
9.01512
9.02341
9.03164
9.0398
9.04791
9.05597
9.06398
9.07194
9.07984
9.08769
9.09548
9.1032
9.11086
9.11845
9.12597
9.13341
9.14079
9.1481
9.15535
9.16255
9.1697
9.17682
9.18391
9.19099
9.19807
9.20516
9.21228
9.21943
9.22661
9.23384
9.24112
9.24845
9.25585
9.26331
9.27084
9.27845
9.28613
9.29389
9.30172
9.30964
9.31763
9.32569
9.33383
9.34203
9.3503
9.35862
9.367
9.37543
9.38389
9.39239
9.40092
9.40946
9.41801
9.42657
9.43511
9.44363
9.45212
9.46057
9.46897
9.47732
9.4856
9.49381
9.50196
9.51004
9.51806
9.52604
9.53396
9.54185
9.54969
9.5575
9.56526
9.57299
9.58068
9.58834
9.59598
9.6036
9.61122
9.61886
9.62652
9.63423
9.642
9.64984
9.65777
9.66578
9.67389
9.68209
9.69039
9.69878
9.70726
9.71585
9.72453
9.73331
9.74219
9.75117
9.76025
9.76943
9.77869
9.78805
9.79749
9.80701
9.8166
9.82626
9.83599
9.84578
9.85562
9.86552
9.87546
9.88544
9.89545
9.90546
9.91547
9.92546
9.93542
9.94533
9.95519
9.96498
9.97471
9.98437
9.99395
10.0035
10.0129
10.0223
10.0316
10.0408
10.0499
10.0589
10.0679
10.0768
10.0856
10.0943
10.1029
10.1115
10.12
10.1285
10.1369
10.1453
10.1536
10.1619
10.1702
10.1785
10.1869
10.1952
10.2035
10.2119
10.2203
10.2288
10.2372
10.2457
10.2543
10.2628
10.2714
10.28
10.2885
10.2971
10.3057
10.3142
10.3227
10.3312
10.3396
10.348
10.3563
10.3646
10.3727
10.3809
10.3889
10.3969
10.4048
10.4126
10.4203
10.428
10.4356
10.4431
10.4506
10.458
10.4654
10.4728
10.4801
10.4874
10.4947
10.502
10.5092
10.5164
10.5236
10.5308
10.538
10.5452
10.5524
10.5597
10.5669
10.5742
10.5815
10.5889
10.5963
10.6037
10.6112
10.6188
10.6264
10.6341
10.6418
10.6496
10.6575
10.6654
10.6734
10.6815
10.6896
10.6978
10.7061
10.7144
10.7227
10.7311
10.7395
10.7479
10.7563
10.7647
10.7732
10.7817
10.7901
10.7987
10.8072
10.8158
10.8244
10.833
10.8416
10.8503
10.859
10.8677
10.8764
10.8851
10.8939
10.9026
10.9115
10.9203
10.9291
10.938
10.9469
10.9559
10.9648
10.9738
10.9828
10.9918
11.0009
11.01
11.0191
11.0282
11.0374
11.0466
11.0559
11.0652
11.0746
11.0841
11.0936
11.1033
11.1131
11.1229
11.1329
11.143
11.1532
11.1636
11.174
11.1846
11.1952
11.2059
11.2167
11.2275
11.2384
11.2492
11.2601
11.2709
11.2817
11.2924
11.3031
11.3137
11.3243
11.3348
11.3452
11.3555
11.3658
11.376
11.3862
11.3962
11.4062
11.4161
11.426
11.4358
11.4456
11.4553
11.4649
11.4746
11.4843
11.4939
11.5036
11.5134
11.5232
11.533
11.543
11.5529
11.563
11.5731
11.5833
11.5935
11.6038
11.6141
11.6244
11.6347
11.645
11.6552
11.6654
11.6756
11.6858
11.6958
11.7059
11.7159
11.7259
11.7358
11.7457
11.7556
11.7655
11.7753
11.7852
11.7949
11.8046
11.8143
11.8239
11.8335
11.8429
11.8524
11.8617
11.871
11.8803
11.8895
11.8986
11.9077
11.9168
11.9259
11.9349
11.9439
11.9528
11.9618
11.9707
11.9796
11.9885
11.9974
12.0062
12.0151
12.0239
12.0328
12.0417
12.0506
12.0595
12.0685
12.0774
12.0865
12.0955
12.1046
12.1137
12.1228
12.132
12.1412
12.1505
12.1597
12.1691
12.1784
12.1879
12.1973
12.2069
12.2165
12.2262
12.2359
12.2457
12.2555
12.2653
12.2751
12.2849
12.2946
12.3043
12.314
12.3237
12.3332
12.3427
12.3521
12.3614
12.3706
12.3797
12.3886
12.3974
12.4061
12.4147
12.4232
12.4315
12.4397
12.4479
12.4559
12.4639
12.4718
12.4797
12.4876
12.4954
12.5032
12.511
12.5188
12.5266
12.5345
12.5425
12.5506
12.5587
12.567
12.5753
12.5838
12.5924
12.6011
12.6098
12.6187
12.6276
12.6367
12.6458
12.6549
12.6642
12.6735
12.6829
12.6923
12.7018
12.7114
12.721
12.7308
12.7405
12.7504
12.7603
12.7702
12.7802
12.7902
12.8003
12.8104
12.8205
12.8306
12.8408
12.851
12.8612
12.8714
12.8816
12.8918
12.902
12.9123
12.9225
12.9327
12.9429
12.9531
12.9633
12.9734
12.9835
12.9936
13.0037
13.0138
13.0238
13.0339
13.0439
13.054
13.064
13.074
13.0839
13.0939
13.1038
13.1136
13.1235
13.1332
13.143
13.1527
13.1623
13.172
13.1816
13.1911
13.2006
13.2101
13.2196
13.229
13.2384
13.2477
13.2571
13.2664
13.2757
13.2849
13.2942
13.3034
13.3126
13.3218
13.331
13.3402
13.3494
13.3586
13.3679
13.3771
13.3863
13.3955
13.4047
13.4139
13.4231
13.4323
13.4416
13.4509
13.4601
13.4695
13.4788
13.4882
13.4976
13.5071
13.5165
13.5261
13.5356
13.5453
13.555
13.5648
13.5746
13.5845
13.5946
13.6047
13.615
13.6254
13.6359
13.6465
13.6572
13.6681
13.679
13.69
13.7011
13.7123
13.7235
13.7348
13.7461
13.7575
13.7689
13.7803
13.7917
13.8032
13.8147
13.8261
13.8375
13.8489
13.8603
13.8716
13.8829
13.8942
13.9054
13.9165
13.9276
13.9387
13.9497
13.9607
13.9717
13.9825
13.9933
14.004
14.0146
14.0251
14.0355
14.0459
14.0563
14.0666
14.0768
14.087
14.0972
14.1074
14.1176
14.1278
14.138
14.1481
14.1584
14.1686
14.1789
14.1892
14.1995
14.2098
14.2201
14.2304
14.2406
14.2509
14.261
14.2711
14.2812
14.2911
14.301
14.3107
14.3204
14.3299
14.3394
14.3487
14.358
14.3671
14.3762
14.3851
14.394
14.4028
14.4115
14.4202
14.4289
14.4375
14.446
14.4546
14.4631
14.4716
14.4801
14.4886
14.4971
14.5056
14.5141
14.5226
14.5312
14.5397
14.5483
14.5568
14.5654
14.5739
14.5825
14.591
14.5995
14.6079
14.6164
14.6248
14.6331
14.6415
14.6498
14.6581
14.6663
14.6745
14.6827
14.6909
14.699
14.7071
14.7151
14.723
14.7309
14.7387
14.7465
14.7541
14.7617
14.7693
14.7768
14.7842
14.7917
14.7992
14.8067
14.8143
14.8219
14.8295
14.8372
14.845
14.8529
14.8608
14.8687
14.8768
14.8848
14.8929
14.9011
14.9092
14.9174
14.9256
14.9338
14.942
14.9503
14.9585
14.9668
14.9751
14.9834
14.9918
15.0002
15.0087
15.0173
15.0259
15.0346
15.0434
15.0523
15.0613
15.0703
15.0793
15.0885
15.0976
15.1068
15.1159
15.1251
15.1343
15.1434
15.1525
15.1615
15.1706
15.1796
15.1885
15.1974
15.2063
15.2151
15.2238
15.2325
15.2412
15.2497
15.2582
15.2666
15.2749
15.2832
15.2914
15.2995
15.3076
15.3156
15.3235
15.3315
15.3394
15.3473
15.3553
15.3634
15.3714
15.3796
15.3878
15.3961
15.4045
15.4129
15.4214
15.43
15.4386
15.4473
15.4561
15.4648
15.4737
15.4826
15.4915
15.5005
15.5096
15.5187
15.5278
15.5369
15.5461
15.5553
15.5646
15.5739
15.5832
15.5925
15.6019
15.6113
15.6208
15.6303
15.6398
15.6494
15.6591
15.6688
15.6785
15.6883
15.6982
15.7081
15.7181
15.7282
15.7383
15.7485
15.7588
15.7692
15.7797
15.7902
15.8008
15.8114
15.8221
15.8328
15.8435
15.8543
15.8651
15.8759
15.8868
15.8977
15.9086
15.9195
15.9305
15.9416
15.9527
15.9639
15.9751
15.9864
15.9978
16.0092
16.0206
16.0321
16.0436
16.0551
16.0666
16.0781
16.0896
16.101
16.1124
16.1237
16.1349
16.1461
16.1572
16.1683
16.1792
16.1901
16.2009
16.2116
16.2223
16.2329
16.2434
16.2539
16.2643
16.2746
16.2849
16.2952
16.3055
16.3158
16.3261
16.3365
16.3469
16.3574
16.3679
16.3786
16.3893
16.4001
16.411
16.422
16.4332
16.4445
16.4559
16.4674
16.4791
16.4908
16.5027
16.5146
16.5266
16.5387
16.5508
16.5629
16.575
16.5872
16.5993
16.6115
16.6235
16.6356
16.6475
16.6594
16.6712
16.6829
16.6946
16.7061
16.7176
16.7291
16.7405
16.7519
16.7633
16.7746
16.786
16.7974
16.8088
16.8203
16.8317
16.8432
16.8546
16.8661
16.8776
16.889
16.9005
16.9119
16.9232
16.9346
16.9459
16.9571
16.9683
16.9794
16.9905
17.0015
17.0124
17.0233
17.0341
17.0449
17.0556
17.0662
17.0767
17.0871
17.0975
17.1078
17.118
17.1281
17.1382
17.1482
17.1582
17.1681
17.1781
17.188
17.1979
17.2078
17.2178
17.2277
17.2377
17.2477
17.2578
17.2678
17.278
17.2881
17.2982
17.3083
17.3184
17.3285
17.3385
17.3485
17.3584
17.3682
17.378
17.3877
17.3973
17.4068
17.4162
17.4255
17.4348
17.4439
17.4529
17.4619
17.4707
17.4795
17.4882
17.4968
17.5055
17.5141
17.5227
17.5312
17.5399
17.5485
17.5572
17.5659
17.5747
17.5835
17.5923
17.6013
17.6102
17.6192
17.6281
17.6371
17.646
17.6549
17.6637
17.6724
17.6811
17.6897
17.6983
17.7068
17.7153
17.7238
17.7323
17.7408
17.7494
17.758
17.7667
17.7754
17.7843
17.7932
17.8022
17.8113
17.8206
17.8299
17.8393
17.8488
17.8584
17.868
17.8777
17.8874
17.8972
17.907
17.9168
17.9266
17.9363
17.9461
17.9559
17.9656
17.9753
17.9851
17.9948
18.0045
18.0143
18.024
18.0338
18.0436
18.0535
18.0633
18.0732
18.0831
18.0931
18.103
18.1129
18.1228
18.1328
18.1427
18.1527
18.1626
18.1726
18.1826
18.1926
18.2027
18.2128
18.223
18.2333
18.2436
18.2541
18.2646
18.2752
18.2859
18.2967
18.3077
18.3188
18.33
18.3413
18.3528
18.3644
18.3761
18.3879
18.3998
18.4118
18.4238
18.4359
18.448
18.4602
18.4724
18.4846
18.4968
18.509
18.5212
18.5334
18.5456
18.5577
18.5698
18.5819
18.5939
18.6059
18.6179
18.6298
18.6416
18.6534
18.6652
18.677
18.6887
18.7004
18.712
18.7236
18.7351
18.7466
18.7579
18.7692
18.7804
18.7914
18.8024
18.8132
18.8239
18.8344
18.8448
18.8551
18.8653
18.8754
18.8853
18.8951
18.9048
18.9143
18.9237
18.9329
18.942
18.9509
18.9597
18.9682
18.9766
18.9849
18.993
19.0009
19.0088
19.0165
19.0242
19.0317
19.0392
19.0467
19.0541
19.0614
19.0687
19.076
19.0832
19.0905
19.0977
19.105
19.1123
19.1196
19.127
19.1344
19.142
19.1495
19.1572
19.165
19.1728
19.1807
19.1887
19.1968
19.205
19.2133
19.2216
19.2301
19.2386
19.2473
19.256
19.2648
19.2738
19.2828
19.2919
19.3011
19.3104
19.3198
19.3293
19.3389
19.3485
19.3582
19.3679
19.3778
19.3877
19.3976
19.4076
19.4177
19.4279
19.4381
19.4485
19.4589
19.4694
19.4799
19.4905
19.5012
19.512
19.5227
19.5335
19.5443
19.5552
19.5661
19.5769
19.5878
19.5987
19.6095
19.6204
19.6312
19.642
19.6528
19.6635
19.6743
19.685
19.6957
19.7064
19.7171
19.7278
19.7385
19.7491
19.7597
19.7703
19.7809
19.7914
19.8019
19.8123
19.8228
19.8332
19.8436
19.854
19.8644
19.8747
19.8851
19.8956
19.906
19.9164
19.9269
19.9374
19.9479
19.9585
19.969
19.9797
19.9903
20.001
20.0118
20.0226
20.0334
20.0442
20.055
20.0658
20.0767
20.0875
20.0983
20.1091
20.1199
20.1306
20.1413
20.152
20.1626
20.1732
20.1837
20.1942
20.2046
20.2149
20.2251
20.2352
20.2452
20.2551
20.265
20.2748
20.2845
20.2941
20.3037
20.3131
20.3226
20.332
20.3413
20.3507
20.36
20.3694
20.3788
20.3882
20.3977
20.4073
20.4168
20.4265
20.4362
20.4459
20.4556
20.4654
20.4752
20.485
20.4949
20.5047
20.5145
20.5244
20.5342
20.5441
20.5539
20.5638
20.5736
20.5835
20.5934
20.6033
20.6132
20.6231
20.633
20.643
20.653
20.663
20.673
20.683
20.6931
20.7032
20.7134
20.7235
20.7337
20.744
20.7542
20.7645
20.7748
20.7852
20.7956
20.8059
20.8164
20.8268
20.8373
20.8477
20.8582
20.8687
20.8792
20.8897
20.9002
20.9108
20.9213
20.9318
20.9423
20.9528
20.9633
20.9738
20.9842
20.9946
21.005
21.0153
21.0257
21.0361
21.0465
21.057
21.0675
21.0781
21.0888
21.0995
21.1103
21.1211
21.132
21.143
21.154
21.1649
21.1759
21.1869
21.1979
21.2088
21.2197
21.2305
21.2413
21.2521
21.2628
21.2735
21.2842
21.2949
21.3056
21.3163
21.327
21.3378
21.3486
21.3594
21.3703
21.3812
21.3922
21.4033
21.4144
21.4256
21.4369
21.4482
21.4595
21.4708
21.4821
21.4934
21.5047
21.5158
21.5269
21.5378
21.5486
21.5593
21.5699
21.5803
21.5906
21.6008
21.6109
21.6209
21.6307
21.6404
21.65
21.6595
21.6689
21.6782
21.6873
21.6964
21.7053
21.7142
21.723
21.7317
21.7404
21.749
21.7575
21.7661
21.7746
21.7831
21.7917
21.8002
21.8088
21.8175
21.8262
21.835
21.8438
21.8528
21.8619
21.8711
21.8804
21.8898
21.8993
21.909
21.9188
21.9287
21.9387
21.9489
21.9591
21.9694
21.9798
21.9903
22.0008
22.0114
22.022
22.0327
22.0434
22.0541
22.0648
22.0756
22.0864
22.0972
22.108
22.1188
22.1296
22.1405
22.1513
22.1621
22.1729
22.1837
22.1945
22.2052
22.2159
22.2265
22.237
22.2475
22.2579
22.2682
22.2784
22.2886
22.2987
22.3088
22.3188
22.3288
22.3387
22.3487
22.3586
22.3685
22.3784
22.3882
22.398
22.4078
22.4175
22.4271
22.4367
22.4461
22.4555
22.4648
22.474
22.4831
22.4922
22.5012
22.5101
22.5189
22.5277
22.5363
22.5449
22.5533
22.5615
22.5697
22.5776
22.5855
22.5931
22.6006
22.608
22.6152
22.6223
22.6293
22.6361
22.6429
22.6495
22.6561
22.6626
22.6691
22.6756
22.682
22.6884
22.6948
22.7012
22.7076
22.714
22.7205
22.727
22.7335
22.7401
22.7468
22.7535
22.7603
22.7672
22.7741
22.7811
22.7882
22.7953
22.8025
22.8097
22.817
22.8243
22.8317
22.839
22.8464
22.8538
22.8613
22.8687
22.8762
22.8838
22.8914
22.8991
22.9068
22.9147
22.9226
22.9306
22.9387
22.947
22.9553
22.9637
22.9723
22.9809
22.9896
22.9985
23.0074
23.0164
23.0256
23.0349
23.0442
23.0537
23.0633
23.073
23.0828
23.0927
23.1027
23.1128
23.123
23.1333
23.1436
23.1541
23.1646
23.1752
23.1858
23.1965
23.2072
23.218
23.2287
23.2395
23.2502
23.261
23.2717
23.2824
23.2931
23.3038
23.3145
23.3253
23.3362
23.3472
23.3582
23.3693
23.3805
23.3917
23.4029
23.4142
23.4254
23.4367
23.448
23.4592
23.4705
23.4818
23.493
23.5043
23.5156
23.5269
23.5383
23.5497
23.5611
23.5726
23.5841
23.5957
23.6074
23.6192
23.6312
23.6432
23.6553
23.6676
23.6799
23.6924
23.7049
23.7175
23.7303
23.7431
23.7561
23.7691
23.7822
23.7954
23.8087
23.8221
23.8356
23.8491
23.8626
23.8762
23.8899
23.9036
23.9172
23.9308
23.9444
23.958
23.9715
23.985
23.9984
24.0118
24.0252
24.0385
24.0517
24.0648
24.0778
24.0906
24.1033
24.1158
24.1281
24.1402
24.1521
24.1638
24.1753
24.1866
24.1978
24.2088
24.2196
24.2303
24.2409
24.2514
24.2618
24.2721
24.2823
24.2925
24.3026
24.3128
24.3228
24.3329
24.3429
24.3529
24.3629
24.3729
24.3829
24.3929
24.4029
24.4128
24.4228
24.4328
24.4427
24.4527
24.4626
24.4725
24.4825
24.4924
24.5024
24.5124
24.5224
24.5325
24.5426
24.5527
24.5629
24.5732
24.5835
24.5938
24.6041
24.6145
24.6249
24.6353
24.6457
24.6561
24.6665
24.677
24.6875
24.6981
24.7087
24.7195
24.7303
24.7412
24.7522
24.7634
24.7746
24.7859
24.7974
24.809
24.8207
24.8325
24.8445
24.8565
24.8686
24.8808
24.8932
24.9056
24.9182
24.9309
24.9437
24.9567
24.9697
24.9829
24.9962
25.0096
25.023
25.0366
25.0503
25.064
25.0779
25.0918
25.1058
25.1199
25.1341
25.1484
25.1627
25.1771
25.1916
25.2061
25.2207
25.2354
25.25
25.2647
25.2793
25.294
25.3086
25.3232
25.3377
25.3522
25.3667
25.3811
25.3955
25.4099
25.4244
25.4388
25.4532
25.4677
25.4822
25.4967
25.5112
25.5258
25.5403
25.5549
25.5695
25.5841
25.5987
25.6133
25.6279
25.6425
25.657
25.6715
25.6859
25.7002
25.7145
25.7287
25.7428
25.7568
25.7708
25.7846
25.7984
25.8121
25.8256
25.8391
25.8525
25.8658
25.879
25.8921
25.9051
25.918
25.9308
25.9435
25.9561
25.9686
25.9811
25.9935
26.0059
26.0183
26.0306
26.0429
26.0553
26.0677
26.0801
26.0925
26.105
26.1176
26.1303
26.1431
26.156
26.169
26.1822
26.1955
26.209
26.2226
26.2363
26.2501
26.2641
26.2781
26.2922
26.3065
26.3208
26.3352
26.3496
26.3642
26.3788
26.3935
26.4082
26.423
26.4378
26.4526
26.4674
26.4822
26.497
26.5117
26.5264
26.5409
26.5554
26.5698
26.584
26.5982
26.6123
26.6262
26.6401
26.6538
26.6673
26.6808
26.6941
26.7073
26.7204
26.7333
26.7462
26.7589
26.7715
26.784
26.7964
26.8087
26.8208
26.8328
26.8447
26.8564
26.8679
26.8794
26.8907
26.9019
26.913
26.9239
26.9348
26.9456
26.9563
26.9669
26.9774
26.9879
26.9984
27.0089
27.0193
27.0299
27.0404
27.0511
27.0618
27.0725
27.0833
27.0941
27.1049
27.1157
27.1264
27.1371
27.1476
27.158
27.1683
27.1785
27.1885
27.1983
27.208
27.2175
27.2268
27.236
27.245
27.2539
27.2628
27.2715
27.2801
27.2886
27.2972
27.3056
27.3141
27.3225
27.331
27.3394
27.3479
27.3565
27.3652
27.3739
27.3827
27.3916
27.4006
27.4097
27.4189
27.4282
27.4376
27.4472
27.4568
27.4666
27.4766
27.4867
27.497
27.5074
27.518
27.5288
27.5398
27.5508
27.5621
27.5734
27.5849
27.5965
27.6082
27.62
27.6318
27.6436
27.6555
27.6674
27.6792
27.6911
27.7029
27.7146
27.7264
27.7381
27.7498
27.7615
27.7733
27.7851
27.7969
27.8089
27.8209
27.833
27.8453
27.8576
27.8701
27.8828
27.8955
27.9083
27.9213
27.9344
27.9475
27.9608
27.9741
27.9875
28.0009
28.0143
28.0278
28.0413
28.0548
28.0683
28.0818
28.0954
28.1089
28.1225
28.1361
28.1497
28.1632
28.1768
28.1903
28.2038
28.2173
28.2308
28.2442
28.2575
28.2708
28.284
28.2972
28.3103
28.3233
28.3362
28.349
28.3618
28.3745
28.3871
28.3996
28.412
28.4243
28.4366
28.4488
28.4609
28.473
28.485
28.4969
28.5087
28.5204
28.532
28.5435
28.5549
28.5661
28.5773
28.5883
28.5992
28.61
28.6207
28.6313
28.6418
28.6522
28.6625
28.6727
28.6828
28.6928
28.7028
28.7127
28.7225
28.7322
28.7419
28.7515
28.7609
28.7703
28.7796
28.7887
28.7977
28.8066
28.8152
28.8237
28.832
28.8401
28.8481
28.8559
28.8635
28.871
28.8784
28.8857
28.8929
28.9
28.907
28.914
28.9209
28.9278
28.9346
28.9413
28.948
28.9546
28.9612
28.9677
28.9742
28.9806
28.987
28.9934
28.9998
29.0063
29.0128
29.0193
29.0258
29.0325
29.0392
29.046
29.0529
29.0599
29.067
29.0742
29.0815
29.089
29.0965
29.1041
29.1119
29.1197
29.1276
29.1356
29.1437
29.1518
29.16
29.1682
29.1764
29.1847
29.1929
29.2012
29.2095
29.2177
29.226
29.2343
29.2426
29.2509
29.2592
29.2676
29.2761
29.2847
29.2934
29.3023
29.3113
29.3204
29.3297
29.3392
29.3489
29.3587
29.3688
29.3789
29.3892
29.3997
29.4102
29.4209
29.4317
29.4425
29.4535
29.4645
29.4755
29.4866
29.4978
29.509
29.5203
29.5317
29.5432
29.5549
29.5667
29.5787
29.5908
29.6031
29.6157
29.6284
29.6414
29.6546
29.668
29.6816
29.6954
29.7094
29.7236
29.738
29.7526
29.7673
29.7821
29.7971
29.8122
29.8274
29.8426
29.858
29.8733
29.8887
29.9042
29.9197
29.9352
29.9507
29.9662
29.9818
29.9974
30.013
30.0286
30.0443
30.0599
30.0755
30.0911
30.1067
30.1222
30.1377
30.1531
30.1684
30.1836
30.1987
30.2137
30.2286
30.2434
30.2582
30.2729
30.2875
30.3021
30.3167
30.3313
30.3459
30.3606
30.3752
30.3899
30.4046
30.4193
30.434
30.4487
30.4634
30.478
30.4925
30.507
30.5214
30.5357
30.5499
30.5641
30.5783
30.5924
30.6065
30.6207
30.6348
30.649
30.6632
30.6775
30.6918
30.7062
30.7207
30.7352
30.7499
30.7646
30.7795
30.7945
30.8096
30.8248
30.8401
30.8555
30.871
30.8865
30.9021
30.9176
30.9332
30.9488
30.9644
30.9799
30.9953
31.0106
31.0259
31.041
31.0561
31.0709
31.0857
31.1004
31.1149
31.1294
31.1438
31.1581
31.1724
31.1866
31.2009
31.215
31.2292
31.2433
31.2573
31.2714
31.2854
31.2994
31.3134
31.3273
31.3413
31.3552
31.3691
31.383
31.3969
31.4108
31.4247
31.4386
31.4524
31.4661
31.4798
31.4933
31.5066
31.5198
31.5328
31.5455
31.558
31.5703
31.5823
31.5941
31.6056
31.617
31.6281
31.6391
31.6499
31.6606
31.6711
31.6815
31.6919
31.7022
31.7125
31.7228
31.7331
31.7435
31.7538
31.7643
31.7748
31.7854
31.7961
31.8068
31.8176
31.8285
31.8394
31.8505
31.8616
31.8728
31.8842
31.8957
31.9074
31.9193
31.9314
31.9436
31.9561
31.9687
31.9816
31.9945
32.0076
32.0209
32.0342
32.0476
32.0611
32.0745
32.088
32.1015
32.1149
32.1282
32.1415
32.1546
32.1676
32.1805
32.1933
32.2059
32.2183
32.2306
32.2427
32.2547
32.2664
32.278
32.2894
32.3006
32.3116
32.3224
32.3331
32.3435
32.3538
32.3639
32.3739
32.3837
32.3933
32.4028
32.4122
32.4214
32.4306
32.4397
32.4487
32.4577
32.4666
32.4755
32.4844
32.4933
32.5022
32.5111
32.52
32.5288
32.5377
32.5466
32.5555
32.5644
32.5732
32.5821
32.5909
32.5997
32.6084
32.6171
32.6258
32.6344
32.6429
32.6515
32.6599
32.6683
32.6767
32.685
32.6933
32.7015
32.7096
32.7177
32.7258
32.7338
32.7417
32.7496
32.7574
32.7652
32.773
32.7808
32.7886
32.7965
32.8043
32.8121
32.82
32.828
32.8359
32.8439
32.852
32.8601
32.8683
32.8766
32.8849
32.8933
32.9018
32.9105
32.9192
32.928
32.937
32.9461
32.9554
32.9648
32.9744
32.9841
32.994
33.0041
33.0144
33.0248
33.0354
33.0461
33.057
33.068
33.0791
33.0903
33.1016
33.113
33.1244
33.1359
33.1473
33.1588
33.1703
33.1818
33.1933
33.2048
33.2163
33.2279
33.2394
33.2509
33.2625
33.274
33.2856
33.2971
33.3086
33.3201
33.3315
33.343
33.3544
33.3658
33.3771
33.3884
33.3997
33.411
33.4222
33.4334
33.4447
33.4559
33.4672
33.4785
33.4898
33.5012
33.5126
33.5241
33.5356
33.5472
33.5588
33.5705
33.5822
33.5939
33.6057
33.6176
33.6295
33.6414
33.6534
33.6654
33.6775
33.6896
33.7017
33.7139
33.7262
33.7384
33.7507
33.7629
33.7752
33.7875
33.7997
33.812
33.8242
33.8365
33.8488
33.8611
33.8735
33.8859
33.8983
33.9108
33.9233
33.9359
33.9486
33.9612
33.9739
33.9867
33.9994
34.0122
34.025
34.0377
34.0505
34.0633
34.076
34.0888
34.1015
34.1141
34.1268
34.1393
34.1518
34.1642
34.1765
34.1887
34.2007
34.2127
34.2245
34.2363
34.2479
34.2594
34.2709
34.2822
34.2936
34.3048
34.316
34.3272
34.3384
34.3495
34.3607
34.3719
34.3831
34.3943
34.4056
34.4168
34.4281
34.4393
34.4505
34.4617
34.4728
34.4839
34.4949
34.5059
34.5169
34.5278
34.5387
34.5496
34.5604
34.5713
34.5822
34.5932
34.6041
34.6151
34.6261
34.6371
34.6481
34.6592
34.6703
34.6814
34.6924
34.7035
34.7146
34.7255
34.7365
34.7473
34.758
34.7685
34.779
34.7892
34.7992
34.8091
34.8188
34.8283
34.8377
34.8469
34.8561
34.8653
34.8744
34.8835
34.8926
34.9018
34.911
34.9203
34.9297
34.9392
34.9487
34.9584
34.968
34.9777
34.9875
34.9972
35.007
35.0168
35.0266
35.0363
35.046
35.0557
35.0654
35.0751
35.0848
35.0944
35.1041
35.1138
35.1235
35.1333
35.1431
35.1529
35.1628
35.1727
35.1827
35.1929
35.2031
35.2134
35.2239
35.2346
35.2454
35.2563
35.2674
35.2787
35.2901
35.3017
35.3134
35.3253
35.3373
35.3495
35.3619
35.3743
35.3868
35.3993
35.4119
35.4246
35.4371
35.4497
35.4621
35.4745
35.4867
35.4988
35.5108
35.5226
35.5343
35.5458
35.5572
35.5684
35.5795
35.5904
35.6012
35.6118
35.6223
35.6327
35.643
35.6531
35.6632
35.6733
35.6833
35.6932
35.7032
35.713
35.7229
35.7326
35.7423
35.752
35.7615
35.7709
35.7801
35.7893
35.7984
35.8075
35.8164
35.8254
35.8343
35.8432
35.852
35.8609
35.8697
35.8785
35.8873
35.896
35.9047
35.9134
35.9219
35.9305
35.9389
35.9473
35.9557
35.964
35.9723
35.9805
35.9887
35.9969
36.0051
36.0133
36.0215
36.0297
36.0379
36.0462
36.0545
36.0629
36.0713
36.0799
36.0885
36.0972
36.106
36.1149
36.1238
36.1329
36.142
36.1512
36.1604
36.1697
36.1791
36.1886
36.1981
36.2077
36.2173
36.2271
36.2369
36.2467
36.2567
36.2667
36.2768
36.2869
36.2971
36.3073
36.3176
36.3279
36.3382
36.3486
36.3589
36.3691
36.3794
36.3896
36.3997
36.4097
36.4196
36.4295
36.4393
36.4491
36.4589
36.4686
36.4784
36.4882
36.4979
36.5077
36.5176
36.5274
36.5372
36.5471
36.5569
36.5668
36.5767
36.5865
36.5964
36.6062
36.616
36.6258
36.6355
36.6452
36.6549
36.6646
36.6742
36.6837
36.6933
36.7028
36.7123
36.7217
36.7311
36.7405
36.7498
36.7591
36.7683
36.7774
36.7865
36.7954
36.8043
36.8131
36.8217
36.8303
36.8388
36.8471
36.8555
36.8637
36.8719
36.8802
36.8884
36.8966
36.9048
36.913
36.9213
36.9296
36.9379
36.9462
36.9545
36.9629
36.9713
36.9797
36.9882
36.9968
37.0055
37.0144
37.0234
37.0326
37.042
37.0517
37.0615
37.0716
37.0818
37.0922
37.1028
37.1136
37.1244
37.1353
37.1463
37.1573
37.1684
37.1794
37.1904
37.2014
37.2123
37.2231
37.2337
37.2443
37.2546
37.2648
37.2748
37.2847
37.2944
37.3041
37.3138
37.3235
37.3332
37.3429
37.3528
37.3627
37.3728
37.3829
37.3933
37.4037
37.4144
37.4252
37.4362
37.4475
37.4589
37.4705
37.4822
37.4942
37.5063
37.5185
37.5308
37.5432
37.5556
37.568
37.5803
37.5926
37.6047
37.6168
37.6287
37.6405
37.6522
37.6637
37.6752
37.6866
37.6979
37.7092
37.7204
37.7315
37.7426
37.7536
37.7646
37.7754
37.7862
37.797
37.8076
37.8182
37.8288
37.8394
37.8499
37.8605
37.8711
37.8817
37.8924
37.9032
37.9141
37.9251
37.9362
37.9475
37.9589
37.9704
37.982
37.9937
38.0055
38.0174
38.0294
38.0415
38.0537
38.066
38.0783
38.0908
38.1033
38.116
38.1287
38.1416
38.1545
38.1676
38.1807
38.194
38.2073
38.2207
38.2342
38.2477
38.2612
38.2748
38.2883
38.3019
38.3155
38.3291
38.3426
38.3562
38.3696
38.3831
38.3965
38.4099
38.4232
38.4365
38.4498
38.463
38.4761
38.4893
38.5023
38.5154
38.5283
38.5413
38.5543
38.5672
38.5801
38.593
38.606
38.6189
38.6319
38.6449
38.6579
38.671
38.6841
38.6973
38.7106
38.724
38.7375
38.7511
38.7648
38.7787
38.7925
38.8065
38.8205
38.8346
38.8486
38.8627
38.8767
38.8908
38.9049
38.9189
38.933
38.947
38.9611
38.9752
38.9893
39.0034
39.0176
39.0317
39.0459
39.06
39.0742
39.0883
39.1023
39.1162
39.13
39.1437
39.1573
39.1708
39.1842
39.1975
39.2107
39.2238
39.2368
39.2498
39.2627
39.2755
39.2882
39.3009
39.3135
39.3261
39.3385
39.351
39.3633
39.3756
39.3879
39.4001
39.4123
39.4244
39.4365
39.4485
39.4606
39.4726
39.4846
39.4965
39.5084
39.5203
39.5321
39.5438
39.5555
39.5671
39.5787
39.5902
39.6017
39.6131
39.6244
39.6357
39.6469
39.6581
39.6692
39.6802
39.6912
39.7021
39.7129
39.7236
39.7342
39.7447
39.7551
39.7653
39.7753
39.7852
39.7948
39.8043
39.8135
39.8225
39.8313
39.8399
39.8484
39.8567
39.865
39.8732
39.8814
39.8895
39.8977
39.9059
39.9141
39.9224
39.9308
39.9392
39.9478
39.9564
39.9652
39.9741
39.9831
39.9922
40.0015
40.0109
40.0204
40.03
40.0397
40.0495
40.0593
40.0692
40.0791
40.089
40.0989
40.1087
40.1186
40.1285
40.1383
40.1482
40.158
40.1679
40.1778
40.1876
40.1975
40.2075
40.2175
40.2275
40.2376
40.2477
40.2579
40.2681
40.2783
40.2884
40.2985
40.3085
40.3183
40.328
40.3376
40.3469
40.356
40.3649
40.3736
40.382
40.3901
40.398
40.4057
40.4131
40.4204
40.4274
40.4343
40.4411
40.4476
40.454
40.4602
40.4662
40.4721
40.4777
40.4832
40.4885
40.4936
40.4986
40.5034
40.5082
40.5129
40.5176
40.5223
40.5271
40.5318
40.5366
40.5415
40.5464
40.5514
40.5565
40.5617
40.5669
40.5723
40.5778
40.5835
40.5893
40.5953
40.6015
40.6078
40.6144
40.6212
40.6281
40.6353
40.6426
40.6501
40.6578
40.6656
40.6736
40.6818
40.6901
40.6986
40.7072
40.716
40.7249
40.7339
40.743
40.7522
40.7615
40.7709
40.7803
40.7897
40.7992
40.8087
40.8181
40.8276
40.8371
40.8467
40.8562
40.8658
40.8755
40.8853
40.8951
40.9051
40.9153
40.9256
40.936
40.9466
40.9575
40.9685
40.9797
40.9912
41.0028
41.0146
41.0267
41.0389
41.0513
41.0638
41.0765
41.0893
41.1022
41.1152
41.1282
41.1413
41.1545
41.1677
41.1809
41.1941
41.2073
41.2205
41.2336
41.2467
41.2597
41.2727
41.2856
41.2985
41.3113
41.324
41.3367
41.3493
41.3619
41.3745
41.387
41.3995
41.412
41.4244
41.4368
41.4491
41.4614
41.4736
41.4857
41.4976
41.5095
41.5213
41.5328
41.5443
41.5555
41.5665
41.5774
41.588
41.5984
41.6086
41.6185
41.6283
41.6378
41.6472
41.6563
41.6653
41.674
41.6826
41.691
41.6992
41.7072
41.7151
41.7228
41.7304
41.7379
41.7453
41.7526
41.7598
41.7671
41.7743
41.7815
41.7888
41.7962
41.8036
41.8111
41.8187
41.8264
41.8342
41.8421
41.8501
41.8582
41.8664
41.8747
41.8831
41.8915
41.9
41.9086
41.9172
41.9259
41.9347
41.9435
41.9523
41.9613
41.9702
41.9793
41.9884
41.9975
42.0067
42.0161
42.0255
42.035
42.0446
42.0545
42.0644
42.0746
42.085
42.0956
42.1064
42.1175
42.1287
42.1401
42.1518
42.1636
42.1757
42.1879
42.2003
42.2128
42.2255
42.2383
42.2513
42.2643
42.2775
42.2908
42.3041
42.3176
42.3312
42.3448
42.3586
42.3724
42.3864
42.4005
42.4147
42.429
42.4434
42.4579
42.4726
42.4873
42.5022
42.5171
42.5322
42.5473
42.5624
42.5777
42.5929
42.6083
42.6236
42.639
42.6545
42.6699
42.6853
42.7007
42.716
42.7312
42.7464
42.7615
42.7764
42.7911
42.8058
42.8202
42.8345
42.8487
42.8626
42.8764
42.8901
42.9035
42.9167
42.9298
42.9426
42.9553
42.9678
42.9802
42.9924
43.0044
43.0164
43.0282
43.0399
43.0516
43.0632
43.0746
43.0861
43.0974
43.1086
43.1198
43.1309
43.1419
43.1529
43.1637
43.1745
43.1853
43.1959
43.2065
43.2171
43.2276
43.238
43.2484
43.2587
43.269
43.2792
43.2894
43.2996
43.3097
43.3198
43.3298
43.3397
43.3495
43.3593
43.369
43.3785
43.388
43.3974
43.4067
43.4159
43.425
43.434
43.443
43.452
43.4609
43.4697
43.4785
43.4873
43.4961
43.5048
43.5136
43.5224
43.5312
43.5401
43.549
43.558
43.5671
43.5763
43.5855
43.5948
43.6041
43.6134
43.6228
43.6323
43.6418
43.6513
43.6609
43.6705
43.6802
43.6899
43.6996
43.7093
43.719
43.7286
43.7382
43.7477
43.7571
43.7664
43.7756
43.7847
43.7937
43.8027
43.8115
43.8202
43.8289
43.8375
43.8461
43.8546
43.863
43.8715
43.8798
43.8882
43.8965
43.9048
43.913
43.9212
43.9294
43.9376
43.9458
43.954
43.9622
43.9706
43.979
43.9876
43.9964
44.0053
44.0144
44.0237
44.0333
44.0429
44.0528
44.0628
44.0728
44.083
44.0933
44.1037
44.1142
44.1248
44.1354
44.1461
44.1569
44.1677
44.1786
44.1895
44.2005
44.2116
44.2227
44.2338
44.2451
44.2564
44.2677
44.2792
44.2907
44.3023
44.314
44.3258
44.3377
44.3497
44.3617
44.3738
44.3859
44.3981
44.4103
44.4225
44.4347
44.4468
44.4589
44.4709
44.4828
44.4946
44.5063
44.5178
44.5292
44.5403
44.5513
44.5621
44.5728
44.5832
44.5935
44.6036
44.6136
44.6235
44.6334
44.6432
44.6529
44.6627
44.6724
44.6822
44.692
44.7018
44.7117
44.7215
44.7313
44.7411
44.7508
44.7605
44.7701
44.7796
44.7889
44.7982
44.8073
44.8162
44.825
44.8336
44.842
44.8502
44.8582
44.866
44.8736
44.8811
44.8884
44.8957
44.9029
44.91
44.9172
44.9245
44.9319
44.9393
44.947
44.9549
44.9629
44.9713
44.9799
44.9888
44.998
45.0075
45.0173
45.0273
45.0376
45.048
45.0586
45.0694
45.0802
45.0911
45.102
45.113
45.124
45.1349
45.1459
45.1568
45.1676
45.1784
45.1892
45.1998
45.2104
45.221
45.2314
45.2418
45.2522
45.2626
45.2729
45.2832
45.2936
45.3039
45.3143
45.3247
45.3352
45.3456
45.3561
45.3666
45.3771
45.3877
45.3982
45.4088
45.4194
45.4299
45.4405
45.4511
45.4617
45.4724
45.483
45.4937
45.5044
45.5152
45.526
45.5369
45.5479
45.5589
45.5701
45.5813
45.5927
45.6042
45.6158
45.6276
45.6395
45.6515
45.6637
45.6761
45.6886
45.7012
45.714
45.7269
45.74
45.7531
45.7663
45.7796
45.7929
45.8062
45.8196
45.8329
45.8461
45.8593
45.8723
45.8853
45.8983
45.9111
45.9239
45.9366
45.9493
45.962
45.9747
45.9874
46.0003
46.0133
46.0266
46.04
46.0536
46.0675
46.0815
46.0957
46.1101
46.1246
46.1392
46.1538
46.1684
46.183
46.1976
46.212
46.2264
46.2406
46.2547
46.2686
46.2823
46.2958
46.3091
46.3221
46.3349
46.3474
46.3596
46.3716
46.3832
46.3946
46.4058
46.4167
46.4274
46.4378
46.4481
46.4582
46.4682
46.478
46.4877
46.4972
46.5066
46.5159
46.5249
46.5338
46.5425
46.551
46.5592
46.5672
46.5749
46.5823
46.5896
46.5966
46.6034
46.6101
46.6166
46.623
46.6293
46.6355
46.6415
46.6475
46.6535
46.6594
46.6652
46.6711
46.6769
46.6826
46.6884
46.6942
46.7
46.7059
46.7117
46.7177
46.7237
46.7297
46.7359
46.7422
46.7487
46.7553
46.762
46.769
46.7761
46.7835
46.7911
46.7989
46.8069
46.8152
46.8237
46.8324
46.8414
46.8505
46.8599
46.8695
46.8792
46.8891
46.899
46.909
46.919
46.929
46.939
46.9489
46.9588
46.9685
46.978
46.9875
46.9967
47.0058
47.0148
47.0235
47.032
47.0404
47.0485
47.0565
47.0643
47.072
47.0795
47.0868
47.0941
47.1012
47.1083
47.1154
47.1224
47.1295
47.1366
47.1438
47.1511
47.1586
47.1663
47.1741
47.1821
47.1904
47.1989
47.2076
47.2165
47.2256
47.2349
47.2444
47.2541
47.2639
47.2738
47.2839
47.294
47.3043
47.3146
47.325
47.3355
47.3461
47.3568
47.3676
47.3786
47.3895
47.4006
47.4118
47.4229
47.4341
47.4452
47.4563
47.4673
47.4782
47.489
47.4998
47.5105
47.5211
47.5316
47.5421
47.5525
47.5629
47.5733
47.5837
47.594
47.6043
47.6145
47.6246
47.6347
47.6446
47.6544
47.6641
47.6737
47.6832
47.6926
47.702
47.7114
47.7208
47.7302
47.7397
47.7492
47.7589
47.7686
47.7785
47.7885
47.7987
47.809
47.8195
47.8301
47.8409
47.8519
47.8631
47.8744
47.8859
47.8976
47.9094
47.9214
47.9335
47.9458
47.9581
47.9706
47.9831
47.9957
48.0084
48.021
48.0336
48.0463
48.0589
48.0716
48.0842
48.0969
48.1096
48.1224
48.1352
48.1481
48.1611
48.1742
48.1874
48.2007
48.2141
48.2275
48.241
48.2547
48.2684
48.2822
48.2961
48.3102
48.3243
48.3385
48.3528
48.3672
48.3816
48.3961
48.4105
48.4249
48.4393
48.4536
48.4679
48.4822
48.4964
48.5107
48.525
48.5394
48.5538
48.5683
48.5829
48.5976
48.6123
48.627
48.6419
48.6568
48.6717
48.6867
48.7016
48.7166
48.7316
48.7465
48.7614
48.7762
48.7908
48.8054
48.8198
48.834
48.848
48.8618
48.8754
48.8886
48.9016
48.9143
48.9268
48.9389
48.9508
48.9624
48.9736
48.9846
48.9953
49.0056
49.0157
49.0255
49.0351
49.0445
49.0537
49.0627
49.0717
49.0806
49.0893
49.0981
49.1067
49.1153
49.1238
49.1322
49.1405
49.1488
49.157
49.1652
49.1734
49.1816
49.1898
49.198
49.2064
49.2148
49.2233
49.2319
49.2407
49.2495
49.2584
49.2674
49.2765
49.2856
49.2947
49.3039
49.3129
49.322
49.331
49.3398
49.3486
49.3572
49.3657
49.3741
49.3823
49.3903
49.3982
49.4059
49.4134
49.4208
49.428
49.4351
49.442
49.4488
49.4554
49.4619
49.4683
49.4745
49.4805
49.4864
49.4922
49.4978
49.5034
49.5089
49.5144
49.5199
49.5255
49.5313
49.5373
49.5434
49.5498
49.5564
49.5633
49.5703
49.5776
49.5852
49.5929
49.6008
49.6089
49.6171
49.6255
49.6339
49.6424
49.651
49.6597
49.6683
49.677
49.6857
49.6943
49.703
49.7116
49.7201
49.7286
49.737
49.7453
49.7535
49.7616
49.7696
49.7776
49.7854
49.7932
49.8009
49.8086
49.8162
49.8239
49.8317
49.8395
49.8473
49.8553
49.8635
49.8718
49.8802
49.8889
49.8977
49.9068
49.9161
49.9257
49.9355
49.9455
49.9558
49.9663
49.9771
49.9881
49.9993
50.0108
50.0225
50.0344
50.0464
50.0587
50.0711
50.0837
50.0966
50.1096
50.1229
50.1364
50.1502
50.1642
50.1785
50.193
50.2078
50.2228
50.238
50.2534
50.2689
50.2847
50.3006
50.3166
50.3328
50.3491
50.3655
50.382
50.3985
50.4152
50.432
50.4488
50.4658
50.4828
50.5
50.5171
50.5343
50.5516
50.5689
50.5861
50.6033
50.6205
