0.000105
0.00042
0.000945
0.00168
0.002625
0.00378
0.005145
0.00671999
0.00850499
0.0105
0.012705
0.01512
0.017745
0.0205799
0.0236249
0.0268799
0.0303449
0.0340198
0.0379048
0.0419998
0.0463047
0.0508196
0.0555446
0.0604795
0.0656244
0.0709793
0.0765442
0.0823191
0.088304
0.0944988
0.100904
0.107518
0.114343
0.121378
0.128623
0.136078
0.143742
0.151617
0.159702
0.167996
0.176501
0.185216
0.19414
0.203275
0.212619
0.222174
0.231938
0.241913
0.252097
0.262492
0.273096
0.28391
0.294935
0.306169
0.317613
0.329267
0.341131
0.353206
0.36549
0.377984
0.390688
0.403602
0.416725
0.430059
0.443603
0.457357
0.471321
0.485494
0.499878
0.514472
0.529275
0.544289
0.559512
0.574945
0.590589
0.606442
0.622505
0.638779
0.655262
0.671955
0.688858
0.705971
0.723294
0.740827
0.75857
0.776522
0.794685
0.813058
0.83164
0.850433
0.869436
0.888648
0.908071
0.927703
0.947545
0.967598
0.98786
1.00833
1.02901
1.04991
1.07101
1.09232
1.11384
1.13557
1.15752
1.17967
1.20203
1.2246
1.24738
1.27037
1.29358
1.31699
1.34061
1.36444
1.38848
1.41273
1.43719
1.46186
1.48675
1.51184
1.53714
1.56265
1.58837
1.6143
1.64044
1.66679
1.69335
1.72012
1.7471
1.77429
1.80169
1.8293
1.85712
1.88516
1.9134
1.94185
1.97051
1.99938
2.02846
2.05775
2.08725
2.11696
2.14688
2.177
2.20734
2.23789
2.26865
2.29962
2.3308
2.36219
2.39379
2.4256
2.45762
2.48985
2.52229
2.55494
2.5878
2.62086
2.65414
2.68763
2.72133
2.75524
2.78936
2.82369
2.85823
2.89297
2.92793
2.9631
2.99848
3.03407
3.06987
3.10588
3.14209
3.17852
3.21516
3.25201
3.28907
3.32633
3.36381
3.4015
3.4394
3.47751
3.51582
3.55435
3.59309
3.63204
3.67119
3.71056
3.75014
3.78993
3.82992
3.87013
3.91055
3.95118
3.99201
4.03306
4.07432
4.11578
4.15746
4.19935
4.24144
4.28375
4.32627
4.36899
4.41193
4.45508
4.49843
4.542
4.58578
4.62976
4.67396
4.71837
4.76298
4.80781
4.85284
4.89809
4.94355
4.98921
5.03509
5.08117
5.12747
5.17397
5.22069
5.26761
5.31475
5.3621
5.40965
5.45742
5.50539
5.55358
5.60197
5.65058
5.69939
5.74842
5.79765
5.8471
5.89675
5.94662
5.99669
6.04698
6.09747
6.14817
6.19909
6.25021
6.30155
6.35309
6.40485
6.45681
6.50898
6.56137
6.61396
6.66677
6.71978
6.773
6.82644
6.88008
6.93393
6.988
7.04227
7.09676
7.15145
7.20635
7.26147
7.31679
7.37232
7.42807
7.48402
7.54018
7.59656
7.65314
7.70993
7.76693
7.82415
7.88157
7.9392
7.99705
8.0551
8.11336
8.17183
8.23052
8.28941
8.34851
8.40782
8.46735
8.52708
8.58702
8.64717
8.70753
8.76811
8.82889
8.88988
8.95108
9.01249
9.07412
9.13595
9.19799
9.26024
9.3227
9.38537
9.44826
9.51135
9.57465
9.63816
9.70188
9.76581
9.82995
9.89431
9.95887
10.0236
10.0886
10.1538
10.2192
10.2848
10.3506
10.4167
10.4829
10.5494
10.616
10.6829
10.75
10.8173
10.8848
10.9525
11.0204
11.0885
11.1569
11.2254
11.2942
11.3631
11.4323
11.5017
11.5713
11.6411
11.7111
11.7814
11.8518
11.9225
11.9933
12.0644
12.1357
12.2072
12.2789
12.3508
12.4229
12.4952
12.5678
12.6405
12.7135
12.7866
12.86
12.9336
13.0074
13.0814
13.1556
13.23
13.3047
13.3795
13.4546
13.5299
13.6053
13.681
13.7569
13.833
13.9093
13.9859
14.0626
14.1396
14.2167
14.2941
14.3717
14.4495
14.5274
14.6057
14.6841
14.7627
14.8415
14.9206
14.9998
15.0793
15.159
15.2389
15.319
15.3993
15.4798
15.5605
15.6415
15.7226
15.804
15.8855
15.9673
16.0493
16.1315
16.2139
16.2965
16.3793
16.4624
16.5456
16.6291
16.7127
16.7966
16.8807
16.965
17.0495
17.1342
17.2191
17.3043
17.3896
17.4752
17.5609
17.6469
17.7331
17.8195
17.9061
17.9929
18.0799
18.1672
18.2546
18.3423
18.4301
18.5182
18.6065
18.695
18.7837
18.8726
18.9617
19.0511
19.1406
19.2304
19.3203
19.4105
19.5009
19.5915
19.6823
19.7733
19.8645
19.956
20.0476
20.1395
20.2315
20.3238
20.4163
20.509
20.6019
20.695
20.7883
20.8819
20.9756
21.0696
21.1637
21.2581
21.3527
21.4475
21.5425
21.6377
21.7331
21.8288
21.9246
22.0207
22.1169
22.2134
22.3101
22.407
22.5041
22.6014
22.6989
22.7966
22.8946
22.9927
23.0911
23.1897
23.2885
23.3874
23.4866
23.5861
23.6857
23.7855
23.8856
23.9858
24.0863
24.187
24.2878
24.3889
24.4902
24.5917
24.6935
24.7954
24.8975
24.9999
25.1025
25.2052
25.3082
25.4114
25.5148
25.6184
25.7222
25.8263
25.9305
26.035
26.1396
26.2445
26.3496
26.4549
26.5604
26.6661
26.772
26.8781
26.9845
27.091
27.1978
27.3048
27.4119
27.5193
27.6269
27.7348
27.8428
27.951
28.0594
28.1681
28.277
28.386
28.4953
28.6048
28.7145
28.8244
28.9345
29.0449
29.1554
29.2662
29.3771
29.4883
29.5997
29.7113
29.8231
29.9351
30.0473
30.1597
30.2724
30.3852
30.4983
30.6115
30.725
30.8387
30.9526
31.0667
31.181
31.2956
31.4103
31.5252
31.6404
31.7558
31.8714
31.9871
32.1031
32.2194
32.3358
32.4524
32.5692
32.6863
32.8035
32.921
33.0387
33.1566
33.2747
33.393
33.5115
33.6302
33.7492
33.8683
33.9877
34.1072
34.227
34.347
34.4672
34.5876
34.7082
34.8291
34.9501
35.0713
35.1928
35.3145
35.4363
35.5584
35.6807
35.8032
35.9259
36.0489
36.172
36.2954
36.4189
36.5427
36.6667
36.7908
36.9152
37.0398
37.1647
37.2897
37.4149
37.5404
37.666
37.7919
37.918
38.0442
38.1707
38.2974
38.4244
38.5515
38.6788
38.8064
38.9341
39.0621
39.1903
39.3186
39.4472
39.5761
39.7051
39.8343
39.9637
40.0934
40.2232
40.3533
40.4836
40.614
40.7447
40.8756
41.0068
41.1381
41.2696
41.4014
41.5333
41.6655
41.7979
41.9304
42.0632
42.1962
42.3295
42.4629
42.5965
42.7304
42.8644
42.9987
43.1331
43.2678
43.4027
43.5378
43.6731
43.8087
43.9444
44.0803
44.2165
44.3529
44.4894
44.6262
44.7632
44.9004
45.0378
45.1754
45.3133
45.4513
45.5896
45.728
45.8667
46.0056
46.1447
46.284
46.4235
46.5632
46.7032
46.8433
46.9837
47.1242
47.265
47.406
47.5472
47.6886
47.8302
47.972
48.114
48.2563
48.3987
48.5414
48.6843
48.8273
48.9706
49.1141
49.2578
49.4018
49.5459
49.6902
49.8348
49.9796
50.1245
50.2697
50.4151
50.5607
50.7065
50.8525
50.9988
51.1452
51.2919
51.4387
51.5858
51.7331
51.8806
52.0283
52.1762
52.3243
52.4726
52.6212
52.7699
52.9189
53.068
53.2174
53.367
53.5168
53.6668
53.817
53.9675
54.1181
54.269
54.42
54.5713
54.7228
54.8745
55.0264
55.1785
55.3308
55.4833
55.6361
55.789
55.9422
56.0955
56.2491
56.4029
56.5569
56.7111
56.8655
57.0202
57.175
57.3301
57.4853
57.6408
57.7965
57.9524
58.1085
58.2648
58.4213
58.578
58.7349
58.8921
59.0495
59.207
59.3648
59.5228
59.681
59.8394
59.998
60.1568
60.3159
60.4751
60.6346
60.7943
60.9541
61.1142
61.2745
61.435
61.5957
61.7567
61.9178
62.0792
62.2407
62.4025
62.5645
62.7266
62.889
63.0517
63.2145
63.3775
63.5407
63.7042
63.8678
64.0317
64.1958
64.3601
64.5246
64.6893
64.8542
65.0193
65.1847
65.3502
65.516
65.6819
65.8481
66.0145
66.1811
66.3479
66.5149
66.6821
66.8496
67.0172
67.1851
67.3531
67.5214
67.6899
67.8586
68.0275
68.1966
68.366
68.5355
68.7052
68.8752
69.0454
69.2157
69.3863
69.5571
69.7281
69.8993
70.0708
70.2424
70.4143
70.5863
70.7586
70.931
71.1037
71.2766
71.4497
71.6231
71.7966
71.9703
72.1443
72.3184
72.4928
72.6674
72.8421
73.0171
73.1923
73.3678
73.5434
73.7192
73.8953
74.0715
74.248
74.4247
74.6015
74.7786
74.9559
75.1335
75.3112
75.4891
75.6673
75.8456
76.0242
76.203
76.3819
76.5611
76.7405
76.9202
77.1
77.28
77.4603
77.6407
77.8214
78.0023
78.1833
78.3646
78.5461
78.7279
78.9098
79.0919
79.2743
79.4568
79.6396
79.8225
80.0057
80.1891
80.3727
80.5565
80.7406
80.9248
81.1092
81.2939
81.4788
81.6638
81.8491
82.0346
82.2203
82.4062
82.5924
82.7787
82.9652
83.152
83.3389
83.5261
83.7135
83.9011
84.0889
84.2769
84.4651
84.6536
84.8422
85.0311
85.2201
85.4094
85.5989
85.7886
85.9785
86.1686
86.3589
86.5494
86.7402
86.9311
87.1223
87.3137
87.5053
87.6971
87.8891
88.0813
88.2737
88.4663
88.6592
88.8522
89.0455
89.2389
89.4326
89.6265
89.8206
90.0149
90.2095
90.4042
90.5991
90.7943
90.9896
91.1852
91.381
91.577
91.7732
91.9696
92.1662
92.3631
92.5601
92.7573
92.9548
93.1525
93.3504
93.5485
93.7468
93.9453
94.144
94.3429
94.5421
94.7414
94.941
95.1407
95.3407
95.5409
95.7413
95.9419
96.1427
96.3438
96.545
96.7465
96.9481
97.15
97.3521
97.5544
97.7569
97.9596
98.1625
98.3656
98.569
98.7725
98.9763
99.1802
99.3844
99.5888
99.7934
99.9982
100.203
100.408
100.614
100.82
101.025
101.231
101.438
101.644
101.851
102.058
102.265
102.472
102.68
102.888
103.096
103.304
103.512
103.721
103.929
104.139
104.348
104.557
104.767
104.977
105.187
105.397
105.607
105.818
106.029
106.24
106.451
106.663
106.875
107.087
107.299
107.511
107.724
107.937
108.15
108.363
108.576
108.79
109.004
109.218
109.432
109.646
109.861
110.076
110.291
110.506
110.722
110.938
111.154
111.37
111.586
111.803
112.019
112.236
112.454
112.671
112.889
113.106
113.324
113.543
113.761
113.98
114.199
114.418
114.637
114.857
115.076
115.296
115.516
115.737
115.957
116.178
116.399
116.62
116.842
117.063
117.285
117.507
117.729
117.952
118.174
118.397
118.62
118.844
119.067
119.291
119.515
119.739
119.963
120.188
120.412
120.637
120.863
121.088
121.314
121.539
121.765
121.992
122.218
122.445
122.671
122.899
123.126
123.353
123.581
123.809
124.037
124.265
124.494
124.723
124.952
125.181
125.41
125.64
125.869
126.099
126.33
126.56
126.791
127.022
127.253
127.484
127.715
127.947
128.179
128.411
128.643
128.876
129.109
129.342
129.575
129.808
130.042
130.275
130.509
130.744
130.978
131.213
131.447
131.682
131.918
132.153
132.389
132.625
132.861
133.097
133.334
133.57
133.807
134.044
134.282
134.519
134.757
134.995
135.233
135.472
135.71
135.949
136.188
136.427
136.667
136.906
137.146
137.386
137.627
137.867
138.108
138.349
138.59
138.831
139.073
139.315
139.557
139.799
140.041
140.284
140.527
140.77
141.013
141.256
141.5
141.744
141.988
142.232
142.477
142.721
142.966
143.211
143.457
143.702
143.948
144.194
144.44
144.686
144.933
145.18
145.427
145.674
145.922
146.169
146.417
146.665
146.913
147.162
147.411
147.659
147.909
148.158
148.407
148.657
148.907
149.157
149.408
149.658
149.909
150.16
150.411
150.663
150.914
151.166
151.418
151.67
151.923
152.175
152.428
152.681
152.935
153.188
153.442
153.696
153.95
154.204
154.459
154.714
154.969
155.224
155.479
155.735
155.991
156.247
156.503
156.76
157.016
157.273
157.53
157.788
158.045
158.303
158.561
158.819
159.077
159.336
159.594
159.853
160.113
160.372
160.632
160.891
161.151
161.412
161.672
161.933
162.194
162.455
162.716
162.978
163.239
163.501
163.763
164.026
164.288
164.551
164.814
165.077
165.34
165.604
165.868
166.132
166.396
166.661
166.925
167.19
167.455
167.72
167.986
168.252
168.518
168.784
169.05
169.316
169.583
169.85
170.117
170.385
170.652
170.92
171.188
171.456
171.725
171.993
172.262
172.531
172.801
173.07
173.34
173.61
173.88
174.15
174.421
174.691
174.962
175.233
175.505
175.776
176.048
176.32
176.592
176.865
177.137
177.41
177.683
177.957
178.23
178.504
178.778
179.052
179.326
179.6
179.875
180.15
180.425
180.701
180.976
181.252
181.528
181.804
182.081
182.357
182.634
182.911
183.188
183.466
183.743
184.021
184.299
184.578
184.856
185.135
185.414
185.693
185.972
186.252
186.532
186.811
187.092
187.372
187.653
187.933
188.214
188.496
188.777
189.059
189.341
189.623
189.905
190.188
190.47
190.753
191.036
191.32
191.603
191.887
192.171
192.455
192.739
193.024
193.309
193.594
193.879
194.164
194.45
194.736
195.022
195.308
195.595
195.881
196.168
196.455
196.743
197.03
197.318
197.606
197.894
198.183
198.471
198.76
199.049
199.338
199.628
199.917
200.207
200.497
200.787
201.078
201.368
201.659
201.95
202.242
202.533
202.825
203.117
203.409
203.701
203.994
204.287
204.58
204.873
205.166
205.46
205.754
206.048
206.342
206.637
206.931
207.226
207.521
207.817
208.112
208.408
208.704
209
209.296
209.593
209.89
210.187
210.484
210.781
211.079
211.377
211.675
211.973
212.271
212.57
212.869
213.168
213.467
213.767
214.066
214.366
214.666
214.967
215.267
215.568
215.869
216.17
216.472
216.773
217.075
217.377
217.679
217.982
218.284
218.587
218.89
219.194
219.497
219.801
220.105
220.409
220.713
221.018
221.322
221.627
221.932
222.238
222.543
222.849
223.155
223.461
223.768
224.075
224.381
224.688
224.996
225.303
225.611
225.919
226.227
226.535
226.844
227.152
227.461
227.771
228.08
228.389
228.699
229.009
229.319
229.63
229.941
230.251
230.562
230.874
231.185
231.497
231.809
232.121
232.433
232.746
233.058
233.371
233.684
233.998
234.311
234.625
234.939
235.253
235.568
235.882
236.197
236.512
236.827
237.143
237.459
237.774
238.09
238.407
238.723
239.04
239.357
239.674
239.991
240.309
240.627
240.945
241.263
241.581
241.9
242.219
242.538
242.857
243.176
243.496
243.816
244.136
244.456
244.777
245.097
245.418
245.739
246.061
246.382
246.704
247.026
247.348
247.671
247.993
248.316
248.639
248.962
249.286
249.609
249.933
250.257
250.582
250.906
251.231
251.556
251.881
252.206
252.532
252.857
253.183
253.509
253.836
254.162
254.489
254.816
255.143
255.471
255.798
256.126
256.454
256.783
257.111
257.44
257.769
258.098
258.427
258.757
259.086
259.416
259.746
260.077
260.407
260.738
261.069
261.4
261.732
262.063
262.395
262.727
263.059
263.392
263.725
264.057
264.391
264.724
265.057
265.391
265.725
266.059
266.394
266.728
267.063
267.398
267.733
268.068
268.404
268.74
269.076
269.412
269.749
270.085
270.422
270.759
271.096
271.434
271.772
272.11
272.448
272.786
273.125
273.463
273.802
274.142
274.481
274.82
275.16
275.5
275.841
276.181
276.522
276.863
277.204
277.545
277.886
278.228
278.57
278.912
279.254
279.597
279.94
280.283
280.626
280.969
281.313
281.657
282.001
282.345
282.689
283.034
283.379
283.724
284.069
284.415
284.76
285.106
285.452
285.799
286.145
286.492
286.839
287.186
287.533
287.881
288.229
288.577
288.925
289.273
289.622
289.971
290.32
290.669
291.019
291.368
291.718
292.068
292.419
292.769
293.12
293.471
293.822
294.173
294.525
294.877
295.229
295.581
295.933
296.286
296.639
296.992
297.345
297.698
298.052
298.406
298.76
299.114
299.469
299.824
300.178
300.534
300.889
301.244
301.6
301.956
302.312
302.669
303.025
303.382
303.739
304.096
304.454
304.812
305.169
305.527
305.886
306.244
306.603
306.962
307.321
307.68
308.04
308.4
308.76
309.12
309.48
309.841
310.202
310.563
310.924
311.285
311.647
312.009
312.371
312.733
313.096
313.458
313.821
314.184
314.548
314.911
315.275
315.639
316.003
316.367
316.732
317.097
317.462
317.827
318.192
318.558
318.924
319.29
319.656
320.023
320.389
320.756
321.123
321.491
321.858
322.226
322.594
322.962
323.33
323.699
324.068
324.437
324.806
325.175
325.545
325.915
326.285
326.655
327.025
327.396
327.767
328.138
328.509
328.881
329.253
329.624
329.997
330.369
330.742
331.114
331.487
331.86
332.234
332.607
332.981
333.355
333.73
334.104
334.479
334.854
335.229
335.604
335.979
336.355
336.731
337.107
337.483
337.86
338.237
338.614
338.991
339.368
339.746
340.124
340.502
340.88
341.258
341.637
342.016
342.395
342.774
343.154
343.533
343.913
344.294
344.674
345.054
345.435
345.816
346.197
346.579
346.96
347.342
347.724
348.106
348.489
348.871
349.254
349.637
350.02
350.404
350.788
351.172
351.556
351.94
352.324
352.709
353.094
353.479
353.865
354.25
354.636
355.022
355.408
355.795
356.181
356.568
356.955
357.342
357.73
358.118
358.505
358.894
359.282
359.67
360.059
360.448
360.837
361.227
361.616
362.006
362.396
362.786
363.176
363.567
363.958
364.349
364.74
365.132
365.523
365.915
366.307
366.7
367.092
367.485
367.878
368.271
368.664
369.058
369.452
369.845
370.24
370.634
371.029
371.423
371.818
372.214
372.609
373.005
373.401
373.797
374.193
374.59
374.986
375.383
375.78
376.178
376.575
376.973
377.371
377.769
378.167
378.566
378.965
379.364
379.763
380.162
380.562
380.962
381.362
381.762
382.163
382.563
382.964
383.366
383.767
384.168
384.57
384.972
385.374
385.777
386.179
386.582
386.985
387.388
387.792
388.195
388.599
389.003
389.407
389.812
390.217
390.621
391.027
391.432
391.837
392.243
392.649
393.055
393.462
393.868
394.275
394.682
395.089
395.497
395.904
396.312
396.72
397.128
397.537
397.945
398.354
398.763
399.173
399.582
399.992
400.402
400.812
401.222
401.633
402.044
402.455
402.866
403.277
403.689
404.101
404.513
404.925
405.338
405.75
406.163
406.576
406.989
407.403
407.817
408.231
408.645
409.059
409.474
409.888
410.303
410.719
411.134
411.55
411.965
412.381
412.798
413.214
413.631
414.048
414.465
414.882
415.299
415.717
416.135
416.553
416.971
417.39
417.809
418.228
418.647
419.066
419.486
419.906
420.326
420.746
421.166
421.587
422.008
422.429
422.85
423.272
423.693
424.115
424.537
424.96
425.382
425.805
426.228
426.651
427.074
427.498
427.922
428.346
428.77
429.194
429.619
430.044
430.469
430.894
431.32
431.745
432.171
432.597
433.024
433.45
433.877
434.304
434.731
435.158
435.586
436.014
436.442
436.87
437.298
437.727
438.156
438.585
439.014
439.443
439.873
440.303
440.733
441.163
441.594
442.025
442.456
442.887
443.318
443.75
444.181
444.613
445.045
445.478
445.91
446.343
446.776
447.21
447.643
448.077
448.511
448.945
449.379
449.813
450.248
450.683
451.118
451.553
451.989
452.425
452.861
453.297
453.733
454.17
454.607
455.044
455.481
455.918
456.356
456.794
457.232
457.67
458.109
458.547
458.986
459.425
459.865
460.304
460.744
461.184
461.624
462.064
462.505
462.946
463.387
463.828
464.269
464.711
465.153
465.595
466.037
466.48
466.922
467.365
467.808
468.252
468.695
469.139
469.583
470.027
470.471
470.916
471.361
471.806
472.251
472.696
473.142
473.588
474.034
474.48
474.926
475.373
475.82
476.267
476.714
477.162
477.61
478.058
478.506
478.954
479.403
479.851
480.3
480.75
481.199
481.649
482.098
482.548
482.999
483.449
483.9
484.351
484.802
485.253
485.705
486.156
486.608
487.06
487.513
487.965
488.418
488.871
489.324
489.778
490.231
490.685
491.139
491.593
492.048
492.502
492.957
493.412
493.868
494.323
494.779
495.235
495.691
496.147
496.604
497.06
497.517
497.975
498.432
498.89
499.347
499.805
500.264
500.722
501.181
501.639
502.099
502.558
503.017
503.477
503.937
504.397
504.857
505.318
505.779
506.24
506.701
507.162
507.624
508.085
508.547
509.01
509.472
509.935
510.398
510.861
511.324
511.787
512.251
512.715
513.179
513.643
514.108
514.573
515.038
515.503
515.968
516.434
516.899
517.365
517.832
518.298
518.765
519.231
519.698
520.166
520.633
521.101
521.569
522.037
522.505
522.974
523.442
523.911
524.38
524.85
525.319
525.789
526.259
526.729
527.2
527.67
528.141
528.612
529.083
529.555
530.026
530.498
530.97
531.443
531.915
532.388
532.861
533.334
533.807
534.281
534.755
535.229
535.703
536.177
536.652
537.126
537.602
538.077
538.552
539.028
539.504
539.98
540.456
540.932
541.409
541.886
542.363
542.841
543.318
543.796
544.274
544.752
545.23
545.709
546.188
546.667
547.146
547.625
548.105
548.585
549.065
549.545
550.026
550.506
550.987
551.468
551.95
552.431
552.913
553.395
553.877
554.359
554.842
555.325
555.808
556.291
556.774
557.258
557.742
558.226
558.71
559.195
559.679
560.164
560.649
561.134
561.62
562.106
562.592
563.078
563.564
564.051
564.537
565.024
565.512
565.999
566.487
566.975
567.463
567.951
568.439
568.928
569.417
569.906
570.395
570.885
571.374
571.864
572.354
572.845
573.335
573.826
574.317
574.808
575.3
575.791
576.283
576.775
577.267
577.76
578.252
578.745
579.238
579.732
580.225
580.719
581.213
581.707
582.201
582.696
583.191
583.685
584.181
584.676
585.172
585.667
586.163
586.66
587.156
587.653
588.15
588.647
589.144
589.641
590.139
590.637
591.135
591.633
592.132
592.631
593.13
593.629
594.128
594.628
595.128
595.628
596.128
596.628
597.129
597.63
598.131
598.632
599.134
599.635
600.137
600.639
601.142
601.644
602.147
602.65
603.153
603.656
604.16
604.664
605.168
605.672
606.176
606.681
607.186
607.691
608.196
608.701
609.207
609.713
610.219
610.725
611.232
611.739
612.246
612.753
613.26
613.768
614.275
614.783
615.292
615.8
616.309
616.817
617.326
617.836
618.345
618.855
619.365
619.875
620.385
620.896
621.406
621.917
622.428
622.94
623.451
623.963
624.475
624.987
625.499
626.012
626.525
627.038
627.551
628.065
628.578
629.092
629.606
630.12
630.635
631.15
631.664
632.18
632.695
633.21
633.726
634.242
634.758
635.275
635.791
636.308
636.825
637.342
637.86
638.377
638.895
639.413
639.932
640.45
640.969
641.488
642.007
642.526
643.046
643.565
644.085
644.605
645.126
645.646
646.167
646.688
647.209
647.731
648.252
648.774
649.296
649.819
650.341
650.864
651.387
651.91
652.433
652.957
653.48
654.004
654.528
655.053
655.577
656.102
656.627
657.152
657.678
658.203
658.729
659.255
659.781
660.308
660.834
661.361
661.888
662.416
662.943
663.471
663.999
664.527
665.055
665.584
666.113
666.642
667.171
667.7
668.23
668.76
669.29
669.82
670.35
670.881
671.412
671.943
672.474
673.006
673.537
674.069
674.601
675.134
675.666
676.199
676.732
677.265
677.799
678.332
678.866
679.4
679.934
680.469
681.003
681.538
682.073
682.609
683.144
683.68
684.216
684.752
685.288
685.825
686.361
686.898
687.435
687.973
688.51
689.048
689.586
690.124
690.663
691.201
691.74
692.279
692.819
693.358
693.898
694.438
694.978
695.518
696.059
696.599
697.14
697.681
698.223
698.764
699.306
699.848
700.39
700.933
701.475
702.018
702.561
703.104
703.648
704.192
704.735
705.28
705.824
706.368
706.913
707.458
708.003
708.548
709.094
709.64
710.186
710.732
711.278
711.825
712.372
712.919
713.466
714.014
714.561
715.109
715.657
716.205
716.754
717.303
717.852
718.401
718.95
719.5
720.049
720.599
721.149
721.7
722.25
722.801
723.352
723.903
724.455
725.007
725.558
726.111
726.663
727.215
727.768
728.321
728.874
729.427
729.981
730.535
731.089
731.643
732.197
732.752
733.307
733.862
734.417
734.972
735.528
736.084
736.64
737.196
737.752
738.309
738.866
739.423
739.98
740.538
741.096
741.654
742.212
742.77
743.329
743.888
744.447
745.006
745.565
746.125
746.685
747.245
747.805
748.365
748.926
749.487
750.048
750.609
751.171
751.733
752.295
752.857
753.419
753.982
754.544
755.107
755.671
756.234
756.798
757.361
757.925
758.49
759.054
759.619
760.184
760.749
761.314
761.88
762.445
763.011
763.577
764.144
764.71
765.277
765.844
766.411
766.979
767.546
768.114
768.682
769.25
769.819
770.387
770.956
771.525
772.095
772.664
773.234
773.804
774.374
774.944
775.515
776.085
776.656
777.228
777.799
778.371
778.942
779.514
780.087
780.659
781.232
781.804
782.378
782.951
783.524
784.098
784.672
785.246
785.82
786.395
786.97
787.545
788.12
788.695
789.271
789.846
790.422
790.999
791.575
792.152
792.729
793.306
793.883
794.46
795.038
795.616
796.194
796.772
797.351
797.93
798.508
799.088
799.667
800.247
800.826
801.406
801.986
802.567
803.147
803.728
804.309
804.891
805.472
806.054
806.636
807.218
807.8
808.382
808.965
809.548
810.131
810.715
811.298
811.882
812.466
813.05
813.634
814.219
814.804
815.389
815.974
816.56
817.145
817.731
818.317
818.903
819.49
820.077
820.664
821.251
821.838
822.426
823.013
823.601
824.189
824.778
825.366
825.955
826.544
827.133
827.723
828.313
828.902
829.492
830.083
830.673
831.264
831.855
832.446
833.037
833.629
834.22
834.812
835.405
835.997
836.59
837.182
837.775
838.369
838.962
839.556
840.149
840.743
841.338
841.932
842.527
843.122
843.717
844.312
844.908
845.503
846.099
846.695
847.292
847.888
848.485
849.082
849.679
850.277
850.874
851.472
852.07
852.669
853.267
853.866
854.465
855.064
855.663
856.262
856.862
857.462
858.062
858.663
859.263
859.864
860.465
861.066
861.667
862.269
862.871
863.473
864.075
864.678
865.28
865.883
866.486
867.089
867.693
868.297
868.901
869.505
870.109
870.714
871.318
871.923
872.528
873.134
873.739
874.345
874.951
875.557
876.164
876.771
877.377
877.984
878.592
879.199
879.807
880.415
881.023
881.631
882.24
882.849
883.458
884.067
884.676
885.286
885.895
886.506
887.116
887.726
888.337
888.948
889.559
890.17
890.781
891.393
892.005
892.617
893.229
893.842
894.455
895.068
895.681
896.294
896.908
897.522
898.136
898.75
899.364
899.979
900.594
901.209
901.824
902.439
903.055
903.671
904.287
904.903
905.52
906.137
906.754
907.371
907.988
908.606
909.223
909.841
910.46
911.078
911.697
912.316
912.935
913.554
914.173
914.793
915.413
916.033
916.653
917.274
917.894
918.515
919.137
919.758
920.379
921.001
921.623
922.245
922.868
923.49
924.113
924.736
925.36
925.983
926.607
927.231
927.855
928.479
929.103
929.728
930.353
930.978
931.603
932.229
932.855
933.481
934.107
934.733
935.36
935.987
936.614
937.241
937.868
938.496
939.124
939.752
940.38
941.009
941.638
942.266
942.896
943.525
944.154
944.784
945.414
946.044
946.675
947.305
947.936
948.567
949.198
949.83
950.461
951.093
951.725
952.358
952.99
953.623
954.256
954.889
955.522
956.156
956.789
957.423
958.057
958.692
959.326
959.961
960.596
961.231
961.867
962.502
963.138
963.774
964.411
965.047
965.684
966.321
966.958
967.595
968.232
968.87
969.508
970.146
970.785
971.423
972.062
972.701
973.34
973.98
974.619
975.259
975.899
976.539
977.18
977.82
978.461
979.102
979.744
980.385
981.027
981.669
982.311
982.953
983.596
984.239
984.882
985.525
986.168
986.812
987.456
988.1
988.744
989.388
990.033
990.678
991.323
991.968
992.614
993.259
993.905
994.551
995.198
995.844
996.491
997.138
997.785
998.432
999.08
999.728
1000.38
1001.02
1001.67
1002.32
1002.97
1003.62
1004.27
1004.92
1005.57
1006.22
1006.87
1007.52
1008.17
1008.82
1009.47
1010.12
1010.77
1011.42
1012.08
1012.73
1013.38
1014.03
1014.69
1015.34
1015.99
1016.64
1017.3
1017.95
1018.61
1019.26
1019.91
1020.57
1021.22
1021.88
1022.53
1023.19
1023.84
1024.5
1025.16
1025.81
1026.47
1027.12
1027.78
1028.44
1029.1
1029.75
1030.41
1031.07
1031.73
1032.39
1033.04
1033.7
1034.36
1035.02
1035.68
1036.34
1037
1037.66
1038.32
1038.98
1039.64
1040.3
1040.96
1041.62
1042.29
1042.95
1043.61
1044.27
1044.93
1045.6
1046.26
1046.92
1047.58
1048.25
1048.91
1049.57
1050.24
1050.9
1051.57
1052.23
1052.9
1053.56
1054.23
1054.89
1055.56
1056.22
1056.89
1057.56
1058.22
1058.89
1059.56
1060.22
1060.89
1061.56
1062.23
1062.89
1063.56
1064.23
1064.9
1065.57
1066.24
1066.91
1067.58
1068.25
1068.92
1069.59
1070.26
1070.93
1071.6
1072.27
1072.94
1073.61
1074.28
1074.95
1075.63
1076.3
1076.97
1077.64
1078.32
1078.99
1079.66
1080.33
1081.01
1081.68
1082.36
1083.03
1083.71
1084.38
1085.05
1085.73
1086.4
1087.08
1087.76
1088.43
1089.11
1089.78
1090.46
1091.14
1091.82
1092.49
1093.17
1093.85
1094.53
1095.2
1095.88
1096.56
1097.24
1097.92
1098.6
1099.28
1099.96
1100.63
1101.31
1102
1102.68
1103.36
1104.04
1104.72
1105.4
1106.08
1106.76
1107.44
1108.13
1108.81
1109.49
1110.17
1110.86
1111.54
1112.22
1112.91
1113.59
1114.27
1114.96
1115.64
1116.33
1117.01
1117.7
1118.38
1119.07
1119.75
1120.44
1121.12
1121.81
1122.5
1123.18
1123.87
1124.56
1125.24
1125.93
1126.62
1127.31
1128
1128.68
1129.37
1130.06
1130.75
1131.44
1132.13
1132.82
1133.51
1134.2
1134.89
1135.58
1136.27
1136.96
1137.65
1138.34
1139.03
1139.73
1140.42
1141.11
1141.8
1142.49
1143.19
1143.88
1144.57
1145.27
1145.96
1146.65
1147.35
1148.04
1148.74
1149.43
1150.13
1150.82
1151.52
1152.21
1152.91
1153.6
1154.3
1155
1155.69
1156.39
1157.09
1157.78
1158.48
1159.18
1159.88
1160.57
1161.27
1161.97
1162.67
1163.37
1164.07
1164.77
1165.47
1166.17
1166.87
1167.57
1168.27
1168.97
1169.67
1170.37
1171.07
1171.77
1172.47
1173.17
1173.88
1174.58
1175.28
1175.98
1176.69
1177.39
1178.09
1178.8
1179.5
1180.2
1180.91
1181.61
1182.32
1183.02
1183.73
1184.43
1185.14
1185.84
1186.55
1187.25
1187.96
1188.67
1189.37
1190.08
1190.79
1191.49
1192.2
1192.91
1193.62
1194.32
1195.03
1195.74
1196.45
1197.16
1197.87
1198.58
1199.29
1200
1200.71
1201.42
1202.13
1202.84
1203.55
1204.26
1204.97
1205.68
1206.39
1207.11
1207.82
1208.53
1209.24
1209.96
1210.67
1211.38
1212.09
1212.81
1213.52
1214.24
1214.95
1215.66
1216.38
1217.09
1217.81
1218.52
1219.24
1219.95
1220.67
1221.39
1222.1
1222.82
1223.54
1224.25
1224.97
1225.69
1226.4
1227.12
1227.84
1228.56
1229.28
1230
1230.71
1231.43
1232.15
1232.87
1233.59
1234.31
1235.03
1235.75
1236.47
1237.19
1237.91
1238.63
1239.36
1240.08
1240.8
1241.52
1242.24
1242.97
1243.69
1244.41
1245.13
1245.86
1246.58
1247.3
1248.03
1248.75
1249.48
1250.2
1250.92
1251.65
1252.37
1253.1
1253.83
1254.55
1255.28
1256
1256.73
1257.46
1258.18
1258.91
1259.64
1260.36
1261.09
1261.82
1262.55
1263.28
1264
1264.73
1265.46
1266.19
1266.92
1267.65
1268.38
1269.11
1269.84
1270.57
1271.3
1272.03
1272.76
1273.49
1274.22
1274.96
1275.69
1276.42
1277.15
1277.88
1278.62
1279.35
1280.08
1280.82
1281.55
1282.28
1283.02
1283.75
1284.49
1285.22
1285.95
1286.69
1287.42
1288.16
1288.9
1289.63
1290.37
1291.1
1291.84
1292.58
1293.31
1294.05
1294.79
1295.52
1296.26
1297
1297.74
1298.48
1299.22
1299.95
1300.69
1301.43
1302.17
1302.91
1303.65
1304.39
1305.13
1305.87
1306.61
1307.35
1308.09
1308.83
1309.58
1310.32
1311.06
1311.8
1312.54
1313.29
1314.03
1314.77
1315.52
1316.26
1317
1317.75
1318.49
1319.23
1319.98
1320.72
1321.47
1322.21
1322.96
1323.7
1324.45
1325.19
1325.94
1326.69
1327.43
1328.18
1328.93
1329.67
1330.42
1331.17
1331.92
1332.66
1333.41
1334.16
1334.91
1335.66
1336.41
1337.16
1337.91
1338.66
1339.41
1340.16
1340.91
1341.66
1342.41
1343.16
1343.91
1344.66
1345.41
1346.16
1346.92
1347.67
1348.42
1349.17
1349.93
1350.68
1351.43
1352.19
1352.94
1353.69
1354.45
1355.2
1355.96
1356.71
1357.47
1358.22
1358.98
1359.73
1360.49
1361.24
1362
1362.76
1363.51
1364.27
1365.03
1365.78
1366.54
1367.3
1368.06
1368.81
1369.57
1370.33
1371.09
1371.85
1372.61
1373.37
1374.13
1374.89
1375.65
1376.41
1377.17
1377.93
1378.69
1379.45
1380.21
1380.97
1381.73
1382.49
1383.26
1384.02
1384.78
1385.54
1386.31
1387.07
1387.83
1388.6
1389.36
1390.12
1390.89
1391.65
1392.42
1393.18
1393.95
1394.71
1395.48
1396.24
1397.01
1397.77
1398.54
1399.31
1400.07
1400.84
1401.61
1402.37
1403.14
1403.91
1404.68
1405.45
1406.21
1406.98
1407.75
1408.52
1409.29
1410.06
1410.83
1411.6
1412.37
1413.14
1413.91
1414.68
1415.45
1416.22
1416.99
1417.76
1418.54
1419.31
1420.08
1420.85
1421.62
1422.4
1423.17
1423.94
1424.72
1425.49
1426.26
1427.04
1427.81
1428.59
1429.36
1430.14
1430.91
1431.69
1432.46
1433.24
1434.01
1434.79
1435.57
1436.34
1437.12
1437.9
1438.67
1439.45
1440.23
1441
1441.78
1442.56
1443.34
1444.12
1444.9
1445.68
1446.46
1447.23
1448.01
1448.79
1449.57
1450.35
1451.13
1451.92
1452.7
1453.48
1454.26
1455.04
1455.82
1456.6
1457.39
1458.17
1458.95
1459.73
1460.52
1461.3
1462.08
1462.87
1463.65
1464.44
1465.22
1466
1466.79
1467.57
1468.36
1469.14
1469.93
1470.72
1471.5
1472.29
1473.07
1473.86
1474.65
1475.43
1476.22
1477.01
1477.8
1478.58
1479.37
1480.16
1480.95
1481.74
1482.53
1483.32
1484.11
1484.89
1485.68
1486.47
1487.26
1488.05
1488.85
1489.64
1490.43
1491.22
1492.01
1492.8
1493.59
1494.39
1495.18
1495.97
1496.76
1497.56
1498.35
1499.14
1499.94
1500.73
1501.52
1502.32
1503.11
1503.91
1504.7
1505.5
1506.29
1507.09
1507.88
1508.68
1509.47
1510.27
1511.07
1511.86
1512.66
1513.46
1514.25
1515.05
1515.85
1516.65
1517.45
1518.24
1519.04
1519.84
1520.64
1521.44
1522.24
1523.04
1523.84
1524.64
1525.44
1526.24
1527.04
1527.84
1528.64
1529.44
1530.24
1531.05
1531.85
1532.65
1533.45
1534.25
1535.06
1535.86
1536.66
1537.47
1538.27
1539.07
1539.88
1540.68
1541.49
1542.29
1543.1
1543.9
1544.71
1545.51
1546.32
1547.12
1547.93
1548.74
1549.54
1550.35
1551.16
1551.96
1552.77
1553.58
1554.39
1555.19
1556
1556.81
1557.62
1558.43
1559.24
1560.05
1560.86
1561.67
1562.48
1563.29
1564.1
1564.91
1565.72
1566.53
1567.34
1568.15
1568.96
1569.77
1570.59
1571.4
1572.21
1573.02
1573.84
1574.65
1575.46
1576.28
1577.09
1577.9
1578.72
1579.53
1580.35
1581.16
1581.98
1582.79
1583.61
1584.42
1585.24
1586.05
1586.87
1587.69
1588.5
1589.32
1590.14
1590.95
1591.77
1592.59
1593.41
1594.23
1595.04
1595.86
1596.68
1597.5
1598.32
1599.14
1599.96
1600.78
1601.6
1602.42
1603.24
1604.06
1604.88
1605.7
1606.52
1607.34
1608.16
1608.99
1609.81
1610.63
1611.45
1612.28
1613.1
1613.92
1614.75
1615.57
1616.39
1617.22
1618.04
1618.86
1619.69
1620.51
1621.34
1622.16
1622.99
1623.82
1624.64
1625.47
1626.29
1627.12
1627.95
1628.77
1629.6
1630.43
1631.26
1632.08
1632.91
1633.74
1634.57
1635.4
1636.23
1637.05
1637.88
1638.71
1639.54
1640.37
1641.2
1642.03
1642.86
1643.69
1644.52
1645.36
1646.19
1647.02
1647.85
1648.68
1649.51
1650.35
1651.18
1652.01
1652.84
1653.68
1654.51
1655.34
1656.18
1657.01
1657.85
1658.68
1659.52
1660.35
1661.19
1662.02
1662.86
1663.69
1664.53
1665.36
1666.2
1667.04
1667.87
1668.71
1669.55
1670.39
1671.22
1672.06
1672.9
1673.74
1674.58
1675.41
1676.25
1677.09
1677.93
1678.77
1679.61
1680.45
1681.29
1682.13
1682.97
1683.81
1684.65
1685.49
1686.34
1687.18
1688.02
1688.86
1689.7
1690.55
1691.39
1692.23
1693.07
1693.92
1694.76
1695.61
1696.45
1697.29
1698.14
1698.98
1699.83
1700.67
1701.52
1702.36
1703.21
1704.05
1704.9
1705.75
1706.59
1707.44
1708.29
1709.13
1709.98
1710.83
1711.68
1712.52
1713.37
1714.22
1715.07
1715.92
1716.77
1717.61
1718.46
1719.31
1720.16
1721.01
1721.86
1722.71
1723.56
1724.42
1725.27
1726.12
1726.97
1727.82
1728.67
1729.52
1730.38
1731.23
1732.08
1732.94
1733.79
1734.64
1735.5
1736.35
1737.2
1738.06
1738.91
1739.77
1740.62
1741.48
1742.33
1743.19
1744.04
1744.9
1745.75
1746.61
1747.47
1748.32
1749.18
1750.04
1750.9
1751.75
1752.61
1753.47
1754.33
1755.19
1756.04
1756.9
1757.76
1758.62
1759.48
1760.34
1761.2
1762.06
1762.92
1763.78
1764.64
1765.5
1766.36
1767.22
1768.09
1768.95
1769.81
1770.67
1771.53
1772.4
1773.26
1774.12
1774.99
1775.85
1776.71
1777.58
1778.44
1779.31
1780.17
1781.03
1781.9
1782.76
1783.63
1784.5
1785.36
1786.23
1787.09
1787.96
1788.83
1789.69
1790.56
1791.43
1792.29
1793.16
1794.03
1794.9
1795.77
1796.63
1797.5
1798.37
1799.24
1800.11
1800.98
1801.85
1802.72
1803.59
1804.46
1805.33
1806.2
1807.07
1807.94
1808.82
1809.69
1810.56
1811.43
1812.3
1813.18
1814.05
1814.92
1815.79
1816.67
1817.54
1818.41
1819.29
1820.16
1821.04
1821.91
1822.79
1823.66
1824.54
1825.41
1826.29
1827.16
1828.04
1828.92
1829.79
1830.67
1831.55
1832.42
1833.3
1834.18
1835.06
1835.93
1836.81
1837.69
1838.57
1839.45
1840.33
1841.21
1842.08
1842.96
1843.84
1844.72
1845.6
1846.48
1847.37
1848.25
1849.13
1850.01
1850.89
1851.77
1852.65
1853.54
1854.42
1855.3
1856.18
1857.07
1857.95
1858.83
1859.72
1860.6
1861.48
1862.37
1863.25
1864.14
1865.02
1865.91
1866.79
1867.68
1868.56
1869.45
1870.34
1871.22
1872.11
1873
1873.88
1874.77
1875.66
1876.54
1877.43
1878.32
1879.21
1880.1
1880.99
1881.87
1882.76
1883.65
1884.54
1885.43
1886.32
1887.21
1888.1
1888.99
1889.88
1890.77
1891.66
1892.56
1893.45
1894.34
1895.23
1896.12
1897.02
1897.91
1898.8
1899.69
1900.59
1901.48
1902.38
1903.27
1904.16
1905.06
1905.95
1906.85
1907.74
1908.64
1909.53
1910.43
1911.32
1912.22
1913.12
1914.01
1914.91
1915.81
1916.7
1917.6
1918.5
1919.39
1920.29
1921.19
1922.09
1922.99
1923.89
1924.78
1925.68
1926.58
1927.48
1928.38
1929.28
1930.18
1931.08
1931.98
1932.88
1933.79
1934.69
1935.59
1936.49
1937.39
1938.29
1939.2
1940.1
1941
1941.9
1942.81
1943.71
1944.61
1945.52
1946.42
1947.33
1948.23
1949.13
1950.04
1950.94
1951.85
1952.76
1953.66
1954.57
1955.47
1956.38
1957.29
1958.19
1959.1
1960.01
1960.91
1961.82
1962.73
1963.64
1964.54
1965.45
1966.36
1967.27
1968.18
1969.09
1970
1970.91
1971.82
1972.73
1973.64
1974.55
1975.46
1976.37
1977.28
1978.19
1979.1
1980.02
1980.93
1981.84
1982.75
1983.66
1984.58
1985.49
1986.4
1987.32
1988.23
1989.14
1990.06
1990.97
1991.89
1992.8
1993.72
1994.63
1995.55
1996.46
1997.38
1998.29
1999.21
2000.13
2001.04
2001.96
2002.88
2003.79
2004.71
2005.63
2006.55
2007.46
2008.38
2009.3
2010.22
2011.14
2012.06
2012.98
2013.9
2014.82
2015.74
2016.66
2017.58
2018.5
2019.42
2020.34
2021.26
2022.18
2023.1
2024.02
2024.95
2025.87
2026.79
2027.71
2028.64
2029.56
2030.48
2031.41
2032.33
2033.25
2034.18
2035.1
2036.03
2036.95
2037.88
2038.8
2039.73
2040.65
2041.58
2042.5
2043.43
2044.36
2045.28
2046.21
2047.14
2048.07
2048.99
2049.92
2050.85
2051.78
2052.7
2053.63
2054.56
2055.49
2056.42
2057.35
2058.28
2059.21
2060.14
2061.07
2062
2062.93
2063.86
2064.79
2065.72
2066.65
2067.59
2068.52
2069.45
2070.38
2071.31
2072.25
2073.18
2074.11
2075.05
2075.98
2076.91
2077.85
2078.78
2079.72
2080.65
2081.59
2082.52
2083.46
2084.39
2085.33
2086.26
2087.2
2088.14
2089.07
2090.01
2090.95
2091.88
2092.82
2093.76
2094.69
2095.63
2096.57
2097.51
2098.45
2099.39
2100.33
2101.26
2102.2
2103.14
2104.08
2105.02
2105.96
2106.9
2107.85
2108.79
2109.73
2110.67
2111.61
2112.55
2113.49
2114.44
2115.38
2116.32
2117.26
2118.21
2119.15
2120.09
2121.04
2121.98
2122.92
2123.87
2124.81
2125.76
2126.7
2127.65
2128.59
2129.54
2130.48
2131.43
2132.38
2133.32
2134.27
2135.22
2136.16
2137.11
2138.06
2139.01
2139.95
2140.9
2141.85
2142.8
2143.75
2144.7
2145.64
2146.59
2147.54
2148.49
2149.44
2150.39
2151.34
2152.29
2153.24
2154.2
2155.15
2156.1
2157.05
2158
2158.95
2159.91
2160.86
2161.81
2162.76
2163.72
2164.67
2165.62
2166.58
2167.53
2168.48
2169.44
2170.39
2171.35
2172.3
2173.26
2174.21
2175.17
2176.12
2177.08
2178.04
2178.99
2179.95
2180.91
2181.86
2182.82
2183.78
2184.74
2185.69
2186.65
2187.61
2188.57
2189.53
2190.49
2191.45
2192.41
2193.36
2194.32
2195.28
2196.24
2197.21
2198.17
2199.13
2200.09
2201.05
2202.01
2202.97
2203.93
2204.9
2205.86
2206.82
2207.78
2208.75
2209.71
2210.67
2211.64
2212.6
2213.56
2214.53
2215.49
2216.46
2217.42
2218.39
2219.35
2220.32
2221.28
2222.25
2223.22
2224.18
2225.15
2226.11
2227.08
2228.05
2229.02
2229.98
2230.95
2231.92
2232.89
2233.86
2234.82
2235.79
2236.76
2237.73
2238.7
2239.67
2240.64
2241.61
2242.58
2243.55
2244.52
2245.49
2246.46
2247.44
2248.41
2249.38
2250.35
2251.32
2252.3
2253.27
2254.24
2255.21
2256.19
2257.16
2258.13
2259.11
2260.08
2261.06
2262.03
2263.01
2263.98
2264.96
2265.93
2266.91
2267.88
2268.86
2269.83
2270.81
2271.79
2272.76
2273.74
2274.72
2275.7
2276.67
2277.65
2278.63
2279.61
2280.59
2281.56
2282.54
2283.52
2284.5
2285.48
2286.46
2287.44
2288.42
2289.4
2290.38
2291.36
2292.34
2293.32
2294.31
2295.29
2296.27
2297.25
2298.23
2299.22
2300.2
2301.18
2302.16
2303.15
2304.13
2305.12
2306.1
2307.08
2308.07
2309.05
2310.04
2311.02
2312.01
2312.99
2313.98
2314.96
2315.95
2316.94
2317.92
2318.91
2319.9
2320.88
2321.87
2322.86
2323.85
2324.83
2325.82
2326.81
2327.8
2328.79
2329.78
2330.77
2331.76
2332.74
2333.73
2334.72
2335.71
2336.71
2337.7
2338.69
2339.68
2340.67
2341.66
2342.65
2343.64
2344.64
2345.63
2346.62
2347.61
2348.61
2349.6
2350.59
2351.59
2352.58
2353.58
2354.57
2355.56
2356.56
2357.55
2358.55
2359.54
2360.54
2361.53
2362.53
2363.53
2364.52
2365.52
2366.52
2367.51
2368.51
2369.51
2370.51
2371.5
2372.5
2373.5
2374.5
2375.5
2376.5
2377.49
2378.49
2379.49
2380.49
2381.49
2382.49
2383.49
2384.49
2385.49
2386.5
2387.5
2388.5
2389.5
2390.5
2391.5
2392.51
2393.51
2394.51
2395.51
2396.52
2397.52
2398.52
2399.53
2400.53
2401.53
2402.54
2403.54
2404.55
2405.55
2406.56
2407.56
2408.57
2409.57
2410.58
2411.59
2412.59
2413.6
2414.61
2415.61
2416.62
2417.63
2418.64
2419.64
2420.65
2421.66
2422.67
2423.68
2424.69
2425.7
2426.7
2427.71
2428.72
2429.73
2430.74
2431.75
2432.77
2433.78
2434.79
2435.8
2436.81
2437.82
2438.83
2439.85
2440.86
2441.87
2442.88
2443.9
2444.91
2445.92
2446.94
2447.95
2448.96
2449.98
2450.99
2452.01
2453.02
2454.04
2455.05
2456.07
2457.08
2458.1
2459.11
2460.13
2461.15
2462.16
2463.18
2464.2
2465.21
2466.23
2467.25
2468.27
2469.29
2470.3
2471.32
2472.34
2473.36
2474.38
2475.4
2476.42
2477.44
2478.46
2479.48
2480.5
2481.52
2482.54
2483.56
2484.58
2485.61
2486.63
2487.65
2488.67
2489.69
2490.72
2491.74
2492.76
2493.78
2494.81
2495.83
2496.86
2497.88
2498.9
2499.93
2500.95
2501.98
2503
2504.03
2505.05
2506.08
2507.11
2508.13
2509.16
2510.18
2511.21
2512.24
2513.26
2514.29
2515.32
2516.35
2517.38
2518.4
2519.43
2520.46
2521.49
2522.52
2523.55
2524.58
2525.61
2526.64
2527.67
2528.7
2529.73
2530.76
2531.79
2532.82
2533.85
2534.88
2535.92
2536.95
2537.98
2539.01
2540.05
2541.08
2542.11
2543.14
2544.18
2545.21
2546.25
2547.28
2548.31
2549.35
2550.38
2551.42
2552.45
2553.49
2554.52
2555.56
2556.6
2557.63
2558.67
2559.7
2560.74
2561.78
2562.82
2563.85
2564.89
2565.93
2566.97
2568.01
2569.04
2570.08
2571.12
2572.16
2573.2
2574.24
2575.28
2576.32
2577.36
2578.4
2579.44
2580.48
2581.52
2582.56
2583.61
2584.65
2585.69
2586.73
2587.77
2588.82
2589.86
2590.9
2591.94
2592.99
2594.03
2595.07
2596.12
2597.16
2598.21
2599.25
2600.3
2601.34
2602.39
2603.43
2604.48
2605.52
2606.57
2607.62
2608.66
2609.71
2610.76
2611.8
2612.85
2613.9
2614.95
2615.99
2617.04
2618.09
2619.14
2620.19
2621.24
2622.29
2623.34
2624.39
