0.000105
0.000419983
0.000944895
0.00167965
0.00262412
0.00377815
0.00514154
0.00671404
0.00849538
0.0104852
0.0126832
0.0150889
0.0177018
0.0205215
0.0235473
0.0267785
0.0302145
0.0338544
0.0376975
0.0417426
0.0459888
0.050435
0.0550798
0.0599219
0.0649599
0.0701922
0.075617
0.0812324
0.0870366
0.0930272
0.0992022
0.105559
0.112095
0.118807
0.125694
0.132751
0.139975
0.147364
0.154915
0.162623
0.170486
0.1785
0.186662
0.194968
0.203416
0.212002
0.220724
0.229578
0.238561
0.247672
0.256907
0.266266
0.275744
0.285342
0.295056
0.304886
0.31483
0.324886
0.335054
0.345333
0.35572
0.366217
0.376821
0.387531
0.398348
0.40927
0.420297
0.431428
0.442661
0.453998
0.465437
0.476977
0.488618
0.500359
0.512199
0.524138
0.536176
0.548311
0.560544
0.572873
0.585299
0.59782
0.610437
0.623151
0.63596
0.648864
0.661866
0.674964
0.688159
0.701452
0.714843
0.728334
0.741924
0.755615
0.769408
0.783303
0.7973
0.811401
0.825605
0.839914
0.854326
0.868842
0.883462
0.898185
0.91301
0.927936
0.942963
0.958089
0.973313
0.988634
1.00405
1.01956
1.03516
1.05085
1.06662
1.08249
1.09844
1.11448
1.1306
1.1468
1.16309
1.17946
1.19591
1.21244
1.22906
1.24575
1.26253
1.2794
1.29634
1.31337
1.33048
1.34768
1.36496
1.38233
1.39978
1.41732
1.43495
1.45266
1.47046
1.48836
1.50634
1.52441
1.54258
1.56084
1.57919
1.59764
1.61619
1.63483
1.65358
1.67242
1.69137
1.71041
1.72956
1.74881
1.76816
1.78762
1.80718
1.82684
1.8466
1.86647
1.88644
1.9065
1.92666
1.94693
1.96728
1.98773
2.00827
2.0289
2.04961
2.07041
2.09128
2.11224
2.13327
2.15437
2.17554
2.19677
2.21807
2.23943
2.26085
2.28232
2.30385
2.32543
2.34707
2.36876
2.3905
2.41229
2.43413
2.45602
2.47796
2.49995
2.522
2.54409
2.56624
2.58844
2.6107
2.63301
2.65538
2.6778
2.70027
2.72281
2.74539
2.76804
2.79074
2.8135
2.83631
2.85918
2.88211
2.90509
2.92812
2.95121
2.97435
2.99755
3.0208
3.0441
3.06744
3.09084
3.11428
3.13777
3.1613
3.18488
3.20849
3.23215
3.25584
3.27956
3.30333
3.32713
3.35096
3.37483
3.39873
3.42267
3.44664
3.47065
3.49471
3.5188
3.54293
3.56711
3.59133
3.6156
3.63992
3.6643
3.68872
3.71321
3.73775
3.76235
3.78701
3.81173
3.83651
3.86136
3.88627
3.91124
3.93628
3.96138
3.98654
4.01177
4.03706
4.06242
4.08784
4.11332
4.13886
4.16447
4.19013
4.21586
4.24165
4.26749
4.2934
4.31936
4.34539
4.37147
4.39762
4.42383
4.4501
4.47644
4.50284
4.52931
4.55584
4.58245
4.60913
4.63588
4.6627
4.68961
4.71658
4.74364
4.77077
4.79798
4.82527
4.85264
4.8801
4.90763
4.93524
4.96293
4.9907
5.01855
5.04649
5.0745
5.1026
5.13077
5.15903
5.18737
5.2158
5.2443
5.2729
5.30157
5.33033
5.35918
5.38812
5.41714
5.44625
5.47545
5.50474
5.53411
5.56358
5.59313
5.62278
5.65251
5.68234
5.71225
5.74224
5.77233
5.8025
5.83275
5.86309
5.89351
5.92401
5.95459
5.98525
6.01598
6.04679
6.07768
6.10863
6.13966
6.17075
6.2019
6.23312
6.2644
6.29573
6.32713
6.35857
6.39006
6.4216
6.45319
6.48481
6.51647
6.54817
6.5799
6.61166
6.64344
6.67524
6.70707
6.73891
6.77077
6.80263
6.8345
6.86638
6.89826
6.93014
6.96202
6.99389
7.02575
7.05759
7.08943
7.12124
7.15303
7.18479
7.21653
7.24823
7.27991
7.31155
7.34316
7.37473
7.40626
7.43776
7.46922
7.50065
7.53204
7.56341
7.59474
7.62605
7.65733
7.6886
7.71985
7.75109
7.78232
7.81355
7.84478
7.87602
7.90726
7.93851
7.96978
8.00106
8.03236
8.06368
8.09502
8.12639
8.15778
8.18919
8.22062
8.25207
8.28354
8.31503
8.34653
8.37804
8.40957
8.4411
8.47263
8.50417
8.5357
8.56723
8.59874
8.63024
8.66173
8.6932
8.72464
8.75606
8.78745
8.81882
8.85015
8.88145
8.91272
8.94395
8.97515
9.00632
9.03745
9.06855
9.09961
9.13063
9.16163
9.19259
9.22351
9.25441
9.28527
9.31611
9.34692
9.3777
9.40846
9.43919
9.4699
9.50059
9.53126
9.56191
9.59254
9.62316
9.65376
9.68434
9.71491
9.74547
9.77601
9.80654
9.83706
9.86757
9.89807
9.92856
9.95905
9.98952
10.02
10.0505
10.0809
10.1114
10.1419
10.1723
10.2028
10.2333
10.2637
10.2942
10.3247
10.3552
10.3857
10.4162
10.4467
10.4772
10.5078
10.5383
10.5688
10.5994
10.6299
10.6605
10.6911
10.7217
10.7523
10.7829
10.8135
10.8441
10.8747
10.9053
10.9359
10.9665
10.9971
11.0277
11.0584
11.0889
11.1195
11.1501
11.1807
11.2113
11.2418
11.2724
11.3029
11.3335
11.364
11.3946
11.4251
11.4556
11.4861
11.5166
11.5471
11.5776
11.6081
11.6385
11.669
11.6994
11.7298
11.7602
11.7906
11.821
11.8514
11.8818
11.9122
11.9425
11.9729
12.0032
12.0336
12.064
12.0944
12.1248
12.1552
12.1856
12.2161
12.2466
12.2771
12.3076
12.3381
12.3687
12.3993
12.43
12.4607
12.4914
12.5221
12.5528
12.5836
12.6144
12.6453
12.6761
12.707
12.7378
12.7687
12.7996
12.8305
12.8614
12.8923
12.9232
12.9541
12.9849
13.0158
13.0466
13.0774
13.1082
13.139
13.1698
13.2005
13.2312
13.2619
13.2925
13.3232
13.3538
13.3843
13.4149
13.4454
13.4758
13.5063
13.5367
13.5671
13.5975
13.6278
13.6581
13.6884
13.7186
13.7488
13.779
13.8092
13.8393
13.8694
13.8995
13.9295
13.9595
13.9895
14.0195
14.0494
14.0794
14.1093
14.1392
14.169
14.1989
14.2287
14.2586
14.2884
14.3182
14.3481
14.3779
14.4077
14.4376
14.4674
14.4973
14.5271
14.557
14.5869
14.6169
14.6468
14.6768
14.7068
14.7369
14.7669
14.7971
14.8272
14.8574
14.8877
14.918
14.9483
14.9787
15.0092
15.0397
15.0702
15.1008
15.1315
15.1622
15.193
15.2239
15.2548
15.2858
15.3168
15.3478
15.379
15.4102
15.4414
15.4727
15.504
15.5354
15.5669
15.5984
15.63
15.6616
15.6933
15.7251
15.7569
15.7887
15.8207
15.8527
15.8847
15.9169
15.949
15.9813
16.0135
16.0459
16.0783
16.1107
16.1432
16.1757
16.2083
16.2408
16.2735
16.3061
16.3388
16.3714
16.4041
16.4368
16.4696
16.5023
16.535
16.5678
16.6006
16.6333
16.6661
16.6989
16.7317
16.7646
16.7974
16.8303
16.8632
16.8961
16.9291
16.962
16.9951
17.0281
17.0612
17.0943
17.1274
17.1606
17.1938
17.227
17.2603
17.2935
17.3268
17.3601
17.3934
17.4267
17.46
17.4933
17.5266
17.5599
17.5931
17.6263
17.6595
17.6926
17.7257
17.7588
17.7918
17.8247
17.8576
17.8904
17.9232
17.9559
17.9885
18.021
18.0535
18.0859
18.1183
18.1505
18.1827
18.2148
18.2469
18.2789
18.3108
18.3427
18.3745
18.4062
18.4379
18.4695
18.5011
18.5326
18.5641
18.5955
18.627
18.6583
18.6897
18.7211
18.7524
18.7837
18.8151
18.8464
18.8777
18.9091
18.9404
18.9718
19.0031
19.0345
19.0658
19.0972
19.1286
19.1599
19.1913
19.2227
19.254
19.2854
19.3167
19.348
19.3793
19.4106
19.4418
19.473
19.5042
19.5354
19.5665
19.5976
19.6287
19.6598
19.6908
19.7218
19.7528
19.7837
19.8147
19.8456
19.8765
19.9074
19.9383
19.9692
20.0001
20.031
20.062
20.0929
20.1238
20.1548
20.1857
20.2167
20.2477
20.2787
20.3098
20.3408
20.3719
20.403
20.4342
20.4653
20.4965
20.5277
20.5589
20.5902
20.6215
20.6528
20.6841
20.7154
20.7467
20.7781
20.8095
20.8408
20.8722
20.9036
20.9349
20.9663
20.9976
21.029
21.0603
21.0915
21.1228
21.154
21.1852
21.2164
21.2476
21.2787
21.3098
21.3409
21.3719
21.4029
21.4339
21.4649
21.4959
21.5268
21.5578
21.5887
21.6197
21.6506
21.6815
21.7125
21.7434
21.7743
21.8052
21.8362
21.8671
21.898
21.9289
21.9599
21.9908
22.0218
22.0527
22.0837
22.1146
22.1456
22.1766
22.2076
22.2387
22.2697
22.3008
22.332
22.3631
22.3943
22.4255
22.4568
22.4881
22.5194
22.5508
22.5823
22.6137
22.6453
22.6768
22.7085
22.7401
22.7718
22.8036
22.8354
22.8673
22.8992
22.9312
22.9632
22.9952
23.0274
23.0595
23.0917
23.124
23.1563
23.1886
23.221
23.2534
23.2859
23.3184
23.3509
23.3835
23.4161
23.4488
23.4815
23.5142
23.5469
23.5797
23.6125
23.6453
23.6782
23.711
23.7439
23.7768
23.8097
23.8426
23.8756
23.9085
23.9414
23.9743
24.0073
24.0402
24.0731
24.106
24.1388
24.1717
24.2045
24.2373
24.2701
24.3028
24.3355
24.3682
24.4008
24.4334
24.466
24.4985
24.5311
24.5635
24.596
24.6284
24.6608
24.6932
24.7256
24.758
24.7903
24.8227
24.855
24.8873
24.9196
24.9519
24.9842
25.0165
25.0487
25.081
25.1132
25.1455
25.1777
25.2099
25.2422
25.2744
25.3066
25.3389
25.3711
25.4034
25.4357
25.468
25.5003
25.5327
25.5651
25.5975
25.63
25.6625
25.6951
25.7278
25.7605
25.7933
25.8262
25.8591
25.8921
25.9252
25.9584
25.9917
26.025
26.0585
26.092
26.1256
26.1592
26.193
26.2268
26.2607
26.2947
26.3287
26.3629
26.397
26.4313
26.4656
26.5
26.5345
26.569
26.6036
26.6382
26.6729
26.7077
26.7425
26.7774
26.8123
26.8473
26.8824
26.9175
26.9526
26.9878
27.023
27.0583
27.0936
27.129
27.1643
27.1997
27.2351
27.2706
27.306
27.3415
27.377
27.4125
27.448
27.4835
27.519
27.5545
27.5901
27.6256
27.6612
27.6968
27.7324
27.7681
27.8037
27.8394
27.875
27.9107
27.9464
27.9822
28.0179
28.0537
28.0895
28.1253
28.1611
28.1969
28.2328
28.2687
28.3046
28.3405
28.3765
28.4125
28.4485
28.4846
28.5207
28.5569
28.5931
28.6293
28.6656
28.7019
28.7383
28.7747
28.8112
28.8477
28.8842
28.9208
28.9574
28.994
29.0307
29.0674
29.1042
29.141
29.1778
29.2147
29.2515
29.2884
29.3254
29.3624
29.3994
29.4364
29.4735
29.5106
29.5477
29.5849
29.6221
29.6593
29.6965
29.7338
29.7711
29.8085
29.8458
29.8832
29.9206
29.958
29.9954
30.0329
30.0703
30.1078
30.1453
30.1829
30.2204
30.258
30.2956
30.3333
30.3709
30.4086
30.4464
30.4841
30.5219
30.5598
30.5977
30.6356
30.6735
30.7115
30.7495
30.7876
30.8256
30.8637
30.9019
30.94
30.9782
31.0165
31.0547
31.093
31.1313
31.1697
31.208
31.2464
31.2849
31.3233
31.3618
31.4003
31.4389
31.4774
31.516
31.5546
31.5932
31.6319
31.6705
31.7091
31.7477
31.7863
31.8249
31.8635
31.9021
31.9407
31.9792
32.0178
32.0563
32.0948
32.1333
32.1718
32.2103
32.2488
32.2873
32.3257
32.3642
32.4027
32.4412
32.4797
32.5181
32.5566
32.595
32.6335
32.6719
32.7103
32.7486
32.7869
32.8252
32.8634
32.9015
32.9396
32.9777
33.0156
33.0535
33.0913
33.1291
33.1668
33.2044
33.242
33.2795
33.3169
33.3543
33.3916
33.4289
33.4662
33.5034
33.5406
33.5777
33.6148
33.6518
33.6888
33.7258
33.7627
33.7996
33.8364
33.8731
33.9098
33.9464
33.9829
34.0194
34.0557
34.092
34.1282
34.1644
34.2004
34.2364
34.2723
34.308
34.3437
34.3794
34.4149
34.4503
34.4857
34.521
34.5562
34.5913
34.6264
34.6614
34.6963
34.7311
34.7658
34.8005
34.8351
34.8697
34.9042
34.9386
34.973
35.0074
35.0417
35.0759
35.1101
35.1443
35.1784
35.2125
35.2466
35.2806
35.3146
35.3486
35.3826
35.4166
35.4506
35.4846
35.5185
35.5525
35.5864
35.6204
35.6543
35.6882
35.7222
35.7561
35.79
35.8239
35.8577
35.8916
35.9254
35.9592
35.9929
36.0267
36.0603
36.094
36.1276
36.1611
36.1946
36.228
36.2614
36.2947
36.328
36.3612
36.3943
36.4275
36.4605
36.4935
36.5265
36.5594
36.5923
36.6252
36.658
36.6908
36.7236
36.7563
36.789
36.8217
36.8544
36.887
36.9197
36.9523
36.9849
37.0175
37.0501
37.0826
37.1151
37.1477
37.1802
37.2127
37.2451
37.2775
37.31
37.3423
37.3747
37.4071
37.4394
37.4717
37.5039
37.5362
37.5684
37.6006
37.6327
37.6649
37.697
37.7291
37.7612
37.7933
37.8254
37.8574
37.8895
37.9215
37.9535
37.9855
38.0175
38.0495
38.0815
38.1134
38.1454
38.1773
38.2092
38.2411
38.2731
38.305
38.3369
38.3688
38.4007
38.4326
38.4646
38.4965
38.5284
38.5604
38.5923
38.6243
38.6562
38.6882
38.7201
38.7521
38.784
38.816
38.848
38.8799
38.9119
38.9439
38.9759
39.0079
39.04
39.072
39.1041
39.1362
39.1683
39.2005
39.2327
39.2649
39.2972
39.3295
39.3618
39.3942
39.4266
39.459
39.4915
39.524
39.5566
39.5891
39.6217
39.6544
39.6871
39.7198
39.7525
39.7853
39.8181
39.851
39.8839
39.9168
39.9497
39.9827
40.0157
40.0488
40.0819
40.115
40.1482
40.1814
40.2146
40.2479
40.2812
40.3145
40.3479
40.3814
40.4149
40.4484
40.482
40.5156
40.5493
40.583
40.6168
40.6506
40.6844
40.7183
40.7522
40.7862
40.8202
40.8542
40.8882
40.9223
40.9564
40.9905
41.0246
41.0588
41.0929
41.1271
41.1612
41.1954
41.2295
41.2637
41.2978
41.332
41.3661
41.4003
41.4344
41.4685
41.5027
41.5368
41.5709
41.6049
41.639
41.6731
41.7071
41.7412
41.7752
41.8092
41.8431
41.8771
41.911
41.945
41.9789
42.0128
42.0466
42.0805
42.1143
42.1481
42.1819
42.2157
42.2495
42.2833
42.317
42.3508
42.3846
42.4183
42.4521
42.4859
42.5196
42.5534
42.5872
42.621
42.6548
42.6886
42.7224
42.7562
42.79
42.8239
42.8577
42.8916
42.9255
42.9594
42.9933
43.0273
43.0613
43.0953
43.1293
43.1633
43.1974
43.2315
43.2657
43.2998
43.334
43.3683
43.4025
43.4368
43.4711
43.5055
43.5398
43.5742
43.6086
43.6431
43.6775
43.712
43.7464
43.7809
43.8154
43.8498
43.8843
43.9188
43.9532
43.9877
44.0221
44.0564
44.0908
44.1251
44.1594
44.1936
44.2278
44.2619
44.2959
44.3299
44.3639
44.3977
44.4315
44.4652
44.4988
44.5324
44.5658
44.5992
44.6325
44.6657
44.6988
44.7318
44.7647
44.7975
44.8302
44.8629
44.8954
44.9279
44.9603
44.9926
45.0249
45.0571
45.0892
45.1213
45.1533
45.1853
45.2173
45.2492
45.2811
45.3129
45.3448
45.3766
45.4084
45.4402
45.472
45.5038
45.5356
45.5674
45.5992
45.631
45.6628
45.6946
45.7264
45.7582
45.79
45.8218
45.8535
45.8853
45.9171
45.9488
45.9805
46.0122
46.044
46.0756
46.1073
46.139
46.1706
46.2022
46.2338
46.2655
46.297
46.3286
46.3602
46.3918
46.4234
46.455
46.4866
46.5182
46.5498
46.5815
46.6132
46.6449
46.6766
46.7084
46.7402
46.7721
46.804
46.8359
46.8679
46.8999
46.932
46.9641
46.9962
47.0283
47.0605
47.0927
47.1249
47.1571
47.1893
47.2215
47.2537
47.2859
47.3182
47.3504
47.3826
47.4147
47.4469
47.479
47.5112
47.5433
47.5754
47.6074
47.6395
47.6715
47.7035
47.7355
47.7675
47.7994
47.8314
47.8633
47.8952
47.9271
47.9589
47.9908
48.0226
48.0545
48.0863
48.1181
48.1499
48.1818
48.2136
48.2454
48.2773
48.3091
48.341
48.3729
48.4048
48.4367
48.4687
48.5006
48.5326
48.5646
48.5966
48.6287
48.6607
48.6928
48.7249
48.757
48.789
48.8211
48.8532
48.8854
48.9175
48.9496
48.9817
49.0138
49.046
49.0781
49.1103
49.1424
49.1745
49.2067
49.2389
49.271
49.3032
49.3354
49.3676
49.3998
49.432
49.4642
49.4964
49.5286
49.5608
49.593
49.6252
49.6574
49.6897
49.7219
49.7542
49.7864
49.8187
49.851
49.8834
49.9157
49.9481
49.9806
50.013
50.0456
50.0781
50.1108
50.1435
50.1762
50.209
50.2419
50.2749
50.3079
50.341
50.3741
50.4073
50.4406
50.4739
50.5073
50.5407
50.5742
50.6077
50.6413
50.675
50.7086
50.7424
50.7761
50.81
50.8438
50.8777
50.9117
50.9456
50.9797
51.0137
51.0478
51.082
51.1161
51.1504
51.1846
51.2189
51.2533
51.2877
51.3221
51.3566
51.3911
51.4257
51.4603
51.4949
51.5296
51.5643
51.5991
51.6339
51.6687
51.7036
51.7385
51.7734
51.8083
51.8432
51.8781
51.9131
51.948
51.9829
52.0177
52.0526
52.0874
52.1221
52.1568
52.1914
52.2259
52.2603
52.2947
52.3289
52.3631
52.3971
52.4311
52.4649
52.4987
52.5323
52.5659
52.5994
52.6328
52.6661
52.6993
52.7326
52.7657
52.7988
52.8319
52.865
52.898
52.9311
52.9641
52.9971
53.0302
53.0632
53.0963
53.1294
53.1625
53.1957
53.2289
53.2621
53.2953
53.3286
53.3619
53.3952
53.4286
53.462
53.4954
53.5288
53.5622
53.5956
53.629
53.6625
53.6959
53.7293
53.7627
53.7961
53.8295
53.8628
53.8962
53.9295
53.9628
53.996
54.0292
54.0624
54.0956
54.1287
54.1619
54.1949
54.228
54.261
54.294
54.327
54.36
54.393
54.4259
54.4588
54.4917
54.5246
54.5574
54.5902
54.6231
54.6558
54.6886
54.7214
54.7541
54.7868
54.8194
54.8521
54.8847
54.9173
54.9499
54.9824
55.0149
55.0474
55.0799
55.1123
55.1447
55.1772
55.2095
55.2419
55.2743
55.3067
55.339
55.3714
55.4037
55.4361
55.4685
55.5009
55.5333
55.5657
55.5981
55.6306
55.663
55.6955
55.728
55.7605
55.793
55.8256
55.8581
55.8907
55.9233
55.9559
55.9885
56.0211
56.0537
56.0864
56.1191
56.1517
56.1844
56.2172
56.2499
56.2827
56.3155
56.3483
56.3811
56.414
56.4468
56.4798
56.5127
56.5457
56.5787
56.6118
56.6449
56.6781
56.7113
56.7445
56.7778
56.8112
56.8446
56.878
56.9116
56.9451
56.9788
57.0125
57.0462
57.0801
57.114
57.1479
57.1819
57.216
57.2502
57.2844
57.3187
57.3531
57.3875
57.422
57.4566
57.4912
57.5259
57.5606
57.5954
57.6302
57.6651
57.7001
57.735
57.7701
57.8051
57.8402
57.8753
57.9105
57.9457
57.9809
58.0161
58.0514
58.0867
58.122
58.1573
58.1927
58.2281
58.2635
58.299
58.3344
58.3699
58.4054
58.441
58.4765
58.5121
58.5476
58.5832
58.6187
58.6543
58.6898
58.7253
58.7608
58.7963
58.8318
58.8671
58.9025
58.9378
58.973
59.0082
59.0433
59.0783
59.1132
59.1481
59.1828
59.2175
59.2521
59.2866
59.321
59.3554
59.3896
59.4238
59.4579
59.492
59.526
59.5599
59.5938
59.6276
59.6614
59.6952
59.729
59.7627
59.7965
59.8303
59.864
59.8978
59.9316
59.9655
59.9994
60.0333
60.0673
60.1014
60.1355
60.1697
60.204
60.2383
60.2727
60.3072
60.3418
60.3764
60.4111
60.4459
60.4807
60.5156
60.5505
60.5855
60.6205
60.6555
60.6905
60.7255
60.7606
60.7956
60.8306
60.8656
60.9006
60.9355
60.9704
61.0052
61.04
61.0747
61.1093
61.1439
61.1784
61.2128
61.2472
61.2814
61.3156
61.3497
61.3836
61.4175
61.4513
61.4851
61.5187
61.5522
61.5857
61.6191
61.6524
61.6856
61.7188
61.7519
61.785
61.818
61.8509
61.8838
61.9167
61.9495
61.9823
62.015
62.0477
62.0803
62.1129
62.1455
62.178
62.2105
62.243
62.2755
62.3079
62.3403
62.3727
62.4051
62.4375
62.4699
62.5023
62.5348
62.5672
62.5996
62.6321
62.6646
62.6971
62.7297
62.7622
62.7948
62.8275
62.8602
62.8929
62.9257
62.9585
62.9914
63.0243
63.0572
63.0902
63.1233
63.1564
63.1896
63.2229
63.2562
63.2895
63.323
63.3565
63.39
63.4236
63.4573
63.4911
63.5249
63.5588
63.5927
63.6268
63.6609
63.695
63.7293
63.7636
63.798
63.8324
63.867
63.9016
63.9363
63.9711
64.006
64.0409
64.076
64.1111
64.1464
64.1817
64.2171
64.2526
64.2882
64.3239
64.3597
64.3955
64.4314
64.4674
64.5035
64.5396
64.5758
64.612
64.6483
64.6846
64.7209
64.7572
64.7936
64.8299
64.8662
64.9026
64.9389
64.9752
65.0114
65.0477
65.0839
65.1201
65.1562
65.1923
65.2284
65.2645
65.3005
65.3365
65.3725
65.4085
65.4444
65.4803
65.5162
65.5521
65.588
65.6238
65.6597
65.6955
65.7313
65.7672
65.803
65.8388
65.8746
65.9105
65.9463
65.9822
66.0181
66.054
66.0899
66.1259
66.162
66.198
66.2342
66.2703
66.3066
66.3429
66.3793
66.4157
66.4522
66.4888
66.5255
66.5622
66.5991
66.6359
66.6729
66.7099
66.7471
66.7842
66.8215
66.8588
66.8962
66.9336
66.9712
67.0087
67.0464
67.0841
67.1218
67.1596
67.1975
67.2354
67.2734
67.3114
67.3494
67.3875
67.4257
67.4638
67.5021
67.5403
67.5786
67.617
67.6553
67.6937
67.7322
67.7707
67.8092
67.8477
67.8863
67.9249
67.9636
68.0023
68.0411
68.0799
68.1187
68.1576
68.1965
68.2355
68.2746
68.3136
68.3528
68.3919
68.4312
68.4704
68.5097
68.5491
68.5885
68.6279
68.6673
68.7068
68.7463
68.7859
68.8254
68.865
68.9046
68.9442
68.9838
69.0234
69.063
69.1026
69.1422
69.1817
69.2213
69.2607
69.3002
69.3396
69.3789
69.4182
69.4574
69.4965
69.5355
69.5745
69.6133
69.6521
69.6907
69.7293
69.7677
69.806
69.8443
69.8824
69.9203
69.9582
69.9959
70.0336
70.0711
70.1085
70.1457
70.1829
70.2199
70.2569
70.2937
70.3304
70.367
70.4035
70.44
70.4763
70.5126
70.5488
70.5849
70.621
70.657
70.6929
70.7288
70.7647
70.8005
70.8362
70.872
70.9077
70.9434
70.9791
71.0147
71.0504
71.086
71.1217
71.1573
71.1929
71.2286
71.2642
71.2999
71.3356
71.3713
71.4071
71.4428
71.4786
71.5144
71.5503
71.5862
71.6221
71.6581
71.6941
71.7301
71.7662
71.8024
71.8385
71.8748
71.9111
71.9474
71.9838
72.0202
72.0567
72.0933
72.1299
72.1666
72.2034
72.2403
72.2772
72.3142
72.3513
72.3885
72.4258
72.4632
72.5006
72.5382
72.5758
72.6135
72.6513
72.6891
72.727
72.765
72.803
72.8411
72.8792
72.9175
72.9557
72.9941
73.0325
73.0709
73.1095
73.1481
73.1868
73.2256
73.2645
73.3034
73.3425
73.3816
73.4208
73.4601
73.4994
73.5389
73.5784
73.618
73.6576
73.6973
73.737
73.7768
73.8166
73.8565
73.8964
73.9363
73.9763
74.0163
74.0563
74.0963
74.1364
74.1765
74.2166
74.2567
74.2969
74.3371
74.3774
74.4177
74.458
74.4984
74.5388
74.5792
74.6197
74.6603
74.7009
74.7415
74.7822
74.8229
74.8637
74.9045
74.9454
74.9864
75.0273
75.0684
75.1094
75.1506
75.1917
75.233
75.2742
75.3155
75.3569
75.3983
75.4397
75.4812
75.5227
75.5643
75.6059
75.6475
75.6892
75.7309
75.7726
75.8144
75.8562
75.8981
75.94
75.9819
76.0239
76.0659
76.108
76.1501
76.1923
76.2346
76.2769
76.3193
76.3618
76.4044
76.447
76.4897
76.5326
76.5755
76.6185
76.6616
76.7049
76.7482
76.7916
76.8352
76.8788
76.9226
76.9665
77.0105
77.0546
77.0989
77.1433
77.1878
77.2324
77.2772
77.3221
77.3671
77.4122
77.4575
77.5029
77.5485
77.5941
77.6399
77.6858
77.7318
77.7779
77.8241
77.8705
77.9169
77.9635
78.0101
78.0568
78.1037
78.1506
78.1975
78.2446
78.2917
78.3389
78.3861
78.4334
78.4808
78.5281
78.5755
78.6229
78.6703
78.7177
78.7651
78.8125
78.8598
78.9071
78.9543
79.0014
79.0485
79.0955
79.1424
79.1892
79.2359
79.2824
79.3289
79.3752
79.4214
79.4674
79.5133
79.5591
79.6048
79.6503
79.6958
79.7411
79.7863
79.8315
79.8765
79.9215
79.9663
80.0111
80.0559
80.1005
80.1451
80.1897
80.2342
80.2786
80.323
80.3674
80.4117
80.4559
80.5001
80.5443
80.5884
80.6324
80.6764
80.7203
80.7642
80.808
80.8517
80.8954
80.9389
80.9824
81.0258
81.0692
81.1124
81.1555
81.1986
81.2416
81.2844
81.3272
81.3699
81.4125
81.4551
81.4975
81.5399
81.5822
81.6244
81.6666
81.7086
81.7507
81.7926
81.8345
81.8764
81.9182
81.9599
82.0016
82.0433
82.0849
82.1265
82.168
82.2094
82.2508
82.2922
82.3335
82.3747
82.4159
82.457
82.4981
82.5391
82.5801
82.621
82.6618
82.7026
82.7434
82.7841
82.8247
82.8653
82.9058
82.9463
82.9868
83.0272
83.0675
83.1078
83.1481
83.1883
83.2284
83.2685
83.3086
83.3486
83.3886
83.4285
83.4684
83.5083
83.5481
83.5879
83.6277
83.6675
83.7072
83.747
83.7867
83.8264
83.8662
83.9059
83.9456
83.9853
84.025
84.0648
84.1045
84.1442
84.1839
84.2236
84.2634
84.3031
84.3428
84.3825
84.4223
84.4621
84.5018
84.5416
84.5815
84.6213
84.6612
84.7012
84.7411
84.7811
84.8212
84.8613
84.9014
84.9417
84.9819
85.0222
85.0626
85.103
85.1435
85.184
85.2245
85.2651
85.3058
85.3465
85.3872
85.428
85.4688
85.5096
85.5505
85.5914
85.6323
85.6732
85.7141
85.7551
85.796
85.8369
85.8778
85.9188
85.9596
86.0005
86.0414
86.0822
86.123
86.1637
86.2044
86.2451
86.2857
86.3263
86.3668
86.4073
86.4477
86.4881
86.5284
86.5687
86.6089
86.649
86.6891
86.7291
86.7691
86.8089
86.8487
86.8885
86.9281
86.9677
87.0072
87.0466
87.0859
87.1252
87.1644
87.2035
87.2425
87.2814
87.3203
87.3591
87.3978
87.4364
87.475
87.5135
87.5519
87.5903
87.6287
87.667
87.7052
87.7435
87.7817
87.8199
87.8581
87.8964
87.9346
87.9729
88.0112
88.0495
88.0879
88.1264
88.1649
88.2035
88.2421
88.2809
88.3197
88.3587
88.3977
88.4368
88.476
88.5153
88.5547
88.5942
88.6338
88.6735
88.7132
88.753
88.7929
88.8329
88.8729
88.913
88.9531
88.9933
89.0335
89.0738
89.1141
89.1544
89.1948
89.2352
89.2756
89.3161
89.3566
89.3971
89.4376
89.4781
89.5186
89.5592
89.5998
89.6403
89.6809
89.7215
89.7622
89.8028
89.8435
89.8841
89.9248
89.9655
90.0062
90.047
90.0877
90.1285
90.1693
90.2102
90.251
90.2919
90.3328
90.3737
90.4147
90.4557
90.4968
90.5378
90.579
90.6201
90.6613
90.7026
90.7439
90.7853
90.8267
90.8682
90.9097
90.9513
90.993
91.0347
91.0765
91.1184
91.1603
91.2022
91.2443
91.2864
91.3285
91.3707
91.413
91.4553
91.4977
91.5401
91.5826
91.6251
91.6676
91.7102
91.7528
91.7954
91.838
91.8806
91.9232
91.9658
92.0084
92.0509
92.0934
92.1359
92.1783
92.2207
92.263
92.3053
92.3475
92.3896
92.4317
92.4737
92.5156
92.5575
92.5993
92.641
92.6827
92.7244
92.766
92.8076
92.8491
92.8906
92.9321
92.9736
93.015
93.0565
93.0979
93.1393
93.1808
93.2222
93.2637
93.3052
93.3467
93.3882
93.4298
93.4713
93.5129
93.5545
93.5961
93.6378
93.6794
93.7211
93.7628
93.8045
93.8461
93.8878
93.9294
93.971
94.0126
94.0542
94.0957
94.1372
94.1786
94.2199
94.2612
94.3024
94.3435
94.3846
94.4255
94.4664
94.5072
94.5479
94.5884
94.6289
94.6692
94.7094
94.7495
94.7895
94.8293
94.8691
94.9086
94.9481
94.9874
95.0266
95.0656
95.1046
95.1434
95.182
95.2206
95.259
95.2973
95.3355
95.3736
95.4116
95.4495
95.4873
95.5249
95.5625
95.6
95.6374
95.6747
95.7119
95.749
95.786
95.8229
95.8597
95.8964
95.9331
95.9696
96.006
96.0423
96.0785
96.1146
96.1506
96.1865
96.2223
96.258
96.2935
96.329
96.3643
96.3996
96.4348
96.4699
96.5049
96.5399
96.5748
96.6097
96.6446
96.6795
96.7143
96.7492
96.7841
96.8191
96.8541
96.8892
96.9243
96.9595
96.9948
97.0301
97.0655
97.101
97.1365
97.1722
97.2079
97.2436
97.2794
97.3152
97.3511
97.387
97.423
97.459
97.495
97.531
97.5671
97.6032
97.6393
97.6754
97.7115
97.7476
97.7838
97.82
97.8561
97.8923
97.9285
97.9647
98.001
98.0372
98.0734
98.1096
98.1458
98.182
98.2182
98.2544
98.2905
98.3266
98.3626
98.3985
98.4344
98.4702
98.5059
98.5415
98.577
98.6123
98.6475
98.6826
98.7175
98.7523
98.787
98.8215
98.8558
98.8901
98.9242
98.9582
98.9922
99.026
99.0598
99.0936
99.1273
99.161
99.1947
99.2283
99.262
99.2958
99.3295
99.3633
99.3971
99.431
99.465
99.4989
99.533
99.5671
99.6013
99.6356
99.67
99.7044
99.739
99.7736
99.8084
99.8432
99.8782
99.9133
99.9486
99.984
100.019
100.055
100.091
100.127
100.163
100.199
100.235
100.272
100.308
100.345
100.382
100.419
100.456
100.493
100.531
100.568
100.606
100.643
100.681
100.719
100.757
100.795
100.833
100.871
100.91
100.948
100.986
101.025
101.063
101.102
101.141
101.179
101.218
101.257
101.295
101.334
101.373
101.412
101.451
101.49
101.529
101.568
101.607
101.646
101.685
101.724
101.763
101.802
101.841
101.88
101.919
101.958
101.997
102.036
102.075
102.115
102.154
102.193
102.232
102.271
102.31
102.349
102.388
102.427
102.466
102.505
102.544
102.583
102.621
102.66
102.699
102.738
102.776
102.815
102.853
102.892
102.93
102.969
103.007
103.045
103.084
103.122
103.16
103.198
103.237
103.275
103.313
103.351
103.389
103.428
103.466
103.504
103.542
103.581
103.619
103.657
103.696
103.734
103.772
103.811
103.849
103.888
103.926
103.965
104.004
104.042
104.081
104.12
104.159
104.198
104.237
104.276
104.316
104.355
104.395
104.435
104.474
104.514
104.555
104.595
104.635
104.676
104.717
104.758
104.799
104.84
104.881
104.923
104.965
105.007
105.049
105.091
105.134
105.176
105.219
105.262
105.305
105.349
105.392
105.436
105.479
105.523
105.567
105.611
105.655
105.699
105.744
105.788
105.833
105.877
105.922
105.967
106.012
106.057
106.102
106.147
106.192
106.237
106.282
106.328
106.373
106.418
106.464
106.509
106.555
106.601
106.646
106.692
106.737
106.783
106.829
106.874
106.92
106.966
107.011
107.057
107.102
107.148
107.194
107.239
107.285
107.33
107.376
107.421
107.467
107.512
107.557
107.603
107.648
107.693
107.738
107.783
107.827
107.872
107.916
107.96
108.004
108.048
108.092
108.135
108.178
108.221
108.264
108.306
108.348
108.39
108.431
108.473
108.514
108.555
108.595
108.635
108.676
108.715
108.755
108.795
108.834
108.873
108.912
108.951
108.989
109.028
109.066
109.104
109.143
109.181
109.219
109.256
109.294
109.332
109.37
109.407
109.445
109.482
109.52
109.557
109.595
109.632
109.67
109.707
109.745
109.782
109.819
109.857
109.894
109.932
109.97
110.007
110.045
110.082
110.12
110.157
110.195
110.233
110.271
110.308
110.346
110.384
110.422
110.46
110.498
110.536
110.574
110.612
110.65
110.688
110.726
110.764
110.802
110.84
110.878
110.916
110.955
110.993
111.031
111.069
111.107
111.145
111.183
111.221
111.26
111.298
111.336
111.374
111.412
111.45
111.488
111.526
111.565
111.603
111.641
111.68
111.718
111.757
111.795
111.834
111.873
111.911
111.95
111.989
112.028
112.067
112.106
112.146
112.185
112.224
112.264
112.303
112.343
112.383
112.423
112.462
112.502
112.542
112.582
112.622
112.662
112.703
112.743
112.783
112.823
112.863
112.904
112.944
112.984
113.025
113.065
113.106
113.146
113.186
113.227
113.267
113.308
113.348
113.389
113.429
113.47
113.51
113.551
113.591
113.631
113.672
113.712
113.753
113.793
113.833
113.873
113.913
113.953
113.993
114.033
114.073
114.113
114.152
114.192
114.231
114.27
114.309
114.348
114.387
114.426
114.465
114.503
114.541
114.579
114.617
114.655
114.693
114.731
114.768
114.805
114.842
114.879
114.916
114.952
114.989
115.025
115.061
115.097
115.133
115.169
115.204
115.24
115.275
115.31
115.345
115.38
115.415
115.45
115.484
115.519
115.553
115.587
115.622
115.656
115.69
115.724
115.758
115.791
115.825
115.859
115.892
115.926
115.959
115.993
116.026
116.06
116.093
116.127
116.16
116.193
116.227
116.26
116.293
116.327
116.36
116.394
116.427
116.461
116.495
116.528
116.562
116.596
116.63
116.664
116.699
116.733
116.768
116.802
116.837
116.872
116.907
116.942
116.977
117.013
117.048
117.084
117.119
117.155
117.19
117.226
117.262
117.297
117.333
117.368
117.404
117.44
117.475
117.511
117.546
117.581
117.617
117.652
117.687
117.722
117.757
117.792
117.827
117.862
117.896
117.931
117.965
118
118.034
118.068
118.102
118.136
118.17
118.204
118.238
118.271
118.305
118.338
118.371
118.404
118.438
118.471
118.504
118.536
118.569
118.602
118.635
118.667
118.7
118.732
118.764
118.797
118.829
118.861
118.893
118.925
118.957
118.989
119.021
119.052
119.084
119.115
119.147
119.178
119.209
119.24
119.271
119.302
119.333
119.364
119.394
119.424
119.455
119.485
119.515
119.545
119.575
119.605
119.634
119.664
119.693
119.722
119.752
119.781
119.81
119.839
119.868
119.897
119.925
119.954
119.983
120.011
120.04
120.068
120.097
120.125
120.153
120.182
120.21
120.238
120.267
120.295
120.323
120.352
120.38
120.408
120.436
120.465
120.493
120.521
120.55
120.578
120.606
120.635
120.663
120.691
120.72
120.748
120.777
120.806
120.834
120.863
120.892
120.921
120.949
120.978
121.007
121.037
121.066
121.095
121.125
121.154
121.184
121.214
121.244
121.274
121.304
121.334
121.365
121.395
121.426
121.457
121.488
121.519
121.551
121.582
121.614
121.646
121.678
121.71
121.742
121.774
121.806
121.839
121.871
121.904
121.937
121.97
122.003
122.035
122.069
122.102
122.135
122.168
122.201
122.234
122.267
122.3
122.333
122.366
122.399
122.432
122.465
122.498
122.531
122.564
122.596
122.629
122.661
122.694
122.726
122.759
122.791
122.823
122.855
122.887
122.919
122.951
122.982
123.014
123.046
123.077
123.109
123.14
123.171
123.203
123.234
123.265
123.296
123.327
123.358
123.389
123.42
123.451
123.482
123.513
123.544
123.575
123.606
123.637
123.668
123.699
123.73
123.761
123.793
123.824
123.855
123.886
123.918
123.949
123.981
124.012
124.044
124.076
124.107
124.139
124.171
124.203
124.235
124.267
124.3
124.332
124.364
124.396
124.428
124.461
124.493
124.525
124.557
124.589
124.622
124.654
124.686
124.718
124.75
124.782
124.814
124.846
124.878
124.91
124.942
124.973
125.005
125.037
125.069
125.1
125.132
125.164
125.195
125.227
125.259
125.29
125.322
125.353
125.385
125.416
125.448
125.479
125.511
125.542
125.574
125.605
125.636
125.668
125.699
125.73
125.762
125.793
125.824
125.855
125.886
125.917
125.948
125.979
126.01
126.041
126.072
126.103
126.134
126.165
126.196
126.227
126.258
126.289
126.32
126.352
126.383
126.414
126.445
126.476
126.508
126.539
126.571
126.602
126.634
126.665
126.697
126.729
126.761
126.793
126.824
126.856
126.888
126.921
126.953
126.985
127.017
127.049
127.082
127.114
127.146
127.179
127.211
127.244
127.276
127.309
127.342
127.374
127.407
127.44
127.473
127.506
127.539
127.572
127.605
127.639
127.672
127.705
127.739
127.772
127.805
127.839
127.873
127.906
127.94
127.973
128.007
128.041
128.075
128.108
128.142
128.176
128.21
128.244
128.278
128.312
128.346
128.38
128.414
128.449
128.483
128.517
128.552
128.587
128.621
128.656
128.691
128.726
128.761
128.796
128.831
128.867
128.902
128.938
128.973
129.009
129.045
129.081
129.117
129.153
129.189
129.226
129.262
129.299
129.335
129.372
129.409
129.445
129.482
129.519
129.556
129.593
129.63
129.667
129.704
129.742
129.779
129.816
129.853
129.89
129.927
129.964
130.001
130.039
130.076
130.113
130.15
130.187
130.224
130.26
130.297
130.334
130.371
130.407
130.444
130.481
130.517
130.554
130.59
130.627
130.663
130.699
130.736
130.772
130.808
130.844
130.88
130.916
130.952
130.988
131.024
131.06
131.096
131.132
131.167
131.203
131.239
131.274
131.31
131.345
131.38
131.416
131.451
131.486
131.521
131.556
131.591
131.626
131.661
131.696
131.731
131.765
131.8
131.835
131.869
131.904
131.938
131.973
132.007
132.041
132.076
132.11
132.144
132.178
132.212
132.246
132.28
132.314
132.348
132.381
132.415
132.449
132.482
132.516
132.549
132.583
132.616
132.649
132.682
132.715
132.748
132.781
132.814
132.847
132.88
132.912
132.945
132.977
133.01
133.042
133.074
133.106
133.138
133.17
133.202
133.234
133.266
133.298
133.329
133.361
133.393
133.424
133.456
133.487
133.519
133.551
133.582
133.614
133.645
133.677
133.709
133.74
133.772
133.804
133.836
133.867
133.899
133.931
133.963
133.995
134.027
134.058
134.09
134.122
134.154
134.185
134.217
134.248
134.28
134.311
134.342
134.373
134.404
134.435
134.465
134.496
134.526
134.556
134.586
134.616
134.645
134.675
134.704
134.733
134.762
134.79
134.819
134.847
134.876
134.904
134.932
134.96
134.988
135.016
135.044
135.072
135.1
135.127
135.155
135.183
135.211
135.239
135.267
135.295
135.323
135.351
135.379
135.407
135.435
135.463
135.491
135.52
135.548
135.576
135.605
135.633
135.661
135.69
135.718
135.747
135.775
135.804
135.833
135.861
135.89
135.918
135.947
135.975
136.004
136.032
136.061
136.089
136.117
136.146
136.174
136.202
136.23
136.258
136.287
136.315
136.343
136.371
136.399
136.427
136.455
136.483
136.511
136.539
136.567
136.595
136.623
136.651
136.679
136.708
136.736
136.764
136.793
136.822
136.85
136.879
136.908
136.937
136.966
136.995
137.025
137.054
137.084
137.113
137.143
137.173
137.203
137.233
137.263
137.294
137.324
137.355
137.385
137.416
137.447
137.478
137.509
137.54
137.572
137.603
137.635
137.667
137.698
137.73
137.762
137.794
137.827
137.859
137.891
137.924
137.956
137.989
138.021
138.054
138.087
138.12
138.153
138.186
138.219
138.252
138.285
138.318
138.351
138.385
138.418
138.451
138.484
138.518
138.551
138.584
138.618
138.651
138.684
138.717
138.751
138.784
138.817
138.85
138.883
138.916
138.949
138.982
139.015
139.048
139.081
139.114
139.146
139.179
139.212
139.244
139.277
139.309
139.342
139.374
139.407
139.439
139.472
139.504
139.536
139.569
139.601
139.634
139.666
139.699
139.731
139.764
139.797
139.83
139.862
139.895
139.929
139.962
139.995
140.028
140.062
140.095
140.129
140.163
140.197
140.231
140.265
140.299
140.334
140.368
140.403
140.437
140.472
140.507
140.542
140.577
140.612
140.648
140.683
140.719
140.754
140.79
140.826
140.862
140.898
140.934
140.97
141.006
141.042
141.079
141.115
141.151
141.188
141.225
141.261
141.298
141.335
141.372
141.409
141.446
141.483
141.52
141.558
141.595
141.633
141.67
141.708
141.746
141.784
141.822
141.86
141.898
141.936
141.975
142.013
142.051
142.09
142.129
142.167
142.206
142.245
142.284
142.323
142.362
142.401
142.441
142.48
142.519
142.559
142.598
142.638
142.677
142.717
142.757
142.796
142.836
142.876
142.916
142.956
142.996
143.036
143.077
143.117
143.157
143.198
143.238
143.279
143.32
143.361
143.402
143.443
143.484
143.525
143.566
143.608
143.649
143.691
143.733
143.775
143.817
143.859
143.901
143.943
143.985
144.028
144.071
144.113
144.156
144.199
144.242
144.285
144.328
144.372
144.415
144.459
144.502
144.546
144.59
144.633
144.677
144.721
144.765
144.809
144.853
144.897
144.941
144.985
145.03
145.074
145.118
145.162
145.206
145.251
145.295
145.339
145.384
145.428
145.472
145.517
145.561
145.605
145.65
145.694
145.738
145.783
145.827
145.871
145.916
145.96
146.004
146.048
146.092
146.136
146.18
146.223
146.267
146.311
146.354
146.397
146.44
146.483
146.526
146.569
146.612
146.654
146.697
146.739
146.781
146.823
146.865
146.907
146.949
146.99
147.032
147.073
147.114
147.155
147.196
147.237
147.277
147.318
147.358
147.398
147.438
147.478
147.518
147.558
147.598
147.637
147.677
147.716
147.756
147.795
147.834
147.874
147.913
147.952
147.992
148.031
148.071
148.11
148.15
148.19
148.23
148.27
148.31
148.35
148.391
148.431
148.472
148.513
148.554
148.595
148.637
148.678
148.72
148.761
148.803
148.845
148.887
148.93
148.972
149.014
149.057
149.1
149.143
149.185
149.229
149.272
149.315
149.358
149.402
149.445
149.489
149.533
149.576
149.62
149.664
149.708
149.752
149.796
149.84
149.884
149.928
149.972
150.016
150.059
150.103
150.147
150.19
150.234
150.277
150.32
150.363
150.406
150.449
150.492
150.534
150.577
150.619
150.661
150.703
150.745
150.786
150.828
150.87
150.911
150.952
150.993
151.034
151.075
151.116
151.157
151.197
151.238
151.278
151.318
151.358
151.398
151.437
151.476
151.516
151.555
151.594
151.632
151.671
151.709
151.747
151.785
151.823
151.861
151.898
151.935
151.972
152.009
152.046
152.083
152.119
152.155
152.192
152.228
152.264
152.3
152.335
152.371
152.407
152.443
152.479
152.514
152.55
152.586
152.622
152.658
152.694
152.731
152.767
152.803
152.84
152.876
152.913
152.95
152.987
153.024
153.061
153.098
153.136
153.173
153.211
153.248
153.286
153.324
153.361
153.399
153.437
153.475
153.512
153.55
153.588
153.626
153.664
153.701
153.739
153.777
153.814
153.852
153.889
153.926
153.964
154.001
154.038
154.075
154.111
154.148
154.184
154.221
154.257
154.293
154.328
154.364
154.4
154.435
154.47
154.505
154.54
154.574
154.609
154.643
154.677
154.711
154.745
154.779
154.813
154.846
154.879
154.913
154.946
154.979
155.012
155.045
155.077
155.11
155.143
155.175
155.208
155.241
155.273
155.306
155.338
155.371
155.403
155.436
155.469
155.502
155.534
155.567
155.6
155.633
155.666
155.7
155.733
155.766
155.8
155.833
155.867
155.901
155.934
155.968
156.002
156.036
156.07
156.104
156.138
156.172
156.207
156.241
156.275
156.309
156.344
156.378
156.412
156.446
156.48
156.514
156.548
156.582
156.615
156.649
156.682
156.715
156.748
156.781
156.814
156.846
156.878
156.91
156.942
156.974
157.005
157.036
157.067
157.098
157.129
157.159
157.189
157.22
157.25
157.279
157.309
157.339
157.368
157.398
157.427
157.457
157.486
157.515
157.545
157.574
157.603
157.633
157.662
157.691
157.721
157.75
157.779
157.809
157.838
157.868
157.897
157.927
157.956
157.986
158.016
158.045
158.075
158.105
158.134
158.164
158.194
158.224
158.253
158.283
158.313
158.343
158.372
158.402
158.432
158.462
158.492
158.522
158.552
158.582
158.612
158.642
158.673
158.703
158.733
158.764
158.795
158.825
158.856
158.887
158.918
158.95
158.981
159.012
159.044
159.076
159.108
159.139
159.172
159.204
159.236
159.268
159.301
159.333
159.366
159.399
159.432
159.465
159.498
159.531
159.565
159.598
159.631
159.665
159.699
159.732
159.766
159.8
159.834
159.868
159.902
159.937
159.971
160.005
160.04
160.074
160.109
160.144
160.179
160.214
160.249
160.284
160.319
160.354
160.39
160.425
160.461
160.496
160.532
160.568
160.604
160.64
160.675
160.712
160.748
160.784
160.82
160.857
160.893
160.929
160.966
161.003
161.039
161.076
161.113
161.15
161.187
161.224
161.261
161.298
161.335
161.372
161.409
161.446
161.483
161.52
161.557
161.594
161.631
161.668
161.705
161.742
161.779
161.816
161.853
161.889
161.926
161.963
161.999
162.036
162.073
162.109
162.146
162.182
162.219
162.256
162.292
162.329
162.365
162.402
162.438
162.475
162.512
162.548
162.585
162.621
162.658
162.694
162.73
162.767
162.803
162.84
162.876
162.912
162.949
162.985
163.021
163.057
163.094
163.13
163.166
163.202
163.238
163.273
163.309
163.345
163.381
163.416
163.452
163.487
163.522
163.557
163.592
163.627
163.662
163.697
163.732
163.766
163.801
163.835
163.87
163.904
163.938
163.972
164.006
164.04
164.074
164.107
164.141
164.175
164.208
164.242
164.275
164.309
164.342
164.375
164.409
164.442
164.475
164.508
164.541
164.575
164.608
164.641
164.675
164.708
164.741
164.775
164.808
164.841
164.875
164.908
164.942
164.976
165.009
165.043
165.077
165.111
165.144
165.178
165.212
165.246
165.28
165.314
165.348
165.382
165.416
165.45
165.485
165.519
165.553
165.587
165.622
165.656
165.69
165.725
165.759
165.793
165.827
165.861
165.896
165.93
165.964
165.998
166.032
166.066
166.1
166.133
166.167
166.201
166.234
166.268
166.301
166.335
166.368
166.401
166.434
166.468
166.501
166.534
166.567
166.6
166.633
166.666
166.699
166.733
166.766
166.799
166.832
166.865
166.899
166.932
166.966
166.999
167.033
167.067
167.101
167.135
167.169
167.203
167.238
167.272
167.307
167.342
167.377
167.413
167.448
167.484
167.52
167.557
167.593
167.63
167.667
167.704
167.742
167.78
167.818
167.856
167.895
167.934
167.973
168.012
168.052
168.092
168.132
168.172
168.212
168.252
168.293
168.334
168.375
168.416
168.457
168.498
168.539
168.58
168.622
168.663
168.705
168.746
168.788
168.829
168.871
168.913
168.954
168.996
169.038
169.079
169.121
169.162
169.204
169.246
169.287
169.329
169.371
169.412
169.454
169.495
169.537
169.578
169.62
169.661
169.702
169.744
169.785
169.826
169.867
169.908
169.949
169.99
170.031
170.072
170.113
170.154
170.194
170.235
170.276
170.316
170.357
170.397
170.437
170.477
170.517
170.557
170.597
170.637
170.677
170.716
170.756
170.795
170.835
170.874
170.913
170.952
170.991
171.03
171.069
171.107
171.146
171.184
171.222
171.261
171.299
171.337
171.375
171.413
171.451
171.488
171.526
171.563
171.601
171.638
171.676
171.713
171.75
