0.90737
0.907362
0.907345
0.907321
0.90729
0.907251
0.907206
0.907157
0.907116
0.907094
0.907087
0.907076
0.907065
0.907051
0.907019
0.906979
0.906915
0.90686
0.906793
0.906718
0.906625
0.90653
0.906419
0.906298
0.906166
0.906029
0.905884
0.905724
0.905551
0.905378
0.905208
0.905025
0.904828
0.904631
0.904444
0.90424
0.904038
0.903831
0.903613
0.903412
0.903203
0.902981
0.902753
0.902539
0.902308
0.902088
0.901857
0.901619
0.901388
0.901148
0.900911
0.900656
0.900409
0.900171
0.89993
0.899685
0.89944
0.89919
0.898953
0.898703
0.898463
0.898222
0.897989
0.897749
0.897525
0.897299
0.897069
0.896848
0.896624
0.896391
0.896164
0.895952
0.895744
0.895539
0.895338
0.895144
0.894953
0.894768
0.894579
0.89441
0.894238
0.894082
0.89393
0.893773
0.893631
0.893477
0.893335
0.893203
0.893081
0.892959
0.89285
0.892746
0.892642
0.892547
0.892462
0.892378
0.892292
0.8922
0.89212
0.892047
0.891979
0.891912
0.891844
0.891782
0.89172
0.89167
0.891626
0.891578
0.891525
0.891479
0.89142
0.891366
0.891306
0.891268
0.891223
0.891167
0.891124
0.89109
0.891045
0.890994
0.890951
0.890912
0.890873
0.890834
0.890794
0.89075
0.890706
0.890664
0.890618
0.890577
0.890543
0.8905
0.890473
0.890429
0.890384
0.890348
0.890314
0.890288
0.89026
0.890229
0.890204
0.890192
0.890164
0.890148
0.890131
0.890112
0.890103
0.890088
0.89007
0.890065
0.890058
0.890059
0.890056
0.890056
0.890058
0.890068
0.890065
0.890075
0.890081
0.890085
0.890089
0.890088
0.890087
0.890098
0.8901
0.890097
0.890092
0.890104
0.890097
0.890103
0.890098
0.890102
0.89011
0.890116
0.890109
0.890109
0.890107
0.890097
0.890096
0.890086
0.890088
0.890079
0.890094
0.890093
0.890074
0.890067
0.890057
0.890041
0.890028
0.890007
0.889997
0.889982
0.889953
0.889933
0.889924
0.889898
0.889889
0.889871
0.889848
0.889833
0.889811
0.88978
0.889769
0.889764
0.889736
0.889729
0.889723
0.889716
0.889704
0.889694
0.889695
0.88969
0.88968
0.889676
0.889674
0.889674
0.889676
0.889673
0.889688
0.889698
0.889696
0.889712
0.889735
0.889744
0.889756
0.889774
0.889789
0.889813
0.889841
0.889864
0.889892
0.889913
0.889935
0.889964
0.889985
0.890024
0.890055
0.890093
0.890128
0.890156
0.890184
0.890211
0.890224
0.890241
0.890264
0.890299
0.890309
0.890326
0.890343
0.890349
0.890361
0.890375
0.89039
0.890393
0.890402
0.890413
0.890407
0.890411
0.890413
0.890415
0.890408
0.890407
0.890397
0.890377
0.890378
0.890364
0.890359
0.890348
0.890328
0.8903
0.890277
0.89027
0.89026
0.890234
0.890207
0.890177
0.890157
0.890143
0.890124
0.890104
0.890094
0.890081
0.890062
0.890042
0.890038
0.890023
0.890021
0.890002
0.889991
0.889972
0.889961
0.889956
0.889942
0.889935
0.889935
0.88993
0.889928
0.889934
0.889935
0.889937
0.889953
0.88997
0.88997
0.889967
0.889978
0.889981
0.889978
0.889977
0.889996
0.890008
0.890022
0.890033
0.890039
0.890047
0.890048
0.890055
0.890059
0.890057
0.890063
0.890077
0.890081
0.890093
0.890098
0.890116
0.890119
0.890123
0.890137
0.890133
0.890147
0.890149
0.89017
0.890183
0.890184
0.890187
0.890191
0.890201
0.89021
0.890229
0.890231
0.89025
0.890259
0.890274
0.890281
0.890287
0.890297
0.890319
0.890323
0.890344
0.890361
0.890371
0.890383
0.890397
0.890404
0.890417
0.890434
0.890449
0.890456
0.890475
0.890486
0.890512
0.890528
0.890544
0.890551
0.890571
0.890591
0.890605
0.890622
0.890641
0.890656
0.890659
0.890669
0.890691
0.890699
0.890702
0.8907
0.890711
0.890715
0.890726
0.890732
0.890738
0.890736
0.890737
0.89075
0.890753
0.890753
0.890757
0.890757
0.890759
0.890755
0.890755
0.890758
0.890762
0.890753
0.890752
0.89075
0.890747
0.890749
0.890755
0.890762
0.890762
0.890767
0.890781
0.890792
0.890801
0.890807
0.890816
0.890832
0.890848
0.890853
0.890865
0.890868
0.890881
0.890888
0.890898
0.890916
0.890939
0.890944
0.890954
0.890959
0.89097
0.890986
0.89099
0.890983
0.891002
0.891016
0.891028
0.891036
0.891041
0.891051
0.891072
0.891083
0.891089
0.891097
0.891098
0.891102
0.891091
0.8911
0.89112
0.891122
0.891131
0.891129
0.89113
0.89114
0.891134
0.891133
0.891136
0.891147
0.891148
0.891157
0.891158
0.891158
0.891157
0.891158
0.891166
0.891165
0.891165
0.891165
0.891161
0.891158
0.891159
0.891152
0.89115
0.891146
0.891147
0.891148
0.891141
0.891142
0.891146
0.891132
0.891123
0.891121
0.891119
0.89112
0.891112
0.891099
0.891099
0.891104
0.891098
0.891094
0.891104
0.891099
0.891097
0.891102
0.891099
0.891093
0.891091
0.891087
0.891098
0.891112
0.891118
0.89112
0.891127
0.891136
0.891135
0.891143
0.891158
0.891169
0.891177
0.891194
0.89121
0.891211
0.891208
0.891211
0.891216
0.891228
0.891238
0.891257
0.89125
0.891266
0.891262
0.891271
0.891274
0.891291
0.891295
0.89131
0.891308
0.891304
0.891301
0.891303
0.8913
0.891292
0.891289
0.891293
0.891274
0.891263
0.891254
0.891247
0.891247
0.891249
0.891235
0.891223
0.891207
0.891184
0.891171
0.891158
0.891144
0.891133
0.891119
0.891103
0.891086
0.891077
0.891072
0.891056
0.891041
0.89102
0.891007
0.890988
0.890978
0.890964
0.890947
0.890943
0.890935
0.890912
0.890895
0.89087
0.890857
0.890841
0.890825
0.890812
0.890801
0.890779
0.890756
0.890746
0.89074
0.890733
0.890724
0.890715
0.890693
0.89068
0.890668
0.890658
0.890652
0.890629
0.890616
0.890599
0.890579
0.89056
0.890545
0.890525
0.890516
0.890496
0.890473
0.890456
0.890437
0.890406
0.890391
0.890378
0.890371
0.890348
0.890331
0.890306
0.890274
0.890257
0.890241
0.890218
0.890195
0.89018
0.890158
0.890137
0.890123
0.890108
0.890095
0.89008
0.890074
0.890053
0.890043
0.890042
0.890028
0.890025
0.890012
0.89
0.889994
0.889999
0.890008
0.890009
0.890018
0.890017
0.890017
0.890036
0.890036
0.890046
0.890054
0.890062
0.890085
0.890106
0.890134
0.890156
0.890173
0.890201
0.890221
0.890255
0.890283
0.890318
0.890353
0.890383
0.890408
0.890439
0.890474
0.890509
0.890554
0.890592
0.890626
0.89066
0.890705
0.890749
0.89079
0.89083
0.890871
0.890906
0.890928
0.890975
0.891016
0.891041
0.891078
0.89111
0.891151
0.89119
0.891226
0.891268
0.891311
0.891353
0.891383
0.891404
0.891439
0.891483
0.891515
0.891536
0.891571
0.891604
0.891637
0.891657
0.891685
0.891717
0.891757
0.891786
0.891817
0.891837
0.891855
0.891882
0.891916
0.891936
0.891948
0.891984
0.892014
0.892053
0.892087
0.892109
0.892127
0.892153
0.892173
0.892198
0.892222
0.892251
0.892275
0.892296
0.89232
0.892335
0.892365
0.892377
0.892395
0.892392
0.892406
0.89241
0.892418
0.892426
0.892423
0.892422
0.892424
0.892423
0.892414
0.892407
0.892405
0.892404
0.892409
0.8924
0.892385
0.892366
0.892361
0.892355
0.892327
0.892301
0.89228
0.892246
0.892225
0.892207
0.892185
0.892158
0.892117
0.892086
0.892058
0.892028
0.891998
0.891962
0.891926
0.891893
0.891864
0.891814
0.89178
0.891755
0.891714
0.891677
0.891638
0.891592
0.891554
0.891506
0.891465
0.891416
0.891378
0.891328
0.891285
0.891249
0.891214
0.891166
0.891123
0.891079
0.891033
0.890981
0.890952
0.890904
0.890857
0.890813
0.890761
0.890709
0.890667
0.890613
0.890573
0.890528
0.890481
0.890435
0.890406
0.890358
0.890319
0.890277
0.89025
0.890225
0.890194
0.890178
0.890151
0.890117
0.890098
0.890079
0.890067
0.890039
0.890024
0.890007
0.889987
0.889971
0.889956
0.88995
0.88995
0.889943
0.889949
0.889952
0.889957
0.889962
0.889959
0.889966
0.88998
0.889994
0.890011
0.890028
0.890034
0.890055
0.890072
0.890081
0.890104
0.890128
0.890143
0.890182
0.890208
0.890225
0.890248
0.890277
0.890321
0.890351
0.890384
0.89041
0.890439
0.890472
0.890498
0.89053
0.890558
0.890584
0.89061
0.890641
0.890664
0.890694
0.890724
0.890752
0.890776
0.890803
0.890833
0.890869
0.890891
0.890912
0.890936
0.890958
0.890977
0.890991
0.891004
0.891017
0.891037
0.891056
0.891069
0.891087
0.89111
0.891129
0.891136
0.891142
0.891147
0.891157
0.891169
0.891176
0.891189
0.891207
0.891225
0.891239
0.891244
0.891252
0.891264
0.891283
0.891289
0.891302
0.89132
0.891335
0.89136
0.891388
0.891413
0.891445
0.891477
0.89151
0.891549
0.891583
0.89162
0.89166
0.89171
0.891762
0.891807
0.891859
0.891909
0.89196
0.892001
0.892063
0.892108
0.892173
0.892219
0.892272
0.892334
0.8924
0.892449
0.892503
0.892562
0.892614
0.892665
0.892715
0.892773
0.892819
0.892858
0.892899
0.892957
0.893009
0.89306
0.893104
0.893158
0.893197
0.893238
0.893267
0.893302
0.89333
0.893363
0.893386
0.893424
0.893452
0.893458
0.893487
0.893494
0.893508
0.893516
0.893528
0.89354
0.893533
0.893543
0.893547
0.893534
0.893526
0.893512
0.893496
0.893485
0.89346
0.893446
0.89343
0.893415
0.893397
0.893378
0.893357
0.893322
0.893307
0.893276
0.893249
0.893224
0.893198
0.893163
0.893131
0.893102
0.893064
0.893038
0.893004
0.892964
0.892934
0.89289
0.892845
0.892791
0.892744
0.892705
0.892658
0.892597
0.892552
0.892492
0.89242
0.892362
0.892312
0.892265
0.892218
0.892172
0.892119
0.892067
0.892019
0.891974
0.891915
0.891861
0.891824
0.891773
0.891726
0.891677
0.891623
0.891566
0.891516
0.891457
0.891403
0.891339
0.891278
0.891224
0.891171
0.891118
0.891062
0.891011
0.890954
0.890907
0.890862
0.89083
0.890786
0.890734
0.890689
0.890646
0.890626
0.890589
0.890548
0.890503
0.890465
0.890426
0.890385
0.890359
0.890333
0.890291
0.890248
0.890217
0.890185
0.890158
0.890117
0.890092
0.890047
0.890019
0.88998
0.88995
0.889932
0.889905
0.88988
0.889874
0.889862
0.889853
0.889843
0.88983
0.889819
0.889813
0.889795
0.889793
0.889784
0.889788
0.889786
0.889792
0.889794
0.889783
0.88979
0.889791
0.889791
0.889808
0.889822
0.889835
0.889845
0.889862
0.889867
0.889881
0.889894
0.88991
0.889935
0.889956
0.88997
0.889994
0.890015
0.890035
0.890058
0.890087
0.890118
0.890149
0.890169
0.890197
0.890222
0.890249
0.890276
0.8903
0.890321
0.890339
0.89036
0.890383
0.890407
0.890429
0.89045
0.890461
0.890472
0.890489
0.890491
0.890493
0.890504
0.890508
0.89051
0.890514
0.890517
0.890517
0.890521
0.890498
0.890506
0.890498
0.890487
0.89048
0.890473
0.890474
0.890465
0.890442
0.890438
0.890428
0.890423
0.890398
0.890389
0.890369
0.890368
0.890349
0.89033
0.89031
0.890299
0.890283
0.890259
0.890244
0.890225
0.890195
0.890176
0.890153
0.890134
0.890119
0.890103
0.890081
0.89006
0.890047
0.89003
0.890014
0.889994
0.889976
0.889965
0.88995
0.889943
0.889928
0.889909
0.889899
0.889898
0.889889
0.88989
0.88989
0.889896
0.889896
0.889902
0.889914
0.889928
0.88993
0.889935
0.889945
0.889957
0.889982
0.88999
0.890002
0.890022
0.890046
0.890061
0.890086
0.890109
0.890136
0.89016
0.890198
0.890225
0.890248
0.89028
0.890311
0.890346
0.890381
0.890419
0.890452
0.890498
0.89053
0.890574
0.890621
0.890661
0.890699
0.890748
0.890788
0.890822
0.890868
0.89091
0.890961
0.891009
0.891054
0.8911
0.891142
0.891189
0.891232
0.891286
0.891338
0.891376
0.891418
0.891448
0.891481
0.891531
0.891568
0.891607
0.891641
0.891677
0.891702
0.891739
0.891783
0.891816
0.891849
0.891892
0.891915
0.891939
0.891963
0.891998
0.892034
0.892064
0.892076
0.892099
0.892123
0.892148
0.892166
0.892192
0.892212
0.892219
0.892231
0.89224
0.892249
0.892258
0.892273
0.892274
0.892274
0.892284
0.892281
0.892284
0.892281
0.892289
0.892281
0.892283
0.892268
0.892268
0.892248
0.892241
0.892223
0.89221
0.89219
0.892175
0.892155
0.892123
0.892102
0.892078
0.892052
0.89202
0.891998
0.891964
0.891929
0.891898
0.891863
0.891835
0.891799
0.891764
0.891725
0.891687
0.891664
0.891626
0.891597
0.891553
0.891511
0.89148
0.891453
0.89141
0.891369
0.891332
0.891302
0.891274
0.89124
0.891203
0.891163
0.891139
0.891108
0.891076
0.891046
0.891009
0.890973
0.890944
0.890926
0.890896
0.890879
0.890857
0.890835
0.890813
0.890793
0.890791
0.890784
0.890765
0.890754
0.890744
0.890746
0.890739
0.89074
0.89073
0.890741
0.890736
0.890728
0.890732
0.890728
0.890736
0.890744
0.890741
0.890737
0.890752
0.89075
0.890755
0.890761
0.890768
0.890769
0.89077
0.890765
0.890767
0.890777
0.890786
0.890782
0.890782
0.890786
0.890789
0.89079
0.890792
0.890796
0.890805
0.890801
0.890807
0.890807
0.890812
0.890822
0.890834
0.890839
0.890839
0.89083
0.890831
0.890833
0.890838
0.890846
0.890849
0.890847
0.890844
0.890841
0.890844
0.890843
0.89084
0.890842
0.890848
0.89085
0.890858
0.890853
0.890845
0.890844
0.890851
0.890848
0.890858
0.890856
0.890852
0.890857
0.890852
0.890863
0.890868
0.890886
0.890879
0.890886
0.890892
0.890896
0.890903
0.890917
0.890928
0.890934
0.890938
0.890944
0.890948
0.890945
0.890954
0.89096
0.890966
0.890973
0.890975
0.890977
0.890992
0.891007
0.891019
0.891021
0.891019
0.891018
0.891024
0.891035
0.89103
0.891027
0.891034
0.891044
0.891047
0.891051
0.891052
0.89106
0.891065
0.891079
0.891068
0.891073
0.891074
0.891082
0.891082
0.891079
0.891077
0.891082
0.891087
0.891079
0.891079
0.891087
0.89108
0.891076
0.891075
0.891079
0.89107
0.891073
0.891073
0.891063
0.891059
0.891055
0.891043
0.89103
0.891023
0.891017
0.891016
0.891017
0.891001
0.890977
0.890958
0.890932
0.890911
0.890897
0.890865
0.89085
0.890832
0.890805
0.890773
0.89074
0.890724
0.890703
0.890686
0.890653
0.890619
0.890592
0.890562
0.890536
0.89051
0.890481
0.890449
0.890415
0.890397
0.890383
0.890352
0.890324
0.890304
0.890277
0.890251
0.890218
0.890182
0.890162
0.890135
0.89011
0.890087
0.890056
0.89004
0.890013
0.889996
0.889975
0.889955
0.889943
0.889922
0.88991
0.889895
0.88988
0.889873
0.889867
0.889869
0.889869
0.889866
0.889866
0.889862
0.889885
0.889898
0.889906
0.889919
0.889933
0.889954
0.889973
0.889988
0.89
0.890031
0.890044
0.890055
0.890088
0.890122
0.890152
0.89019
0.890227
0.890263
0.890313
0.890347
0.890393
0.890434
0.890478
0.890513
0.890552
0.890595
0.890644
0.890683
0.890721
0.890767
0.890797
0.890834
0.890868
0.890885
0.890917
0.890952
0.890985
0.891016
0.891036
0.891059
0.891085
0.89111
0.891134
0.891161
0.891182
0.891199
0.891222
0.891234
0.891242
0.891257
0.891277
0.891283
0.891298
0.891303
0.891305
0.891308
0.891321
0.891326
0.89133
0.891331
0.891327
0.891325
0.891329
0.891327
0.89132
0.891305
0.891311
0.891312
0.891311
0.891312
0.891311
0.891301
0.891288
0.891278
0.89126
0.891251
0.891243
0.891236
0.891226
0.891212
0.891198
0.891182
0.891163
0.891151
0.891147
0.891142
0.891133
0.891122
0.891115
0.891112
0.891095
0.891088
0.891089
0.891085
0.891072
0.89107
0.891065
0.891069
0.891062
0.891063
0.891063
0.891062
0.89106
0.891054
0.891049
0.891055
0.891061
0.891061
0.89107
0.891065
0.891056
0.891046
0.891045
0.891053
0.891052
0.891069
0.891064
0.891058
0.891057
0.891055
0.891045
0.891041
0.891038
0.891029
0.891025
0.891016
0.890998
0.891004
0.890993
0.890981
0.890971
0.890966
0.890951
0.890953
0.890945
0.890935
0.890929
0.890926
0.89091
0.890895
0.890876
0.89086
0.890848
0.890848
0.890843
0.890827
0.890811
0.890806
0.890791
0.890774
0.890774
0.890753
0.89075
0.890732
0.890716
0.890714
0.890705
0.890701
0.890685
0.890675
0.890676
0.890662
0.890647
0.890642
0.890629
0.890614
0.890612
0.890599
0.890585
0.890579
0.890559
0.890542
0.890535
0.890524
0.89051
0.890498
0.890496
0.890489
0.890487
0.890481
0.890475
0.890473
0.890475
0.890482
0.89048
0.890486
0.890487
0.890494
0.890503
0.890509
0.890515
0.890533
0.890561
0.890574
0.89059
0.890613
0.890636
0.890649
0.890668
0.890683
0.890704
0.890732
0.890756
0.890777
0.890811
0.890841
0.890857
0.890882
0.89091
0.890937
0.89096
0.890968
0.890993
0.891013
0.891033
0.891062
0.891086
0.891114
0.891128
0.891136
0.891157
0.891182
0.891198
0.891218
0.891224
0.891236
0.891242
0.891244
0.891248
0.891249
0.891245
0.891232
0.891231
0.891222
0.891213
0.891198
0.891191
0.891183
0.891169
0.891143
0.891127
0.891102
0.891078
0.891058
0.891045
0.891014
0.890978
0.890945
0.890908
0.890874
0.890843
0.890808
0.890785
0.890748
0.89072
0.890681
0.890654
0.890609
0.890581
0.89055
0.890519
0.890489
0.890461
0.890414
0.890389
0.89036
0.890329
0.890291
0.890256
0.890228
0.890197
0.890168
0.89014
0.890113
0.890074
0.89005
0.890027
0.890015
0.889991
0.889957
0.889931
0.889916
0.889884
0.889865
0.889827
0.889793
0.889773
0.889736
0.889707
0.88969
0.889669
0.88965
0.889632
0.889611
0.889591
0.88957
0.889553
0.88954
0.889531
0.889521
0.8895
0.889488
0.889476
0.889467
0.889449
0.889439
0.889421
0.889409
0.889404
0.889404
0.889414
0.889408
0.889411
0.889408
0.889408
0.889409
0.889421
0.889415
0.889426
0.889427
0.889434
0.889442
0.889469
0.889481
0.889489
0.889506
0.889519
0.889536
0.889546
0.88955
0.889577
0.88959
0.889605
0.889622
0.88964
0.889651
0.889676
0.8897
0.88972
0.889757
0.889772
0.889791
0.889805
0.889826
0.88984
0.889866
0.889886
0.889897
0.889908
0.889938
0.889958
0.889979
0.889996
0.890025
0.890051
0.890082
0.890113
0.890143
0.890172
0.890202
0.890237
0.890268
0.89029
0.890321
0.890355
0.890391
0.890412
0.890454
0.890476
0.890507
0.890533
0.890565
0.890591
0.890613
0.890646
0.890683
0.890719
0.890721
0.89074
0.890769
0.890776
0.8908
0.890835
0.890847
0.890867
0.890889
0.89091
0.890934
0.890949
0.890963
0.890979
0.890989
0.891
0.891012
0.89101
0.891007
0.891011
0.891022
0.891038
0.891058
0.89106
0.891058
0.891057
0.89106
0.891075
0.89108
0.891094
0.891105
0.891118
0.891129
0.891132
0.891144
0.89115
0.891163
0.891174
0.891173
0.891164
0.891168
0.891188
0.891207
0.891218
0.891226
0.891228
0.891234
0.891245
0.891251
0.891264
0.89128
0.891284
0.891304
0.891323
0.89133
0.891334
0.891343
0.891356
0.891367
0.891381
0.8914
0.891412
0.891427
0.891444
0.89147
0.891476
0.891494
0.891513
0.891532
0.891541
0.891553
0.891563
0.891576
0.891598
0.891617
0.891622
0.891625
0.891637
0.891647
0.891662
0.891672
0.891672
0.891691
0.891701
0.891712
0.891711
0.891721
0.89174
0.891733
0.891742
0.891748
0.891747
0.891763
0.89177
0.891784
0.891797
0.891797
0.891805
0.891803
0.891819
0.891829
0.891831
0.891833
0.891831
0.891836
0.891845
0.891845
0.891857
0.89186
0.89186
0.891875
0.891891
0.891901
0.891898
0.891908
0.891921
0.891918
0.891917
0.891924
0.891936
0.891948
0.891949
0.891966
0.891967
0.891978
0.891986
0.892
0.892006
0.892025
0.892031
0.89204
0.89204
0.892038
0.892039
0.892035
0.892041
0.892038
0.89203
0.892034
0.892031
0.892032
0.892019
0.892004
0.891991
0.891982
0.89196
0.891956
0.891939
0.891935
0.891918
0.891901
0.89189
0.891876
0.891853
0.891832
0.891805
0.891772
0.891741
0.891713
0.891688
0.891658
0.891627
0.891592
0.891566
0.891547
0.891518
0.891487
0.891452
0.891418
0.891385
0.891365
0.891327
0.891292
0.891267
0.891243
0.891209
0.891196
0.89118
0.891161
0.891142
0.891124
0.891113
0.891106
0.891094
0.891083
0.891085
0.891065
0.891052
0.891045
0.891051
0.891046
0.891054
0.891074
0.891073
0.891079
0.891084
0.89109
0.891104
0.891109
0.891107
0.891121
0.891135
0.891141
0.891152
0.891165
0.891181
0.891189
0.891196
0.891221
0.89123
0.891242
0.89125
0.891255
0.891275
0.891286
0.891302
0.89132
0.891326
0.891327
0.891331
0.891324
0.891338
0.891333
0.891324
0.891318
0.891318
0.891316
0.891301
0.891299
0.891296
0.891288
0.891272
0.891253
0.891242
0.89123
0.891205
0.891187
0.891173
0.89116
0.891138
0.891121
0.891104
0.891085
0.891069
0.891042
0.891025
0.891005
0.890986
0.890959
0.890939
0.890932
0.890921
0.890904
0.89089
0.89087
0.89085
0.890848
0.89084
0.890825
0.890817
0.890797
0.890799
0.890789
0.890784
0.890793
0.890795
0.890806
0.890814
0.890819
0.890818
0.89083
0.890845
0.890863
0.890878
0.89089
0.890903
0.890919
0.890939
0.89096
0.890977
0.890989
0.891016
0.89104
0.89106
0.891092
0.891116
0.891146
0.891166
0.891194
0.891221
0.89125
0.891265
0.89129
0.891329
0.891359
0.891375
0.891401
0.891427
0.891446
0.891461
0.891482
0.891503
0.891516
0.891532
0.891554
0.89157
0.89159
0.891599
0.891606
0.891617
0.891619
0.891622
0.891629
0.891629
0.891625
0.891633
0.89162
0.891616
0.8916
0.891592
0.891584
0.891575
0.891558
0.891556
0.891542
0.891531
0.891519
0.891497
0.891489
0.891479
0.891467
0.891445
0.891436
0.891416
0.891397
0.891387
0.89137
0.891353
0.891332
0.891309
0.891299
0.891292
0.891279
0.891269
0.891262
0.891245
0.891228
0.89122
0.891218
0.891218
0.891211
0.891208
0.891208
0.891203
0.891202
0.8912
0.891204
0.891208
0.891223
0.891231
0.891247
0.891261
0.891286
0.891292
0.891301
0.891328
0.891344
0.891354
0.891385
0.89141
0.891432
0.891459
0.891486
0.891517
0.891539
0.891574
0.891593
0.891626
0.891662
0.891687
0.891729
0.891766
0.891792
0.891844
0.89188
0.891908
0.891949
0.891975
0.892003
0.892046
0.89208
0.892114
0.892145
0.892169
0.89219
0.892221
0.892249
0.892283
0.892303
0.892316
0.892331
0.892352
0.892365
0.892379
0.89241
0.892423
0.892421
0.892419
0.892413
0.892412
0.892403
0.892394
0.892397
0.892386
0.892368
0.892361
0.892344
0.892335
0.892314
0.892291
0.892294
0.892278
0.892251
0.892238
0.892224
0.892216
0.892195
0.892179
0.89216
0.892144
0.892125
0.892113
0.892096
0.892078
0.892053
0.892038
0.892026
0.89201
0.891998
0.891998
0.891982
0.891978
0.891967
0.891951
0.891928
0.891931
0.891935
0.891931
0.891924
0.891924
0.891906
0.891905
0.891901
0.891897
0.891899
0.891905
0.891905
0.891898
0.891896
0.891911
0.891914
0.89191
0.891909
0.891919
0.891918
0.891921
0.891931
0.891917
0.891916
0.89192
0.891928
0.891925
0.891916
0.891915
0.891913
0.891905
0.891897
0.891891
0.89188
0.891887
0.891876
0.891862
0.891855
0.891848
0.891839
0.891834
0.891818
0.891812
0.8918
0.891781
0.891765
0.891747
0.891731
0.891718
0.891692
0.891675
0.891662
0.891648
0.89163
0.891611
0.891586
0.891562
0.891552
0.891533
0.891505
0.891486
0.891464
0.891451
0.89144
0.891428
0.891414
0.891406
0.891402
0.891379
0.891361
0.891364
0.891356
0.891341
0.891332
0.891315
0.8913
0.891298
0.891282
0.891278
0.891269
0.89127
0.891265
0.891259
0.891266
0.891269
0.891271
0.891273
0.89128
0.891274
0.891272
0.891272
0.891274
0.891278
0.891287
0.891291
0.891304
0.89132
0.891323
0.891326
0.891342
0.891347
0.891347
0.891353
0.891346
0.891347
0.891339
0.891335
0.891331
0.891323
0.891315
0.891298
0.891289
0.891278
0.891271
0.891254
0.891239
0.89122
0.891197
0.891184
0.891165
0.891144
0.891119
0.891102
0.891081
0.891045
0.89101
0.89099
0.890976
0.890944
0.89091
0.890889
0.890859
0.890832
0.890801
0.890767
0.890743
0.890705
0.890675
0.890643
0.890601
0.890559
0.890525
0.890495
0.890469
0.890445
0.890412
0.890389
0.890357
0.890333
0.890302
0.890267
0.89024
0.890207
0.890173
0.890131
0.890097
0.890069
0.890038
0.890005
0.889972
0.889942
0.889906
0.889872
0.889841
0.889813
0.889789
0.889754
0.889728
0.889713
0.889688
0.889663
0.889625
0.889601
0.889575
0.889567
0.889559
0.889549
0.889541
0.889527
0.889516
0.889503
0.889494
0.889498
0.889493
0.889498
0.889496
0.889516
0.889514
0.889536
0.889549
0.889568
0.88959
0.889622
0.889651
0.889678
0.889705
0.889753
0.889801
0.889838
0.889873
0.889913
0.889964
0.890008
0.890051
0.890101
0.890161
0.890224
0.890284
0.890343
0.890406
0.890474
0.890547
0.890621
0.89069
0.890768
0.89084
0.890918
0.891003
0.891059
0.891134
0.891205
0.891285
0.891342
0.891411
0.891484
0.891559
0.891608
0.89167
0.89173
0.891784
0.891842
0.891894
0.89195
0.892006
0.892058
0.892101
0.892144
0.892182
0.892217
0.892259
0.892292
0.892325
0.892351
0.892383
0.892411
0.892451
0.892475
0.892495
0.892515
0.892526
0.892541
0.89255
0.892563
0.892573
0.892578
0.892576
0.892574
0.892567
0.892555
0.892537
0.892516
0.892505
0.892487
0.892468
0.892444
0.892414
0.892385
0.892343
0.892312
0.892272
0.892231
0.892196
0.892149
0.892108
0.892054
0.892007
0.891967
0.891921
0.89186
0.891804
0.891759
0.891709
0.891649
0.891604
0.891546
0.891492
0.891443
0.891392
0.891342
0.891288
0.89123
0.891164
0.891114
0.891058
0.890996
0.890949
0.890902
0.890844
0.890785
0.890736
0.890684
0.890629
0.890564
0.890509
0.890445
0.890393
0.890333
0.890274
0.890221
0.890171
0.890109
0.890044
0.889986
0.889942
0.889892
0.889847
0.889799
0.889757
0.889708
0.889654
0.889605
0.889546
0.889487
0.889444
0.889384
0.889334
0.889289
0.889248
0.889204
0.889153
0.889103
0.889062
0.889025
0.888978
0.888944
0.888908
0.888876
0.888834
0.888798
0.88877
0.888746
0.888718
0.888679
0.888647
0.888617
0.888594
0.888559
0.888547
0.888524
0.888494
0.888474
0.888457
0.888445
0.888422
0.888413
0.888398
0.888388
0.888373
0.888357
0.888345
0.888331
0.88832
0.888319
0.888306
0.888293
0.888304
0.888302
0.888289
0.888279
0.888267
0.888262
0.888266
0.888267
0.888272
0.888268
0.888264
0.888268
0.888261
0.888252
0.888253
0.888256
0.88825
0.888242
0.888248
0.888249
0.888249
0.888253
0.888256
0.888246
0.888247
0.888249
0.888261
0.888258
0.888258
0.888253
0.888255
0.888254
0.888256
0.888254
0.888246
0.888233
0.888238
0.888234
0.888241
0.888241
0.888241
0.888231
0.888241
0.888244
0.888236
0.888247
0.888252
0.888255
0.88827
0.888282
0.888289
0.888303
0.888311
0.888343
0.888363
0.888369
0.88838
0.888406
0.888423
0.888436
0.888463
0.888478
0.888501
0.888518
0.888546
0.888577
0.888608
0.888629
0.888652
0.888689
0.888718
0.888756
0.888782
0.888818
0.888862
0.888891
0.888916
0.88896
0.888992
0.889041
0.889071
0.889119
0.889166
0.889215
0.889279
0.889341
0.889385
0.889428
0.889478
0.889531
0.889576
0.88962
0.889665
0.889718
0.889765
0.889814
0.889862
0.88989
0.889926
0.889965
0.890003
0.890046
0.890078
0.890113
0.890145
0.890188
0.890234
0.890276
0.89031
0.890338
0.890358
0.890393
0.890406
0.890422
0.890439
0.890458
0.890484
0.890502
0.890514
0.890535
0.890559
0.890578
0.890592
0.890602
0.890607
0.890614
0.890605
0.890614
0.89063
0.890645
0.890659
0.890678
0.890676
0.890691
0.890704
0.890727
0.890748
0.890745
0.890758
0.890763
0.890766
0.89078
0.890781
0.890789
0.890798
0.890814
0.890831
0.890839
0.890845
0.890848
0.890854
0.890873
0.890889
0.890886
0.890894
0.890902
0.890908
0.890918
0.890927
0.890927
0.890933
0.890947
0.890951
0.890957
0.89096
0.890975
0.890976
0.890983
0.890986
0.890994
0.890997
0.891003
0.891015
0.891028
0.891033
0.891038
0.891055
0.891061
0.891065
0.89109
0.891101
0.891108
0.891113
0.891122
0.891141
0.891157
0.891173
0.891185
0.891196
0.891218
0.891235
0.891253
0.891267
0.891283
0.891312
0.891336
0.891345
0.891358
0.891375
0.89141
0.89142
0.89144
0.891461
0.891494
0.891516
0.891538
0.891558
0.891579
0.89159
0.891608
0.891623
0.891646
0.89167
0.891696
0.891709
0.891725
0.891738
0.891754
0.891772
0.891786
0.891794
0.891803
0.891805
0.891805
0.891804
0.891801
0.891805
0.8918
0.8918
0.891808
0.891799
0.891807
0.891802
0.891806
0.891801
0.891799
0.891795
0.891797
0.891805
0.891806
0.891798
0.891791
0.891798
0.891791
0.891799
0.891796
0.891797
0.891802
0.891804
0.891805
0.891813
0.891817
0.891824
0.891837
0.89184
0.891845
0.891854
0.891872
0.89188
0.891894
0.891902
0.891913
0.891925
0.891939
0.891954
0.891968
0.891987
0.891997
0.892014
0.892018
0.892031
0.892044
0.892056
0.892074
0.892089
0.892115
0.892126
0.892136
0.892149
0.892158
0.892163
0.892172
0.892177
0.892172
0.892181
0.892183
0.892197
0.892196
0.892198
0.892197
0.892195
0.8922
0.892204
0.892205
0.892207
0.89222
0.892226
0.892215
0.892211
0.892198
0.892179
0.892176
0.892173
0.89217
0.892169
0.892164
0.892155
0.892137
0.892138
0.892141
0.892142
0.892143
0.892141
0.892138
0.892143
0.892137
0.892131
0.892137
0.89214
0.892148
0.892146
0.892148
0.892152
0.892159
0.892172
0.892183
0.892193
0.892211
0.892223
0.892232
0.89224
0.892259
0.892279
0.892294
0.892298
0.892301
0.892326
0.892338
0.892352
0.892363
0.892379
0.892391
0.892414
0.892424
0.892437
0.892445
0.892457
0.892462
0.892478
0.892471
0.892474
0.892477
0.892477
0.89248
0.892481
0.892472
0.892473
0.892469
0.892464
0.892459
0.892451
0.89245
0.892431
0.892422
0.892401
0.89239
0.892375
0.892359
0.892349
0.892337
0.892326
0.892324
0.892317
0.892306
0.892283
0.892252
0.892224
0.892197
0.892164
0.89214
0.892118
0.8921
0.892071
0.892059
0.892041
0.892021
0.892001
0.891978
0.891944
0.891919
0.891888
0.891876
0.891857
0.891834
0.891805
0.891778
0.891761
0.891735
0.89171
0.891681
0.891661
0.891642
0.891616
0.891587
0.891557
0.891522
0.891503
0.891466
0.891439
0.891412
0.891372
0.891336
0.891293
0.891261
0.891223
0.891187
0.891137
0.891102
0.891062
0.891014
0.890975
0.890927
0.89089
0.890837
0.89079
0.890747
0.890688
0.890641
0.890581
0.89052
0.890449
0.890391
0.890329
0.890263
0.890205
0.890131
0.890071
0.889998
0.889925
0.88986
0.889796
0.889728
0.889647
0.889579
0.889504
0.889429
0.889348
0.88929
0.889236
0.88918
0.889114
0.88905
0.88899
0.88893
0.888876
0.888819
0.888762
0.888705
0.888655
0.888621
0.888566
0.888524
0.888488
0.888443
0.888406
0.888369
0.888334
0.888303
0.888277
0.888237
0.88822
0.888191
0.888173
0.888146
0.888128
0.888112
0.888097
0.888073
0.888049
0.888044
0.888037
0.888023
0.888013
0.887996
0.887997
0.88799
0.887978
0.887976
0.887973
0.887966
0.887978
0.88799
0.887986
0.887989
0.887992
0.887999
0.888004
0.888024
0.888037
0.88805
0.88806
0.888078
0.888106
0.888128
0.88816
0.888186
0.888209
0.888239
0.888274
0.888302
0.888335
0.888362
0.888396
0.888425
0.888467
0.888503
0.888538
0.888576
0.888613
0.888651
0.888689
0.888724
0.888766
0.888818
0.888857
0.888896
0.888946
0.888986
0.889027
0.889068
0.889109
0.889154
0.889194
0.889246
0.889274
0.889328
0.889371
0.889408
0.889449
0.889495
0.889525
0.889562
0.889608
0.889653
0.889702
0.889736
0.889776
0.889817
0.889863
0.889901
0.889948
0.889991
0.890035
0.890075
0.890128
0.890166
0.890206
0.890249
0.890291
0.890339
0.890372
0.890404
0.890448
0.890474
0.890512
0.890535
0.890569
0.890593
0.890621
0.890653
0.890686
0.890712
0.890735
0.890752
0.890773
0.890784
0.890792
0.890801
0.890811
0.890833
0.890844
0.890865
0.89087
0.890872
0.890875
0.890872
0.890874
0.890883
0.890887
0.890891
0.890889
0.89089
0.890886
0.890892
0.890896
0.890894
0.890889
0.890895
0.890902
0.890907
0.890912
0.890903
0.890908
0.890909
0.890913
0.89093
0.890931
0.890931
0.890945
0.890961
0.890967
0.890982
0.891006
0.891017
0.891025
0.891036
0.891054
0.891065
0.891071
0.891087
0.891102
0.891117
0.89113
0.891148
0.891165
0.891183
0.891207
0.891234
0.89126
0.89127
0.891289
0.891315
0.891339
0.891349
0.891375
0.891392
0.891407
0.891429
0.891446
0.891462
0.891482
0.891508
0.891529
0.891548
0.891555
0.891579
0.891591
0.891611
0.891624
0.891639
0.891655
0.891663
0.89167
0.891683
0.891692
0.891699
0.891706
0.891701
0.891708
0.891712
0.891704
0.891705
0.891692
0.891688
0.89169
0.891688
0.891688
0.891675
0.891678
0.891676
0.891664
0.891665
0.891656
0.891647
0.891639
0.891626
0.89161
0.89159
0.891576
0.891576
0.89156
0.891554
0.891522
0.891496
0.891478
0.891473
0.891442
0.891422
0.891398
0.891389
0.891375
0.891352
0.891338
0.891326
0.891309
0.891288
0.891268
0.891249
0.891238
0.891214
0.891194
0.891164
0.891137
0.891103
0.891067
0.891042
0.891013
0.890973
0.890923
0.890904
0.890871
0.89084
0.890792
0.890759
0.890725
0.890689
0.890645
0.890608
0.890568
0.890534
0.890502
0.890466
0.890432
0.890396
0.890351
0.890307
0.890261
0.890215
0.890176
0.890136
0.890094
0.890059
0.89002
0.889982
0.889936
0.8899
0.889867
0.889831
0.889798
0.88977
0.889738
0.889711
0.889688
0.889651
0.889624
0.889603
0.889583
0.889564
0.889549
0.889522
0.889508
0.889494
0.889475
0.88946
0.889457
0.889461
0.889452
0.889446
0.889444
0.889443
0.889437
0.889435
0.889439
0.889447
0.889446
0.889435
0.889437
0.889436
0.889434
0.889443
0.889431
0.889431
0.889431
0.889434
0.889431
0.889434
0.889444
0.889436
0.889428
0.889416
0.889411
0.889401
0.889386
0.889376
0.889363
0.889354
0.889343
0.889345
0.88935
0.889343
0.88934
0.889319
0.889311
0.889304
0.889287
0.889278
0.88927
0.889262
0.889266
0.889245
0.889242
0.889252
0.889246
0.889244
0.889257
0.889257
0.889256
0.889243
0.889236
0.889241
0.889234
0.889237
0.889242
0.88926
0.889277
0.889287
0.889292
0.889306
0.889316
0.889328
0.889341
0.889356
0.889372
0.889391
0.889416
0.889435
0.889452
0.889484
0.889508
0.889539
0.889561
0.889585
0.889614
0.889642
0.889675
0.889698
0.889729
0.889755
0.889785
0.889823
0.889855
0.889892
0.889918
0.88994
0.889979
0.890003
0.890031
0.89006
0.890086
0.890118
0.890135
0.890162
0.890199
0.890239
0.890264
0.890286
0.890313
0.890337
0.890362
0.890389
0.890433
0.890461
0.890483
0.89052
0.890545
0.890571
0.890602
0.890627
0.89065
0.89068
0.8907
0.890727
0.890755
0.890779
0.890802
0.890829
0.890855
0.89088
0.890904
0.890928
0.890941
0.89096
0.890978
0.891005
0.891012
0.891034
0.891056
0.891061
0.89106
0.891074
0.891088
0.89109
0.891101
0.891103
0.89111
0.891112
0.891113
0.891108
0.891111
0.891112
0.891111
0.891118
0.891114
0.891107
0.891109
0.891105
0.891108
0.891097
0.891107
0.891117
0.891112
0.891111
0.891112
0.891122
0.891121
0.891121
0.89112
0.891113
0.891117
0.891115
0.891126
0.891137
0.891144
0.891151
0.891159
0.891169
0.891183
0.891185
0.891182
0.891186
0.891192
0.891194
0.8912
0.891214
0.891231
0.891251
0.891262
0.891268
0.891278
0.891292
0.891289
0.891297
0.891307
0.891313
0.891332
0.891345
0.891354
0.891364
0.891358
0.89137
0.891373
0.891377
0.89138
0.891389
0.891391
0.891383
0.891386
0.891386
0.891388
0.891398
0.891401
0.891408
0.891405
0.891405
0.891413
0.891419
0.891412
0.891416
0.891415
0.891414
0.891414
0.891423
0.891444
0.891449
0.891453
0.891451
0.891441
0.89144
0.891443
0.891448
0.891443
0.891433
0.89143
0.891418
0.891419
0.891403
0.891386
0.891387
0.891392
0.891391
0.891397
0.891392
0.891375
0.891365
0.89135
0.891341
0.891336
0.891333
0.891317
0.8913
0.891279
0.891253
0.891242
0.891234
0.89122
0.891213
0.8912
0.89119
0.89118
0.891156
0.89114
0.891116
0.891106
0.891082
0.891053
0.89102
0.891001
0.890972
0.890945
0.890922
0.890903
0.890879
0.890851
0.890825
0.890798
0.890767
0.890741
0.890725
0.890711
0.890686
0.890665
0.890634
0.890612
0.890585
0.890565
0.890545
0.890512
0.890481
0.890461
0.890438
0.890412
0.890389
0.890361
0.890342
0.890318
0.890292
0.890267
0.890251
0.890239
0.89021
0.890183
0.890163
0.890138
0.89012
0.890089
0.890065
0.890053
0.890035
0.890021
0.890003
0.889988
0.889965
0.889952
0.889936
0.889921
0.889904
0.889886
0.889854
0.889855
0.88985
0.889839
0.889833
0.889815
0.889805
0.889806
0.889808
0.889813
0.889823
0.88982
0.889814
0.88979
0.889787
0.889774
0.889768
0.889764
0.889749
0.88976
0.889771
0.889768
0.889774
0.889774
0.889782
0.889799
0.889815
0.889819
0.88982
0.88983
0.889842
0.889849
0.889864
0.889872
0.889876
0.889901
0.889906
0.889927
0.889952
0.889965
0.889994
0.890025
0.890046
0.890065
0.890091
0.890119
0.890144
0.890178
0.890206
0.890228
0.890252
0.890277
0.890321
0.890355
0.890379
0.890411
0.890446
0.890469
0.890503
0.890521
0.890545
0.890578
0.890607
0.890631
0.890665
0.890685
0.890716
0.890751
0.890786
0.890809
0.890832
0.890859
0.890881
0.890901
0.890927
0.890955
0.890968
0.890983
0.891
0.891015
0.891041
0.891047
0.891058
0.891074
0.891089
0.89111
0.891117
0.891124
0.891128
0.891131
0.891117
0.891118
0.891122
0.891117
0.891112
0.891111
0.891105
0.891085
0.891087
0.891068
0.891046
0.891056
0.891035
0.891024
0.891018
0.891
0.890985
0.890985
0.890967
0.89095
0.89093
0.890922
0.890904
0.890884
0.890877
0.89087
0.890868
0.890851
0.890832
0.890814
0.890799
0.890789
0.89077
0.890753
0.890736
0.890729
0.890722
0.890712
0.890708
0.890702
0.890703
0.890694
0.890693
0.890688
0.890677
0.890674
0.890662
0.890661
0.890655
0.890648
0.890637
0.890638
0.89064
0.890642
0.890641
0.890642
0.890651
0.890651
0.890647
0.890641
0.890639
0.890651
0.890651
0.890656
0.890654
0.890648
0.890642
0.890646
0.890648
0.890649
0.890654
0.890655
0.890654
0.89065
0.890649
0.890644
0.890629
0.890633
0.890627
0.89063
0.890615
0.890619
0.890615
0.890605
0.890598
0.890592
0.89059
0.890576
0.890574
0.890554
0.890549
0.890542
0.890539
0.890533
0.890536
0.890531
0.890535
0.890533
0.890543
0.890547
0.890549
0.890559
0.890569
0.89057
0.890569
0.890579
0.890591
0.890606
0.890624
0.890627
0.890641
0.890652
0.890654
0.890658
0.89068
0.890698
0.89073
0.890735
0.890754
0.890768
0.890788
0.890816
0.890835
0.890852
0.890866
0.89089
0.890899
0.890915
0.890929
0.890933
0.890948
0.89096
0.890987
0.890998
0.891008
0.891013
0.89102
0.891041
0.891052
0.891057
0.891073
0.891092
0.891089
0.891102
0.8911
0.891106
0.891104
0.891111
0.891107
0.891101
0.891104
0.891091
0.89109
0.891087
0.891078
0.891076
0.891066
0.891056
0.891043
0.891029
0.891015
0.891017
0.891017
0.891019
0.890997
0.890985
0.890963
0.890943
0.890925
0.890904
0.890877
0.890861
0.890828
0.8908
0.890772
0.890756
0.890731
0.890711
0.890691
0.890666
0.890637
0.890619
0.890591
0.890574
0.890549
0.890522
0.8905
0.89048
0.890467
0.89044
0.890422
0.890404
0.89038
0.890359
0.890335
0.890313
0.890295
0.89028
0.890263
0.890246
0.890224
0.890208
0.890191
0.890182
0.890157
0.890137
0.890122
0.890104
0.890094
0.890085
0.890069
0.890053
0.890038
0.890019
0.890004
0.889983
0.88998
0.889967
0.889963
0.88996
0.889953
0.889945
0.88993
0.889914
0.889909
0.88989
0.88989
0.889878
0.889871
0.889872
0.889868
0.889873
0.889865
0.889877
0.889886
0.889882
0.889898
0.889895
0.889901
0.889902
0.88991
0.889919
0.889927
0.889939
0.889938
0.889931
0.889942
0.88993
0.88994
0.889952
0.889948
0.889959
0.889964
0.88999
0.890007
0.890017
0.890026
0.890041
0.890048
0.890067
0.890074
0.890102
0.890136
0.890168
0.890193
0.89021
0.890242
0.890265
0.8903
0.890333
0.890358
0.89038
0.890421
0.890456
0.890491
0.890525
0.890558
0.890591
0.890625
0.890664
0.890706
0.89074
0.890761
0.890802
0.890826
0.890859
0.890897
0.890929
0.890957
0.890995
0.891011
0.89104
0.891068
0.891093
0.891121
0.891146
0.89117
0.891198
0.891215
0.891222
0.891238
0.891255
0.891268
0.891272
0.891279
0.891285
0.891281
0.891272
0.891264
0.891254
0.891251
0.891251
0.891254
0.891249
0.891239
0.891238
0.891223
0.891216
0.891202
0.891188
0.891169
0.891167
0.891147
0.891134
0.891123
0.891119
0.891106
0.89109
0.89107
0.891064
0.891055
0.891044
0.89103
0.891011
0.890996
0.890978
0.890959
0.890949
0.890934
0.890922
0.890911
0.890902
0.890889
0.890882
0.890878
0.89086
0.890852
0.890843
0.890839
0.89083
0.890825
0.89082
0.890819
0.890812
0.890823
0.890828
0.890824
0.890838
0.89083
0.890843
0.890858
0.890871
0.890873
0.890887
0.890903
0.89091
0.890923
0.890939
0.890959
0.890985
0.890998
0.891015
0.891026
0.89104
0.891045
0.891051
0.891064
0.891081
0.891086
0.891097
0.89111
0.891117
0.891133
0.891135
0.891147
0.89115
0.891146
0.891152
0.891151
0.89116
0.891161
0.891153
0.891145
0.891139
0.891139
0.891137
0.89113
0.891119
0.891113
0.891097
0.891078
0.891073
0.891054
0.891033
0.891016
0.891017
0.890992
0.890973
0.890964
0.890956
0.890943
0.890918
0.890897
0.890892
0.890879
0.890879
0.890868
0.890858
0.890846
0.890838
0.890832
0.890836
0.890847
0.890846
0.890847
0.890845
0.890844
0.890848
0.890856
0.890862
0.890862
0.890868
0.890894
0.890908
0.890918
0.89094
0.890949
0.890972
0.891002
0.891027
0.891052
0.891071
0.891076
0.891101
0.891117
0.891128
0.891145
0.891165
0.891183
0.891197
0.891202
0.891222
0.891229
0.891237
0.891253
0.891275
0.891279
0.891293
0.891298
0.891306
0.891311
0.891327
0.891345
0.891358
0.891361
0.891362
0.891369
0.891368
0.89136
0.891354
0.891348
0.891338
0.891338
0.891331
0.891329
0.891331
0.891329
0.891327
0.89131
0.891293
0.891285
0.891276
0.891256
0.891247
0.891232
0.891215
0.891214
0.891201
0.891179
0.891163
0.891149
0.891143
0.891126
0.891109
0.891095
0.891086
0.891077
0.891066
0.891052
0.891036
0.891022
0.891006
0.890996
0.890982
0.890977
0.890968
0.890961
0.890966
0.890962
0.890956
0.890942
0.890935
0.890932
0.890921
0.890913
0.890913
0.890922
0.890918
0.890912
0.890912
0.890921
0.890927
0.89093
0.890929
0.890926
0.89093
0.890949
0.890946
0.890943
0.890937
0.890919
0.890901
0.890901
0.890891
0.890898
0.890905
0.890901
0.890904
0.890904
0.890896
0.890897
0.890882
0.890878
0.890868
0.890865
0.890857
0.890854
0.890834
0.890822
0.890813
0.890822
0.890803
0.890802
0.8908
0.890779
0.890762
0.890742
0.890731
0.890731
0.890718
0.890699
0.890684
0.890659
0.890638
0.890622
0.890599
0.89057
0.890535
0.890514
0.890491
0.890469
0.890445
0.890397
0.890359
0.890332
0.890294
0.890254
0.890221
0.890183
0.890146
0.890109
0.890078
0.890038
0.889986
0.889944
0.889901
0.889865
0.88983
0.889786
0.88974
0.88971
0.889671
0.88962
0.88959
0.889556
0.889536
0.889512
0.88949
0.889465
0.889444
0.889418
0.889401
0.88938
0.889363
0.88936
0.889344
0.889322
0.889301
0.889286
0.889286
0.889292
0.889284
0.889286
0.889281
0.889281
0.889294
0.889306
0.889321
0.889328
0.889349
0.889362
0.889379
0.889386
0.889414
0.889432
0.889451
0.889478
0.889515
0.889549
0.889581
0.889616
0.889651
0.88969
0.889729
0.889769
0.889805
0.889842
0.88989
0.889945
0.889987
0.890029
0.890063
0.890108
0.890161
0.890208
0.890261
0.890312
0.890359
0.890401
0.890444
0.890495
0.890542
0.890594
0.890635
0.890681
0.890729
0.890773
0.890822
0.890867
0.890923
0.890975
0.891014
0.891054
0.891096
0.891134
0.891178
0.891215
0.891246
0.891294
0.891345
0.891385
0.891409
0.891435
0.891458
0.891491
0.891516
0.891543
0.891573
0.891606
0.891635
0.891658
0.891678
0.89171
0.891735
0.891758
0.891782
0.891794
0.891809
0.891823
0.891843
0.891859
0.891875
0.891892
0.891894
0.891904
0.891915
0.891928
0.891929
0.891935
0.891934
0.891942
0.891942
0.891954
0.891952
0.891961
0.891963
0.891967
0.891967
0.891972
0.89197
0.891968
0.891965
0.891963
0.891959
0.89195
0.891954
0.891951
0.891957
0.891955
0.89196
0.891957
0.891948
0.891945
0.891937
0.891928
0.891926
0.891935
0.891942
0.891933
0.891912
0.891907
0.891887
0.891883
0.89187
0.891863
0.891855
0.89185
0.891844
0.891828
0.891817
0.891818
0.891808
0.891795
0.891777
0.891773
0.891762
0.89175
0.891728
0.891712
0.891698
0.891691
0.891682
0.891665
0.891661
0.891638
0.891628
0.891627
0.891615
0.891587
0.891571
0.89156
0.891554
0.891546
0.891544
0.891533
0.891531
0.891534
0.89152
0.891513
0.891507
0.891495
0.891488
0.891488
0.891481
0.891484
0.891479
0.89147
0.891453
0.891437
0.891434
0.89143
0.891433
0.891426
0.891423
0.891414
0.891415
0.891422
0.891415
0.891405
0.891395
0.891383
0.891389
0.891386
0.891383
0.891381
0.891376
0.891381
0.891372
0.891372
0.891376
0.891381
0.891371
0.89137
0.89137
0.89136
0.891362
0.891353
0.891351
0.891353
0.891353
0.891355
0.891354
0.89134
0.891332
0.89133
0.891323
0.89131
0.891305
0.8913
0.891282
0.891277
0.891271
0.891258
0.891258
0.891253
0.891224
0.891219
0.891205
0.891182
0.89117
0.891155
0.891129
0.891112
0.891087
0.891077
0.891055
0.891032
0.891003
0.890984
0.890959
0.890939
0.890919
0.890901
0.890873
0.890844
0.890816
0.890797
0.890771
0.890742
0.890722
0.890703
0.890687
0.890663
0.89064
0.890625
0.890615
0.890591
0.890574
0.890552
0.890535
0.89052
0.8905
0.890477
0.890472
0.890471
0.890469
0.890451
0.890437
0.890434
0.890422
0.890424
0.890419
0.890406
0.890408
0.890411
0.890412
0.890404
0.890412
0.890423
0.89042
0.890425
0.890414
0.890418
0.890426
0.890431
0.890431
0.890438
0.890445
0.890447
0.89045
0.890455
0.890472
0.89047
0.890484
0.890496
0.890503
0.890504
0.890512
0.89052
0.890529
0.890529
0.890532
0.890542
0.890547
0.890554
0.890554
0.890563
0.890564
0.890567
0.890571
0.890566
0.890573
0.890572
0.890576
0.890577
0.890591
0.890586
0.890591
0.890593
0.890592
0.890597
0.890598
0.890598
0.890597
0.890597
0.890604
0.890594
0.890598
0.890608
0.89061
0.890619
0.89062
0.890623
0.890631
0.890641
0.890654
0.890654
0.89066
0.890668
0.890675
0.890685
0.890702
0.890708
0.890718
0.890732
0.890736
0.890742
0.890755
0.890766
0.890774
0.890796
0.890804
0.890819
0.890823
0.890835
0.890851
0.890854
0.890876
0.890882
0.890899
0.890907
0.890909
0.890914
0.890919
0.890927
0.890939
0.890951
0.890957
0.89097
0.890982
0.890991
0.891
0.89101
0.891022
0.891024
0.891021
0.891016
0.891019
0.891022
0.891016
0.891023
0.891021
0.891023
0.891025
0.891018
0.891011
0.891005
0.890996
0.89099
0.89097
0.890964
0.890954
0.890952
0.890954
0.890941
0.890929
0.890927
0.890907
0.890904
0.890888
0.890882
0.890864
0.890861
0.890851
0.890843
0.89084
0.890834
0.890829
0.890812
0.890804
0.890803
0.890782
0.890763
0.890757
0.890744
0.890739
0.890734
0.890718
0.890708
0.890703
0.890704
0.890702
0.890687
0.890673
0.890658
0.890649
0.890627
0.890618
0.89061
0.890594
0.890583
0.890562
0.890548
0.890527
0.890521
0.890508
0.890489
0.890473
0.890448
0.890427
0.890405
0.890377
0.890365
0.890343
0.890325
0.890313
0.890292
0.890272
0.89026
0.890243
0.890237
0.890217
0.890195
0.890195
0.890191
0.890173
0.890162
0.890145
0.890139
0.890131
0.890125
0.890116
0.890122
0.890127
0.890117
0.890114
0.89012
0.890126
0.890125
0.890129
0.890139
0.89015
0.89015
0.89016
0.890184
0.890201
0.890217
0.890222
0.89024
0.890256
0.890265
0.890284
0.890295
0.890317
0.890338
0.890353
0.890376
0.890388
0.890405
0.890417
0.890425
0.890438
0.890441
0.89045
0.890454
0.890463
0.890464
0.890481
0.890486
0.890486
0.890491
0.890486
0.890472
0.890465
0.890463
0.890457
0.890443
0.890434
0.890427
0.890429
0.890419
0.890416
0.890387
0.890367
0.890354
0.890347
0.890341
0.890329
0.890316
0.890307
0.890294
0.89029
0.890268
0.890276
0.890267
0.890257
0.890257
0.890255
0.890249
0.890247
0.890246
0.890241
0.890247
0.890228
0.890228
0.89023
0.890226
0.890231
0.890237
0.890233
0.89023
0.890228
0.890227
0.890214
0.890204
0.890205
0.890184
0.890166
0.890162
0.890152
0.890148
0.890143
0.890123
0.890121
0.890112
0.89009
0.890072
0.890056
0.890043
0.890026
0.889998
0.88997
0.889944
0.889927
0.889895
0.889875
0.889854
0.889826
0.889803
0.889787
0.889759
0.889729
0.889706
0.889678
0.889654
0.88962
0.889587
0.88954
0.889514
0.889479
0.889445
0.889407
0.889379
0.88935
0.88932
0.889289
0.889258
0.889219
0.889203
0.889172
0.88915
0.889137
0.889102
