0.701763
0.701763
0.701763
0.701763
0.701762
0.701762
0.701761
0.70176
0.701759
0.701758
0.701757
0.701756
0.701755
0.701754
0.701753
0.701751
0.70175
0.701748
0.701746
0.701744
0.701742
0.70174
0.701738
0.701736
0.701734
0.701731
0.701729
0.701726
0.701724
0.701721
0.701718
0.701716
0.701713
0.70171
0.701707
0.701704
0.701701
0.701698
0.701695
0.701692
0.701689
0.701686
0.701682
0.701679
0.701676
0.701673
0.701669
0.701666
0.701663
0.70166
0.701656
0.701653
0.70165
0.701647
0.701643
0.70164
0.701637
0.701634
0.701631
0.701628
0.701625
0.701621
0.701618
0.701616
0.701613
0.70161
0.701607
0.701604
0.701602
0.701599
0.701596
0.701594
0.701591
0.701589
0.701587
0.701585
0.701583
0.70158
0.701579
0.701577
0.701575
0.701573
0.701571
0.70157
0.701568
0.701567
0.701565
0.701564
0.701563
0.701562
0.701561
0.70156
0.701559
0.701558
0.701557
0.701556
0.701555
0.701554
0.701554
0.701553
0.701552
0.701552
0.701551
0.70155
0.70155
0.701549
0.701549
0.701548
0.701548
0.701547
0.701547
0.701547
0.701546
0.701546
0.701545
0.701545
0.701544
0.701544
0.701544
0.701543
0.701543
0.701542
0.701542
0.701542
0.701541
0.701541
0.70154
0.70154
0.70154
0.701539
0.701539
0.701539
0.701539
0.701538
0.701538
0.701538
0.701538
0.701537
0.701537
0.701537
0.701537
0.701537
0.701537
0.701537
0.701537
0.701537
0.701537
0.701537
0.701537
0.701537
0.701537
0.701537
0.701537
0.701537
0.701537
0.701537
0.701537
0.701538
0.701538
0.701538
0.701538
0.701538
0.701539
0.701539
0.701539
0.701539
0.70154
0.70154
0.70154
0.70154
0.70154
0.701541
0.701541
0.701541
0.701541
0.701541
0.701542
0.701542
0.701542
0.701542
0.701542
0.701542
0.701542
0.701542
0.701542
0.701542
0.701543
0.701543
0.701543
0.701543
0.701542
0.701542
0.701542
0.701542
0.701542
0.701542
0.701542
0.701542
0.701542
0.701541
0.701541
0.701541
0.701541
0.701541
0.70154
0.70154
0.70154
0.701539
0.701539
0.701539
0.701538
0.701538
0.701538
0.701537
0.701537
0.701537
0.701536
0.701536
0.701536
0.701535
0.701535
0.701535
0.701535
0.701534
0.701534
0.701534
0.701533
0.701533
0.701533
0.701533
0.701532
0.701532
0.701532
0.701532
0.701532
0.701531
0.701531
0.701531
0.701531
0.701531
0.701531
0.701531
0.701531
0.701531
0.70153
0.70153
0.70153
0.70153
0.70153
0.70153
0.70153
0.70153
0.70153
0.70153
0.70153
0.70153
0.70153
0.70153
0.701531
0.701531
0.701531
0.701531
0.701531
0.701531
0.701531
0.701531
0.701531
0.701531
0.701531
0.701531
0.701531
0.701531
0.701531
0.701531
0.701531
0.701531
0.701531
0.701531
0.701531
0.701531
0.701531
0.701531
0.701531
0.701531
0.701531
0.701531
0.701531
0.701531
0.701531
0.701531
0.70153
0.70153
0.70153
0.70153
0.70153
0.70153
0.70153
0.70153
0.70153
0.70153
0.70153
0.70153
0.70153
0.701529
0.701529
0.701529
0.701529
0.701529
0.701529
0.701529
0.701529
0.701529
0.701529
0.701529
0.701528
0.701528
0.701528
0.701528
0.701528
0.701528
0.701528
0.701528
0.701528
0.701528
0.701528
0.701528
0.701528
0.701528
0.701528
0.701528
0.701528
0.701528
0.701528
0.701528
0.701528
0.701528
0.701528
0.701528
0.701528
0.701528
0.701528
0.701528
0.701528
0.701528
0.701528
0.701528
0.701528
0.701528
0.701528
0.701528
0.701528
0.701528
0.701528
0.701528
0.701528
0.701528
0.701528
0.701528
0.701528
0.701528
0.701528
0.701529
0.701529
0.701529
0.701529
0.701529
0.701529
0.701529
0.701529
0.701529
0.701529
0.70153
0.70153
0.70153
0.70153
0.70153
0.70153
0.701531
0.701531
0.701531
0.701531
0.701531
0.701532
0.701532
0.701532
0.701532
0.701533
0.701533
0.701533
0.701533
0.701534
0.701534
0.701534
0.701535
0.701535
0.701535
0.701536
0.701536
0.701537
0.701537
0.701537
0.701538
0.701538
0.701539
0.701539
0.701539
0.70154
0.70154
0.701541
0.701541
0.701541
0.701542
0.701542
0.701543
0.701543
0.701544
0.701544
0.701544
0.701545
0.701545
0.701545
0.701546
0.701546
0.701546
0.701547
0.701547
0.701547
0.701547
0.701548
0.701548
0.701548
0.701548
0.701548
0.701548
0.701548
0.701548
0.701548
0.701548
0.701548
0.701548
0.701548
0.701548
0.701548
0.701548
0.701548
0.701548
0.701548
0.701548
0.701547
0.701547
0.701547
0.701547
0.701547
0.701547
0.701547
0.701546
0.701546
0.701546
0.701546
0.701546
0.701546
0.701546
0.701545
0.701545
0.701545
0.701545
0.701545
0.701545
0.701544
0.701544
0.701544
0.701544
0.701544
0.701544
0.701543
0.701543
0.701543
0.701543
0.701543
0.701542
0.701542
0.701542
0.701541
0.701541
0.701541
0.70154
0.70154
0.70154
0.701539
0.701539
0.701538
0.701538
0.701538
0.701537
0.701537
0.701536
0.701536
0.701535
0.701534
0.701534
0.701533
0.701533
0.701532
0.701532
0.701531
0.70153
0.70153
0.701529
0.701529
0.701528
0.701527
0.701527
0.701526
0.701526
0.701525
0.701525
0.701524
0.701524
0.701523
0.701523
0.701522
0.701522
0.701521
0.701521
0.701521
0.70152
0.70152
0.70152
0.701519
0.701519
0.701519
0.701519
0.701519
0.701519
0.701518
0.701518
0.701518
0.701518
0.701518
0.701518
0.701518
0.701518
0.701518
0.701519
0.701519
0.701519
0.701519
0.701519
0.701519
0.701519
0.70152
0.70152
0.70152
0.70152
0.70152
0.701521
0.701521
0.701521
0.701521
0.701522
0.701522
0.701522
0.701522
0.701522
0.701523
0.701523
0.701523
0.701523
0.701524
0.701524
0.701524
0.701524
0.701525
0.701525
0.701525
0.701525
0.701525
0.701526
0.701526
0.701526
0.701526
0.701527
0.701527
0.701527
0.701527
0.701527
0.701528
0.701528
0.701528
0.701528
0.701529
0.701529
0.701529
0.701529
0.701529
0.70153
0.70153
0.70153
0.70153
0.70153
0.701531
0.701531
0.701531
0.701531
0.701532
0.701532
0.701532
0.701532
0.701533
0.701533
0.701533
0.701533
0.701534
0.701534
0.701534
0.701535
0.701535
0.701535
0.701535
0.701536
0.701536
0.701536
0.701537
0.701537
0.701537
0.701538
0.701538
0.701539
0.701539
0.701539
0.70154
0.70154
0.701541
0.701541
0.701542
0.701542
0.701543
0.701543
0.701544
0.701544
0.701545
0.701545
0.701546
0.701546
0.701547
0.701547
0.701548
0.701548
0.701549
0.701549
0.70155
0.70155
0.701551
0.701551
0.701551
0.701552
0.701552
0.701553
0.701553
0.701553
0.701554
0.701554
0.701554
0.701555
0.701555
0.701555
0.701555
0.701555
0.701556
0.701556
0.701556
0.701556
0.701556
0.701556
0.701556
0.701556
0.701556
0.701556
0.701556
0.701556
0.701555
0.701555
0.701555
0.701555
0.701555
0.701554
0.701554
0.701554
0.701554
0.701553
0.701553
0.701553
0.701552
0.701552
0.701552
0.701551
0.701551
0.701551
0.70155
0.70155
0.70155
0.701549
0.701549
0.701549
0.701549
0.701548
0.701548
0.701548
0.701548
0.701548
0.701548
0.701547
0.701547
0.701547
0.701547
0.701547
0.701547
0.701547
0.701547
0.701547
0.701547
0.701547
0.701548
0.701548
0.701548
0.701548
0.701548
0.701548
0.701548
0.701549
0.701549
0.701549
0.701549
0.701549
0.70155
0.70155
0.70155
0.70155
0.70155
0.701551
0.701551
0.701551
0.701551
0.701551
0.701551
0.701552
0.701552
0.701552
0.701552
0.701552
0.701552
0.701552
0.701552
0.701552
0.701552
0.701552
0.701552
0.701552
0.701552
0.701552
0.701552
0.701552
0.701552
0.701552
0.701551
0.701551
0.701551
0.701551
0.701551
0.70155
0.70155
0.70155
0.701549
0.701549
0.701549
0.701549
0.701548
0.701548
0.701548
0.701547
0.701547
0.701546
0.701546
0.701546
0.701545
0.701545
0.701545
0.701544
0.701544
0.701544
0.701543
0.701543
0.701542
0.701542
0.701542
0.701541
0.701541
0.701541
0.701541
0.70154
0.70154
0.70154
0.70154
0.701539
0.701539
0.701539
0.701539
0.701539
0.701538
0.701538
0.701538
0.701538
0.701538
0.701538
0.701538
0.701538
0.701538
0.701538
0.701538
0.701538
0.701539
0.701539
0.701539
0.701539
0.701539
0.701539
0.70154
0.70154
0.70154
0.70154
0.701541
0.701541
0.701541
0.701541
0.701542
0.701542
0.701542
0.701543
0.701543
0.701544
0.701544
0.701544
0.701545
0.701545
0.701545
0.701546
0.701546
0.701546
0.701547
0.701547
0.701547
0.701548
0.701548
0.701548
0.701549
0.701549
0.701549
0.701549
0.701549
0.701549
0.70155
0.70155
0.70155
0.70155
0.70155
0.70155
0.701549
0.701549
0.701549
0.701549
0.701549
0.701548
0.701548
0.701548
0.701547
0.701547
0.701546
0.701546
0.701546
0.701545
0.701544
0.701544
0.701543
0.701543
0.701542
0.701541
0.701541
0.70154
0.701539
0.701539
0.701538
0.701537
0.701537
0.701536
0.701535
0.701534
0.701534
0.701533
0.701532
0.701532
0.701531
0.70153
0.701529
0.701529
0.701528
0.701527
0.701527
0.701526
0.701526
0.701525
0.701524
0.701524
0.701523
0.701523
0.701522
0.701522
0.701521
0.701521
0.70152
0.70152
0.701519
0.701519
0.701519
0.701518
0.701518
0.701518
0.701518
0.701517
0.701517
0.701517
0.701517
0.701517
0.701517
0.701516
0.701516
0.701516
0.701516
0.701516
0.701517
0.701517
0.701517
0.701517
0.701517
0.701517
0.701518
0.701518
0.701518
0.701519
0.701519
0.70152
0.70152
0.701521
0.701521
0.701522
0.701522
0.701523
0.701523
0.701524
0.701525
0.701525
0.701526
0.701527
0.701527
0.701528
0.701529
0.701529
0.70153
0.701531
0.701532
0.701532
0.701533
0.701534
0.701534
0.701535
0.701536
0.701536
0.701537
0.701538
0.701538
0.701539
0.701539
0.70154
0.70154
0.701541
0.701541
0.701542
0.701542
0.701543
0.701543
0.701543
0.701544
0.701544
0.701545
0.701545
0.701545
0.701546
0.701546
0.701546
0.701546
0.701547
0.701547
0.701547
0.701547
0.701548
0.701548
0.701548
0.701548
0.701548
0.701549
0.701549
0.701549
0.701549
0.701549
0.701549
0.70155
0.70155
0.70155
0.70155
0.70155
0.70155
0.701551
0.701551
0.701551
0.701551
0.701551
0.701551
0.701551
0.701552
0.701552
0.701552
0.701552
0.701552
0.701552
0.701552
0.701552
0.701552
0.701553
0.701553
0.701553
0.701553
0.701553
0.701553
0.701553
0.701553
0.701553
0.701553
0.701553
0.701553
0.701553
0.701553
0.701553
0.701553
0.701553
0.701553
0.701553
0.701553
0.701553
0.701553
0.701553
0.701553
0.701553
0.701552
0.701552
0.701552
0.701552
0.701552
0.701552
0.701552
0.701552
0.701551
0.701551
0.701551
0.701551
0.701551
0.701551
0.70155
0.70155
0.70155
0.70155
0.70155
0.70155
0.701549
0.701549
0.701549
0.701549
0.701549
0.701549
0.701549
0.701549
0.701548
0.701548
0.701548
0.701548
0.701548
0.701548
0.701548
0.701548
0.701548
0.701548
0.701548
0.701548
0.701548
0.701547
0.701547
0.701547
0.701547
0.701547
0.701547
0.701547
0.701547
0.701547
0.701547
0.701547
0.701547
0.701547
0.701547
0.701547
0.701547
0.701547
0.701547
0.701547
0.701547
0.701547
0.701547
0.701547
0.701547
0.701547
0.701547
0.701547
0.701546
0.701546
0.701546
0.701546
0.701546
0.701546
0.701546
0.701546
0.701546
0.701546
0.701546
0.701546
0.701546
0.701545
0.701545
0.701545
0.701545
0.701545
0.701545
0.701545
0.701545
0.701545
0.701545
0.701544
0.701544
0.701544
0.701544
0.701544
0.701544
0.701544
0.701543
0.701543
0.701543
0.701543
0.701543
0.701542
0.701542
0.701542
0.701542
0.701542
0.701541
0.701541
0.701541
0.70154
0.70154
0.70154
0.70154
0.701539
0.701539
0.701539
0.701538
0.701538
0.701538
0.701537
0.701537
0.701537
0.701536
0.701536
0.701536
0.701536
0.701535
0.701535
0.701535
0.701535
0.701534
0.701534
0.701534
0.701534
0.701534
0.701533
0.701533
0.701533
0.701533
0.701533
0.701533
0.701533
0.701533
0.701533
0.701533
0.701533
0.701532
0.701532
0.701532
0.701532
0.701532
0.701532
0.701532
0.701532
0.701532
0.701532
0.701532
0.701532
0.701532
0.701532
0.701532
0.701532
0.701532
0.701532
0.701532
0.701532
0.701532
0.701532
0.701532
0.701532
0.701532
0.701532
0.701532
0.701532
0.701532
0.701532
0.701532
0.701532
0.701532
0.701532
0.701532
0.701532
0.701532
0.701532
0.701532
0.701532
0.701532
0.701532
0.701532
0.701532
0.701532
0.701532
0.701532
0.701532
0.701532
0.701532
0.701532
0.701532
0.701532
0.701533
0.701533
0.701533
0.701533
0.701533
0.701533
0.701534
0.701534
0.701534
0.701534
0.701534
0.701535
0.701535
0.701535
0.701535
0.701535
0.701536
0.701536
0.701536
0.701536
0.701537
0.701537
0.701537
0.701537
0.701538
0.701538
0.701538
0.701538
0.701538
0.701539
0.701539
0.701539
0.701539
0.701539
0.70154
0.70154
0.70154
0.70154
0.70154
0.70154
0.70154
0.70154
0.70154
0.70154
0.701541
0.701541
0.701541
0.701541
0.701541
0.701541
0.701541
0.70154
0.70154
0.70154
0.70154
0.70154
0.70154
0.70154
0.70154
0.70154
0.701539
0.701539
0.701539
0.701539
0.701539
0.701539
0.701538
0.701538
0.701538
0.701538
0.701538
0.701537
0.701537
0.701537
0.701537
0.701537
0.701536
0.701536
0.701536
0.701536
0.701535
0.701535
0.701535
0.701535
0.701535
0.701534
0.701534
0.701534
0.701534
0.701534
0.701534
0.701533
0.701533
0.701533
0.701533
0.701533
0.701533
0.701533
0.701533
0.701532
0.701532
0.701532
0.701532
0.701532
0.701532
0.701532
0.701532
0.701532
0.701532
0.701532
0.701532
0.701532
0.701531
0.701531
0.701531
0.701531
0.701531
0.701531
0.701531
0.701531
0.701531
0.701531
0.701531
0.701531
0.701531
0.701532
0.701532
0.701532
0.701532
0.701532
0.701532
0.701532
0.701532
0.701532
0.701532
0.701532
0.701532
0.701532
0.701532
0.701532
0.701532
0.701532
0.701532
0.701532
0.701533
0.701533
0.701533
0.701533
0.701533
0.701533
0.701533
0.701533
0.701533
0.701534
0.701534
0.701534
0.701534
0.701534
0.701534
0.701534
0.701534
0.701535
0.701535
0.701535
0.701535
0.701535
0.701535
0.701535
0.701536
0.701536
0.701536
0.701536
0.701536
0.701536
0.701536
0.701536
0.701536
0.701537
0.701537
0.701537
0.701537
0.701537
0.701537
0.701537
0.701537
0.701537
0.701537
0.701537
0.701537
0.701537
0.701537
0.701537
0.701537
0.701537
0.701537
0.701537
0.701537
0.701537
0.701537
0.701537
0.701537
0.701537
0.701537
0.701537
0.701537
0.701537
0.701537
0.701537
0.701537
0.701537
0.701537
0.701537
0.701537
0.701537
0.701537
0.701537
0.701537
0.701537
0.701537
0.701537
0.701537
0.701537
0.701537
0.701537
0.701537
0.701537
0.701537
0.701537
0.701536
0.701536
0.701536
0.701536
0.701536
0.701536
0.701536
0.701536
0.701536
0.701536
0.701536
0.701536
0.701536
0.701536
0.701536
0.701536
0.701535
0.701535
0.701535
0.701535
0.701535
0.701535
0.701535
0.701535
0.701535
0.701535
0.701535
0.701534
0.701534
0.701534
0.701534
0.701534
0.701534
0.701534
0.701534
0.701534
0.701534
0.701534
0.701534
0.701534
0.701534
0.701534
0.701534
0.701534
0.701535
0.701535
0.701535
0.701535
0.701535
0.701536
0.701536
0.701536
0.701536
0.701537
0.701537
0.701537
0.701537
0.701538
0.701538
0.701538
0.701539
0.701539
0.701539
0.70154
0.70154
0.70154
0.701541
0.701541
0.701542
0.701542
0.701542
0.701543
0.701543
0.701543
0.701544
0.701544
0.701544
0.701545
0.701545
0.701545
0.701546
0.701546
0.701546
0.701547
0.701547
0.701547
0.701548
0.701548
0.701548
0.701549
0.701549
0.701549
0.70155
0.70155
0.70155
0.701551
0.701551
0.701551
0.701552
0.701552
0.701552
0.701553
0.701553
0.701553
0.701554
0.701554
0.701554
0.701555
0.701555
0.701555
0.701556
0.701556
0.701556
0.701556
0.701557
0.701557
0.701557
0.701558
0.701558
0.701558
0.701558
0.701558
0.701559
0.701559
0.701559
0.701559
0.70156
0.70156
0.70156
0.70156
0.70156
0.70156
0.70156
0.701561
0.701561
0.701561
0.701561
0.701561
0.701561
0.701561
0.701561
0.701562
0.701562
0.701562
0.701562
0.701562
0.701562
0.701562
0.701562
0.701562
0.701562
0.701562
0.701562
0.701562
0.701562
0.701562
0.701562
0.701562
0.701562
0.701562
0.701562
0.701562
0.701562
0.701562
0.701562
0.701562
0.701562
0.701562
0.701562
0.701562
0.701562
0.701561
0.701561
0.701561
0.701561
0.701561
0.701561
0.701561
0.701561
0.70156
0.70156
0.70156
0.70156
0.70156
0.70156
0.70156
0.70156
0.701559
0.701559
0.701559
0.701559
0.701559
0.701559
0.701559
0.701559
0.701559
0.701559
0.701559
0.701559
0.701559
0.701559
0.701559
0.701559
0.701559
0.701559
0.701559
0.701559
0.701559
0.701559
0.701559
0.701559
0.701559
0.701559
0.70156
0.70156
0.70156
0.70156
0.70156
0.70156
0.701561
0.701561
0.701561
0.701561
0.701561
0.701562
0.701562
0.701562
0.701562
0.701562
0.701563
0.701563
0.701563
0.701563
0.701563
0.701563
0.701563
0.701563
0.701563
0.701563
0.701563
0.701563
0.701563
0.701563
0.701563
0.701563
0.701563
0.701563
0.701563
0.701562
0.701562
0.701562
0.701562
0.701561
0.701561
0.701561
0.701561
0.70156
0.70156
0.701559
0.701559
0.701559
0.701558
0.701558
0.701557
0.701557
0.701556
0.701556
0.701555
0.701555
0.701554
0.701554
0.701553
0.701553
0.701552
0.701552
0.701552
0.701551
0.701551
0.70155
0.70155
0.701549
0.701549
0.701549
0.701548
0.701548
0.701547
0.701547
0.701547
0.701546
0.701546
0.701546
0.701546
0.701545
0.701545
0.701545
0.701545
0.701544
0.701544
0.701544
0.701544
0.701544
0.701544
0.701543
0.701543
0.701543
0.701543
0.701543
0.701543
0.701543
0.701543
0.701543
0.701543
0.701543
0.701543
0.701543
0.701543
0.701543
0.701543
0.701543
0.701543
0.701543
0.701543
0.701543
0.701543
0.701543
0.701543
0.701544
0.701544
0.701544
0.701544
0.701544
0.701544
0.701544
0.701544
0.701545
0.701545
0.701545
0.701545
0.701545
0.701545
0.701546
0.701546
0.701546
0.701546
0.701546
0.701546
0.701546
0.701546
0.701546
0.701547
0.701547
0.701547
0.701547
0.701547
0.701547
0.701547
0.701547
0.701547
0.701546
0.701546
0.701546
0.701546
0.701546
0.701546
0.701546
0.701545
0.701545
0.701545
0.701545
0.701544
0.701544
0.701544
0.701544
0.701543
0.701543
0.701543
0.701542
0.701542
0.701542
0.701541
0.701541
0.70154
0.70154
0.701539
0.701539
0.701539
0.701538
0.701538
0.701537
0.701537
0.701537
0.701536
0.701536
0.701535
0.701535
0.701535
0.701534
0.701534
0.701534
0.701533
0.701533
0.701533
0.701533
0.701533
0.701532
0.701532
0.701532
0.701532
0.701532
0.701532
0.701532
0.701532
0.701532
0.701532
0.701532
0.701532
0.701532
0.701532
0.701532
0.701533
0.701533
0.701533
0.701533
0.701533
0.701534
0.701534
0.701534
0.701535
0.701535
0.701535
0.701536
0.701536
0.701536
0.701537
0.701537
0.701537
0.701538
0.701538
0.701539
0.701539
0.70154
0.70154
0.70154
0.701541
0.701541
0.701542
0.701542
0.701542
0.701543
0.701543
0.701544
0.701544
0.701545
0.701545
0.701545
0.701546
0.701546
0.701546
0.701547
0.701547
0.701547
0.701547
0.701548
0.701548
0.701548
0.701548
0.701549
0.701549
0.701549
0.701549
0.701549
0.701549
0.701549
0.701549
0.70155
0.70155
0.70155
0.70155
0.70155
0.70155
0.70155
0.70155
0.70155
0.70155
0.70155
0.70155
0.70155
0.70155
0.70155
0.70155
0.70155
0.70155
0.70155
0.70155
0.70155
0.70155
0.701549
0.701549
0.701549
0.701549
0.701549
0.701549
0.701549
0.701549
0.701549
0.701549
0.701549
0.701549
0.701549
0.701549
0.701549
0.701549
0.701549
0.701549
0.701549
0.701549
0.701549
0.701549
0.701549
0.701549
0.701549
0.701549
0.701549
0.701549
0.701549
0.701549
0.701549
0.701549
0.701549
0.701549
0.701549
0.701549
0.701549
0.701549
0.701549
0.701549
0.701549
0.701549
0.701549
0.701549
0.701549
0.701549
0.701549
0.701549
0.701549
0.701549
0.701549
0.701548
0.701548
0.701548
0.701548
0.701548
0.701548
0.701548
0.701548
0.701547
0.701547
0.701547
0.701547
0.701547
0.701546
0.701546
0.701546
0.701546
0.701545
0.701545
0.701545
0.701544
0.701544
0.701544
0.701544
0.701543
0.701543
0.701543
0.701542
0.701542
0.701542
0.701542
0.701541
0.701541
0.701541
0.701541
0.701541
0.701541
0.70154
0.70154
0.70154
0.70154
0.70154
0.70154
0.70154
0.70154
0.70154
0.70154
0.70154
0.70154
0.70154
0.70154
0.70154
0.70154
0.70154
0.70154
0.70154
0.70154
0.70154
0.70154
0.70154
0.70154
0.70154
0.70154
0.70154
0.70154
0.70154
0.70154
0.70154
0.70154
0.70154
0.70154
0.70154
0.70154
0.70154
0.70154
0.70154
0.70154
0.70154
0.70154
0.70154
0.70154
0.701539
0.701539
0.701539
0.701539
0.701539
0.701539
0.701539
0.701539
0.701538
0.701538
0.701538
0.701538
0.701538
0.701538
0.701538
0.701538
0.701538
0.701538
0.701538
0.701538
0.701538
0.701538
0.701538
0.701537
0.701537
0.701537
0.701537
0.701537
0.701537
0.701537
0.701537
0.701538
0.701538
0.701538
0.701538
0.701538
0.701538
0.701538
0.701538
0.701538
0.701538
0.701537
0.701537
0.701537
0.701537
0.701537
0.701537
0.701537
0.701537
0.701537
0.701537
0.701536
0.701536
0.701536
0.701536
0.701536
0.701535
0.701535
0.701535
0.701535
0.701534
0.701534
0.701534
0.701533
0.701533
0.701533
0.701532
0.701532
0.701532
0.701531
0.701531
0.701531
0.701531
0.70153
0.70153
0.70153
0.70153
0.701529
0.701529
0.701529
0.701529
0.701529
0.701529
0.701529
0.701529
0.701529
0.701529
0.701529
0.701529
0.701529
0.701529
0.701529
0.70153
0.70153
0.70153
0.70153
0.701531
0.701531
0.701532
0.701532
0.701532
0.701533
0.701533
0.701534
0.701534
0.701535
0.701536
0.701536
0.701537
0.701537
0.701538
0.701538
0.701539
0.701539
0.70154
0.70154
0.701541
0.701542
0.701542
0.701543
0.701543
0.701543
0.701544
0.701544
0.701545
0.701545
0.701545
0.701546
0.701546
0.701546
0.701546
0.701547
0.701547
0.701547
0.701547
0.701547
0.701547
0.701547
0.701547
0.701547
0.701547
0.701547
0.701547
0.701547
0.701547
0.701547
0.701547
0.701547
0.701546
0.701546
0.701546
0.701546
0.701546
0.701546
0.701545
0.701545
0.701545
0.701545
0.701544
0.701544
0.701544
0.701544
0.701544
0.701543
0.701543
0.701543
0.701543
0.701542
0.701542
0.701542
0.701542
0.701541
0.701541
0.701541
0.701541
0.701541
0.70154
0.70154
0.70154
0.70154
0.70154
0.701539
0.701539
0.701539
0.701539
0.701539
0.701539
0.701539
0.701539
0.701538
0.701538
0.701538
0.701538
0.701538
0.701538
0.701538
0.701538
0.701538
0.701538
0.701538
0.701538
0.701538
0.701538
0.701538
0.701538
0.701538
0.701538
0.701538
0.701538
0.701539
0.701539
0.701539
0.701539
0.701539
0.701539
0.701539
0.70154
0.70154
0.70154
0.70154
0.70154
0.70154
0.701541
0.701541
0.701541
0.701541
0.701541
0.701541
0.701542
0.701542
0.701542
0.701542
0.701542
0.701542
0.701542
0.701542
0.701542
0.701542
0.701542
0.701542
0.701542
0.701542
0.701542
0.701542
0.701542
0.701542
0.701542
0.701542
0.701542
0.701541
0.701541
0.701541
0.701541
0.701541
0.70154
0.70154
0.70154
0.70154
0.701539
0.701539
0.701539
0.701539
0.701538
0.701538
0.701538
0.701537
0.701537
0.701536
0.701536
0.701536
0.701535
0.701535
0.701534
0.701534
0.701533
0.701533
0.701533
0.701532
0.701532
0.701531
0.701531
0.70153
0.70153
0.701529
0.701529
0.701528
0.701527
0.701527
0.701526
0.701526
0.701525
0.701525
0.701524
0.701524
0.701523
0.701522
0.701522
0.701521
0.701521
0.70152
0.70152
0.701519
0.701519
0.701518
0.701518
0.701517
0.701517
0.701517
0.701516
0.701516
0.701516
0.701515
0.701515
0.701515
0.701515
0.701514
0.701514
0.701514
0.701514
0.701514
0.701514
0.701514
0.701514
0.701514
0.701514
0.701514
0.701514
0.701514
0.701514
0.701514
0.701514
0.701514
0.701514
0.701514
0.701514
0.701514
0.701515
0.701515
0.701515
0.701515
0.701515
0.701515
0.701515
0.701516
0.701516
0.701516
0.701516
0.701516
0.701516
0.701516
0.701516
0.701516
0.701516
0.701517
0.701517
0.701517
0.701517
0.701517
0.701517
0.701517
0.701517
0.701517
0.701517
0.701517
0.701516
0.701516
0.701516
0.701516
0.701516
0.701516
0.701516
0.701516
0.701516
0.701515
0.701515
0.701515
0.701515
0.701515
0.701515
0.701514
0.701514
0.701514
0.701514
0.701514
0.701514
0.701514
0.701514
0.701514
0.701514
0.701514
0.701514
0.701514
0.701514
0.701515
0.701515
0.701515
0.701515
0.701516
0.701516
0.701517
0.701517
0.701518
0.701518
0.701519
0.70152
0.701521
0.701521
0.701522
0.701523
0.701524
0.701525
0.701526
0.701527
0.701528
0.701529
0.70153
0.701531
0.701532
0.701533
0.701534
0.701535
0.701536
0.701537
0.701538
0.701539
0.70154
0.701541
0.701542
0.701543
0.701544
0.701545
0.701545
0.701546
0.701547
0.701548
0.701548
0.701549
0.70155
0.70155
0.701551
0.701551
0.701552
0.701552
0.701553
0.701553
0.701554
0.701554
0.701554
0.701554
0.701555
0.701555
0.701555
0.701555
0.701555
0.701556
0.701556
0.701556
0.701556
0.701556
0.701556
0.701556
0.701556
0.701556
0.701556
0.701556
0.701556
0.701556
0.701556
0.701556
0.701555
0.701555
0.701555
0.701555
0.701555
0.701555
0.701554
0.701554
0.701554
0.701554
0.701554
0.701553
0.701553
0.701553
0.701552
0.701552
0.701552
0.701552
0.701551
0.701551
0.701551
0.70155
0.70155
0.70155
0.701549
0.701549
0.701549
0.701549
0.701548
0.701548
0.701548
0.701548
0.701547
0.701547
0.701547
0.701547
0.701546
0.701546
0.701546
0.701546
0.701546
0.701546
0.701545
0.701545
0.701545
0.701545
0.701545
0.701545
0.701545
0.701545
0.701545
0.701545
0.701545
0.701545
0.701545
0.701545
0.701545
0.701545
0.701545
0.701546
0.701546
0.701546
0.701546
0.701546
0.701546
0.701546
0.701547
0.701547
0.701547
0.701547
0.701547
0.701547
0.701548
0.701548
0.701548
0.701548
0.701548
0.701549
0.701549
0.701549
0.701549
0.701549
0.70155
0.70155
0.70155
0.70155
0.70155
0.701551
0.701551
0.701551
0.701551
0.701551
0.701551
0.701552
0.701552
0.701552
0.701552
0.701552
0.701552
0.701553
0.701553
0.701553
0.701553
0.701553
0.701553
0.701553
0.701554
0.701554
0.701554
0.701554
0.701554
0.701554
0.701554
0.701554
0.701554
0.701555
0.701555
0.701555
0.701555
0.701555
0.701555
0.701555
0.701555
0.701555
0.701555
0.701555
0.701555
0.701555
0.701555
0.701555
0.701555
0.701555
0.701555
0.701556
0.701555
0.701555
0.701555
0.701555
0.701555
0.701555
0.701555
0.701555
0.701555
0.701555
0.701555
0.701555
0.701555
0.701555
0.701555
0.701555
0.701554
0.701554
0.701554
0.701554
0.701554
0.701553
0.701553
0.701553
0.701552
0.701552
0.701552
0.701551
0.701551
0.701551
0.70155
0.70155
0.701549
0.701549
0.701548
0.701548
0.701547
0.701547
0.701546
0.701546
0.701545
0.701544
0.701544
0.701543
0.701542
0.701542
0.701541
0.70154
0.70154
0.701539
0.701538
0.701538
0.701537
0.701536
0.701536
0.701535
0.701534
0.701534
0.701533
0.701533
0.701532
0.701532
0.701531
0.701531
0.70153
0.70153
0.701529
0.701529
0.701528
0.701528
0.701528
0.701527
0.701527
0.701527
0.701527
0.701526
0.701526
0.701526
0.701526
0.701526
0.701526
0.701526
0.701526
0.701526
0.701526
0.701526
0.701526
0.701526
0.701526
0.701526
0.701526
0.701526
0.701526
0.701526
0.701527
0.701527
0.701527
0.701527
0.701527
0.701528
0.701528
0.701528
0.701528
0.701528
0.701529
0.701529
0.701529
0.70153
0.70153
0.70153
0.701531
0.701531
0.701531
0.701532
0.701532
0.701532
0.701533
0.701533
0.701534
0.701534
0.701535
0.701535
0.701536
0.701536
0.701536
0.701537
0.701537
0.701538
0.701538
0.701539
0.701539
0.70154
0.70154
0.701541
0.701541
0.701542
0.701542
0.701543
0.701543
0.701543
0.701544
0.701544
0.701545
0.701545
0.701545
0.701546
0.701546
0.701546
0.701547
0.701547
0.701548
0.701548
0.701548
0.701548
0.701549
0.701549
0.701549
0.70155
0.70155
0.70155
0.70155
0.701551
0.701551
0.701551
0.701551
0.701552
0.701552
0.701552
0.701552
0.701553
0.701553
0.701553
0.701553
0.701554
0.701554
0.701554
0.701554
0.701555
0.701555
0.701555
0.701555
0.701555
0.701556
0.701556
0.701556
0.701556
0.701556
0.701556
0.701557
0.701557
0.701557
0.701557
0.701557
0.701557
0.701557
0.701557
0.701557
0.701558
0.701558
0.701558
0.701558
0.701558
0.701557
0.701557
0.701557
0.701557
0.701557
0.701557
0.701557
0.701557
0.701556
0.701556
0.701556
0.701556
0.701556
0.701555
0.701555
0.701555
0.701555
0.701554
0.701554
0.701554
0.701553
0.701553
0.701553
0.701552
0.701552
0.701552
0.701551
0.701551
0.701551
0.70155
0.70155
0.70155
0.701549
0.701549
0.701549
0.701548
0.701548
0.701548
0.701547
0.701547
0.701547
0.701546
0.701546
0.701546
0.701545
0.701545
0.701545
0.701545
0.701544
0.701544
0.701544
0.701543
0.701543
0.701543
0.701543
0.701542
0.701542
0.701542
0.701542
0.701541
0.701541
0.701541
0.701541
0.701541
0.70154
0.70154
0.70154
0.70154
0.70154
0.701539
0.701539
0.701539
0.701539
0.701539
0.701539
0.701538
0.701538
0.701538
0.701538
0.701538
0.701538
0.701537
0.701537
0.701537
0.701537
0.701537
0.701537
0.701536
0.701536
0.701536
0.701536
0.701536
0.701536
0.701535
0.701535
0.701535
0.701535
0.701535
0.701535
0.701534
0.701534
0.701534
0.701534
0.701534
0.701533
0.701533
0.701533
0.701533
0.701533
0.701532
0.701532
0.701532
0.701532
0.701532
0.701531
0.701531
0.701531
0.701531
0.701531
0.70153
0.70153
0.70153
0.70153
0.70153
0.701529
0.701529
0.701529
0.701529
0.701529
0.701529
0.701528
0.701528
0.701528
0.701528
0.701528
0.701527
0.701527
0.701527
0.701527
0.701527
0.701527
0.701526
0.701526
0.701526
0.701526
0.701526
0.701526
0.701526
0.701526
0.701526
0.701525
0.701525
0.701525
0.701525
0.701525
0.701525
0.701525
0.701525
0.701525
0.701525
0.701525
0.701525
0.701526
0.701526
0.701526
0.701526
0.701526
0.701526
0.701527
0.701527
0.701527
0.701527
0.701528
0.701528
0.701528
0.701529
0.701529
0.701529
0.70153
0.70153
0.70153
0.701531
0.701531
0.701532
0.701532
0.701533
0.701533
0.701534
0.701534
0.701535
0.701535
0.701536
0.701536
0.701537
0.701537
0.701538
0.701538
0.701539
0.701539
0.701539
0.70154
0.70154
0.701541
0.701541
0.701541
0.701542
0.701542
0.701542
0.701543
0.701543
0.701543
0.701543
0.701543
0.701544
0.701544
0.701544
0.701544
0.701544
0.701544
0.701544
0.701544
0.701544
0.701544
0.701543
0.701543
0.701543
0.701543
0.701543
0.701542
0.701542
0.701542
0.701541
0.701541
0.70154
0.70154
0.701539
0.701539
0.701538
0.701538
0.701537
0.701537
0.701536
0.701536
0.701535
0.701534
0.701534
0.701533
0.701532
0.701532
0.701531
0.701531
0.70153
0.701529
0.701529
0.701528
0.701528
0.701527
0.701527
0.701526
0.701526
0.701525
0.701525
0.701524
0.701524
0.701523
0.701523
0.701523
0.701522
0.701522
0.701522
0.701522
0.701521
0.701521
0.701521
0.701521
0.701521
0.701521
0.701521
0.701521
0.701521
0.701521
0.701521
0.701521
0.701521
0.701521
0.701521
0.701521
0.701522
0.701522
0.701522
0.701522
0.701523
0.701523
0.701523
0.701524
0.701524
0.701524
0.701525
0.701525
0.701526
0.701526
0.701526
0.701527
0.701527
0.701528
0.701528
0.701529
0.701529
0.70153
0.701531
0.701531
0.701532
0.701532
0.701533
0.701533
0.701534
0.701535
0.701535
0.701536
0.701536
0.701537
0.701538
0.701538
0.701539
0.701539
0.70154
0.701541
0.701541
0.701542
0.701542
0.701543
0.701543
0.701544
0.701545
0.701545
0.701546
0.701546
0.701547
0.701547
0.701547
0.701548
0.701548
0.701549
0.701549
0.701549
0.70155
0.70155
0.70155
0.701551
0.701551
0.701551
0.701551
0.701551
0.701552
0.701552
0.701552
0.701552
0.701552
0.701552
0.701552
0.701552
0.701552
0.701552
0.701552
0.701552
0.701552
0.701552
0.701552
0.701552
0.701552
0.701552
0.701551
0.701551
0.701551
0.701551
0.701551
0.701551
0.70155
0.70155
0.70155
0.70155
0.70155
0.701549
0.701549
0.701549
0.701549
0.701548
0.701548
0.701548
0.701548
0.701547
0.701547
0.701547
0.701547
0.701546
0.701546
0.701546
0.701546
0.701545
0.701545
0.701545
0.701545
0.701544
0.701544
0.701544
0.701543
0.701543
0.701543
0.701543
0.701542
0.701542
0.701542
0.701541
0.701541
0.701541
0.70154
0.70154
0.70154
0.701539
0.701539
0.701539
0.701538
0.701538
0.701538
0.701537
0.701537
0.701537
0.701536
0.701536
0.701535
0.701535
0.701535
0.701534
0.701534
0.701533
0.701533
0.701533
0.701532
0.701532
0.701532
0.701531
0.701531
0.70153
0.70153
0.70153
0.701529
0.701529
0.701529
0.701529
0.701528
0.701528
0.701528
0.701528
0.701527
0.701527
0.701527
0.701527
0.701527
0.701527
0.701526
0.701526
0.701526
0.701526
0.701526
0.701526
0.701526
0.701526
0.701526
0.701526
0.701526
0.701526
0.701526
0.701526
0.701526
0.701527
0.701527
0.701527
0.701527
0.701527
0.701527
0.701528
0.701528
0.701528
0.701528
0.701528
0.701529
0.701529
0.701529
0.701529
0.70153
0.70153
0.70153
0.70153
0.701531
0.701531
0.701531
0.701531
0.701532
0.701532
0.701532
0.701532
0.701532
0.701533
0.701533
0.701533
0.701533
0.701534
0.701534
0.701534
0.701534
0.701534
0.701534
0.701535
0.701535
0.701535
0.701535
0.701535
0.701535
0.701535
0.701536
0.701536
0.701536
0.701536
0.701536
0.701536
0.701536
0.701536
0.701536
0.701536
0.701536
0.701537
0.701537
0.701537
0.701537
0.701537
0.701537
0.701537
0.701537
0.701537
0.701537
0.701537
0.701537
0.701537
0.701537
0.701537
0.701537
0.701537
0.701538
0.701538
0.701538
0.701538
0.701538
0.701538
0.701538
0.701538
0.701538
0.701538
0.701538
0.701538
0.701538
0.701538
0.701538
0.701538
0.701538
0.701538
0.701538
0.701537
0.701537
0.701537
0.701537
0.701537
0.701537
0.701537
0.701537
0.701537
0.701536
0.701536
0.701536
0.701536
0.701536
0.701536
0.701535
0.701535
0.701535
0.701535
0.701534
0.701534
0.701534
0.701534
0.701534
0.701533
0.701533
0.701533
0.701533
0.701532
0.701532
0.701532
0.701532
0.701531
0.701531
0.701531
0.701531
0.70153
0.70153
0.70153
0.70153
0.70153
0.701529
0.701529
0.701529
0.701529
0.701529
0.701528
0.701528
0.701528
0.701528
0.701528
0.701528
0.701527
0.701527
0.701527
0.701527
0.701527
0.701527
0.701527
0.701527
0.701527
0.701527
0.701526
0.701526
0.701526
0.701526
0.701526
0.701526
0.701526
0.701526
0.701526
0.701526
0.701526
0.701526
0.701526
0.701526
0.701526
0.701526
0.701526
0.701526
0.701526
0.701526
0.701526
0.701526
0.701526
0.701526
0.701526
0.701526
0.701526
0.701527
0.701527
0.701527
0.701527
0.701527
0.701527
0.701527
0.701527
0.701527
0.701527
0.701528
0.701528
0.701528
0.701528
0.701528
0.701528
0.701529
0.701529
0.701529
0.701529
0.701529
0.70153
0.70153
0.70153
0.70153
0.701531
0.701531
0.701531
0.701532
0.701532
0.701532
0.701532
0.701533
0.701533
0.701533
0.701534
0.701534
0.701534
0.701535
0.701535
0.701536
0.701536
0.701536
0.701537
0.701537
0.701538
0.701538
0.701538
0.701539
0.701539
0.70154
0.70154
0.70154
0.701541
0.701541
0.701542
0.701542
0.701543
0.701543
0.701543
0.701544
0.701544
0.701545
0.701545
0.701545
0.701546
0.701546
0.701546
0.701547
0.701547
0.701547
0.701548
0.701548
0.701548
0.701548
0.701549
0.701549
0.701549
0.701549
0.701549
0.70155
0.70155
0.70155
0.70155
0.70155
0.70155
0.70155
0.70155
0.70155
0.70155
0.70155
0.70155
0.70155
0.70155
0.701549
0.701549
0.701549
0.701549
0.701549
0.701548
0.701548
0.701548
0.701547
0.701547
0.701547
0.701546
0.701546
0.701546
0.701545
0.701545
0.701544
0.701544
0.701543
0.701543
0.701542
0.701542
0.701541
0.701541
0.70154
0.70154
0.701539
0.701538
0.701538
0.701537
0.701537
0.701536
0.701536
0.701535
0.701535
0.701534
0.701533
0.701533
0.701532
0.701532
0.701531
0.701531
0.70153
0.70153
0.70153
0.701529
0.701529
0.701528
0.701528
0.701528
0.701527
0.701527
0.701527
0.701526
0.701526
0.701526
0.701526
0.701526
0.701525
0.701525
0.701525
0.701525
0.701525
0.701525
0.701525
0.701525
0.701525
0.701525
0.701525
0.701526
0.701526
0.701526
0.701526
0.701526
0.701527
0.701527
0.701527
0.701527
0.701528
0.701528
0.701528
0.701529
0.701529
0.701529
0.70153
0.70153
0.701531
0.701531
0.701531
0.701532
0.701532
0.701533
0.701533
0.701534
0.701534
0.701534
0.701535
0.701535
0.701536
0.701536
0.701537
0.701537
0.701537
0.701538
0.701538
0.701539
0.701539
0.701539
0.70154
0.70154
0.701541
0.701541
0.701541
0.701542
0.701542
0.701542
0.701542
0.701543
0.701543
0.701543
0.701543
0.701544
0.701544
0.701544
0.701544
0.701545
0.701545
0.701545
0.701545
0.701545
0.701545
0.701546
0.701546
0.701546
0.701546
0.701546
0.701546
0.701546
0.701546
0.701546
0.701546
0.701546
0.701546
0.701546
0.701546
0.701546
0.701546
0.701546
0.701546
0.701546
0.701546
0.701546
0.701546
0.701546
0.701546
0.701546
0.701545
0.701545
0.701545
0.701545
0.701545
0.701544
0.701544
0.701544
0.701544
0.701543
0.701543
0.701543
0.701542
0.701542
0.701542
0.701541
0.701541
0.701541
0.70154
0.70154
0.70154
0.701539
0.701539
0.701538
0.701538
0.701537
0.701537
0.701536
0.701536
0.701536
0.701535
0.701535
0.701534
0.701534
0.701533
0.701533
0.701532
0.701532
0.701531
0.701531
0.70153
0.70153
0.70153
0.701529
0.701529
0.701528
0.701528
0.701528
0.701527
0.701527
0.701527
0.701526
0.701526
0.701526
0.701526
0.701525
0.701525
0.701525
0.701525
0.701525
0.701525
0.701524
0.701524
0.701524
0.701524
0.701524
0.701524
0.701524
0.701524
0.701524
0.701524
0.701524
0.701524
0.701524
0.701524
0.701524
0.701524
0.701524
0.701524
0.701524
0.701524
0.701524
0.701524
0.701524
0.701525
0.701525
0.701525
0.701525
0.701525
0.701525
0.701525
0.701525
0.701525
0.701525
0.701525
0.701526
0.701526
0.701526
0.701526
0.701526
0.701526
0.701526
0.701526
0.701526
0.701527
0.701527
0.701527
0.701527
0.701527
0.701527
0.701527
0.701528
0.701528
0.701528
0.701528
0.701528
0.701528
0.701529
0.701529
0.701529
0.701529
0.701529
0.701529
0.70153
0.70153
0.70153
0.70153
0.70153
0.701531
0.701531
0.701531
0.701531
0.701531
0.701532
0.701532
0.701532
0.701532
0.701532
0.701533
0.701533
0.701533
0.701533
0.701533
0.701534
0.701534
0.701534
0.701534
0.701534
0.701535
0.701535
0.701535
0.701535
0.701535
0.701536
0.701536
0.701536
0.701536
0.701536
0.701537
0.701537
0.701537
0.701537
0.701537
0.701538
0.701538
0.701538
0.701538
0.701538
0.701539
0.701539
0.701539
0.701539
0.70154
0.70154
0.70154
0.70154
0.70154
0.701541
0.701541
0.701541
0.701541
0.701542
0.701542
0.701542
0.701542
0.701542
0.701543
0.701543
0.701543
0.701543
0.701543
0.701543
0.701543
0.701544
0.701544
0.701544
0.701544
0.701544
0.701544
0.701544
0.701544
0.701544
0.701545
0.701545
0.701545
0.701545
0.701545
0.701545
0.701545
0.701545
0.701545
0.701545
0.701545
0.701545
0.701545
0.701545
0.701545
0.701545
0.701545
0.701545
0.701545
0.701545
0.701545
0.701545
0.701545
0.701545
0.701545
0.701545
0.701545
0.701545
0.701545
0.701545
0.701545
0.701545
0.701545
0.701545
0.701545
0.701545
0.701545
0.701545
0.701545
0.701546
0.701546
0.701546
0.701546
0.701546
0.701546
0.701546
0.701546
0.701546
0.701546
0.701546
0.701546
0.701547
0.701547
0.701547
0.701547
0.701547
0.701547
0.701547
0.701547
0.701547
0.701547
0.701547
0.701547
0.701547
0.701547
0.701547
0.701547
0.701547
0.701547
0.701547
0.701547
0.701547
0.701547
0.701547
0.701547
0.701547
0.701546
0.701546
0.701546
0.701546
0.701546
0.701546
0.701546
0.701546
0.701546
0.701546
0.701545
0.701545
0.701545
0.701545
0.701545
0.701545
0.701545
0.701545
0.701545
0.701544
0.701544
0.701544
0.701544
0.701544
0.701544
0.701544
0.701544
0.701544
0.701544
0.701544
0.701543
0.701543
0.701543
0.701543
0.701543
0.701543
0.701543
0.701543
0.701543
0.701543
0.701543
0.701543
0.701543
0.701542
0.701542
0.701542
0.701542
0.701542
0.701542
0.701542
0.701542
0.701542
0.701542
0.701541
0.701541
0.701541
0.701541
0.701541
0.701541
0.701541
0.70154
0.70154
0.70154
0.70154
0.70154
0.70154
0.70154
0.701539
0.701539
0.701539
0.701539
0.701539
0.701539
0.701539
0.701538
0.701538
0.701538
0.701538
0.701538
0.701538
0.701538
0.701538
0.701537
0.701537
0.701537
0.701537
0.701537
0.701537
0.701537
0.701537
0.701537
0.701537
0.701537
0.701537
0.701537
0.701537
0.701537
0.701537
0.701537
0.701537
0.701537
0.701537
0.701537
0.701537
0.701537
0.701537
0.701537
0.701537
0.701537
0.701537
0.701537
0.701537
0.701537
0.701537
0.701537
0.701537
0.701537
0.701537
0.701537
0.701537
0.701537
0.701537
0.701537
0.701537
0.701538
0.701538
0.701538
0.701538
0.701538
0.701538
0.701538
0.701538
0.701538
0.701538
0.701538
0.701538
0.701538
0.701538
0.701538
0.701538
0.701538
0.701538
0.701538
0.701538
0.701538
0.701538
0.701538
0.701538
0.701538
0.701538
0.701538
0.701538
0.701538
0.701538
0.701538
0.701538
0.701538
0.701538
0.701538
0.701538
0.701538
0.701538
0.701538
0.701537
0.701537
0.701537
0.701537
0.701537
0.701537
0.701537
0.701537
0.701537
0.701537
0.701537
0.701537
0.701537
0.701536
0.701536
0.701536
0.701536
0.701536
0.701536
0.701536
0.701536
0.701536
0.701536
0.701536
0.701535
0.701535
0.701535
0.701535
0.701535
0.701535
0.701535
0.701535
0.701535
0.701536
0.701536
0.701536
0.701536
0.701536
0.701536
0.701536
0.701536
0.701537
0.701537
0.701537
0.701537
0.701537
0.701538
0.701538
0.701538
0.701538
0.701539
0.701539
0.701539
0.70154
0.70154
0.70154
0.701541
0.701541
0.701542
0.701542
0.701542
0.701543
0.701543
0.701543
0.701544
0.701544
0.701545
0.701545
0.701545
0.701546
0.701546
0.701546
0.701547
0.701547
0.701548
0.701548
0.701548
0.701549
0.701549
0.701549
0.70155
0.70155
0.70155
0.701551
0.701551
0.701551
0.701551
0.701552
0.701552
0.701552
0.701552
0.701553
0.701553
0.701553
0.701553
0.701553
0.701554
0.701554
0.701554
0.701554
0.701554
0.701554
0.701554
0.701554
0.701554
0.701554
0.701554
0.701554
0.701554
0.701554
0.701554
0.701554
0.701554
0.701554
0.701554
0.701554
0.701554
0.701554
0.701554
0.701554
0.701553
0.701553
0.701553
0.701553
0.701553
0.701553
0.701553
0.701552
0.701552
0.701552
0.701552
0.701552
0.701552
0.701551
0.701551
0.701551
0.701551
0.70155
0.70155
0.70155
0.70155
0.70155
0.701549
0.701549
0.701549
0.701549
0.701548
0.701548
0.701548
0.701548
0.701547
0.701547
0.701547
0.701547
0.701546
0.701546
0.701546
0.701546
0.701546
0.701545
0.701545
0.701545
0.701545
0.701545
0.701545
0.701545
0.701544
0.701544
0.701544
0.701544
0.701544
0.701544
0.701544
0.701544
0.701544
0.701544
0.701544
0.701544
0.701544
0.701545
0.701545
0.701545
0.701545
0.701545
0.701545
0.701545
0.701546
0.701546
0.701546
0.701546
0.701546
0.701546
0.701547
0.701547
0.701547
0.701547
0.701547
0.701547
0.701548
0.701548
0.701548
0.701548
0.701548
0.701548
0.701548
0.701548
0.701548
0.701548
0.701549
0.701549
0.701549
0.701549
0.701549
0.701549
0.701549
0.701549
0.701549
0.701549
0.701549
0.701549
0.701549
0.701549
0.701549
0.701548
0.701548
0.701548
0.701548
0.701548
0.701548
0.701548
0.701548
0.701548
0.701547
0.701547
0.701547
0.701547
0.701547
0.701547
0.701547
0.701546
0.701546
0.701546
0.701546
0.701546
0.701545
0.701545
0.701545
0.701545
0.701545
0.701544
0.701544
0.701544
0.701544
0.701543
0.701543
0.701543
0.701543
0.701543
0.701542
0.701542
0.701542
0.701542
0.701542
0.701541
0.701541
0.701541
0.701541
0.701541
0.70154
0.70154
0.70154
0.70154
0.70154
0.70154
0.70154
0.701539
0.701539
0.701539
0.701539
0.701539
0.701539
0.701539
0.701539
0.701539
0.701539
0.701539
0.701539
0.701539
0.701539
0.701539
0.701539
0.701539
0.701539
0.70154
0.70154
0.70154
0.70154
0.70154
0.70154
0.70154
0.701541
0.701541
0.701541
0.701541
0.701541
0.701542
0.701542
0.701542
0.701542
0.701543
0.701543
0.701543
0.701543
0.701544
0.701544
0.701544
0.701544
0.701544
0.701545
0.701545
0.701545
0.701545
0.701546
0.701546
0.701546
0.701546
0.701546
0.701547
0.701547
0.701547
0.701547
0.701547
0.701548
0.701548
0.701548
0.701548
0.701548
0.701548
0.701549
0.701549
0.701549
0.701549
0.701549
0.701549
0.701549
0.70155
0.70155
0.70155
0.70155
0.70155
0.70155
0.70155
0.70155
0.70155
0.701551
0.701551
0.701551
0.701551
0.701551
0.701551
0.701551
0.701551
0.701551
0.701551
0.701551
0.701551
0.70155
0.70155
0.70155
0.70155
0.70155
0.70155
0.70155
0.70155
0.701549
0.701549
0.701549
0.701549
0.701549
0.701548
0.701548
0.701548
0.701548
0.701548
0.701547
0.701547
0.701547
0.701546
0.701546
0.701546
0.701546
0.701545
0.701545
0.701545
0.701545
0.701544
0.701544
0.701544
0.701544
0.701543
0.701543
0.701543
0.701543
0.701543
0.701543
0.701542
0.701542
0.701542
0.701542
0.701542
0.701542
0.701541
0.701541
0.701541
0.701541
0.701541
0.701541
0.70154
0.70154
0.70154
0.70154
0.70154
0.70154
0.70154
0.70154
0.701539
0.701539
0.701539
0.701539
0.701539
0.701539
0.701539
0.701539
0.701539
0.701538
0.701538
0.701538
0.701538
0.701538
0.701538
0.701538
0.701538
0.701538
0.701538
0.701538
0.701538
0.701538
0.701538
0.701538
0.701538
0.701539
0.701539
0.701539
0.701539
0.701539
0.701539
0.701539
0.70154
0.70154
0.70154
0.70154
0.70154
0.701541
0.701541
0.701541
0.701541
0.701542
0.701542
0.701542
0.701542
0.701542
0.701543
0.701543
0.701543
0.701543
0.701543
0.701543
0.701543
0.701544
0.701544
0.701544
0.701544
0.701544
0.701544
0.701544
0.701544
0.701544
0.701544
0.701544
0.701544
0.701543
0.701543
0.701543
0.701543
0.701543
0.701543
0.701542
0.701542
0.701542
0.701542
0.701541
0.701541
0.701541
0.701541
0.70154
0.70154
0.70154
0.701539
0.701539
0.701539
0.701538
0.701538
0.701538
0.701537
0.701537
0.701537
0.701537
0.701536
0.701536
0.701536
0.701536
0.701535
0.701535
0.701535
0.701535
0.701535
0.701535
0.701534
0.701534
0.701534
0.701534
0.701534
0.701534
0.701534
0.701534
0.701534
0.701534
0.701534
0.701534
0.701534
0.701535
0.701535
0.701535
0.701535
0.701535
0.701536
0.701536
0.701536
0.701536
0.701537
0.701537
0.701537
0.701537
0.701538
0.701538
0.701538
0.701539
0.701539
0.701539
0.70154
0.70154
0.701541
0.701541
0.701541
0.701542
0.701542
0.701543
0.701543
0.701543
0.701544
0.701544
0.701545
0.701545
0.701545
0.701546
0.701546
0.701546
0.701547
0.701547
0.701547
0.701547
0.701548
0.701548
0.701548
0.701548
0.701549
0.701549
0.701549
0.701549
0.701549
0.701549
0.701549
0.70155
0.70155
0.70155
0.70155
0.70155
0.70155
0.70155
0.70155
0.70155
0.70155
0.70155
0.70155
0.70155
0.701549
0.701549
0.701549
0.701549
0.701549
0.701549
0.701549
0.701549
0.701549
0.701548
0.701548
0.701548
0.701548
0.701548
0.701548
0.701547
0.701547
0.701547
0.701547
0.701547
0.701546
0.701546
0.701546
0.701546
0.701546
0.701546
0.701545
0.701545
0.701545
0.701545
0.701545
0.701544
0.701544
0.701544
0.701544
0.701544
0.701544
0.701543
0.701543
0.701543
0.701543
0.701543
0.701543
0.701543
0.701543
0.701543
0.701542
0.701542
0.701542
0.701542
0.701542
0.701542
0.701542
0.701542
0.701542
0.701542
0.701542
0.701542
0.701542
0.701542
0.701542
0.701542
0.701542
0.701542
0.701542
0.701542
0.701542
0.701542
0.701542
0.701542
0.701542
0.701542
0.701542
0.701542
0.701542
0.701542
0.701542
0.701542
0.701542
0.701542
0.701542
0.701542
0.701542
0.701542
0.701542
0.701541
0.701541
0.701541
0.701541
0.701541
0.701541
0.701541
0.701541
0.70154
0.70154
0.70154
0.70154
0.70154
0.70154
0.70154
0.70154
0.701539
0.701539
0.701539
0.701539
0.701539
0.701539
0.701539
0.701539
0.701539
0.701538
0.701538
0.701538
0.701538
0.701538
0.701538
0.701538
0.701538
0.701538
0.701538
0.701538
0.701538
0.701538
0.701538
0.701538
0.701538
