0.708631
0.70863
0.708629
0.708627
0.708626
0.708623
0.708621
0.708618
0.708615
0.708611
0.708607
0.708603
0.708598
0.708593
0.708587
0.708581
0.708575
0.708568
0.70856
0.708552
0.708544
0.708535
0.708525
0.708515
0.708505
0.708494
0.708482
0.70847
0.708457
0.708444
0.70843
0.708416
0.708401
0.708385
0.708369
0.708353
0.708336
0.708318
0.7083
0.708281
0.708262
0.708243
0.708223
0.708202
0.708181
0.70816
0.708138
0.708116
0.708094
0.708071
0.708048
0.708025
0.708001
0.707977
0.707954
0.70793
0.707906
0.707882
0.707858
0.707834
0.70781
0.707787
0.707763
0.70774
0.707718
0.707696
0.707674
0.707652
0.707632
0.707612
0.707592
0.707574
0.707556
0.707539
0.707522
0.707507
0.707493
0.707479
0.707467
0.707455
0.707444
0.707435
0.707426
0.707418
0.707412
0.707406
0.707401
0.707397
0.707394
0.707391
0.70739
0.707389
0.707389
0.70739
0.707391
0.707393
0.707395
0.707398
0.707401
0.707404
0.707408
0.707412
0.707416
0.70742
0.707425
0.707429
0.707433
0.707438
0.707442
0.707446
0.707449
0.707453
0.707456
0.707459
0.707461
0.707463
0.707465
0.707466
0.707467
0.707467
0.707467
0.707467
0.707466
0.707464
0.707462
0.707459
0.707456
0.707453
0.707449
0.707445
0.70744
0.707435
0.707429
0.707424
0.707417
0.707411
0.707404
0.707397
0.70739
0.707383
0.707375
0.707368
0.70736
0.707353
0.707345
0.707337
0.707329
0.707322
0.707314
0.707307
0.707299
0.707292
0.707285
0.707278
0.707272
0.707266
0.70726
0.707254
0.707249
0.707243
0.707239
0.707234
0.70723
0.707226
0.707223
0.70722
0.707217
0.707215
0.707213
0.707211
0.70721
0.707209
0.707208
0.707208
0.707208
0.707208
0.707209
0.707209
0.70721
0.707211
0.707212
0.707213
0.707214
0.707215
0.707217
0.707218
0.707219
0.70722
0.707222
0.707223
0.707224
0.707224
0.707225
0.707226
0.707226
0.707226
0.707227
0.707227
0.707227
0.707227
0.707226
0.707226
0.707226
0.707225
0.707225
0.707225
0.707224
0.707224
0.707224
0.707223
0.707223
0.707223
0.707223
0.707223
0.707224
0.707224
0.707225
0.707225
0.707226
0.707227
0.707228
0.707229
0.70723
0.707231
0.707233
0.707234
0.707236
0.707237
0.707239
0.707241
0.707243
0.707244
0.707246
0.707248
0.70725
0.707252
0.707254
0.707255
0.707257
0.707259
0.707261
0.707263
0.707265
0.707266
0.707268
0.70727
0.707271
0.707273
0.707274
0.707276
0.707277
0.707278
0.70728
0.707281
0.707282
0.707283
0.707284
0.707284
0.707285
0.707286
0.707286
0.707287
0.707287
0.707288
0.707288
0.707289
0.707289
0.70729
0.70729
0.707291
0.707291
0.707292
0.707292
0.707293
0.707294
0.707295
0.707296
0.707297
0.707298
0.707299
0.707301
0.707303
0.707305
0.707307
0.707309
0.707311
0.707314
0.707316
0.707319
0.707322
0.707325
0.707328
0.707331
0.707334
0.707338
0.707341
0.707344
0.707347
0.70735
0.707353
0.707356
0.707359
0.707361
0.707364
0.707366
0.707368
0.707369
0.707371
0.707372
0.707372
0.707373
0.707373
0.707373
0.707372
0.707371
0.70737
0.707368
0.707366
0.707364
0.707362
0.707359
0.707357
0.707354
0.707351
0.707347
0.707344
0.707341
0.707338
0.707334
0.707331
0.707328
0.707325
0.707322
0.707319
0.707317
0.707315
0.707313
0.707311
0.707309
0.707308
0.707307
0.707306
0.707306
0.707306
0.707306
0.707307
0.707308
0.707309
0.70731
0.707312
0.707314
0.707316
0.707319
0.707322
0.707325
0.707328
0.707332
0.707336
0.70734
0.707344
0.707348
0.707352
0.707357
0.707361
0.707366
0.707371
0.707375
0.70738
0.707384
0.707389
0.707393
0.707398
0.707402
0.707405
0.707409
0.707412
0.707415
0.707418
0.707421
0.707423
0.707425
0.707426
0.707427
0.707428
0.707428
0.707428
0.707428
0.707427
0.707426
0.707425
0.707423
0.707422
0.707419
0.707417
0.707414
0.707411
0.707408
0.707405
0.707401
0.707398
0.707394
0.70739
0.707386
0.707382
0.707378
0.707374
0.707371
0.707367
0.707363
0.707359
0.707355
0.707352
0.707348
0.707345
0.707341
0.707338
0.707335
0.707333
0.70733
0.707327
0.707325
0.707323
0.707321
0.707319
0.707318
0.707316
0.707315
0.707314
0.707314
0.707313
0.707313
0.707313
0.707313
0.707313
0.707313
0.707314
0.707314
0.707315
0.707316
0.707317
0.707318
0.707319
0.70732
0.707321
0.707322
0.707323
0.707324
0.707325
0.707326
0.707327
0.707327
0.707328
0.707328
0.707328
0.707328
0.707328
0.707327
0.707326
0.707326
0.707325
0.707323
0.707322
0.70732
0.707318
0.707316
0.707314
0.707312
0.707309
0.707307
0.707304
0.707301
0.707297
0.707294
0.707291
0.707287
0.707283
0.707279
0.707275
0.707271
0.707267
0.707262
0.707258
0.707253
0.707248
0.707244
0.707239
0.707234
0.707229
0.707224
0.707219
0.707214
0.707209
0.707205
0.7072
0.707195
0.707191
0.707187
0.707182
0.707179
0.707175
0.707171
0.707168
0.707164
0.707161
0.707159
0.707156
0.707154
0.707151
0.707149
0.707147
0.707146
0.707144
0.707143
0.707141
0.70714
0.707139
0.707139
0.707138
0.707137
0.707137
0.707137
0.707136
0.707136
0.707136
0.707136
0.707136
0.707136
0.707137
0.707137
0.707138
0.707138
0.707139
0.70714
0.707141
0.707142
0.707143
0.707144
0.707146
0.707148
0.707149
0.707151
0.707154
0.707156
0.707158
0.707161
0.707163
0.707166
0.707169
0.707172
0.707174
0.707177
0.707181
0.707184
0.707187
0.70719
0.707193
0.707196
0.707199
0.707202
0.707205
0.707208
0.70721
0.707213
0.707215
0.707218
0.70722
0.707223
0.707225
0.707227
0.707229
0.707231
0.707233
0.707235
0.707237
0.707239
0.707241
0.707243
0.707244
0.707246
0.707248
0.70725
0.707252
0.707254
0.707256
0.707257
0.707259
0.707261
0.707263
0.707265
0.707266
0.707268
0.70727
0.707271
0.707273
0.707274
0.707276
0.707277
0.707279
0.70728
0.707281
0.707282
0.707283
0.707284
0.707285
0.707286
0.707287
0.707287
0.707288
0.707288
0.707289
0.707289
0.707289
0.70729
0.70729
0.707289
0.707289
0.707289
0.707288
0.707288
0.707287
0.707286
0.707285
0.707284
0.707282
0.707281
0.707279
0.707277
0.707276
0.707274
0.707272
0.70727
0.707267
0.707265
0.707263
0.707261
0.707259
0.707257
0.707255
0.707253
0.707251
0.707249
0.707248
0.707247
0.707245
0.707244
0.707244
0.707243
0.707243
0.707243
0.707243
0.707243
0.707244
0.707245
0.707247
0.707248
0.70725
0.707252
0.707255
0.707257
0.70726
0.707263
0.707267
0.70727
0.707274
0.707278
0.707282
0.707286
0.70729
0.707294
0.707298
0.707302
0.707306
0.70731
0.707314
0.707317
0.707321
0.707324
0.707328
0.707331
0.707334
0.707337
0.70734
0.707342
0.707345
0.707347
0.707349
0.707352
0.707354
0.707355
0.707357
0.707359
0.707361
0.707362
0.707364
0.707365
0.707367
0.707368
0.70737
0.707371
0.707373
0.707375
0.707377
0.707378
0.70738
0.707382
0.707384
0.707386
0.707389
0.707391
0.707393
0.707396
0.707398
0.707401
0.707403
0.707406
0.707408
0.707411
0.707413
0.707415
0.707417
0.707419
0.707421
0.707423
0.707424
0.707425
0.707426
0.707426
0.707426
0.707426
0.707426
0.707425
0.707424
0.707422
0.70742
0.707417
0.707415
0.707411
0.707408
0.707404
0.7074
0.707395
0.70739
0.707384
0.707379
0.707373
0.707367
0.70736
0.707354
0.707347
0.70734
0.707333
0.707326
0.707319
0.707312
0.707305
0.707298
0.707291
0.707284
0.707278
0.707271
0.707265
0.707259
0.707253
0.707248
0.707243
0.707238
0.707233
0.707229
0.707225
0.707221
0.707218
0.707214
0.707211
0.707208
0.707206
0.707203
0.707201
0.707199
0.707197
0.707195
0.707193
0.707191
0.707189
0.707187
0.707186
0.707184
0.707182
0.70718
0.707179
0.707177
0.707175
0.707174
0.707172
0.70717
0.707168
0.707167
0.707165
0.707163
0.707162
0.70716
0.707159
0.707157
0.707156
0.707155
0.707154
0.707153
0.707152
0.707151
0.70715
0.707149
0.707149
0.707148
0.707148
0.707148
0.707148
0.707148
0.707148
0.707149
0.707149
0.70715
0.70715
0.707151
0.707152
0.707153
0.707155
0.707156
0.707157
0.707159
0.707161
0.707163
0.707164
0.707167
0.707169
0.707171
0.707173
0.707175
0.707178
0.70718
0.707182
0.707184
0.707187
0.707189
0.707191
0.707193
0.707194
0.707196
0.707197
0.707198
0.707199
0.7072
0.7072
0.7072
0.7072
0.7072
0.707199
0.707198
0.707196
0.707194
0.707192
0.707189
0.707187
0.707183
0.70718
0.707176
0.707172
0.707168
0.707163
0.707159
0.707154
0.707149
0.707144
0.707139
0.707134
0.707129
0.707124
0.70712
0.707115
0.707111
0.707107
0.707103
0.707099
0.707096
0.707093
0.707091
0.707089
0.707087
0.707086
0.707086
0.707086
0.707086
0.707087
0.707089
0.70709
0.707093
0.707095
0.707098
0.707102
0.707106
0.70711
0.707114
0.707118
0.707123
0.707128
0.707132
0.707137
0.707142
0.707147
0.707151
0.707156
0.70716
0.707164
0.707167
0.707171
0.707174
0.707177
0.707179
0.707182
0.707183
0.707185
0.707186
0.707187
0.707187
0.707187
0.707187
0.707187
0.707186
0.707185
0.707183
0.707182
0.70718
0.707178
0.707176
0.707173
0.707171
0.707168
0.707165
0.707163
0.70716
0.707157
0.707154
0.707151
0.707148
0.707145
0.707142
0.70714
0.707137
0.707134
0.707131
0.707128
0.707126
0.707123
0.707121
0.707118
0.707116
0.707114
0.707111
0.707109
0.707107
0.707106
0.707104
0.707102
0.707101
0.707099
0.707098
0.707097
0.707097
0.707096
0.707096
0.707096
0.707096
0.707096
0.707097
0.707098
0.707099
0.707101
0.707102
0.707104
0.707107
0.70711
0.707113
0.707116
0.70712
0.707123
0.707128
0.707132
0.707137
0.707141
0.707147
0.707152
0.707157
0.707163
0.707169
0.707174
0.70718
0.707186
0.707193
0.707199
0.707205
0.707212
0.707218
0.707225
0.707231
0.707238
0.707244
0.707251
0.707257
0.707264
0.70727
0.707277
0.707283
0.70729
0.707296
0.707302
0.707308
0.707314
0.70732
0.707326
0.707332
0.707337
0.707343
0.707348
0.707353
0.707358
0.707363
0.707367
0.707371
0.707375
0.707379
0.707383
0.707387
0.70739
0.707393
0.707396
0.707398
0.7074
0.707402
0.707404
0.707406
0.707407
0.707408
0.707408
0.707409
0.707409
0.707409
0.707408
0.707407
0.707406
0.707405
0.707403
0.707401
0.707399
0.707396
0.707393
0.70739
0.707386
0.707383
0.707379
0.707375
0.707371
0.707366
0.707362
0.707357
0.707353
0.707348
0.707343
0.707338
0.707333
0.707328
0.707323
0.707318
0.707314
0.707309
0.707304
0.707299
0.707294
0.70729
0.707285
0.707281
0.707276
0.707272
0.707268
0.707264
0.70726
0.707255
0.707252
0.707248
0.707244
0.70724
0.707236
0.707233
0.707229
0.707226
0.707222
0.707219
0.707216
0.707212
0.707209
0.707206
0.707203
0.7072
0.707197
0.707195
0.707192
0.707189
0.707187
0.707185
0.707182
0.70718
0.707178
0.707176
0.707174
0.707173
0.707171
0.707169
0.707168
0.707167
0.707165
0.707164
0.707163
0.707162
0.707161
0.70716
0.707159
0.707158
0.707157
0.707156
0.707155
0.707155
0.707154
0.707153
0.707152
0.707151
0.70715
0.707149
0.707148
0.707147
0.707147
0.707146
0.707145
0.707144
0.707143
0.707143
0.707142
0.707142
0.707141
0.707141
0.70714
0.70714
0.70714
0.70714
0.707139
0.707139
0.70714
0.70714
0.70714
0.707141
0.707141
0.707142
0.707143
0.707144
0.707145
0.707146
0.707147
0.707149
0.707151
0.707153
0.707155
0.707157
0.707159
0.707162
0.707164
0.707167
0.70717
0.707173
0.707177
0.70718
0.707184
0.707188
0.707192
0.707196
0.7072
0.707204
0.707209
0.707213
0.707218
0.707222
0.707227
0.707232
0.707236
0.707241
0.707246
0.70725
0.707255
0.70726
0.707264
0.707269
0.707274
0.707278
0.707282
0.707287
0.707291
0.707295
0.707299
0.707303
0.707307
0.707311
0.707315
0.707319
0.707323
0.707326
0.70733
0.707334
0.707337
0.707341
0.707345
0.707348
0.707352
0.707356
0.707359
0.707363
0.707366
0.70737
0.707373
0.707377
0.70738
0.707384
0.707387
0.707391
0.707394
0.707397
0.707401
0.707404
0.707406
0.707409
0.707412
0.707414
0.707416
0.707418
0.70742
0.707421
0.707423
0.707423
0.707424
0.707424
0.707424
0.707423
0.707422
0.707421
0.707419
0.707417
0.707415
0.707412
0.707409
0.707405
0.707401
0.707397
0.707393
0.707389
0.707384
0.707379
0.707374
0.707369
0.707364
0.707358
0.707353
0.707348
0.707342
0.707337
0.707332
0.707327
0.707322
0.707317
0.707312
0.707307
0.707303
0.707298
0.707294
0.70729
0.707287
0.707283
0.70728
0.707277
0.707274
0.707271
0.707268
0.707266
0.707263
0.707261
0.707259
0.707257
0.707255
0.707254
0.707252
0.70725
0.707249
0.707248
0.707246
0.707245
0.707244
0.707243
0.707242
0.707241
0.707241
0.70724
0.70724
0.707239
0.707239
0.707239
0.707239
0.70724
0.70724
0.707241
0.707242
0.707243
0.707245
0.707247
0.707249
0.707251
0.707254
0.707256
0.707259
0.707263
0.707266
0.70727
0.707274
0.707279
0.707283
0.707288
0.707293
0.707298
0.707303
0.707309
0.707314
0.70732
0.707326
0.707331
0.707337
0.707343
0.707349
0.707355
0.707361
0.707367
0.707372
0.707378
0.707384
0.70739
0.707395
0.707401
0.707406
0.707411
0.707416
0.707421
0.707426
0.70743
0.707434
0.707438
0.707442
0.707446
0.707449
0.707452
0.707454
0.707456
0.707458
0.707459
0.70746
0.707461
0.707461
0.707461
0.70746
0.707458
0.707457
0.707454
0.707452
0.707448
0.707445
0.707441
0.707436
0.707431
0.707426
0.707421
0.707415
0.707409
0.707402
0.707396
0.707389
0.707382
0.707375
0.707368
0.707361
0.707354
0.707347
0.707341
0.707334
0.707327
0.707321
0.707315
0.707309
0.707304
0.707298
0.707293
0.707288
0.707284
0.70728
0.707276
0.707273
0.707269
0.707267
0.707264
0.707262
0.70726
0.707258
0.707257
0.707255
0.707254
0.707253
0.707253
0.707252
0.707251
0.707251
0.70725
0.70725
0.707249
0.707248
0.707247
0.707246
0.707245
0.707244
0.707242
0.70724
0.707238
0.707236
0.707234
0.707231
0.707228
0.707225
0.707222
0.707219
0.707215
0.707212
0.707208
0.707204
0.707201
0.707197
0.707193
0.707189
0.707186
0.707182
0.707179
0.707176
0.707173
0.70717
0.707167
0.707165
0.707163
0.707161
0.707159
0.707158
0.707157
0.707156
0.707156
0.707156
0.707156
0.707156
0.707156
0.707157
0.707158
0.707159
0.70716
0.707162
0.707163
0.707165
0.707167
0.707169
0.707171
0.707173
0.707175
0.707178
0.70718
0.707182
0.707185
0.707187
0.70719
0.707193
0.707196
0.707198
0.707201
0.707204
0.707207
0.70721
0.707213
0.707216
0.707219
0.707222
0.707225
0.707229
0.707232
0.707235
0.707239
0.707242
0.707245
0.707248
0.707252
0.707255
0.707258
0.707262
0.707265
0.707268
0.707272
0.707275
0.707278
0.707281
0.707285
0.707288
0.707291
0.707294
0.707297
0.7073
0.707303
0.707306
0.707309
0.707311
0.707314
0.707317
0.707319
0.707322
0.707325
0.707327
0.707329
0.707332
0.707334
0.707336
0.707338
0.70734
0.707342
0.707343
0.707345
0.707346
0.707347
0.707349
0.70735
0.70735
0.707351
0.707351
0.707352
0.707352
0.707352
0.707351
0.707351
0.70735
0.70735
0.707349
0.707348
0.707346
0.707345
0.707344
0.707342
0.707341
0.707339
0.707338
0.707336
0.707335
0.707333
0.707332
0.707331
0.70733
0.707329
0.707328
0.707328
0.707328
0.707328
0.707328
0.707329
0.70733
0.707332
0.707333
0.707335
0.707338
0.70734
0.707343
0.707346
0.707349
0.707353
0.707357
0.70736
0.707364
0.707368
0.707372
0.707376
0.70738
0.707384
0.707387
0.707391
0.707394
0.707397
0.7074
0.707403
0.707406
0.707408
0.70741
0.707411
0.707413
0.707414
0.707414
0.707415
0.707415
0.707414
0.707414
0.707413
0.707412
0.70741
0.707409
0.707407
0.707404
0.707402
0.707399
0.707396
0.707393
0.70739
0.707387
0.707383
0.707379
0.707375
0.707371
0.707367
0.707363
0.707359
0.707355
0.707351
0.707346
0.707342
0.707338
0.707334
0.70733
0.707325
0.707321
0.707318
0.707314
0.70731
0.707306
0.707303
0.707299
0.707296
0.707293
0.70729
0.707287
0.707284
0.707282
0.707279
0.707277
0.707275
0.707273
0.707271
0.707269
0.707268
0.707266
0.707265
0.707264
0.707262
0.707261
0.707261
0.70726
0.707259
0.707259
0.707258
0.707258
0.707258
0.707257
0.707257
0.707257
0.707257
0.707257
0.707258
0.707258
0.707258
0.707259
0.70726
0.70726
0.707261
0.707262
0.707263
0.707264
0.707265
0.707267
0.707268
0.70727
0.707271
0.707273
0.707275
0.707277
0.707279
0.707281
0.707283
0.707285
0.707287
0.707289
0.707291
0.707293
0.707294
0.707296
0.707298
0.7073
0.707301
0.707302
0.707303
0.707304
0.707305
0.707306
0.707306
0.707306
0.707307
0.707306
0.707306
0.707306
0.707305
0.707304
0.707304
0.707303
0.707302
0.707301
0.7073
0.707299
0.707297
0.707296
0.707295
0.707294
0.707294
0.707293
0.707292
0.707292
0.707291
0.707291
0.707291
0.707291
0.707291
0.707291
0.707292
0.707292
0.707293
0.707294
0.707295
0.707296
0.707297
0.707299
0.7073
0.707302
0.707303
0.707305
0.707306
0.707308
0.707309
0.707311
0.707312
0.707313
0.707315
0.707316
0.707317
0.707317
0.707318
0.707318
0.707319
0.707319
0.707318
0.707318
0.707317
0.707316
0.707315
0.707314
0.707312
0.70731
0.707308
0.707305
0.707303
0.7073
0.707297
0.707293
0.70729
0.707286
0.707282
0.707278
0.707273
0.707269
0.707264
0.707259
0.707254
0.707249
0.707244
0.707239
0.707234
0.707229
0.707224
0.707219
0.707214
0.707209
0.707204
0.707199
0.707194
0.70719
0.707185
0.707181
0.707177
0.707173
0.70717
0.707166
0.707163
0.70716
0.707158
0.707155
0.707153
0.707151
0.707149
0.707148
0.707147
0.707146
0.707145
0.707145
0.707145
0.707145
0.707146
0.707147
0.707148
0.707149
0.707151
0.707153
0.707155
0.707157
0.70716
0.707163
0.707166
0.707169
0.707173
0.707176
0.70718
0.707184
0.707188
0.707192
0.707196
0.707201
0.707205
0.707209
0.707213
0.707217
0.707221
0.707225
0.707229
0.707233
0.707237
0.70724
0.707244
0.707247
0.70725
0.707253
0.707256
0.707259
0.707262
0.707264
0.707267
0.707269
0.707272
0.707274
0.707277
0.707279
0.707281
0.707283
0.707286
0.707288
0.70729
0.707293
0.707295
0.707297
0.707299
0.707301
0.707303
0.707306
0.707308
0.70731
0.707312
0.707313
0.707315
0.707317
0.707319
0.70732
0.707321
0.707323
0.707324
0.707325
0.707326
0.707326
0.707327
0.707328
0.707328
0.707329
0.707329
0.707329
0.707329
0.707329
0.707329
0.707329
0.707329
0.70733
0.70733
0.70733
0.70733
0.70733
0.70733
0.707331
0.707331
0.707332
0.707333
0.707333
0.707334
0.707335
0.707336
0.707337
0.707339
0.70734
0.707341
0.707343
0.707344
0.707346
0.707347
0.707349
0.70735
0.707352
0.707353
0.707355
0.707356
0.707357
0.707358
0.707358
0.707359
0.707359
0.707359
0.707359
0.707359
0.707358
0.707357
0.707356
0.707355
0.707353
0.707351
0.707349
0.707346
0.707343
0.70734
0.707337
0.707334
0.70733
0.707326
0.707323
0.707319
0.707314
0.70731
0.707306
0.707302
0.707298
0.707293
0.707289
0.707285
0.707281
0.707277
0.707273
0.707269
0.707265
0.707262
0.707258
0.707255
0.707252
0.707249
0.707246
0.707243
0.70724
0.707238
0.707235
0.707233
0.707231
0.70723
0.707228
0.707227
0.707226
0.707225
0.707224
0.707224
0.707223
0.707223
0.707223
0.707224
0.707224
0.707225
0.707226
0.707227
0.707228
0.70723
0.707231
0.707233
0.707235
0.707237
0.707239
0.707241
0.707243
0.707246
0.707248
0.70725
0.707252
0.707255
0.707257
0.707259
0.707261
0.707264
0.707266
0.707268
0.70727
0.707271
0.707273
0.707275
0.707276
0.707277
0.707279
0.70728
0.707281
0.707281
0.707282
0.707282
0.707282
0.707283
0.707283
0.707282
0.707282
0.707281
0.70728
0.707279
0.707278
0.707277
0.707275
0.707273
0.707271
0.707269
0.707266
0.707264
0.707261
0.707258
0.707255
0.707252
0.707248
0.707245
0.707241
0.707237
0.707233
0.70723
0.707226
0.707222
0.707218
0.707214
0.70721
0.707206
0.707202
0.707198
0.707195
0.707191
0.707188
0.707184
0.707181
0.707178
0.707175
0.707173
0.70717
0.707167
0.707165
0.707163
0.707161
0.707159
0.707158
0.707156
0.707155
0.707154
0.707154
0.707153
0.707153
0.707153
0.707153
0.707154
0.707155
0.707156
0.707157
0.707159
0.70716
0.707162
0.707164
0.707167
0.707169
0.707172
0.707175
0.707178
0.707181
0.707185
0.707188
0.707191
0.707195
0.707198
0.707202
0.707205
0.707208
0.707211
0.707214
0.707217
0.70722
0.707223
0.707225
0.707227
0.707229
0.707231
0.707232
0.707233
0.707234
0.707235
0.707235
0.707235
0.707235
0.707235
0.707234
0.707233
0.707232
0.707231
0.70723
0.707229
0.707228
0.707226
0.707225
0.707224
0.707222
0.707221
0.70722
0.707219
0.707218
0.707217
0.707217
0.707216
0.707216
0.707216
0.707216
0.707217
0.707217
0.707218
0.707219
0.70722
0.707221
0.707222
0.707224
0.707225
0.707227
0.707229
0.707231
0.707233
0.707235
0.707238
0.70724
0.707242
0.707245
0.707247
0.707249
0.707252
0.707255
0.707257
0.70726
0.707263
0.707265
0.707268
0.707271
0.707274
0.707277
0.70728
0.707284
0.707287
0.70729
0.707294
0.707297
0.707301
0.707304
0.707308
0.707311
0.707315
0.707319
0.707322
0.707326
0.707329
0.707333
0.707336
0.707339
0.707342
0.707345
0.707348
0.707351
0.707354
0.707356
0.707359
0.707361
0.707363
0.707364
0.707366
0.707367
0.707368
0.707369
0.70737
0.70737
0.70737
0.70737
0.70737
0.707369
0.707368
0.707367
0.707365
0.707363
0.707361
0.707358
0.707355
0.707352
0.707348
0.707344
0.70734
0.707335
0.70733
0.707324
0.707319
0.707312
0.707306
0.7073
0.707293
0.707286
0.707279
0.707272
0.707264
0.707257
0.70725
0.707243
0.707236
0.707229
0.707222
0.707216
0.70721
0.707205
0.707199
0.707195
0.70719
0.707187
0.707183
0.707181
0.707179
0.707177
0.707176
0.707176
0.707176
0.707177
0.707178
0.70718
0.707182
0.707185
0.707188
0.707192
0.707196
0.7072
0.707204
0.707209
0.707214
0.707219
0.707224
0.707229
0.707234
0.70724
0.707245
0.70725
0.707255
0.70726
0.707264
0.707269
0.707273
0.707277
0.707281
0.707284
0.707287
0.70729
0.707293
0.707295
0.707297
0.707299
0.7073
0.707301
0.707302
0.707302
0.707303
0.707303
0.707302
0.707302
0.707301
0.7073
0.7073
0.707299
0.707298
0.707297
0.707296
0.707295
0.707294
0.707293
0.707292
0.707291
0.707291
0.707291
0.707291
0.707291
0.707291
0.707292
0.707293
0.707294
0.707295
0.707297
0.707298
0.7073
0.707302
0.707304
0.707306
0.707308
0.70731
0.707312
0.707314
0.707316
0.707318
0.70732
0.707322
0.707324
0.707326
0.707327
0.707329
0.70733
0.707331
0.707332
0.707333
0.707334
0.707335
0.707335
0.707336
0.707336
0.707336
0.707337
0.707337
0.707338
0.707338
0.707338
0.707339
0.707339
0.70734
0.707341
0.707341
0.707342
0.707343
0.707344
0.707345
0.707347
0.707348
0.707349
0.70735
0.707352
0.707353
0.707354
0.707355
0.707357
0.707358
0.707358
0.707359
0.70736
0.70736
0.70736
0.70736
0.70736
0.70736
0.707359
0.707358
0.707357
0.707355
0.707353
0.707351
0.707348
0.707346
0.707343
0.707339
0.707336
0.707332
0.707328
0.707323
0.707319
0.707314
0.707309
0.707304
0.707299
0.707293
0.707288
0.707282
0.707277
0.707271
0.707266
0.70726
0.707255
0.707249
0.707244
0.707238
0.707233
0.707228
0.707223
0.707218
0.707213
0.707208
0.707204
0.7072
0.707196
0.707192
0.707188
0.707185
0.707182
0.707179
0.707177
0.707175
0.707173
0.707171
0.70717
0.707169
0.707169
0.707169
0.70717
0.707171
0.707172
0.707174
0.707176
0.707179
0.707183
0.707187
0.707191
0.707196
0.707201
0.707207
0.707213
0.707219
0.707226
0.707233
0.707241
0.707249
0.707257
0.707265
0.707274
0.707283
0.707291
0.7073
0.707309
0.707318
0.707327
0.707336
0.707345
0.707354
0.707362
0.707371
0.707379
0.707387
0.707395
0.707402
0.707409
0.707416
0.707423
0.707429
0.707435
0.70744
0.707445
0.70745
0.707454
0.707458
0.707462
0.707465
0.707468
0.707471
0.707473
0.707475
0.707476
0.707478
0.707479
0.70748
0.70748
0.707481
0.707481
0.707482
0.707482
0.707482
0.707482
0.707483
0.707483
0.707483
0.707484
0.707484
0.707485
0.707485
0.707486
0.707487
0.707488
0.70749
0.707491
0.707492
0.707494
0.707495
0.707497
0.707499
0.707501
0.707502
0.707504
0.707505
0.707507
0.707508
0.707509
0.707511
0.707511
0.707512
0.707513
0.707513
0.707513
0.707512
0.707512
0.707511
0.70751
0.707508
0.707507
0.707505
0.707502
0.7075
0.707497
0.707494
0.707491
0.707488
0.707484
0.70748
0.707476
0.707472
0.707468
0.707464
0.707459
0.707455
0.70745
0.707445
0.707441
0.707436
0.707431
0.707426
0.707421
0.707416
0.707411
0.707406
0.7074
0.707395
0.70739
0.707385
0.707379
0.707374
0.707368
0.707363
0.707357
0.707352
0.707347
0.707341
0.707336
0.70733
0.707325
0.70732
0.707315
0.70731
0.707305
0.7073
0.707295
0.707291
0.707287
0.707282
0.707279
0.707275
0.707272
0.707268
0.707266
0.707263
0.707261
0.707259
0.707257
0.707255
0.707254
0.707252
0.707252
0.707251
0.70725
0.70725
0.70725
0.70725
0.70725
0.70725
0.707251
0.707251
0.707252
0.707252
0.707253
0.707254
0.707254
0.707255
0.707256
0.707256
0.707257
0.707258
0.707259
0.707259
0.70726
0.707261
0.707262
0.707262
0.707263
0.707264
0.707265
0.707265
0.707266
0.707267
0.707268
0.707269
0.70727
0.707271
0.707272
0.707274
0.707275
0.707276
0.707278
0.707279
0.707281
0.707282
0.707284
0.707286
0.707287
0.707289
0.707291
0.707293
0.707295
0.707297
0.707299
0.707301
0.707303
0.707306
0.707308
0.70731
0.707312
0.707314
0.707317
0.707319
0.707321
0.707324
0.707326
0.707328
0.707331
0.707333
0.707336
0.707339
0.707341
0.707344
0.707347
0.70735
0.707353
0.707356
0.70736
0.707363
0.707367
0.70737
0.707374
0.707377
0.707381
0.707385
0.707389
0.707393
0.707397
0.7074
0.707404
0.707408
0.707412
0.707415
0.707419
0.707422
0.707426
0.707429
0.707432
0.707435
0.707437
0.70744
0.707442
0.707444
0.707446
0.707448
0.707449
0.70745
0.70745
0.707451
0.707451
0.707451
0.70745
0.707449
0.707448
0.707446
0.707444
0.707442
0.707439
0.707436
0.707433
0.707429
0.707426
0.707421
0.707417
0.707412
0.707407
0.707402
0.707397
0.707391
0.707386
0.70738
0.707374
0.707368
0.707362
0.707355
0.707349
0.707343
0.707336
0.70733
0.707324
0.707317
0.707311
0.707305
0.707298
0.707292
0.707286
0.70728
0.707274
0.707268
0.707262
0.707256
0.707251
0.707245
0.70724
0.707235
0.70723
0.707225
0.707221
0.707217
0.707213
0.707209
0.707206
0.707202
0.7072
0.707197
0.707195
0.707193
0.707192
0.70719
0.70719
0.707189
0.707189
0.707189
0.70719
0.707191
0.707192
0.707194
0.707195
0.707197
0.7072
0.707203
0.707205
0.707209
0.707212
0.707215
0.707219
0.707223
0.707227
0.707231
0.707235
0.707239
0.707243
0.707248
0.707252
0.707256
0.70726
0.707264
0.707268
0.707272
0.707276
0.70728
0.707284
0.707287
0.707291
0.707294
0.707297
0.7073
0.707302
0.707305
0.707307
0.707309
0.70731
0.707312
0.707313
0.707315
0.707316
0.707316
0.707317
0.707317
0.707317
0.707317
0.707317
0.707317
0.707317
0.707316
0.707316
0.707315
0.707314
0.707313
0.707312
0.707311
0.70731
0.707309
0.707307
0.707306
0.707305
0.707303
0.707302
0.7073
0.707299
0.707297
0.707296
0.707294
0.707293
0.707291
0.70729
0.707289
0.707287
0.707286
0.707285
0.707284
0.707283
0.707282
0.707281
0.707281
0.707281
0.707281
0.707281
0.707282
0.707283
0.707284
0.707286
0.707288
0.70729
0.707293
0.707295
0.707299
0.707302
0.707306
0.70731
0.707315
0.707319
0.707324
0.70733
0.707335
0.70734
0.707346
0.707352
0.707357
0.707363
0.707369
0.707375
0.70738
0.707386
0.707392
0.707397
0.707402
0.707407
0.707412
0.707417
0.707421
0.707426
0.70743
0.707433
0.707437
0.70744
0.707443
0.707445
0.707447
0.707449
0.707451
0.707452
0.707453
0.707454
0.707454
0.707455
0.707455
0.707454
0.707454
0.707453
0.707452
0.707452
0.70745
0.707449
0.707448
0.707447
0.707445
0.707444
0.707442
0.707441
0.70744
0.707439
0.707437
0.707436
0.707435
0.707435
0.707434
0.707433
0.707433
0.707433
0.707432
0.707432
0.707433
0.707433
0.707433
0.707434
0.707434
0.707435
0.707436
0.707436
0.707437
0.707438
0.707439
0.70744
0.70744
0.707441
0.707442
0.707442
0.707443
0.707443
0.707443
0.707443
0.707444
0.707443
0.707443
0.707443
0.707443
0.707442
0.707441
0.707441
0.70744
0.707439
0.707438
0.707437
0.707436
0.707435
0.707434
0.707432
0.707431
0.707429
0.707428
0.707426
0.707425
0.707423
0.707421
0.707419
0.707417
0.707415
0.707413
0.707411
0.707408
0.707406
0.707403
0.7074
0.707397
0.707394
0.707391
0.707388
0.707384
0.707381
0.707377
0.707373
0.707369
0.707365
0.707361
0.707357
0.707353
0.707348
0.707344
0.70734
0.707335
0.707331
0.707326
0.707322
0.707317
0.707313
0.707308
0.707304
0.707299
0.707295
0.70729
0.707286
0.707282
0.707277
0.707273
0.707268
0.707264
0.707259
0.707255
0.70725
0.707246
0.707241
0.707236
0.707232
0.707227
0.707222
0.707218
0.707213
0.707208
0.707204
0.707199
0.707194
0.70719
0.707185
0.707181
0.707177
0.707173
0.707169
0.707166
0.707163
0.70716
0.707157
0.707155
0.707153
0.707152
0.707151
0.70715
0.70715
0.70715
0.707151
0.707153
0.707155
0.707157
0.70716
0.707163
0.707167
0.707171
0.707176
0.707181
0.707187
0.707193
0.707199
0.707205
0.707212
0.707219
0.707226
0.707234
0.707241
0.707249
0.707257
0.707264
0.707272
0.707279
0.707287
0.707294
0.707301
0.707308
0.707314
0.707321
0.707327
0.707332
0.707338
0.707343
0.707347
0.707351
0.707355
0.707358
0.707361
0.707363
0.707365
0.707366
0.707366
0.707367
0.707366
0.707366
0.707364
0.707363
0.70736
0.707358
0.707355
0.707352
0.707348
0.707344
0.70734
0.707335
0.707331
0.707326
0.707322
0.707317
0.707312
0.707307
0.707303
0.707298
0.707294
0.70729
0.707287
0.707283
0.70728
0.707278
0.707276
0.707274
0.707273
0.707272
0.707272
0.707272
0.707273
0.707274
0.707276
0.707278
0.707281
0.707284
0.707288
0.707292
0.707296
0.707301
0.707306
0.707311
0.707316
0.707321
0.707327
0.707332
0.707337
0.707343
0.707347
0.707352
0.707357
0.707361
0.707364
0.707367
0.70737
0.707373
0.707374
0.707375
0.707376
0.707376
0.707376
0.707375
0.707373
0.707371
0.707368
0.707365
0.707361
0.707357
0.707352
0.707347
0.707342
0.707336
0.707331
0.707325
0.707319
0.707312
0.707306
0.7073
0.707294
0.707288
0.707282
0.707276
0.70727
0.707265
0.70726
0.707255
0.70725
0.707246
0.707242
0.707239
0.707236
0.707233
0.707231
0.707229
0.707227
0.707226
0.707225
0.707225
0.707225
0.707226
0.707227
0.707228
0.707229
0.707231
0.707233
0.707236
0.707239
0.707242
0.707245
0.707248
0.707252
0.707256
0.70726
0.707264
0.707268
0.707272
0.707276
0.70728
0.707285
0.707289
0.707293
0.707297
0.707301
0.707305
0.707309
0.707312
0.707316
0.707319
0.707322
0.707325
0.707328
0.70733
0.707332
0.707334
0.707335
0.707337
0.707338
0.707338
0.707338
0.707338
0.707338
0.707337
0.707336
0.707334
0.707332
0.70733
0.707328
0.707325
0.707322
0.707318
0.707314
0.70731
0.707306
0.707302
0.707297
0.707293
0.707288
0.707283
0.707279
0.707274
0.707269
0.707265
0.70726
0.707256
0.707251
0.707247
0.707243
0.70724
0.707236
0.707233
0.70723
0.707227
0.707224
0.707222
0.70722
0.707218
0.707217
0.707215
0.707214
0.707214
0.707213
0.707213
0.707213
0.707214
0.707215
0.707215
0.707217
0.707218
0.70722
0.707222
0.707224
0.707227
0.70723
0.707233
0.707236
0.70724
0.707244
0.707248
0.707252
0.707257
0.707261
0.707266
0.707271
0.707276
0.707281
0.707286
0.707291
0.707296
0.707301
0.707305
0.70731
0.707314
0.707318
0.707322
0.707325
0.707328
0.707331
0.707333
0.707335
0.707336
0.707337
0.707338
0.707338
0.707338
0.707338
0.707337
0.707335
0.707334
0.707332
0.707329
0.707327
0.707324
0.70732
0.707317
0.707313
0.70731
0.707306
0.707302
0.707298
0.707294
0.70729
0.707286
0.707282
0.707278
0.707275
0.707271
0.707268
0.707265
0.707262
0.70726
0.707258
0.707256
0.707254
0.707253
0.707252
0.707251
0.70725
0.70725
0.70725
0.70725
0.707251
0.707252
0.707253
0.707254
0.707255
0.707257
0.707258
0.70726
0.707262
0.707265
0.707267
0.707269
0.707272
0.707275
0.707278
0.707281
0.707284
0.707287
0.70729
0.707293
0.707297
0.7073
0.707304
0.707307
0.707311
0.707314
0.707318
0.707321
0.707324
0.707328
0.707331
0.707334
0.707337
0.70734
0.707343
0.707346
0.707348
0.707351
0.707353
0.707355
0.707356
0.707358
0.707359
0.70736
0.707361
0.707361
0.707362
0.707362
0.707362
0.707361
0.707361
0.70736
0.707359
0.707357
0.707356
0.707354
0.707353
0.707351
0.707349
0.707347
0.707345
0.707342
0.70734
0.707338
0.707336
0.707333
0.707331
0.707329
0.707327
0.707325
0.707323
0.707321
0.707319
0.707318
0.707316
0.707315
0.707314
0.707313
0.707312
0.707312
0.707311
0.707311
0.707312
0.707312
0.707313
0.707314
0.707315
0.707316
0.707318
0.707319
0.707321
0.707323
0.707326
0.707328
0.707331
0.707334
0.707337
0.70734
0.707343
0.707346
0.707349
0.707352
0.707356
0.707359
0.707362
0.707365
0.707368
0.707371
0.707374
0.707377
0.707379
0.707382
0.707384
0.707387
0.707389
0.707391
0.707392
0.707394
0.707395
0.707397
0.707398
0.707399
0.7074
0.707401
0.707401
0.707402
0.707402
0.707403
0.707403
0.707403
0.707404
0.707404
0.707404
0.707404
0.707405
0.707405
0.707405
0.707405
0.707405
0.707406
0.707406
0.707406
0.707406
0.707407
0.707407
0.707407
0.707407
0.707407
0.707408
0.707408
0.707408
0.707408
0.707408
0.707408
0.707408
0.707408
0.707407
0.707407
0.707407
0.707406
0.707406
0.707405
0.707405
0.707404
0.707403
0.707403
0.707402
0.707401
0.7074
0.7074
0.707399
0.707398
0.707398
0.707397
0.707397
0.707396
0.707396
0.707396
0.707396
0.707396
0.707396
0.707396
0.707396
0.707397
0.707397
0.707398
0.707399
0.7074
0.707401
0.707402
0.707403
0.707405
0.707406
0.707407
0.707409
0.70741
0.707412
0.707413
0.707415
0.707417
0.707418
0.70742
0.707421
0.707422
0.707424
0.707425
0.707427
0.707428
0.707429
0.70743
0.707431
0.707432
0.707433
0.707434
0.707435
0.707436
0.707437
0.707437
0.707438
0.707438
0.707439
0.707439
0.707439
0.707439
0.707438
0.707438
0.707437
0.707436
0.707435
0.707434
0.707433
0.707431
0.707429
0.707427
0.707425
0.707423
0.70742
0.707417
0.707414
0.707411
0.707408
0.707404
0.707401
0.707397
0.707393
0.707389
0.707384
0.70738
0.707375
0.707371
0.707366
0.707361
0.707356
0.707351
0.707346
0.70734
0.707335
0.707329
0.707324
0.707318
0.707313
0.707307
0.707301
0.707296
0.70729
0.707284
0.707278
0.707272
0.707266
0.70726
0.707254
0.707248
0.707242
0.707236
0.707229
0.707223
0.707217
0.707211
0.707205
0.707199
0.707192
0.707186
0.70718
0.707175
0.707169
0.707163
0.707158
0.707153
0.707148
0.707143
0.707139
0.707135
0.707131
0.707127
0.707124
0.707122
0.707119
0.707118
0.707116
0.707115
0.707115
0.707115
0.707115
0.707116
0.707117
0.707119
0.707122
0.707124
0.707127
0.707131
0.707135
0.707139
0.707144
0.707148
0.707154
0.707159
0.707164
0.70717
0.707176
0.707182
0.707187
0.707193
0.707199
0.707205
0.70721
0.707216
0.707221
0.707226
0.707231
0.707236
0.70724
0.707244
0.707247
0.707251
0.707253
0.707256
0.707258
0.707259
0.707261
0.707261
0.707262
0.707262
0.707261
0.70726
0.707259
0.707257
0.707255
0.707252
0.707249
0.707246
0.707242
0.707239
0.707234
0.70723
0.707226
0.707221
0.707216
0.707212
0.707207
0.707202
0.707197
0.707193
0.707189
0.707184
0.707181
0.707177
0.707173
0.70717
0.707168
0.707165
0.707163
0.707162
0.707161
0.70716
0.70716
0.70716
0.70716
0.707161
0.707162
0.707163
0.707165
0.707166
0.707168
0.70717
0.707172
0.707174
0.707176
0.707178
0.70718
0.707181
0.707183
0.707184
0.707185
0.707185
0.707185
0.707185
0.707184
0.707183
0.707182
0.70718
0.707178
0.707176
0.707173
0.70717
0.707167
0.707163
0.70716
0.707156
0.707152
0.707149
0.707145
0.707142
0.707138
0.707135
0.707132
0.707129
0.707127
0.707125
0.707123
0.707121
0.70712
0.70712
0.70712
0.70712
0.70712
0.707122
0.707123
0.707125
0.707127
0.70713
0.707133
0.707136
0.70714
0.707143
0.707148
0.707152
0.707157
0.707161
0.707166
0.707172
0.707177
0.707182
0.707188
0.707193
0.707199
0.707204
0.70721
0.707215
0.707221
0.707226
0.707231
0.707236
0.707241
0.707246
0.707251
0.707255
0.707259
0.707263
0.707267
0.707271
0.707274
0.707277
0.707279
0.707282
0.707284
0.707285
0.707287
0.707287
0.707288
0.707288
0.707288
0.707288
0.707288
0.707287
0.707285
0.707284
0.707282
0.70728
0.707278
0.707275
0.707273
0.70727
0.707267
0.707263
0.70726
0.707257
0.707253
0.707249
0.707245
0.707242
0.707238
0.707234
0.70723
0.707226
0.707222
0.707219
0.707215
0.707211
0.707208
0.707205
0.707201
0.707199
0.707196
0.707193
0.707191
0.707189
0.707187
0.707186
0.707185
0.707184
0.707184
0.707183
0.707184
0.707184
0.707185
0.707187
0.707189
0.707191
0.707194
0.707197
0.7072
0.707204
0.707208
0.707212
0.707217
0.707223
0.707228
0.707234
0.70724
0.707246
0.707253
0.707259
0.707266
0.707273
0.70728
0.707287
0.707294
0.707301
0.707308
0.707315
0.707322
0.707329
0.707335
0.707342
0.707348
0.707354
0.70736
0.707366
0.707371
0.707376
0.707381
0.707386
0.70739
0.707394
0.707398
0.707401
0.707404
0.707407
0.707409
0.707411
0.707413
0.707415
0.707416
0.707417
0.707417
0.707418
0.707418
0.707417
0.707417
0.707416
0.707415
0.707413
0.707412
0.70741
0.707408
0.707405
0.707403
0.7074
0.707397
0.707394
0.707391
0.707388
0.707385
0.707382
0.707379
0.707375
0.707372
0.707369
0.707366
0.707364
0.707361
0.707358
0.707356
0.707354
0.707352
0.707351
0.707349
0.707348
0.707348
0.707347
0.707347
0.707347
0.707347
0.707347
0.707348
0.707349
0.70735
0.707351
0.707352
0.707353
0.707355
0.707357
0.707358
0.70736
0.707362
0.707364
0.707366
0.707368
0.70737
0.707371
0.707373
0.707375
0.707377
0.707378
0.70738
0.707381
0.707383
0.707384
0.707385
0.707386
0.707387
0.707388
0.707389
0.70739
0.707391
0.707391
0.707391
0.707392
0.707392
0.707392
0.707392
0.707392
0.707392
0.707392
0.707392
0.707392
0.707392
0.707392
0.707392
0.707392
0.707392
0.707392
0.707392
0.707393
0.707393
0.707394
0.707394
0.707395
0.707396
0.707397
0.707398
0.707399
0.707401
0.707402
0.707404
0.707405
0.707407
0.707409
0.707411
0.707412
0.707414
0.707416
0.707417
0.707419
0.70742
0.707422
0.707423
0.707424
0.707425
0.707426
0.707427
0.707427
0.707428
0.707428
0.707428
0.707428
0.707427
0.707427
0.707426
0.707425
0.707424
0.707423
0.707421
0.70742
0.707418
0.707416
0.707414
0.707412
0.70741
0.707408
0.707406
0.707403
0.707401
0.707398
0.707396
0.707394
0.707391
0.707389
0.707386
0.707384
0.707382
0.707379
0.707377
0.707375
0.707373
0.707371
0.70737
0.707368
0.707367
0.707365
0.707364
0.707363
0.707362
0.707362
0.707361
0.707361
0.707361
0.707361
0.707361
0.707362
0.707362
0.707363
0.707363
0.707364
0.707365
0.707366
0.707367
0.707368
0.707369
0.70737
0.707371
0.707372
0.707373
0.707374
0.707374
0.707375
0.707375
0.707375
0.707375
0.707375
0.707375
0.707375
0.707374
0.707373
0.707372
0.70737
0.707369
0.707367
0.707365
0.707363
0.70736
0.707358
0.707355
0.707352
0.707348
0.707345
0.707342
0.707338
0.707335
0.707331
0.707327
0.707324
0.70732
0.707316
0.707312
0.707309
0.707305
0.707302
0.707299
0.707296
0.707293
0.70729
0.707287
0.707285
0.707283
0.707281
0.707279
0.707278
0.707276
0.707275
0.707274
0.707273
0.707273
0.707272
0.707272
0.707272
0.707272
0.707272
0.707272
0.707272
0.707272
0.707273
0.707273
0.707273
0.707273
0.707273
0.707273
0.707273
0.707273
0.707272
0.707272
0.707271
0.707271
0.70727
0.707269
0.707268
0.707267
0.707266
0.707265
0.707264
0.707262
0.707261
0.70726
0.707259
0.707258
0.707257
0.707257
0.707256
0.707256
0.707255
0.707255
0.707255
0.707256
0.707256
0.707257
0.707258
0.707259
0.707261
0.707263
0.707265
0.707267
0.707269
0.707272
0.707275
0.707278
0.707281
0.707285
0.707289
0.707293
0.707297
0.707301
0.707306
0.707311
0.707315
0.70732
0.707325
0.707331
0.707336
0.707341
0.707347
0.707352
0.707358
0.707363
0.707369
0.707374
0.70738
0.707385
0.707391
0.707396
0.707402
0.707407
0.707412
0.707417
0.707422
0.707427
0.707432
0.707436
0.70744
0.707445
0.707448
0.707452
0.707456
0.707459
0.707462
0.707465
0.707468
0.70747
0.707472
0.707474
0.707476
0.707478
0.707479
0.70748
0.707481
0.707481
0.707482
0.707482
0.707481
0.707481
0.70748
0.707479
0.707478
0.707477
0.707475
0.707474
0.707472
0.707469
0.707467
0.707464
0.707461
0.707458
0.707455
0.707452
0.707448
0.707445
0.707441
0.707437
0.707433
0.707429
0.707424
0.70742
0.707415
0.707411
0.707406
0.707401
0.707396
0.707391
0.707386
0.707381
0.707377
0.707372
0.707367
0.707362
0.707358
0.707353
0.707349
0.707344
0.70734
0.707336
0.707332
0.707329
0.707325
0.707322
0.707319
0.707317
0.707314
0.707312
0.70731
0.707308
0.707306
0.707305
0.707304
0.707303
0.707303
0.707302
0.707302
0.707302
0.707303
0.707303
0.707304
0.707305
0.707306
0.707307
0.707308
0.70731
0.707312
0.707313
0.707315
0.707317
0.707319
0.707321
0.707323
0.707326
0.707328
0.70733
0.707333
0.707335
0.707338
0.70734
0.707342
0.707345
0.707348
0.70735
0.707353
0.707355
0.707358
0.707361
0.707364
0.707367
0.707369
0.707372
0.707375
0.707378
0.707381
0.707384
0.707387
0.70739
0.707393
0.707396
0.707399
0.707402
0.707404
0.707407
0.707409
0.707412
0.707414
0.707416
0.707417
0.707419
0.70742
0.707421
0.707422
0.707422
0.707423
0.707423
0.707423
0.707422
0.707422
0.707421
0.70742
0.707419
0.707418
0.707417
0.707415
0.707414
0.707413
0.707411
0.70741
0.707409
0.707407
0.707406
0.707405
0.707405
0.707404
0.707403
0.707403
0.707403
0.707402
0.707402
0.707403
0.707403
0.707403
0.707404
0.707404
0.707405
0.707406
0.707406
0.707407
0.707408
0.707408
0.707409
0.707409
0.70741
0.70741
0.70741
0.70741
0.707409
0.707409
0.707408
0.707407
0.707406
0.707404
0.707402
0.7074
0.707398
0.707395
0.707392
0.707389
0.707385
0.707381
0.707376
0.707372
0.707367
0.707361
0.707356
0.70735
0.707343
0.707337
0.70733
0.707323
0.707316
0.707309
0.707301
0.707294
0.707286
0.707278
0.707271
0.707263
0.707255
0.707248
0.70724
0.707233
0.707225
0.707218
0.707211
0.707204
0.707197
0.707191
0.707184
0.707178
0.707172
0.707166
0.707161
0.707155
0.70715
0.707145
0.70714
0.707136
0.707131
0.707127
0.707123
0.707119
0.707115
0.707112
0.707108
0.707105
0.707102
0.707099
0.707096
0.707094
0.707091
0.707089
0.707087
0.707085
0.707084
0.707082
0.707081
0.70708
0.707079
0.707079
0.707078
0.707078
0.707078
0.707078
0.707079
0.70708
0.707081
0.707082
0.707083
0.707084
0.707086
0.707088
0.70709
0.707092
0.707094
0.707096
0.707099
0.707102
0.707104
0.707107
0.70711
0.707113
0.707116
0.707119
0.707122
0.707125
0.707128
0.707131
0.707134
0.707138
0.707141
0.707144
0.707148
0.707151
0.707155
0.707158
0.707162
0.707166
0.70717
0.707174
0.707178
0.707182
0.707186
0.707191
0.707195
0.7072
0.707205
0.70721
0.707215
0.707221
0.707226
0.707232
0.707238
0.707244
0.70725
0.707256
0.707263
0.707269
0.707275
0.707281
0.707287
0.707293
0.707299
0.707305
0.70731
0.707316
0.707321
0.707325
0.707329
0.707333
0.707337
0.70734
0.707342
0.707345
0.707346
0.707348
0.707348
0.707349
0.707348
0.707348
0.707346
0.707345
0.707343
0.70734
0.707338
0.707334
0.707331
0.707327
0.707323
0.707318
0.707314
0.707309
0.707304
0.707299
0.707294
0.707288
0.707283
0.707278
0.707272
0.707267
0.707262
0.707257
0.707252
0.707247
0.707242
0.707237
0.707233
0.707228
0.707224
0.70722
0.707217
0.707213
0.70721
0.707207
0.707204
0.707202
0.707199
0.707197
0.707195
0.707193
0.707192
0.707191
0.70719
0.707189
0.707189
0.707189
0.707189
0.707189
0.707189
0.70719
0.707191
0.707193
0.707194
0.707196
0.707198
0.707201
0.707203
0.707206
0.70721
0.707213
0.707217
0.707221
0.707225
0.707229
0.707234
0.707238
0.707243
0.707248
0.707253
0.707259
0.707264
0.70727
0.707275
0.707281
0.707287
0.707292
0.707298
0.707304
0.707309
0.707315
0.70732
0.707325
0.70733
0.707335
0.70734
0.707344
0.707349
0.707353
0.707356
0.70736
0.707363
0.707366
0.707368
0.70737
0.707372
0.707374
0.707375
0.707376
0.707376
0.707377
0.707377
0.707377
0.707376
0.707375
0.707375
0.707374
0.707372
0.707371
0.70737
0.707368
0.707367
0.707365
0.707363
0.707361
0.707359
0.707357
0.707355
0.707354
0.707352
0.707349
0.707347
0.707345
0.707343
0.707341
0.707339
0.707337
0.707335
0.707333
0.707331
0.707329
0.707327
0.707325
0.707323
0.707321
0.707319
0.707317
0.707316
0.707314
0.707312
0.707311
0.707309
0.707308
0.707307
0.707305
0.707304
0.707303
0.707302
0.707301
0.7073
0.707299
0.707298
0.707298
0.707297
0.707296
0.707295
0.707294
0.707293
0.707292
0.707291
0.70729
0.707289
0.707288
0.707286
0.707285
0.707284
0.707282
0.707281
0.707279
0.707278
0.707276
0.707275
0.707273
0.707271
0.70727
0.707268
0.707267
0.707266
0.707264
0.707263
0.707262
0.707261
0.707261
0.70726
0.70726
0.707259
0.707259
0.707259
0.707259
0.707259
0.70726
0.70726
0.707261
0.707262
0.707263
0.707263
0.707264
0.707266
0.707267
0.707268
0.707269
0.70727
0.707272
0.707273
0.707274
0.707275
0.707277
0.707278
0.707279
0.707281
0.707282
0.707283
0.707285
0.707286
0.707288
0.707289
0.70729
0.707292
0.707294
0.707295
0.707297
0.707299
0.707301
0.707303
0.707305
0.707307
0.70731
0.707312
0.707315
0.707318
0.707321
0.707324
0.707327
0.707331
0.707334
0.707338
0.707342
0.707347
0.707351
0.707356
0.707361
0.707366
0.707371
0.707377
0.707382
0.707388
0.707394
0.7074
0.707406
0.707413
0.707419
0.707426
0.707432
0.707439
0.707446
0.707452
0.707458
0.707465
0.707471
0.707477
0.707483
0.707488
0.707493
0.707498
0.707503
0.707507
0.707511
0.707514
0.707517
0.70752
0.707522
0.707524
0.707525
0.707526
0.707526
0.707526
0.707526
0.707525
0.707524
0.707522
0.70752
0.707518
0.707516
0.707513
0.70751
0.707507
0.707504
0.707501
0.707497
0.707494
0.70749
0.707486
0.707483
0.707479
0.707476
0.707472
0.707468
0.707465
0.707462
0.707459
0.707455
0.707452
0.70745
0.707447
0.707445
0.707442
0.70744
0.707438
0.707436
0.707435
0.707433
0.707432
0.707431
0.70743
0.707429
0.707429
0.707428
0.707428
0.707428
0.707427
0.707427
0.707427
0.707427
0.707427
0.707427
0.707428
0.707427
0.707427
0.707427
0.707427
0.707426
0.707426
0.707425
0.707424
0.707423
0.707422
0.70742
0.707419
0.707417
0.707415
0.707413
0.70741
0.707407
0.707405
0.707401
0.707398
0.707395
0.707391
0.707388
0.707384
0.70738
0.707376
0.707372
0.707368
0.707364
0.70736
0.707356
0.707352
0.707348
0.707344
0.70734
0.707335
0.707331
0.707327
0.707323
0.707319
0.707315
0.707311
0.707307
0.707303
0.707299
0.707295
0.707291
0.707287
0.707283
0.70728
0.707276
0.707272
0.707268
0.707264
0.70726
0.707257
0.707253
0.707249
0.707246
0.707242
0.707239
0.707236
0.707233
0.707229
0.707227
0.707224
0.707221
0.707219
0.707216
0.707214
0.707212
0.707211
0.707209
0.707208
0.707207
0.707206
0.707205
0.707205
0.707204
0.707204
0.707204
0.707204
0.707205
0.707205
0.707206
0.707207
0.707208
0.707209
0.70721
0.707211
0.707213
0.707214
0.707216
0.707218
0.707219
0.707221
0.707224
0.707226
0.707228
0.70723
0.707233
0.707236
0.707239
0.707242
0.707245
0.707248
0.707251
0.707255
0.707259
0.707263
0.707267
0.707272
0.707277
0.707281
0.707287
0.707292
0.707297
0.707303
0.707309
0.707315
0.707321
0.707327
0.707333
0.707339
0.707345
0.707352
0.707358
