0.70259
0.70259
0.702589
0.702589
0.702588
0.702587
0.702586
0.702585
0.702584
0.702582
0.70258
0.702579
0.702577
0.702575
0.702572
0.70257
0.702567
0.702564
0.702562
0.702558
0.702555
0.702552
0.702548
0.702545
0.702541
0.702537
0.702533
0.702528
0.702524
0.70252
0.702515
0.70251
0.702505
0.702501
0.702495
0.70249
0.702485
0.70248
0.702474
0.702469
0.702463
0.702458
0.702452
0.702446
0.702441
0.702435
0.702429
0.702423
0.702417
0.702411
0.702405
0.702399
0.702393
0.702387
0.702381
0.702375
0.702369
0.702363
0.702357
0.702351
0.702346
0.70234
0.702335
0.702329
0.702324
0.702318
0.702313
0.702308
0.702303
0.702298
0.702294
0.702289
0.702285
0.702281
0.702277
0.702273
0.702269
0.702266
0.702263
0.70226
0.702257
0.702254
0.702252
0.702249
0.702247
0.702245
0.702244
0.702242
0.702241
0.702239
0.702238
0.702237
0.702236
0.702236
0.702235
0.702235
0.702234
0.702234
0.702234
0.702234
0.702234
0.702234
0.702234
0.702234
0.702235
0.702235
0.702235
0.702235
0.702236
0.702236
0.702236
0.702236
0.702237
0.702237
0.702237
0.702237
0.702238
0.702238
0.702238
0.702238
0.702238
0.702238
0.702238
0.702238
0.702238
0.702237
0.702237
0.702237
0.702237
0.702236
0.702236
0.702236
0.702235
0.702235
0.702235
0.702234
0.702234
0.702234
0.702233
0.702233
0.702233
0.702232
0.702232
0.702232
0.702231
0.702231
0.702231
0.702231
0.70223
0.70223
0.70223
0.70223
0.70223
0.70223
0.70223
0.70223
0.70223
0.70223
0.702231
0.702231
0.702231
0.702231
0.702231
0.702232
0.702232
0.702232
0.702233
0.702233
0.702234
0.702234
0.702234
0.702235
0.702235
0.702236
0.702236
0.702237
0.702237
0.702237
0.702238
0.702238
0.702239
0.702239
0.702239
0.702239
0.70224
0.70224
0.70224
0.70224
0.70224
0.702241
0.702241
0.702241
0.702241
0.702241
0.70224
0.70224
0.70224
0.70224
0.70224
0.702239
0.702239
0.702239
0.702238
0.702238
0.702237
0.702237
0.702236
0.702236
0.702235
0.702235
0.702234
0.702233
0.702233
0.702232
0.702231
0.702231
0.70223
0.70223
0.702229
0.702228
0.702228
0.702227
0.702227
0.702226
0.702225
0.702225
0.702224
0.702224
0.702223
0.702223
0.702223
0.702222
0.702222
0.702222
0.702221
0.702221
0.702221
0.702221
0.702221
0.70222
0.70222
0.70222
0.70222
0.70222
0.70222
0.702221
0.702221
0.702221
0.702221
0.702221
0.702222
0.702222
0.702222
0.702223
0.702223
0.702223
0.702224
0.702224
0.702225
0.702225
0.702226
0.702227
0.702227
0.702228
0.702229
0.702229
0.70223
0.702231
0.702231
0.702232
0.702233
0.702234
0.702234
0.702235
0.702236
0.702236
0.702237
0.702238
0.702239
0.702239
0.70224
0.702241
0.702241
0.702242
0.702243
0.702243
0.702244
0.702245
0.702245
0.702246
0.702246
0.702247
0.702247
0.702248
0.702248
0.702249
0.702249
0.70225
0.70225
0.70225
0.702251
0.702251
0.702252
0.702252
0.702252
0.702253
0.702253
0.702253
0.702254
0.702254
0.702254
0.702254
0.702255
0.702255
0.702255
0.702256
0.702256
0.702256
0.702256
0.702256
0.702257
0.702257
0.702257
0.702257
0.702257
0.702257
0.702257
0.702257
0.702257
0.702257
0.702257
0.702257
0.702257
0.702257
0.702257
0.702257
0.702256
0.702256
0.702256
0.702255
0.702255
0.702255
0.702254
0.702254
0.702253
0.702253
0.702252
0.702252
0.702251
0.702251
0.70225
0.70225
0.702249
0.702249
0.702248
0.702247
0.702247
0.702246
0.702246
0.702245
0.702245
0.702244
0.702244
0.702243
0.702243
0.702242
0.702242
0.702242
0.702241
0.702241
0.702241
0.70224
0.70224
0.70224
0.70224
0.702239
0.702239
0.702239
0.702239
0.702238
0.702238
0.702238
0.702238
0.702238
0.702238
0.702238
0.702237
0.702237
0.702237
0.702237
0.702237
0.702237
0.702237
0.702236
0.702236
0.702236
0.702236
0.702236
0.702236
0.702236
0.702235
0.702235
0.702235
0.702235
0.702235
0.702235
0.702235
0.702235
0.702234
0.702234
0.702234
0.702234
0.702234
0.702234
0.702234
0.702234
0.702234
0.702234
0.702234
0.702234
0.702234
0.702234
0.702234
0.702234
0.702234
0.702234
0.702234
0.702234
0.702234
0.702234
0.702234
0.702234
0.702234
0.702234
0.702234
0.702234
0.702234
0.702234
0.702234
0.702234
0.702234
0.702234
0.702234
0.702234
0.702234
0.702234
0.702234
0.702234
0.702234
0.702234
0.702234
0.702233
0.702233
0.702233
0.702233
0.702233
0.702233
0.702233
0.702233
0.702233
0.702232
0.702232
0.702232
0.702232
0.702232
0.702231
0.702231
0.702231
0.70223
0.70223
0.70223
0.702229
0.702229
0.702228
0.702228
0.702227
0.702227
0.702226
0.702225
0.702225
0.702224
0.702224
0.702223
0.702222
0.702222
0.702221
0.70222
0.70222
0.702219
0.702219
0.702218
0.702217
0.702217
0.702216
0.702216
0.702215
0.702214
0.702214
0.702214
0.702213
0.702213
0.702212
0.702212
0.702212
0.702212
0.702211
0.702211
0.702211
0.702211
0.702211
0.702211
0.702211
0.702211
0.702211
0.702212
0.702212
0.702212
0.702212
0.702213
0.702213
0.702214
0.702214
0.702215
0.702215
0.702216
0.702217
0.702217
0.702218
0.702219
0.70222
0.70222
0.702221
0.702222
0.702223
0.702224
0.702225
0.702225
0.702226
0.702227
0.702228
0.702229
0.70223
0.702231
0.702231
0.702232
0.702233
0.702234
0.702234
0.702235
0.702236
0.702236
0.702237
0.702237
0.702238
0.702239
0.702239
0.70224
0.70224
0.70224
0.702241
0.702241
0.702242
0.702242
0.702242
0.702242
0.702243
0.702243
0.702243
0.702243
0.702243
0.702243
0.702244
0.702244
0.702244
0.702244
0.702244
0.702244
0.702244
0.702244
0.702244
0.702244
0.702244
0.702243
0.702243
0.702243
0.702243
0.702243
0.702243
0.702242
0.702242
0.702242
0.702242
0.702241
0.702241
0.70224
0.70224
0.70224
0.702239
0.702239
0.702238
0.702238
0.702237
0.702237
0.702236
0.702235
0.702235
0.702234
0.702233
0.702233
0.702232
0.702231
0.70223
0.702229
0.702229
0.702228
0.702227
0.702226
0.702225
0.702224
0.702223
0.702222
0.702221
0.70222
0.702219
0.702218
0.702217
0.702216
0.702215
0.702214
0.702213
0.702212
0.702211
0.70221
0.702209
0.702208
0.702207
0.702206
0.702205
0.702204
0.702203
0.702202
0.702201
0.7022
0.702199
0.702198
0.702197
0.702196
0.702195
0.702195
0.702194
0.702193
0.702192
0.702191
0.702191
0.70219
0.702189
0.702189
0.702188
0.702188
0.702187
0.702187
0.702187
0.702186
0.702186
0.702186
0.702186
0.702185
0.702185
0.702185
0.702185
0.702185
0.702186
0.702186
0.702186
0.702186
0.702187
0.702187
0.702188
0.702189
0.702189
0.70219
0.702191
0.702192
0.702193
0.702194
0.702195
0.702196
0.702197
0.702198
0.702199
0.7022
0.702202
0.702203
0.702204
0.702206
0.702207
0.702208
0.70221
0.702211
0.702213
0.702214
0.702216
0.702217
0.702219
0.70222
0.702221
0.702223
0.702224
0.702226
0.702227
0.702228
0.702229
0.702231
0.702232
0.702233
0.702234
0.702235
0.702236
0.702237
0.702238
0.702239
0.70224
0.702241
0.702241
0.702242
0.702243
0.702243
0.702244
0.702244
0.702245
0.702245
0.702246
0.702246
0.702246
0.702246
0.702247
0.702247
0.702247
0.702247
0.702247
0.702247
0.702247
0.702247
0.702247
0.702246
0.702246
0.702246
0.702246
0.702246
0.702245
0.702245
0.702245
0.702245
0.702244
0.702244
0.702244
0.702243
0.702243
0.702243
0.702243
0.702242
0.702242
0.702242
0.702242
0.702242
0.702241
0.702241
0.702241
0.702241
0.702241
0.702241
0.702241
0.702241
0.702241
0.702241
0.702242
0.702242
0.702242
0.702242
0.702243
0.702243
0.702243
0.702244
0.702244
0.702245
0.702245
0.702246
0.702246
0.702247
0.702248
0.702248
0.702249
0.702249
0.70225
0.702251
0.702251
0.702252
0.702253
0.702253
0.702254
0.702255
0.702255
0.702256
0.702256
0.702257
0.702257
0.702258
0.702258
0.702259
0.702259
0.702259
0.70226
0.70226
0.70226
0.70226
0.70226
0.70226
0.70226
0.70226
0.70226
0.70226
0.70226
0.70226
0.70226
0.702259
0.702259
0.702258
0.702258
0.702258
0.702257
0.702257
0.702256
0.702256
0.702255
0.702255
0.702254
0.702253
0.702253
0.702252
0.702252
0.702251
0.70225
0.70225
0.702249
0.702249
0.702248
0.702248
0.702247
0.702247
0.702246
0.702246
0.702245
0.702245
0.702245
0.702244
0.702244
0.702244
0.702244
0.702244
0.702244
0.702244
0.702244
0.702244
0.702244
0.702244
0.702244
0.702244
0.702244
0.702245
0.702245
0.702245
0.702246
0.702246
0.702246
0.702247
0.702247
0.702248
0.702248
0.702249
0.702249
0.702249
0.70225
0.70225
0.702251
0.702251
0.702252
0.702252
0.702253
0.702253
0.702253
0.702254
0.702254
0.702254
0.702255
0.702255
0.702255
0.702255
0.702255
0.702255
0.702256
0.702256
0.702256
0.702256
0.702256
0.702256
0.702256
0.702256
0.702256
0.702256
0.702255
0.702255
0.702255
0.702255
0.702255
0.702255
0.702254
0.702254
0.702254
0.702254
0.702254
0.702253
0.702253
0.702253
0.702252
0.702252
0.702252
0.702252
0.702251
0.702251
0.70225
0.70225
0.70225
0.702249
0.702249
0.702248
0.702248
0.702248
0.702247
0.702247
0.702246
0.702246
0.702245
0.702245
0.702244
0.702244
0.702243
0.702243
0.702242
0.702242
0.702241
0.702241
0.70224
0.70224
0.702239
0.702238
0.702238
0.702237
0.702237
0.702236
0.702236
0.702235
0.702235
0.702234
0.702234
0.702233
0.702233
0.702232
0.702232
0.702231
0.702231
0.70223
0.70223
0.702229
0.702229
0.702228
0.702228
0.702228
0.702227
0.702227
0.702227
0.702226
0.702226
0.702226
0.702225
0.702225
0.702225
0.702225
0.702224
0.702224
0.702224
0.702224
0.702224
0.702224
0.702224
0.702224
0.702223
0.702223
0.702223
0.702223
0.702224
0.702224
0.702224
0.702224
0.702224
0.702224
0.702224
0.702224
0.702225
0.702225
0.702225
0.702225
0.702226
0.702226
0.702226
0.702227
0.702227
0.702227
0.702228
0.702228
0.702228
0.702229
0.702229
0.70223
0.70223
0.70223
0.702231
0.702231
0.702231
0.702232
0.702232
0.702232
0.702233
0.702233
0.702233
0.702233
0.702234
0.702234
0.702234
0.702234
0.702234
0.702234
0.702234
0.702234
0.702234
0.702234
0.702234
0.702234
0.702234
0.702234
0.702234
0.702233
0.702233
0.702233
0.702233
0.702232
0.702232
0.702232
0.702232
0.702231
0.702231
0.702231
0.70223
0.70223
0.702229
0.702229
0.702229
0.702228
0.702228
0.702228
0.702227
0.702227
0.702226
0.702226
0.702226
0.702225
0.702225
0.702225
0.702225
0.702224
0.702224
0.702224
0.702224
0.702224
0.702224
0.702223
0.702223
0.702223
0.702223
0.702223
0.702223
0.702223
0.702223
0.702224
0.702224
0.702224
0.702224
0.702224
0.702225
0.702225
0.702225
0.702226
0.702226
0.702226
0.702227
0.702227
0.702228
0.702228
0.702229
0.702229
0.702229
0.70223
0.70223
0.702231
0.702231
0.702232
0.702232
0.702233
0.702233
0.702233
0.702234
0.702234
0.702234
0.702235
0.702235
0.702235
0.702235
0.702235
0.702235
0.702235
0.702235
0.702235
0.702235
0.702235
0.702235
0.702235
0.702234
0.702234
0.702234
0.702233
0.702233
0.702232
0.702232
0.702231
0.702231
0.70223
0.70223
0.702229
0.702229
0.702228
0.702227
0.702227
0.702226
0.702225
0.702225
0.702224
0.702223
0.702223
0.702222
0.702222
0.702221
0.702221
0.70222
0.70222
0.702219
0.702219
0.702218
0.702218
0.702218
0.702217
0.702217
0.702217
0.702217
0.702217
0.702217
0.702217
0.702217
0.702217
0.702217
0.702217
0.702217
0.702218
0.702218
0.702218
0.702218
0.702219
0.702219
0.70222
0.70222
0.70222
0.702221
0.702221
0.702221
0.702222
0.702222
0.702223
0.702223
0.702223
0.702224
0.702224
0.702225
0.702225
0.702225
0.702226
0.702226
0.702226
0.702226
0.702227
0.702227
0.702227
0.702227
0.702227
0.702227
0.702227
0.702227
0.702227
0.702227
0.702227
0.702227
0.702227
0.702227
0.702227
0.702226
0.702226
0.702226
0.702226
0.702226
0.702225
0.702225
0.702225
0.702225
0.702224
0.702224
0.702224
0.702224
0.702223
0.702223
0.702223
0.702222
0.702222
0.702222
0.702222
0.702221
0.702221
0.702221
0.70222
0.70222
0.70222
0.70222
0.702219
0.702219
0.702219
0.702219
0.702218
0.702218
0.702218
0.702218
0.702218
0.702217
0.702217
0.702217
0.702217
0.702217
0.702217
0.702217
0.702216
0.702216
0.702216
0.702216
0.702216
0.702216
0.702216
0.702216
0.702216
0.702216
0.702216
0.702216
0.702216
0.702216
0.702216
0.702216
0.702216
0.702216
0.702216
0.702216
0.702216
0.702216
0.702216
0.702217
0.702217
0.702217
0.702217
0.702217
0.702217
0.702218
0.702218
0.702218
0.702218
0.702218
0.702219
0.702219
0.702219
0.702219
0.70222
0.70222
0.70222
0.70222
0.702221
0.702221
0.702221
0.702221
0.702222
0.702222
0.702222
0.702222
0.702222
0.702223
0.702223
0.702223
0.702223
0.702223
0.702223
0.702223
0.702223
0.702223
0.702223
0.702223
0.702223
0.702223
0.702223
0.702223
0.702223
0.702223
0.702222
0.702222
0.702222
0.702222
0.702221
0.702221
0.702221
0.702221
0.70222
0.70222
0.70222
0.702219
0.702219
0.702218
0.702218
0.702218
0.702217
0.702217
0.702217
0.702216
0.702216
0.702216
0.702216
0.702215
0.702215
0.702215
0.702215
0.702215
0.702215
0.702214
0.702214
0.702214
0.702214
0.702214
0.702214
0.702214
0.702214
0.702215
0.702215
0.702215
0.702215
0.702215
0.702216
0.702216
0.702216
0.702217
0.702217
0.702217
0.702218
0.702218
0.702219
0.702219
0.70222
0.70222
0.702221
0.702221
0.702222
0.702222
0.702223
0.702223
0.702223
0.702224
0.702224
0.702225
0.702225
0.702226
0.702226
0.702226
0.702226
0.702227
0.702227
0.702227
0.702227
0.702227
0.702228
0.702228
0.702228
0.702228
0.702228
0.702228
0.702228
0.702228
0.702228
0.702227
0.702227
0.702227
0.702227
0.702227
0.702227
0.702227
0.702227
0.702227
0.702227
0.702227
0.702227
0.702227
0.702227
0.702227
0.702227
0.702227
0.702227
0.702227
0.702228
0.702228
0.702228
0.702228
0.702228
0.702229
0.702229
0.702229
0.702229
0.70223
0.70223
0.70223
0.702231
0.702231
0.702231
0.702231
0.702232
0.702232
0.702232
0.702232
0.702233
0.702233
0.702233
0.702233
0.702233
0.702234
0.702234
0.702234
0.702234
0.702234
0.702234
0.702234
0.702234
0.702234
0.702234
0.702234
0.702234
0.702234
0.702234
0.702234
0.702234
0.702234
0.702233
0.702233
0.702233
0.702233
0.702233
0.702233
0.702232
0.702232
0.702232
0.702232
0.702232
0.702232
0.702231
0.702231
0.702231
0.702231
0.702231
0.70223
0.70223
0.70223
0.70223
0.70223
0.70223
0.702229
0.702229
0.702229
0.702229
0.702229
0.702229
0.702229
0.702228
0.702228
0.702228
0.702228
0.702228
0.702228
0.702228
0.702228
0.702228
0.702227
0.702227
0.702227
0.702227
0.702227
0.702227
0.702227
0.702227
0.702227
0.702227
0.702227
0.702227
0.702227
0.702227
0.702227
0.702227
0.702227
0.702227
0.702227
0.702227
0.702227
0.702227
0.702227
0.702227
0.702227
0.702227
0.702227
0.702227
0.702227
0.702227
0.702227
0.702228
0.702228
0.702228
0.702228
0.702228
0.702228
0.702228
0.702228
0.702228
0.702228
0.702228
0.702228
0.702228
0.702228
0.702228
0.702228
0.702228
0.702229
0.702229
0.702229
0.702229
0.70223
0.70223
0.70223
0.702231
0.702231
0.702231
0.702232
0.702233
0.702233
0.702234
0.702234
0.702235
0.702236
0.702236
0.702237
0.702238
0.702239
0.70224
0.70224
0.702241
0.702242
0.702243
0.702244
0.702245
0.702246
0.702247
0.702248
0.702249
0.702249
0.70225
0.702251
0.702252
0.702253
0.702254
0.702254
0.702255
0.702256
0.702257
0.702257
0.702258
0.702258
0.702259
0.702259
0.70226
0.70226
0.702261
0.702261
0.702261
0.702262
0.702262
0.702262
0.702262
0.702262
0.702262
0.702262
0.702262
0.702262
0.702262
0.702262
0.702262
0.702262
0.702261
0.702261
0.702261
0.702261
0.70226
0.70226
0.702259
0.702259
0.702259
0.702258
0.702258
0.702257
0.702257
0.702256
0.702256
0.702255
0.702254
0.702254
0.702253
0.702253
0.702252
0.702251
0.702251
0.70225
0.702249
0.702249
0.702248
0.702247
0.702247
0.702246
0.702246
0.702245
0.702244
0.702244
0.702243
0.702243
0.702242
0.702242
0.702242
0.702241
0.702241
0.70224
0.70224
0.70224
0.70224
0.702239
0.702239
0.702239
0.702239
0.702239
0.702239
0.702239
0.702239
0.702239
0.702239
0.702239
0.702239
0.702239
0.702239
0.702239
0.702239
0.70224
0.70224
0.70224
0.70224
0.70224
0.70224
0.70224
0.70224
0.70224
0.70224
0.70224
0.70224
0.70224
0.70224
0.70224
0.702239
0.702239
0.702239
0.702239
0.702238
0.702238
0.702237
0.702237
0.702237
0.702236
0.702236
0.702235
0.702234
0.702234
0.702233
0.702232
0.702232
0.702231
0.70223
0.702229
0.702229
0.702228
0.702227
0.702226
0.702225
0.702224
0.702224
0.702223
0.702222
0.702221
0.70222
0.70222
0.702219
0.702218
0.702218
0.702217
0.702216
0.702216
0.702215
0.702215
0.702214
0.702214
0.702214
0.702213
0.702213
0.702213
0.702213
0.702213
0.702213
0.702213
0.702213
0.702213
0.702213
0.702213
0.702213
0.702213
0.702214
0.702214
0.702214
0.702215
0.702215
0.702216
0.702216
0.702216
0.702217
0.702217
0.702218
0.702219
0.702219
0.70222
0.70222
0.702221
0.702221
0.702222
0.702223
0.702223
0.702224
0.702225
0.702225
0.702226
0.702226
0.702227
0.702228
0.702228
0.702229
0.702229
0.70223
0.702231
0.702231
0.702232
0.702232
0.702233
0.702233
0.702234
0.702234
0.702235
0.702235
0.702236
0.702236
0.702237
0.702237
0.702237
0.702238
0.702238
0.702238
0.702239
0.702239
0.702239
0.702239
0.702239
0.70224
0.70224
0.70224
0.70224
0.70224
0.70224
0.70224
0.70224
0.70224
0.702239
0.702239
0.702239
0.702239
0.702239
0.702238
0.702238
0.702238
0.702237
0.702237
0.702237
0.702236
0.702236
0.702235
0.702235
0.702235
0.702234
0.702234
0.702233
0.702233
0.702232
0.702232
0.702231
0.702231
0.702231
0.70223
0.70223
0.702229
0.702229
0.702229
0.702228
0.702228
0.702228
0.702227
0.702227
0.702227
0.702226
0.702226
0.702226
0.702225
0.702225
0.702225
0.702225
0.702225
0.702225
0.702224
0.702224
0.702224
0.702224
0.702224
0.702224
0.702224
0.702224
0.702225
0.702225
0.702225
0.702225
0.702225
0.702225
0.702226
0.702226
0.702226
0.702227
0.702227
0.702228
0.702228
0.702229
0.702229
0.70223
0.70223
0.702231
0.702232
0.702232
0.702233
0.702234
0.702235
0.702235
0.702236
0.702237
0.702238
0.702238
0.702239
0.70224
0.702241
0.702241
0.702242
0.702243
0.702244
0.702244
0.702245
0.702245
0.702246
0.702246
0.702247
0.702247
0.702248
0.702248
0.702249
0.702249
0.702249
0.70225
0.70225
0.70225
0.70225
0.70225
0.70225
0.70225
0.70225
0.70225
0.70225
0.70225
0.70225
0.70225
0.70225
0.70225
0.70225
0.70225
0.70225
0.702249
0.702249
0.702249
0.702249
0.702249
0.702248
0.702248
0.702248
0.702248
0.702248
0.702248
0.702247
0.702247
0.702247
0.702247
0.702247
0.702247
0.702246
0.702246
0.702246
0.702246
0.702246
0.702246
0.702246
0.702246
0.702246
0.702246
0.702246
0.702246
0.702246
0.702246
0.702246
0.702246
0.702245
0.702245
0.702245
0.702245
0.702245
0.702245
0.702245
0.702245
0.702245
0.702245
0.702245
0.702244
0.702244
0.702244
0.702244
0.702244
0.702243
0.702243
0.702243
0.702242
0.702242
0.702242
0.702241
0.702241
0.702241
0.70224
0.70224
0.70224
0.702239
0.702239
0.702239
0.702238
0.702238
0.702237
0.702237
0.702237
0.702236
0.702236
0.702236
0.702235
0.702235
0.702235
0.702234
0.702234
0.702234
0.702233
0.702233
0.702233
0.702233
0.702232
0.702232
0.702232
0.702231
0.702231
0.702231
0.70223
0.70223
0.70223
0.702229
0.702229
0.702229
0.702228
0.702228
0.702228
0.702227
0.702227
0.702227
0.702226
0.702226
0.702226
0.702225
0.702225
0.702225
0.702224
0.702224
0.702223
0.702223
0.702223
0.702223
0.702222
0.702222
0.702222
0.702221
0.702221
0.702221
0.702221
0.702221
0.702221
0.70222
0.70222
0.70222
0.70222
0.70222
0.70222
0.70222
0.70222
0.70222
0.702221
0.702221
0.702221
0.702221
0.702221
0.702221
0.702222
0.702222
0.702222
0.702222
0.702222
0.702223
0.702223
0.702223
0.702224
0.702224
0.702224
0.702224
0.702225
0.702225
0.702225
0.702225
0.702226
0.702226
0.702226
0.702226
0.702226
0.702227
0.702227
0.702227
0.702227
0.702227
0.702227
0.702228
0.702228
0.702228
0.702228
0.702228
0.702228
0.702228
0.702228
0.702228
0.702228
0.702228
0.702228
0.702228
0.702228
0.702228
0.702228
0.702228
0.702228
0.702228
0.702228
0.702228
0.702228
0.702228
0.702228
0.702227
0.702227
0.702227
0.702227
0.702227
0.702227
0.702226
0.702226
0.702226
0.702226
0.702226
0.702226
0.702225
0.702225
0.702225
0.702225
0.702225
0.702225
0.702224
0.702224
0.702224
0.702224
0.702224
0.702224
0.702224
0.702224
0.702224
0.702224
0.702224
0.702224
0.702224
0.702224
0.702224
0.702224
0.702224
0.702224
0.702224
0.702224
0.702224
0.702224
0.702224
0.702225
0.702225
0.702225
0.702225
0.702225
0.702225
0.702226
0.702226
0.702226
0.702226
0.702227
0.702227
0.702227
0.702227
0.702228
0.702228
0.702228
0.702229
0.702229
0.702229
0.70223
0.70223
0.70223
0.702231
0.702231
0.702232
0.702232
0.702232
0.702233
0.702233
0.702233
0.702234
0.702234
0.702235
0.702235
0.702236
0.702236
0.702236
0.702237
0.702237
0.702238
0.702238
0.702239
0.702239
0.702239
0.70224
0.70224
0.702241
0.702241
0.702242
0.702242
0.702243
0.702243
0.702244
0.702244
0.702245
0.702245
0.702246
0.702246
0.702246
0.702247
0.702247
0.702248
0.702248
0.702248
0.702249
0.702249
0.702249
0.702249
0.702249
0.70225
0.70225
0.70225
0.70225
0.70225
0.70225
0.70225
0.70225
0.702249
0.702249
0.702249
0.702249
0.702248
0.702248
0.702247
0.702247
0.702246
0.702246
0.702245
0.702244
0.702244
0.702243
0.702242
0.702241
0.702241
0.70224
0.702239
0.702238
0.702237
0.702236
0.702235
0.702235
0.702234
0.702233
0.702232
0.702231
0.70223
0.702229
0.702228
0.702228
0.702227
0.702226
0.702225
0.702225
0.702224
0.702223
0.702223
0.702222
0.702221
0.702221
0.70222
0.70222
0.70222
0.702219
0.702219
0.702219
0.702219
0.702219
0.702218
0.702218
0.702218
0.702219
0.702219
0.702219
0.702219
0.702219
0.70222
0.70222
0.70222
0.702221
0.702221
0.702222
0.702222
0.702223
0.702223
0.702224
0.702224
0.702225
0.702225
0.702226
0.702227
0.702227
0.702228
0.702228
0.702229
0.702229
0.70223
0.70223
0.70223
0.702231
0.702231
0.702231
0.702232
0.702232
0.702232
0.702232
0.702232
0.702232
0.702232
0.702232
0.702232
0.702231
0.702231
0.702231
0.702231
0.70223
0.70223
0.70223
0.702229
0.702229
0.702228
0.702228
0.702227
0.702227
0.702226
0.702226
0.702225
0.702225
0.702225
0.702224
0.702224
0.702223
0.702223
0.702222
0.702222
0.702222
0.702221
0.702221
0.702221
0.702221
0.70222
0.70222
0.70222
0.70222
0.70222
0.70222
0.702219
0.702219
0.702219
0.702219
0.702219
0.702219
0.702219
0.702219
0.702219
0.702219
0.702219
0.702219
0.702219
0.702219
0.702219
0.702218
0.702218
0.702218
0.702218
0.702218
0.702218
0.702218
0.702218
0.702218
0.702218
0.702218
0.702218
0.702218
0.702218
0.702218
0.702218
0.702218
0.702218
0.702219
0.702219
0.702219
0.702219
0.702219
0.702219
0.70222
0.70222
0.70222
0.702221
0.702221
0.702221
0.702222
0.702222
0.702222
0.702223
0.702223
0.702224
0.702224
0.702225
0.702225
0.702225
0.702226
0.702226
0.702227
0.702227
0.702228
0.702228
0.702228
0.702228
0.702229
0.702229
0.702229
0.702229
0.702229
0.702229
0.702229
0.702229
0.702229
0.702229
0.702229
0.702229
0.702229
0.702229
0.702228
0.702228
0.702227
0.702227
0.702227
0.702226
0.702226
0.702225
0.702224
0.702224
0.702223
0.702223
0.702222
0.702221
0.702221
0.70222
0.702219
0.702218
0.702218
0.702217
0.702216
0.702216
0.702215
0.702214
0.702214
0.702213
0.702212
0.702212
0.702211
0.702211
0.70221
0.702209
0.702209
0.702208
0.702208
0.702207
0.702207
0.702207
0.702206
0.702206
0.702205
0.702205
0.702205
0.702204
0.702204
0.702204
0.702204
0.702203
0.702203
0.702203
0.702202
0.702202
0.702202
0.702202
0.702201
0.702201
0.702201
0.702201
0.7022
0.7022
0.7022
0.7022
0.702199
0.702199
0.702199
0.702198
0.702198
0.702198
0.702198
0.702197
0.702197
0.702197
0.702197
0.702196
0.702196
0.702196
0.702196
0.702195
0.702195
0.702195
0.702195
0.702195
0.702195
0.702195
0.702195
0.702195
0.702195
0.702195
0.702195
0.702195
0.702195
0.702195
0.702195
0.702196
0.702196
0.702196
0.702196
0.702197
0.702197
0.702197
0.702198
0.702198
0.702198
0.702199
0.702199
0.7022
0.7022
0.7022
0.702201
0.702201
0.702202
0.702202
0.702203
0.702203
0.702204
0.702204
0.702204
0.702205
0.702205
0.702206
0.702206
0.702206
0.702207
0.702207
0.702208
0.702208
0.702208
0.702209
0.702209
0.702209
0.70221
0.70221
0.70221
0.70221
0.702211
0.702211
0.702211
0.702212
0.702212
0.702212
0.702212
0.702212
0.702213
0.702213
0.702213
0.702213
0.702213
0.702214
0.702214
0.702214
0.702214
0.702214
0.702214
0.702215
0.702215
0.702215
0.702215
0.702215
0.702215
0.702215
0.702216
0.702216
0.702216
0.702216
0.702216
0.702216
0.702216
0.702216
0.702216
0.702216
0.702216
0.702216
0.702216
0.702216
0.702216
0.702216
0.702216
0.702216
0.702216
0.702216
0.702215
0.702215
0.702215
0.702215
0.702215
0.702215
0.702214
0.702214
0.702214
0.702214
0.702213
0.702213
0.702213
0.702213
0.702212
0.702212
0.702212
0.702212
0.702212
0.702212
0.702211
0.702211
0.702211
0.702211
0.702211
0.702211
0.702211
0.702211
0.702211
0.702211
0.702212
0.702212
0.702212
0.702212
0.702212
0.702213
0.702213
0.702213
0.702214
0.702214
0.702215
0.702215
0.702215
0.702216
0.702216
0.702217
0.702217
0.702218
0.702218
0.702219
0.702219
0.70222
0.70222
0.702221
0.702221
0.702222
0.702222
0.702223
0.702223
0.702223
0.702224
0.702224
0.702225
0.702225
0.702225
0.702225
0.702226
0.702226
0.702226
0.702226
0.702226
0.702227
0.702227
0.702227
0.702227
0.702227
0.702227
0.702227
0.702226
0.702226
0.702226
0.702226
0.702226
0.702225
0.702225
0.702225
0.702225
0.702224
0.702224
0.702223
0.702223
0.702222
0.702222
0.702222
0.702221
0.702221
0.70222
0.70222
0.702219
0.702219
0.702218
0.702218
0.702217
0.702217
0.702217
0.702216
0.702216
0.702216
0.702215
0.702215
0.702215
0.702215
0.702215
0.702215
0.702215
0.702215
0.702215
0.702215
0.702215
0.702215
0.702216
0.702216
0.702217
0.702217
0.702217
0.702218
0.702219
0.702219
0.70222
0.702221
0.702221
0.702222
0.702223
0.702224
0.702225
0.702226
0.702226
0.702227
0.702228
0.702229
0.70223
0.702231
0.702232
0.702233
0.702234
0.702235
0.702236
0.702237
0.702238
0.702239
0.70224
0.702241
0.702242
0.702243
0.702244
0.702245
0.702245
0.702246
0.702247
0.702248
0.702249
0.702249
0.70225
0.702251
0.702251
0.702252
0.702253
0.702253
0.702254
0.702254
0.702255
0.702255
0.702256
0.702256
0.702256
0.702257
0.702257
0.702257
0.702257
0.702257
0.702257
0.702258
0.702258
0.702258
0.702258
0.702258
0.702257
0.702257
0.702257
0.702257
0.702257
0.702257
0.702256
0.702256
0.702256
0.702256
0.702255
0.702255
0.702255
0.702254
0.702254
0.702254
0.702253
0.702253
0.702253
0.702252
0.702252
0.702252
0.702251
0.702251
0.702251
0.70225
0.70225
0.70225
0.702249
0.702249
0.702248
0.702248
0.702248
0.702247
0.702247
0.702247
0.702246
0.702246
0.702245
0.702245
0.702244
0.702244
0.702244
0.702243
0.702243
0.702242
0.702242
0.702241
0.702241
0.70224
0.70224
0.702239
0.702239
0.702238
0.702238
0.702237
0.702236
0.702236
0.702235
0.702234
0.702234
0.702233
0.702232
0.702232
0.702231
0.70223
0.70223
0.702229
0.702228
0.702227
0.702227
0.702226
0.702225
0.702224
0.702223
0.702223
0.702222
0.702221
0.70222
0.702219
0.702218
0.702217
0.702217
0.702216
0.702215
0.702214
0.702213
0.702212
0.702211
0.70221
0.702209
0.702208
0.702207
0.702206
0.702205
0.702204
0.702203
0.702202
0.702201
0.7022
0.7022
0.702199
0.702198
0.702197
0.702196
0.702196
0.702195
0.702194
0.702194
0.702193
0.702192
0.702192
0.702192
0.702191
0.702191
0.702191
0.70219
0.70219
0.70219
0.70219
0.70219
0.70219
0.702191
0.702191
0.702191
0.702191
0.702192
0.702192
0.702193
0.702194
0.702194
0.702195
0.702196
0.702196
0.702197
0.702198
0.702199
0.7022
0.702201
0.702202
0.702203
0.702204
0.702206
0.702207
0.702208
0.702209
0.70221
0.702212
0.702213
0.702214
0.702215
0.702217
0.702218
0.702219
0.70222
0.702222
0.702223
0.702224
0.702225
0.702226
0.702227
0.702228
0.702229
0.702231
0.702232
0.702232
0.702233
0.702234
0.702235
0.702236
0.702237
0.702237
0.702238
0.702239
0.70224
0.70224
0.702241
0.702241
0.702242
0.702243
0.702243
0.702244
0.702244
0.702245
0.702245
0.702245
0.702246
0.702246
0.702247
0.702247
0.702248
0.702248
0.702249
0.702249
0.702249
0.70225
0.70225
0.702251
0.702251
0.702252
0.702252
0.702253
0.702253
0.702254
0.702255
0.702255
0.702256
0.702257
0.702257
0.702258
0.702259
0.702259
0.70226
0.702261
0.702262
0.702262
0.702263
0.702264
0.702265
0.702266
0.702266
0.702267
0.702268
0.702269
0.702269
0.70227
0.702271
0.702272
0.702272
0.702273
0.702274
0.702275
0.702275
0.702276
0.702276
0.702277
0.702277
0.702278
0.702278
0.702279
0.702279
0.702279
0.70228
0.70228
0.70228
0.70228
0.70228
0.70228
0.70228
0.70228
0.70228
0.70228
0.70228
0.70228
0.702279
0.702279
0.702278
0.702278
0.702278
0.702277
0.702276
0.702276
0.702275
0.702275
0.702274
0.702273
0.702273
0.702272
0.702271
0.70227
0.70227
0.702269
0.702268
0.702267
0.702267
0.702266
0.702265
0.702264
0.702264
0.702263
0.702262
0.702262
0.702261
0.702261
0.70226
0.70226
0.702259
0.702259
0.702258
0.702258
0.702257
0.702257
0.702256
0.702256
0.702256
0.702255
0.702255
0.702255
0.702255
0.702254
0.702254
0.702254
0.702254
0.702253
0.702253
0.702253
0.702253
0.702253
0.702252
0.702252
0.702252
0.702252
0.702252
0.702251
0.702251
0.702251
0.702251
0.70225
0.70225
0.70225
0.70225
0.702249
0.702249
0.702249
0.702249
0.702248
0.702248
0.702248
0.702247
0.702247
0.702247
0.702246
0.702246
0.702246
0.702245
0.702245
0.702245
0.702244
0.702244
0.702244
0.702243
0.702243
0.702243
0.702242
0.702242
0.702242
0.702241
0.702241
0.702241
0.70224
0.70224
0.70224
0.702239
0.702239
0.702238
0.702238
0.702238
0.702237
0.702237
0.702237
0.702236
0.702236
0.702235
0.702235
0.702235
0.702234
0.702234
0.702233
0.702233
0.702232
0.702232
0.702231
0.702231
0.70223
0.70223
0.702229
0.702228
0.702228
0.702227
0.702226
0.702226
0.702225
0.702224
0.702224
0.702223
0.702222
0.702222
0.702221
0.70222
0.70222
0.702219
0.702218
0.702217
0.702217
0.702216
0.702216
0.702215
0.702214
0.702214
0.702213
0.702213
0.702213
0.702212
0.702212
0.702211
0.702211
0.702211
0.702211
0.70221
0.70221
0.70221
0.70221
0.70221
0.70221
0.70221
0.702211
0.702211
0.702211
0.702211
0.702212
0.702212
0.702212
0.702213
0.702213
0.702214
0.702214
0.702215
0.702215
0.702216
0.702217
0.702217
0.702218
0.702219
0.702219
0.70222
0.702221
0.702222
0.702222
0.702223
0.702224
0.702225
0.702225
0.702226
0.702227
0.702228
0.702228
0.702229
0.70223
0.70223
0.702231
0.702231
0.702232
0.702233
0.702233
0.702233
0.702234
0.702234
0.702235
0.702235
0.702235
0.702235
0.702236
0.702236
0.702236
0.702236
0.702236
0.702236
0.702236
0.702236
0.702236
0.702235
0.702235
0.702235
0.702235
0.702235
0.702234
0.702234
0.702234
0.702233
0.702233
0.702233
0.702232
0.702232
0.702231
0.702231
0.702231
0.70223
0.70223
0.70223
0.702229
0.702229
0.702229
0.702229
0.702228
0.702228
0.702228
0.702228
0.702227
0.702227
0.702227
0.702227
0.702227
0.702227
0.702227
0.702227
0.702226
0.702226
0.702226
0.702226
0.702226
0.702226
0.702226
0.702226
0.702226
0.702226
0.702226
0.702226
0.702226
0.702226
0.702226
0.702225
0.702225
0.702225
0.702225
0.702225
0.702225
0.702225
0.702225
0.702225
0.702224
0.702224
0.702224
0.702224
0.702224
0.702224
0.702223
0.702223
0.702223
0.702223
0.702223
0.702222
0.702222
0.702222
0.702222
0.702221
0.702221
0.702221
0.702221
0.70222
0.70222
0.70222
0.702219
0.702219
0.702219
0.702219
0.702218
0.702218
0.702218
0.702218
0.702217
0.702217
0.702217
0.702216
0.702216
0.702216
0.702216
0.702216
0.702215
0.702215
0.702215
0.702215
0.702215
0.702214
0.702214
0.702214
0.702214
0.702214
0.702213
0.702213
0.702213
0.702213
0.702213
0.702212
0.702212
0.702212
0.702212
0.702211
0.702211
0.702211
0.70221
0.70221
0.70221
0.702209
0.702209
0.702208
0.702208
0.702207
0.702207
0.702206
0.702206
0.702205
0.702204
0.702204
0.702203
0.702202
0.702202
0.702201
0.7022
0.702199
0.702198
0.702198
0.702197
0.702196
0.702195
0.702194
0.702193
0.702192
0.702192
0.702191
0.70219
0.702189
0.702188
0.702187
0.702187
0.702186
0.702185
0.702184
0.702183
0.702183
0.702182
0.702181
0.702181
0.70218
0.702179
0.702179
0.702178
0.702178
0.702177
0.702177
0.702177
0.702176
0.702176
0.702176
0.702176
0.702175
0.702175
0.702175
0.702175
0.702175
0.702175
0.702176
0.702176
0.702176
0.702176
0.702176
0.702177
0.702177
0.702178
0.702178
0.702179
0.702179
0.70218
0.70218
0.702181
0.702182
0.702182
0.702183
0.702184
0.702184
0.702185
0.702186
0.702187
0.702188
0.702188
0.702189
0.70219
0.702191
0.702192
0.702193
0.702193
0.702194
0.702195
0.702196
0.702197
0.702198
0.702198
0.702199
0.7022
0.7022
0.702201
0.702202
0.702202
0.702203
0.702204
0.702204
0.702205
0.702205
0.702206
0.702206
0.702207
0.702207
0.702208
0.702208
0.702208
0.702209
0.702209
0.702209
0.70221
0.70221
0.70221
0.702211
0.702211
0.702211
0.702211
0.702212
0.702212
0.702212
0.702212
0.702213
0.702213
0.702213
0.702214
0.702214
0.702214
0.702215
0.702215
0.702215
0.702216
0.702216
0.702217
0.702217
0.702218
0.702218
0.702219
0.70222
0.70222
0.702221
0.702222
0.702222
0.702223
0.702224
0.702224
0.702225
0.702226
0.702227
0.702228
0.702228
0.702229
0.70223
0.702231
0.702231
0.702232
0.702233
0.702234
0.702234
0.702235
0.702236
0.702237
0.702237
0.702238
0.702238
0.702239
0.702239
0.70224
0.70224
0.702241
0.702241
0.702241
0.702242
0.702242
0.702242
0.702242
0.702242
0.702242
0.702242
0.702242
0.702242
0.702242
0.702242
0.702242
0.702241
0.702241
0.702241
0.70224
0.70224
0.70224
0.702239
0.702239
0.702238
0.702238
0.702237
0.702236
0.702236
0.702235
0.702235
0.702234
0.702233
0.702233
0.702232
0.702231
0.702231
0.70223
0.70223
0.702229
0.702228
0.702228
0.702227
0.702227
0.702226
0.702226
0.702225
0.702224
0.702224
0.702223
0.702223
0.702223
0.702222
0.702222
0.702221
0.702221
0.702221
0.70222
0.70222
0.70222
0.70222
0.702219
0.702219
0.702219
0.702219
0.702219
0.702219
0.702218
0.702218
0.702218
0.702218
0.702218
0.702218
0.702218
0.702218
0.702218
0.702218
0.702218
0.702218
0.702218
0.702218
0.702218
0.702218
0.702218
0.702218
0.702218
0.702218
0.702217
0.702217
0.702217
0.702217
0.702217
0.702217
0.702217
0.702217
0.702217
0.702217
0.702217
0.702216
0.702216
0.702216
0.702216
0.702216
0.702216
0.702216
0.702215
0.702215
0.702215
0.702215
0.702215
0.702215
0.702215
0.702215
0.702214
0.702214
0.702214
0.702214
0.702214
0.702214
0.702214
0.702214
0.702214
0.702214
0.702214
0.702214
0.702214
0.702214
0.702214
0.702214
0.702215
0.702215
0.702215
0.702215
0.702215
0.702215
0.702216
0.702216
0.702216
0.702217
0.702217
0.702217
0.702218
0.702218
0.702219
0.702219
0.70222
0.70222
0.702221
0.702221
0.702222
0.702222
0.702223
0.702223
0.702224
0.702224
0.702225
0.702226
0.702226
0.702227
0.702227
0.702228
0.702229
0.702229
0.70223
0.70223
0.702231
0.702232
0.702232
0.702233
0.702234
0.702234
0.702235
0.702236
0.702236
0.702237
0.702237
0.702238
0.702238
0.702239
0.702239
0.70224
0.70224
0.702241
0.702241
0.702241
0.702242
0.702242
0.702242
0.702242
0.702242
0.702243
0.702243
0.702243
0.702242
0.702242
0.702242
0.702242
0.702242
0.702241
0.702241
0.70224
0.70224
0.702239
0.702239
0.702238
0.702237
0.702237
0.702236
0.702235
0.702234
0.702234
0.702233
0.702232
0.702231
0.70223
0.702229
0.702228
0.702227
0.702226
0.702225
0.702224
0.702224
0.702223
0.702222
0.702221
0.70222
0.70222
0.702219
0.702218
0.702218
0.702217
0.702216
0.702216
0.702215
0.702215
0.702215
0.702214
0.702214
0.702214
0.702214
0.702214
0.702213
0.702213
0.702213
0.702213
0.702213
0.702213
0.702214
0.702214
0.702214
0.702214
0.702214
0.702214
0.702215
0.702215
0.702215
0.702215
0.702216
0.702216
0.702216
0.702216
0.702217
0.702217
0.702217
0.702218
0.702218
0.702218
0.702218
0.702219
0.702219
0.702219
0.702219
0.702219
0.70222
0.70222
0.70222
0.70222
0.702221
0.702221
0.702221
0.702221
0.702221
0.702222
0.702222
0.702222
0.702222
0.702222
0.702223
0.702223
0.702223
0.702223
0.702224
0.702224
0.702224
0.702225
0.702225
0.702225
0.702226
0.702226
0.702226
0.702227
0.702227
0.702228
0.702228
0.702228
0.702229
0.702229
0.70223
0.70223
0.702231
0.702231
0.702232
0.702232
0.702232
0.702233
0.702233
0.702234
0.702234
0.702235
0.702235
0.702236
0.702236
0.702237
0.702237
0.702238
0.702238
0.702238
0.702239
0.702239
0.70224
0.70224
0.70224
0.702241
0.702241
0.702241
0.702242
0.702242
0.702242
0.702243
0.702243
0.702243
0.702244
0.702244
0.702244
0.702244
0.702245
0.702245
0.702245
0.702245
0.702246
0.702246
0.702246
0.702246
0.702246
0.702246
0.702246
0.702246
0.702246
0.702246
0.702246
0.702246
0.702246
0.702246
0.702246
0.702246
0.702246
0.702246
0.702246
0.702245
0.702245
0.702245
0.702245
0.702244
0.702244
0.702244
0.702243
0.702243
0.702242
0.702242
0.702241
0.702241
0.70224
0.70224
0.702239
0.702239
0.702238
0.702237
0.702237
0.702236
0.702235
0.702234
0.702234
0.702233
0.702232
0.702232
0.702231
0.70223
0.702229
0.702229
0.702228
0.702227
0.702227
0.702226
0.702225
0.702224
0.702224
0.702223
0.702222
0.702222
0.702221
0.702221
0.70222
0.702219
0.702219
0.702218
0.702218
0.702217
0.702217
0.702216
0.702216
0.702215
0.702215
0.702214
0.702214
0.702214
0.702213
0.702213
0.702212
0.702212
0.702212
0.702211
0.702211
0.702211
0.70221
0.70221
0.70221
0.70221
0.702209
0.702209
0.702209
0.702209
0.702209
0.702208
0.702208
0.702208
0.702208
0.702208
0.702208
0.702208
0.702208
0.702209
0.702209
0.702209
0.702209
0.702209
0.70221
0.70221
0.70221
0.702211
0.702211
0.702212
0.702212
0.702213
0.702213
0.702214
0.702214
0.702215
0.702216
0.702217
0.702217
0.702218
0.702219
0.70222
0.70222
0.702221
0.702222
0.702223
0.702224
0.702225
0.702226
0.702227
0.702227
0.702228
0.702229
0.70223
0.702231
0.702232
0.702233
0.702234
0.702234
0.702235
0.702236
0.702237
0.702238
0.702238
0.702239
0.70224
0.702241
0.702241
0.702242
0.702243
0.702243
0.702244
0.702245
0.702245
0.702246
0.702247
0.702247
0.702248
0.702248
0.702249
0.70225
0.70225
0.702251
0.702251
0.702252
0.702252
0.702253
0.702253
0.702254
0.702254
0.702255
0.702255
0.702256
0.702256
0.702257
0.702257
0.702257
0.702258
0.702258
0.702258
0.702259
0.702259
0.702259
0.70226
0.70226
0.70226
0.70226
0.702261
0.702261
0.702261
0.702261
0.702261
0.702261
0.702261
0.702261
0.702261
0.702261
0.702261
0.702261
0.702261
0.70226
0.70226
0.70226
0.70226
0.70226
0.702259
0.702259
0.702259
0.702258
0.702258
0.702258
0.702257
0.702257
0.702256
0.702256
0.702256
0.702255
0.702255
0.702254
0.702254
0.702253
0.702253
0.702253
0.702252
0.702252
0.702251
0.702251
0.702251
0.70225
0.70225
0.702249
0.702249
0.702249
0.702248
0.702248
0.702248
0.702247
0.702247
0.702247
0.702246
0.702246
0.702246
0.702245
0.702245
0.702245
0.702245
0.702244
0.702244
0.702244
0.702243
0.702243
0.702243
0.702242
0.702242
0.702242
0.702241
0.702241
0.702241
0.70224
0.70224
0.70224
0.70224
0.702239
0.702239
0.702239
0.702238
0.702238
0.702238
0.702238
0.702238
0.702237
0.702237
0.702237
0.702237
0.702237
0.702237
0.702237
0.702237
0.702237
0.702237
0.702237
0.702237
0.702237
0.702237
0.702237
0.702238
0.702238
0.702238
0.702238
0.702238
0.702239
0.702239
0.702239
0.70224
0.70224
0.70224
0.702241
0.702241
0.702241
0.702242
0.702242
0.702243
0.702243
0.702243
0.702244
0.702244
0.702244
0.702245
0.702245
0.702246
0.702246
0.702246
0.702247
0.702247
0.702247
0.702248
0.702248
0.702248
0.702249
0.702249
0.702249
0.70225
0.70225
0.70225
0.70225
0.70225
0.702251
0.702251
0.702251
0.702251
0.702251
0.702251
0.702251
0.702251
0.702251
0.702251
0.702251
0.702251
0.702251
0.70225
0.70225
0.70225
0.70225
0.702249
0.702249
0.702249
0.702248
0.702248
0.702248
0.702247
0.702247
0.702246
0.702246
0.702245
0.702244
0.702244
0.702243
0.702243
0.702242
0.702241
0.702241
0.70224
0.702239
0.702239
0.702238
0.702237
0.702237
0.702236
0.702235
0.702235
0.702234
0.702233
0.702233
0.702232
0.702231
0.702231
0.70223
0.70223
0.702229
0.702229
0.702228
0.702228
0.702227
0.702227
0.702226
0.702226
0.702225
0.702225
0.702224
0.702224
0.702224
0.702223
0.702223
0.702223
0.702222
0.702222
0.702222
0.702222
0.702222
0.702221
0.702221
0.702221
0.702221
0.702221
0.702221
0.702221
0.702221
0.702221
0.702221
0.702221
0.702222
0.702222
0.702222
0.702222
0.702223
0.702223
0.702223
0.702224
0.702224
0.702224
0.702225
0.702225
0.702226
0.702226
0.702227
0.702227
0.702228
0.702228
0.702229
0.702229
0.70223
0.70223
0.702231
0.702231
0.702231
0.702232
0.702232
0.702233
0.702233
0.702234
0.702234
0.702235
0.702235
0.702235
0.702236
0.702236
0.702236
0.702236
0.702237
0.702237
0.702237
0.702237
0.702237
0.702237
0.702238
0.702238
0.702238
0.702238
0.702238
0.702238
0.702238
0.702238
0.702238
0.702239
0.702239
0.702239
0.702239
0.702239
0.702239
0.702239
0.70224
0.70224
0.70224
0.70224
0.702241
0.702241
0.702241
0.702242
0.702242
0.702243
0.702243
0.702243
0.702244
0.702244
0.702245
0.702245
0.702246
0.702246
0.702246
0.702247
0.702247
0.702248
0.702248
0.702249
0.702249
0.702249
0.70225
0.70225
0.70225
0.70225
0.702251
0.702251
0.702251
0.702251
0.702251
0.702251
0.702251
0.702251
0.702251
0.702251
0.702251
0.702251
0.702251
0.70225
0.70225
0.70225
0.702249
0.702249
0.702249
0.702248
0.702248
0.702247
0.702247
0.702246
0.702246
0.702245
0.702245
0.702244
0.702244
0.702243
0.702243
0.702242
0.702241
0.702241
0.70224
0.70224
0.702239
0.702238
0.702238
0.702237
0.702237
0.702236
0.702235
0.702235
0.702234
0.702233
0.702233
0.702232
0.702232
0.702231
0.702231
0.70223
0.702229
0.702229
0.702228
0.702228
0.702227
0.702227
0.702226
0.702226
0.702225
0.702225
0.702225
0.702224
0.702224
0.702223
0.702223
0.702223
0.702222
0.702222
0.702222
0.702221
0.702221
0.702221
0.702221
0.702221
0.70222
0.70222
0.70222
0.70222
0.70222
0.70222
0.70222
0.70222
0.70222
0.70222
0.702221
0.702221
0.702221
0.702221
0.702221
0.702222
0.702222
0.702222
0.702223
0.702223
0.702224
0.702224
0.702224
0.702225
0.702226
0.702226
0.702227
0.702227
0.702228
0.702228
0.702229
0.70223
0.70223
0.702231
0.702232
0.702232
0.702233
0.702234
0.702234
0.702235
0.702236
0.702236
0.702237
0.702238
0.702238
0.702239
0.70224
0.70224
0.702241
0.702241
0.702242
0.702242
0.702243
0.702243
0.702243
0.702244
0.702244
0.702244
0.702244
0.702245
0.702245
0.702245
0.702245
0.702245
0.702245
0.702245
0.702245
0.702245
0.702245
0.702245
0.702244
0.702244
0.702244
0.702243
0.702243
0.702243
0.702242
0.702242
0.702241
0.702241
0.70224
0.702239
0.702239
0.702238
0.702237
0.702236
0.702235
0.702235
0.702234
0.702233
0.702232
0.702231
0.70223
0.702229
0.702228
0.702227
0.702226
0.702225
0.702224
0.702223
0.702222
0.702221
0.70222
0.702219
0.702218
0.702217
0.702216
0.702215
0.702214
0.702213
0.702212
0.702211
0.70221
0.702209
0.702209
0.702208
0.702207
0.702206
0.702206
0.702205
0.702205
0.702204
0.702203
0.702203
0.702202
0.702202
0.702201
0.702201
0.7022
0.7022
0.702199
0.702199
0.702198
0.702198
0.702198
0.702197
0.702197
0.702196
0.702196
0.702196
0.702195
0.702195
0.702195
0.702195
0.702194
0.702194
0.702194
0.702193
0.702193
0.702193
0.702192
0.702192
0.702192
0.702192
0.702192
0.702191
0.702191
0.702191
0.702191
0.702191
0.70219
0.70219
0.70219
0.70219
0.70219
0.70219
0.70219
0.70219
0.70219
0.70219
0.70219
0.702191
0.702191
0.702191
0.702191
0.702192
0.702192
0.702193
0.702193
0.702194
0.702194
0.702195
0.702195
0.702196
0.702197
0.702198
0.702199
0.7022
0.702201
0.702202
0.702203
0.702204
0.702205
0.702207
0.702208
0.702209
0.70221
0.702212
0.702213
0.702215
0.702216
0.702217
0.702219
0.70222
0.702222
0.702223
0.702225
0.702226
0.702228
0.702229
0.702231
0.702232
0.702234
0.702235
0.702237
0.702238
0.70224
0.702241
0.702243
0.702244
0.702245
0.702247
0.702248
0.702249
0.70225
0.702252
0.702253
0.702254
0.702255
0.702256
0.702257
0.702258
0.702259
0.70226
0.702261
0.702262
0.702263
0.702264
0.702265
0.702266
0.702266
0.702267
0.702268
0.702268
0.702269
0.70227
0.70227
0.702271
0.702271
0.702272
0.702272
0.702273
0.702273
0.702274
0.702274
0.702274
0.702274
0.702275
0.702275
0.702275
0.702275
0.702275
0.702275
0.702275
0.702275
0.702275
0.702275
0.702274
0.702274
0.702274
0.702273
0.702273
0.702272
0.702272
0.702271
0.702271
0.70227
0.702269
0.702268
0.702268
0.702267
0.702266
0.702265
0.702264
0.702263
0.702262
0.702261
0.70226
0.702258
0.702257
0.702256
0.702255
0.702253
0.702252
0.702251
0.702249
0.702248
0.702247
0.702246
0.702244
0.702243
0.702242
0.70224
0.702239
0.702238
0.702236
0.702235
0.702234
0.702233
0.702232
0.70223
0.702229
0.702228
0.702227
0.702226
0.702225
0.702224
0.702223
0.702223
0.702222
0.702221
0.70222
0.70222
0.702219
0.702218
0.702218
0.702217
0.702217
0.702217
0.702216
0.702216
0.702216
0.702215
0.702215
0.702215
0.702215
0.702215
0.702215
0.702215
0.702215
0.702215
0.702215
0.702215
0.702215
0.702215
0.702216
0.702216
0.702216
0.702216
0.702217
0.702217
0.702217
0.702218
0.702218
0.702218
0.702219
0.702219
0.702219
0.70222
0.70222
0.702221
0.702221
0.702222
0.702222
0.702222
0.702223
0.702223
0.702224
0.702224
0.702224
0.702225
0.702225
0.702225
0.702225
0.702226
0.702226
0.702226
0.702227
0.702227
0.702227
0.702227
0.702227
0.702227
0.702228
0.702228
0.702228
0.702228
0.702228
0.702228
0.702228
0.702228
0.702228
0.702228
0.702228
0.702228
0.702228
0.702229
0.702229
0.702229
0.702229
0.702229
0.702229
0.702229
0.702229
0.702229
0.702229
0.702229
0.702229
0.702229
0.702229
0.702229
0.702229
0.702229
0.702229
0.702229
0.702229
0.702229
0.702229
0.702228
0.702228
0.702228
0.702228
0.702228
0.702228
0.702228
0.702227
0.702227
0.702227
0.702227
0.702226
0.702226
0.702226
0.702225
0.702225
0.702225
0.702224
0.702224
0.702224
0.702223
0.702223
0.702222
0.702222
0.702222
0.702221
0.702221
0.702221
0.70222
0.70222
0.70222
0.70222
0.702219
0.702219
0.702219
0.702219
0.702219
0.702218
0.702218
0.702218
0.702218
0.702218
0.702218
0.702219
0.702219
0.702219
0.702219
0.702219
0.70222
0.70222
0.70222
0.702221
0.702221
0.702221
0.702222
0.702222
0.702223
0.702223
0.702224
0.702224
0.702225
0.702225
0.702226
0.702226
0.702227
0.702227
0.702228
0.702229
0.702229
0.70223
0.70223
0.702231
0.702231
