0.0142132
0.0142143
0.0142174
0.0142225
0.0142295
0.0142385
0.0142494
0.0142622
0.014277
0.0142939
0.0143129
0.0143338
0.0143565
0.0143809
0.014407
0.0144349
0.0144645
0.0144955
0.0145281
0.0145623
0.0145979
0.014635
0.0146735
0.0147132
0.0147543
0.0147965
0.0148399
0.0148846
0.0149304
0.0149771
0.0150248
0.0150735
0.0151231
0.0151736
0.0152247
0.0152767
0.0153292
0.0153824
0.0154363
0.0154907
0.0155455
0.0156008
0.0156563
0.0157122
0.0157684
0.0158248
0.0158814
0.015938
0.0159948
0.0160514
0.0161083
0.016165
0.0162216
0.0162781
0.0163343
0.0163902
0.0164459
0.0165011
0.0165561
0.0166105
0.0166645
0.016718
0.016771
0.0168233
0.0168751
0.0169261
0.0169764
0.017026
0.0170749
0.017123
0.0171702
0.0172167
0.0172622
0.0173068
0.0173506
0.0173934
0.0174353
0.0174762
0.0175162
0.0175551
0.0175933
0.0176304
0.0176665
0.0177018
0.017736
0.0177694
0.0178018
0.0178333
0.017864
0.0178939
0.0179229
0.0179511
0.0179784
0.0180052
0.0180311
0.0180564
0.0180811
0.0181051
0.0181285
0.0181514
0.0181738
0.0181957
0.0182171
0.0182381
0.0182588
0.018279
0.018299
0.0183187
0.018338
0.0183572
0.0183761
0.0183947
0.0184131
0.0184314
0.0184495
0.0184675
0.0184852
0.0185028
0.0185204
0.0185379
0.0185552
0.0185724
0.0185895
0.0186064
0.0186233
0.0186401
0.0186567
0.0186732
0.0186896
0.0187057
0.0187218
0.0187376
0.0187532
0.0187686
0.0187838
0.0187988
0.0188137
0.0188281
0.0188424
0.0188565
0.0188703
0.0188837
0.0188968
0.0189095
0.018922
0.0189342
0.0189459
0.0189574
0.0189685
0.0189794
0.0189899
0.0189999
0.0190096
0.019019
0.0190281
0.0190367
0.0190452
0.0190531
0.0190609
0.0190682
0.0190752
0.019082
0.0190884
0.0190946
0.0191004
0.0191059
0.0191112
0.0191163
0.0191211
0.0191257
0.0191301
0.0191341
0.0191379
0.0191416
0.0191451
0.0191483
0.0191514
0.0191542
0.0191569
0.0191595
0.0191619
0.0191641
0.0191663
0.0191682
0.0191699
0.0191716
0.0191732
0.0191745
0.0191758
0.0191769
0.0191781
0.019179
0.0191798
0.0191804
0.0191811
0.0191816
0.0191819
0.0191823
0.0191824
0.0191825
0.0191825
0.0191825
0.0191822
0.019182
0.0191817
0.0191813
0.0191808
0.0191803
0.0191799
0.0191794
0.0191789
0.0191783
0.0191778
0.0191772
0.0191767
0.0191762
0.0191757
0.0191753
0.0191749
0.0191747
0.0191745
0.0191744
0.0191744
0.0191747
0.0191748
0.0191752
0.0191757
0.0191763
0.0191769
0.0191778
0.0191788
0.0191799
0.0191811
0.0191824
0.0191837
0.0191853
0.0191868
0.0191886
0.0191903
0.0191922
0.0191942
0.019196
0.019198
0.0191999
0.0192018
0.0192037
0.0192055
0.0192073
0.0192091
0.0192107
0.0192123
0.0192136
0.0192148
0.0192158
0.0192166
0.0192173
0.0192178
0.019218
0.0192181
0.0192178
0.0192173
0.0192167
0.0192157
0.0192145
0.019213
0.0192111
0.0192091
0.0192068
0.0192042
0.0192012
0.0191981
0.0191946
0.0191909
0.0191868
0.0191825
0.019178
0.0191732
0.0191683
0.019163
0.0191577
0.0191521
0.0191462
0.0191402
0.0191341
0.0191278
0.0191213
0.0191146
0.0191079
0.0191011
0.0190943
0.0190872
0.0190801
0.0190731
0.019066
0.0190589
0.0190517
0.0190446
0.0190375
0.0190305
0.0190235
0.0190166
0.0190098
0.0190031
0.0189965
0.0189899
0.0189834
0.0189772
0.0189711
0.0189652
0.0189595
0.0189539
0.0189486
0.0189432
0.0189382
0.0189333
0.0189287
0.0189242
0.0189198
0.0189157
0.0189118
0.0189081
0.0189046
0.0189014
0.0188983
0.0188955
0.0188929
0.0188905
0.0188882
0.0188862
0.0188844
0.0188828
0.0188812
0.01888
0.018879
0.0188782
0.0188775
0.018877
0.0188768
0.0188767
0.0188767
0.0188771
0.0188775
0.0188781
0.0188789
0.0188799
0.0188811
0.0188825
0.018884
0.0188857
0.0188874
0.0188896
0.0188919
0.0188943
0.0188969
0.0188995
0.0189024
0.0189055
0.0189087
0.0189121
0.0189157
0.0189194
0.0189233
0.0189274
0.0189317
0.0189362
0.0189408
0.0189457
0.0189507
0.0189559
0.0189612
0.0189668
0.0189726
0.0189785
0.0189845
0.0189908
0.0189973
0.0190039
0.0190108
0.0190179
0.019025
0.0190323
0.0190397
0.0190473
0.019055
0.0190629
0.0190708
0.0190787
0.0190868
0.0190951
0.0191032
0.0191115
0.0191199
0.0191282
0.0191367
0.0191451
0.0191534
0.0191618
0.0191702
0.0191785
0.0191866
0.0191947
0.0192028
0.0192108
0.0192187
0.0192266
0.0192344
0.019242
0.0192495
0.0192569
0.0192643
0.0192715
0.0192786
0.0192855
0.0192923
0.019299
0.0193056
0.019312
0.0193183
0.0193245
0.0193306
0.0193366
0.0193426
0.0193485
0.0193542
0.0193599
0.0193656
0.0193711
0.0193767
0.0193821
0.0193875
0.0193929
0.0193982
0.0194035
0.0194088
0.0194141
0.0194192
0.0194245
0.0194297
0.0194348
0.0194399
0.019445
0.0194501
0.0194552
0.0194602
0.019465
0.01947
0.0194748
0.0194797
0.0194844
0.0194891
0.0194936
0.0194981
0.0195024
0.0195067
0.0195109
0.019515
0.0195189
0.0195228
0.0195264
0.0195299
0.0195332
0.0195364
0.0195394
0.0195422
0.0195448
0.0195472
0.0195494
0.0195514
0.0195532
0.0195549
0.0195563
0.0195575
0.0195584
0.0195592
0.0195598
0.0195601
0.0195602
0.01956
0.0195597
0.019559
0.0195583
0.0195574
0.0195562
0.0195548
0.0195532
0.0195515
0.0195495
0.0195473
0.0195448
0.0195422
0.0195396
0.0195366
0.0195335
0.0195303
0.0195269
0.0195234
0.0195197
0.0195158
0.0195117
0.0195076
0.0195033
0.0194988
0.0194943
0.0194896
0.0194848
0.01948
0.019475
0.01947
0.0194649
0.0194597
0.0194543
0.019449
0.0194437
0.0194384
0.019433
0.0194275
0.0194222
0.0194167
0.0194114
0.0194061
0.0194009
0.0193957
0.0193905
0.0193855
0.0193806
0.0193756
0.0193709
0.0193663
0.0193617
0.0193572
0.0193528
0.0193486
0.0193445
0.0193405
0.0193367
0.0193331
0.0193296
0.0193263
0.0193231
0.01932
0.0193172
0.0193146
0.0193121
0.0193098
0.0193077
0.0193058
0.0193041
0.0193025
0.019301
0.0192997
0.0192986
0.0192976
0.0192968
0.0192963
0.0192958
0.0192953
0.0192951
0.019295
0.0192951
0.0192954
0.0192957
0.0192961
0.0192966
0.0192973
0.0192981
0.019299
0.0193
0.0193011
0.0193023
0.0193035
0.0193049
0.0193063
0.0193077
0.0193092
0.0193107
0.0193123
0.0193139
0.0193156
0.0193172
0.019319
0.0193207
0.0193226
0.0193243
0.019326
0.0193278
0.0193296
0.0193314
0.0193333
0.019335
0.0193367
0.0193385
0.0193403
0.019342
0.0193437
0.0193456
0.0193474
0.0193492
0.019351
0.0193528
0.0193547
0.0193565
0.0193585
0.0193605
0.0193626
0.0193647
0.0193669
0.0193691
0.0193715
0.0193738
0.0193763
0.0193789
0.0193816
0.0193845
0.0193875
0.0193906
0.0193938
0.0193972
0.0194007
0.0194045
0.0194082
0.0194122
0.0194163
0.0194206
0.0194251
0.0194295
0.0194342
0.019439
0.0194438
0.0194487
0.0194538
0.0194589
0.0194641
0.0194693
0.0194746
0.01948
0.0194854
0.0194908
0.0194963
0.0195017
0.0195071
0.0195125
0.0195179
0.0195233
0.0195286
0.0195339
0.0195389
0.019544
0.0195489
0.0195539
0.0195586
0.0195633
0.019568
0.0195724
0.0195767
0.0195808
0.0195849
0.0195888
0.0195926
0.0195963
0.0195999
0.0196034
0.0196068
0.0196102
0.0196134
0.0196166
0.0196197
0.0196228
0.0196258
0.0196288
0.0196319
0.0196348
0.0196379
0.019641
0.0196441
0.0196472
0.0196505
0.0196539
0.0196574
0.0196609
0.0196645
0.0196684
0.0196724
0.0196766
0.0196811
0.0196857
0.0196905
0.0196955
0.0197007
0.0197063
0.019712
0.0197179
0.0197243
0.0197308
0.0197375
0.0197445
0.0197516
0.0197591
0.0197667
0.0197746
0.0197828
0.0197913
0.0197999
0.0198088
0.0198178
0.0198269
0.0198362
0.0198457
0.0198553
0.0198651
0.019875
0.0198849
0.019895
0.0199051
0.0199152
0.0199253
0.0199354
0.0199456
0.0199557
0.0199659
0.0199758
0.0199858
0.0199956
0.0200054
0.0200151
0.0200246
0.0200339
0.0200432
0.0200524
0.0200613
0.02007
0.0200786
0.020087
0.0200953
0.0201033
0.0201111
0.0201186
0.0201258
0.0201328
0.0201396
0.0201462
0.0201525
0.0201586
0.0201643
0.0201699
0.0201751
0.02018
0.0201846
0.020189
0.020193
0.0201966
0.0202
0.0202031
0.020206
0.0202085
0.0202108
0.0202128
0.0202145
0.0202158
0.0202169
0.0202177
0.020218
0.0202182
0.0202182
0.0202178
0.0202171
0.0202162
0.020215
0.0202136
0.0202119
0.0202101
0.0202081
0.0202057
0.0202032
0.0202006
0.0201977
0.0201947
0.0201915
0.0201882
0.0201848
0.0201813
0.0201776
0.0201739
0.0201702
0.0201664
0.0201624
0.0201584
0.0201544
0.0201503
0.0201463
0.0201423
0.0201383
0.0201342
0.0201302
0.0201262
0.0201224
0.0201184
0.0201146
0.0201108
0.0201071
0.0201035
0.0200999
0.0200964
0.0200929
0.0200896
0.0200863
0.0200831
0.02008
0.020077
0.0200741
0.0200713
0.0200685
0.0200659
0.0200634
0.0200609
0.0200585
0.0200562
0.0200539
0.0200518
0.0200498
0.0200478
0.0200458
0.020044
0.0200422
0.0200406
0.020039
0.0200376
0.0200361
0.0200348
0.0200335
0.0200324
0.0200313
0.0200304
0.0200295
0.0200287
0.0200279
0.0200273
0.0200266
0.0200262
0.0200258
0.0200256
0.0200254
0.0200254
0.0200254
0.0200256
0.0200258
0.0200262
0.0200268
0.0200274
0.0200282
0.0200291
0.02003
0.0200311
0.0200322
0.0200335
0.0200347
0.0200361
0.0200378
0.0200394
0.0200411
0.0200428
0.0200447
0.0200467
0.0200487
0.0200508
0.0200529
0.0200551
0.0200574
0.0200598
0.0200621
0.0200646
0.0200671
0.0200697
0.0200723
0.020075
0.0200778
0.0200805
0.0200832
0.0200861
0.0200889
0.0200918
0.0200946
0.0200975
0.0201003
0.0201032
0.0201061
0.020109
0.0201118
0.0201147
0.0201174
0.0201201
0.0201228
0.0201254
0.020128
0.0201305
0.0201329
0.0201352
0.0201374
0.0201394
0.0201413
0.020143
0.0201446
0.0201458
0.020147
0.0201479
0.0201486
0.0201491
0.0201494
0.0201493
0.020149
0.0201484
0.0201476
0.0201465
0.0201452
0.0201436
0.0201416
0.0201394
0.0201368
0.020134
0.0201309
0.0201276
0.0201238
0.0201199
0.0201158
0.0201113
0.0201066
0.0201018
0.0200968
0.0200916
0.0200863
0.0200807
0.020075
0.0200692
0.0200632
0.0200572
0.0200512
0.0200451
0.0200389
0.0200327
0.0200267
0.0200207
0.0200148
0.0200088
0.020003
0.0199972
0.0199916
0.0199862
0.0199809
0.0199758
0.0199708
0.0199661
0.0199616
0.0199573
0.0199532
0.0199494
0.0199458
0.0199425
0.0199394
0.0199365
0.0199339
0.0199316
0.0199295
0.0199277
0.0199261
0.0199248
0.0199238
0.0199229
0.0199224
0.019922
0.0199218
0.019922
0.0199223
0.0199227
0.0199234
0.0199243
0.0199254
0.0199266
0.019928
0.0199295
0.0199312
0.019933
0.0199349
0.0199369
0.0199391
0.0199414
0.0199439
0.0199464
0.0199491
0.0199519
0.0199547
0.0199576
0.0199607
0.0199639
0.0199672
0.0199706
0.0199741
0.0199778
0.0199816
0.0199855
0.0199896
0.0199937
0.019998
0.0200024
0.0200069
0.0200117
0.0200165
0.0200215
0.0200265
0.0200317
0.0200369
0.0200424
0.0200479
0.0200536
0.0200593
0.0200651
0.020071
0.0200768
0.0200828
0.0200887
0.0200948
0.0201009
0.0201069
0.0201131
0.0201193
0.0201253
0.0201313
0.0201372
0.0201432
0.0201491
0.020155
0.0201607
0.0201663
0.020172
0.0201775
0.0201829
0.0201882
0.0201933
0.0201984
0.0202034
0.0202082
0.0202129
0.0202175
0.0202219
0.0202263
0.0202305
0.0202348
0.0202388
0.0202428
0.0202467
0.0202505
0.0202543
0.0202579
0.0202615
0.0202651
0.0202686
0.020272
0.0202754
0.0202787
0.020282
0.0202853
0.0202886
0.0202919
0.0202951
0.0202983
0.0203015
0.0203046
0.0203078
0.020311
0.0203141
0.0203172
0.0203202
0.0203235
0.0203266
0.0203297
0.0203328
0.0203358
0.0203388
0.0203417
0.0203447
0.0203475
0.0203503
0.0203531
0.0203558
0.0203584
0.020361
0.0203636
0.0203661
0.0203684
0.0203707
0.0203728
0.0203748
0.0203768
0.0203785
0.0203803
0.0203819
0.0203833
0.0203846
0.0203857
0.0203867
0.0203875
0.0203882
0.0203889
0.0203893
0.0203895
0.0203896
0.0203894
0.020389
0.0203885
0.0203877
0.0203867
0.0203855
0.020384
0.0203825
0.0203806
0.0203786
0.0203763
0.0203737
0.020371
0.020368
0.0203648
0.0203615
0.0203578
0.0203539
0.0203499
0.0203457
0.0203413
0.0203366
0.0203318
0.0203266
0.0203214
0.0203161
0.0203104
0.0203046
0.0202988
0.0202928
0.0202865
0.0202802
0.0202739
0.0202674
0.0202609
0.0202543
0.0202477
0.020241
0.0202342
0.0202275
0.0202207
0.0202139
0.0202071
0.0202003
0.0201937
0.020187
0.0201804
0.0201738
0.0201674
0.020161
0.0201547
0.0201484
0.0201422
0.0201361
0.02013
0.0201242
0.0201184
0.0201128
0.0201072
0.0201017
0.0200963
0.020091
0.0200857
0.0200806
0.0200757
0.0200707
0.0200659
0.0200611
0.0200565
0.0200518
0.0200474
0.020043
0.0200388
0.0200346
0.0200305
0.0200265
0.0200225
0.0200186
0.0200149
0.0200111
0.0200074
0.020004
0.0200004
0.019997
0.0199936
0.0199902
0.019987
0.0199838
0.0199807
0.0199778
0.0199749
0.019972
0.0199694
0.0199667
0.0199642
0.0199617
0.0199593
0.019957
0.0199547
0.0199525
0.0199504
0.0199484
0.0199465
0.0199447
0.0199429
0.0199412
0.0199395
0.019938
0.0199364
0.019935
0.0199336
0.0199323
0.0199311
0.0199299
0.0199287
0.0199277
0.0199267
0.0199257
0.0199248
0.0199239
0.019923
0.0199221
0.0199213
0.0199205
0.0199197
0.019919
0.0199182
0.0199174
0.0199165
0.0199155
0.0199146
0.0199137
0.0199127
0.0199116
0.0199104
0.0199091
0.0199077
0.0199063
0.0199047
0.0199031
0.0199012
0.0198991
0.0198968
0.0198945
0.019892
0.0198893
0.0198864
0.0198834
0.0198803
0.0198768
0.0198733
0.0198695
0.0198655
0.0198614
0.0198571
0.0198527
0.0198481
0.0198433
0.0198383
0.0198332
0.0198278
0.0198223
0.0198168
0.019811
0.0198052
0.0197992
0.019793
0.0197868
0.0197806
0.0197743
0.0197679
0.0197613
0.0197546
0.0197479
0.0197411
0.0197344
0.0197274
0.0197205
0.0197136
0.0197066
0.0196995
0.0196924
0.0196853
0.0196783
0.0196712
0.0196643
0.0196572
0.0196502
0.0196432
0.0196363
0.0196294
0.0196225
0.0196157
0.0196088
0.019602
0.0195953
0.0195886
0.0195819
0.0195754
0.0195688
0.0195623
0.0195559
0.0195495
0.0195432
0.0195369
0.0195307
0.0195245
0.0195184
0.0195122
0.019506
0.0194999
0.0194939
0.0194879
0.0194818
0.0194758
0.0194698
0.0194638
0.0194579
0.0194519
0.0194458
0.0194397
0.0194335
0.0194274
0.019421
0.0194147
0.0194082
0.0194017
0.0193951
0.0193884
0.0193817
0.0193748
0.0193679
0.0193609
0.0193537
0.0193463
0.0193389
0.0193313
0.0193237
0.0193158
0.0193079
0.0192999
0.0192917
0.0192835
0.0192751
0.0192666
0.019258
0.0192494
0.0192405
0.0192317
0.0192229
0.0192139
0.0192048
0.0191958
0.0191867
0.0191777
0.0191687
0.0191597
0.0191508
0.019142
0.0191332
0.0191246
0.0191161
0.0191078
0.0190996
0.0190916
0.0190837
0.0190761
0.0190687
0.0190617
0.0190548
0.0190483
0.0190422
0.0190363
0.0190308
0.0190256
0.0190209
0.0190165
0.0190126
0.019009
0.0190058
0.0190031
0.0190007
0.0189988
0.0189973
0.0189962
0.0189957
0.0189954
0.0189956
0.0189962
0.0189972
0.0189987
0.0190006
0.0190028
0.0190053
0.0190083
0.0190116
0.0190153
0.0190193
0.0190237
0.0190283
0.0190333
0.0190386
0.0190441
0.0190498
0.0190558
0.019062
0.0190684
0.0190752
0.0190821
0.0190891
0.0190963
0.0191037
0.0191113
0.0191189
0.0191268
0.0191347
0.0191427
0.0191507
0.019159
0.0191673
0.0191756
0.019184
0.0191923
0.0192008
0.0192093
0.0192177
0.0192261
0.0192345
0.0192428
0.0192512
0.0192596
0.0192678
0.019276
0.019284
0.019292
0.0192997
0.0193075
0.0193151
0.0193226
0.0193298
0.019337
0.0193439
0.0193507
0.0193572
0.0193635
0.0193696
0.0193755
0.0193811
0.0193865
0.0193916
0.0193966
0.0194012
0.0194057
0.01941
0.019414
0.0194176
0.0194209
0.019424
0.0194268
0.0194294
0.0194318
0.0194338
0.0194355
0.019437
0.0194383
0.0194392
0.0194399
0.0194405
0.0194407
0.0194406
0.0194404
0.0194397
0.0194389
0.0194379
0.0194368
0.0194353
0.0194337
0.0194317
0.0194296
0.0194274
0.0194248
0.019422
0.019419
0.0194158
0.0194125
0.0194089
0.019405
0.019401
0.0193968
0.0193925
0.019388
0.0193832
0.0193783
0.0193733
0.0193681
0.0193628
0.0193573
0.0193517
0.0193459
0.0193401
0.0193342
0.0193282
0.0193221
0.0193159
0.0193096
0.0193033
0.019297
0.0192906
0.0192842
0.0192778
0.0192714
0.019265
0.0192585
0.0192521
0.0192458
0.0192394
0.0192332
0.019227
0.0192207
0.0192145
0.0192084
0.0192024
0.0191965
0.0191907
0.0191849
0.0191793
0.0191737
0.0191681
0.0191627
0.0191573
0.0191519
0.0191467
0.0191417
0.0191366
0.0191317
0.0191268
0.0191218
0.019117
0.0191122
0.0191074
0.0191028
0.0190981
0.0190935
0.0190889
0.0190844
0.01908
0.0190755
0.019071
0.0190666
0.0190623
0.0190579
0.0190536
0.0190493
0.0190449
0.0190407
0.0190365
0.0190323
0.0190281
0.019024
0.0190199
0.0190158
0.0190118
0.0190079
0.0190042
0.0190004
0.0189966
0.0189929
0.0189893
0.0189858
0.0189824
0.018979
0.0189757
0.0189726
0.0189695
0.0189665
0.0189635
0.0189607
0.018958
0.0189553
0.0189527
0.0189503
0.018948
0.0189458
0.0189436
0.0189415
0.0189395
0.0189375
0.0189357
0.018934
0.0189322
0.0189305
0.018929
0.0189276
0.018926
0.0189246
0.0189232
0.0189218
0.0189204
0.0189192
0.0189179
0.0189167
0.0189154
0.0189143
0.0189131
0.018912
0.0189109
0.0189098
0.0189088
0.0189077
0.0189066
0.0189057
0.0189047
0.0189038
0.0189029
0.018902
0.0189012
0.0189003
0.0188995
0.0188988
0.0188981
0.0188974
0.0188968
0.0188962
0.0188957
0.0188952
0.0188947
0.0188942
0.0188938
0.0188933
0.0188929
0.0188925
0.0188919
0.0188914
0.0188908
0.0188902
0.0188895
0.0188887
0.0188879
0.0188871
0.0188862
0.0188851
0.018884
0.0188828
0.0188815
0.0188801
0.0188786
0.0188769
0.0188751
0.0188731
0.0188712
0.018869
0.0188667
0.0188642
0.0188615
0.0188588
0.0188561
0.0188531
0.0188499
0.0188467
0.0188434
0.0188399
0.0188363
0.0188326
0.0188288
0.0188249
0.0188209
0.0188168
0.0188126
0.0188084
0.0188041
0.0187998
0.0187953
0.0187909
0.0187864
0.0187819
0.0187776
0.0187732
0.0187687
0.0187643
0.0187599
0.0187556
0.0187514
0.0187471
0.0187429
0.0187389
0.018735
0.0187311
0.0187273
0.0187237
0.0187201
0.0187167
0.0187136
0.0187105
0.0187076
0.0187049
0.0187024
0.0187001
0.018698
0.0186961
0.0186945
0.0186929
0.0186916
0.0186905
0.0186896
0.0186889
0.0186884
0.018688
0.0186879
0.018688
0.0186884
0.0186889
0.0186897
0.0186906
0.0186916
0.0186929
0.0186943
0.0186959
0.0186976
0.0186996
0.0187017
0.018704
0.0187065
0.0187092
0.0187122
0.0187152
0.0187183
0.0187216
0.0187251
0.0187287
0.0187324
0.0187363
0.0187403
0.0187444
0.0187486
0.0187529
0.0187574
0.018762
0.0187666
0.0187712
0.0187759
0.0187807
0.0187856
0.0187904
0.0187953
0.0188002
0.0188049
0.0188097
0.0188145
0.0188192
0.0188239
0.0188284
0.0188329
0.0188373
0.0188415
0.0188457
0.0188497
0.0188535
0.0188571
0.0188605
0.0188638
0.018867
0.0188699
0.0188727
0.0188753
0.0188777
0.01888
0.018882
0.0188838
0.0188855
0.018887
0.0188884
0.0188896
0.0188906
0.0188915
0.0188923
0.0188929
0.0188936
0.018894
0.0188944
0.0188947
0.018895
0.0188952
0.0188953
0.0188955
0.0188957
0.0188959
0.0188961
0.0188963
0.0188965
0.0188967
0.0188971
0.0188975
0.018898
0.0188986
0.0188993
0.0189
0.0189007
0.0189016
0.0189026
0.0189037
0.0189049
0.0189061
0.0189074
0.0189087
0.0189102
0.018912
0.0189136
0.0189152
0.0189169
0.0189185
0.0189204
0.0189222
0.018924
0.0189258
0.0189276
0.0189293
0.0189311
0.0189328
0.0189345
0.0189362
0.0189376
0.0189389
0.0189402
0.0189414
0.0189425
0.0189434
0.0189442
0.0189447
0.0189451
0.0189454
0.0189455
0.0189453
0.018945
0.0189445
0.0189439
0.0189429
0.0189417
0.0189403
0.0189388
0.018937
0.0189349
0.0189327
0.0189301
0.0189274
0.0189245
0.0189214
0.018918
0.0189143
0.0189105
0.0189065
0.0189023
0.0188979
0.0188933
0.0188885
0.0188835
0.0188783
0.0188729
0.0188674
0.0188618
0.0188561
0.0188501
0.018844
0.0188378
0.0188315
0.018825
0.0188185
0.0188118
0.018805
0.0187981
0.0187913
0.0187843
0.0187771
0.0187701
0.018763
0.0187558
0.0187486
0.0187415
0.0187343
0.0187271
0.01872
0.0187129
0.0187058
0.0186987
0.0186918
0.0186849
0.0186782
0.0186714
0.0186649
0.0186585
0.0186523
0.0186464
0.0186406
0.0186352
0.0186298
0.0186247
0.01862
0.0186155
0.0186114
0.0186075
0.018604
0.0186008
0.018598
0.0185955
0.0185936
0.0185921
0.0185908
0.0185901
0.0185898
0.0185901
0.0185907
0.0185919
0.0185935
0.0185955
0.018598
0.018601
0.0186044
0.0186085
0.018613
0.0186178
0.0186231
0.018629
0.0186352
0.018642
0.0186492
0.0186567
0.0186647
0.0186731
0.0186818
0.018691
0.0187004
0.0187102
0.0187203
0.0187306
0.0187413
0.0187522
0.0187634
0.0187749
0.0187865
0.0187984
0.0188104
0.0188226
0.0188349
0.0188473
0.0188598
0.0188723
0.0188849
0.0188976
0.0189102
0.0189229
0.0189355
0.0189481
0.0189605
0.018973
0.0189852
0.0189974
0.0190095
0.0190215
0.0190334
0.0190448
0.0190562
0.0190673
0.0190782
0.019089
0.0190995
0.0191098
0.0191198
0.0191294
0.0191388
0.0191479
0.0191567
0.0191653
0.0191736
0.0191816
0.0191892
0.0191966
0.0192039
0.0192107
0.0192173
0.0192237
0.0192298
0.0192356
0.0192412
0.0192466
0.0192517
0.0192567
0.0192615
0.0192661
0.0192706
0.0192748
0.0192789
0.0192829
0.0192867
0.0192904
0.0192941
0.0192977
0.0193012
0.0193046
0.019308
0.0193112
0.0193145
0.0193176
0.0193207
0.0193237
0.0193268
0.0193299
0.0193331
0.0193361
0.0193392
0.0193422
0.0193452
0.0193483
0.0193512
0.0193542
0.0193571
0.0193602
0.019363
0.019366
0.0193688
0.0193716
0.0193744
0.0193772
0.0193798
0.0193825
0.0193851
0.0193877
0.0193901
0.0193925
0.0193949
0.0193972
0.0193994
0.0194014
0.0194034
0.0194052
0.0194069
0.0194085
0.0194098
0.0194112
0.0194124
0.0194133
0.0194142
0.0194149
0.0194154
0.0194158
0.019416
0.019416
0.019416
0.0194157
0.0194153
0.0194146
0.0194138
0.0194128
0.0194117
0.0194104
0.019409
0.0194074
0.0194056
0.0194038
0.0194018
0.0193997
0.0193976
0.0193951
0.0193926
0.01939
0.0193872
0.0193843
0.0193814
0.0193784
0.0193754
0.0193723
0.0193689
0.0193657
0.0193623
0.0193588
0.0193553
0.0193517
0.019348
0.0193444
0.0193406
0.0193369
0.0193331
0.0193293
0.0193254
0.0193214
0.0193173
0.0193132
0.019309
0.0193048
0.0193005
0.0192961
0.0192917
0.0192873
0.0192827
0.0192781
0.0192734
0.0192686
0.0192637
0.0192587
0.0192535
0.0192482
0.0192428
0.0192373
0.0192316
0.0192258
0.0192199
0.0192138
0.0192076
0.0192013
0.0191947
0.019188
0.0191813
0.0191744
0.0191672
0.01916
0.0191526
0.0191451
0.0191374
0.0191296
0.0191217
0.0191136
0.0191055
0.0190973
0.0190889
0.0190804
0.0190719
0.0190633
0.0190547
0.0190459
0.0190371
0.0190282
0.0190194
0.0190105
0.0190017
0.0189929
0.018984
0.0189752
0.0189665
0.0189577
0.0189491
0.0189406
0.0189322
0.0189239
0.0189159
0.0189078
0.0188999
0.0188922
0.0188847
0.0188774
0.0188704
0.0188635
0.0188568
0.0188505
0.0188445
0.0188387
0.0188332
0.0188279
0.018823
0.0188183
0.0188139
0.0188097
0.018806
0.0188025
0.0187992
0.0187964
0.0187939
0.0187915
0.0187895
0.0187879
0.0187865
0.0187854
0.0187844
0.0187837
0.0187832
0.0187831
0.0187831
0.0187832
0.0187835
0.018784
0.0187848
0.0187855
0.0187863
0.0187874
0.0187885
0.0187896
0.0187908
0.0187921
0.0187933
0.0187946
0.0187959
0.0187973
0.0187987
0.0188
0.0188014
0.0188027
0.018804
0.0188052
0.0188065
0.0188076
0.0188089
0.0188101
0.0188112
0.0188123
0.0188133
0.0188144
0.0188154
0.0188164
0.0188175
0.0188184
0.0188194
0.0188205
0.0188214
0.0188225
0.0188236
0.0188246
0.0188258
0.018827
0.0188283
0.0188298
0.0188311
0.0188327
0.0188342
0.018836
0.0188377
0.0188395
0.0188414
0.0188435
0.0188457
0.0188479
0.0188503
0.0188528
0.0188554
0.0188579
0.0188607
0.0188636
0.0188667
0.0188697
0.0188729
0.0188761
0.0188794
0.0188828
0.0188864
0.01889
0.0188936
0.0188974
0.0189012
0.0189051
0.018909
0.018913
0.018917
0.018921
0.018925
0.018929
0.0189332
0.0189375
0.0189418
0.018946
0.0189504
0.0189549
0.0189593
0.0189639
0.0189684
0.018973
0.0189777
0.0189825
0.0189873
0.0189923
0.0189974
0.0190027
0.0190081
0.0190135
0.019019
0.0190248
0.0190306
0.0190366
0.0190428
0.0190492
0.0190557
0.0190624
0.0190693
0.0190764
0.0190837
0.0190913
0.019099
0.019107
0.0191152
0.0191237
0.0191325
0.0191415
0.0191507
0.0191602
0.0191699
0.0191798
0.0191899
0.0192002
0.0192109
0.0192217
0.0192328
0.0192441
0.0192558
0.0192676
0.0192795
0.0192916
0.019304
0.0193165
0.0193291
0.0193419
0.0193548
0.0193679
0.0193811
0.0193943
0.0194076
0.019421
0.0194346
0.0194481
0.0194617
0.0194753
0.0194889
0.0195026
0.0195162
0.0195297
0.0195432
0.0195568
0.0195701
0.0195835
0.0195967
0.0196098
0.0196229
0.0196358
0.0196486
0.0196612
0.0196737
0.0196861
0.0196984
0.0197106
0.0197226
0.0197344
0.0197461
0.0197576
0.019769
0.0197802
0.0197912
0.0198021
0.0198128
0.0198233
0.0198337
0.0198438
0.0198539
0.0198637
0.0198734
0.019883
0.0198924
0.0199016
0.0199107
0.0199196
0.0199283
0.0199368
0.0199452
0.0199533
0.0199612
0.0199689
0.0199765
0.0199837
0.0199907
0.0199975
0.020004
0.0200102
0.0200162
0.0200219
0.0200273
0.0200324
0.0200372
0.0200417
0.0200457
0.0200495
0.0200529
0.0200558
0.0200586
0.0200609
0.0200627
0.0200642
0.0200654
0.020066
0.0200662
0.0200661
0.0200656
0.0200645
0.020063
0.0200611
0.0200589
0.0200562
0.0200532
0.0200497
0.0200458
0.0200415
0.0200368
0.0200319
0.0200265
0.0200208
0.0200147
0.0200084
0.0200018
0.0199949
0.0199877
0.0199802
0.0199724
0.0199644
0.0199562
0.0199477
0.0199393
0.0199306
0.0199218
0.0199128
0.0199037
0.0198946
0.0198853
0.0198762
0.0198669
0.0198576
0.0198483
0.019839
0.0198299
0.0198207
0.0198116
0.0198026
0.0197938
0.019785
0.0197764
0.0197679
0.0197596
0.0197514
0.0197434
0.0197354
0.0197277
0.0197202
0.019713
0.019706
0.0196991
0.0196924
0.0196859
0.0196796
0.0196735
0.0196676
0.019662
0.0196565
0.0196512
0.0196463
0.0196414
0.0196368
0.0196323
0.0196279
0.0196236
0.0196195
0.0196156
0.0196118
0.0196082
0.0196047
0.0196013
0.0195978
0.0195945
0.0195912
0.019588
0.0195849
0.0195818
0.0195786
0.0195756
0.0195726
0.0195696
0.0195665
0.0195634
0.0195603
0.0195572
0.019554
0.0195506
0.0195471
0.0195437
0.01954
0.0195365
0.0195328
0.0195289
0.0195248
0.0195208
0.0195166
0.0195124
0.0195079
0.0195034
0.0194987
0.019494
0.0194892
0.0194842
0.0194792
0.019474
0.0194686
0.0194631
0.0194576
0.019452
0.0194464
0.0194407
0.0194349
0.0194291
0.0194231
0.0194171
0.0194112
0.0194053
0.0193993
0.0193934
0.0193874
0.0193814
0.0193755
0.0193696
0.0193639
0.0193581
0.0193524
0.0193466
0.0193411
0.0193357
0.0193303
0.0193251
0.0193199
0.0193149
0.0193101
0.0193053
0.0193005
0.019296
0.0192916
0.0192873
0.0192832
0.0192792
0.0192754
0.0192717
0.0192681
0.0192647
0.0192614
0.0192583
0.0192552
0.0192522
0.0192494
0.0192467
0.0192441
0.0192417
0.0192393
0.0192369
0.0192345
0.0192322
0.0192301
0.019228
0.0192259
0.0192237
0.0192216
0.0192193
0.0192171
0.0192148
0.0192125
0.0192101
0.0192076
0.0192049
0.0192022
0.0191994
0.0191963
0.0191933
0.0191901
0.0191868
0.0191833
0.0191797
0.0191758
0.0191718
0.0191675
0.0191632
0.0191587
0.0191541
0.0191493
0.0191443
0.0191392
0.019134
0.0191287
0.0191231
0.0191175
0.0191117
0.0191059
0.0190999
0.0190939
0.0190878
0.0190816
0.0190755
0.0190694
0.0190634
0.0190574
0.0190515
0.0190457
0.0190399
0.0190342
0.0190287
0.0190233
0.019018
0.0190131
0.0190082
0.0190036
0.0189993
0.0189952
0.0189914
0.0189879
0.0189846
0.0189817
0.0189791
0.0189768
0.0189749
0.0189733
0.0189721
0.0189713
0.0189708
0.0189708
0.0189712
0.0189718
0.0189729
0.0189744
0.0189762
0.0189785
0.0189812
0.0189842
0.0189876
0.0189915
0.0189958
0.0190004
0.0190054
0.0190107
0.0190165
0.0190226
0.019029
0.0190358
0.0190429
0.0190503
0.019058
0.019066
0.0190742
0.0190828
0.0190916
0.0191006
0.0191099
0.0191193
0.019129
0.0191388
0.0191489
0.0191592
0.0191695
0.01918
0.0191907
0.0192015
0.0192125
0.0192234
0.0192344
0.0192454
0.0192565
0.0192676
0.0192787
0.0192899
0.0193009
0.0193119
0.0193228
0.0193336
0.0193445
0.019355
0.0193655
0.0193757
0.0193858
0.0193957
0.0194053
0.0194146
0.0194238
0.0194327
0.0194413
0.0194495
0.0194575
0.019465
0.0194722
0.0194789
0.0194852
0.0194911
0.0194966
0.0195017
0.0195063
0.0195103
0.0195139
0.019517
0.0195196
0.0195216
0.0195231
0.019524
0.0195245
0.0195242
0.0195235
0.0195222
0.0195204
0.019518
0.0195152
0.0195117
0.0195077
0.0195034
0.0194985
0.0194931
0.0194873
0.0194809
0.0194742
0.019467
0.0194595
0.0194515
0.0194433
0.0194346
0.0194258
0.0194166
0.0194071
0.0193975
0.0193876
0.0193776
0.0193675
0.0193573
0.019347
0.0193366
0.0193261
0.0193157
0.0193053
0.0192949
0.0192846
0.0192744
0.0192644
0.0192545
0.0192447
0.0192349
0.0192254
0.0192161
0.0192069
0.0191979
0.0191893
0.0191808
0.0191726
0.0191647
0.0191569
0.0191496
0.0191425
0.0191357
0.0191292
0.0191229
0.019117
0.0191112
0.0191057
0.0191007
0.0190957
0.0190912
0.019087
0.0190831
0.0190793
0.0190759
0.0190728
0.0190699
0.0190673
0.0190649
0.0190628
0.0190609
0.0190593
0.019058
0.0190569
0.0190561
0.0190555
0.019055
0.0190547
0.0190545
0.0190547
0.019055
0.0190553
0.0190559
0.0190566
0.0190576
0.0190586
0.0190596
0.0190609
0.0190624
0.019064
0.0190657
0.0190675
0.0190693
0.0190712
0.0190732
0.0190754
0.0190776
0.0190799
0.0190823
0.0190848
0.0190873
0.01909
0.0190928
0.0190957
0.0190987
0.0191019
0.019105
0.0191084
0.0191118
0.0191152
0.0191189
0.0191226
0.0191264
0.0191304
0.0191345
0.0191388
0.0191432
0.0191477
0.0191524
0.0191572
0.0191621
0.0191671
0.0191722
0.0191776
0.019183
0.0191885
0.0191943
0.0192001
0.0192061
0.0192122
0.0192183
0.0192246
0.019231
0.0192374
0.0192438
0.0192505
0.0192572
0.0192639
0.0192706
0.0192773
0.019284
0.0192906
0.0192973
0.0193039
0.0193105
0.0193168
0.0193232
0.0193294
0.0193355
0.0193413
0.019347
0.0193526
0.0193579
0.019363
0.0193679
0.0193726
0.019377
0.0193812
0.0193851
0.0193887
0.019392
0.0193949
0.0193975
0.0193998
0.0194018
0.0194034
0.0194047
0.0194057
0.0194065
0.0194068
0.0194068
0.0194065
0.0194058
0.0194049
0.0194035
0.019402
0.0194002
0.0193981
0.0193957
0.0193931
0.0193902
0.019387
0.0193836
0.01938
0.0193763
0.0193724
0.0193683
0.0193642
0.01936
0.0193556
0.0193512
0.0193466
0.019342
0.0193373
0.0193326
0.0193279
0.0193232
0.0193186
0.019314
0.0193094
0.0193049
0.0193005
0.0192962
0.0192919
0.0192878
0.0192838
0.0192799
0.0192761
0.0192724
0.0192689
0.0192656
0.0192625
0.0192595
0.0192567
0.0192541
0.0192516
0.0192492
0.0192471
0.0192452
0.0192434
0.0192418
0.0192403
0.019239
0.0192378
0.0192368
0.0192359
0.0192351
0.0192344
0.0192338
0.0192333
0.0192329
0.0192324
0.0192321
0.0192319
0.0192317
0.0192315
0.0192312
0.0192309
0.0192306
0.0192302
0.0192297
0.019229
0.0192284
0.0192276
0.0192268
0.0192257
0.0192244
0.019223
0.0192214
0.0192195
0.0192176
0.0192154
0.0192131
0.0192104
0.0192077
0.0192048
0.0192017
0.0191984
0.0191949
0.0191913
0.0191875
0.0191834
0.0191792
0.0191749
0.0191705
0.0191659
0.0191614
0.0191567
0.019152
0.0191472
0.0191426
0.0191378
0.019133
0.0191283
0.0191236
0.0191191
0.0191146
0.0191103
0.019106
0.0191019
0.019098
0.0190943
0.0190907
0.0190873
0.019084
0.0190811
0.0190783
0.0190758
0.0190733
0.0190713
0.0190694
0.0190679
0.0190665
0.0190654
0.0190646
0.0190641
0.0190638
0.0190638
0.019064
0.0190645
0.0190653
0.0190663
0.0190675
0.019069
0.0190707
0.0190726
0.0190747
0.0190771
0.0190798
0.0190826
0.0190857
0.0190888
0.0190922
0.0190957
0.0190994
0.0191032
0.0191072
0.0191113
0.0191155
0.0191198
0.0191242
0.0191288
0.0191334
0.0191381
0.019143
0.019148
0.019153
0.0191581
0.0191633
0.0191685
0.0191739
0.0191792
0.0191846
0.01919
0.0191954
0.0192008
0.0192064
0.0192119
0.0192175
0.0192231
0.0192287
0.0192344
0.01924
0.0192458
0.0192516
0.0192574
0.0192632
0.019269
0.0192748
0.0192807
0.0192866
0.0192926
0.0192987
0.0193047
0.0193107
0.0193168
0.0193229
0.0193292
0.0193354
0.0193416
0.0193479
0.0193542
0.0193605
0.0193668
0.0193732
0.0193797
0.0193861
0.0193925
0.0193989
0.0194053
0.0194117
0.0194181
0.0194243
0.0194304
0.0194367
0.0194428
0.0194488
0.0194546
0.0194604
0.019466
0.0194714
0.0194767
0.0194818
0.0194866
0.0194912
0.0194955
0.0194996
0.0195034
0.0195068
0.01951
0.0195129
0.0195155
0.0195176
0.0195194
0.0195209
0.019522
0.0195227
0.0195231
0.0195228
0.0195223
0.0195213
0.0195199
0.0195182
0.0195161
0.0195135
0.0195105
0.0195072
0.0195035
0.0194995
0.019495
0.0194902
0.019485
0.0194796
0.0194739
0.019468
0.0194618
0.0194553
0.0194485
0.0194415
0.0194344
0.019427
0.0194195
0.0194118
0.019404
0.0193961
0.019388
0.0193799
0.0193717
0.0193634
0.019355
0.0193465
0.019338
0.0193294
0.0193208
0.0193122
0.0193037
0.0192951
0.0192864
0.0192778
0.0192692
0.0192605
0.0192518
0.0192432
0.0192345
0.0192258
0.019217
0.0192082
0.0191993
0.0191904
0.0191814
0.0191724
0.0191633
0.0191542
0.0191451
0.0191357
0.0191263
0.0191168
0.0191071
0.0190974
0.0190875
0.0190774
0.0190673
0.019057
0.0190467
0.0190362
0.0190256
0.019015
0.0190041
0.0189932
0.0189821
0.0189709
0.0189597
0.0189483
0.018937
0.0189256
0.0189142
0.0189027
0.0188912
0.0188796
0.018868
0.0188564
0.0188449
0.0188334
0.018822
0.0188108
0.0187995
0.0187884
0.0187774
0.0187665
0.0187559
0.0187455
0.0187351
0.018725
0.0187151
0.0187055
0.0186962
0.0186871
0.0186784
0.0186698
0.0186617
0.0186538
0.0186462
0.0186391
0.0186322
0.0186259
0.0186199
0.0186142
0.0186089
0.0186041
0.0185998
0.0185958
0.0185922
0.018589
0.0185863
0.018584
0.0185822
0.0185809
0.01858
0.0185795
0.0185796
0.0185801
0.018581
0.0185823
0.0185842
0.0185864
0.018589
0.0185921
0.0185956
0.0185995
0.0186038
0.0186084
0.0186134
0.0186186
0.0186241
0.0186301
0.0186363
0.0186428
0.0186495
0.0186565
0.0186637
0.0186711
0.0186788
0.0186865
0.0186944
0.0187025
0.0187106
0.0187188
0.0187271
0.0187355
0.0187438
0.0187522
0.0187606
0.018769
0.0187773
0.0187856
0.0187937
0.0188019
0.0188099
0.0188179
0.0188257
0.0188335
0.0188411
0.0188486
0.0188559
0.018863
0.0188699
0.0188766
0.0188832
0.0188896
0.0188958
0.0189017
0.0189075
0.0189131
0.0189186
0.0189237
0.0189287
0.0189335
0.0189382
0.0189427
0.018947
0.0189511
0.0189552
0.018959
0.0189627
0.0189663
0.0189697
0.0189731
0.0189763
0.0189794
0.0189826
0.0189856
0.0189885
0.0189915
0.0189945
0.0189973
0.0190003
0.0190033
0.0190064
0.0190094
0.0190125
0.0190156
0.0190189
0.0190222
0.0190257
0.0190293
0.0190329
0.0190366
0.0190404
0.0190443
0.0190483
0.0190524
0.0190567
0.0190609
0.0190654
0.0190698
0.0190745
0.0190792
0.019084
0.0190889
0.0190939
0.0190989
0.0191039
0.0191091
0.0191141
0.0191193
0.0191244
0.0191295
0.0191348
0.0191399
0.0191451
0.0191501
0.0191551
0.01916
0.0191649
0.0191696
0.0191744
0.0191788
0.0191831
0.0191874
0.0191915
0.0191954
0.0191991
0.0192026
0.0192059
0.019209
0.019212
0.0192146
0.019217
0.0192191
0.019221
0.0192228
0.0192242
0.0192254
0.0192263
0.0192268
0.0192271
0.0192272
0.0192268
0.0192262
0.0192254
0.0192243
0.0192228
0.0192211
0.0192192
0.019217
0.0192146
0.0192118
0.0192089
0.0192057
0.0192022
0.0191986
0.0191948
0.0191907
0.0191865
0.0191821
0.0191776
0.0191729
0.0191681
0.0191631
0.019158
0.0191529
0.0191477
0.0191424
0.0191371
0.0191318
0.0191264
0.0191211
0.0191157
0.0191103
0.0191049
0.0190996
0.0190943
0.0190891
0.019084
0.0190789
0.0190739
0.019069
0.0190642
0.0190595
0.0190549
0.0190505
0.0190463
0.0190422
0.0190382
0.0190344
0.0190306
0.0190271
0.0190237
0.0190205
0.0190174
0.0190145
0.0190118
0.0190094
0.0190071
0.0190049
0.0190029
0.0190011
0.0189995
0.0189982
0.0189969
0.0189959
0.0189951
0.0189945
0.018994
0.0189937
0.0189936
0.0189937
0.0189939
0.0189943
0.0189949
0.0189956
0.0189965
0.0189976
0.0189988
0.0190003
0.0190018
0.0190035
0.0190053
0.0190073
0.0190093
0.0190114
0.0190136
0.0190159
0.0190184
0.019021
0.0190237
0.0190263
0.019029
0.0190317
0.0190345
0.0190373
0.0190399
0.0190427
0.0190454
0.0190482
0.0190509
0.0190536
0.0190562
0.0190587
0.0190613
0.0190637
0.0190661
0.0190685
0.0190708
0.019073
0.0190752
0.0190773
0.0190793
0.0190812
0.019083
0.0190848
0.0190864
0.0190879
0.0190895
0.019091
0.0190925
0.0190939
0.0190953
0.0190966
0.019098
0.0190993
0.0191007
0.019102
0.0191034
0.0191048
0.0191062
0.0191076
0.0191091
0.0191108
0.0191124
0.0191143
0.0191162
0.0191183
0.0191204
0.0191225
0.0191248
0.0191272
0.0191299
0.0191328
0.0191357
0.0191387
0.0191421
0.0191456
0.0191492
0.0191531
0.0191571
0.0191612
0.0191655
0.0191699
0.0191744
0.0191791
0.0191839
0.0191888
0.0191939
0.019199
0.0192043
0.0192096
0.019215
0.0192205
0.019226
0.0192316
0.0192372
0.0192428
0.0192485
0.019254
0.0192596
0.019265
0.0192704
0.0192757
0.0192807
0.0192857
0.0192907
0.0192955
0.0193
0.0193045
0.0193087
0.0193126
0.0193165
0.0193202
0.0193237
0.0193268
0.0193298
0.0193325
0.0193349
0.0193373
0.0193393
0.0193411
0.0193427
0.019344
0.019345
0.0193458
0.0193464
0.0193467
0.0193469
0.0193468
0.0193465
0.0193461
0.0193453
0.0193444
0.0193433
0.0193421
0.0193406
0.0193392
0.0193375
0.0193357
0.0193339
0.0193319
0.0193297
0.0193275
0.0193252
0.0193227
0.0193203
0.0193178
0.0193153
0.0193127
0.0193101
0.0193075
0.0193049
0.0193022
0.0192995
0.0192968
0.0192941
0.0192916
0.019289
0.0192863
0.0192838
0.0192812
0.0192787
0.019276
0.0192736
0.0192712
0.0192687
0.0192663
0.0192638
0.0192614
0.0192589
0.0192566
0.0192542
0.0192518
0.0192493
0.0192469
0.0192444
0.0192422
0.0192398
0.0192375
0.0192352
0.0192329
0.0192305
0.0192282
0.0192259
0.0192237
0.0192214
0.0192192
0.019217
0.0192146
0.0192125
0.0192103
0.0192081
0.019206
0.0192039
0.019202
0.0192001
0.0191983
0.0191965
0.0191948
0.0191931
0.0191915
0.0191899
0.0191884
0.019187
0.0191856
0.0191843
0.0191832
0.0191821
0.019181
0.01918
0.0191791
0.0191782
0.0191773
0.0191764
0.0191755
0.0191747
0.0191739
0.0191731
0.0191724
0.0191716
0.0191708
0.0191701
0.0191693
0.0191686
0.0191678
0.019167
0.0191662
0.0191653
0.0191644
0.0191634
0.0191624
0.0191613
0.0191601
0.019159
0.0191578
0.0191567
0.0191554
0.0191541
0.0191529
0.0191515
0.0191501
0.0191487
0.0191472
0.0191457
0.0191442
0.0191426
0.0191409
0.0191392
0.0191375
0.0191358
0.019134
0.0191322
0.0191304
0.0191286
0.0191267
0.0191248
0.0191228
0.0191207
0.0191188
0.0191167
0.0191146
0.0191124
0.0191103
0.0191081
0.0191059
0.0191037
0.0191015
0.0190992
0.019097
0.0190947
0.0190922
0.0190899
0.0190876
0.0190852
0.0190829
0.0190806
0.0190783
0.019076
0.0190738
0.0190717
0.0190696
0.0190676
0.0190657
0.0190638
0.019062
0.0190603
0.0190587
0.0190573
0.019056
0.0190548
0.0190538
0.0190529
0.0190522
0.0190516
0.0190513
0.0190511
0.0190511
0.0190513
0.0190518
0.0190524
0.0190532
0.0190542
0.0190554
0.0190569
0.0190585
0.0190604
0.0190626
0.0190649
0.0190674
0.0190701
0.0190731
0.0190762
0.0190795
0.019083
0.0190868
0.0190907
0.0190949
0.0190992
0.0191036
0.0191083
0.0191131
0.0191181
0.0191232
0.0191285
0.0191339
0.0191394
0.0191449
0.0191506
0.0191563
0.0191621
0.0191679
0.0191738
0.0191798
0.0191858
0.0191918
0.0191979
0.0192039
0.01921
0.019216
0.019222
0.019228
0.0192339
0.0192398
0.0192457
0.0192516
0.0192574
0.0192632
0.0192689
0.0192746
0.0192802
0.0192857
0.0192911
0.0192964
0.0193018
0.0193069
0.0193121
0.0193172
0.0193221
0.019327
0.0193317
0.0193363
0.0193409
0.0193452
0.0193495
0.0193536
0.0193576
0.0193615
0.0193653
0.0193689
0.0193723
0.0193755
0.0193786
0.0193815
0.019384
0.0193864
0.0193887
0.0193905
0.0193922
0.0193936
0.0193947
0.0193955
0.019396
0.0193963
0.0193963
0.0193959
0.0193953
0.0193944
0.0193932
0.0193915
0.0193895
0.0193874
0.0193848
0.0193821
0.0193791
0.0193758
0.0193722
0.0193683
0.0193641
0.0193597
0.0193552
0.0193505
0.0193455
0.0193402
0.0193348
0.0193293
0.0193237
0.019318
0.0193121
0.0193062
0.0193002
0.0192943
0.0192884
0.0192825
0.0192767
0.0192709
0.0192651
0.0192594
0.0192538
0.0192485
0.0192431
0.0192379
0.019233
0.0192283
0.0192238
0.0192195
0.0192153
0.0192114
0.0192078
0.0192045
0.0192014
0.0191986
0.019196
0.0191938
0.0191917
0.0191901
0.0191887
0.0191875
0.0191867
0.0191861
0.0191858
0.0191859
0.0191862
0.0191868
0.0191875
0.0191886
0.0191898
0.0191912
0.0191928
0.0191945
0.0191966
0.0191988
0.0192011
0.0192035
0.0192062
0.0192088
0.0192117
0.0192147
0.0192177
0.0192207
0.0192237
0.0192268
0.01923
0.0192332
0.0192364
0.0192395
0.0192426
0.0192457
0.0192488
0.0192518
0.0192548
0.0192576
0.0192605
0.0192631
0.0192657
0.0192682
0.0192706
0.0192729
0.0192751
0.0192773
0.0192792
0.0192809
0.0192825
0.019284
0.0192856
0.0192869
0.0192881
0.0192891
0.01929
0.0192908
0.0192915
0.019292
0.0192924
0.0192926
0.0192928
0.019293
0.019293
0.0192929
0.0192928
0.0192926
0.0192922
0.0192917
0.0192911
0.0192904
0.0192896
0.0192887
0.0192878
0.0192869
0.0192858
0.0192847
0.0192833
0.019282
0.0192805
0.019279
0.0192775
0.0192759
0.0192742
0.0192725
0.0192707
0.0192689
0.019267
0.0192651
0.0192632
0.0192613
0.0192593
0.0192573
0.0192552
0.0192533
0.0192513
0.0192493
0.0192474
0.0192456
0.0192438
0.0192421
0.0192405
0.019239
0.0192376
0.0192363
0.0192351
0.019234
0.019233
0.0192323
0.0192317
0.0192313
0.019231
0.0192309
0.0192309
0.0192313
0.0192318
0.0192325
0.0192334
0.0192345
0.0192359
0.0192374
0.019239
0.019241
0.0192432
0.0192455
0.0192481
0.0192508
0.0192538
0.0192569
0.0192603
0.0192638
0.0192675
0.0192715
0.0192756
0.0192799
0.0192843
0.0192889
0.0192937
0.0192986
0.0193035
0.0193085
0.0193138
0.0193191
0.0193246
0.0193301
0.0193358
0.0193416
0.0193472
0.0193531
0.0193591
0.0193651
0.0193711
0.0193773
0.0193834
0.0193895
0.0193957
0.0194018
0.019408
0.0194141
0.0194203
0.0194264
0.0194325
0.0194384
0.0194443
0.0194501
0.0194558
0.0194615
0.0194672
0.0194725
0.0194778
0.0194831
0.0194881
0.0194931
0.0194978
0.0195024
0.0195068
0.019511
0.019515
0.0195187
0.0195222
0.0195255
0.0195287
0.0195316
0.0195342
0.0195366
0.0195387
0.0195407
0.0195422
0.0195437
0.0195449
0.0195459
0.0195466
0.019547
0.0195472
0.0195471
0.0195469
0.0195464
0.0195458
0.0195449
0.0195438
0.0195425
0.0195409
0.0195393
0.0195375
0.0195354
0.0195331
0.0195308
0.0195283
0.0195257
0.0195229
0.01952
0.0195169
0.0195139
0.0195107
0.0195075
0.0195043
0.0195009
0.0194975
0.019494
0.0194906
0.019487
0.0194836
0.0194801
0.0194766
0.0194732
0.0194698
0.0194664
0.019463
0.0194596
0.0194564
0.0194532
0.01945
0.019447
0.0194439
0.0194409
0.0194381
0.0194354
0.0194326
0.01943
0.0194274
0.0194249
0.0194225
0.0194201
0.0194178
0.0194156
0.0194135
0.0194115
0.0194094
0.0194074
0.0194056
0.0194038
0.019402
0.0194004
0.0193986
0.0193969
0.0193952
0.0193936
0.0193921
0.0193905
0.019389
0.0193875
0.019386
0.0193846
0.0193833
0.0193819
0.0193806
0.0193792
0.0193779
0.0193766
0.0193752
0.0193739
0.0193725
0.019371
0.0193696
0.0193682
0.0193667
0.0193651
0.0193635
0.0193619
0.0193602
0.0193585
0.0193566
0.0193549
0.0193529
0.019351
0.0193489
0.0193468
0.0193447
0.0193424
0.0193401
0.0193377
0.0193353
0.0193328
0.0193302
0.0193276
0.0193248
0.0193219
0.0193191
0.0193161
0.0193131
0.01931
0.0193069
0.0193037
0.0193004
0.0192971
0.0192937
0.0192901
0.0192867
0.0192831
0.0192795
0.0192758
0.0192722
0.0192686
0.0192649
0.0192612
0.0192576
0.0192539
0.0192502
0.0192465
0.0192428
0.0192391
0.0192354
0.0192319
0.0192283
0.0192248
0.0192213
0.0192179
0.0192145
0.0192113
0.0192081
0.0192051
0.0192023
0.0191996
0.019197
0.0191946
0.0191922
0.0191901
0.0191881
0.0191865
0.019185
0.0191837
0.0191826
0.0191817
0.019181
0.0191807
0.0191806
0.0191808
0.0191814
0.0191822
0.0191833
0.0191848
0.0191866
0.0191888
0.0191914
0.0191942
0.0191974
0.019201
0.0192049
0.0192092
0.0192138
0.0192188
0.0192241
0.0192299
0.0192361
0.0192425
0.0192494
0.0192566
0.0192641
0.0192719
0.0192801
0.0192885
0.0192972
0.0193062
0.0193155
0.019325
0.0193348
0.0193447
0.019355
0.0193655
0.0193761
0.0193869
0.0193978
0.0194088
0.0194199
0.0194311
0.0194422
0.0194535
0.0194647
0.0194761
0.0194874
0.0194986
0.0195098
0.0195207
0.0195317
0.0195424
0.019553
0.0195635
0.0195738
0.0195838
0.0195936
0.0196032
0.0196125
0.0196215
0.0196302
0.0196385
0.0196466
0.0196542
0.0196615
0.0196685
0.0196751
0.0196814
0.0196872
0.0196927
0.0196977
0.0197023
0.0197065
0.0197104
0.0197138
0.0197168
0.0197196
0.0197219
0.0197237
0.0197253
0.0197263
0.0197271
0.0197274
0.0197275
0.0197272
0.0197267
0.0197258
0.0197246
0.0197231
0.0197212
0.0197192
0.0197169
0.0197143
0.0197115
0.0197085
0.0197053
0.0197019
0.0196983
0.0196945
0.0196906
0.0196866
0.0196824
0.0196781
0.0196737
0.0196692
0.0196645
0.0196598
0.019655
0.0196502
0.0196452
0.0196402
0.0196352
0.0196301
0.019625
0.0196199
0.0196148
0.0196097
0.0196045
0.0195994
0.0195943
0.0195891
0.019584
0.0195788
0.0195736
0.0195684
0.0195633
0.0195581
0.0195529
0.0195478
0.0195427
0.0195375
0.0195325
0.0195274
0.0195222
0.019517
0.0195119
0.0195069
0.0195017
0.0194965
0.0194913
0.0194861
0.0194809
0.0194757
0.0194705
0.0194653
0.0194599
0.0194547
0.0194494
0.0194441
0.0194387
0.0194332
0.0194278
0.0194223
0.0194168
0.0194112
0.0194056
0.0194
0.0193943
0.0193886
0.0193829
0.0193772
0.0193714
0.0193654
0.0193595
0.0193535
0.0193475
0.0193414
0.0193352
0.0193291
0.0193229
0.0193167
0.0193105
0.0193041
0.0192977
0.0192913
0.0192849
0.0192784
0.0192719
0.0192652
0.0192587
0.0192521
0.0192455
0.0192389
0.0192323
0.0192256
0.0192189
0.0192122
0.0192056
0.019199
0.0191923
0.0191856
0.019179
0.0191724
0.0191659
0.0191594
0.0191529
0.0191465
0.0191401
0.0191339
0.0191277
0.0191215
0.0191155
0.0191096
0.0191037
0.019098
0.0190925
0.0190871
0.0190817
0.0190765
0.0190713
0.0190663
0.0190615
0.0190569
0.0190523
0.0190481
0.019044
0.01904
0.0190363
0.0190327
0.0190293
0.0190262
0.0190232
0.0190206
0.0190182
0.019016
0.019014
0.0190122
0.0190107
0.0190094
0.0190082
0.0190074
0.0190068
0.0190063
0.0190062
0.0190062
0.0190064
0.019007
0.0190077
0.0190087
0.0190098
0.0190112
0.0190128
0.0190147
0.0190167
0.019019
0.0190214
0.0190241
0.019027
0.01903
0.0190332
0.0190366
0.0190401
0.0190437
0.0190477
0.0190518
0.0190559
0.0190603
0.0190646
0.0190691
0.0190738
0.0190785
0.0190833
0.0190881
0.019093
0.0190979
0.0191028
0.0191078
0.0191128
0.0191178
0.0191229
0.0191278
0.0191327
0.0191377
0.0191426
0.0191474
0.0191521
0.0191569
0.0191615
0.019166
0.0191704
0.0191746
0.0191788
0.0191828
0.0191866
0.0191903
0.019194
0.0191974
0.0192007
0.0192039
0.0192068
0.0192096
0.0192121
0.0192145
0.0192166
0.0192186
0.0192205
0.0192219
0.0192232
0.0192243
0.0192251
0.0192257
0.019226
0.0192261
0.0192261
0.0192259
0.0192253
0.0192245
0.0192234
0.019222
0.0192204
0.0192186
0.0192164
0.0192142
0.0192116
0.019209
0.0192059
0.0192027
0.0191992
0.0191955
0.0191916
0.0191876
0.0191833
0.0191787
0.019174
0.019169
0.0191639
0.0191586
0.0191532
0.0191476
0.0191418
0.019136
0.01913
0.0191239
0.0191177
0.0191115
0.0191052
0.0190988
0.0190924
0.019086
0.0190795
0.0190732
0.0190667
0.0190603
0.0190541
0.0190478
0.0190416
0.0190355
0.0190295
0.0190236
0.0190178
0.0190121
0.0190065
0.0190011
0.0189959
0.0189908
0.0189858
0.018981
0.0189763
0.018972
0.0189677
0.0189636
0.0189597
0.018956
0.0189525
0.0189493
0.0189462
0.0189433
0.0189407
0.0189383
0.018936
0.018934
0.018932
0.0189305
0.0189291
0.0189279
0.0189269
0.0189261
0.0189256
0.0189255
0.0189254
0.0189256
0.018926
0.0189267
0.0189277
0.018929
0.0189304
0.0189321
0.0189341
0.0189363
0.0189387
0.0189413
0.0189442
0.0189474
0.0189508
0.0189544
0.0189581
0.018962
0.0189661
0.0189704
0.018975
0.0189796
0.0189844
0.0189893
0.0189944
0.0189996
0.0190049
0.0190102
0.0190157
0.0190212
0.0190268
0.0190324
0.0190381
0.0190438
0.0190496
0.0190555
0.0190613
0.0190671
0.0190729
0.0190788
0.0190846
0.0190904
0.0190963
0.0191022
0.0191081
0.019114
0.0191198
0.0191257
0.0191315
0.0191374
0.0191433
0.0191492
0.0191551
0.019161
0.0191669
0.0191729
0.0191789
0.019185
0.019191
0.0191972
0.0192033
0.0192095
0.0192157
0.0192219
0.0192283
0.0192346
0.019241
0.0192473
0.0192537
0.0192602
0.0192666
0.0192731
0.0192796
0.0192861
0.0192927
0.0192993
0.0193058
0.0193122
0.0193186
0.0193251
0.0193316
0.019338
0.0193444
0.0193507
0.0193569
0.0193632
0.0193694
0.0193754
0.0193814
0.0193874
0.0193932
0.0193989
0.0194046
0.0194102
0.0194157
0.0194209
0.019426
0.0194311
0.0194361
0.0194409
0.0194457
0.0194503
0.0194547
0.019459
0.0194633
0.0194674
0.0194715
0.0194753
0.0194791
0.0194828
0.0194863
0.0194897
0.019493
0.0194962
0.0194993
0.0195022
0.0195051
0.0195079
0.0195106
0.0195133
0.0195157
0.0195181
0.0195204
0.0195226
0.0195247
0.0195267
0.0195287
0.0195305
0.0195321
0.0195337
0.0195353
0.0195367
0.0195381
0.0195394
0.0195406
0.0195416
0.0195427
0.0195435
0.0195443
0.0195449
0.0195455
0.0195459
0.0195465
0.0195467
0.0195468
0.0195469
0.0195468
0.0195466
0.0195464
0.0195462
0.0195457
0.0195452
0.0195446
0.0195438
0.0195431
0.0195421
0.0195411
0.01954
0.0195387
0.0195375
0.0195362
0.0195349
0.0195335
0.0195321
0.0195306
0.019529
0.0195274
0.0195258
0.0195241
0.0195225
0.0195208
0.019519
0.0195172
0.0195153
0.0195135
0.0195117
0.01951
0.0195083
0.0195066
0.0195049
0.0195031
0.0195014
0.0194998
0.0194982
0.0194966
0.019495
0.0194936
0.0194921
0.0194907
0.0194895
0.0194881
0.0194869
0.0194856
0.0194845
0.0194833
0.0194822
0.0194812
0.0194801
0.0194791
0.0194782
0.0194774
0.0194765
0.0194757
0.019475
0.0194743
0.0194735
0.0194728
0.0194722
0.0194714
0.0194708
0.0194702
0.0194695
0.0194689
0.0194681
0.0194675
0.0194667
0.019466
0.0194652
0.0194643
0.0194634
0.0194624
0.0194613
0.0194602
0.019459
0.0194577
0.0194564
0.0194549
0.0194532
0.0194515
0.0194496
0.0194477
0.0194457
0.0194435
0.0194412
0.0194387
0.0194361
0.0194334
0.0194306
0.0194275
0.0194245
0.0194213
0.019418
0.0194146
0.0194112
0.0194076
0.0194039
0.0194002
0.0193964
0.0193925
0.0193887
0.0193848
0.0193808
0.0193768
0.0193728
0.0193686
0.0193646
0.0193605
0.0193566
0.0193526
0.0193486
0.0193447
0.0193409
0.0193371
0.0193335
0.0193298
0.0193262
0.0193227
0.0193194
0.0193161
0.019313
0.01931
0.0193071
0.0193043
0.0193017
0.0192993
0.019297
0.0192948
0.0192928
0.0192909
0.0192892
0.0192877
0.0192864
0.0192851
0.019284
0.0192831
0.0192823
0.0192819
0.0192814
0.0192811
0.019281
0.0192809
0.0192812
0.0192814
0.0192819
0.0192824
0.0192831
0.0192839
0.0192848
0.0192857
0.0192866
0.0192876
0.0192886
0.0192898
0.0192909
0.019292
0.0192932
0.0192944
0.0192955
0.0192967
0.0192977
0.0192987
0.0192996
0.0193006
0.0193013
0.0193021
0.0193026
0.019303
0.0193033
0.0193035
0.0193035
0.0193032
0.0193029
0.0193024
0.0193019
0.0193012
0.0193001
0.019299
0.0192977
0.0192964
0.0192948
0.019293
0.0192911
0.0192891
0.0192869
0.0192845
0.0192821
0.0192794
0.0192766
0.0192738
0.0192709
0.0192678
0.0192647
0.0192615
0.0192584
0.0192551
0.0192518
0.0192484
0.0192452
0.0192419
0.0192385
0.0192352
0.0192319
0.0192287
0.0192255
0.0192223
0.0192193
0.0192162
0.0192132
0.0192103
0.0192076
0.0192049
0.0192023
0.0191997
0.0191974
0.0191951
0.0191929
0.0191908
0.0191889
0.0191871
0.0191854
0.0191838
0.0191824
0.0191811
0.0191798
0.0191787
0.0191778
0.0191769
0.0191762
0.0191757
0.0191752
0.0191749
0.0191746
0.0191745
0.0191745
0.0191746
0.0191748
0.0191753
0.0191759
0.0191764
0.0191772
0.019178
0.019179
0.0191801
0.0191813
0.0191827
0.0191841
0.0191857
0.0191874
0.0191893
0.0191913
0.0191932
0.0191954
0.0191978
0.0192002
0.0192027
0.0192053
0.0192081
0.019211
0.019214
0.0192172
0.0192205
0.0192239
0.0192275
0.019231
0.0192348
0.0192386
0.0192425
0.0192465
0.0192507
0.0192549
0.0192592
0.0192637
0.019268
0.0192727
0.0192774
0.019282
0.0192868
0.0192915
0.0192962
0.019301
0.0193059
0.0193106
