0.00397488
0.00397514
0.00397595
0.00397731
0.00397923
0.00398169
0.00398469
0.00398824
0.00399234
0.00399701
0.00400224
0.004008
0.00401428
0.00402105
0.00402832
0.00403607
0.0040443
0.00405299
0.00406214
0.00407172
0.00408174
0.00409219
0.00410304
0.0041143
0.00412593
0.00413794
0.00415031
0.00416302
0.00417607
0.00418945
0.00420313
0.0042171
0.00423135
0.00424589
0.00426068
0.00427574
0.004291
0.00430647
0.00432216
0.00433802
0.00435407
0.00437025
0.00438658
0.00440304
0.00441962
0.00443628
0.00445305
0.00446986
0.00448673
0.00450364
0.00452058
0.00453751
0.00455443
0.00457135
0.00458822
0.00460504
0.00462177
0.00463843
0.00465498
0.00467141
0.00468772
0.00470391
0.00471992
0.00473577
0.00475142
0.00476689
0.00478215
0.0047972
0.00481201
0.00482658
0.0048409
0.00485495
0.00486875
0.00488226
0.0048955
0.00490845
0.00492112
0.0049335
0.00494558
0.00495733
0.00496882
0.00497998
0.00499085
0.00500142
0.00501171
0.00502169
0.0050314
0.00504082
0.00504996
0.00505883
0.00506742
0.00507574
0.00508384
0.00509169
0.0050993
0.00510669
0.00511388
0.00512086
0.00512766
0.00513425
0.00514066
0.00514689
0.00515299
0.00515894
0.00516475
0.00517043
0.00517597
0.0051814
0.00518673
0.00519197
0.00519711
0.00520215
0.00520713
0.00521202
0.00521684
0.00522159
0.00522628
0.0052309
0.00523549
0.00524001
0.00524448
0.0052489
0.00525328
0.00525762
0.00526187
0.0052661
0.00527028
0.00527442
0.00527848
0.00528251
0.00528646
0.00529035
0.00529421
0.005298
0.00530171
0.00530538
0.00530896
0.00531248
0.00531592
0.00531928
0.00532257
0.00532578
0.00532892
0.00533196
0.00533491
0.0053378
0.0053406
0.00534331
0.00534593
0.00534848
0.00535092
0.00535327
0.00535554
0.00535773
0.00535983
0.00536186
0.00536381
0.00536568
0.00536749
0.00536923
0.00537089
0.00537249
0.00537402
0.00537549
0.00537694
0.00537832
0.00537968
0.00538097
0.00538222
0.00538344
0.00538463
0.0053858
0.00538694
0.00538805
0.00538917
0.00539028
0.00539139
0.00539248
0.00539359
0.0053947
0.00539582
0.00539697
0.00539813
0.00539929
0.00540049
0.00540174
0.00540301
0.00540429
0.00540563
0.00540698
0.00540837
0.00540981
0.00541128
0.0054128
0.00541435
0.00541596
0.00541761
0.00541931
0.00542104
0.00542282
0.00542462
0.00542647
0.00542836
0.00543029
0.00543226
0.00543425
0.00543628
0.00543832
0.0054404
0.00544249
0.00544458
0.00544673
0.00544888
0.00545103
0.00545318
0.00545535
0.00545751
0.00545966
0.00546181
0.00546395
0.00546608
0.00546818
0.00547025
0.00547229
0.00547433
0.00547632
0.00547829
0.00548019
0.00548208
0.00548392
0.00548572
0.00548747
0.00548916
0.0054908
0.00549237
0.0054939
0.00549536
0.00549677
0.0054981
0.00549938
0.00550058
0.00550172
0.00550281
0.00550381
0.00550476
0.00550564
0.00550644
0.00550715
0.00550781
0.0055084
0.00550891
0.00550938
0.00550976
0.00551006
0.00551032
0.0055105
0.00551063
0.00551068
0.00551069
0.00551065
0.00551054
0.00551036
0.00551015
0.00550988
0.00550956
0.0055092
0.00550877
0.00550833
0.00550786
0.00550735
0.0055068
0.00550623
0.00550563
0.005505
0.00550437
0.00550372
0.00550305
0.00550236
0.00550168
0.00550097
0.00550028
0.00549957
0.00549888
0.00549818
0.00549748
0.00549681
0.00549614
0.00549547
0.0054948
0.00549415
0.00549351
0.00549289
0.00549227
0.00549168
0.0054911
0.00549053
0.00548998
0.00548944
0.00548893
0.00548843
0.00548796
0.00548749
0.00548704
0.00548661
0.00548618
0.00548577
0.00548537
0.005485
0.00548464
0.00548431
0.00548397
0.00548367
0.00548338
0.00548313
0.00548288
0.00548266
0.00548247
0.0054823
0.00548214
0.00548203
0.00548191
0.00548184
0.00548181
0.0054818
0.00548182
0.00548187
0.00548199
0.0054821
0.00548226
0.00548246
0.0054827
0.00548296
0.00548326
0.0054836
0.00548397
0.00548438
0.00548482
0.00548528
0.00548579
0.00548633
0.00548687
0.00548745
0.00548806
0.00548869
0.00548934
0.00549002
0.00549069
0.00549137
0.00549208
0.00549277
0.00549349
0.00549418
0.00549485
0.00549555
0.00549622
0.00549687
0.00549753
0.00549817
0.00549878
0.00549938
0.00549996
0.0055005
0.00550102
0.00550151
0.00550198
0.00550242
0.00550283
0.00550321
0.00550356
0.00550388
0.00550419
0.00550446
0.00550472
0.00550496
0.00550516
0.00550534
0.00550552
0.00550569
0.00550585
0.00550601
0.00550614
0.00550626
0.00550638
0.00550649
0.00550663
0.00550676
0.00550691
0.00550704
0.0055072
0.00550736
0.00550752
0.00550769
0.00550788
0.0055081
0.00550835
0.0055086
0.00550889
0.00550919
0.00550951
0.00550984
0.00551021
0.0055106
0.00551102
0.00551146
0.00551193
0.00551243
0.00551295
0.00551349
0.00551404
0.00551462
0.00551523
0.00551586
0.00551651
0.00551719
0.0055179
0.00551864
0.0055194
0.00552017
0.00552096
0.00552178
0.00552261
0.00552346
0.00552433
0.00552521
0.0055261
0.005527
0.00552795
0.00552891
0.00552987
0.00553085
0.00553185
0.00553287
0.00553388
0.0055349
0.00553594
0.00553698
0.00553803
0.00553911
0.00554019
0.00554127
0.00554236
0.00554346
0.00554457
0.0055457
0.00554683
0.00554798
0.00554914
0.00555033
0.00555152
0.00555273
0.00555395
0.00555518
0.00555641
0.00555767
0.00555895
0.00556023
0.00556155
0.00556288
0.00556424
0.00556563
0.00556702
0.00556846
0.00556992
0.00557138
0.00557287
0.00557438
0.00557592
0.00557748
0.00557909
0.00558073
0.00558239
0.00558406
0.00558577
0.0055875
0.00558925
0.00559102
0.00559283
0.00559466
0.0055965
0.00559837
0.00560023
0.00560212
0.00560402
0.00560592
0.00560782
0.00560972
0.00561162
0.00561352
0.00561542
0.0056173
0.00561918
0.00562104
0.00562286
0.00562467
0.00562645
0.00562819
0.00562991
0.0056316
0.00563325
0.00563485
0.0056364
0.00563789
0.00563935
0.00564074
0.00564208
0.00564335
0.00564456
0.00564571
0.0056468
0.00564783
0.00564878
0.00564967
0.00565049
0.00565123
0.0056519
0.0056525
0.00565305
0.0056535
0.0056539
0.00565421
0.00565447
0.00565465
0.00565477
0.00565482
0.00565482
0.00565475
0.00565462
0.00565443
0.00565418
0.00565388
0.00565354
0.00565316
0.00565272
0.00565225
0.00565174
0.00565119
0.00565059
0.00564997
0.00564932
0.00564863
0.00564794
0.00564722
0.00564648
0.00564572
0.00564496
0.00564418
0.0056434
0.00564262
0.00564181
0.00564101
0.0056402
0.00563942
0.00563863
0.00563786
0.00563708
0.00563631
0.00563556
0.00563483
0.0056341
0.00563338
0.00563268
0.00563199
0.00563134
0.00563067
0.00563003
0.00562943
0.00562883
0.00562825
0.00562771
0.00562719
0.00562667
0.00562618
0.00562573
0.00562528
0.00562487
0.00562448
0.00562412
0.00562381
0.00562351
0.00562323
0.005623
0.00562281
0.00562266
0.00562256
0.00562248
0.00562245
0.00562245
0.0056225
0.00562258
0.00562271
0.00562293
0.00562316
0.00562345
0.00562379
0.00562417
0.00562459
0.00562508
0.00562562
0.00562623
0.00562688
0.00562757
0.00562834
0.00562914
0.00563001
0.00563094
0.00563192
0.00563295
0.00563402
0.00563515
0.00563634
0.00563756
0.00563884
0.00564016
0.00564152
0.00564292
0.00564436
0.00564585
0.00564736
0.00564891
0.00565048
0.00565207
0.00565371
0.00565537
0.00565704
0.00565873
0.00566043
0.00566215
0.00566387
0.00566559
0.00566732
0.00566905
0.00567078
0.00567249
0.00567419
0.00567587
0.00567753
0.00567915
0.00568075
0.00568231
0.00568383
0.00568532
0.00568675
0.00568814
0.00568948
0.00569075
0.00569197
0.00569312
0.00569419
0.00569519
0.00569612
0.00569697
0.00569773
0.00569839
0.00569898
0.00569946
0.00569983
0.00570011
0.00570029
0.00570034
0.0057003
0.00570015
0.00569986
0.00569947
0.00569893
0.00569825
0.00569745
0.00569653
0.00569548
0.00569428
0.00569294
0.00569148
0.00568987
0.00568811
0.00568623
0.00568418
0.00568202
0.00567972
0.00567729
0.00567473
0.00567201
0.00566916
0.00566617
0.00566309
0.00565989
0.00565658
0.00565316
0.00564963
0.005646
0.00564225
0.00563844
0.00563453
0.00563055
0.00562652
0.00562239
0.00561822
0.00561399
0.00560972
0.00560541
0.00560108
0.00559672
0.00559234
0.00558796
0.00558356
0.00557918
0.0055748
0.00557042
0.00556608
0.00556177
0.0055575
0.00555326
0.00554907
0.00554492
0.00554083
0.0055368
0.00553283
0.00552893
0.0055251
0.00552135
0.00551768
0.00551409
0.00551057
0.00550714
0.00550379
0.00550055
0.00549739
0.00549435
0.00549139
0.00548853
0.00548578
0.00548311
0.00548055
0.00547806
0.00547567
0.00547338
0.00547118
0.00546907
0.00546705
0.00546513
0.00546328
0.00546152
0.00545984
0.00545825
0.00545674
0.0054553
0.00545393
0.00545262
0.00545139
0.0054502
0.00544908
0.00544802
0.00544702
0.00544607
0.00544515
0.00544429
0.00544346
0.00544268
0.00544194
0.00544122
0.00544052
0.00543982
0.00543916
0.00543851
0.0054379
0.00543729
0.00543671
0.00543611
0.00543553
0.00543497
0.00543441
0.00543384
0.00543327
0.00543271
0.00543213
0.00543156
0.00543099
0.00543043
0.00542986
0.0054293
0.00542875
0.00542818
0.00542763
0.00542709
0.00542655
0.00542602
0.0054255
0.00542501
0.00542453
0.00542406
0.00542362
0.0054232
0.00542281
0.00542245
0.00542212
0.00542182
0.00542157
0.00542137
0.00542121
0.0054211
0.00542103
0.00542103
0.00542111
0.00542126
0.00542146
0.00542176
0.00542211
0.00542254
0.00542306
0.00542365
0.00542432
0.00542509
0.00542593
0.00542683
0.00542785
0.00542895
0.00543012
0.00543141
0.00543278
0.00543422
0.00543573
0.00543733
0.00543902
0.00544077
0.00544261
0.0054445
0.00544644
0.00544845
0.00545052
0.00545265
0.00545483
0.00545706
0.00545932
0.00546161
0.00546393
0.00546626
0.00546861
0.00547098
0.00547334
0.00547569
0.00547804
0.00548038
0.0054827
0.00548499
0.00548726
0.00548947
0.00549165
0.00549377
0.00549585
0.00549788
0.00549985
0.00550175
0.0055036
0.00550538
0.0055071
0.00550872
0.00551026
0.00551171
0.0055131
0.0055144
0.00551561
0.00551672
0.00551774
0.0055187
0.00551955
0.00552032
0.00552101
0.00552161
0.00552214
0.00552258
0.00552294
0.00552324
0.00552346
0.00552362
0.00552371
0.00552374
0.00552372
0.00552362
0.00552347
0.0055233
0.00552308
0.00552282
0.00552252
0.00552218
0.00552182
0.00552143
0.00552102
0.0055206
0.00552019
0.00551973
0.00551929
0.00551884
0.00551838
0.00551792
0.00551747
0.00551703
0.00551658
0.00551616
0.00551575
0.00551534
0.00551494
0.00551455
0.00551418
0.00551384
0.00551351
0.00551322
0.00551293
0.00551266
0.00551241
0.00551217
0.00551197
0.00551177
0.0055116
0.00551145
0.00551132
0.0055112
0.00551112
0.00551106
0.00551105
0.00551105
0.00551106
0.0055111
0.00551116
0.00551127
0.00551141
0.00551158
0.00551177
0.005512
0.00551226
0.00551256
0.00551289
0.00551327
0.00551368
0.00551413
0.00551461
0.00551516
0.00551573
0.00551636
0.00551704
0.00551778
0.00551855
0.00551937
0.00552024
0.00552117
0.00552214
0.00552315
0.0055242
0.00552531
0.00552645
0.00552764
0.00552888
0.00553017
0.00553151
0.00553287
0.00553428
0.00553574
0.00553719
0.00553871
0.00554027
0.00554185
0.00554346
0.00554509
0.00554676
0.00554847
0.00555018
0.00555193
0.00555368
0.00555546
0.00555726
0.00555907
0.0055609
0.0055627
0.00556451
0.00556633
0.00556815
0.00556997
0.00557179
0.00557359
0.00557538
0.00557716
0.00557893
0.00558068
0.00558239
0.00558408
0.00558578
0.0055874
0.005589
0.00559054
0.00559208
0.00559356
0.00559499
0.00559638
0.00559772
0.00559901
0.00560026
0.00560144
0.00560255
0.00560362
0.00560463
0.00560557
0.00560644
0.00560724
0.00560799
0.00560866
0.00560926
0.00560979
0.00561025
0.00561063
0.00561094
0.00561118
0.00561133
0.00561144
0.00561146
0.00561144
0.00561134
0.00561117
0.00561093
0.00561064
0.00561027
0.00560984
0.00560936
0.00560883
0.00560824
0.0056076
0.0056069
0.00560616
0.00560536
0.00560455
0.00560368
0.00560279
0.00560186
0.00560092
0.00559996
0.00559897
0.00559797
0.00559693
0.00559587
0.0055948
0.00559371
0.00559263
0.00559153
0.00559044
0.00558935
0.00558823
0.00558713
0.00558604
0.00558496
0.00558388
0.00558282
0.00558174
0.00558069
0.00557963
0.00557859
0.00557757
0.00557656
0.00557556
0.00557454
0.00557356
0.00557258
0.00557162
0.00557065
0.00556969
0.00556875
0.00556783
0.0055669
0.00556596
0.00556503
0.00556412
0.00556321
0.00556229
0.00556139
0.00556047
0.00555958
0.0055587
0.00555778
0.00555687
0.00555596
0.00555506
0.00555414
0.00555323
0.0055523
0.00555135
0.00555043
0.00554948
0.00554852
0.00554756
0.00554659
0.00554561
0.00554462
0.00554363
0.00554262
0.00554162
0.00554062
0.00553963
0.00553866
0.00553768
0.00553667
0.00553568
0.00553469
0.00553371
0.00553272
0.00553176
0.00553083
0.0055299
0.005529
0.00552809
0.00552721
0.00552635
0.00552552
0.00552473
0.00552397
0.00552324
0.00552256
0.00552191
0.00552131
0.00552075
0.00552024
0.00551977
0.00551936
0.00551899
0.00551869
0.00551844
0.00551825
0.00551811
0.00551802
0.00551799
0.00551803
0.00551812
0.00551828
0.00551849
0.00551876
0.00551909
0.00551949
0.00551992
0.0055204
0.00552095
0.00552153
0.00552215
0.00552283
0.00552354
0.00552429
0.00552509
0.00552589
0.00552672
0.00552756
0.00552844
0.00552932
0.00553022
0.00553114
0.00553206
0.00553297
0.00553388
0.00553478
0.00553568
0.00553656
0.00553741
0.00553824
0.00553903
0.00553983
0.00554056
0.00554125
0.0055419
0.00554252
0.0055431
0.00554363
0.00554412
0.00554455
0.00554493
0.00554527
0.00554555
0.00554577
0.00554596
0.00554609
0.00554616
0.00554618
0.00554615
0.00554606
0.00554594
0.00554579
0.00554557
0.00554535
0.00554507
0.00554476
0.00554444
0.00554408
0.00554368
0.00554327
0.00554285
0.00554241
0.00554197
0.00554153
0.0055411
0.00554068
0.00554027
0.00553986
0.00553948
0.00553914
0.00553882
0.00553854
0.00553829
0.00553809
0.00553795
0.00553783
0.00553775
0.00553774
0.00553778
0.00553787
0.00553802
0.00553822
0.00553847
0.00553879
0.00553917
0.00553961
0.00554011
0.00554068
0.00554129
0.00554199
0.00554273
0.00554353
0.00554439
0.0055453
0.00554627
0.00554729
0.00554836
0.00554949
0.00555069
0.00555191
0.0055532
0.00555451
0.00555587
0.00555728
0.00555873
0.00556022
0.00556173
0.00556328
0.00556485
0.00556644
0.00556807
0.00556973
0.0055714
0.00557308
0.00557479
0.00557652
0.00557827
0.00558002
0.00558179
0.00558357
0.00558536
0.00558715
0.00558894
0.00559074
0.00559255
0.00559437
0.00559618
0.00559798
0.00559978
0.00560161
0.0056034
0.00560521
0.00560701
0.00560883
0.00561062
0.00561241
0.00561421
0.00561601
0.00561778
0.00561952
0.00562127
0.00562301
0.00562474
0.00562644
0.00562812
0.00562979
0.00563145
0.0056331
0.00563472
0.00563633
0.00563793
0.00563949
0.00564102
0.00564254
0.00564401
0.00564546
0.00564688
0.00564828
0.00564965
0.00565096
0.00565224
0.00565349
0.00565469
0.00565588
0.005657
0.0056581
0.00565916
0.00566017
0.00566115
0.00566208
0.00566297
0.00566383
0.00566464
0.00566543
0.00566616
0.00566687
0.00566755
0.00566818
0.00566877
0.00566933
0.00566988
0.0056704
0.00567089
0.00567135
0.00567178
0.00567218
0.00567258
0.00567297
0.00567335
0.00567371
0.00567405
0.0056744
0.00567475
0.0056751
0.00567544
0.00567579
0.00567613
0.00567647
0.00567681
0.00567717
0.00567754
0.0056779
0.00567829
0.00567867
0.00567908
0.00567948
0.0056799
0.0056803
0.00568074
0.00568117
0.0056816
0.00568205
0.0056825
0.00568295
0.00568339
0.00568381
0.00568424
0.00568464
0.00568503
0.00568541
0.00568577
0.00568612
0.00568643
0.00568674
0.005687
0.00568725
0.00568747
0.00568765
0.00568778
0.00568786
0.00568791
0.00568791
0.00568784
0.00568773
0.00568756
0.00568735
0.00568705
0.00568672
0.00568633
0.00568586
0.00568533
0.00568472
0.00568403
0.00568327
0.00568245
0.00568155
0.00568059
0.00567954
0.00567841
0.00567722
0.00567596
0.00567463
0.00567322
0.00567175
0.00567021
0.00566861
0.00566694
0.00566521
0.00566342
0.00566157
0.00565966
0.00565771
0.00565572
0.00565367
0.0056516
0.00564947
0.00564732
0.00564512
0.00564291
0.00564068
0.00563842
0.00563612
0.00563383
0.00563151
0.00562918
0.00562684
0.00562449
0.00562213
0.00561976
0.0056174
0.00561505
0.00561269
0.00561032
0.00560794
0.00560558
0.00560321
0.00560083
0.00559846
0.00559609
0.00559372
0.00559134
0.00558897
0.00558659
0.0055842
0.00558182
0.00557943
0.00557702
0.00557461
0.0055722
0.00556978
0.00556737
0.00556494
0.00556252
0.00556009
0.00555766
0.00555523
0.0055528
0.00555037
0.00554793
0.00554551
0.00554309
0.00554069
0.00553829
0.00553591
0.00553353
0.00553119
0.00552886
0.00552654
0.00552427
0.00552201
0.00551979
0.00551761
0.00551545
0.00551333
0.00551124
0.0055092
0.0055072
0.00550524
0.00550333
0.00550148
0.00549967
0.0054979
0.00549619
0.00549453
0.00549293
0.00549134
0.00548983
0.00548835
0.00548695
0.00548557
0.00548424
0.00548296
0.00548172
0.00548053
0.00547939
0.00547828
0.00547722
0.00547618
0.00547519
0.00547423
0.0054733
0.0054724
0.00547155
0.00547069
0.00546986
0.0054691
0.00546833
0.00546756
0.00546682
0.00546611
0.00546542
0.00546474
0.00546407
0.00546342
0.00546277
0.00546214
0.00546152
0.0054609
0.00546028
0.00545968
0.00545909
0.00545849
0.00545789
0.0054573
0.00545673
0.00545615
0.00545557
0.005455
0.00545444
0.00545388
0.00545333
0.00545275
0.00545219
0.00545163
0.00545109
0.00545053
0.00544998
0.00544944
0.00544888
0.00544831
0.00544776
0.0054472
0.00544665
0.00544608
0.00544551
0.00544494
0.00544437
0.0054438
0.00544323
0.00544266
0.00544207
0.00544149
0.0054409
0.0054403
0.00543968
0.00543906
0.00543845
0.00543783
0.00543721
0.00543659
0.00543597
0.00543533
0.00543469
0.00543405
0.0054334
0.00543275
0.00543209
0.00543142
0.00543075
0.00543008
0.00542939
0.0054287
0.005428
0.00542729
0.00542656
0.00542581
0.00542507
0.00542431
0.00542353
0.00542274
0.00542193
0.00542113
0.0054203
0.00541943
0.00541857
0.00541768
0.00541677
0.00541584
0.0054149
0.00541392
0.00541293
0.00541191
0.00541086
0.00540977
0.00540867
0.00540755
0.00540642
0.00540526
0.00540409
0.00540289
0.00540166
0.00540042
0.00539917
0.00539789
0.0053966
0.00539532
0.00539403
0.00539274
0.00539146
0.00539018
0.00538891
0.00538764
0.0053864
0.00538518
0.00538398
0.00538283
0.00538169
0.00538057
0.00537952
0.00537851
0.00537753
0.00537663
0.00537576
0.00537495
0.00537423
0.00537355
0.00537295
0.00537242
0.00537195
0.00537156
0.00537125
0.00537102
0.00537087
0.00537077
0.00537077
0.00537084
0.00537099
0.00537123
0.00537155
0.00537194
0.00537243
0.00537302
0.00537366
0.0053744
0.0053752
0.00537607
0.005377
0.00537802
0.00537911
0.00538026
0.00538147
0.00538274
0.00538409
0.00538547
0.00538693
0.00538845
0.00539001
0.00539162
0.00539327
0.00539497
0.0053967
0.00539847
0.00540026
0.0054021
0.00540398
0.00540588
0.00540781
0.00540975
0.00541171
0.00541369
0.00541569
0.00541768
0.00541968
0.00542167
0.00542368
0.00542568
0.00542767
0.00542964
0.0054316
0.00543354
0.00543547
0.00543737
0.00543925
0.00544111
0.00544292
0.0054447
0.00544644
0.00544815
0.00544982
0.00545144
0.00545302
0.00545454
0.00545602
0.00545746
0.00545885
0.00546018
0.00546145
0.00546267
0.00546386
0.00546499
0.00546607
0.0054671
0.0054681
0.00546905
0.00546996
0.00547084
0.00547166
0.00547246
0.00547324
0.00547399
0.00547472
0.00547542
0.00547611
0.0054768
0.00547746
0.00547812
0.00547879
0.00547944
0.00548009
0.00548076
0.00548145
0.00548214
0.00548286
0.00548359
0.00548435
0.00548514
0.00548595
0.0054868
0.00548768
0.0054886
0.00548956
0.00549055
0.00549158
0.00549264
0.00549374
0.00549489
0.00549606
0.00549727
0.00549853
0.00549981
0.00550112
0.00550246
0.00550381
0.00550519
0.00550661
0.00550804
0.0055095
0.00551098
0.00551248
0.00551397
0.00551546
0.00551696
0.00551845
0.00551994
0.00552142
0.00552289
0.00552433
0.00552577
0.00552718
0.00552855
0.0055299
0.00553121
0.00553248
0.00553371
0.0055349
0.00553604
0.00553712
0.00553815
0.00553914
0.00554006
0.00554093
0.00554173
0.00554248
0.00554315
0.00554377
0.00554434
0.00554484
0.00554528
0.00554568
0.00554599
0.00554624
0.00554644
0.00554657
0.00554664
0.00554665
0.00554662
0.00554655
0.00554645
0.00554628
0.00554608
0.00554582
0.00554555
0.00554524
0.00554489
0.00554451
0.00554413
0.00554371
0.00554328
0.00554282
0.00554236
0.00554189
0.00554141
0.00554092
0.00554043
0.00553994
0.00553946
0.00553897
0.00553848
0.00553802
0.00553754
0.00553708
0.00553661
0.00553617
0.00553573
0.0055353
0.00553491
0.00553452
0.00553416
0.0055338
0.00553347
0.00553317
0.00553287
0.00553261
0.00553233
0.00553211
0.0055319
0.00553173
0.00553157
0.00553143
0.00553133
0.00553123
0.00553117
0.00553114
0.00553114
0.00553116
0.00553122
0.0055313
0.00553139
0.00553152
0.00553168
0.00553188
0.00553208
0.00553232
0.00553259
0.00553288
0.00553318
0.0055335
0.00553385
0.00553424
0.00553463
0.00553504
0.00553547
0.00553593
0.00553638
0.00553682
0.00553729
0.00553777
0.00553826
0.00553872
0.00553921
0.00553965
0.00554011
0.00554058
0.00554103
0.00554147
0.0055419
0.00554232
0.00554271
0.00554309
0.00554344
0.0055438
0.00554411
0.00554439
0.00554469
0.00554494
0.00554518
0.00554537
0.00554555
0.0055457
0.00554581
0.0055459
0.00554596
0.00554597
0.00554594
0.0055459
0.00554582
0.00554571
0.00554556
0.00554539
0.00554516
0.00554489
0.00554461
0.00554427
0.00554389
0.00554348
0.00554304
0.00554253
0.00554199
0.0055414
0.00554076
0.00554007
0.00553933
0.00553854
0.00553771
0.00553682
0.00553589
0.00553489
0.00553383
0.00553274
0.00553159
0.00553039
0.00552913
0.00552784
0.0055265
0.0055251
0.00552366
0.00552218
0.00552066
0.0055191
0.00551748
0.00551586
0.00551419
0.0055125
0.00551077
0.00550905
0.00550729
0.00550555
0.00550378
0.00550201
0.00550024
0.00549847
0.00549671
0.00549497
0.00549322
0.0054915
0.0054898
0.0054881
0.00548644
0.00548481
0.00548321
0.00548164
0.0054801
0.00547862
0.00547717
0.00547576
0.00547438
0.00547304
0.00547173
0.00547048
0.00546927
0.0054681
0.00546696
0.00546587
0.00546481
0.00546379
0.00546282
0.00546188
0.00546098
0.00546011
0.00545926
0.00545845
0.00545766
0.0054569
0.00545618
0.00545546
0.00545478
0.00545411
0.00545345
0.0054528
0.00545218
0.00545156
0.00545096
0.00545037
0.00544977
0.00544919
0.00544863
0.00544803
0.00544746
0.00544688
0.0054463
0.00544573
0.00544516
0.00544459
0.00544401
0.00544341
0.00544285
0.00544227
0.00544169
0.00544112
0.00544056
0.00543996
0.00543937
0.00543879
0.00543822
0.00543766
0.00543709
0.00543653
0.00543597
0.00543543
0.00543492
0.00543441
0.00543392
0.00543345
0.00543299
0.00543255
0.00543212
0.00543174
0.00543136
0.00543101
0.00543069
0.00543041
0.00543014
0.00542989
0.00542967
0.00542948
0.00542931
0.00542919
0.00542908
0.00542901
0.00542896
0.00542894
0.00542895
0.00542899
0.00542906
0.00542917
0.00542928
0.00542943
0.00542962
0.00542983
0.00543005
0.0054303
0.00543057
0.00543087
0.0054312
0.00543154
0.00543191
0.0054323
0.00543271
0.00543313
0.00543357
0.00543403
0.00543451
0.005435
0.00543552
0.00543607
0.00543662
0.00543722
0.00543782
0.00543845
0.00543909
0.00543975
0.00544041
0.0054411
0.00544182
0.00544256
0.0054433
0.00544405
0.00544482
0.0054456
0.00544639
0.00544721
0.00544803
0.00544885
0.00544968
0.0054505
0.00545131
0.00545216
0.00545298
0.00545379
0.00545461
0.00545541
0.0054562
0.00545697
0.00545773
0.00545847
0.00545919
0.00545988
0.00546053
0.00546114
0.00546172
0.00546228
0.00546278
0.00546324
0.00546366
0.00546403
0.00546436
0.00546464
0.00546486
0.00546504
0.00546516
0.00546523
0.00546525
0.00546521
0.00546514
0.00546501
0.00546483
0.00546459
0.00546432
0.00546399
0.00546361
0.00546318
0.00546272
0.00546223
0.0054617
0.00546114
0.00546053
0.00545989
0.00545923
0.00545854
0.00545783
0.00545711
0.00545638
0.00545563
0.00545486
0.00545407
0.00545327
0.00545247
0.00545165
0.00545085
0.00545003
0.00544922
0.00544841
0.00544762
0.00544681
0.00544603
0.00544525
0.00544449
0.00544372
0.00544298
0.00544224
0.00544154
0.00544083
0.00544015
0.00543949
0.00543885
0.00543821
0.00543759
0.005437
0.00543643
0.00543588
0.00543535
0.00543485
0.00543437
0.00543392
0.00543348
0.00543306
0.00543268
0.00543229
0.00543194
0.0054316
0.0054313
0.00543099
0.00543072
0.00543045
0.00543021
0.00542999
0.00542977
0.00542954
0.00542935
0.00542915
0.00542898
0.0054288
0.00542863
0.00542847
0.0054283
0.00542815
0.00542797
0.00542781
0.00542766
0.0054275
0.00542732
0.00542714
0.00542696
0.00542675
0.00542654
0.00542632
0.00542607
0.00542582
0.00542556
0.00542528
0.00542499
0.00542469
0.00542436
0.00542402
0.00542365
0.00542326
0.00542286
0.00542244
0.005422
0.00542157
0.0054211
0.00542061
0.00542009
0.00541955
0.00541898
0.00541839
0.00541779
0.00541715
0.00541651
0.00541586
0.00541518
0.00541448
0.00541375
0.00541303
0.00541228
0.00541151
0.00541071
0.0054099
0.00540907
0.00540824
0.00540738
0.00540651
0.00540562
0.00540471
0.0054038
0.00540286
0.00540192
0.00540097
0.00540001
0.00539904
0.00539806
0.00539706
0.00539606
0.00539505
0.00539404
0.00539303
0.00539204
0.00539103
0.00539001
0.005389
0.00538799
0.00538698
0.00538597
0.00538497
0.00538398
0.005383
0.00538204
0.00538107
0.00538012
0.00537918
0.00537826
0.00537737
0.0053765
0.00537565
0.00537482
0.00537401
0.0053732
0.00537243
0.00537169
0.005371
0.00537034
0.00536971
0.00536913
0.0053686
0.0053681
0.00536763
0.00536725
0.00536692
0.00536665
0.00536644
0.00536628
0.00536618
0.00536617
0.0053662
0.0053663
0.00536649
0.00536676
0.00536711
0.00536754
0.00536805
0.00536865
0.00536931
0.00537006
0.00537089
0.00537182
0.00537282
0.00537392
0.0053751
0.00537635
0.00537767
0.00537908
0.00538055
0.00538212
0.00538376
0.00538547
0.00538724
0.00538908
0.005391
0.00539297
0.00539499
0.00539707
0.00539919
0.00540135
0.00540355
0.0054058
0.00540809
0.0054104
0.00541273
0.00541508
0.00541744
0.00541982
0.00542219
0.00542458
0.00542696
0.00542933
0.00543169
0.00543403
0.00543635
0.00543866
0.00544094
0.0054432
0.00544541
0.00544759
0.00544971
0.0054518
0.00545387
0.00545586
0.0054578
0.00545968
0.00546154
0.0054633
0.00546503
0.00546669
0.00546828
0.0054698
0.0054713
0.00547271
0.00547406
0.00547534
0.00547656
0.00547772
0.00547885
0.00547993
0.00548095
0.0054819
0.00548282
0.00548369
0.00548452
0.00548531
0.00548605
0.00548675
0.00548744
0.00548811
0.00548877
0.00548941
0.00549003
0.00549064
0.00549124
0.00549185
0.00549245
0.00549306
0.00549368
0.00549432
0.00549498
0.00549564
0.00549631
0.00549703
0.00549777
0.00549853
0.00549932
0.00550012
0.00550096
0.0055018
0.00550267
0.00550357
0.00550449
0.00550544
0.00550643
0.00550742
0.00550843
0.00550945
0.00551049
0.00551155
0.00551261
0.00551368
0.00551474
0.00551582
0.00551689
0.00551796
0.00551902
0.00552006
0.0055211
0.00552212
0.00552316
0.00552414
0.00552512
0.00552607
0.00552699
0.0055279
0.00552879
0.00552965
0.00553049
0.00553132
0.00553211
0.00553289
0.00553366
0.0055344
0.00553511
0.00553579
0.00553647
0.00553714
0.00553778
0.0055384
0.00553903
0.00553965
0.00554025
0.00554085
0.00554144
0.00554201
0.00554258
0.00554314
0.00554372
0.00554431
0.0055449
0.00554548
0.00554607
0.00554666
0.00554726
0.00554785
0.00554846
0.00554907
0.00554969
0.00555032
0.00555097
0.00555162
0.00555227
0.00555292
0.00555359
0.00555426
0.0055549
0.00555558
0.00555624
0.00555693
0.00555762
0.00555831
0.00555901
0.00555972
0.00556045
0.00556117
0.00556192
0.00556266
0.00556343
0.00556422
0.00556501
0.00556584
0.0055667
0.00556756
0.00556845
0.00556939
0.00557035
0.00557134
0.00557235
0.00557343
0.00557454
0.00557569
0.0055769
0.00557814
0.00557945
0.00558081
0.00558223
0.0055837
0.00558525
0.00558685
0.00558852
0.00559024
0.00559202
0.00559387
0.00559579
0.00559777
0.00559983
0.00560195
0.00560412
0.00560635
0.00560864
0.005611
0.00561342
0.00561589
0.0056184
0.00562095
0.00562355
0.0056262
0.00562887
0.00563159
0.00563432
0.00563708
0.00563986
0.00564264
0.00564544
0.00564825
0.00565103
0.00565382
0.00565661
0.00565936
0.00566212
0.00566484
0.00566753
0.0056702
0.00567281
0.0056754
0.00567793
0.00568043
0.00568288
0.00568526
0.00568759
0.00568986
0.00569206
0.0056942
0.00569627
0.00569826
0.00570017
0.00570202
0.00570379
0.00570549
0.00570712
0.00570866
0.00571015
0.00571156
0.00571289
0.00571415
0.00571531
0.0057164
0.00571742
0.00571836
0.00571923
0.00572004
0.00572078
0.00572145
0.00572204
0.00572255
0.005723
0.00572339
0.00572371
0.005724
0.00572421
0.00572436
0.00572443
0.00572447
0.00572443
0.00572434
0.0057242
0.005724
0.00572371
0.00572341
0.00572304
0.00572259
0.0057221
0.00572155
0.00572094
0.00572029
0.00571955
0.00571877
0.00571792
0.00571703
0.00571607
0.00571505
0.00571398
0.00571284
0.00571165
0.0057104
0.00570911
0.00570775
0.00570632
0.00570485
0.0057033
0.00570172
0.00570009
0.00569838
0.00569663
0.00569483
0.00569299
0.00569111
0.00568915
0.00568717
0.00568516
0.00568309
0.00568097
0.00567884
0.00567667
0.00567447
0.00567224
0.00566999
0.0056677
0.0056654
0.00566307
0.00566073
0.00565838
0.00565601
0.00565363
0.00565123
0.00564883
0.00564644
0.00564404
0.00564162
0.00563923
0.00563683
0.00563445
0.00563208
0.00562971
0.00562735
0.00562499
0.00562267
0.00562035
0.00561806
0.00561578
0.00561353
0.00561132
0.0056091
0.00560691
0.00560473
0.00560259
0.00560048
0.00559839
0.00559633
0.00559429
0.00559228
0.00559029
0.00558835
0.00558645
0.00558458
0.0055827
0.00558089
0.00557911
0.00557737
0.00557567
0.00557399
0.00557236
0.00557075
0.00556918
0.00556765
0.00556616
0.00556472
0.00556329
0.0055619
0.00556058
0.00555927
0.00555804
0.00555683
0.00555566
0.00555453
0.00555344
0.0055524
0.00555139
0.00555044
0.00554952
0.00554866
0.00554783
0.00554704
0.0055463
0.00554561
0.00554495
0.00554433
0.00554377
0.00554324
0.00554275
0.00554231
0.00554191
0.00554153
0.00554121
0.00554091
0.00554067
0.00554044
0.00554025
0.0055401
0.00553994
0.00553982
0.00553972
0.00553965
0.00553959
0.00553956
0.00553952
0.00553948
0.00553945
0.00553943
0.0055394
0.00553936
0.00553933
0.00553929
0.0055392
0.00553911
0.005539
0.00553888
0.00553873
0.00553855
0.00553836
0.00553813
0.00553787
0.00553758
0.00553726
0.00553691
0.00553652
0.00553611
0.00553567
0.00553521
0.00553471
0.00553417
0.0055336
0.00553301
0.00553239
0.00553174
0.00553107
0.00553037
0.00552965
0.00552893
0.00552819
0.00552743
0.00552664
0.00552586
0.00552508
0.00552428
0.00552347
0.00552267
0.00552187
0.00552108
0.0055203
0.00551951
0.00551874
0.00551799
0.00551724
0.00551649
0.00551578
0.00551509
0.00551442
0.00551377
0.00551314
0.00551254
0.00551195
0.00551139
0.0055109
0.00551042
0.00550997
0.00550956
0.00550919
0.00550885
0.00550853
0.00550827
0.00550802
0.00550783
0.00550766
0.00550751
0.00550739
0.00550733
0.00550728
0.00550725
0.00550725
0.00550728
0.00550733
0.00550739
0.00550747
0.00550757
0.00550768
0.0055078
0.00550791
0.00550804
0.00550813
0.00550823
0.00550832
0.00550838
0.00550843
0.00550847
0.00550847
0.00550843
0.00550836
0.00550823
0.00550805
0.00550785
0.0055076
0.0055073
0.00550694
0.00550654
0.00550606
0.00550553
0.00550491
0.00550425
0.00550353
0.00550274
0.00550188
0.00550096
0.00549997
0.00549894
0.00549784
0.00549668
0.00549546
0.00549419
0.00549287
0.00549148
0.00549005
0.00548857
0.00548706
0.00548552
0.00548395
0.00548235
0.00548072
0.00547907
0.00547741
0.00547574
0.00547406
0.00547238
0.00547069
0.00546901
0.00546735
0.00546571
0.00546409
0.00546249
0.00546093
0.00545937
0.00545786
0.00545639
0.00545498
0.00545359
0.00545224
0.00545095
0.00544974
0.00544857
0.00544748
0.00544643
0.00544544
0.00544455
0.00544372
0.00544295
0.00544226
0.00544164
0.0054411
0.00544065
0.00544028
0.00543999
0.00543976
0.00543966
0.00543962
0.00543966
0.0054398
0.00544002
0.00544035
0.00544076
0.00544128
0.00544186
0.00544253
0.00544329
0.00544413
0.00544507
0.00544608
0.00544718
0.00544837
0.00544964
0.00545098
0.0054524
0.0054539
0.00545547
0.00545712
0.00545882
0.00546058
0.00546243
0.00546433
0.00546629
0.00546829
0.00547035
0.00547247
0.00547463
0.00547684
0.00547909
0.00548137
0.00548368
0.00548604
0.00548844
0.00549087
0.00549331
0.00549577
0.00549825
0.00550075
0.00550328
0.00550583
0.00550837
0.00551093
0.00551351
0.00551609
0.00551867
0.0055213
0.00552391
0.00552652
0.00552917
0.00553181
0.00553444
0.00553708
0.00553974
0.0055424
0.00554504
0.00554771
0.00555036
0.00555302
0.00555568
0.00555836
0.00556104
0.00556369
0.00556636
0.00556902
0.00557168
0.00557434
0.00557701
0.00557966
0.00558232
0.00558498
0.00558763
0.00559028
0.00559294
0.00559557
0.00559822
0.00560087
0.00560351
0.00560615
0.0056088
0.00561144
0.00561407
0.00561672
0.00561938
0.00562203
0.00562466
0.0056273
0.00562993
0.00563257
0.00563519
0.00563783
0.00564046
0.00564308
0.00564572
0.00564835
0.00565097
0.00565358
0.00565618
0.00565878
0.00566135
0.00566392
0.00566648
0.005669
0.00567152
0.00567402
0.00567646
0.00567888
0.00568128
0.00568364
0.00568595
0.00568823
0.00569044
0.00569263
0.00569474
0.00569679
0.00569877
0.00570067
0.00570251
0.00570426
0.00570594
0.00570752
0.00570902
0.00571044
0.00571172
0.00571293
0.00571402
0.00571501
0.00571588
0.00571664
0.00571728
0.00571779
0.00571818
0.00571845
0.0057186
0.00571863
0.00571853
0.00571829
0.00571794
0.00571745
0.00571682
0.00571609
0.00571523
0.00571425
0.00571316
0.00571194
0.0057106
0.00570915
0.00570759
0.00570595
0.00570417
0.00570232
0.00570038
0.00569836
0.00569625
0.00569404
0.00569178
0.00568943
0.00568704
0.00568455
0.00568205
0.00567948
0.00567687
0.00567423
0.00567156
0.00566887
0.00566616
0.00566342
0.00566071
0.00565797
0.00565522
0.00565249
0.00564977
0.00564706
0.00564437
0.00564168
0.00563902
0.00563638
0.0056338
0.0056312
0.00562864
0.00562612
0.00562365
0.00562121
0.00561877
0.00561638
0.00561403
0.00561173
0.00560946
0.00560722
0.00560502
0.00560285
0.00560071
0.00559858
0.00559649
0.00559443
0.0055924
0.0055904
0.0055884
0.00558643
0.00558446
0.00558252
0.00558059
0.00557866
0.00557673
0.00557481
0.00557288
0.00557096
0.00556905
0.00556713
0.0055652
0.00556327
0.00556133
0.00555939
0.00555743
0.00555546
0.00555349
0.00555149
0.00554949
0.00554749
0.00554548
0.00554347
0.00554145
0.00553942
0.00553738
0.00553536
0.00553332
0.00553129
0.00552926
0.00552724
0.00552523
0.00552324
0.00552128
0.00551933
0.00551741
0.0055155
0.00551364
0.00551181
0.00551001
0.00550826
0.00550655
0.0055049
0.00550331
0.00550178
0.00550031
0.00549892
0.00549759
0.00549633
0.00549516
0.00549408
0.00549308
0.00549217
0.00549134
0.00549059
0.00548997
0.00548946
0.00548902
0.00548869
0.00548846
0.00548833
0.00548832
0.00548842
0.00548861
0.00548891
0.00548931
0.00548983
0.00549044
0.00549116
0.00549198
0.0054929
0.00549392
0.00549502
0.0054962
0.00549747
0.00549883
0.00550026
0.00550178
0.00550334
0.00550498
0.00550669
0.00550843
0.00551023
0.00551207
0.00551393
0.00551585
0.00551779
0.00551974
0.00552171
0.00552369
0.00552567
0.00552767
0.00552966
0.00553164
0.00553363
0.00553559
0.00553753
0.00553945
0.00554135
0.00554321
0.00554507
0.00554688
0.00554865
0.00555041
0.00555213
0.0055538
0.00555543
0.00555704
0.00555862
0.00556016
0.00556164
0.0055631
0.00556453
0.00556592
0.00556727
0.00556858
0.00556988
0.00557112
0.00557233
0.0055735
0.00557465
0.00557577
0.00557686
0.00557792
0.00557897
0.00557997
0.00558096
0.00558194
0.00558288
0.00558381
0.00558473
0.00558564
0.00558653
0.00558741
0.00558828
0.00558913
0.00558996
0.00559079
0.00559162
0.00559246
0.00559325
0.00559404
0.00559484
0.00559563
0.0055964
0.00559717
0.00559794
0.00559871
0.00559948
0.00560023
0.00560099
0.00560174
0.00560248
0.00560322
0.00560395
0.00560468
0.00560542
0.00560614
0.00560685
0.00560756
0.00560825
0.00560896
0.00560963
0.00561031
0.00561099
0.00561167
0.00561234
0.00561302
0.00561368
0.00561435
0.00561501
0.00561567
0.00561634
0.00561701
0.00561769
0.00561838
0.00561905
0.00561972
0.00562043
0.00562113
0.00562184
0.00562255
0.0056233
0.00562407
0.00562482
0.0056256
0.0056264
0.0056272
0.00562803
0.00562888
0.00562972
0.00563059
0.00563147
0.00563234
0.00563325
0.00563417
0.0056351
0.00563603
0.00563698
0.00563793
0.00563888
0.00563985
0.00564081
0.00564177
0.00564273
0.00564368
0.00564463
0.00564554
0.00564644
0.00564733
0.00564819
0.00564902
0.00564984
0.00565061
0.00565135
0.00565206
0.00565271
0.00565333
0.0056539
0.0056544
0.00565487
0.00565527
0.00565561
0.00565588
0.0056561
0.00565624
0.00565632
0.00565632
0.00565626
0.00565612
0.00565591
0.00565562
0.00565528
0.00565485
0.00565434
0.00565378
0.00565314
0.00565243
0.00565164
0.00565078
0.00564985
0.00564885
0.00564781
0.0056467
0.00564551
0.00564427
0.00564297
0.00564164
0.00564023
0.0056388
0.00563731
0.00563578
0.00563423
0.00563263
0.00563102
0.00562937
0.00562771
0.00562603
0.00562434
0.00562263
0.00562092
0.0056192
0.00561749
0.00561579
0.0056141
0.00561242
0.00561075
0.00560909
0.00560746
0.00560584
0.00560426
0.0056027
0.00560118
0.00559967
0.00559822
0.0055968
0.00559543
0.00559407
0.00559275
0.00559148
0.00559024
0.00558902
0.00558784
0.0055867
0.0055856
0.00558456
0.00558353
0.00558252
0.00558153
0.00558059
0.00557966
0.00557875
0.00557787
0.005577
0.00557616
0.00557531
0.00557447
0.00557364
0.00557282
0.005572
0.00557117
0.00557034
0.00556951
0.00556867
0.00556782
0.00556695
0.00556608
0.00556521
0.00556432
0.00556342
0.0055625
0.00556157
0.00556063
0.00555968
0.0055587
0.00555772
0.00555673
0.00555573
0.00555473
0.00555372
0.00555268
0.00555164
0.00555062
0.0055496
0.00554858
0.00554754
0.0055465
0.00554551
0.0055445
0.00554348
0.00554248
0.00554151
0.00554055
0.0055396
0.00553869
0.00553779
0.00553691
0.00553605
0.00553521
0.00553442
0.00553364
0.00553289
0.00553217
0.00553151
0.00553087
0.00553026
0.0055297
0.00552917
0.00552868
0.00552825
0.00552784
0.00552747
0.00552716
0.0055269
0.00552669
0.00552652
0.0055264
0.00552633
0.00552629
0.00552631
0.00552639
0.00552649
0.00552666
0.00552686
0.00552713
0.00552746
0.00552783
0.00552827
0.00552873
0.00552925
0.00552981
0.00553044
0.00553111
0.00553185
0.00553261
0.00553344
0.00553431
0.00553521
0.00553618
0.00553721
0.00553827
0.00553939
0.00554057
0.0055418
0.00554308
0.00554439
0.00554579
0.00554725
0.00554875
0.0055503
0.00555192
0.00555358
0.00555531
0.0055571
0.00555895
0.00556087
0.00556285
0.00556491
0.00556703
0.00556921
0.00557145
0.00557377
0.00557615
0.00557861
0.00558115
0.00558376
0.00558645
0.0055892
0.00559205
0.00559494
0.00559792
0.00560096
0.00560407
0.00560724
0.00561047
0.00561378
0.00561718
0.00562065
0.00562416
0.00562773
0.00563135
0.00563503
0.00563877
0.00564253
0.00564637
0.00565025
0.00565416
0.0056581
0.00566208
0.00566608
0.00567012
0.00567418
0.00567825
0.00568233
0.0056864
0.0056905
0.00569458
0.00569866
0.00570271
0.00570675
0.00571077
0.00571476
0.00571873
0.00572264
0.00572655
0.00573039
0.00573418
0.00573791
0.00574159
0.00574521
0.00574876
0.00575225
0.00575567
0.005759
0.00576224
0.00576541
0.00576852
0.00577151
0.00577442
0.00577723
0.00577994
0.00578256
0.00578507
0.00578749
0.00578979
0.00579199
0.00579407
0.00579606
0.00579792
0.00579968
0.00580132
0.00580285
0.00580426
0.00580557
0.00580677
0.00580785
0.00580882
0.00580969
0.00581046
0.00581111
0.00581168
0.00581213
0.00581248
0.00581272
0.00581287
0.00581293
0.00581291
0.00581277
0.00581257
0.00581228
0.00581191
0.00581147
0.00581094
0.00581034
0.00580968
0.00580896
0.00580818
0.00580734
0.00580647
0.00580553
0.00580455
0.00580351
0.00580243
0.0058013
0.00580015
0.00579895
0.00579772
0.00579647
0.00579519
0.00579389
0.00579258
0.00579123
0.00578988
0.00578849
0.00578708
0.00578566
0.00578424
0.00578279
0.00578132
0.00577986
0.00577838
0.00577689
0.00577538
0.00577386
0.00577233
0.00577078
0.00576922
0.00576765
0.00576607
0.00576447
0.00576286
0.00576123
0.00575957
0.00575788
0.0057562
0.00575448
0.00575275
0.00575101
0.00574923
0.00574743
0.00574559
0.00574373
0.00574186
0.00573995
0.00573802
0.00573606
0.00573407
0.00573206
0.00573001
0.00572794
0.00572585
0.00572373
0.00572159
0.00571942
0.00571723
0.00571503
0.0057128
0.00571058
0.00570836
0.0057061
0.00570387
0.00570163
0.00569937
0.00569716
0.00569495
0.00569276
0.00569057
0.00568841
0.00568628
0.00568417
0.0056821
0.00568006
0.00567809
0.00567614
0.00567426
0.00567244
0.00567067
0.00566895
0.0056673
0.00566572
0.00566421
0.00566277
0.00566141
0.00566014
0.00565893
0.00565781
0.00565677
0.00565582
0.00565496
0.00565417
0.00565348
0.00565286
0.00565232
0.00565187
0.00565149
0.00565119
0.00565098
0.00565084
0.00565078
0.00565078
0.00565085
0.005651
0.00565121
0.00565148
0.00565178
0.00565215
0.00565255
0.005653
0.0056535
0.00565402
0.00565456
0.00565516
0.00565576
0.0056564
0.00565704
0.00565768
0.00565832
0.00565896
0.00565962
0.00566027
0.00566089
0.0056615
0.00566207
0.00566263
0.00566318
0.00566368
0.00566414
0.00566456
0.00566495
0.0056653
0.00566561
0.00566588
0.00566608
0.00566624
0.00566633
0.00566638
0.00566637
0.00566628
0.00566616
0.00566599
0.00566575
0.00566544
0.00566508
0.00566468
0.00566423
0.0056637
0.00566314
0.00566251
0.00566185
0.00566115
0.0056604
0.00565959
0.00565875
0.00565786
0.00565695
0.005656
0.00565503
0.00565402
0.00565299
0.00565194
0.00565086
0.00564978
0.00564867
0.00564755
0.00564642
0.00564528
0.00564414
0.00564301
0.00564186
0.00564072
0.00563957
0.00563845
0.00563731
0.00563619
0.00563507
0.00563395
0.00563284
0.00563175
0.00563066
0.00562959
0.00562853
0.00562746
0.00562642
0.00562537
0.00562433
0.00562329
0.00562227
0.00562124
0.00562021
0.0056192
0.00561817
0.00561715
0.00561612
0.00561508
0.00561404
0.00561297
0.0056119
0.00561081
0.00560971
0.00560859
0.00560743
0.00560628
0.00560507
0.00560382
0.00560256
0.00560127
0.00559994
0.00559857
0.00559715
0.0055957
0.0055942
0.00559266
0.00559106
0.00558943
0.00558773
0.00558601
0.00558422
0.0055824
0.00558052
0.00557859
0.00557661
0.00557456
0.00557246
0.00557031
0.00556812
0.00556587
0.00556357
0.00556121
0.0055588
0.00555635
0.00555386
0.00555133
0.00554875
0.00554614
0.00554347
0.00554078
0.00553804
0.00553529
0.00553251
0.0055297
0.00552686
0.00552401
0.00552114
0.00551825
0.00551533
0.00551243
0.0055095
0.00550658
0.00550365
0.00550074
0.00549784
0.00549493
0.00549204
0.00548918
0.00548634
0.00548352
0.00548071
0.00547794
0.00547521
0.00547251
0.00546988
0.00546727
0.00546473
0.00546224
0.00545979
0.00545742
0.00545511
0.00545286
0.00545068
0.00544856
0.00544651
0.00544454
0.00544264
0.00544081
0.00543908
0.00543741
0.00543581
0.00543429
0.00543285
0.00543147
0.00543018
0.00542898
0.00542785
0.00542676
0.00542575
0.00542479
0.00542389
0.00542307
0.00542228
0.00542154
0.00542084
0.00542018
0.00541956
0.00541897
0.00541842
0.00541788
0.00541736
0.00541685
0.00541638
0.00541588
0.00541538
0.00541487
0.00541434
0.00541381
0.00541327
0.00541269
0.00541208
0.00541146
0.00541079
0.00541011
0.00540936
0.00540859
0.00540778
0.00540693
0.00540605
0.00540511
0.00540412
0.00540308
0.00540202
0.0054009
0.00539977
0.00539856
0.00539732
0.00539605
0.00539475
0.00539341
0.00539204
0.00539064
0.00538921
0.00538773
0.00538624
0.00538474
0.00538321
0.00538167
0.0053801
0.00537853
0.00537693
0.00537535
0.00537376
0.00537214
0.00537055
0.00536892
0.00536731
0.00536571
0.0053641
0.00536249
0.00536088
0.00535927
0.00535768
0.00535609
0.0053545
0.00535292
0.00535137
0.00534981
0.00534826
0.00534672
0.00534518
0.00534366
0.00534213
0.00534062
0.00533912
0.00533762
0.00533613
0.00533464
0.00533317
0.00533172
0.00533027
0.00532883
0.00532739
0.00532597
0.00532454
0.00532313
0.00532174
0.00532036
0.00531901
0.00531766
0.00531635
0.00531505
0.00531377
0.0053125
0.00531126
0.00531006
0.00530888
0.00530774
0.00530662
0.00530553
0.00530447
0.00530347
0.0053025
0.00530157
0.00530069
0.00529986
0.00529908
0.00529832
0.00529762
0.00529698
0.0052964
0.00529587
0.00529539
0.00529496
0.00529462
0.00529432
0.00529409
0.00529393
0.00529382
0.00529378
0.00529379
0.00529387
0.00529402
0.00529422
0.00529448
0.0052948
0.00529518
0.00529563
0.00529613
0.0052967
0.00529732
0.00529801
0.00529876
0.00529958
0.00530046
0.00530141
0.00530241
0.00530348
0.00530461
0.0053058
0.00530703
0.00530832
0.00530967
0.00531108
0.00531254
0.00531406
0.00531564
0.00531727
0.00531897
0.00532071
0.00532251
0.00532436
0.00532626
0.0053282
0.00533021
0.00533227
0.00533438
0.00533656
0.00533879
0.00534108
0.00534341
0.00534581
0.00534824
0.00535073
0.00535328
0.00535586
0.0053585
0.00536119
0.00536391
0.00536669
0.0053695
0.00537236
0.00537525
0.0053782
0.00538118
0.00538421
0.00538724
0.00539032
0.00539344
0.00539657
0.00539973
0.00540293
0.00540612
0.00540933
0.00541255
0.0054158
0.00541905
0.00542229
0.00542554
0.00542877
0.005432
0.00543521
0.0054384
0.0054416
0.00544476
0.00544792
0.00545102
0.00545412
0.00545718
0.0054602
0.00546319
0.00546615
0.00546906
0.00547194
0.00547475
0.00547751
0.00548025
0.00548291
0.00548553
0.00548809
0.0054906
0.00549303
0.00549543
0.00549776
0.00550003
0.00550223
0.00550437
0.00550644
0.00550844
0.00551037
0.00551223
0.00551402
0.00551572
0.00551735
0.00551891
0.00552038
0.00552177
0.00552307
0.0055243
0.00552544
0.0055265
0.00552747
0.00552831
0.00552908
0.00552975
0.00553032
0.00553078
0.00553114
0.0055314
0.00553156
0.0055316
0.00553156
0.00553137
0.00553109
0.00553068
0.00553017
0.00552954
0.0055288
0.00552796
0.00552699
0.00552592
0.00552472
0.00552339
0.00552197
0.00552044
0.0055188
0.00551705
0.00551521
0.00551323
0.00551117
0.00550902
0.00550677
0.00550441
0.00550197
0.00549944
0.00549682
0.00549412
0.00549134
0.0054885
0.00548558
0.00548256
0.00547952
0.0054764
0.00547322
0.00546999
0.00546673
0.00546342
0.00546007
0.00545667
0.00545326
0.00544982
0.00544635
0.00544285
0.00543934
0.00543582
0.0054323
0.00542877
0.00542523
0.0054217
0.00541816
0.00541467
0.00541115
0.00540767
0.00540419
0.00540073
0.00539729
0.00539388
0.00539051
0.00538716
0.00538382
0.00538054
0.0053773
0.0053741
0.00537092
0.00536776
0.00536468
0.00536163
0.00535864
0.0053557
0.00535282
0.00534998
0.00534721
0.0053445
0.00534185
0.00533925
0.00533671
0.00533425
0.00533185
0.00532953
0.00532728
0.00532509
0.00532299
0.00532096
0.00531901
0.00531714
0.00531537
0.00531368
0.00531205
0.00531054
0.00530911
0.00530776
0.00530652
0.00530537
0.00530432
0.00530334
0.00530247
0.00530172
0.00530105
0.00530047
0.0053
0.00529961
0.00529933
0.00529914
0.00529906
0.00529905
0.00529914
0.00529933
0.0052996
0.00529999
0.00530046
0.00530102
0.00530166
0.00530236
0.00530316
0.00530405
0.00530502
0.00530606
0.00530718
0.00530836
0.00530962
0.00531094
0.00531234
0.00531378
0.00531527
0.00531686
0.00531847
0.00532014
0.00532184
0.00532364
0.00532546
0.00532733
0.00532927
0.00533125
0.00533327
0.00533533
0.00533742
0.00533957
0.00534176
0.00534399
0.00534626
0.00534855
0.00535088
0.00535325
0.00535564
0.00535808
0.00536052
0.005363
0.00536551
0.00536805
0.00537061
0.0053732
0.00537579
0.00537841
0.00538106
0.00538372
0.0053864
0.0053891
0.0053918
0.00539449
0.00539719
0.00539989
0.00540259
0.0054053
0.00540797
0.00541065
0.0054133
0.00541593
0.00541854
0.00542113
0.0054237
0.00542623
0.00542873
0.00543118
0.00543358
0.00543596
0.00543829
0.00544057
0.00544279
0.00544496
0.00544708
0.00544915
0.00545117
0.00545312
0.00545501
0.00545685
0.00545863
0.00546036
0.00546201
0.0054636
0.00546514
0.00546661
0.00546803
0.0054694
0.00547072
0.005472
0.00547321
0.00547436
0.00547549
0.00547657
0.00547759
0.00547856
0.00547951
0.00548042
0.00548131
0.00548216
0.00548299
0.00548378
0.00548457
0.00548533
0.00548608
0.00548681
0.00548754
0.00548825
0.00548897
0.00548968
0.00549039
0.00549112
0.00549184
0.00549259
0.00549334
0.00549412
0.00549491
0.00549572
0.00549657
0.00549743
0.00549831
0.00549922
0.00550019
0.00550119
0.00550224
0.00550333
0.00550444
0.0055056
0.00550682
0.00550809
0.00550943
0.00551081
0.00551224
0.00551372
0.00551525
0.00551686
0.00551851
0.00552023
0.005522
0.00552383
0.00552572
0.00552766
0.00552965
0.00553171
0.00553385
0.00553603
0.00553826
0.00554055
0.00554289
0.00554528
0.0055477
0.00555017
0.00555269
0.00555525
0.00555785
0.00556048
0.00556314
0.00556582
0.00556854
0.00557128
0.00557403
0.0055768
0.00557956
0.00558234
0.00558514
0.00558792
0.00559071
0.00559348
0.00559624
0.005599
0.00560173
0.00560446
0.00560717
0.00560987
0.00561251
0.00561513
0.00561772
0.00562026
0.00562276
0.00562522
0.00562761
0.00562997
0.00563228
0.00563455
0.00563674
0.00563889
0.00564098
0.00564301
0.00564497
0.00564686
0.00564869
0.00565045
0.00565215
0.00565376
0.00565532
0.0056568
0.00565821
0.00565957
0.00566083
0.00566202
0.00566316
0.00566421
0.00566518
0.00566609
0.00566692
0.0056677
0.00566838
0.005669
0.00566956
0.00567005
0.00567048
0.00567085
0.00567117
0.00567142
0.00567162
0.00567175
0.00567185
0.00567191
0.00567188
0.00567184
0.00567174
0.00567162
0.00567147
0.00567129
0.0056711
0.00567086
0.0056706
0.00567032
0.00567002
0.00566971
0.00566942
0.00566909
0.00566878
0.00566845
0.00566815
0.00566786
0.00566755
0.00566725
0.00566697
0.00566671
0.00566645
0.00566622
0.00566598
0.00566577
0.00566559
0.00566543
0.00566525
0.0056651
0.00566497
0.00566485
0.00566475
0.00566464
0.00566455
0.00566446
0.00566438
0.0056643
0.00566423
0.00566418
0.00566412
0.00566404
0.00566395
0.00566386
0.00566374
0.00566363
0.0056635
0.00566335
0.00566319
0.00566301
0.0056628
0.00566258
0.00566233
0.00566205
0.00566176
0.00566144
0.00566111
0.00566075
0.00566037
0.00565997
0.00565957
0.00565915
0.00565873
0.00565828
0.00565784
0.00565738
0.00565693
0.00565647
0.00565603
0.00565561
0.00565518
0.00565478
0.00565442
0.00565407
0.00565375
0.00565347
0.00565322
0.00565299
0.0056528
0.00565265
0.00565256
0.0056525
0.0056525
0.00565253
0.00565264
0.0056528
0.00565301
0.00565329
0.0056536
0.00565398
0.00565442
0.00565493
0.00565547
0.00565609
0.00565674
0.00565748
0.00565827
0.00565911
0.00566001
0.00566095
0.00566195
0.005663
0.00566409
0.00566524
0.00566643
0.00566766
0.00566894
0.00567025
0.0056716
0.00567298
0.00567442
0.00567588
0.00567736
0.00567887
0.0056804
0.00568194
0.00568352
0.00568509
0.00568667
0.00568827
0.00568989
0.00569152
0.00569314
0.00569476
0.00569638
0.00569799
0.0056996
0.00570119
0.00570277
0.00570435
0.0057059
0.00570744
0.00570896
0.00571047
0.00571195
0.00571339
0.00571481
0.00571618
0.00571755
0.00571887
0.00572016
0.00572141
0.00572263
0.00572378
0.00572492
0.00572601
0.00572704
0.00572803
0.00572899
0.0057299
0.00573071
0.00573149
0.00573222
0.00573289
0.0057335
0.00573405
0.00573454
0.00573497
0.00573534
0.00573563
0.00573588
0.00573605
0.00573613
0.00573617
0.00573614
0.00573604
0.00573587
0.00573562
0.00573531
0.00573493
0.00573448
0.00573396
0.00573338
0.00573273
0.00573204
0.00573126
0.00573042
0.00572952
0.00572856
0.00572753
0.00572645
0.00572533
0.00572416
0.00572294
0.00572166
0.00572035
0.00571899
0.00571759
0.00571616
0.00571471
0.00571323
0.00571171
0.00571018
0.00570863
0.00570707
0.00570551
0.00570392
0.00570235
0.00570079
0.00569922
0.00569767
0.00569615
0.00569464
0.00569314
0.00569168
0.00569026
0.00568886
0.0056875
0.00568619
0.00568491
0.00568369
0.00568252
0.00568141
0.00568034
0.00567936
0.00567842
0.00567756
0.00567676
0.00567603
0.00567537
0.00567479
0.00567428
0.00567385
0.0056735
0.00567323
0.00567305
0.00567294
0.0056729
0.00567296
0.0056731
0.00567331
0.00567362
0.00567401
0.00567449
0.00567504
0.00567566
0.00567639
0.00567718
0.00567805
0.00567897
0.00567998
0.00568106
0.00568222
0.00568345
0.00568474
0.0056861
0.00568751
0.00568901
0.00569053
0.0056921
0.00569371
0.00569537
0.00569707
0.00569881
0.00570058
0.00570235
0.00570414
0.00570595
0.00570778
0.00570956
0.00571138
0.00571317
0.00571497
0.00571675
0.00571851
0.00572025
0.00572197
0.00572364
0.00572528
0.00572689
0.00572847
0.00572998
0.00573145
0.00573288
0.00573424
0.00573555
0.00573682
0.00573803
0.00573916
0.00574024
0.00574125
0.0057422
0.0057431
0.00574393
0.00574466
0.00574536
0.00574597
0.00574653
0.00574703
0.00574746
0.00574781
0.00574811
0.00574835
0.00574851
0.00574861
0.00574863
0.0057486
0.00574851
0.00574835
0.00574812
0.00574783
0.00574746
0.00574703
0.00574653
0.00574598
0.00574533
0.00574464
0.00574387
0.00574305
0.00574216
0.0057412
0.00574018
0.00573908
0.00573793
0.00573668
0.00573538
0.00573399
0.00573254
0.00573101
0.0057294
0.00572771
0.00572595
0.00572411
0.00572219
0.00572018
0.0057181
0.00571592
0.00571366
0.00571131
0.00570888
0.00570633
0.00570373
0.00570103
0.00569823
0.00569535
0.00569239
0.00568931
0.00568615
0.00568292
0.0056796
0.00567617
0.00567269
0.00566913
0.00566547
0.00566176
0.00565796
0.00565408
0.00565014
0.00564614
0.00564207
0.00563796
0.0056338
0.00562958
0.00562531
0.005621
0.00561667
0.00561232
0.00560793
0.00560354
0.00559911
0.00559468
0.00559026
0.00558583
0.00558142
0.00557701
0.00557264
0.00556827
0.00556393
0.00555963
0.00555539
0.00555118
0.00554702
0.0055429
0.00553884
0.00553485
0.0055309
0.00552703
0.00552322
0.00551948
0.00551582
0.00551223
0.00550874
0.00550533
0.00550199
0.00549874
0.00549557
0.00549251
0.00548954
0.00548668
0.00548391
0.00548124
0.00547867
0.00547622
0.00547384
0.00547157
0.00546942
0.00546738
0.00546544
0.00546362
0.00546189
0.00546027
0.00545877
0.00545738
0.0054561
0.00545493
0.00545389
0.00545295
0.00545212
0.0054514
0.0054508
0.00545031
0.00544994
0.0054497
0.00544955
0.00544952
0.00544962
0.00544982
0.00545015
0.00545059
0.00545116
0.00545185
0.00545265
0.00545355
0.00545458
0.00545574
0.00545699
0.00545836
0.00545985
0.00546146
0.00546317
0.00546498
0.0054669
0.00546892
0.00547105
0.00547327
0.00547557
0.00547798
0.00548045
0.00548302
0.00548568
0.0054884
0.00549121
0.00549408
0.00549701
0.0055
0.00550305
0.00550614
0.00550929
0.00551246
0.00551566
0.0055189
0.00552218
0.00552546
0.00552875
0.00553207
0.0055354
0.0055387
0.00554201
0.00554529
0.00554859
0.00555183
0.00555507
0.00555827
0.00556143
0.00556457
0.00556766
0.00557071
0.00557369
0.00557664
0.00557953
0.00558236
0.00558513
0.00558782
0.00559045
0.00559299
0.00559547
0.00559786
0.00560017
0.00560241
0.00560456
0.00560662
0.00560861
0.00561049
0.0056123
0.00561401
0.00561565
0.0056172
0.00561864
0.00561999
0.00562126
0.00562242
0.0056235
0.00562448
0.00562537
0.00562618
0.00562689
0.00562752
0.00562807
0.00562853
0.00562891
0.0056292
0.00562944
0.00562961
0.00562968
0.00562968
0.0056296
0.00562946
0.00562925
0.00562898
0.00562866
0.00562828
0.00562785
0.00562736
0.00562681
0.00562624
0.00562561
0.00562497
0.0056243
0.00562359
0.00562286
0.0056221
0.00562132
0.00562055
0.00561975
0.00561893
0.00561811
0.00561729
0.00561646
0.00561564
0.00561481
0.005614
0.00561319
0.0056124
0.00561163
0.00561086
0.0056101
0.00560936
0.00560862
0.0056079
0.00560719
0.0056065
0.0056058
0.00560515
0.00560451
0.0056039
0.00560327
0.00560265
0.00560206
0.00560148
0.00560092
0.00560037
0.00559983
0.00559931
0.00559877
0.00559826
0.00559775
0.00559724
0.00559671
0.00559621
0.00559572
0.00559523
0.00559473
0.00559424
0.00559377
0.00559327
0.00559279
0.00559233
0.00559187
0.00559141
0.00559095
0.00559051
0.00559007
0.00558964
0.00558921
0.00558878
0.00558837
0.00558798
0.00558759
0.00558721
0.00558685
0.0055865
0.00558618
0.00558585
0.00558555
0.00558524
0.00558498
0.00558472
0.00558446
0.00558424
0.00558403
0.00558383
0.00558366
0.0055835
0.00558335
0.00558321
0.00558306
0.00558294
0.00558281
0.0055827
0.0055826
0.00558251
0.00558241
0.00558232
0.00558221
0.00558213
0.00558201
0.00558191
0.0055818
0.00558167
0.00558154
0.00558139
0.00558122
0.00558102
0.00558082
0.0055806
0.00558035
0.00558009
0.00557979
0.00557949
0.00557914
0.00557877
0.00557839
0.00557797
0.00557752
0.00557706
0.00557656
0.00557603
0.00557547
0.0055749
0.0055743
0.00557367
0.00557303
0.00557235
0.00557165
0.00557093
0.0055702
0.00556945
0.00556869
0.00556792
0.00556714
0.00556634
0.00556554
0.00556473
0.00556392
0.00556309
0.00556227
0.00556145
0.00556064
0.00555984
