0.1574
0.157629
0.158318
0.159469
0.161088
0.163186
0.165774
0.168871
0.172496
0.176673
0.18143
0.186797
0.19281
0.199506
0.206928
0.215121
0.224132
0.234011
0.244808
0.256573
0.269356
0.283199
0.298139
0.314199
0.331386
0.349686
0.369057
0.389421
0.410661
0.432618
0.455086
0.47782
0.500536
0.522932
0.544698
0.565535
0.585179
0.603414
0.620083
0.635101
0.64845
0.660174
0.670371
0.679178
0.686753
0.693261
0.698858
0.703679
0.70783
0.711386
0.714391
0.716873
0.718848
0.720333
0.721357
0.721966
0.722217
0.722182
0.721934
0.721537
0.721034
0.72044
0.719736
0.718875
0.717797
0.716444
0.714775
0.712782
0.710495
0.707975
0.705304
0.702579
0.699888
0.697309
0.694895
0.692677
0.690661
0.68883
0.687145
0.685548
0.683966
0.682311
0.68049
0.678414
0.676011
0.673246
0.670131
0.666733
0.66317
0.659595
0.656174
0.653065
0.650398
0.648269
0.646722
0.645754
0.645309
0.64528
0.645516
0.64584
0.646073
0.646062
0.645704
0.644956
0.643833
0.642393
0.640713
0.638872
0.636931
0.634924
0.63286
0.630724
0.628486
0.626109
0.623564
0.620841
0.617952
0.614937
0.611861
0.608805
0.60586
0.603116
0.600657
0.598556
0.59687
0.595643
0.594904
0.594664
0.59492
0.595656
0.596838
0.598422
0.600353
0.602568
0.605006
0.607609
0.610325
0.613107
0.615904
0.618659
0.621294
0.623717
0.625817
0.627473
0.628569
0.629003
0.628697
0.627609
0.625735
0.623106
0.619789
0.615883
0.611508
0.606805
0.601926
0.597027
0.592264
0.587783
0.583714
0.580167
0.577219
0.57492
0.573281
0.572285
0.571883
0.572006
0.572576
0.573514
0.574755
0.57625
0.577974
0.579918
0.582083
0.584468
0.587058
0.589817
0.592686
0.595578
0.59839
0.60101
0.603327
0.605246
0.606688
0.6076
0.607946
0.607717
0.606927
0.605626
0.603903
0.60189
0.599744
0.597632
0.595705
0.594079
0.592831
0.591988
0.591544
0.591464
0.591698
0.592194
0.592906
0.593798
0.594846
0.596033
0.597339
0.59874
0.600197
0.601669
0.603111
0.604491
0.605794
0.607026
0.608211
0.609382
0.610575
0.611823
0.613152
0.614577
0.616107
0.617741
0.619466
0.621265
0.623112
0.624979
0.626839
0.628674
0.630475
0.632252
0.634026
0.635833
0.637708
0.639679
0.641757
0.643921
0.646121
0.648273
0.650267
0.65198
0.653288
0.654078
0.654263
0.653783
0.652619
0.650789
0.648352
0.6454
0.642054
0.638455
0.634752
0.631092
0.627611
0.624422
0.62161
0.619229
0.617301
0.61582
0.61476
0.614078
0.613727
0.613658
0.613824
0.614178
0.614681
0.615292
0.61597
0.616677
0.617374
0.618026
0.618603
0.619082
0.619449
0.619693
0.619809
0.619789
0.619622
0.619296
0.618799
0.618127
0.617288
0.616305
0.615213
0.614065
0.612916
0.611831
0.61087
0.610093
0.609551
0.609287
0.60933
0.609695
0.610377
0.611353
0.612581
0.613997
0.615526
0.617082
0.618587
0.61997
0.621189
0.622226
0.623097
0.62384
0.624512
0.625169
0.625856
0.626597
0.627387
0.628192
0.628952
0.629591
0.630032
0.630207
0.630072
0.62962
0.628881
0.627919
0.626826
0.625707
0.624662
0.623777
0.623113
0.622698
0.622524
0.622545
0.622683
0.622828
0.622854
0.622641
0.6221
0.621199
0.619976
0.618537
0.617031
0.615611
0.614403
0.613477
0.612844
0.612458
0.612239
0.612096
0.61195
0.611749
0.611475
0.611135
0.610754
0.610364
0.609999
0.609696
0.609499
0.609456
0.609615
0.610016
0.610687
0.61164
0.612874
0.614386
0.616176
0.618246
0.620605
0.623255
0.626186
0.629365
0.632738
0.63623
0.639755
0.643225
0.646566
0.64972
0.652649
0.655333
0.657762
0.659925
0.661809
0.663388
0.664625
0.665472
0.665874
0.665777
0.665132
0.663904
0.662078
0.659664
0.656702
0.653257
0.649421
0.645307
0.641042
0.636764
0.632608
0.628706
0.625172
0.622098
0.619547
0.617549
0.616104
0.615189
0.614758
0.614757
0.615122
0.615785
0.616668
0.617679
0.61871
0.619639
0.620343
0.620714
0.620679
0.620211
0.619335
0.618112
0.616624
0.614956
0.613178
0.61134
0.609472
0.60758
0.605653
0.603671
0.601615
0.599476
0.597264
0.595021
0.59282
0.590762
0.588962
0.587542
0.586612
0.586258
0.58654
0.587478
0.589052
0.591186
0.593749
0.59654
0.599291
0.601692
0.603433
0.604282
0.604149
0.603119
0.601421
0.599355
0.597214
0.595225
0.593529
0.592185
0.591194
0.590517
0.590097
0.58987
0.589776
0.589764
0.589794
0.589842
0.589899
0.589968
0.590069
0.590228
0.590472
0.590828
0.591308
0.59191
0.592613
0.593375
0.594138
0.594835
0.595391
0.59574
0.595826
0.595614
0.595093
0.594282
0.593226
0.591994
0.590671
0.589355
0.588142
0.587128
0.586395
0.586014
0.586039
0.586508
0.587446
0.588856
0.590727
0.593027
0.595706
0.5987
0.60193
0.605312
0.608763
0.612208
0.615582
0.618837
0.621937
0.62486
0.627584
0.630081
0.632304
0.63418
0.635607
0.636469
0.636658
0.636109
0.634818
0.632854
0.630343
0.627445
0.624327
0.621139
0.618003
0.615007
0.612205
0.609622
0.607257
0.605089
0.603079
0.601177
0.599327
0.597475
0.595578
0.593623
0.591639
0.589708
0.58796
0.586548
0.585626
0.585317
0.58569
0.586753
0.588456
0.590698
0.593352
0.596277
0.599335
0.602401
0.605361
0.608117
0.610583
0.61269
0.61439
0.615659
0.616502
0.616943
0.617028
0.616814
0.616368
0.615765
0.615084
0.614407
0.613814
0.613384
0.613184
0.613269
0.613677
0.614422
0.615493
0.616854
0.618448
0.620202
0.622038
0.62388
0.625664
0.627345
0.628897
0.630319
0.631623
0.63284
0.634008
0.635167
0.636358
0.637615
0.638961
0.640411
0.641975
0.643661
0.645482
0.647445
0.64955
0.65177
0.654033
0.656221
0.65817
0.659692
0.660604
0.660768
0.660123
0.658691
0.656585
0.653976
0.651068
0.648067
0.645155
0.642479
0.640146
0.638219
0.636722
0.635644
0.634949
0.63458
0.634476
0.634575
0.634827
0.635197
0.635659
0.636203
0.636817
0.637493
0.638214
0.638957
0.639688
0.640366
0.640945
0.64138
0.641633
0.641678
0.641514
0.64116
0.64066
0.640076
0.639485
0.638968
0.638604
0.638466
0.63861
0.639075
0.639881
0.641026
0.642492
0.644243
0.64623
0.648389
0.650643
0.6529
0.655054
0.656997
0.658624
0.659852
0.66063
0.660948
0.660838
0.660368
0.659624
0.658704
0.657698
0.656683
0.65571
0.654811
0.65399
0.653236
0.65252
0.651804
0.651049
0.650216
0.649268
0.648176
0.646916
0.645472
0.643831
0.641989
0.639949
0.637718
0.635312
0.632755
0.630077
0.627315
0.624507
0.62169
0.618902
0.616177
0.613548
0.611044
0.608693
0.606519
0.60454
0.602768
0.60121
0.599862
0.598715
0.597756
0.596975
0.596361
0.595915
0.595645
0.595569
0.595712
0.596101
0.596757
0.597693
0.59891
0.600392
0.602113
0.604037
0.606121
0.608317
0.61057
0.612814
0.614972
0.616954
0.618672
0.620049
0.621037
0.621624
0.621838
0.62174
0.621411
0.620944
0.620432
0.619964
0.619615
0.619438
0.61945
0.619625
0.619885
0.62011
0.620155
0.619876
0.619167
0.617978
0.616333
0.61432
0.612069
0.609726
0.607431
0.605295
0.603389
0.601735
0.600306
0.59903
0.5978
0.596497
0.595004
0.593227
0.591107
0.588624
0.585795
0.582663
0.579296
0.575776
0.5722
0.568667
0.565284
0.562152
0.559364
0.557
0.555123
0.553774
0.552977
0.552733
0.553026
0.55382
0.555065
0.5567
0.558655
0.560857
0.563238
0.565737
0.568308
0.570924
0.573572
0.576256
0.578983
0.581754
0.584557
0.587364
0.590136
0.59283
0.595421
0.597907
0.600312
0.602679
0.605055
0.607475
0.609955
0.612485
0.615027
0.617524
0.619905
0.622095
0.624019
0.625619
0.626852
0.627696
0.628154
0.628245
0.628007
0.627485
0.626735
0.625814
0.624784
0.623704
0.622632
0.621617
0.6207
0.619909
0.619257
0.618741
0.618348
0.618051
0.61782
0.61762
0.617417
0.617182
0.616892
0.616533
0.616095
0.615577
0.614981
0.614309
0.613558
0.612721
0.611785
0.610733
0.609544
0.608202
0.606693
0.605015
0.603181
0.601216
0.599164
0.59708
0.595027
0.593069
0.591266
0.589666
0.588304
0.587204
0.586382
0.585849
0.585621
0.585712
0.586144
0.586933
0.588091
0.589614
0.591484
0.593659
0.596078
0.59866
0.60131
0.603929
0.606424
0.608717
0.610757
0.612522
0.614015
0.615258
0.616284
0.617122
0.617796
0.618318
0.618683
0.618879
0.618881
0.618659
0.618181
0.617419
0.616349
0.614964
0.613268
0.611289
0.609071
0.606678
0.60419
0.601697
0.599293
0.597075
0.59513
0.593536
0.592351
0.591614
0.591341
0.591526
0.592139
0.593131
0.594442
0.596001
0.597729
0.59955
0.601381
0.603143
0.604757
0.606154
0.60727
0.608062
0.608503
0.608587
0.608332
0.607775
0.606975
0.606006
0.604952
0.603902
0.602939
0.602136
0.601545
0.601188
0.60106
0.60112
0.601305
0.60154
0.601753
0.601888
0.601917
0.601837
0.60166
0.601412
0.601129
0.600862
0.600684
0.600688
0.600982
0.601671
0.602833
0.604494
0.606614
0.609084
0.611726
0.614318
0.616629
0.618455
0.619659
0.620194
0.620103
0.619504
0.618559
0.617442
0.616317
0.615316
0.614538
0.61404
0.613843
0.613935
0.614275
0.6148
0.61543
0.616079
0.616656
0.617077
0.617263
0.617151
0.616694
0.61587
0.614683
0.613168
0.611389
0.609434
0.607399
0.605383
0.603466
0.601705
0.600128
0.598738
0.597521
0.596451
0.595506
0.594669
0.593937
0.593321
0.592848
0.592553
0.59248
0.592673
0.593165
0.593976
0.595108
0.596534
0.598204
0.600043
0.601958
0.603842
0.605593
0.607126
0.608391
0.609388
0.610172
0.610851
0.611562
0.612444
0.613608
0.615111
0.616936
0.618997
0.621149
0.623204
0.62496
0.626231
0.62687
0.626795
0.625997
0.624547
0.62258
0.620276
0.617837
0.615451
0.613282
0.611453
0.610046
0.609106
0.608644
0.60865
0.609089
0.609916
0.611072
0.612486
0.614086
0.615796
0.617545
0.619277
0.62095
0.622536
0.624021
0.625396
0.626653
0.627781
0.628769
0.629614
0.630317
0.630896
0.631384
0.631829
0.632287
0.632824
0.633504
0.634385
0.635517
0.636933
0.638644
0.640637
0.642874
0.645285
0.647775
0.650228
0.652515
0.654507
0.656082
0.657141
0.65761
0.657439
0.656597
0.655069
0.652842
0.649902
0.646236
0.641838
0.636716
0.630913
0.624513
0.617652
0.610514
0.603317
0.596296
0.589679
0.583668
0.578428
0.57408
0.570701
0.568327
0.566959
0.56657
0.567109
0.568509
0.57069
0.573564
0.577041
0.581036
0.585467
0.590262
0.595363
0.600727
0.606323
0.612138
0.618165
0.624403
0.630845
0.637472
0.644232
0.651042
0.65777
0.664245
0.670259
0.675593
0.680046
0.683475
0.685824
0.687138
0.687543
0.687205
0.686282
0.684883
0.683058
0.680809
0.67812
0.674984
0.67143
0.667527
0.663384
0.659134
0.654912
0.650839
0.647007
0.643474
0.640271
0.637404
0.63487
0.632666
0.630787
0.629235
0.628004
0.627084
0.626451
0.626072
0.62591
0.625929
0.626098
0.626398
0.626818
0.627354
0.628003
0.628762
0.62962
0.630559
0.631554
0.632573
0.633583
0.634551
0.635448
0.636245
0.636918
0.637441
0.637786
0.637928
0.637842
0.637512
0.636936
0.636129
0.635125
0.633975
0.632745
0.631506
0.630333
0.629285
0.628405
0.627701
0.627143
0.62666
0.626148
0.625481
0.624537
0.623218
0.621463
0.619261
0.61664
0.613658
0.610385
0.606894
0.603265
0.599581
0.595941
0.592457
0.589253
0.586454
0.58417
0.582485
0.581446
0.581063
0.581308
0.582125
0.583439
0.585171
0.587247
0.589609
0.592219
0.595061
0.598136
0.601443
0.604964
0.608632
0.612313
0.615786
0.618756
0.620899
0.621925
0.621664
0.620109
0.61742
0.613869
0.609769
0.605416
0.601054
0.596872
0.593018
0.589615
0.586769
0.584572
0.583097
0.582387
0.582442
0.583215
0.584604
0.586472
0.588663
0.591041
0.593511
0.596033
0.598615
0.601288
0.604084
0.607016
0.610071
0.613214
0.616389
0.619527
0.622548
0.625362
0.627873
0.629973
0.631555
0.632513
0.632759
0.63223
0.630901
0.628794
0.625969
0.622519
0.618559
0.614214
0.609606
0.604856
0.600077
0.595374
0.590847
0.586588
0.582687
0.579227
0.576283
0.573927
0.572215
0.571192
0.570879
0.571274
0.572345
0.574039
0.576278
0.578971
0.582021
0.585325
0.588776
0.592259
0.595647
0.598805
0.601593
0.603881
0.605569
0.6066
0.606972
0.606741
0.606013
0.604926
0.603638
0.602307
0.601075
0.600056
0.599331
0.598942
0.598891
0.599142
0.59962
0.600225
0.600832
0.601308
0.601522
0.601357
0.60072
0.599554
0.597837
0.595592
0.592885
0.58982
0.58653
0.583162
0.579866
0.576774
0.573996
0.57161
0.569666
0.568183
0.567157
0.56656
0.566348
0.566463
0.566836
0.5674
0.568094
0.568873
0.569716
0.570625
0.571625
0.572756
0.574068
0.575606
0.577406
0.579495
0.581877
0.584538
0.587441
0.590525
0.593705
0.59688
0.599944
0.602802
0.60539
0.60768
0.60969
0.611465
0.613067
0.614555
0.615971
0.617337
0.61865
0.619896
0.621049
0.622084
0.622984
0.623744
0.624373
0.624901
0.625373
0.625853
0.626425
0.627185
0.628237
0.629687
0.631629
0.634123
0.637185
0.640765
0.644743
0.64893
0.653085
0.656945
0.660261
0.662832
0.664527
0.665294
0.66515
0.664161
0.662419
0.660024
0.657077
0.65368
0.649938
0.645959
0.641846
0.637695
0.633581
0.62956
0.625669
0.621927
0.618341
0.614911
0.611639
0.608525
0.605576
0.602803
0.600221
0.597849
0.595708
0.593816
0.592192
0.590851
0.589802
0.589052
0.588597
0.588428
0.58853
0.58888
0.589455
0.590236
0.591211
0.592382
0.593768
0.595399
0.597317
0.59956
0.602158
0.60512
0.60843
0.612048
0.615914
0.619948
0.624064
0.628168
0.632161
0.635937
0.639382
0.642371
0.644765
0.646412
0.647156
0.646857
0.64542
0.642826
0.63916
0.634618
0.629486
0.624104
0.618816
0.613927
0.609667
0.606176
0.603508
0.601638
0.600478
0.599907
0.599788
0.599986
0.600388
0.600904
0.601472
0.602053
0.602627
0.603185
0.603728
0.604258
0.604778
0.605289
0.605789
0.60627
0.606721
0.607123
0.607458
0.607704
0.607845
0.607872
0.607783
0.607589
0.607302
0.606937
0.6065
0.605996
0.605418
0.604763
0.604024
0.603198
0.602283
0.601281
0.600195
0.599035
0.597822
0.596594
0.595401
0.59431
0.593397
0.592738
0.592403
0.592451
0.59292
0.593824
0.595155
0.596878
0.598935
0.601249
0.603724
0.606256
0.608743
0.611095
0.613245
0.615155
0.616817
0.618247
0.619475
0.620534
0.621452
0.622254
0.622957
0.623578
0.624139
0.624667
0.625195
0.625766
0.626425
0.627218
0.628191
0.629381
0.630815
0.632508
0.634449
0.636604
0.638902
0.641231
0.643435
0.645326
0.646697
0.647363
0.647199
0.646177
0.644385
0.642008
0.639293
0.6365
0.633857
0.631531
0.629614
0.628138
0.627078
0.626383
0.625986
0.625826
0.625854
0.626038
0.62637
0.626864
0.627555
0.628486
0.629693
0.631174
0.632863
0.634615
0.636212
0.637409
0.637985
0.637797
0.636815
0.635105
0.632801
0.630057
0.627023
0.623823
0.620564
0.617334
0.614214
0.611285
0.608621
0.606296
0.604376
0.602913
0.601943
0.601479
0.601509
0.601996
0.602883
0.604093
0.605542
0.607143
0.608816
0.610491
0.612113
0.61364
0.61505
0.616338
0.617518
0.618624
0.619714
0.620859
0.622142
0.623647
0.625444
0.627579
0.630065
0.632878
0.635953
0.639186
0.642438
0.645551
0.648352
0.650685
0.652423
0.653497
0.653894
0.653655
0.652839
0.651495
0.649629
0.647204
0.644161
0.640466
0.636155
0.631356
0.626274
0.621152
0.616223
0.611675
0.607632
0.604152
0.601242
0.598871
0.596986
0.595525
0.594431
0.593651
0.593145
0.592878
0.592823
0.592953
0.59324
0.593653
0.594161
0.594735
0.595349
0.595986
0.596632
0.597283
0.597934
0.598582
0.59922
0.599837
0.600417
0.600943
0.601399
0.601771
0.602057
0.602262
0.602409
0.602534
0.602684
0.602916
0.603286
0.603844
0.604628
0.605662
0.606951
0.608488
0.610252
0.612207
0.614308
0.6165
0.618719
0.620898
0.622978
0.62491
0.626672
0.628274
0.62975
0.631148
0.632511
0.633853
0.635153
0.636351
0.637365
0.63812
0.638575
0.63874
0.638678
0.638491
0.638288
0.638162
0.638166
0.638304
0.638533
0.63877
0.638913
0.638861
0.638536
0.637895
0.636929
0.635656
0.634107
0.632319
0.630339
0.628227
0.626074
0.623998
0.622138
0.620643
0.619648
0.619266
0.619562
0.620546
0.622158
0.62426
0.626656
0.629111
0.6314
0.633341
0.634824
0.635814
0.636332
0.636437
0.6362
0.635696
0.634992
0.634149
0.633219
0.632249
0.631276
0.63033
0.629431
0.628599
0.627854
0.627221
0.626738
0.626453
0.626416
0.626664
0.6272
0.627973
0.628871
0.629728
0.630364
0.630633
0.630465
0.629882
0.628979
0.627879
0.626692
0.625489
0.624297
0.623107
0.621892
0.62062
0.619271
0.617838
0.61633
0.614776
0.613211
0.611682
0.610229
0.608891
0.607692
0.606643
0.605743
0.604984
0.604352
0.603837
0.603429
0.603121
0.602907
0.602779
0.602727
0.602733
0.602775
0.602826
0.60286
0.602855
0.602801
0.602699
0.602568
0.60244
0.602357
0.602361
0.602492
0.602773
0.603211
0.603791
0.604478
0.605221
0.605961
0.606639
0.607205
0.607625
0.607882
0.607979
0.607938
0.607795
0.607599
0.607409
0.607279
0.607259
0.607385
0.607676
0.608138
0.608768
0.609561
0.610517
0.611642
0.612954
0.614479
0.616247
0.618289
0.620631
0.623289
0.626262
0.629525
0.633027
0.636688
0.640404
0.644059
0.647533
0.650717
0.653531
0.655923
0.657879
0.659416
0.660576
0.661411
0.661975
0.66231
0.662441
0.662374
0.662098
0.661596
0.660851
0.659857
0.658622
0.657181
0.655586
0.653916
0.652265
0.650741
0.649453
0.648499
0.64795
0.647838
0.648151
0.648829
0.649781
0.650892
0.652042
0.653113
0.653998
0.654599
0.654832
0.654635
0.653974
0.652855
0.65133
0.649492
0.647467
0.645396
0.643419
0.641666
0.640251
0.63927
0.638811
0.638943
0.639718
0.641164
0.643269
0.645979
0.649194
0.652768
0.656521
0.660257
0.663785
0.666946
0.669635
0.671811
0.67349
0.674731
0.675607
0.676183
0.676497
0.676558
0.676352
0.67586
0.675068
0.673979
0.672612
0.670994
0.66916
0.667143
0.664977
0.662701
0.660361
0.658006
0.655687
0.65344
0.651282
0.649194
0.647129
0.645014
0.642776
0.640361
0.637754
0.634983
0.632112
0.629223
0.626401
0.623722
0.621247
0.619022
0.617081
0.615445
0.614124
0.613121
0.612436
0.612066
0.612013
0.612287
0.612899
0.613862
0.615173
0.616807
0.618702
0.620759
0.62284
0.624786
0.626429
0.627621
0.62825
0.628254
0.627626
0.626408
0.624677
0.622537
0.620099
0.617479
0.614795
0.612161
0.609687
0.607476
0.605621
0.604195
0.603247
0.602797
0.602836
0.603327
0.604211
0.605409
0.606835
0.608396
0.610009
0.611598
0.613109
0.614506
0.615774
0.61692
0.61796
0.618918
0.619812
0.62064
0.621379
0.621968
0.622318
0.622315
0.62184
0.620788
0.619095
0.616754
0.613817
0.610395
0.606634
0.602698
0.598743
0.594909
0.591311
0.588035
0.585144
0.58268
0.580672
0.579133
0.578069
0.577472
0.577328
0.577611
0.578288
0.579317
0.580649
0.582227
0.58399
0.585868
0.587787
0.589662
0.591405
0.592921
0.594124
0.594946
0.595351
0.595352
0.595014
0.594448
0.593791
0.593181
0.592738
0.592549
0.59266
0.593081
0.593796
0.594773
0.595976
0.597372
0.598939
0.600663
0.602538
0.604558
0.606707
0.608949
0.611225
0.613448
0.615509
0.617292
0.618699
0.619666
0.620182
0.620289
0.620072
0.619635
0.619086
0.618511
0.617971
0.617501
0.617111
0.616799
0.616561
0.6164
0.616332
0.616386
0.6166
0.617011
0.617643
0.6185
0.61955
0.62073
0.62194
0.623059
0.623955
0.624505
0.624615
0.624236
0.623369
0.622062
0.620399
0.618481
0.616411
0.61428
0.612162
0.610111
0.608173
0.606387
0.604792
0.603432
0.602357
0.601616
0.60126
0.601335
0.60188
0.602926
0.604492
0.606589
0.609211
0.612335
0.615913
0.619869
0.624094
0.628442
0.632738
0.636783
0.640368
0.643283
0.645339
0.646378
0.646288
0.645022
0.642609
0.639161
0.63487
0.629992
0.62481
0.619607
0.614626
0.610052
0.605999
0.602517
0.599598
0.597198
0.595258
0.593714
0.592512
0.591611
0.590977
0.590581
0.590388
0.59035
0.590408
0.59049
0.590517
0.590414
0.590113
0.589568
0.588758
0.587692
0.586406
0.584959
0.583425
0.581886
0.580427
0.579129
0.578072
0.57733
0.576971
0.57706
0.577652
0.578796
0.580531
0.582883
0.585863
0.589457
0.593619
0.598261
0.603248
0.608404
0.613527
0.618428
0.622955
0.627022
0.630605
0.633726
0.636421
0.638719
0.640627
0.642131
0.643206
0.643832
0.644008
0.643759
0.643142
0.642244
0.64117
0.640034
0.638951
0.63802
0.637322
0.636905
0.636787
0.63695
0.637346
0.637904
0.638542
0.639179
0.639749
0.640209
0.640542
0.640752
0.640859
0.640886
0.640853
0.640775
0.640658
0.640509
0.640332
0.64013
0.639905
0.63965
0.639345
0.638962
0.638466
0.637826
0.637026
0.636065
0.634963
0.633754
0.632473
0.631155
0.629824
0.628499
0.627196
0.625925
0.624698
0.623522
0.622405
0.621348
0.620344
0.619383
0.618447
0.617517
0.616573
0.615596
0.614575
0.613504
0.612388
0.611235
0.610066
0.608903
0.607777
0.606719
0.60576
0.604925
0.604234
0.603695
0.60331
0.60307
0.602957
0.602951
0.603024
0.603145
0.603282
0.603401
0.603467
0.60345
0.603328
0.603088
0.602734
0.602287
0.601788
0.601296
0.600882
0.600629
0.600618
0.600926
0.601615
0.602727
0.604275
0.606245
0.608592
0.61125
0.614136
0.617164
0.620251
0.62333
0.626342
0.629241
0.63198
0.634507
0.636753
0.638632
0.640035
0.640843
0.640939
0.640232
0.638679
0.636297
0.633162
0.6294
0.625154
0.620567
0.615758
0.610819
0.605829
0.600866
0.596032
0.591453
0.587275
0.583643
0.580679
0.578459
0.577008
0.576295
0.576242
0.576736
0.577646
0.57884
0.580197
0.58162
0.583038
0.584399
0.585665
0.58681
0.587808
0.588644
0.589307
0.589797
0.590128
0.590326
0.590427
0.590475
0.590516
0.590596
0.590756
0.591029
0.591439
0.592
0.592717
0.593581
0.594565
0.595623
0.596688
0.597677
0.598511
0.599135
0.599541
0.599775
0.599927
0.600107
0.600419
0.600928
0.601656
0.602572
0.603602
0.604641
0.605571
0.606283
0.606699
0.60679
0.606578
0.606137
0.605576
0.605013
0.604557
0.604287
0.604243
0.604429
0.604823
0.60538
0.606053
0.606799
0.607579
0.608366
0.609144
0.609899
0.610628
0.611328
0.611999
0.612644
0.613264
0.613863
0.61444
0.614998
0.615539
0.616072
0.616609
0.61717
0.617781
0.618475
0.619287
0.620254
0.62141
0.622782
0.624387
0.626226
0.628287
0.630537
0.632933
0.635418
0.637934
0.64042
0.642819
0.64508
0.647152
0.648987
0.650532
0.651731
0.652527
0.652862
0.652691
0.651979
0.650714
0.648901
0.646563
0.643739
0.640477
0.636829
0.632857
0.628626
0.624219
0.619735
0.61529
0.611015
0.60704
0.603484
0.600437
0.597958
0.596067
0.594749
0.593955
0.593609
0.593618
0.593876
0.594279
0.594727
0.595136
0.595441
0.5956
0.595596
0.595438
0.595155
0.594791
0.5944
0.594026
0.5937
0.593434
0.593214
0.593015
0.592802
0.592551
0.592253
0.591919
0.591587
0.591312
0.59116
0.591204
0.591511
0.592138
0.59313
0.594514
0.596303
0.598491
0.601056
0.603952
0.607111
0.610429
0.613767
0.616957
0.619815
0.622181
0.623942
0.625059
0.625558
0.625513
0.625014
0.624145
0.622974
0.621552
0.619922
0.618121
0.616183
0.614146
0.612048
0.609928
0.607824
0.605776
0.603818
0.60198
0.600283
0.598743
0.597368
0.596163
0.595133
0.59429
0.593649
0.593232
0.593068
0.593185
0.593609
0.594362
0.595452
0.596875
0.59861
0.600612
0.602811
0.605109
0.607383
0.609493
0.611296
0.612674
0.613553
0.613919
0.613829
0.613398
0.61278
0.612147
0.611656
0.611438
0.611583
0.612139
0.613113
0.614479
0.616185
0.618163
0.620334
0.622611
0.624901
0.62711
0.629145
0.630915
0.632341
0.63336
0.633931
0.634037
0.633688
0.632921
0.631795
0.630388
0.62879
0.627097
0.625399
0.623775
0.622286
0.620966
0.619824
0.61884
0.617971
0.617157
0.61633
0.615429
0.614409
0.613253
0.611972
0.610606
0.609223
0.607902
0.606729
0.605771
0.605066
0.604607
0.604348
0.604218
0.604164
0.604181
0.604335
0.604745
0.605549
0.606855
0.608713
0.611101
0.613936
0.617086
0.620398
0.623711
0.626871
0.629748
0.63224
0.634278
0.635834
0.636915
0.637563
0.637841
0.637827
0.637599
0.637229
0.636771
0.636254
0.635681
0.63503
0.634259
0.63332
0.632173
0.6308
0.629216
0.627465
0.625617
0.623751
0.621947
0.620271
0.618777
0.617511
0.616517
0.615851
0.615586
0.615815
0.616637
0.618138
0.62037
0.623318
0.626883
0.630872
0.635013
0.638986
0.642491
0.645308
0.647353
0.648687
0.649483
0.649957
0.6503
0.650633
0.650997
0.651366
0.651668
0.651816
0.651723
0.651322
0.650568
0.649445
0.647966
0.646167
0.644104
0.64185
0.639489
0.637111
0.634813
0.632688
0.630828
0.629311
0.628203
0.627556
0.627401
0.627751
0.628601
0.629923
0.631669
0.633762
0.636094
0.638531
0.640914
0.64308
0.64488
0.646204
0.647003
0.647286
0.647121
0.646605
0.645847
0.644946
0.64398
0.643002
0.64205
0.641152
0.640332
0.639616
0.639025
0.638574
0.638261
0.638066
0.637945
0.637836
0.63767
0.637376
0.636904
0.636229
0.635357
0.63433
0.63321
0.63207
0.630978
0.629986
0.629117
0.628365
0.627697
0.627061
0.6264
0.625667
0.624836
0.623905
0.622899
0.621854
0.62081
0.619795
0.618812
0.617844
0.616852
0.61579
0.614617
0.613307
0.61185
0.610247
0.608509
0.60665
0.604686
0.602639
0.600537
0.598415
0.596316
0.594281
0.592353
0.590571
0.588967
0.587566
0.586391
0.585458
0.58478
0.584369
0.58423
0.584364
0.584762
0.585401
0.586241
0.587225
0.588283
0.589342
0.590341
0.591247
0.592059
0.592804
0.593532
0.594296
0.595142
0.596107
0.597215
0.598485
0.599933
0.601575
0.603424
0.605497
0.607806
0.610358
0.613148
0.61614
0.619265
0.622407
0.625411
0.628102
0.630309
0.631889
0.632754
0.632879
0.632303
0.63113
0.629511
0.627635
0.625703
0.623907
0.622412
0.621343
0.620782
0.62077
0.621312
0.622385
0.623942
0.625917
0.628221
0.630747
0.63337
0.635957
0.638372
0.640491
0.64221
0.643463
0.644223
0.644512
0.644395
0.643968
0.643347
0.642643
0.641942
0.641297
0.640715
0.640169
0.639605
0.638962
0.638185
0.637237
0.636102
0.634789
0.633329
0.631779
0.630215
0.628727
0.627409
0.626347
0.625608
0.625231
0.625223
0.625567
0.626216
0.627105
0.62815
0.629257
0.630333
0.6313
0.632114
0.63277
0.633301
0.633772
0.634265
0.634869
0.63566
0.636696
0.638008
0.639592
0.641413
0.643407
0.645487
0.647558
0.64952
0.651283
0.652764
0.653894
0.654611
0.65486
0.654586
0.653746
0.652309
0.650274
0.647681
0.644607
0.641163
0.63748
0.633689
0.629921
0.626296
0.622926
0.619919
0.617375
0.615387
0.614038
0.613395
0.613506
0.614392
0.616044
0.618422
0.621452
0.625025
0.629005
0.63323
0.63753
0.64173
0.645669
0.649207
0.652222
0.654616
0.656305
0.657225
0.657336
0.656631
0.655143
0.652949
0.650165
0.646939
0.643441
0.639852
0.63635
0.633101
0.630252
0.627921
0.626201
0.625152
0.624811
0.625192
0.626288
0.628075
0.63051
0.63353
0.637048
0.64095
0.645105
0.649372
0.653612
0.657713
0.661593
0.665209
0.668547
0.671612
0.674408
0.676932
0.679166
0.681084
0.682664
0.683895
0.684784
0.685359
0.685655
0.685704
0.685519
0.685081
0.684343
0.683234
0.681679
0.679617
0.67702
0.673903
0.670321
0.666354
0.662093
0.657616
0.652979
0.648219
0.643362
0.638434
0.633484
0.628587
0.623847
0.619387
0.615338
0.611825
0.608959
0.606828
0.605496
0.605005
0.605372
0.60659
0.608625
0.611419
0.614884
0.618906
0.623341
0.628022
0.632764
0.637383
0.641713
0.64563
0.649061
0.651986
0.654429
0.656432
0.658042
0.659287
0.660167
0.660653
0.660685
0.660179
0.659042
0.657181
0.654522
0.651024
0.646694
0.641591
0.635828
0.629566
0.623001
0.61634
0.609788
0.603526
0.597695
0.592391
0.587658
0.583496
0.579863
0.576691
0.573899
0.571402
0.569126
0.567011
0.565018
0.563122
0.561313
0.559587
0.557948
0.556402
0.554957
0.553626
0.552425
0.551379
0.550519
0.549883
0.549518
0.549473
0.549798
0.55054
0.551738
0.553423
0.555609
0.558299
0.561477
0.565112
0.569155
0.573542
0.578191
0.583007
0.587884
0.592708
0.597363
0.601743
0.605751
0.609315
0.612392
0.614971
0.617073
0.61875
0.620072
0.621125
0.621995
0.622762
0.623491
0.624233
0.625013
0.625837
0.626682
0.627506
0.628246
0.62883
0.629186
0.629263
0.629037
0.628526
0.627785
0.626903
0.625989
0.625151
0.624487
0.62407
0.623948
0.624141
0.624645
0.62544
0.626485
0.627712
0.629026
0.63031
0.631451
0.632371
0.633062
0.633581
0.634025
0.634471
0.634942
0.635382
0.635684
0.635735
0.635465
0.634877
0.634044
0.633088
0.632143
0.631326
0.630723
0.630388
0.630341
0.630573
0.631047
0.631707
0.632476
0.633272
0.634014
0.634637
0.635098
0.635383
0.635502
0.635482
0.635357
0.635159
0.634906
0.634602
0.634228
0.633754
0.633134
0.632323
0.631277
0.629966
0.628375
0.626505
0.624376
0.622017
0.619462
0.616744
0.613883
0.610894
0.607789
0.604578
0.601285
0.597948
0.594628
0.591401
0.588361
0.585605
0.583229
0.581313
0.579918
0.579081
0.578813
0.579101
0.579909
0.581182
0.582853
0.584848
0.58709
0.589505
0.592031
0.594618
0.597234
0.599865
0.602512
0.605189
0.607921
0.610727
0.613625
0.61661
0.619658
0.622709
0.62567
0.628416
0.630795
0.63265
0.633837
0.634251
0.633846
0.632642
0.630729
0.628245
0.62537
0.622299
0.619229
0.616345
0.613807
0.611741
0.610235
0.60933
0.60902
0.609252
0.609931
0.610932
0.612118
0.613365
0.614587
0.615758
0.616926
0.618198
0.619722
0.621653
0.62412
0.627204
0.630914
0.635197
0.639941
0.644999
0.650207
0.655401
0.660422
0.665119
0.669347
0.672976
0.675902
0.678067
0.679468
0.680165
0.680271
0.679938
0.679336
0.678637
0.677995
0.677543
0.677381
0.677576
0.678165
0.679148
0.680494
0.682138
0.683985
0.68591
0.687767
0.68939
0.690604
0.691232
0.691108
0.690087
0.688064
0.684993
0.680907
0.675925
0.670247
0.664123
0.65782
0.651579
0.645585
0.639963
0.634781
0.63007
0.625847
0.622127
0.618941
0.616325
0.614319
0.612959
0.612258
0.612213
0.612792
0.613945
0.615602
0.617681
0.620088
0.622718
0.625449
0.628145
0.630649
0.6328
0.634446
0.635475
0.635838
0.635563
0.63475
0.633545
0.632105
0.630568
0.629024
0.627515
0.626032
0.624535
0.622965
0.621268
0.619404
0.617354
0.615127
0.612755
0.610289
0.607796
0.605351
0.603034
0.600928
0.599111
0.597659
0.596631
0.596068
0.595978
0.596329
0.597046
0.598021
0.599127
0.600248
0.601301
0.602259
0.603148
0.604033
0.604994
0.606104
0.607414
0.60894
0.610665
0.612546
0.614519
0.616506
0.618426
0.620205
0.621776
0.62309
0.624116
0.624838
0.625257
0.625386
0.625248
0.624867
0.62427
0.623485
0.622536
0.621451
0.620256
0.618987
0.617685
0.616404
0.61521
0.614184
0.613416
0.612999
0.613023
0.613561
0.614664
0.616347
0.618588
0.621326
0.624452
0.62782
0.631245
0.634512
0.637394
0.639669
0.641141
0.641669
0.641176
0.639654
0.637167
0.633832
0.629805
0.625268
0.620411
0.615419
0.61046
0.605679
0.601193
0.597097
0.59346
0.590333
0.587754
0.585746
0.584316
0.58346
0.583155
0.583366
0.584044
0.585132
0.58657
0.588297
0.590257
0.592402
0.594693
0.597108
0.599639
0.602292
0.605086
0.608042
0.611182
0.614515
0.618032
0.621698
0.625448
0.629187
0.63279
0.636113
0.639001
0.641307
0.642914
0.643749
0.643796
0.643095
0.641734
0.639828
0.637497
0.634847
0.631957
0.628875
0.625621
0.622196
0.618598
0.614827
0.610898
0.606841
0.602701
0.598533
0.594394
0.590339
0.586417
0.582667
0.579119
0.575791
0.572693
0.569827
0.567186
0.564757
0.562522
0.56046
0.558553
0.556783
0.555145
0.553641
0.552288
0.551112
0.550151
0.549451
0.54906
0.549023
0.549382
0.550166
0.551392
0.553059
0.55515
0.557624
0.56042
0.563451
0.566609
0.569767
0.572783
0.575517
0.577839
0.57965
0.580894
0.581573
0.581745
0.581518
0.581041
0.580481
0.580007
0.579777
0.579926
0.58056
0.581747
0.58352
0.585866
0.588734
0.592031
0.59563
0.599375
0.603098
0.606629
0.609808
0.612497
0.614588
0.616002
0.616693
0.616648
0.615887
0.614466
0.61247
0.610009
0.607213
0.604218
0.601152
0.59813
0.595242
0.592554
0.590104
0.587912
0.585982
0.584313
0.582898
0.581736
0.580832
0.580197
0.57985
0.579815
0.580123
0.580805
0.581894
0.583416
0.585386
0.587807
0.590655
0.593877
0.59738
0.601028
0.604645
0.608024
0.610951
0.613234
0.614741
0.615415
0.615285
0.614455
0.613085
0.611366
0.609505
0.607702
0.606137
0.604954
0.604252
0.604072
0.604403
0.605192
0.606365
0.607843
0.609565
0.611494
0.613616
0.615925
0.618403
0.621001
0.623616
0.626088
0.628212
0.629767
0.630563
0.630488
0.629541
0.627832
0.625543
0.622888
0.620058
0.617207
0.614442
0.611841
0.609471
0.607394
0.60567
0.604353
0.603484
0.603086
0.603167
0.60372
0.604731
0.606187
0.608077
0.610395
0.613139
0.616302
0.619867
0.623792
0.628007
0.632402
0.636834
0.641127
0.645091
0.648537
0.651298
0.653251
0.654339
0.654581
0.654068
0.652952
0.651416
0.649645
0.647799
0.645999
0.644317
0.642784
0.641389
0.64009
0.638819
0.637491
0.636008
0.63428
0.632231
0.629823
0.627065
0.624014
0.620771
0.617465
0.614235
0.611209
0.60849
0.60614
0.604172
0.602549
0.601196
0.600018
0.598927
0.597861
0.596795
0.595735
0.594711
0.593761
0.592931
0.592271
0.591833
0.591667
0.59181
0.592288
0.593108
0.594259
0.595713
0.597429
0.59935
0.601398
0.60348
0.60549
0.607317
0.608862
0.610057
0.610873
0.611319
0.611434
0.611266
0.610856
0.610225
0.609375
0.608298
0.606991
0.605462
0.603739
0.60186
0.599869
0.59781
0.595724
0.593649
0.591627
0.589699
0.587907
0.586288
0.584869
0.58367
0.582696
0.581951
0.58143
0.581129
0.581042
0.581159
0.581465
0.581933
0.582528
0.583205
0.583913
0.584604
0.585234
0.585777
0.586219
0.586563
0.586822
0.587017
0.587171
0.587311
0.587464
0.58766
0.587931
0.588315
0.588847
0.58956
0.590476
0.5916
0.592909
0.59435
0.595834
0.597242
0.598436
0.599275
0.599642
0.599461
0.598716
0.597453
0.595773
0.593807
0.591702
0.589594
0.587601
0.585815
0.5843
0.583092
0.582199
0.581606
0.581273
0.581141
0.581138
0.581191
0.581226
0.581186
0.581027
0.580725
0.580278
0.579707
0.579052
0.57837
0.57773
0.577207
0.576873
0.576789
0.577006
0.577554
0.578449
0.579684
0.581238
0.583071
0.585131
0.587355
0.589679
0.592045
0.594412
0.596756
0.599073
0.60137
0.603654
0.605919
0.608143
0.610289
0.61231
0.614156
0.61579
0.617187
0.618339
0.619252
0.619947
0.620451
0.620797
0.621016
0.621138
0.621179
0.621147
0.621034
0.62083
0.620519
0.620091
0.619546
0.618892
0.618143
0.617312
0.616408
0.615431
0.614377
0.613236
0.612004
0.610688
0.609308
0.607903
0.606522
0.605223
0.604067
0.60311
0.602402
0.601986
0.601894
0.602146
0.602755
0.603721
0.605032
0.606658
0.608547
0.610627
0.612804
0.614966
0.616992
0.618767
0.620191
0.621197
0.621759
0.621892
0.621652
0.621127
0.620422
0.619651
0.618924
0.618341
0.617984
0.617916
0.618184
0.618816
0.619827
0.621218
0.622982
0.6251
0.627542
0.630267
0.633216
0.636316
0.639481
0.642613
0.645614
0.648394
0.650887
0.653062
0.654923
0.656505
0.657851
0.658992
0.659928
0.660614
0.660968
0.66088
0.660242
0.658972
0.657041
0.654486
0.651403
0.647937
0.644258
0.640541
0.636952
0.63363
0.630678
0.628167
0.626129
0.624571
0.623475
0.622811
0.622542
0.622626
0.623018
0.623666
0.624506
0.625458
0.626428
0.627316
0.628028
0.628495
0.628693
0.628651
0.628448
0.628198
0.62803
0.628058
0.628365
0.62898
0.62988
0.630993
0.632214
0.633431
0.634543
0.635474
0.636185
0.636668
0.636943
0.637051
0.637038
0.636949
0.636807
0.636617
0.63636
0.636006
0.635521
0.634872
0.63404
0.63302
0.631818
0.630454
0.628954
0.62735
0.625672
0.623945
0.622189
0.620417
0.618636
0.616848
0.61506
0.613284
0.611541
0.609863
0.608289
0.606863
0.605626
0.604613
0.603845
0.603324
0.603032
0.602933
0.602971
0.603087
0.603219
0.603321
0.603369
0.603363
0.60333
0.603316
0.603379
0.603577
0.603958
0.604555
0.605377
0.606414
0.607632
0.608981
0.610404
0.611841
0.61324
0.614569
0.615821
0.617013
0.618183
0.61938
0.62065
0.622025
0.623527
0.625162
0.626934
0.628853
0.630939
0.633226
0.635756
0.638572
0.641706
0.645166
0.648932
0.65294
0.657087
0.66123
0.665196
0.668795
0.671845
0.674186
0.675702
0.676333
0.676074
0.674979
0.673152
0.670732
0.667876
0.664741
0.661459
0.658134
0.654823
0.651547
0.648289
0.64501
0.641657
0.638184
0.634558
0.630772
0.626846
0.622827
0.618781
0.614789
0.610934
0.607297
0.603955
0.600978
0.598423
0.596338
0.594757
0.593695
0.593146
0.593077
0.593431
0.59412
0.595031
0.596031
0.596976
0.597717
0.598116
0.59806
0.597468
0.596304
0.594585
0.592374
0.58978
0.586943
0.584021
0.581175
0.578551
0.57627
0.574422
0.573057
0.572197
0.571828
0.571916
0.572411
0.573249
0.574366
0.575696
0.577179
0.57876
0.58039
0.582024
0.58362
0.585136
0.586535
0.58778
0.588845
0.58971
0.59037
0.590826
0.591093
0.59119
0.591137
0.590955
0.590664
0.59028
0.589817
0.589293
0.588721
0.588123
0.587518
0.586935
0.586403
0.585956
0.585632
0.585471
0.58551
0.585782
0.586308
0.587097
0.588136
0.58939
0.590803
0.5923
0.593794
0.595192
0.596404
0.597359
0.598004
0.598321
0.598323
0.598055
0.597593
0.59703
0.596467
0.596001
0.595711
0.595653
0.595857
0.596318
0.597009
0.597877
0.598856
0.599875
0.600865
0.601769
0.602547
0.603184
0.603685
0.60408
0.604412
0.604736
0.605103
0.60556
0.60614
0.606856
0.607704
0.608657
0.609675
0.610705
0.611689
0.612574
0.613321
0.613912
0.614357
0.614698
0.614997
0.615334
0.615794
0.616445
0.617335
0.618482
0.619869
0.621454
0.623178
0.62497
0.626765
0.628498
0.630117
0.631574
0.632834
0.633876
0.634695
0.635303
0.635728
0.636005
0.636171
0.636253
0.636263
0.636195
0.636027
0.63573
0.635271
0.634621
0.633765
0.632701
0.631437
0.629992
0.628386
0.626639
0.624769
0.622796
0.620739
0.618627
0.61649
0.614364
0.612281
0.610269
0.608341
0.606501
0.604743
0.603054
0.601426
0.599853
0.59834
0.596901
0.595562
0.594351
0.593302
0.592443
0.591796
0.591371
0.591167
0.591174
0.591374
0.591747
0.592274
0.592942
0.593738
0.594654
0.595681
0.596804
0.598006
0.599266
0.600562
0.601879
0.60321
0.604563
0.605961
0.607442
0.609048
0.610821
0.612789
0.614956
0.617304
0.619783
0.622325
0.624847
0.627268
0.629517
0.631544
0.63332
0.634842
0.636128
0.637205
0.638105
0.638857
0.639474
0.639956
0.640282
0.640415
0.640311
0.639922
0.639207
0.638142
0.636724
0.634968
0.632914
0.630618
0.628159
0.625633
0.623159
0.620872
0.618911
0.617414
0.616501
0.61626
0.616733
0.617906
0.619705
0.621993
0.62458
0.627245
0.629757
0.631907
0.633528
0.634512
0.634809
0.634419
0.633383
0.631766
0.629659
0.627173
0.624439
0.62161
0.618846
0.616309
0.614144
0.61247
0.611367
0.610873
0.610984
0.611662
0.612841
0.61444
0.616374
0.618557
0.620909
0.623363
0.625858
0.628353
0.630824
0.633268
0.635708
0.638188
0.640768
0.643511
0.646466
0.649653
0.653038
0.656527
0.659958
0.663114
0.665753
0.667648
0.668639
0.668667
0.667799
0.666212
0.664161
0.661928
0.65978
0.657929
0.65651
0.655576
0.655097
0.654985
0.655114
0.655353
0.655599
0.655796
0.655933
0.656032
0.656122
0.65622
0.656313
0.656367
0.656333
0.656172
0.655865
0.655434
0.654933
0.654452
0.654097
0.653982
0.654208
0.654859
0.65599
0.657622
0.659736
0.662277
0.665149
0.668224
0.671348
0.674349
0.677055
0.679306
0.680966
0.68194
0.682181
0.681694
0.680534
0.678793
0.676583
0.674019
0.671202
0.668206
0.665081
0.661856
0.658547
0.655165
0.65172
0.648216
0.64465
0.641005
0.637253
0.633359
0.629293
0.625043
0.620635
0.616129
0.611625
0.607241
0.603099
0.599301
0.595912
0.592955
0.590403
0.588195
0.586243
0.58445
0.582729
0.58101
0.579252
0.577441
0.575587
0.573722
0.571889
0.570145
0.568549
0.56716
0.566035
0.565221
0.564753
0.564649
0.564909
0.565513
0.566427
0.567606
0.569001
0.570563
0.572248
0.574019
0.575841
0.577682
0.579512
0.581309
0.583062
0.584777
0.586482
0.588222
0.590056
0.592047
0.594251
0.596708
0.599436
0.602428
0.605651
0.609049
0.612541
0.61603
0.619406
0.62255
0.62535
0.627707
0.629552
0.630856
0.63163
0.631923
0.631809
0.63137
0.63069
0.629837
0.628871
0.627838
0.626783
0.625746
0.62477
0.623895
0.623157
0.622582
0.622183
0.621962
0.621905
0.621987
0.622174
0.622432
0.622725
0.623028
0.623327
0.623621
0.623923
0.624262
0.624673
0.625193
0.625858
0.626691
0.627696
0.628853
0.630115
0.631411
0.632652
0.633741
0.634589
0.635127
0.635313
0.635135
0.634611
0.633781
0.632706
0.631458
0.630118
0.628763
0.627459
0.626254
0.625174
0.624221
0.623376
0.622605
0.621863
0.621104
0.620283
0.619362
0.618319
0.617142
0.615838
0.614425
0.612933
0.611405
0.60989
0.608448
0.607146
0.606054
0.605245
0.604786
0.60473
0.6051
0.605877
0.606985
0.608287
0.609594
0.610694
0.611398
0.611588
0.61124
0.610424
0.609265
0.607909
0.606479
0.605065
0.603717
0.602455
0.601278
0.600177
0.599136
0.598142
0.59718
0.596237
0.595299
0.594352
0.593385
0.592395
0.591388
0.590386
0.589417
0.588514
0.587703
0.58699
0.586352
0.585742
0.585088
0.584319
0.583373
0.582215
0.58084
0.579269
0.577549
0.575747
0.573954
0.572278
0.570839
0.569756
0.569139
0.569075
0.569623
0.570815
0.572658
0.575133
0.578201
0.581807
0.58588
0.590342
0.595109
0.6001
0.605242
0.610473
0.615746
0.621026
0.626284
0.631493
0.636618
0.64161
0.646407
0.650929
0.655081
0.658763
0.661868
0.664298
0.665973
0.666842
0.666899
0.666193
0.664831
0.66297
0.660803
0.658534
0.656352
0.654404
0.652772
0.651456
0.650379
0.649398
0.648335
0.647017
0.645309
0.64314
0.640507
0.637467
0.634114
0.630564
0.626937
0.623359
0.619956
0.616854
0.614172
0.612007
0.610426
0.609455
0.609071
0.609204
0.60975
0.610583
0.611576
0.612622
0.613652
0.614637
0.615585
0.616522
0.617461
0.61838
0.619207
0.619827
0.620108
0.619949
0.619315
0.618265
0.616935
0.615504
0.614154
0.613034
0.612241
0.611817
0.611763
0.612048
0.612623
0.613426
0.614386
0.615422
0.616442
0.617352
0.61806
0.61849
0.618586
0.618318
0.617675
0.616652
0.615247
0.613458
0.611291
0.608776
0.605978
0.603
0.599972
0.597033
0.594302
0.591861
0.58975
0.587957
0.58644
0.585132
0.583962
0.582869
0.58181
0.580762
0.579722
0.578704
0.577727
0.576817
0.575996
0.575283
0.574688
0.574212
0.573842
0.573555
0.573323
0.573114
0.572901
0.57267
0.572422
0.572178
0.571977
0.571873
0.571935
0.572232
0.572835
0.573803
0.575179
0.576984
0.579214
0.58184
0.584805
0.588035
0.59144
0.594925
0.598395
0.601766
0.604968
0.607946
0.610664
0.613103
0.615259
0.617142
0.618772
0.620178
0.621399
0.62248
0.623473
0.62443
0.625397
0.626406
0.627472
0.628585
0.629717
0.630823
0.631852
0.632757
0.633499
0.634056
0.63442
0.634593
0.634585
0.634406
0.634057
0.633529
0.632794
0.631804
0.630495
0.628791
0.62662
0.623923
0.620669
0.616865
0.612559
0.607843
0.602842
0.59771
0.592619
0.587747
0.583267
0.579331
0.576062
0.573546
0.571825
0.570898
0.570726
0.571234
0.572321
0.573872
0.575768
0.577893
0.580147
0.582448
0.584739
0.586986
0.589176
0.591314
0.593413
0.595491
0.597563
0.599638
0.601712
0.603763
0.605751
0.607611
0.609258
0.610596
0.611533
0.612006
0.612002
0.611563
0.610787
0.609803
0.608746
0.607732
0.606842
0.606117
0.605566
0.605174
0.604917
0.604771
0.604716
0.60474
0.604836
0.605006
0.605253
0.605581
0.605996
0.6065
0.60709
0.607752
0.608463
0.609181
0.609851
0.610403
0.610756
0.610826
0.61054
0.609848
0.608731
0.607217
0.605375
0.603308
0.601146
0.599018
0.597041
0.595304
0.593857
0.592713
0.591859
0.59127
0.590928
0.59082
0.590943
0.591284
0.591819
0.592515
0.593336
0.594263
0.595298
0.596465
0.5978
0.599336
0.601093
0.603065
0.60522
0.607498
0.609813
0.612061
0.614116
0.615841
0.617092
0.617728
0.617627
0.616707
0.614944
0.612393
0.609179
0.60549
0.601545
0.597566
0.593756
0.590285
0.587285
0.584857
0.58307
0.581968
0.581563
0.581841
0.582752
0.584211
0.5861
0.588279
0.590603
0.592944
0.59521
0.597362
0.599409
0.601405
0.603425
0.605543
0.607825
0.610309
0.613007
0.615904
0.618947
0.622035
0.624997
0.627586
0.629512
0.63052
0.630502
0.629557
0.627969
0.626111
0.624332
0.622879
0.621881
0.62137
0.621317
0.62166
0.622327
0.623243
0.624336
0.625538
0.626788
0.628031
0.629222
0.630332
0.631353
0.632299
0.633203
0.634106
0.63504
0.636015
0.637001
0.637933
0.638718
0.639244
0.639408
0.639128
0.638356
0.63709
0.635369
0.633268
0.630889
0.628351
0.625776
0.623282
0.620974
0.618938
0.617235
0.6159
0.614939
0.614336
0.614051
0.614026
0.614191
0.614465
0.614766
0.615009
0.615123
0.615049
0.614759
0.614252
0.613559
0.612738
0.611869
0.611042
0.61035
0.609879
0.609703
0.609879
0.610443
0.611407
0.612758
0.614459
0.61645
0.618654
0.620984
0.623357
0.625701
0.627968
0.630135
0.632204
0.634187
0.63609
0.637904
0.639595
0.641106
0.642371
0.643327
0.643928
0.644148
0.643986
0.643452
0.642564
0.641344
0.639813
0.638004
0.635958
0.633736
0.631411
0.629062
0.626762
0.624566
0.622502
0.620569
0.618738
0.616958
0.615165
0.6133
0.611316
0.609195
0.606951
0.604624
0.60227
0.599947
0.597701
0.595561
0.593538
0.591633
0.589844
0.588182
0.586682
0.58541
0.584463
0.583955
0.584005
0.584714
0.586146
0.588315
0.59118
0.594649
0.598582
0.602812
0.607154
0.611427
0.615469
0.619156
0.622405
0.625188
0.62752
0.629461
0.631096
0.632521
0.633826
0.635081
0.63632
0.637538
0.63869
0.639697
0.640456
0.640862
0.640818
0.640254
0.639133
0.637459
0.635269
0.632628
0.629619
0.626335
0.622869
0.619312
0.615752
0.612272
0.608956
0.605883
0.603131
0.600776
0.598882
0.597499
0.596653
0.596342
0.596527
0.597142
0.598105
0.599335
0.600772
0.602388
0.604181
0.606161
0.608326
0.610633
0.612994
0.615271
0.617298
0.618912
0.619993
0.620496
0.620462
0.620012
0.619316
0.618563
0.617935
0.617588
0.617643
0.618186
0.619259
0.620865
0.622962
0.625467
0.628263
0.631206
0.634138
0.636899
0.639341
0.64134
0.642805
0.643679
0.643943
0.643606
0.6427
0.641273
0.639388
0.637117
0.634548
0.631774
0.628896
0.626006
0.623182
0.620469
0.617874
0.615365
0.612878
0.61034
0.607693
0.60492
0.602052
0.599163
0.596357
0.593737
0.591398
0.589413
0.587832
0.586689
0.586005
0.58579
0.586045
0.586765
0.587929
0.589509
0.591458
0.593715
0.596196
0.598796
0.601388
0.603832
0.605984
0.60771
0.60891
0.609528
0.609567
0.609082
0.608176
0.60698
0.60563
0.604256
0.602958
0.601809
0.600846
0.600075
0.599477
0.599019
0.598662
0.598363
0.598087
0.597809
0.597506
0.597166
0.596779
0.59634
0.595846
0.595298
0.594701
0.594064
0.593403
0.592739
0.5921
0.591518
0.591026
0.59066
0.590452
0.590423
0.590586
0.590938
0.591458
0.59211
0.592846
0.593608
0.594337
0.594981
0.595505
0.595898
0.596181
0.596407
0.596659
0.597038
0.597649
0.598589
0.599927
0.601701
0.603911
0.606515
0.609436
0.612565
0.615774
0.618928
0.621895
0.624561
0.626838
0.628666
0.630014
0.63087
0.631235
0.631115
0.630506
0.6294
0.627786
0.625665
0.623076
0.620107
0.616905
0.61366
0.610577
0.607846
0.605616
0.603985
0.603004
0.602683
0.602997
0.603891
0.605271
0.607002
0.608894
0.610708
0.612171
0.613013
0.613019
0.612069
0.610164
0.607412
0.603992
0.600116
0.595999
0.591839
0.587818
0.584103
0.580849
0.578191
0.576249
0.575112
0.574842
0.575461
0.576954
0.579272
0.582334
0.586041
0.590284
0.594955
0.599958
0.605207
0.610614
0.616086
0.621503
0.626715
0.631541
0.635782
0.639238
0.641741
0.643169
0.643471
0.642664
0.640834
0.638113
0.634673
0.630697
0.626375
0.621889
