0.0227299
0.0227308
0.0227335
0.0227379
0.0227442
0.0227522
0.0227619
0.0227734
0.0227868
0.0228021
0.0228192
0.022838
0.0228584
0.0228804
0.0229038
0.0229285
0.0229545
0.0229818
0.0230103
0.02304
0.0230707
0.0231025
0.0231353
0.0231689
0.0232035
0.0232389
0.0232748
0.0233116
0.0233488
0.0233867
0.0234248
0.0234634
0.0235025
0.0235418
0.0235813
0.0236207
0.0236603
0.0237
0.0237394
0.0237788
0.0238178
0.0238566
0.0238951
0.0239332
0.0239706
0.0240076
0.0240438
0.0240793
0.0241141
0.0241481
0.0241811
0.0242132
0.0242443
0.0242745
0.0243037
0.0243317
0.0243586
0.0243844
0.0244091
0.0244328
0.0244553
0.0244767
0.0244971
0.0245164
0.0245347
0.024552
0.0245687
0.0245843
0.0245992
0.0246135
0.0246271
0.0246403
0.024653
0.0246651
0.0246771
0.0246889
0.0247006
0.0247122
0.024724
0.0247361
0.0247484
0.0247608
0.0247737
0.0247872
0.0248012
0.0248156
0.0248307
0.0248462
0.0248625
0.0248792
0.0248968
0.0249149
0.0249337
0.0249529
0.0249726
0.0249927
0.0250133
0.0250342
0.0250554
0.0250769
0.0250984
0.0251202
0.0251419
0.0251636
0.0251854
0.0252068
0.025228
0.025249
0.0252695
0.0252898
0.0253096
0.0253289
0.0253479
0.0253662
0.025384
0.0254012
0.0254177
0.0254338
0.0254492
0.025464
0.0254779
0.0254913
0.0255042
0.0255162
0.0255277
0.0255387
0.0255491
0.025559
0.0255683
0.025577
0.0255852
0.025593
0.0256002
0.025607
0.0256136
0.0256199
0.0256257
0.0256312
0.0256365
0.0256415
0.0256463
0.0256509
0.0256552
0.0256596
0.0256636
0.0256677
0.0256717
0.0256755
0.0256793
0.0256831
0.0256867
0.0256905
0.0256941
0.0256977
0.0257014
0.025705
0.0257087
0.0257124
0.0257161
0.0257199
0.0257238
0.0257276
0.0257315
0.0257355
0.0257396
0.0257437
0.025748
0.0257525
0.0257572
0.0257619
0.0257667
0.0257717
0.0257768
0.025782
0.0257874
0.0257928
0.0257983
0.025804
0.0258097
0.0258154
0.0258211
0.0258268
0.0258324
0.0258379
0.0258432
0.0258484
0.0258533
0.025858
0.0258625
0.0258667
0.0258706
0.0258741
0.0258772
0.0258801
0.0258824
0.0258844
0.0258861
0.0258874
0.0258884
0.0258892
0.0258896
0.0258899
0.0258897
0.0258893
0.0258888
0.0258881
0.0258873
0.0258863
0.0258854
0.0258845
0.0258837
0.0258827
0.0258818
0.0258811
0.0258804
0.0258798
0.0258795
0.0258791
0.0258788
0.0258787
0.0258789
0.0258791
0.0258795
0.0258799
0.0258805
0.0258811
0.0258818
0.0258826
0.0258832
0.0258839
0.0258847
0.0258854
0.025886
0.0258864
0.0258869
0.0258874
0.0258878
0.0258881
0.0258882
0.0258882
0.025888
0.0258878
0.0258873
0.0258868
0.0258863
0.0258854
0.0258845
0.0258834
0.0258822
0.0258809
0.0258793
0.0258777
0.025876
0.0258741
0.0258721
0.02587
0.0258679
0.0258656
0.0258631
0.0258607
0.0258583
0.025856
0.0258535
0.025851
0.0258486
0.0258461
0.0258438
0.0258415
0.0258394
0.0258375
0.0258358
0.0258344
0.0258334
0.0258325
0.0258321
0.0258321
0.0258325
0.0258331
0.0258345
0.0258363
0.0258388
0.0258418
0.0258453
0.0258494
0.0258543
0.0258598
0.025866
0.0258726
0.0258798
0.0258878
0.0258963
0.0259053
0.0259151
0.0259254
0.0259361
0.0259473
0.025959
0.025971
0.0259834
0.0259962
0.0260093
0.0260226
0.0260364
0.0260501
0.0260641
0.0260781
0.0260923
0.0261066
0.0261211
0.0261356
0.0261501
0.0261646
0.026179
0.0261934
0.0262077
0.0262219
0.0262361
0.0262502
0.0262643
0.0262781
0.0262919
0.0263055
0.0263188
0.0263321
0.0263453
0.0263584
0.0263713
0.026384
0.0263967
0.0264093
0.0264217
0.0264341
0.0264462
0.0264582
0.0264704
0.0264822
0.026494
0.0265055
0.0265169
0.0265281
0.0265392
0.02655
0.0265606
0.026571
0.026581
0.0265906
0.0266
0.0266089
0.0266175
0.0266256
0.0266333
0.0266403
0.0266469
0.0266529
0.0266584
0.0266633
0.0266677
0.0266716
0.0266748
0.0266776
0.0266797
0.0266815
0.0266825
0.0266831
0.0266832
0.0266828
0.0266821
0.026681
0.0266795
0.0266777
0.0266758
0.0266738
0.0266715
0.026669
0.0266664
0.0266636
0.0266609
0.0266582
0.0266555
0.0266528
0.0266502
0.0266477
0.0266454
0.0266432
0.026641
0.0266389
0.0266371
0.0266352
0.0266336
0.026632
0.0266306
0.0266294
0.0266283
0.0266273
0.0266264
0.0266257
0.0266249
0.0266242
0.0266235
0.0266229
0.0266222
0.0266215
0.0266207
0.0266198
0.0266189
0.0266177
0.0266165
0.0266151
0.0266135
0.0266118
0.0266098
0.0266076
0.0266051
0.0266024
0.0265995
0.0265962
0.0265925
0.0265888
0.0265846
0.0265803
0.0265757
0.0265708
0.0265658
0.0265605
0.0265548
0.0265491
0.0265433
0.0265371
0.0265308
0.0265243
0.0265178
0.0265113
0.0265046
0.0264979
0.0264914
0.0264848
0.0264782
0.0264718
0.0264655
0.0264593
0.0264533
0.0264474
0.0264419
0.0264365
0.0264313
0.0264265
0.0264221
0.0264179
0.026414
0.0264106
0.0264073
0.0264046
0.0264023
0.0264003
0.0263986
0.0263974
0.0263966
0.0263962
0.0263964
0.0263969
0.0263979
0.0263993
0.0264013
0.0264038
0.0264066
0.0264099
0.0264136
0.026418
0.0264229
0.0264283
0.0264343
0.0264406
0.0264476
0.0264551
0.0264632
0.0264718
0.026481
0.0264906
0.0265007
0.0265114
0.0265224
0.0265339
0.0265459
0.0265583
0.0265709
0.0265839
0.0265971
0.0266106
0.0266243
0.026638
0.0266517
0.0266653
0.0266789
0.0266924
0.0267058
0.026719
0.0267321
0.0267447
0.0267569
0.0267688
0.0267802
0.0267911
0.0268015
0.0268114
0.0268206
0.0268294
0.0268376
0.0268452
0.0268521
0.0268584
0.0268643
0.0268695
0.0268742
0.0268783
0.0268818
0.0268848
0.0268873
0.0268895
0.0268909
0.026892
0.0268926
0.026893
0.026893
0.0268927
0.0268923
0.0268916
0.0268906
0.0268895
0.0268883
0.026887
0.0268855
0.0268842
0.0268827
0.0268812
0.0268799
0.0268786
0.0268773
0.0268761
0.0268749
0.0268738
0.0268729
0.026872
0.0268713
0.0268706
0.02687
0.0268696
0.0268693
0.026869
0.0268689
0.0268688
0.0268688
0.026869
0.0268693
0.0268697
0.02687
0.0268707
0.0268714
0.026872
0.0268727
0.0268734
0.0268742
0.0268748
0.0268755
0.0268761
0.0268767
0.026877
0.0268771
0.0268772
0.0268772
0.0268768
0.0268762
0.0268753
0.0268742
0.0268729
0.0268711
0.0268691
0.0268667
0.0268642
0.0268612
0.0268579
0.0268543
0.0268503
0.026846
0.0268418
0.0268371
0.0268324
0.0268273
0.0268222
0.0268169
0.0268115
0.0268061
0.0268008
0.0267952
0.02679
0.0267845
0.0267794
0.0267744
0.0267695
0.0267646
0.0267601
0.0267554
0.0267512
0.0267472
0.0267433
0.0267396
0.026736
0.0267328
0.0267297
0.0267268
0.0267241
0.0267216
0.0267193
0.0267173
0.0267153
0.0267137
0.0267122
0.0267108
0.0267096
0.0267084
0.0267073
0.0267065
0.0267059
0.0267053
0.0267049
0.0267046
0.0267045
0.0267046
0.0267048
0.026705
0.0267054
0.0267059
0.0267067
0.0267076
0.0267086
0.0267096
0.026711
0.0267124
0.0267139
0.0267156
0.0267174
0.0267193
0.0267215
0.0267239
0.0267262
0.0267287
0.0267314
0.0267341
0.026737
0.0267401
0.0267434
0.0267467
0.0267502
0.0267538
0.0267575
0.0267613
0.0267654
0.0267695
0.0267737
0.0267779
0.0267823
0.0267868
0.0267913
0.0267958
0.0268002
0.0268047
0.026809
0.0268136
0.026818
0.0268223
0.0268265
0.0268307
0.0268348
0.0268389
0.0268429
0.0268467
0.0268505
0.0268541
0.0268576
0.026861
0.0268643
0.0268676
0.0268707
0.0268737
0.0268766
0.0268794
0.0268822
0.0268848
0.0268873
0.0268897
0.026892
0.0268942
0.0268962
0.0268982
0.0268999
0.0269016
0.0269032
0.0269046
0.0269058
0.0269067
0.0269077
0.0269084
0.0269088
0.0269093
0.0269095
0.0269096
0.0269096
0.0269094
0.0269092
0.0269088
0.0269083
0.0269077
0.0269071
0.0269065
0.026906
0.0269054
0.026905
0.0269047
0.0269045
0.0269042
0.0269043
0.0269045
0.026905
0.0269055
0.0269062
0.0269071
0.0269083
0.0269097
0.0269113
0.0269131
0.0269152
0.0269177
0.0269202
0.026923
0.026926
0.0269291
0.0269325
0.0269358
0.0269394
0.0269432
0.0269471
0.0269513
0.0269554
0.0269598
0.0269642
0.0269688
0.0269734
0.0269783
0.0269833
0.0269886
0.0269942
0.0269999
0.0270057
0.0270119
0.0270181
0.0270248
0.0270319
0.0270393
0.0270469
0.0270548
0.027063
0.0270717
0.0270807
0.0270899
0.0270993
0.0271091
0.0271191
0.0271294
0.02714
0.0271507
0.0271615
0.0271725
0.0271835
0.0271945
0.0272055
0.0272164
0.0272272
0.0272382
0.0272489
0.0272593
0.0272695
0.0272796
0.0272895
0.0272993
0.0273087
0.0273179
0.0273266
0.0273352
0.0273434
0.0273515
0.0273591
0.0273667
0.0273741
0.0273811
0.0273879
0.0273944
0.0274007
0.0274069
0.0274131
0.0274189
0.0274247
0.0274303
0.0274358
0.0274411
0.0274464
0.0274517
0.0274567
0.0274617
0.0274667
0.0274718
0.0274767
0.0274815
0.0274864
0.0274911
0.0274959
0.0275005
0.027505
0.0275097
0.0275141
0.0275186
0.027523
0.0275272
0.0275312
0.0275352
0.0275389
0.0275426
0.0275461
0.0275495
0.0275526
0.0275556
0.0275581
0.0275606
0.0275629
0.0275649
0.0275667
0.0275685
0.02757
0.0275712
0.0275724
0.0275733
0.027574
0.0275747
0.0275752
0.0275756
0.027576
0.0275763
0.0275765
0.0275767
0.0275768
0.027577
0.0275771
0.0275772
0.0275771
0.0275771
0.0275769
0.0275768
0.0275765
0.0275762
0.027576
0.0275756
0.0275752
0.0275749
0.0275746
0.0275743
0.027574
0.0275737
0.0275735
0.0275733
0.0275731
0.0275729
0.0275728
0.0275728
0.0275728
0.0275728
0.0275731
0.0275735
0.027574
0.0275745
0.0275751
0.0275756
0.0275763
0.0275771
0.027578
0.0275789
0.0275799
0.0275808
0.0275819
0.027583
0.0275842
0.0275852
0.0275863
0.0275875
0.0275887
0.0275899
0.0275911
0.0275922
0.0275934
0.0275947
0.0275958
0.027597
0.0275982
0.0275995
0.0276008
0.027602
0.0276032
0.0276044
0.0276056
0.0276068
0.0276082
0.0276094
0.0276109
0.0276123
0.0276137
0.0276151
0.0276166
0.0276181
0.0276197
0.0276213
0.0276227
0.0276242
0.0276258
0.0276274
0.0276289
0.0276305
0.0276321
0.0276335
0.0276351
0.0276367
0.0276382
0.0276395
0.0276409
0.0276421
0.0276433
0.0276445
0.0276457
0.0276466
0.0276475
0.0276483
0.0276492
0.0276501
0.0276506
0.0276512
0.0276518
0.0276524
0.0276528
0.0276533
0.0276537
0.0276542
0.0276546
0.027655
0.0276554
0.0276557
0.0276559
0.0276562
0.0276564
0.0276564
0.0276565
0.0276563
0.0276562
0.0276559
0.0276554
0.0276548
0.027654
0.0276529
0.0276515
0.0276499
0.0276478
0.0276455
0.027643
0.0276398
0.0276364
0.0276327
0.0276283
0.0276237
0.0276186
0.0276132
0.0276072
0.027601
0.0275945
0.0275875
0.0275802
0.0275726
0.0275646
0.0275563
0.0275478
0.0275391
0.0275302
0.0275209
0.0275117
0.0275023
0.0274927
0.0274831
0.0274732
0.0274636
0.0274539
0.0274442
0.0274346
0.027425
0.0274154
0.027406
0.0273966
0.0273875
0.0273783
0.0273694
0.0273605
0.0273517
0.0273432
0.0273348
0.0273265
0.0273185
0.0273107
0.0273028
0.0272951
0.0272877
0.0272804
0.0272731
0.027266
0.0272591
0.0272522
0.0272454
0.0272388
0.0272323
0.027226
0.0272199
0.0272137
0.0272077
0.0272018
0.0271959
0.0271901
0.0271843
0.0271787
0.027173
0.0271672
0.0271615
0.0271556
0.0271498
0.0271439
0.0271379
0.0271318
0.0271255
0.0271192
0.0271129
0.0271062
0.0270994
0.0270925
0.0270853
0.0270779
0.0270703
0.0270627
0.0270548
0.0270467
0.0270386
0.0270303
0.0270219
0.0270135
0.0270049
0.0269962
0.0269876
0.026979
0.0269704
0.0269618
0.0269534
0.0269452
0.026937
0.0269289
0.0269211
0.0269136
0.0269062
0.0268991
0.0268923
0.0268857
0.0268794
0.0268735
0.0268678
0.0268623
0.0268573
0.0268524
0.0268479
0.0268437
0.0268397
0.0268359
0.0268324
0.0268293
0.0268264
0.0268238
0.0268212
0.026819
0.026817
0.0268153
0.0268138
0.0268124
0.0268113
0.0268105
0.0268099
0.0268094
0.0268092
0.0268093
0.0268097
0.0268101
0.026811
0.026812
0.0268134
0.026815
0.0268169
0.026819
0.0268212
0.0268236
0.0268263
0.0268292
0.0268322
0.0268355
0.0268389
0.0268426
0.0268463
0.02685
0.0268539
0.0268578
0.026862
0.026866
0.02687
0.026874
0.0268782
0.0268823
0.0268865
0.0268905
0.0268945
0.0268985
0.0269024
0.0269061
0.0269098
0.0269134
0.0269169
0.0269203
0.0269236
0.0269269
0.0269299
0.0269328
0.0269355
0.0269381
0.0269405
0.0269429
0.0269452
0.0269473
0.0269495
0.0269513
0.0269532
0.0269549
0.0269564
0.0269581
0.0269597
0.0269612
0.0269627
0.0269642
0.0269658
0.0269673
0.0269688
0.0269706
0.0269724
0.0269742
0.026976
0.026978
0.0269801
0.0269822
0.0269846
0.0269871
0.0269897
0.0269925
0.0269954
0.0269986
0.027002
0.0270055
0.0270092
0.0270131
0.0270171
0.0270214
0.0270256
0.0270301
0.0270346
0.0270393
0.027044
0.0270489
0.0270538
0.0270586
0.0270635
0.0270683
0.027073
0.0270777
0.0270824
0.027087
0.0270914
0.0270957
0.0270999
0.0271039
0.0271079
0.0271114
0.0271149
0.0271182
0.0271215
0.0271245
0.0271273
0.0271299
0.0271325
0.0271347
0.0271367
0.0271387
0.0271404
0.027142
0.0271434
0.0271445
0.0271455
0.0271463
0.027147
0.0271475
0.0271478
0.027148
0.0271478
0.0271474
0.0271469
0.0271462
0.0271452
0.0271441
0.0271428
0.0271414
0.0271395
0.0271377
0.0271355
0.0271332
0.0271307
0.0271279
0.0271248
0.0271215
0.0271181
0.0271145
0.0271107
0.0271066
0.0271024
0.027098
0.0270936
0.027089
0.0270844
0.0270796
0.0270749
0.0270701
0.0270654
0.0270607
0.0270561
0.0270516
0.027047
0.0270427
0.0270383
0.0270338
0.0270296
0.0270253
0.0270214
0.0270173
0.0270134
0.0270095
0.0270058
0.027002
0.0269983
0.0269945
0.0269908
0.026987
0.0269831
0.0269793
0.0269752
0.026971
0.0269669
0.0269625
0.0269579
0.0269533
0.0269484
0.0269433
0.0269379
0.0269325
0.0269269
0.026921
0.0269151
0.0269088
0.0269024
0.0268958
0.0268892
0.0268823
0.0268752
0.026868
0.0268608
0.0268534
0.0268459
0.0268383
0.0268307
0.026823
0.0268153
0.0268075
0.0267997
0.0267919
0.0267842
0.0267764
0.0267687
0.0267611
0.0267535
0.0267459
0.0267385
0.0267313
0.0267242
0.0267173
0.0267105
0.0267037
0.0266971
0.0266906
0.0266843
0.0266782
0.0266723
0.0266669
0.0266615
0.0266564
0.0266513
0.0266466
0.0266421
0.0266379
0.0266337
0.0266297
0.0266261
0.0266225
0.0266193
0.0266161
0.0266131
0.0266101
0.0266074
0.0266046
0.0266018
0.0265992
0.0265966
0.026594
0.0265916
0.0265889
0.0265863
0.0265837
0.026581
0.0265784
0.0265757
0.0265729
0.02657
0.0265671
0.026564
0.0265609
0.0265577
0.0265543
0.026551
0.0265474
0.0265438
0.0265402
0.0265366
0.0265328
0.0265289
0.0265249
0.0265209
0.0265168
0.0265127
0.0265084
0.0265043
0.0265001
0.0264961
0.0264918
0.0264878
0.0264839
0.0264799
0.026476
0.0264722
0.0264687
0.0264652
0.026462
0.0264591
0.0264564
0.0264541
0.0264522
0.0264506
0.0264495
0.0264489
0.0264487
0.0264489
0.0264497
0.026451
0.026453
0.0264556
0.0264588
0.0264627
0.0264672
0.0264724
0.0264782
0.0264845
0.0264914
0.0264989
0.0265068
0.0265152
0.0265243
0.0265336
0.0265434
0.0265536
0.0265641
0.0265748
0.0265859
0.0265968
0.0266079
0.0266189
0.0266299
0.0266408
0.0266515
0.0266622
0.0266725
0.0266826
0.0266925
0.0267019
0.026711
0.0267195
0.0267276
0.0267352
0.0267424
0.026749
0.0267551
0.0267604
0.0267654
0.0267697
0.0267737
0.026777
0.0267798
0.0267821
0.026784
0.0267855
0.0267866
0.0267873
0.0267876
0.0267876
0.0267873
0.0267869
0.026786
0.026785
0.0267839
0.0267827
0.0267814
0.02678
0.0267786
0.0267772
0.0267757
0.0267743
0.026773
0.0267717
0.0267704
0.0267692
0.0267682
0.0267673
0.0267666
0.0267661
0.0267658
0.0267656
0.0267658
0.0267661
0.0267667
0.0267675
0.0267686
0.0267699
0.0267715
0.0267733
0.0267753
0.0267777
0.0267804
0.0267831
0.0267862
0.0267896
0.0267931
0.0267968
0.0268007
0.0268049
0.0268092
0.0268136
0.0268182
0.0268228
0.0268275
0.0268324
0.0268374
0.0268425
0.0268475
0.0268526
0.0268577
0.0268629
0.0268679
0.0268728
0.0268777
0.0268827
0.0268875
0.0268921
0.0268966
0.026901
0.0269052
0.0269094
0.0269135
0.0269174
0.0269211
0.0269248
0.0269282
0.0269315
0.0269346
0.0269375
0.0269404
0.026943
0.0269455
0.026948
0.0269503
0.0269525
0.0269546
0.0269566
0.0269586
0.0269604
0.0269621
0.0269638
0.0269655
0.0269669
0.0269685
0.02697
0.0269714
0.0269725
0.0269738
0.0269748
0.0269757
0.0269767
0.0269774
0.026978
0.0269786
0.0269793
0.0269796
0.0269799
0.0269798
0.0269798
0.0269794
0.0269788
0.0269778
0.0269768
0.0269754
0.0269736
0.0269715
0.026969
0.0269662
0.0269632
0.0269599
0.0269561
0.0269519
0.0269476
0.0269429
0.026938
0.0269329
0.0269275
0.0269219
0.0269163
0.0269103
0.0269044
0.0268983
0.0268921
0.026886
0.0268797
0.0268733
0.0268669
0.0268605
0.0268543
0.026848
0.0268417
0.0268354
0.0268291
0.0268229
0.0268168
0.0268107
0.0268046
0.0267986
0.0267925
0.0267865
0.0267806
0.0267747
0.0267687
0.0267626
0.0267567
0.0267507
0.0267448
0.0267388
0.026733
0.0267269
0.0267207
0.0267146
0.0267084
0.0267021
0.0266957
0.0266892
0.0266826
0.0266758
0.0266689
0.0266619
0.0266549
0.0266477
0.0266404
0.0266328
0.0266251
0.0266173
0.0266093
0.0266012
0.026593
0.0265848
0.0265765
0.0265682
0.02656
0.0265517
0.0265436
0.0265355
0.0265277
0.02652
0.0265125
0.0265054
0.0264985
0.0264922
0.0264861
0.0264804
0.0264753
0.0264707
0.0264665
0.0264629
0.0264598
0.0264572
0.026455
0.0264534
0.0264523
0.0264518
0.0264515
0.0264517
0.0264525
0.0264537
0.0264552
0.0264569
0.0264589
0.0264614
0.026464
0.0264668
0.0264698
0.0264731
0.0264763
0.0264797
0.0264833
0.0264867
0.0264903
0.0264939
0.0264973
0.0265007
0.026504
0.0265073
0.0265107
0.0265138
0.0265168
0.0265197
0.0265226
0.0265252
0.0265277
0.0265301
0.0265323
0.0265345
0.0265364
0.0265384
0.0265404
0.0265421
0.026544
0.0265456
0.0265474
0.0265492
0.026551
0.0265528
0.0265548
0.0265567
0.0265589
0.0265611
0.0265635
0.0265663
0.0265691
0.0265722
0.0265754
0.0265791
0.0265831
0.0265873
0.0265918
0.0265965
0.0266016
0.0266068
0.0266125
0.0266183
0.0266243
0.0266306
0.0266371
0.0266438
0.0266507
0.0266578
0.026665
0.0266722
0.0266795
0.0266867
0.0266943
0.0267017
0.026709
0.0267162
0.0267234
0.0267305
0.0267375
0.0267442
0.0267508
0.026757
0.0267632
0.0267691
0.0267749
0.0267803
0.0267855
0.0267905
0.0267953
0.0268
0.0268044
0.0268086
0.0268126
0.0268165
0.0268203
0.0268239
0.0268274
0.0268308
0.026834
0.0268374
0.0268408
0.026844
0.0268473
0.0268506
0.0268539
0.0268573
0.0268606
0.0268641
0.0268675
0.026871
0.0268745
0.0268782
0.026882
0.0268856
0.0268894
0.0268932
0.0268971
0.0269008
0.0269046
0.0269083
0.0269121
0.0269159
0.0269197
0.0269234
0.0269271
0.0269309
0.0269344
0.026938
0.0269413
0.0269447
0.0269479
0.0269511
0.0269542
0.0269572
0.0269601
0.0269628
0.0269652
0.0269677
0.02697
0.0269722
0.0269742
0.0269761
0.0269779
0.0269794
0.0269809
0.0269822
0.0269835
0.0269848
0.0269861
0.0269873
0.0269884
0.0269896
0.026991
0.0269925
0.0269941
0.0269959
0.0269979
0.0270001
0.0270025
0.0270054
0.0270084
0.027012
0.0270157
0.0270198
0.0270243
0.0270293
0.0270345
0.0270401
0.027046
0.0270522
0.0270586
0.0270653
0.0270721
0.027079
0.0270859
0.0270929
0.0270999
0.0271068
0.0271135
0.02712
0.0271263
0.0271322
0.027138
0.0271433
0.0271483
0.027153
0.0271572
0.0271611
0.0271644
0.0271673
0.0271698
0.027172
0.0271737
0.0271751
0.0271763
0.027177
0.0271775
0.0271777
0.0271777
0.0271776
0.0271773
0.0271767
0.0271763
0.0271757
0.0271752
0.0271746
0.0271741
0.0271736
0.0271732
0.0271729
0.0271729
0.0271728
0.0271727
0.0271729
0.0271731
0.0271734
0.0271737
0.0271743
0.0271747
0.0271752
0.0271757
0.0271762
0.0271769
0.0271773
0.0271777
0.027178
0.0271783
0.0271784
0.0271785
0.0271785
0.0271785
0.0271783
0.027178
0.0271775
0.0271771
0.0271765
0.0271758
0.0271751
0.0271743
0.0271733
0.0271722
0.027171
0.0271697
0.0271683
0.027167
0.0271655
0.027164
0.0271622
0.0271603
0.0271583
0.027156
0.0271538
0.0271513
0.0271485
0.0271455
0.0271424
0.0271391
0.0271355
0.0271317
0.0271277
0.0271235
0.0271191
0.0271144
0.0271096
0.0271044
0.0270992
0.0270938
0.0270883
0.0270824
0.0270764
0.0270704
0.0270641
0.0270576
0.027051
0.0270442
0.0270373
0.0270304
0.0270233
0.0270161
0.0270087
0.0270012
0.0269938
0.0269862
0.0269787
0.0269711
0.0269633
0.0269554
0.0269477
0.02694
0.0269322
0.0269243
0.0269167
0.026909
0.0269015
0.026894
0.0268867
0.0268795
0.0268725
0.0268658
0.0268593
0.026853
0.026847
0.0268412
0.0268358
0.0268308
0.0268261
0.0268218
0.0268179
0.0268143
0.0268111
0.0268085
0.026806
0.0268042
0.0268027
0.0268016
0.026801
0.026801
0.0268013
0.026802
0.0268031
0.0268046
0.0268064
0.0268084
0.0268111
0.0268141
0.0268172
0.0268206
0.0268242
0.0268282
0.0268321
0.0268361
0.0268402
0.0268444
0.0268487
0.0268531
0.0268573
0.0268615
0.0268655
0.0268692
0.0268727
0.0268758
0.0268787
0.026881
0.026883
0.0268845
0.0268855
0.0268859
0.0268858
0.0268852
0.0268837
0.0268818
0.0268794
0.0268762
0.0268725
0.0268681
0.0268631
0.0268578
0.0268516
0.0268452
0.0268381
0.0268308
0.0268228
0.0268145
0.0268058
0.0267969
0.0267881
0.0267791
0.0267699
0.0267606
0.0267515
0.0267423
0.0267335
0.0267247
0.026716
0.0267078
0.0266997
0.0266919
0.0266845
0.0266774
0.0266706
0.0266644
0.0266583
0.0266527
0.0266474
0.0266424
0.0266377
0.0266332
0.0266289
0.0266249
0.0266211
0.0266171
0.0266134
0.0266097
0.0266062
0.0266025
0.0265989
0.0265951
0.0265913
0.0265874
0.0265834
0.0265791
0.0265748
0.0265704
0.0265658
0.0265612
0.0265563
0.0265514
0.0265462
0.0265411
0.0265359
0.0265308
0.0265255
0.0265203
0.0265151
0.0265101
0.0265052
0.0265002
0.0264954
0.0264909
0.0264865
0.0264823
0.0264782
0.0264745
0.0264711
0.0264675
0.0264642
0.026461
0.026458
0.0264552
0.0264524
0.0264497
0.0264471
0.0264445
0.0264419
0.0264393
0.0264368
0.0264342
0.0264315
0.0264288
0.026426
0.0264233
0.0264205
0.0264177
0.0264149
0.0264121
0.0264091
0.0264064
0.0264037
0.0264011
0.0263986
0.0263964
0.0263943
0.0263925
0.0263908
0.0263895
0.0263885
0.0263878
0.0263874
0.0263874
0.0263877
0.0263883
0.0263892
0.0263905
0.0263921
0.0263939
0.026396
0.0263985
0.0264012
0.0264041
0.0264072
0.0264107
0.0264141
0.0264177
0.0264213
0.0264252
0.0264291
0.026433
0.0264369
0.0264411
0.0264453
0.0264493
0.0264533
0.0264576
0.0264619
0.0264665
0.0264711
0.0264757
0.0264805
0.0264854
0.0264903
0.0264953
0.0265006
0.0265062
0.0265118
0.0265174
0.0265232
0.0265291
0.0265351
0.0265414
0.0265479
0.0265543
0.0265609
0.0265675
0.0265744
0.0265815
0.0265886
0.026596
0.0266034
0.026611
0.0266187
0.0266263
0.0266343
0.0266422
0.0266503
0.0266587
0.0266672
0.026676
0.0266849
0.026694
0.0267033
0.0267127
0.0267222
0.0267322
0.0267422
0.0267523
0.0267627
0.0267734
0.026784
0.0267949
0.026806
0.0268173
0.0268288
0.0268403
0.026852
0.0268637
0.0268756
0.0268874
0.0268995
0.0269115
0.0269237
0.026936
0.0269481
0.0269603
0.0269726
0.026985
0.0269974
0.0270098
0.0270222
0.0270347
0.0270471
0.0270596
0.0270721
0.0270845
0.027097
0.0271095
0.0271219
0.0271343
0.0271467
0.0271591
0.0271715
0.0271838
0.0271961
0.0272082
0.0272205
0.0272326
0.0272447
0.0272569
0.0272688
0.0272806
0.0272924
0.027304
0.0273154
0.0273268
0.027338
0.0273491
0.0273598
0.0273705
0.027381
0.0273914
0.0274016
0.0274114
0.0274209
0.0274301
0.0274391
0.027448
0.0274565
0.0274647
0.0274726
0.0274801
0.0274874
0.0274942
0.0275008
0.0275069
0.0275126
0.0275181
0.0275232
0.027528
0.0275323
0.0275363
0.02754
0.0275432
0.0275461
0.0275487
0.0275509
0.0275528
0.0275545
0.0275559
0.027557
0.0275581
0.0275589
0.0275596
0.0275601
0.0275605
0.0275608
0.0275612
0.0275613
0.0275615
0.0275618
0.0275619
0.0275621
0.0275624
0.0275627
0.027563
0.0275635
0.0275637
0.0275641
0.0275643
0.0275648
0.027565
0.0275654
0.0275658
0.0275661
0.0275663
0.0275666
0.027567
0.0275671
0.0275673
0.0275675
0.0275675
0.0275674
0.0275674
0.0275674
0.0275671
0.0275668
0.0275666
0.0275663
0.0275658
0.0275652
0.0275647
0.027564
0.0275632
0.0275623
0.0275613
0.0275603
0.0275593
0.0275581
0.0275566
0.0275551
0.0275535
0.0275516
0.0275499
0.027548
0.0275458
0.0275438
0.0275415
0.027539
0.0275364
0.0275338
0.027531
0.027528
0.027525
0.0275219
0.0275188
0.0275154
0.027512
0.0275086
0.027505
0.0275016
0.0274981
0.0274946
0.027491
0.0274874
0.0274837
0.02748
0.0274764
0.0274726
0.0274689
0.0274651
0.027461
0.027457
0.0274528
0.0274483
0.0274439
0.0274391
0.0274341
0.027429
0.0274235
0.0274178
0.027412
0.0274059
0.0273994
0.0273925
0.0273854
0.0273779
0.0273699
0.0273616
0.027353
0.0273441
0.0273349
0.0273254
0.0273157
0.0273057
0.0272954
0.0272851
0.0272743
0.0272634
0.0272524
0.0272413
0.0272301
0.027219
0.0272079
0.0271969
0.027186
0.0271752
0.0271646
0.0271542
0.0271439
0.0271339
0.027124
0.0271147
0.0271058
0.0270969
0.0270887
0.0270809
0.0270732
0.0270661
0.0270593
0.0270531
0.0270472
0.0270418
0.0270369
0.0270322
0.0270281
0.0270243
0.0270208
0.0270177
0.027015
0.0270126
0.0270104
0.0270086
0.0270068
0.0270055
0.0270043
0.0270034
0.0270026
0.0270019
0.0270013
0.0270006
0.0270002
0.0269998
0.0269995
0.026999
0.0269987
0.0269984
0.026998
0.0269974
0.0269968
0.026996
0.0269951
0.0269942
0.0269931
0.0269919
0.0269905
0.0269891
0.0269876
0.026986
0.0269843
0.0269823
0.0269803
0.0269782
0.026976
0.0269737
0.0269712
0.0269687
0.0269663
0.0269637
0.0269611
0.0269585
0.0269559
0.0269533
0.0269507
0.0269482
0.0269459
0.0269436
0.0269413
0.0269393
0.0269374
0.0269357
0.026934
0.0269326
0.0269313
0.0269301
0.0269291
0.0269283
0.0269279
0.0269273
0.0269268
0.0269264
0.0269261
0.0269258
0.0269256
0.0269254
0.0269253
0.0269252
0.0269249
0.0269246
0.0269242
0.0269238
0.0269232
0.0269224
0.0269214
0.0269204
0.026919
0.0269176
0.0269159
0.0269139
0.0269118
0.0269094
0.0269069
0.0269042
0.0269013
0.026898
0.0268948
0.0268912
0.0268878
0.0268843
0.0268806
0.0268769
0.0268731
0.0268694
0.0268658
0.0268621
0.0268585
0.0268551
0.0268519
0.0268488
0.0268458
0.026843
0.0268405
0.0268384
0.0268365
0.0268348
0.0268335
0.0268327
0.0268322
0.0268319
0.026832
0.0268326
0.0268335
0.0268349
0.0268365
0.0268384
0.0268408
0.0268433
0.0268463
0.0268496
0.026853
0.0268565
0.0268602
0.0268639
0.0268676
0.0268714
0.0268752
0.0268788
0.0268823
0.0268857
0.0268889
0.0268919
0.0268944
0.0268964
0.0268981
0.0268994
0.0269002
0.0269003
0.0268999
0.026899
0.0268974
0.0268951
0.0268922
0.0268885
0.0268841
0.0268792
0.0268737
0.0268676
0.026861
0.0268534
0.0268455
0.0268372
0.0268282
0.0268188
0.026809
0.0267989
0.0267885
0.0267778
0.0267668
0.0267556
0.0267444
0.0267331
0.0267216
0.0267102
0.0266988
0.0266875
0.0266763
0.0266652
0.0266543
0.0266436
0.0266332
0.0266231
0.0266132
0.0266036
0.0265943
0.0265853
0.0265768
0.0265687
0.0265609
0.0265539
0.0265471
0.0265409
0.0265352
0.02653
0.0265254
0.0265213
0.0265178
0.026515
0.0265129
0.0265112
0.0265103
0.02651
0.0265103
0.0265112
0.0265126
0.0265148
0.0265175
0.0265208
0.0265245
0.0265289
0.0265338
0.0265391
0.0265448
0.0265509
0.0265575
0.0265642
0.0265714
0.0265787
0.0265863
0.026594
0.0266018
0.0266097
0.0266179
0.0266261
0.0266343
0.0266425
0.0266507
0.0266587
0.0266667
0.0266745
0.0266821
0.0266897
0.026697
0.0267041
0.0267111
0.0267176
0.0267239
0.0267299
0.0267356
0.0267409
0.026746
0.0267507
0.0267552
0.0267594
0.0267634
0.026767
0.0267704
0.0267735
0.0267765
0.0267791
0.0267815
0.0267837
0.0267856
0.0267874
0.0267891
0.0267906
0.026792
0.0267934
0.0267946
0.026796
0.0267972
0.0267984
0.0267997
0.0268011
0.0268026
0.0268043
0.0268062
0.026808
0.02681
0.0268122
0.0268144
0.0268169
0.0268198
0.0268227
0.026826
0.0268295
0.0268333
0.0268374
0.0268415
0.026846
0.0268506
0.0268553
0.0268604
0.0268656
0.0268708
0.0268762
0.0268817
0.0268872
0.0268929
0.0268986
0.0269043
0.0269099
0.0269155
0.0269212
0.0269268
0.0269323
0.0269377
0.026943
0.0269482
0.0269533
0.0269582
0.026963
0.0269679
0.0269724
0.0269769
0.0269814
0.0269859
0.0269901
0.0269943
0.0269984
0.0270025
0.0270068
0.0270111
0.0270153
0.0270197
0.0270239
0.0270284
0.0270329
0.0270374
0.0270421
0.0270468
0.0270518
0.0270567
0.0270617
0.027067
0.0270723
0.0270776
0.027083
0.0270885
0.0270941
0.0270997
0.0271052
0.0271107
0.0271162
0.0271215
0.0271268
0.0271319
0.0271367
0.0271414
0.027146
0.0271502
0.0271542
0.0271579
0.0271612
0.0271639
0.0271663
0.0271682
0.0271698
0.0271708
0.0271712
0.0271712
0.0271707
0.0271698
0.0271682
0.027166
0.0271635
0.0271605
0.027157
0.0271531
0.0271488
0.027144
0.0271389
0.0271334
0.0271277
0.0271216
0.0271152
0.0271085
0.0271017
0.0270949
0.0270878
0.0270808
0.0270736
0.0270664
0.0270591
0.0270519
0.0270447
0.0270375
0.0270304
0.0270234
0.0270167
0.0270099
0.0270032
0.0269967
0.0269902
0.026984
0.0269779
0.0269719
0.0269662
0.0269606
0.0269551
0.0269498
0.0269447
0.0269397
0.0269348
0.0269301
0.0269254
0.026921
0.0269167
0.0269125
0.0269085
0.0269044
0.0269006
0.0268969
0.0268933
0.0268897
0.0268864
0.026883
0.0268798
0.0268766
0.0268737
0.0268706
0.0268676
0.0268646
0.0268617
0.0268589
0.026856
0.0268531
0.0268502
0.0268473
0.0268444
0.0268411
0.0268382
0.026835
0.026832
0.026829
0.0268258
0.0268227
0.0268196
0.0268164
0.0268134
0.0268105
0.0268076
0.026805
0.0268022
0.0267997
0.0267974
0.0267953
0.0267933
0.0267915
0.02679
0.0267888
0.0267879
0.0267873
0.0267868
0.0267868
0.0267869
0.0267874
0.0267881
0.026789
0.0267903
0.0267917
0.0267935
0.0267955
0.0267976
0.0267999
0.0268025
0.0268051
0.0268079
0.0268107
0.0268136
0.0268166
0.0268198
0.0268229
0.0268261
0.0268292
0.0268325
0.0268357
0.0268389
0.0268421
0.0268452
0.0268485
0.0268516
0.0268547
0.0268578
0.026861
0.0268641
0.0268673
0.0268704
0.0268734
0.0268763
0.026879
0.0268818
0.0268844
0.0268869
0.0268892
0.0268914
0.0268934
0.0268951
0.0268967
0.026898
0.0268993
0.0269004
0.0269013
0.026902
0.0269025
0.0269029
0.0269031
0.0269033
0.0269034
0.0269033
0.0269032
0.026903
0.0269029
0.0269028
0.0269027
0.0269028
0.0269029
0.0269031
0.0269034
0.0269039
0.0269046
0.0269053
0.0269065
0.0269079
0.0269095
0.0269113
0.0269134
0.0269157
0.0269183
0.0269211
0.0269242
0.0269277
0.0269314
0.0269354
0.0269396
0.026944
0.0269488
0.0269537
0.0269588
0.026964
0.0269695
0.0269751
0.026981
0.0269869
0.0269931
0.0269995
0.0270058
0.0270122
0.0270187
0.0270251
0.0270319
0.0270386
0.0270454
0.0270523
0.0270591
0.027066
0.0270728
0.0270796
0.0270865
0.0270932
0.0271
0.0271067
0.0271133
0.0271198
0.0271262
0.0271324
0.0271386
0.0271446
0.0271505
0.0271561
0.0271617
0.027167
0.027172
0.0271768
0.0271815
0.027186
0.0271903
0.0271944
0.0271984
0.0272022
0.0272062
0.02721
0.0272138
0.0272176
0.0272214
0.0272253
0.0272293
0.0272336
0.0272379
0.0272425
0.0272471
0.0272518
0.0272567
0.0272617
0.0272669
0.0272721
0.0272774
0.0272829
0.0272883
0.0272938
0.0272991
0.0273043
0.0273093
0.0273141
0.0273187
0.0273227
0.0273267
0.02733
0.0273331
0.0273355
0.0273373
0.0273385
0.0273392
0.0273391
0.0273384
0.027337
0.0273349
0.0273321
0.0273286
0.0273245
0.0273197
0.0273143
0.0273083
0.0273017
0.0272946
0.0272868
0.0272787
0.0272701
0.0272612
0.027252
0.0272424
0.0272326
0.0272226
0.0272123
0.027202
0.0271914
0.0271809
0.0271702
0.0271596
0.0271491
0.0271387
0.0271284
0.0271182
0.0271082
0.0270984
0.0270889
0.0270797
0.0270706
0.0270619
0.0270535
0.0270455
0.0270379
0.0270305
0.0270236
0.027017
0.0270108
0.0270051
0.0269997
0.0269948
0.0269903
0.0269862
0.0269825
0.0269792
0.0269762
0.0269739
0.0269717
0.02697
0.0269686
0.0269676
0.0269669
0.0269666
0.0269667
0.0269672
0.026968
0.0269688
0.0269703
0.026972
0.0269739
0.0269761
0.0269787
0.0269814
0.0269844
0.0269877
0.0269911
0.0269949
0.0269987
0.0270027
0.0270069
0.0270112
0.0270156
0.0270203
0.0270247
0.0270295
0.0270346
0.0270396
0.0270446
0.0270495
0.0270546
0.0270597
0.0270649
0.02707
0.0270752
0.0270803
0.0270853
0.0270903
0.0270951
0.0270998
0.0271046
0.0271091
0.0271134
0.0271175
0.0271211
0.0271247
0.0271279
0.0271309
0.0271336
0.0271359
0.027138
0.0271396
0.0271409
0.0271418
0.0271424
0.0271427
0.0271427
0.0271425
0.0271418
0.0271409
0.0271398
0.0271384
0.0271369
0.0271354
0.0271336
0.0271318
0.0271299
0.027128
0.0271263
0.0271246
0.0271229
0.0271214
0.0271202
0.0271189
0.0271178
0.027117
0.0271163
0.0271158
0.0271155
0.0271154
0.0271156
0.0271161
0.0271167
0.0271174
0.0271184
0.0271195
0.0271209
0.0271223
0.0271239
0.0271254
0.0271272
0.027129
0.0271308
0.0271327
0.0271345
0.0271364
0.0271381
0.0271399
0.0271415
0.0271431
0.0271446
0.0271459
0.027147
0.0271478
0.0271485
0.027149
0.0271493
0.0271493
0.0271492
0.0271488
0.0271481
0.0271472
0.027146
0.0271445
0.0271429
0.0271408
0.0271384
0.0271359
0.027133
0.0271299
0.0271265
0.0271227
0.0271187
0.0271145
0.02711
0.0271052
0.0271002
0.0270948
0.0270893
0.0270837
0.0270778
0.0270716
0.0270653
0.027059
0.0270524
0.0270457
0.0270389
0.0270319
0.0270251
0.0270181
0.0270111
0.027004
0.026997
0.02699
0.026983
0.026976
0.0269693
0.0269623
0.0269554
0.0269486
0.0269419
0.0269352
0.0269285
0.026922
0.0269156
0.0269094
0.0269032
0.0268972
0.0268915
0.0268859
0.0268806
0.0268755
0.0268706
0.026866
0.0268618
0.0268578
0.0268542
0.026851
0.0268482
0.0268459
0.026844
0.0268426
0.0268417
0.0268413
0.0268413
0.0268417
0.0268428
0.0268442
0.0268462
0.0268486
0.0268514
0.0268545
0.0268579
0.0268619
0.0268662
0.0268707
0.0268754
0.0268803
0.0268855
0.0268909
0.0268964
0.0269019
0.0269074
0.0269129
0.0269183
0.0269238
0.0269289
0.0269339
0.0269389
0.0269436
0.0269484
0.0269528
0.0269569
0.0269607
0.0269645
0.0269679
0.0269711
0.0269741
0.0269767
0.0269792
0.0269815
0.0269836
0.0269854
0.026987
0.0269885
0.0269898
0.0269912
0.0269924
0.0269936
0.0269946
0.0269956
0.0269966
0.0269974
0.0269986
0.0269996
0.0270008
0.0270019
0.0270031
0.0270043
0.0270057
0.0270072
0.0270087
0.0270102
0.0270118
0.0270136
0.0270154
0.0270172
0.0270191
0.0270208
0.0270227
0.0270246
0.0270263
0.027028
0.0270296
0.0270312
0.0270325
0.0270337
0.0270347
0.0270355
0.0270361
0.0270364
0.0270367
0.0270367
0.0270364
0.0270359
0.0270351
0.0270342
0.027033
0.0270316
0.02703
0.0270282
0.0270261
0.0270238
0.0270213
0.0270186
0.0270158
0.0270127
0.0270095
0.0270061
0.0270024
0.0269988
0.026995
0.026991
0.0269868
0.0269824
0.0269778
0.026973
0.0269683
0.0269633
0.0269582
0.0269528
0.0269474
0.0269416
0.0269358
0.0269298
0.0269237
0.0269174
0.0269108
0.0269042
0.0268975
0.0268905
0.0268833
0.026876
0.0268686
0.026861
0.0268533
0.0268455
0.0268375
0.0268296
0.0268215
0.0268134
0.0268053
0.0267973
0.0267894
0.0267816
0.0267739
0.0267663
0.0267589
0.0267516
0.0267444
0.0267376
0.026731
0.0267248
0.0267186
0.0267128
0.0267073
0.026702
0.0266971
0.0266923
0.0266879
0.0266838
0.02668
0.0266765
0.0266732
0.0266702
0.0266676
0.0266653
0.0266632
0.0266614
0.0266598
0.0266585
0.0266577
0.0266571
0.0266567
0.0266564
0.0266564
0.0266565
0.0266569
0.0266573
0.026658
0.0266587
0.0266596
0.0266605
0.0266616
0.0266628
0.0266639
0.0266649
0.0266658
0.0266666
0.0266673
0.026668
0.0266686
0.026669
0.026669
0.0266688
0.0266685
0.0266681
0.0266675
0.0266664
0.0266652
0.0266637
0.0266621
0.0266602
0.0266582
0.026656
0.0266536
0.0266511
0.0266484
0.0266456
0.0266427
0.0266398
0.0266369
0.0266339
0.0266312
0.0266284
0.0266258
0.0266233
0.026621
0.026619
0.0266172
0.0266154
0.0266141
0.0266131
0.0266123
0.0266118
0.0266116
0.0266118
0.0266124
0.0266132
0.0266145
0.026616
0.0266177
0.02662
0.0266224
0.0266251
0.0266282
0.0266316
0.0266352
0.0266391
0.0266431
0.0266474
0.0266518
0.0266564
0.0266612
0.026666
0.0266709
0.0266759
0.0266809
0.0266861
0.0266911
0.026696
0.0267009
0.0267056
0.0267102
0.0267148
0.026719
0.0267231
0.0267271
0.0267308
0.0267343
0.0267378
0.026741
0.0267441
0.026747
0.0267497
0.0267524
0.0267549
0.0267572
0.0267595
0.0267616
0.026764
0.0267663
0.0267687
0.026771
0.0267736
0.0267763
0.0267791
0.026782
0.0267851
0.026788
0.0267913
0.0267947
0.0267981
0.0268019
0.0268055
0.0268093
0.026813
0.0268167
0.0268205
0.0268243
0.0268279
0.0268313
0.0268346
0.0268378
0.0268408
0.0268435
0.0268459
0.0268483
0.0268502
0.0268519
0.0268532
0.0268542
0.0268547
0.0268549
0.0268549
0.0268545
0.0268537
0.0268525
0.0268513
0.0268498
0.0268481
0.0268463
0.0268442
0.026842
0.0268399
0.0268378
0.0268357
0.0268337
0.0268318
0.02683
0.0268286
0.0268274
0.0268264
0.0268257
0.0268252
0.0268251
0.026825
0.0268254
0.0268261
0.026827
0.0268283
0.0268298
0.0268316
0.0268336
0.0268357
0.026838
0.0268406
0.0268432
0.0268459
0.0268487
0.0268514
0.0268541
0.0268567
0.0268592
0.0268617
0.0268642
0.0268664
0.0268684
0.0268704
0.0268723
0.0268738
0.0268753
0.0268766
0.0268778
0.0268788
0.0268798
0.0268805
0.026881
0.0268814
0.0268818
0.0268818
0.0268819
0.0268818
0.0268816
0.0268814
0.026881
0.0268805
0.0268799
0.0268792
0.0268785
0.0268779
0.0268771
0.0268762
0.0268752
0.0268741
0.0268729
0.0268716
0.0268703
0.0268689
0.0268674
0.0268659
0.0268642
0.0268624
0.0268605
0.0268586
0.0268567
0.0268546
0.0268525
0.0268502
0.0268478
0.0268454
0.0268432
0.0268408
0.0268384
0.0268359
0.0268335
0.0268309
0.0268285
0.0268259
0.0268235
0.026821
0.0268185
0.0268161
0.0268138
0.0268116
0.0268094
0.0268072
0.0268051
0.0268031
0.0268011
0.0267993
0.0267976
0.0267959
0.0267944
0.0267929
0.0267917
0.0267904
0.0267894
0.0267885
0.0267877
0.0267872
0.0267868
0.0267866
0.0267866
0.0267867
0.0267869
0.0267872
0.0267876
0.026788
0.0267886
0.0267892
0.0267899
0.0267904
0.0267909
0.0267914
0.0267917
0.0267918
0.0267917
0.0267914
0.0267907
0.0267898
0.0267884
0.0267867
0.0267847
0.026782
0.0267789
0.0267755
0.0267713
0.0267666
0.0267616
0.026756
0.0267499
0.0267433
0.0267364
0.0267291
0.0267214
0.0267134
0.0267052
0.0266969
0.0266883
0.0266796
0.026671
0.0266627
0.0266543
0.026646
0.0266381
0.0266303
0.026623
0.026616
0.0266096
0.0266036
0.0265979
0.0265928
0.0265885
0.0265847
0.0265813
0.0265786
0.0265765
0.026575
0.0265742
0.0265739
0.0265741
0.0265749
0.0265762
0.0265779
0.0265801
0.0265827
0.0265857
0.0265891
0.0265927
0.0265966
0.0266008
0.0266049
0.0266096
0.0266142
0.026619
0.0266239
0.0266291
0.0266342
0.0266395
0.0266447
0.0266501
0.0266556
0.0266611
0.0266666
0.0266721
0.0266778
0.0266836
0.0266895
0.0266956
0.0267018
0.0267081
0.0267145
0.0267212
0.026728
0.026735
0.0267421
0.0267494
0.0267569
0.0267645
0.0267722
0.02678
0.0267878
0.0267956
0.0268035
0.0268114
0.0268193
0.0268271
0.0268347
0.0268422
0.0268495
0.0268564
0.026863
0.0268692
0.0268751
0.0268807
0.0268858
0.0268905
0.0268945
0.0268981
0.0269013
0.026904
0.0269062
0.0269079
0.0269092
0.0269099
0.0269102
0.02691
0.0269094
0.0269086
0.0269076
0.0269063
0.0269047
0.0269032
0.0269014
0.0268997
0.0268981
0.0268965
0.0268951
0.0268937
0.0268925
0.0268916
0.0268907
0.0268901
0.0268898
0.0268897
0.0268898
0.0268902
0.0268907
0.0268915
0.0268926
0.0268937
0.0268951
0.0268967
0.0268984
0.0269002
0.026902
0.026904
0.0269061
0.0269081
0.0269101
0.0269121
0.0269141
0.026916
0.0269177
0.0269193
0.0269209
0.0269223
0.0269235
0.0269245
0.0269254
0.0269263
0.0269268
0.0269272
0.0269273
0.0269273
0.0269274
0.0269271
0.0269268
0.0269262
0.0269257
0.0269251
0.0269244
0.0269236
0.0269231
0.0269226
0.0269221
0.0269218
0.0269216
0.0269216
0.0269218
0.0269222
0.026923
0.0269239
0.0269251
0.0269266
0.0269286
0.0269309
0.0269335
0.0269363
0.0269396
0.0269433
0.0269471
0.0269513
0.0269556
0.0269603
0.0269653
0.0269704
0.0269756
0.0269808
0.0269863
0.0269917
0.026997
0.0270024
0.0270077
0.0270128
0.0270179
0.0270227
0.0270273
0.0270315
0.0270357
0.0270395
0.0270428
0.0270459
0.0270485
0.0270507
0.0270523
0.0270536
0.0270543
0.0270545
0.0270543
0.0270536
0.0270524
0.0270507
0.0270486
0.0270458
0.0270426
0.0270391
0.0270351
0.0270307
0.027026
0.0270208
0.0270152
0.0270093
0.027003
0.0269966
0.0269899
0.0269831
0.026976
0.0269687
0.0269612
0.0269537
0.026946
0.0269382
0.0269305
0.0269226
0.0269148
0.0269068
0.0268989
0.0268911
0.0268832
0.0268754
0.0268677
0.02686
0.0268523
0.0268449
0.0268373
0.02683
0.0268227
0.0268154
0.0268081
0.0268011
0.0267941
0.0267874
0.0267804
0.0267736
0.0267668
0.0267602
0.0267537
0.0267473
0.026741
0.0267347
0.0267288
0.0267229
0.0267171
0.0267115
0.026706
0.0267008
0.0266957
0.0266908
0.0266863
0.026682
0.0266779
0.0266739
0.0266703
0.0266669
0.0266637
0.0266608
0.0266581
0.0266555
0.026653
0.0266508
0.0266487
0.0266466
0.0266447
0.0266427
0.0266407
0.0266387
0.0266368
0.0266346
0.0266325
0.0266303
0.0266278
0.0266253
0.0266227
0.0266197
0.0266167
0.0266134
0.02661
0.0266063
0.0266024
0.0265982
0.0265939
0.0265893
0.0265846
0.0265797
0.0265746
0.0265693
0.0265641
0.0265588
0.0265536
0.0265483
0.026543
0.026538
0.0265332
0.0265285
0.0265241
0.02652
0.0265162
0.0265127
0.0265097
0.0265072
0.026505
0.0265032
0.0265019
0.0265012
0.0265009
0.0265011
0.0265016
0.0265026
0.0265039
0.0265056
0.0265074
0.0265095
0.0265118
0.0265142
0.0265169
0.0265195
0.0265222
0.0265251
0.0265278
0.0265306
0.0265333
0.026536
0.0265386
0.0265413
0.0265439
0.0265464
0.026549
0.0265515
0.0265541
0.0265565
0.0265593
0.026562
0.0265647
0.0265675
0.0265706
0.0265739
0.0265772
0.0265808
0.0265847
0.0265886
0.0265931
0.0265975
0.0266023
0.0266073
0.0266126
0.0266181
0.0266239
0.02663
0.0266362
0.0266426
0.0266493
0.0266561
0.0266628
0.0266699
0.026677
0.0266842
0.0266913
0.0266987
0.0267059
0.0267132
0.0267206
0.0267279
0.0267353
0.0267425
0.0267496
0.0267566
0.0267635
0.0267704
0.0267771
0.0267838
0.0267902
0.0267964
0.0268023
0.026808
0.0268135
0.0268189
0.0268241
0.0268291
0.0268339
0.0268385
0.026843
0.0268473
0.0268513
0.0268551
0.0268589
0.0268624
0.0268658
0.0268688
0.0268718
0.0268748
0.0268776
0.0268802
0.0268828
0.0268852
0.0268875
0.0268897
0.026892
0.026894
0.0268957
0.0268973
0.0268988
0.0269001
0.0269013
0.0269021
0.0269029
0.0269034
0.0269039
0.0269041
0.026904
0.0269035
0.0269028
0.026902
0.0269009
0.0268994
0.0268978
0.0268959
0.0268938
0.0268914
0.0268888
0.0268859
0.0268832
0.0268799
0.0268768
0.0268734
0.0268699
0.0268663
0.0268624
0.0268586
0.0268549
0.0268512
0.0268474
0.0268436
0.0268399
0.0268361
0.0268324
0.0268287
0.0268249
0.0268211
0.0268174
0.0268138
0.02681
0.0268063
0.0268028
0.0267992
0.0267954
0.0267916
0.0267877
0.0267837
0.0267795
0.0267753
0.0267711
0.0267666
0.026762
0.0267574
0.0267526
0.0267478
0.0267428
0.0267378
0.0267327
0.0267275
0.0267222
0.0267168
0.0267114
0.0267059
0.0267005
0.0266951
0.0266896
0.0266842
0.0266789
0.0266735
0.0266683
0.0266632
0.0266583
0.0266534
0.0266488
0.0266442
0.0266396
0.0266352
0.0266309
0.0266267
0.0266228
0.0266189
0.0266152
0.0266115
0.0266081
0.0266048
0.0266014
0.0265982
0.0265951
0.0265919
0.0265889
0.0265859
0.026583
0.02658
0.0265771
0.0265741
0.0265714
0.0265686
0.0265661
0.0265637
0.0265613
0.0265592
0.0265571
0.0265553
0.0265536
0.0265522
0.0265509
0.0265499
0.0265491
0.0265486
0.0265484
0.0265485
0.0265489
0.0265497
0.0265508
0.0265521
0.026554
0.0265562
0.0265587
0.0265614
0.0265646
0.0265681
0.0265719
0.026576
0.0265804
0.026585
0.0265898
0.0265947
0.0265997
0.026605
0.0266104
0.0266157
0.0266212
0.0266268
0.0266324
0.026638
0.0266436
0.0266491
0.0266545
0.02666
0.0266653
0.0266706
0.0266756
0.0266807
0.0266858
0.0266908
0.0266956
0.0267003
0.026705
0.0267095
0.0267141
0.0267185
0.0267229
0.0267272
0.0267316
0.0267359
0.0267402
0.0267446
0.026749
0.0267535
0.0267579
0.0267624
0.026767
0.0267719
0.0267767
0.0267817
0.0267867
0.0267917
0.0267971
0.0268024
0.0268076
0.0268132
0.0268186
0.0268242
0.0268296
0.0268351
0.0268405
0.0268457
0.026851
0.0268562
0.0268613
0.0268662
0.026871
0.0268757
0.0268801
0.0268845
0.0268887
0.0268928
0.0268967
0.0269006
0.0269042
0.0269078
0.0269112
0.0269146
0.026918
0.0269214
0.0269248
0.0269282
0.0269317
0.0269354
0.0269391
0.0269429
0.0269469
0.026951
0.0269551
0.0269595
0.0269641
0.0269691
0.026974
0.0269789
0.026984
0.0269893
0.0269946
0.0270002
0.0270059
0.0270116
0.0270173
0.0270233
0.027029
0.0270349
0.0270407
0.0270465
0.0270522
0.0270579
0.0270635
0.0270691
0.0270747
0.0270801
0.0270856
0.0270909
0.0270961
0.0271012
0.0271062
0.0271113
0.0271161
0.027121
0.0271258
0.0271306
0.0271353
0.0271399
0.0271447
0.0271493
0.0271539
0.0271586
0.0271633
0.027168
0.0271728
0.0271777
0.0271827
0.0271877
0.0271926
0.0271977
0.0272028
0.0272081
0.0272135
0.027219
0.0272245
0.0272302
0.027236
0.0272418
0.0272476
0.0272536
0.0272598
0.027266
0.0272723
0.0272785
0.0272849
0.0272912
0.0272974
0.0273039
0.0273104
0.0273168
0.0273231
0.0273295
0.0273357
0.0273417
0.0273477
0.0273537
0.0273593
0.027365
0.0273705
0.0273755
0.0273806
0.0273856
0.0273901
0.0273946
0.0273986
0.0274023
0.0274058
0.0274091
0.0274118
0.0274143
0.0274166
0.0274185
0.0274201
0.0274213
0.0274223
0.0274229
0.0274234
0.0274234
0.0274233
0.0274227
0.027422
0.027421
0.0274198
0.0274185
0.027417
0.0274155
0.0274139
0.0274121
0.0274102
0.0274083
0.0274064
0.0274047
0.0274029
0.0274013
0.0273997
0.0273983
0.027397
0.027396
0.0273951
0.0273946
0.0273943
0.0273942
0.0273945
0.027395
0.0273958
0.027397
0.0273985
0.0274002
0.0274023
0.0274046
0.0274071
0.0274098
0.0274129
0.027416
0.0274192
0.0274225
0.027426
0.0274294
0.0274328
0.0274362
0.0274396
0.0274428
0.0274458
0.0274486
0.0274511
0.0274535
0.0274556
0.0274573
0.0274586
0.0274594
0.0274598
0.0274599
0.0274595
0.0274586
0.0274572
0.0274554
0.027453
0.0274503
0.027447
0.0274432
0.027439
0.0274345
0.0274295
0.0274242
0.0274184
0.0274125
0.0274063
0.0273999
0.0273933
0.0273866
0.02738
0.0273733
0.0273666
0.0273601
0.0273537
0.0273474
0.0273415
0.0273357
0.0273304
0.0273253
0.0273206
0.0273165
0.0273126
0.0273092
0.0273063
0.0273039
0.027302
0.0273005
0.0272996
0.027299
0.0272989
0.0272993
0.0273
0.0273011
0.0273025
0.0273041
0.027306
0.027308
0.02731
0.0273122
0.0273144
0.0273165
0.0273187
0.0273204
0.0273221
0.0273234
0.0273245
0.0273251
0.0273254
0.0273253
0.0273247
0.0273237
0.0273222
0.0273201
0.0273175
0.0273144
0.0273108
0.0273066
0.0273019
0.0272969
0.0272916
0.0272858
0.0272798
0.0272734
0.0272665
0.0272595
0.0272524
0.0272452
0.0272379
0.0272306
0.0272234
0.0272164
0.0272095
0.0272028
0.0271965
0.0271906
0.0271847
0.0271793
0.0271743
0.0271697
0.0271655
0.0271617
0.0271583
0.0271554
0.0271529
0.0271508
0.0271489
0.0271473
0.0271461
0.0271451
0.0271444
0.0271437
0.0271431
0.0271426
0.027142
0.0271416
0.0271409
0.02714
0.0271391
0.0271378
0.0271364
0.0271346
0.0271325
0.0271298
0.0271268
0.0271234
0.0271196
0.0271156
0.027111
0.027106
0.0271007
0.0270949
0.0270889
0.0270826
0.027076
0.0270693
0.0270625
0.0270554
0.0270484
0.0270413
0.0270342
0.0270272
0.0270203
0.0270135
0.0270071
0.0270007
0.0269948
0.0269891
0.0269837
0.0269788
0.0269743
0.0269703
0.0269667
0.0269636
0.0269609
0.0269585
0.0269568
0.0269554
0.0269545
0.0269539
0.0269536
0.0269538
0.0269542
0.0269548
0.0269558
0.026957
0.0269584
0.0269598
0.0269613
0.026963
0.0269646
0.0269663
0.026968
0.0269694
0.0269709
0.0269722
0.0269735
0.0269745
0.0269754
0.0269762
0.0269767
0.0269771
0.0269772
0.0269772
0.026977
0.0269765
0.0269758
0.0269749
0.0269739
0.0269728
0.0269714
0.0269699
0.0269683
0.0269666
0.0269647
0.0269627
0.0269607
0.0269586
0.0269564
0.0269543
0.026952
0.0269497
0.0269474
0.0269449
0.0269423
0.0269398
0.0269373
0.0269347
0.0269321
0.0269295
0.0269269
0.0269242
0.0269216
0.0269189
0.0269162
0.0269134
0.0269107
0.0269079
0.0269052
0.0269024
0.0268995
0.0268966
0.0268936
0.0268905
0.0268874
0.0268842
0.0268811
0.0268778
0.0268746
0.0268714
0.0268681
0.0268645
0.0268611
0.0268576
0.0268539
0.0268502
0.0268464
0.0268424
0.0268385
0.0268344
0.0268302
0.0268259
0.0268217
0.0268172
0.0268129
0.0268083
0.0268038
0.0267992
0.0267945
0.0267901
0.0267855
0.026781
0.0267767
0.0267725
0.0267685
0.0267645
0.0267607
0.0267572
0.0267539
0.0267509
0.0267482
0.0267459
0.0267439
0.0267422
0.026741
0.0267402
0.0267397
0.0267397
0.0267401
0.0267411
0.0267425
0.0267442
0.0267465
0.0267492
0.0267523
0.0267559
0.0267597
0.026764
0.0267685
0.0267735
0.0267785
0.0267838
0.0267893
0.0267949
0.0268006
0.0268065
0.0268125
0.0268184
0.0268245
0.0268304
0.0268362
0.0268419
0.0268476
0.0268531
0.0268586
0.0268639
0.0268689
0.0268737
0.0268786
0.0268831
0.0268876
0.0268918
0.0268959
0.0269
0.026904
0.0269078
0.0269114
0.0269151
0.0269188
0.0269222
0.0269257
0.0269291
0.0269326
0.026936
0.0269395
0.0269428
0.0269462
0.0269495
0.0269529
0.0269561
0.0269595
0.0269628
0.0269661
0.0269693
0.0269725
0.0269757
0.0269788
0.0269819
0.0269851
0.0269883
0.0269917
0.0269951
0.0269985
0.027002
0.0270056
0.0270095
0.0270135
0.0270177
0.0270221
0.0270268
0.0270317
0.027037
0.0270426
0.0270483
0.0270543
0.0270606
0.0270672
0.027074
0.027081
0.0270881
0.0270954
0.0271031
0.0271105
0.0271182
0.0271258
0.0271334
0.0271412
0.0271486
0.027156
0.0271633
0.0271704
0.0271773
0.0271841
0.0271906
0.0271968
0.027203
0.0272088
0.0272143
0.0272194
0.0272244
0.0272292
0.0272337
0.0272381
0.0272422
0.0272462
0.02725
0.0272535
0.0272569
0.0272601
0.0272629
0.0272657
0.0272684
0.0272709
0.0272732
0.0272754
0.0272774
0.0272792
0.027281
0.0272827
0.0272842
0.0272856
0.0272867
0.0272878
0.0272887
0.0272894
0.02729
0.0272905
0.0272907
0.027291
0.027291
0.0272908
0.0272906
0.0272902
0.0272895
0.0272888
0.027288
0.0272868
0.0272856
0.0272842
0.0272828
0.0272811
0.0272793
0.0272774
0.0272754
0.0272733
0.027271
0.0272687
0.0272664
0.0272639
0.0272611
0.0272585
0.0272558
0.027253
0.0272503
0.0272477
0.0272451
0.0272426
0.0272404
0.0272383
0.0272365
0.0272346
0.0272331
0.0272319
0.027231
0.0272303
0.02723
0.0272299
0.0272304
0.0272312
0.0272324
0.0272339
0.0272358
0.027238
0.0272406
0.0272435
0.0272466
0.02725
0.0272535
0.0272573
0.0272612
0.0272653
0.0272694
0.0272734
0.0272774
0.0272813
0.0272852
0.0272889
0.0272924
0.0272957
0.0272988
0.0273016
0.0273042
0.0273066
0.0273088
0.0273106
0.0273122
0.0273136
0.0273147
0.0273157
0.0273163
0.0273167
0.0273172
0.0273175
0.0273179
0.0273182
0.0273186
0.0273189
0.0273194
0.02732
0.0273206
0.0273214
0.0273223
0.0273236
0.0273251
0.0273268
0.0273284
0.0273303
0.0273323
0.0273345
0.0273369
0.0273392
0.0273417
0.0273441
0.0273466
0.0273491
0.0273513
0.0273537
0.0273559
0.0273578
0.0273597
0.0273616
0.0273632
0.0273646
0.0273661
0.0273671
0.0273681
0.0273689
0.0273694
0.0273698
0.02737
0.0273701
0.0273699
0.0273697
0.0273696
0.0273693
0.0273691
0.027369
0.0273688
0.0273688
0.0273689
0.0273692
0.0273697
0.0273704
0.0273714
0.0273726
0.0273743
0.0273762
0.0273786
0.0273814
0.0273848
0.0273884
0.0273926
0.0273973
0.0274024
0.0274081
0.0274143
0.0274207
0.0274278
0.0274354
0.0274432
0.0274517
0.0274605
0.0274696
0.0274791
0.0274888
0.0274988
0.0275091
0.0275195
0.0275301
0.0275409
0.0275517
0.0275626
0.0275737
0.0275847
0.0275956
0.0276065
0.0276172
0.0276278
0.0276383
0.0276485
0.0276584
0.0276682
0.0276778
0.0276871
0.0276961
0.0277048
0.0277132
0.0277213
0.027729
0.0277364
0.0277436
0.0277503
0.0277567
0.0277628
0.0277685
0.0277738
0.0277786
0.027783
0.0277872
0.027791
0.0277944
0.0277976
0.0278001
0.0278022
0.027804
0.0278056
0.0278064
0.027807
0.0278071
0.0278066
0.0278056
0.0278042
0.0278023
0.0277996
0.0277966
0.027793
0.0277889
0.0277844
0.0277794
0.027774
0.0277678
0.0277615
0.0277547
0.0277474
0.0277397
0.0277318
0.0277235
0.027715
0.0277062
0.0276971
0.0276879
0.0276787
0.0276693
0.02766
0.0276506
0.0276413
0.0276321
0.0276231
0.0276141
