0.699997
0.699631
0.698899
0.69779
0.696288
0.694373
0.692018
0.689188
0.685847
0.681948
0.677443
0.672277
0.666393
0.659733
0.652245
0.643885
0.634628
0.624476
0.613473
0.601719
0.589377
0.57669
0.563972
0.551596
0.539967
0.529478
0.520465
0.513167
0.507705
0.50408
0.502185
0.501835
0.502795
0.504803
0.507594
0.51091
0.514511
0.518181
0.521724
0.524971
0.527778
0.530031
0.531645
0.532577
0.53283
0.532454
0.53155
0.530254
0.528719
0.527089
0.525491
0.524031
0.5228
0.52188
0.521331
0.521171
0.521353
0.521771
0.522287
0.522772
0.523125
0.523286
0.523224
0.52293
0.522408
0.521682
0.52079
0.519783
0.518709
0.517609
0.516509
0.515427
0.514378
0.51338
0.512444
0.511559
0.510693
0.509796
0.508833
0.507805
0.506755
0.505764
0.504929
0.504346
0.504091
0.504206
0.504696
0.505536
0.506685
0.508084
0.509656
0.511298
0.512889
0.514309
0.515473
0.516369
0.517076
0.517756
0.518612
0.519817
0.521449
0.52347
0.525743
0.528092
0.530337
0.53233
0.533966
0.535187
0.53598
0.536374
0.536421
0.536188
0.535736
0.535111
0.534345
0.533459
0.53248
0.531449
0.530434
0.529519
0.528782
0.528267
0.527963
0.527799
0.527665
0.527445
0.527053
0.526464
0.525718
0.524902
0.524105
0.52337
0.522678
0.521968
0.521192
0.520345
0.519474
0.518667
0.518026
0.517651
0.51762
0.517992
0.518802
0.52006
0.521746
0.523807
0.526155
0.528671
0.531218
0.533667
0.535919
0.537919
0.539646
0.541093
0.542241
0.543051
0.543469
0.543442
0.542941
0.541985
0.540651
0.539076
0.537437
0.535898
0.534558
0.53343
0.532453
0.531538
0.530607
0.529604
0.5285
0.527281
0.525961
0.524588
0.523253
0.522076
0.521172
0.520601
0.520347
0.520322
0.520413
0.520519
0.520575
0.520561
0.520488
0.520378
0.520241
0.520059
0.519783
0.51935
0.518711
0.517865
0.516883
0.515912
0.515151
0.514788
0.51493
0.515551
0.516507
0.517592
0.518611
0.519406
0.519849
0.519815
0.519186
0.517936
0.516258
0.51463
0.51362
0.513521
0.514214
0.515373
0.516688
0.51793
0.518948
0.519659
0.520045
0.520147
0.520043
0.519838
0.519639
0.519534
0.519569
0.519739
0.51999
0.52024
0.520398
0.520385
0.520158
0.519733
0.519179
0.518611
0.518151
0.517902
0.517932
0.518277
0.518941
0.519897
0.521082
0.522399
0.52372
0.52491
0.525842
0.526417
0.526569
0.526278
0.525573
0.524532
0.523283
0.521988
0.52082
0.519938
0.519449
0.519385
0.519696
0.520276
0.521
0.521761
0.522491
0.52316
0.523767
0.524317
0.524812
0.525237
0.525553
0.525695
0.52557
0.525081
0.52415
0.522764
0.520995
0.51901
0.517029
0.515271
0.513887
0.512932
0.512391
0.512229
0.512428
0.512954
0.513711
0.514538
0.515283
0.51587
0.516328
0.51675
0.517227
0.517801
0.518459
0.519163
0.519882
0.520601
0.521315
0.522013
0.522671
0.523245
0.523681
0.523922
0.523935
0.52373
0.523366
0.522936
0.522549
0.522305
0.522268
0.522445
0.522784
0.523203
0.523636
0.524051
0.524447
0.52483
0.52518
0.525449
0.525585
0.525589
0.525564
0.525695
0.526148
0.52698
0.528138
0.529546
0.531157
0.532943
0.53486
0.536833
0.538763
0.540551
0.542118
0.543419
0.544448
0.545228
0.545799
0.546187
0.546388
0.546363
0.546054
0.545411
0.544421
0.543124
0.541608
0.539989
0.538382
0.536856
0.535417
0.534015
0.53258
0.531063
0.52947
0.527869
0.52636
0.52504
0.523958
0.523101
0.522415
0.521828
0.521285
0.520755
0.520226
0.519707
0.519212
0.518759
0.518363
0.518038
0.517791
0.517634
0.517585
0.517668
0.517905
0.518296
0.518808
0.519379
0.519936
0.520413
0.520767
0.520995
0.521132
0.521248
0.521427
0.521747
0.522261
0.522986
0.523909
0.524998
0.526208
0.527486
0.528775
0.53001
0.531131
0.532094
0.532888
0.533529
0.534055
0.534498
0.534864
0.535116
0.535186
0.534997
0.534502
0.53371
0.532698
0.531606
0.53061
0.529867
0.529458
0.529369
0.529499
0.52971
0.529875
0.529904
0.529753
0.529423
0.52896
0.528441
0.527956
0.527579
0.527352
0.527284
0.527373
0.527606
0.527936
0.528248
0.528381
0.528199
0.527632
0.526686
0.525418
0.523911
0.522261
0.520565
0.518917
0.517396
0.516069
0.514984
0.514176
0.513671
0.513486
0.513635
0.514121
0.514936
0.516054
0.517435
0.519025
0.520752
0.522525
0.524234
0.525757
0.526986
0.527838
0.528279
0.528324
0.528028
0.527478
0.526766
0.52598
0.525193
0.524463
0.523832
0.523326
0.522954
0.5227
0.52253
0.522391
0.522228
0.521991
0.521653
0.521211
0.520689
0.520124
0.519547
0.51898
0.518434
0.517916
0.517442
0.517027
0.516679
0.516375
0.516053
0.515629
0.515025
0.514219
0.513255
0.512245
0.511338
0.510682
0.510378
0.510453
0.510851
0.511462
0.512161
0.512858
0.513525
0.5142
0.514954
0.515849
0.516898
0.518044
0.519183
0.520201
0.521006
0.521557
0.521888
0.522111
0.522392
0.522888
0.523686
0.524767
0.526031
0.527349
0.528608
0.529728
0.53066
0.53138
0.531888
0.532208
0.532392
0.532525
0.532737
0.533189
0.534008
0.535192
0.536574
0.537885
0.53887
0.539367
0.539329
0.538801
0.537888
0.536719
0.53542
0.534091
0.532789
0.531538
0.530344
0.529222
0.528211
0.527381
0.526816
0.526594
0.52676
0.527302
0.528145
0.529167
0.530235
0.531237
0.532102
0.532792
0.533283
0.533559
0.53361
0.53344
0.533073
0.532542
0.531887
0.531152
0.530392
0.529669
0.529053
0.528605
0.528364
0.528325
0.528435
0.528597
0.528689
0.528589
0.528207
0.527504
0.526504
0.525289
0.523977
0.522691
0.52152
0.520504
0.519646
0.518955
0.518472
0.518269
0.518412
0.518917
0.519723
0.520723
0.521806
0.52289
0.523916
0.524811
0.525464
0.525727
0.52546
0.524581
0.523105
0.521146
0.518885
0.51652
0.514232
0.512186
0.510551
0.509487
0.509119
0.509502
0.510606
0.512323
0.514512
0.517022
0.51971
0.522424
0.525002
0.527278
0.529127
0.530482
0.531345
0.531772
0.531846
0.531662
0.531305
0.530856
0.530396
0.530016
0.529808
0.529836
0.530107
0.530566
0.531126
0.531712
0.532283
0.532837
0.533395
0.533982
0.534611
0.535272
0.535932
0.536539
0.537033
0.53736
0.537479
0.537379
0.537084
0.536648
0.536147
0.535661
0.535251
0.534946
0.534744
0.534611
0.534487
0.534302
0.533974
0.533421
0.53257
0.531375
0.529825
0.527956
0.525847
0.523612
0.521378
0.519277
0.517433
0.515974
0.515047
0.514806
0.515356
0.516662
0.518515
0.5206
0.52261
0.524327
0.525633
0.526497
0.526949
0.527065
0.526946
0.526703
0.526421
0.526134
0.525814
0.525386
0.524754
0.523843
0.522626
0.521139
0.519479
0.517767
0.516124
0.51466
0.513492
0.512723
0.512396
0.51247
0.512842
0.513387
0.513987
0.514534
0.514933
0.515103
0.514976
0.514507
0.513678
0.512514
0.51109
0.509528
0.50797
0.506533
0.50529
0.504278
0.503529
0.503092
0.503031
0.503404
0.504245
0.505547
0.50725
0.509241
0.511366
0.513446
0.515315
0.516854
0.518016
0.518833
0.519399
0.519833
0.520243
0.520702
0.521227
0.521774
0.522245
0.522513
0.522456
0.521987
0.521076
0.519758
0.518135
0.516358
0.514602
0.513044
0.511857
0.511227
0.511325
0.512223
0.513811
0.515842
0.518062
0.520289
0.522413
0.524387
0.526223
0.527987
0.529768
0.531637
0.533609
0.535634
0.537602
0.539376
0.540828
0.541863
0.542432
0.542543
0.542247
0.541629
0.540773
0.539746
0.538582
0.5373
0.535919
0.534476
0.533023
0.531611
0.530278
0.52904
0.527901
0.526851
0.52587
0.524934
0.524033
0.523184
0.522434
0.521853
0.521509
0.521452
0.521697
0.522226
0.522999
0.523965
0.525084
0.526327
0.527676
0.529111
0.530593
0.53206
0.533433
0.534636
0.535609
0.536329
0.536816
0.537132
0.537367
0.537615
0.537947
0.538402
0.53899
0.539678
0.54038
0.540947
0.541207
0.541018
0.540313
0.539124
0.537575
0.535872
0.53425
0.532912
0.531959
0.53137
0.531028
0.530777
0.530473
0.530011
0.529331
0.528408
0.527245
0.525878
0.524383
0.522887
0.521558
0.520568
0.520043
0.520019
0.520438
0.521188
0.522167
0.523327
0.524661
0.526167
0.527798
0.529453
0.530995
0.532285
0.533203
0.533663
0.533618
0.533062
0.532035
0.530625
0.528957
0.527184
0.525476
0.524017
0.522997
0.522548
0.522664
0.523158
0.523766
0.524269
0.524563
0.524628
0.52448
0.524152
0.523692
0.523169
0.522663
0.522241
0.521941
0.521772
0.521733
0.521829
0.522054
0.522356
0.522604
0.522626
0.522266
0.521453
0.520219
0.518692
0.517044
0.515412
0.513843
0.5123
0.510737
0.509183
0.507777
0.506716
0.506133
0.50598
0.506028
0.50603
0.50588
0.505666
0.505599
0.505896
0.506679
0.507942
0.509577
0.511429
0.513344
0.515198
0.516912
0.518436
0.519743
0.520818
0.521661
0.522293
0.522756
0.523098
0.523367
0.523598
0.523815
0.524035
0.524276
0.524546
0.52482
0.525015
0.525011
0.524693
0.524006
0.522971
0.521677
0.520258
0.518858
0.51761
0.5166
0.515855
0.515338
0.514974
0.51468
0.514407
0.514165
0.514016
0.514024
0.514201
0.514496
0.514823
0.515108
0.515308
0.515411
0.515428
0.515385
0.515317
0.515267
0.515288
0.515445
0.515798
0.516382
0.517176
0.518096
0.519018
0.519829
0.520466
0.520939
0.521313
0.521676
0.522114
0.522682
0.523389
0.524199
0.525054
0.525894
0.526686
0.52743
0.528148
0.528871
0.529614
0.53036
0.53106
0.531644
0.532046
0.532216
0.532134
0.531801
0.531232
0.530434
0.529411
0.528179
0.526793
0.525352
0.523981
0.522775
0.521766
0.520914
0.520143
0.51937
0.518528
0.517574
0.516501
0.515335
0.514142
0.51301
0.512031
0.511272
0.510755
0.510451
0.510294
0.510215
0.510177
0.510206
0.51038
0.510797
0.511524
0.512548
0.513783
0.515098
0.516369
0.517513
0.518488
0.519261
0.519797
0.520062
0.52005
0.519789
0.519343
0.518792
0.51821
0.517652
0.517147
0.516713
0.516369
0.516131
0.516017
0.516039
0.516212
0.516553
0.517077
0.517785
0.518656
0.519652
0.520725
0.521832
0.522936
0.524006
0.525019
0.525948
0.526761
0.527419
0.527876
0.528089
0.528025
0.527666
0.527017
0.526117
0.525039
0.523895
0.522821
0.521957
0.521408
0.521219
0.521358
0.521741
0.522262
0.52283
0.523392
0.523928
0.524449
0.524975
0.525519
0.526071
0.526582
0.526966
0.527112
0.526918
0.526315
0.525274
0.523812
0.521983
0.519879
0.517636
0.515447
0.513552
0.512173
0.511411
0.511181
0.51127
0.511449
0.511561
0.511553
0.511468
0.511421
0.511551
0.511969
0.512719
0.513794
0.515167
0.516811
0.518685
0.52073
0.52286
0.524987
0.527046
0.529015
0.530926
0.532849
0.534863
0.53701
0.539285
0.54163
0.543956
0.546168
0.548175
0.549907
0.55132
0.552396
0.553145
0.553589
0.55374
0.553587
0.553089
0.552192
0.550845
0.549023
0.546733
0.544016
0.540947
0.537641
0.534254
0.530973
0.527988
0.525452
0.523439
0.521934
0.520859
0.520098
0.519529
0.519026
0.518465
0.517727
0.516733
0.515476
0.514035
0.512556
0.511191
0.510049
0.509179
0.508586
0.508248
0.508119
0.508128
0.508204
0.508289
0.508358
0.508402
0.508428
0.508446
0.50848
0.508573
0.508779
0.509131
0.5096
0.510083
0.510438
0.510552
0.510396
0.510028
0.509581
0.50921
0.50905
0.509174
0.509581
0.510217
0.510999
0.511839
0.512655
0.513368
0.513915
0.514251
0.514358
0.514252
0.513984
0.51364
0.513329
0.513173
0.51329
0.51378
0.514705
0.516071
0.517801
0.519749
0.521726
0.523555
0.525107
0.526323
0.527203
0.52779
0.528136
0.528285
0.528255
0.528048
0.527671
0.527147
0.526529
0.525888
0.5253
0.524822
0.524483
0.524275
0.524165
0.524109
0.52407
0.524028
0.52399
0.523984
0.524049
0.524221
0.524526
0.524968
0.525534
0.526199
0.526941
0.527741
0.528594
0.529497
0.53044
0.531406
0.532365
0.533283
0.534124
0.534845
0.535406
0.53577
0.535914
0.535827
0.535517
0.535007
0.534331
0.53354
0.532696
0.531871
0.531145
0.530594
0.530287
0.530274
0.530586
0.531229
0.532184
0.533402
0.534807
0.536304
0.537794
0.539182
0.540396
0.541383
0.542121
0.542605
0.542845
0.542856
0.542648
0.54222
0.541555
0.540632
0.539425
0.537913
0.536081
0.533924
0.531454
0.528708
0.525759
0.522724
0.519753
0.517004
0.51461
0.512656
0.511179
0.510176
0.509606
0.509393
0.509434
0.509624
0.509889
0.510197
0.510545
0.510945
0.511406
0.511932
0.512526
0.5132
0.513971
0.514854
0.515853
0.516959
0.518155
0.519427
0.520782
0.522243
0.523844
0.525602
0.527512
0.529545
0.531654
0.53378
0.535847
0.537761
0.539417
0.540715
0.54158
0.541975
0.541904
0.541401
0.540522
0.539334
0.537911
0.536327
0.534655
0.532961
0.531296
0.529697
0.528173
0.52672
0.525329
0.523995
0.522734
0.521575
0.520557
0.519732
0.519169
0.51895
0.51915
0.519807
0.520899
0.522338
0.523985
0.525679
0.527273
0.528655
0.529761
0.530557
0.531027
0.531167
0.530985
0.530527
0.529894
0.52924
0.528749
0.528574
0.528785
0.529346
0.530142
0.531026
0.531856
0.532504
0.532853
0.532804
0.532279
0.53124
0.529693
0.527698
0.525366
0.522854
0.520351
0.518054
0.516137
0.514718
0.513848
0.51351
0.513634
0.514101
0.514753
0.515428
0.515992
0.516375
0.516571
0.516616
0.516552
0.516403
0.51617
0.515843
0.515418
0.514917
0.514414
0.514041
0.513979
0.5144
0.515386
0.51688
0.518704
0.520619
0.522392
0.523833
0.524822
0.525326
0.525393
0.525132
0.524676
0.524144
0.523618
0.523152
0.522776
0.522517
0.52241
0.522495
0.522806
0.52334
0.524037
0.52477
0.525365
0.525648
0.525489
0.524835
0.523728
0.522306
0.520788
0.519427
0.518442
0.517953
0.517958
0.518362
0.519043
0.519905
0.520888
0.521955
0.523061
0.524138
0.525089
0.525796
0.526146
0.52606
0.525537
0.524663
0.52361
0.522586
0.521785
0.521351
0.521381
0.521925
0.52297
0.524434
0.526189
0.528095
0.530026
0.531869
0.533514
0.534864
0.535849
0.536443
0.536665
0.536564
0.536205
0.535652
0.534958
0.534155
0.533251
0.532227
0.53104
0.529636
0.52797
0.526051
0.524009
0.522124
0.52074
0.520061
0.520024
0.520406
0.521009
0.521736
0.522552
0.523434
0.524339
0.525187
0.525848
0.526164
0.526001
0.525297
0.52409
0.522513
0.520771
0.519102
0.517719
0.516769
0.516314
0.516344
0.51681
0.517651
0.518818
0.520271
0.521965
0.523824
0.525737
0.52757
0.529191
0.530504
0.531476
0.532145
0.532619
0.533042
0.533557
0.534264
0.535195
0.536308
0.53751
0.538679
0.539688
0.540424
0.5408
0.540762
0.540306
0.53949
0.538446
0.537364
0.536429
0.535757
0.535356
0.535156
0.535062
0.534991
0.534886
0.534714
0.534453
0.534089
0.533617
0.533057
0.532459
0.531901
0.531456
0.531168
0.531037
0.531036
0.53114
0.531337
0.531634
0.532031
0.532503
0.533003
0.533476
0.533879
0.53419
0.534409
0.534543
0.534605
0.534614
0.53459
0.534561
0.534545
0.534548
0.534559
0.534561
0.534538
0.534481
0.534388
0.534253
0.534065
0.533816
0.533507
0.533159
0.532807
0.53248
0.53216
0.531763
0.531164
0.530253
0.528986
0.527424
0.525746
0.524239
0.523216
0.522881
0.523225
0.524027
0.524985
0.525841
0.526454
0.52679
0.526877
0.526769
0.526526
0.526208
0.525874
0.525585
0.525393
0.525328
0.525389
0.525545
0.525742
0.525921
0.52603
0.526035
0.525924
0.525713
0.525441
0.525161
0.524916
0.524719
0.52453
0.524272
0.523848
0.52319
0.5223
0.521285
0.520346
0.519691
0.51942
0.519473
0.519704
0.519993
0.520288
0.520586
0.520894
0.521202
0.521482
0.521698
0.521824
0.521856
0.521811
0.52172
0.521633
0.521602
0.521678
0.521879
0.522178
0.522499
0.522747
0.52285
0.522788
0.522595
0.522339
0.52209
0.52189
0.521729
0.521554
0.521277
0.520811
0.520087
0.519065
0.517744
0.516159
0.514371
0.512456
0.510494
0.50857
0.506781
0.505228
0.504017
0.503249
0.503018
0.503409
0.504483
0.506244
0.508592
0.511291
0.514028
0.516505
0.518528
0.520027
0.521032
0.521638
0.521967
0.522148
0.522308
0.522571
0.523047
0.5238
0.524805
0.525952
0.527084
0.528056
0.528761
0.529133
0.529133
0.528753
0.528017
0.52698
0.525713
0.524278
0.522705
0.520986
0.519088
0.516987
0.514708
0.512333
0.509987
0.507808
0.5059
0.504324
0.503112
0.502315
0.502034
0.502405
0.503525
0.50537
0.507768
0.510464
0.513209
0.515824
0.518221
0.52038
0.522317
0.524055
0.525599
0.526931
0.528022
0.528851
0.529429
0.529797
0.530008
0.530096
0.530062
0.529881
0.529509
0.528905
0.528039
0.526903
0.525524
0.523951
0.522258
0.520547
0.518953
0.517651
0.516831
0.516634
0.517085
0.518065
0.519358
0.520724
0.52197
0.522986
0.523753
0.524325
0.524789
0.525231
0.525705
0.526219
0.526747
0.527252
0.527714
0.528141
0.528564
0.529023
0.529553
0.53018
0.530934
0.531855
0.532996
0.534383
0.535971
0.537621
0.539143
0.540354
0.541123
0.541384
0.541124
0.540382
0.539252
0.537877
0.536424
0.535039
0.533806
0.532739
0.531802
0.530948
0.530165
0.5295
0.529033
0.528812
0.528795
0.528869
0.528903
0.528795
0.528497
0.528006
0.527358
0.52662
0.525872
0.525202
0.524686
0.524376
0.524296
0.524449
0.52483
0.525432
0.526239
0.527205
0.528263
0.529351
0.530446
0.531575
0.532784
0.534102
0.535502
0.53688
0.53809
0.538984
0.539464
0.539511
0.539184
0.538591
0.537854
0.537079
0.536328
0.535625
0.534961
0.534305
0.533617
0.532857
0.531997
0.531033
0.529988
0.52892
0.527927
0.527149
0.526737
0.526794
0.527292
0.528075
0.528941
0.52973
0.53036
0.530814
0.5311
0.531229
0.531198
0.531001
0.530641
0.530151
0.529598
0.529071
0.528654
0.528393
0.528291
0.528335
0.528521
0.528863
0.529373
0.530022
0.530728
0.531361
0.531784
0.531896
0.531653
0.531071
0.530218
0.529186
0.52808
0.526999
0.526028
0.52523
0.524638
0.524248
0.524034
0.523946
0.523925
0.52391
0.523851
0.523717
0.523488
0.523142
0.522653
0.521991
0.521133
0.520085
0.518891
0.517633
0.516416
0.515339
0.514468
0.513821
0.513379
0.513096
0.512923
0.512817
0.512748
0.512704
0.512678
0.512666
0.512647
0.512591
0.512455
0.5122
0.511795
0.511234
0.510551
0.509837
0.509253
0.509
0.509244
0.510038
0.511301
0.512863
0.514534
0.516154
0.517606
0.518825
0.519785
0.52049
0.520974
0.521284
0.52148
0.521608
0.521675
0.52165
0.521486
0.521164
0.520717
0.520228
0.519793
0.519483
0.519301
0.519183
0.519025
0.518741
0.518293
0.517706
0.517051
0.516423
0.515913
0.515593
0.515498
0.515636
0.515992
0.516541
0.517253
0.518088
0.518987
0.519873
0.520657
0.521267
0.521665
0.521858
0.521895
0.521858
0.521854
0.521979
0.522291
0.52278
0.523357
0.523883
0.524214
0.524242
0.523921
0.523258
0.522302
0.521124
0.519812
0.518475
0.517232
0.516199
0.515464
0.51507
0.51502
0.515287
0.515824
0.51658
0.517498
0.518512
0.519531
0.520441
0.521115
0.521436
0.521327
0.52076
0.519759
0.518396
0.516794
0.51512
0.513569
0.512321
0.511514
0.511216
0.511434
0.512134
0.513255
0.514717
0.516427
0.51828
0.520166
0.521988
0.523665
0.525146
0.526407
0.527443
0.528256
0.528852
0.529238
0.52942
0.529394
0.529138
0.528639
0.527917
0.527056
0.526193
0.52548
0.525036
0.524915
0.525113
0.5256
0.526341
0.527305
0.528455
0.529724
0.531007
0.53218
0.533123
0.533748
0.534009
0.533908
0.533477
0.532769
0.531838
0.530733
0.529496
0.528169
0.526809
0.5255
0.524362
0.523524
0.523099
0.52314
0.523609
0.524379
0.525276
0.52613
0.526834
0.527357
0.527734
0.528032
0.528314
0.528614
0.528915
0.529158
0.529263
0.529162
0.528841
0.528351
0.527803
0.527329
0.527047
0.527024
0.527262
0.527701
0.528238
0.528757
0.529148
0.529331
0.529253
0.528893
0.528256
0.527369
0.526283
0.525066
0.523798
0.522551
0.521368
0.520253
0.519169
0.518052
0.516844
0.515505
0.514038
0.512489
0.510944
0.509512
0.508288
0.507312
0.50656
0.505956
0.505418
0.504913
0.504483
0.504235
0.504276
0.504627
0.505209
0.505887
0.50656
0.507201
0.507844
0.508543
0.509318
0.510142
0.510961
0.511725
0.512408
0.513011
0.513551
0.514051
0.514521
0.514961
0.51536
0.515711
0.516031
0.516361
0.516763
0.517299
0.518021
0.51896
0.520131
0.52155
0.523234
0.525193
0.527404
0.529798
0.532262
0.534669
0.536902
0.538873
0.540515
0.54178
0.542639
0.543088
0.54315
0.542884
0.54238
0.541743
0.541079
0.540472
0.539971
0.539584
0.539284
0.539016
0.53871
0.538291
0.537695
0.53688
0.535846
0.534644
0.533388
0.532242
0.531373
0.53088
0.530752
0.530882
0.53112
0.531318
0.531353
0.531136
0.530625
0.529826
0.528788
0.527591
0.526328
0.525087
0.523934
0.522914
0.522056
0.521391
0.520965
0.520838
0.521062
0.521662
0.522618
0.523866
0.525311
0.526851
0.528393
0.529864
0.53122
0.532439
0.533518
0.534458
0.535253
0.535885
0.536327
0.536558
0.536584
0.536447
0.536221
0.535994
0.535841
0.535802
0.535874
0.536023
0.536195
0.53634
0.536421
0.536421
0.536346
0.536229
0.536115
0.53605
0.536057
0.536115
0.536163
0.536112
0.535875
0.535394
0.534653
0.533681
0.532535
0.531286
0.530001
0.528727
0.527488
0.526282
0.525095
0.523908
0.522712
0.521511
0.520329
0.519197
0.518152
0.517239
0.516526
0.516122
0.516163
0.516742
0.517825
0.519223
0.520655
0.521851
0.522621
0.522873
0.522607
0.521887
0.520824
0.519557
0.518228
0.51696
0.515835
0.514893
0.514145
0.513585
0.513212
0.51303
0.513049
0.513284
0.513749
0.514451
0.515383
0.516518
0.517804
0.519173
0.520545
0.521842
0.522995
0.523953
0.524685
0.525179
0.525443
0.525493
0.525351
0.525038
0.524579
0.524018
0.523429
0.522912
0.52256
0.52241
0.522423
0.522509
0.522568
0.522521
0.522322
0.521955
0.521428
0.520765
0.520004
0.519183
0.518343
0.517516
0.516717
0.515945
0.515179
0.514383
0.513516
0.512543
0.511452
0.510247
0.508959
0.50763
0.506314
0.505076
0.503997
0.503181
0.502739
0.502778
0.503387
0.504636
0.506557
0.509095
0.512073
0.515216
0.518229
0.520859
0.522933
0.524354
0.525102
0.525216
0.524785
0.52392
0.522732
0.521326
0.519801
0.518259
0.516796
0.515481
0.514339
0.513367
0.512559
0.511931
0.511531
0.511412
0.511612
0.512125
0.5129
0.513854
0.514901
0.51598
0.517077
0.518213
0.519409
0.520638
0.521812
0.522812
0.52353
0.523899
0.523903
0.523581
0.523014
0.52231
0.521576
0.520898
0.520327
0.519882
0.51957
0.519406
0.519429
0.519693
0.520233
0.521042
0.522065
0.523242
0.524555
0.526022
0.527646
0.529348
0.53096
0.53229
0.533195
0.53362
0.533603
0.533251
0.532699
0.532062
0.531406
0.530744
0.530059
0.529332
0.528556
0.527744
0.526917
0.526102
0.525322
0.524583
0.523863
0.523111
0.522265
0.521296
0.520241
0.519208
0.518346
0.517799
0.51766
0.517954
0.518642
0.519642
0.520849
0.522158
0.523482
0.524762
0.525961
0.527064
0.52806
0.528941
0.529699
0.530323
0.530794
0.531086
0.531178
0.531057
0.530739
0.530256
0.529659
0.528991
0.52827
0.52748
0.526575
0.525507
0.524257
0.522852
0.521366
0.519904
0.518579
0.517486
0.516692
0.516233
0.516109
0.5163
0.516764
0.517444
0.518266
0.519143
0.519969
0.520626
0.520999
0.520996
0.520569
0.519744
0.51864
0.517494
0.516639
0.516407
0.516976
0.51828
0.520059
0.521981
0.523742
0.525111
0.525943
0.526189
0.525885
0.525134
0.524085
0.522915
0.521816
0.520941
0.520329
0.519884
0.519446
0.518883
0.51814
0.517221
0.516155
0.514977
0.51372
0.512419
0.511117
0.509865
0.508724
0.507765
0.507066
0.506703
0.506735
0.507185
0.508027
0.509186
0.510552
0.51201
0.513457
0.51482
0.516068
0.517206
0.518273
0.519318
0.520375
0.521438
0.522459
0.523367
0.524101
0.524636
0.524997
0.525247
0.525467
0.525734
0.526103
0.526594
0.527206
0.527926
0.528744
0.529658
0.530663
0.531722
0.532763
0.533679
0.534361
0.534731
0.534763
0.534488
0.533985
0.533358
0.5327
0.532064
0.531455
0.530843
0.530192
0.529494
0.52879
0.528188
0.527864
0.528006
0.52872
0.52995
0.5315
0.533131
0.534632
0.535837
0.536613
0.536852
0.536467
0.535416
0.533732
0.531562
0.529179
0.526914
0.52502
0.523567
0.522442
0.52145
0.520421
0.519263
0.517983
0.516654
0.515367
0.514192
0.513142
0.512181
0.511252
0.510309
0.509337
0.508361
0.507443
0.506686
0.506258
0.506405
0.507379
0.509263
0.511882
0.514899
0.517984
0.520883
0.523425
0.525505
0.52709
0.528205
0.52892
0.529309
0.529428
0.529296
0.528904
0.528244
0.527326
0.526197
0.524931
0.523612
0.52231
0.521068
0.519894
0.51877
0.517662
0.516532
0.51536
0.514161
0.513004
0.51203
0.511436
0.511439
0.512197
0.51374
0.515951
0.518606
0.521449
0.52425
0.526822
0.529023
0.530746
0.531918
0.532504
0.532522
0.532043
0.531194
0.530151
0.529117
0.528288
0.527824
0.527815
0.528271
0.529118
0.530209
0.531354
0.532354
0.533032
0.533243
0.532885
0.531911
0.530341
0.528272
0.525885
0.52343
0.521203
0.519513
0.518626
0.518697
0.519698
0.521432
0.523622
0.52601
0.528407
0.5307
0.532827
0.534754
0.536462
0.537938
0.539164
0.540118
0.540773
0.541105
0.541106
0.540795
0.540227
0.539491
0.5387
0.537968
0.537396
0.537043
0.536918
0.536978
0.537142
0.537325
0.537473
0.537579
0.53768
0.537821
0.538016
0.538225
0.538364
0.538326
0.538024
0.537413
0.536507
0.535378
0.534139
0.532928
0.531895
0.531187
0.530916
0.531129
0.531795
0.532819
0.534082
0.535459
0.536826
0.53807
0.539108
0.539914
0.540486
0.540792
0.54074
0.540209
0.539122
0.537479
0.53537
0.53297
0.530526
0.528327
0.526644
0.525651
0.52538
0.52573
0.526537
0.527634
0.528879
0.53016
0.531387
0.532489
0.533409
0.534106
0.534557
0.534752
0.534696
0.5344
0.533886
0.533177
0.532307
0.531315
0.530251
0.529168
0.528116
0.527137
0.526264
0.525527
0.52494
0.524492
0.524135
0.523797
0.523395
0.522865
0.522183
0.521376
0.520533
0.519779
0.519233
0.518954
0.518923
0.519065
0.519294
0.519551
0.519799
0.519998
0.520086
0.519993
0.519673
0.519133
0.518442
0.517712
0.517057
0.516559
0.516248
0.516106
0.516087
0.516133
0.516187
0.516204
0.516161
0.516065
0.515962
0.515929
0.516055
0.516411
0.517025
0.517875
0.51891
0.520074
0.521317
0.522598
0.523871
0.52508
0.526153
0.527022
0.527638
0.527984
0.528083
0.527985
0.527752
0.527442
0.527089
0.526708
0.526301
0.525873
0.525438
0.525022
0.524652
0.524348
0.524126
0.52399
0.523928
0.523897
0.523838
0.523691
0.523406
0.522954
0.522332
0.521575
0.520767
0.520036
0.519537
0.519411
0.519726
0.520426
0.521334
0.522216
0.522869
0.523171
0.523097
0.522695
0.522063
0.521319
0.52058
0.519946
0.519486
0.519233
0.519192
0.519341
0.51965
0.52009
0.520651
0.521342
0.522184
0.523196
0.524377
0.525708
0.527153
0.528667
0.530197
0.531677
0.533031
0.534188
0.535101
0.535764
0.536199
0.536439
0.536511
0.536426
0.536184
0.535777
0.53519
0.534406
0.533408
0.532189
0.530754
0.529123
0.527327
0.525409
0.52343
0.521474
0.519638
0.518021
0.516701
0.51572
0.515086
0.514781
0.514774
0.515035
0.515545
0.516296
0.517279
0.518477
0.519855
0.521369
0.522961
0.524575
0.526162
0.527692
0.529146
0.530506
0.53174
0.532804
0.533643
0.534217
0.534517
0.534583
0.534496
0.534355
0.534235
0.534151
0.534055
0.533862
0.533489
0.532888
0.532068
0.531091
0.530058
0.529081
0.528266
0.527703
0.527459
0.52755
0.527932
0.528528
0.529259
0.53007
0.530928
0.531793
0.532611
0.533313
0.53383
0.534112
0.534137
0.533906
0.533445
0.532801
0.532041
0.531262
0.530582
0.530127
0.530008
0.530288
0.53097
0.531985
0.533209
0.534486
0.535658
0.536594
0.537201
0.537436
0.537298
0.536823
0.536079
0.535147
0.534115
0.533055
0.532011
0.531003
0.530029
0.529087
0.528197
0.527412
0.526819
0.526525
0.526623
0.527164
0.52813
0.529433
0.530932
0.532465
0.533875
0.535031
0.535834
0.536222
0.536163
0.535659
0.534744
0.533485
0.531972
0.530311
0.528618
0.527
0.525526
0.524196
0.522948
0.521712
0.520478
0.519328
0.518387
0.517758
0.517474
0.517508
0.517813
0.518347
0.519095
0.52006
0.521253
0.522666
0.524261
0.525968
0.527709
0.529413
0.53103
0.532531
0.533906
0.535158
0.536299
0.537353
0.538359
0.539365
0.540419
0.541554
0.542759
0.543972
0.545083
0.545963
0.546496
0.546603
0.54626
0.545502
0.544416
0.543137
0.54182
0.540603
0.539558
0.538677
0.537896
0.537148
0.536407
0.535687
0.53502
0.534427
0.533899
0.533395
0.532867
0.532272
0.531594
0.530842
0.530047
0.529244
0.528469
0.527747
0.527087
0.526472
0.52586
0.52519
0.524398
0.523423
0.522219
0.520768
0.519087
0.517236
0.515321
0.513484
0.511894
0.510719
0.510093
0.510083
0.510673
0.511778
0.513267
0.515007
0.516884
0.518819
0.520761
0.522671
0.524503
0.526203
0.52772
0.529014
0.530061
0.530859
0.531424
0.5318
0.532048
0.532241
0.532435
0.532652
0.532883
0.533112
0.533336
0.533559
0.533771
0.533935
0.533995
0.533904
0.533646
0.533249
0.532771
0.532261
0.531732
0.531146
0.530443
0.529569
0.528498
0.52725
0.525883
0.52448
0.523142
0.521967
0.521036
0.520406
0.520099
0.520104
0.52038
0.52087
0.521509
0.522231
0.522975
0.523683
0.524298
0.524772
0.525073
0.525197
0.525177
0.525088
0.52504
0.525157
0.525551
0.526269
0.527271
0.52843
0.529571
0.530519
0.531131
0.531307
0.530995
0.5302
0.52899
0.52751
0.525955
0.524522
0.523335
0.522408
0.52168
0.52108
0.520577
0.52019
0.519942
0.519818
0.519749
0.519641
0.519423
0.519085
0.518688
0.518345
0.518185
0.518315
0.518781
0.519557
0.520558
0.52167
0.522786
0.523824
0.524742
0.525531
0.526208
0.526804
0.527346
0.527844
0.528289
0.528653
0.528899
0.528997
0.528931
0.528713
0.528381
0.527994
0.527613
0.527285
0.527035
0.526873
0.526806
0.526841
0.526984
0.527218
0.5275
0.527758
0.527913
0.527889
0.527636
0.527137
0.52642
0.525552
0.524636
0.523785
0.523097
0.522633
0.522406
0.52239
0.522534
0.522788
0.523117
0.523505
0.523965
0.524519
0.525198
0.52602
0.526982
0.528054
0.529168
0.530233
0.531141
0.531789
0.53209
0.531986
0.531458
0.530535
0.529296
0.527882
0.526487
0.525341
0.524676
0.52468
0.525449
0.526952
0.529028
0.531421
0.533835
0.535985
0.537626
0.538557
0.538637
0.537843
0.53637
0.534699
0.533394
0.532671
0.532251
0.531714
0.53085
0.52969
0.528376
0.527056
0.525838
0.524792
0.523961
0.523375
0.523065
0.523054
0.523344
0.523892
0.524608
0.525379
0.526122
0.526812
0.527489
0.52822
0.529051
0.529977
0.530931
0.531812
0.532514
0.532946
0.533041
0.532752
0.53205
0.530917
0.529347
0.527355
0.524983
0.522309
0.519454
0.516586
0.513931
0.511775
0.510442
0.510201
0.511132
0.513061
0.51564
0.518502
0.521345
0.523936
0.526093
0.527665
0.528549
0.52871
0.52821
0.527224
0.526019
0.524896
0.524098
0.523739
0.523797
0.52416
0.524714
0.525401
0.526232
0.527255
0.528509
0.529981
0.5316
0.533252
0.534811
0.536171
0.537262
0.538056
0.538552
0.538768
0.538732
0.538468
0.537984
0.53726
0.536254
0.534913
0.533207
0.531147
0.528807
0.526312
0.523815
0.521455
0.519334
0.5175
0.51594
0.514596
0.513396
0.512295
0.511304
0.510491
0.509956
0.509789
0.510019
0.510602
0.51142
0.512318
0.513136
0.513742
0.514045
0.514008
0.513643
0.513004
0.512183
0.511289
0.510446
0.509766
0.50934
0.509224
0.509442
0.509988
0.51083
0.511907
0.513138
0.514436
0.515725
0.516953
0.518091
0.51913
0.520071
0.520923
0.521698
0.522406
0.523039
0.523571
0.523954
0.524134
0.524061
0.523699
0.523029
0.522053
0.520797
0.519311
0.517673
0.515985
0.514353
0.512879
0.511642
0.510687
0.51004
0.509729
0.509816
0.510374
0.511415
0.512824
0.514358
0.515742
0.516768
0.517352
0.51752
0.51736
0.516965
0.516408
0.515733
0.514982
0.514206
0.513467
0.512829
0.512348
0.51206
0.511976
0.512075
0.5123
0.512573
0.512819
0.512978
0.513029
0.512993
0.512939
0.512965
0.513167
0.513606
0.514288
0.515163
0.516144
0.517131
0.518026
0.518752
0.519256
0.519512
0.519519
0.519287
0.51884
0.518199
0.517384
0.516408
0.515274
0.513982
0.512528
0.510917
0.509168
0.507321
0.505447
0.503642
0.502018
0.500691
0.499749
0.499241
0.499165
0.499474
0.500088
0.500909
0.501847
0.502834
0.503835
0.50484
0.505841
0.50681
0.50769
0.508408
0.508898
0.509118
0.509065
0.508779
0.50834
0.507862
0.50746
0.507221
0.507171
0.507274
0.50745
0.507608
0.507677
0.507624
0.507471
0.507286
0.50716
0.507165
0.507316
0.507575
0.507885
0.508232
0.508692
0.509412
0.51051
0.511962
0.513589
0.515169
0.516543
0.517662
0.518561
0.519318
0.520015
0.520703
0.521394
0.522066
0.522675
0.523178
0.523539
0.52374
0.523787
0.523712
0.523571
0.523429
0.523351
0.523382
0.523537
0.5238
0.524123
0.524436
0.52466
0.52472
0.524564
0.524183
0.523624
0.522993
0.522428
0.522072
0.522043
0.52243
0.523281
0.524575
0.5262
0.527964
0.529646
0.531059
0.53208
0.532658
0.532812
0.532621
0.532214
0.531747
0.531356
0.531112
0.531008
0.530992
0.531019
0.531072
0.531157
0.53127
0.531373
0.531391
0.53123
0.530819
0.530138
0.529232
0.528211
0.527232
0.526462
0.526043
0.526044
0.526455
0.52719
0.528122
0.529108
0.530018
0.530737
0.531176
0.53127
0.53098
0.530283
0.529167
0.527634
0.525701
0.523425
0.520902
0.518269
0.515676
0.513269
0.511201
0.509628
0.508686
0.50845
0.508895
0.509909
0.511334
0.51301
0.514808
0.516642
0.51846
0.520237
0.52195
0.523561
0.525012
0.526222
0.52711
0.527612
0.527707
0.527431
0.526877
0.526178
0.525484
0.524922
0.524573
0.524453
0.524516
0.524666
0.524791
0.524794
0.524625
0.524293
0.523855
0.523382
0.522931
0.522548
0.522327
0.52246
0.523192
0.524611
0.526509
0.5285
0.530236
0.531515
0.532258
0.532468
0.532212
0.531602
0.530784
0.529912
0.529118
0.528488
0.528054
0.527794
0.527653
0.527572
0.527503
0.527428
0.527355
0.527312
0.52732
0.527377
0.527462
0.527542
0.527605
0.527659
0.527732
0.527855
0.528058
0.528376
0.528839
0.529454
0.530183
0.530957
0.531689
0.5323
0.532728
0.532927
0.532876
0.532582
0.532081
0.531429
0.530699
0.529963
0.529282
0.528702
0.52825
0.527938
0.527772
0.527759
0.527906
0.528218
0.528682
0.52926
0.529878
0.530426
0.530777
0.530817
0.530494
0.52985
0.529014
0.528153
0.52738
0.526693
0.525978
0.525075
0.523857
0.522278
0.520381
0.518293
0.516206
0.514353
0.512978
0.51229
0.512418
0.513387
0.515118
0.517449
0.520159
0.522989
0.525664
0.52792
0.529531
0.530351
0.530362
0.529726
0.528756
0.527766
0.526874
0.525973
0.524892
0.523557
0.522019
0.520409
0.518894
0.517644
0.516803
0.516463
0.516643
0.517302
0.518368
0.519772
0.521446
0.52332
0.525305
0.527295
0.529177
0.530841
0.532198
0.533189
0.533785
0.533993
0.533846
0.533399
0.53271
0.531834
0.530807
0.529644
0.52834
0.526884
0.525274
0.523527
0.521677
0.519774
0.517879
0.516078
0.514498
0.513304
0.512644
0.512575
0.513021
0.513798
0.514691
0.515518
0.516169
0.516607
0.516846
0.516931
0.516912
0.516841
0.516761
0.516703
0.516683
0.516696
0.516718
0.516713
0.516638
0.51645
0.516116
0.515618
0.514956
0.514156
0.513273
0.512391
0.511625
0.511108
0.510979
0.511328
0.512153
0.51334
0.514714
0.516117
0.517457
0.518717
0.519937
0.521173
0.522478
0.523877
0.525367
0.526922
0.528509
0.530105
0.531701
0.533303
0.534912
0.53652
0.538098
0.5396
0.540972
0.54217
0.543176
0.544025
0.54481
0.545665
0.546706
0.547973
0.54939
0.55079
0.551979
0.552793
0.553129
0.552952
0.552289
0.551209
0.549805
0.548167
0.546369
0.544464
0.542497
0.540509
0.538548
0.536665
0.534906
0.533308
0.531899
0.530705
0.529752
0.529056
0.528615
0.528395
0.528334
0.528348
0.528351
0.528278
0.528108
0.527872
0.527634
0.52745
0.527314
0.527147
0.526823
0.526231
0.525327
0.524156
0.522847
0.521562
0.520428
0.519487
0.518701
0.517999
0.517342
0.516736
0.516211
0.515778
0.515419
0.515111
0.514858
0.514691
0.51465
0.514753
0.514986
0.51531
0.515688
0.516113
0.516626
0.517331
0.518381
0.519908
0.521917
0.524251
0.526655
0.528888
0.530782
0.532235
0.533187
0.533601
0.53346
0.532773
0.531581
0.529962
0.52803
0.525919
0.523771
0.521717
0.519868
0.518287
0.516982
0.515897
0.514946
0.514053
0.513176
0.51232
0.51153
0.510878
0.510458
0.510363
0.510674
0.511432
0.512622
0.514174
0.515969
0.517864
0.519724
0.521446
0.522982
0.524323
0.525491
0.526512
0.527407
0.528185
0.528842
0.529368
0.529752
0.52998
0.530043
0.529934
0.529658
0.529235
0.528697
0.528072
0.527371
0.526578
0.525675
0.524665
0.523602
0.52258
0.521697
0.521003
0.520481
0.520083
0.519783
0.519609
0.519627
0.51992
0.520567
0.521618
0.52308
0.52489
0.526918
0.528992
0.530932
0.532573
0.533783
0.534471
0.534594
0.534168
0.533279
0.532057
0.530645
0.529162
0.527686
0.526249
0.52485
0.523464
0.522051
0.520572
0.519
0.517344
0.515657
0.514045
0.512656
0.511673
0.511284
0.511638
0.512796
0.514694
0.517159
0.519958
0.522849
0.525614
0.52807
0.530081
0.53156
0.532475
0.532839
0.532703
0.532143
0.53125
0.530119
0.528845
0.527513
0.526197
0.524964
0.523868
0.522955
0.522253
0.52177
0.521485
0.521353
0.521302
0.521245
0.521093
0.520779
0.520288
0.519677
0.519089
0.518715
0.518727
0.519214
0.520167
0.521522
0.523204
0.525139
0.527249
0.52944
0.531601
0.533597
0.535294
0.536574
0.537364
0.537651
0.537462
0.536844
0.53584
0.534492
0.53286
0.53105
0.529229
0.527612
0.526415
0.525791
0.525776
0.526279
0.527119
0.528078
0.52895
0.529575
0.529859
0.529775
0.529359
0.528687
0.527861
0.52698
0.526122
0.525331
0.524628
0.524014
0.523485
0.523029
0.522622
0.522235
0.521837
0.521408
0.520937
0.520419
0.51985
0.519229
0.518554
0.517831
0.517076
0.516313
0.515571
0.514874
0.514237
0.513659
0.513122
0.512595
0.512044
0.511448
0.510807
0.510149
0.509525
0.509
0.508642
0.508511
0.508649
0.509078
0.509792
0.510758
0.511905
0.513134
0.514339
0.515459
0.516517
0.517632
0.518982
0.520721
0.522895
0.525405
0.528037
0.530563
0.532804
0.53465
0.536043
0.536949
0.537346
0.53722
0.536565
0.535401
0.533767
0.531728
0.529372
0.526833
0.524313
0.522062
0.520296
0.519103
0.518452
0.518281
0.518548
0.519205
0.520164
0.521291
0.522442
0.523504
0.52442
0.525182
0.525802
0.526284
0.526613
0.52677
0.52676
0.526624
0.526431
0.526251
0.52613
0.526077
0.526074
0.526107
0.526188
0.526368
0.526719
0.527293
0.528092
0.529047
0.530039
0.530929
0.531588
0.531924
0.531889
0.531489
0.530783
0.52988
0.528928
0.528096
0.527541
0.527375
0.527629
0.528251
0.529126
0.530121
0.53112
0.532042
0.532839
0.533481
0.533939
0.53419
0.534228
0.534082
0.533826
0.533559
0.533368
0.533297
0.533323
0.53336
0.533273
0.532918
0.532204
0.531161
0.529969
0.528907
0.528242
0.528134
0.528601
0.529516
0.530624
0.531599
0.532159
0.532161
0.531619
0.530676
0.529533
0.528389
0.527391
0.526612
0.52606
0.525702
0.525479
0.525328
0.525189
0.525015
0.524774
0.524454
0.524068
0.523663
0.523311
0.523103
0.523125
0.523442
0.524082
0.525027
0.526205
0.527502
0.528781
0.529905
0.530763
0.531276
0.531403
0.531138
0.530512
0.529588
0.528464
0.527266
0.526138
0.525218
0.524594
0.524288
0.524249
0.52439
0.524624
0.524899
0.525204
0.52556
0.526003
0.526563
0.527262
0.528107
0.529095
0.530226
0.531501
0.532922
0.534491
0.536195
0.538001
0.539851
0.541665
0.543348
0.54481
0.54597
0.546772
0.547185
0.547209
0.546868
0.546207
0.545287
0.544175
0.542934
0.54161
0.540224
0.538773
0.53724
0.535611
0.533887
0.532093
0.530281
0.528531
0.526944
0.525632
0.524693
0.524183
0.524097
0.524366
0.524875
0.525488
0.526079
0.526546
0.526831
0.526917
0.526824
0.526594
0.526276
0.525909
0.525509
0.525068
0.524578
0.524039
0.523461
0.522863
0.522258
0.521657
0.521072
0.520514
0.519987
0.519497
0.519062
0.518716
0.518498
0.518433
0.51852
0.518733
0.519027
0.519344
0.519603
0.519711
0.519577
0.519149
0.518433
0.517496
0.516445
0.515391
0.514425
0.513605
0.51297
0.512547
0.512362
0.512433
0.512774
0.513379
0.514218
0.51523
0.51635
0.517531
0.518753
0.520011
0.521293
0.522572
0.523802
0.524921
0.525852
0.526516
0.52684
0.526775
0.526305
0.525458
0.524306
0.522964
0.521575
0.52029
0.519234
0.518477
0.51803
0.517856
0.517894
0.518082
0.518363
0.518691
0.51903
0.519356
0.519656
0.519924
0.520157
0.52035
0.520494
0.520579
0.52061
0.520616
0.520657
0.520826
0.521225
0.521941
0.52301
0.5244
0.526009
0.5277
0.529329
0.53079
0.532017
0.532987
0.533698
0.53416
0.534381
0.534371
0.534144
0.53372
0.533121
0.532362
0.531449
0.530384
0.529181
0.527884
0.526574
0.525346
0.524285
0.523444
0.522861
0.522571
0.522613
0.522999
0.523691
0.524596
0.52559
0.526544
0.527352
0.527937
0.52825
0.52826
0.527948
0.527306
0.526354
0.525146
0.523779
0.522374
0.521048
0.519881
0.518915
0.518166
0.517645
0.51737
0.517372
0.517691
0.518363
0.519394
0.520735
0.522276
0.523873
0.525392
0.526746
0.527903
0.528881
0.529726
0.530491
0.531222
0.531948
0.532677
0.533395
0.53407
0.534663
0.535125
0.535409
0.535463
0.535231
0.534654
0.533678
0.532264
0.530398
0.528094
0.525395
0.522377
0.519138
0.515796
0.512478
0.509316
0.506432
0.503943
0.50196
0.500584
0.499893
0.499927
0.50067
0.502049
0.503938
0.506179
0.50861
0.511082
0.513484
0.515742
0.517824
0.519722
0.521446
0.523011
0.52443
0.525704
0.526818
0.527751
0.528488
0.529037
0.52943
0.529716
0.529953
0.530209
0.530548
0.530992
0.531489
0.531918
0.532137
0.532025
0.531525
0.53064
0.529434
0.528018
0.526539
0.525165
0.524057
0.523344
0.523095
0.523298
0.523868
0.524663
0.525524
0.526312
0.526934
0.527354
0.527589
0.527677
0.527663
0.527583
0.52746
0.527307
0.527128
0.526915
0.526654
0.526335
0.52597
0.525585
0.525216
0.524888
0.524616
0.524412
0.524294
0.524284
0.524384
0.524563
0.524754
0.524883
0.524914
0.524881
0.524888
0.525062
0.525474
0.526111
0.526892
0.527724
0.528546
0.529337
0.530101
0.530844
0.531553
0.532186
0.532682
0.532972
0.532996
0.532717
0.532119
0.531214
0.530039
0.528662
0.52717
0.525663
0.524228
0.522917
0.521743
0.520693
0.519763
0.51899
0.518472
0.518352
0.518762
0.519743
0.521211
0.522988
0.52487
0.526689
0.52833
0.529728
0.530853
0.531696
0.532261
0.532564
0.532631
0.532493
0.532183
0.53173
0.531163
0.530515
0.529836
0.529203
0.528716
0.528462
0.528465
0.528666
0.52895
0.529193
0.529314
0.529274
0.529079
0.528766
0.528405
0.5281
0.527988
0.528213
0.528872
0.529968
0.531406
0.533034
0.534693
0.536237
0.537553
0.538553
0.539181
0.539404
0.539217
0.538632
0.537685
0.536436
0.534973
0.533407
0.531859
0.530438
0.529219
0.528228
0.527448
0.526831
0.526324
0.525889
0.525513
0.525212
0.525017
0.524951
0.525019
0.525195
0.525435
0.525699
0.525986
0.526344
0.526858
0.527603
0.528594
0.52976
0.530959
0.532026
0.532832
0.533307
0.533442
0.533271
0.532845
0.5322
0.531356
0.530321
0.529114
0.527788
0.526429
0.525153
0.52407
0.523254
0.522714
0.522386
0.522159
0.521906
0.521519
0.52093
0.520131
0.51918
0.518206
0.51739
0.516927
0.516967
0.517556
0.518616
0.519967
0.521383
0.522653
0.523613
0.524159
0.524235
0.523823
0.522931
0.52159
0.519857
0.517827
0.515625
0.513409
0.511342
0.509568
0.508185
0.507239
0.506728
0.506638
0.506967
0.507732
0.508949
0.510606
0.512627
0.514876
0.517174
0.519332
0.521185
0.522609
0.523531
0.523927
0.523823
0.523297
0.522467
0.52148
0.520475
0.51957
0.518842
0.518338
0.518087
0.518103
0.518388
0.518913
0.519612
0.520381
0.521095
0.521625
0.521868
0.521777
0.52137
0.520718
0.519904
0.518985
0.517984
0.516928
0.51591
0.515106
0.514708
0.514779
0.51519
0.515708
0.51615
0.516466
0.516725
0.517038
0.51749
0.518094
0.518794
0.519499
0.520105
0.520514
0.520645
0.520441
0.519893
0.519047
0.518014
0.516952
0.516038
0.515437
0.515272
0.515596
0.516382
0.517531
0.51891
0.520383
0.521844
0.523224
0.524489
0.525631
0.526644
0.527516
0.528216
0.528683
0.52883
0.528553
0.527765
0.526445
0.524671
0.522643
0.520658
0.519054
0.518119
0.518003
0.518657
0.519849
0.521241
0.522503
0.523394
0.523781
0.523622
0.522942
0.521818
0.520376
0.518785
0.517241
0.515931
0.51499
0.514479
0.514381
0.514631
0.515137
0.515813
0.516583
0.517398
0.518234
0.519088
0.519978
0.520921
0.521923
0.522962
0.523983
0.524906
0.525635
0.526079
0.526181
0.525927
0.525353
0.524536
0.523582
0.522598
0.521679
0.520887
0.520245
0.519749
0.519373
0.51908
0.518824
0.518551
0.518206
0.517744
0.517146
0.516436
0.515664
0.514896
0.514179
0.513547
0.513024
0.512661
0.512542
0.512776
0.513449
0.514595
0.516173
0.518082
0.520172
0.522279
0.524254
0.525993
0.527446
0.528616
0.529534
0.530246
0.53079
0.53119
0.531446
0.531529
0.531382
0.530937
0.530131
0.528922
0.527304
0.525305
0.522995
0.52048
0.51791
0.51546
0.513313
0.511623
0.510483
0.509898
0.509787
0.510009
0.5104
0.510811
0.511144
0.51137
0.511537
0.511757
0.512155
0.512796
0.513633
0.514527
0.515332
0.515968
0.516443
0.516825
0.517202
0.51766
0.518276
0.519116
0.520224
0.521602
0.523189
0.524873
0.526514
0.527995
0.529253
0.530284
0.531111
0.531756
0.532226
0.532505
0.532563
0.53235
0.531823
0.53097
0.529835
0.528535
0.527254
0.526218
0.525645
0.525686
0.52638
0.527643
0.52929
0.531098
0.532856
0.534404
0.535634
0.536486
0.536939
0.536999
0.536696
0.536076
0.535206
0.534171
0.533074
0.532026
0.531138
0.530498
0.530151
0.530088
0.530251
0.530547
0.530876
0.531151
0.53131
0.531324
0.531201
0.53099
0.530771
0.530644
0.530699
0.530979
0.531449
0.531998
0.532469
0.532711
0.53262
0.53216
0.531373
0.530381
0.529361
0.528491
0.527877
0.527502
0.527255
0.526989
0.52658
0.525946
0.525054
0.523911
0.522555
0.52105
0.51948
0.517945
0.516542
0.515335
0.514339
0.513527
0.512861
0.512341
0.512026
0.51203
0.51248
0.513448
0.514884
0.516623
0.518443
0.520159
0.521674
0.522977
0.524105
0.525098
0.525974
0.526736
0.527383
0.527912
0.528317
0.528585
0.528699
0.528642
0.528413
0.528029
0.527531
0.526975
0.526413
0.525872
0.525329
0.524725
0.523986
0.523069
0.521994
0.520856
0.519803
0.518972
0.518431
0.518146
0.518008
0.517882
0.517654
0.51726
0.516692
0.516004
0.5153
0.514707
0.514324
0.51418
0.514221
0.51435
0.514477
0.514546
0.514524
0.514381
0.514079
0.513578
0.512869
0.511992
0.511061
0.510264
0.509837
0.509974
0.510729
0.511967
0.513421
0.514825
0.51599
0.516835
0.517361
0.517623
0.517702
0.517688
0.517676
0.517758
0.518006
0.518462
0.519127
0.519969
0.520941
0.522001
0.523113
0.524247
0.525364
0.526412
0.527334
0.528075
0.52859
0.528854
0.528871
0.528689
0.528389
0.528056
0.527731
0.527386
0.526944
0.526322
0.525472
0.524387
0.523107
0.521709
0.520298
0.518995
0.517922
0.517184
0.516837
0.516869
0.517193
0.517683
0.51823
0.518801
0.519457
0.520297
0.521367
0.522622
0.523967
0.525314
0.526613
0.527822
0.52887
0.529641
0.530021
0.529966
0.529545
0.528904
0.528182
0.527449
0.526703
0.525919
0.525083
0.5242
0.523291
0.522389
0.52154
0.52079
0.520172
0.519691
0.519323
0.519029
0.518778
0.518567
0.518425
0.518391
0.518491
0.518712
0.519002
0.51928
0.519463
0.519487
0.519319
0.518963
0.518461
0.517888
0.517341
0.516929
0.516741
0.516839
0.517243
0.517952
0.518944
0.52018
0.521606
0.523144
0.524702
0.52618
0.527493
0.528586
0.52944
0.530068
0.53049
0.53071
0.530697
0.530395
0.529745
0.528718
0.527334
0.525692
0.523964
0.522355
0.52102
0.519996
0.519226
0.51863
0.518149
0.51774
0.517354
0.516925
0.516383
0.515654
0.514679
0.513417
0.511853
0.510007
0.507928
0.505694
0.503415
0.501252
0.499429
0.498207
0.497825
0.498421
0.499988
0.502386
0.505386
0.508709
0.512067
0.51521
0.517957
0.520215
0.521974
