0.699999
0.699995
0.699986
0.699973
0.699955
0.699934
0.699909
0.699879
0.699846
0.699808
0.699767
0.699721
0.699672
0.699619
0.699562
0.699501
0.699436
0.699368
0.699297
0.699222
0.699143
0.699062
0.698977
0.698889
0.698798
0.698704
0.698608
0.698508
0.698406
0.698302
0.698195
0.698086
0.697974
0.697861
0.697746
0.697628
0.697509
0.697389
0.697267
0.697143
0.697018
0.696892
0.696765
0.696637
0.696508
0.696379
0.696248
0.696117
0.695986
0.695855
0.695723
0.695592
0.69546
0.695329
0.695197
0.695067
0.694937
0.694807
0.694678
0.69455
0.694423
0.694297
0.694173
0.694049
0.693927
0.693807
0.693688
0.693571
0.693455
0.693342
0.69323
0.693121
0.693013
0.692908
0.692805
0.692704
0.692605
0.692509
0.692415
0.692324
0.692235
0.692149
0.692065
0.691984
0.691905
0.691828
0.691754
0.691683
0.691614
0.691547
0.691483
0.69142
0.69136
0.691303
0.691247
0.691193
0.691142
0.691092
0.691044
0.690998
0.690953
0.690911
0.690869
0.690829
0.690791
0.690754
0.690718
0.690684
0.69065
0.690618
0.690586
0.690556
0.690526
0.690497
0.690469
0.690442
0.690415
0.690389
0.690363
0.690338
0.690314
0.69029
0.690267
0.690244
0.690221
0.690199
0.690177
0.690156
0.690135
0.690115
0.690095
0.690075
0.690056
0.690037
0.690019
0.690001
0.689984
0.689967
0.68995
0.689934
0.689919
0.689904
0.689889
0.689875
0.689861
0.689848
0.689836
0.689824
0.689812
0.689801
0.68979
0.68978
0.68977
0.689761
0.689751
0.689743
0.689734
0.689726
0.689717
0.689709
0.689702
0.689694
0.689686
0.689678
0.68967
0.689662
0.689654
0.689646
0.689637
0.689629
0.689619
0.68961
0.6896
0.689589
0.689578
0.689567
0.689555
0.689542
0.689528
0.689514
0.6895
0.689484
0.689468
0.689451
0.689434
0.689415
0.689396
0.689376
0.689356
0.689334
0.689312
0.689289
0.689266
0.689241
0.689217
0.689191
0.689165
0.689138
0.689111
0.689083
0.689055
0.689026
0.688997
0.688968
0.688938
0.688908
0.688877
0.688846
0.688816
0.688785
0.688753
0.688722
0.688691
0.68866
0.688628
0.688597
0.688566
0.688535
0.688504
0.688474
0.688443
0.688413
0.688383
0.688353
0.688324
0.688295
0.688266
0.688238
0.68821
0.688183
0.688156
0.688129
0.688103
0.688078
0.688052
0.688028
0.688004
0.68798
0.687957
0.687934
0.687912
0.687891
0.68787
0.687849
0.687829
0.68781
0.687791
0.687773
0.687755
0.687738
0.687721
0.687705
0.68769
0.687675
0.68766
0.687647
0.687634
0.687621
0.687609
0.687598
0.687587
0.687577
0.687567
0.687558
0.68755
0.687543
0.687536
0.687529
0.687523
0.687518
0.687514
0.68751
0.687507
0.687504
0.687502
0.687501
0.6875
0.6875
0.6875
0.687501
0.687503
0.687505
0.687508
0.687511
0.687515
0.687519
0.687524
0.687529
0.687535
0.687542
0.687548
0.687555
0.687563
0.687571
0.687579
0.687588
0.687597
0.687606
0.687616
0.687626
0.687636
0.687647
0.687657
0.687668
0.68768
0.687691
0.687703
0.687715
0.687727
0.687739
0.687752
0.687765
0.687778
0.68779
0.687804
0.687817
0.68783
0.687844
0.687858
0.687871
0.687885
0.687899
0.687913
0.687928
0.687942
0.687956
0.687971
0.687986
0.688
0.688015
0.68803
0.688045
0.68806
0.688076
0.688091
0.688106
0.688122
0.688137
0.688153
0.688169
0.688184
0.6882
0.688216
0.688232
0.688248
0.688264
0.688279
0.688295
0.688311
0.688327
0.688343
0.688359
0.688374
0.68839
0.688406
0.688421
0.688436
0.688452
0.688467
0.688482
0.688496
0.688511
0.688526
0.68854
0.688554
0.688568
0.688581
0.688594
0.688608
0.68862
0.688633
0.688645
0.688657
0.688669
0.68868
0.688691
0.688702
0.688712
0.688722
0.688732
0.688741
0.68875
0.688759
0.688767
0.688775
0.688783
0.68879
0.688797
0.688803
0.688809
0.688815
0.688821
0.688826
0.68883
0.688835
0.688839
0.688842
0.688846
0.688849
0.688851
0.688854
0.688855
0.688857
0.688858
0.688859
0.68886
0.68886
0.68886
0.688859
0.688858
0.688857
0.688856
0.688854
0.688851
0.688849
0.688846
0.688843
0.68884
0.688836
0.688832
0.688828
0.688823
0.688818
0.688813
0.688808
0.688802
0.688796
0.68879
0.688784
0.688777
0.68877
0.688763
0.688756
0.688749
0.688742
0.688734
0.688726
0.688718
0.68871
0.688702
0.688693
0.688685
0.688676
0.688667
0.688659
0.68865
0.68864
0.688631
0.688622
0.688612
0.688602
0.688593
0.688583
0.688572
0.688562
0.688552
0.688541
0.688531
0.68852
0.688509
0.688498
0.688486
0.688475
0.688463
0.688451
0.688439
0.688427
0.688415
0.688402
0.688389
0.688376
0.688363
0.68835
0.688336
0.688323
0.688309
0.688295
0.688281
0.688266
0.688252
0.688237
0.688222
0.688207
0.688192
0.688177
0.688161
0.688146
0.68813
0.688115
0.688099
0.688083
0.688067
0.688052
0.688036
0.68802
0.688004
0.687989
0.687973
0.687957
0.687942
0.687927
0.687912
0.687897
0.687883
0.687868
0.687854
0.687841
0.687827
0.687814
0.687802
0.687789
0.687778
0.687766
0.687755
0.687745
0.687735
0.687725
0.687717
0.687708
0.6877
0.687693
0.687686
0.68768
0.687674
0.687669
0.687664
0.68766
0.687657
0.687654
0.687651
0.687649
0.687648
0.687647
0.687646
0.687646
0.687646
0.687647
0.687648
0.687649
0.687651
0.687653
0.687656
0.687658
0.687661
0.687664
0.687668
0.687671
0.687674
0.687678
0.687682
0.687686
0.687689
0.687693
0.687697
0.687701
0.687704
0.687708
0.687712
0.687715
0.687719
0.687722
0.687725
0.687728
0.687731
0.687734
0.687737
0.68774
0.687742
0.687744
0.687746
0.687749
0.68775
0.687752
0.687754
0.687755
0.687757
0.687758
0.687759
0.68776
0.687761
0.687762
0.687763
0.687763
0.687764
0.687764
0.687764
0.687765
0.687765
0.687765
0.687764
0.687764
0.687764
0.687763
0.687763
0.687762
0.687761
0.687761
0.68776
0.687759
0.687757
0.687756
0.687754
0.687753
0.687751
0.687749
0.687747
0.687745
0.687743
0.68774
0.687738
0.687735
0.687732
0.687729
0.687725
0.687722
0.687718
0.687714
0.68771
0.687706
0.687701
0.687697
0.687692
0.687687
0.687682
0.687677
0.687672
0.687666
0.687661
0.687655
0.687649
0.687643
0.687637
0.687631
0.687625
0.687619
0.687612
0.687606
0.6876
0.687593
0.687586
0.68758
0.687573
0.687566
0.68756
0.687553
0.687546
0.687539
0.687532
0.687525
0.687517
0.68751
0.687503
0.687495
0.687488
0.68748
0.687472
0.687465
0.687457
0.687448
0.68744
0.687432
0.687423
0.687414
0.687405
0.687396
0.687387
0.687378
0.687368
0.687358
0.687348
0.687338
0.687327
0.687316
0.687305
0.687294
0.687283
0.687271
0.68726
0.687248
0.687235
0.687223
0.687211
0.687198
0.687185
0.687172
0.687159
0.687146
0.687132
0.687119
0.687106
0.687092
0.687079
0.687065
0.687052
0.687039
0.687026
0.687013
0.687
0.686987
0.686975
0.686963
0.686951
0.68694
0.686929
0.686918
0.686908
0.686898
0.686889
0.686881
0.686873
0.686866
0.686859
0.686853
0.686848
0.686844
0.68684
0.686837
0.686835
0.686834
0.686833
0.686834
0.686835
0.686837
0.686839
0.686843
0.686847
0.686852
0.686858
0.686864
0.686872
0.686879
0.686888
0.686896
0.686906
0.686916
0.686926
0.686937
0.686948
0.686959
0.68697
0.686982
0.686994
0.687005
0.687017
0.687029
0.687041
0.687052
0.687063
0.687075
0.687085
0.687096
0.687106
0.687116
0.687126
0.687135
0.687143
0.687151
0.687159
0.687166
0.687172
0.687178
0.687183
0.687188
0.687192
0.687196
0.687199
0.687201
0.687203
0.687204
0.687205
0.687205
0.687205
0.687205
0.687203
0.687202
0.6872
0.687197
0.687195
0.687192
0.687188
0.687185
0.687181
0.687177
0.687172
0.687168
0.687164
0.687159
0.687155
0.68715
0.687146
0.687141
0.687137
0.687133
0.687129
0.687125
0.687121
0.687118
0.687115
0.687112
0.68711
0.687108
0.687106
0.687105
0.687104
0.687103
0.687103
0.687104
0.687105
0.687106
0.687108
0.68711
0.687112
0.687116
0.687119
0.687123
0.687128
0.687133
0.687138
0.687144
0.687151
0.687158
0.687165
0.687172
0.68718
0.687188
0.687197
0.687206
0.687215
0.687225
0.687235
0.687245
0.687255
0.687265
0.687276
0.687287
0.687298
0.687309
0.68732
0.687332
0.687343
0.687355
0.687366
0.687378
0.68739
0.687402
0.687414
0.687427
0.687439
0.687452
0.687464
0.687477
0.687491
0.687504
0.687518
0.687532
0.687546
0.68756
0.687575
0.68759
0.687606
0.687622
0.687639
0.687656
0.687673
0.687691
0.68771
0.687729
0.687748
0.687768
0.687789
0.68781
0.687832
0.687854
0.687877
0.687901
0.687924
0.687949
0.687973
0.687999
0.688024
0.68805
0.688076
0.688103
0.68813
0.688157
0.688184
0.688212
0.688239
0.688267
0.688295
0.688323
0.68835
0.688378
0.688405
0.688433
0.68846
0.688487
0.688514
0.68854
0.688567
0.688593
0.688618
0.688644
0.688669
0.688693
0.688717
0.688741
0.688764
0.688787
0.68881
0.688831
0.688853
0.688873
0.688894
0.688913
0.688933
0.688951
0.688969
0.688987
0.689004
0.68902
0.689035
0.689051
0.689065
0.689079
0.689092
0.689105
0.689117
0.689128
0.689139
0.689149
0.689158
0.689167
0.689176
0.689183
0.689191
0.689197
0.689203
0.689209
0.689213
0.689218
0.689222
0.689225
0.689228
0.68923
0.689232
0.689234
0.689235
0.689236
0.689236
0.689236
0.689236
0.689235
0.689234
0.689233
0.689231
0.68923
0.689228
0.689225
0.689223
0.689221
0.689218
0.689215
0.689212
0.689209
0.689206
0.689203
0.6892
0.689197
0.689194
0.68919
0.689187
0.689184
0.689181
0.689179
0.689176
0.689173
0.689171
0.689168
0.689166
0.689164
0.689162
0.68916
0.689159
0.689158
0.689157
0.689156
0.689155
0.689155
0.689155
0.689155
0.689156
0.689157
0.689158
0.68916
0.689161
0.689164
0.689166
0.689169
0.689172
0.689175
0.689179
0.689183
0.689187
0.689192
0.689197
0.689202
0.689207
0.689213
0.689219
0.689226
0.689232
0.689239
0.689246
0.689253
0.689261
0.689268
0.689276
0.689284
0.689292
0.6893
0.689308
0.689316
0.689325
0.689333
0.689342
0.68935
0.689359
0.689367
0.689376
0.689384
0.689392
0.689401
0.689409
0.689417
0.689425
0.689433
0.68944
0.689448
0.689456
0.689463
0.68947
0.689477
0.689484
0.689491
0.689498
0.689504
0.68951
0.689516
0.689522
0.689528
0.689534
0.689539
0.689544
0.689549
0.689554
0.689558
0.689563
0.689567
0.68957
0.689574
0.689577
0.68958
0.689583
0.689586
0.689588
0.68959
0.689592
0.689593
0.689594
0.689595
0.689595
0.689595
0.689594
0.689594
0.689592
0.689591
0.689588
0.689586
0.689583
0.689579
0.689576
0.689571
0.689566
0.689561
0.689555
0.689549
0.689543
0.689536
0.689528
0.68952
0.689512
0.689503
0.689494
0.689484
0.689475
0.689464
0.689454
0.689443
0.689431
0.68942
0.689408
0.689396
0.689383
0.689371
0.689358
0.689345
0.689332
0.689318
0.689305
0.689291
0.689278
0.689264
0.68925
0.689237
0.689223
0.689209
0.689196
0.689182
0.689168
0.689155
0.689142
0.689129
0.689116
0.689103
0.689091
0.689078
0.689066
0.689054
0.689043
0.689032
0.689021
0.68901
0.688999
0.688989
0.68898
0.68897
0.688961
0.688953
0.688944
0.688936
0.688929
0.688922
0.688915
0.688908
0.688902
0.688897
0.688892
0.688887
0.688882
0.688879
0.688875
0.688872
0.688869
0.688867
0.688865
0.688864
0.688863
0.688862
0.688862
0.688862
0.688863
0.688864
0.688866
0.688867
0.68887
0.688872
0.688875
0.688878
0.688882
0.688886
0.68889
0.688895
0.688899
0.688904
0.688909
0.688915
0.68892
0.688926
0.688931
0.688937
0.688943
0.688949
0.688955
0.688961
0.688966
0.688972
0.688978
0.688984
0.688989
0.688994
0.689
0.689005
0.68901
0.689015
0.689019
0.689024
0.689028
0.689032
0.689036
0.68904
0.689044
0.689048
0.689052
0.689055
0.689059
0.689062
0.689066
0.689069
0.689073
0.689076
0.68908
0.689083
0.689087
0.689091
0.689094
0.689098
0.689102
0.689107
0.689111
0.689115
0.68912
0.689125
0.68913
0.689135
0.68914
0.689146
0.689151
0.689157
0.689163
0.689169
0.689175
0.689181
0.689188
0.689194
0.689201
0.689207
0.689214
0.68922
0.689227
0.689233
0.68924
0.689246
0.689253
0.689259
0.689265
0.689271
0.689277
0.689283
0.689289
0.689295
0.689301
0.689306
0.689311
0.689317
0.689322
0.689327
0.689332
0.689336
0.689341
0.689345
0.68935
0.689354
0.689358
0.689362
0.689367
0.68937
0.689374
0.689378
0.689382
0.689386
0.689389
0.689393
0.689397
0.689401
0.689404
0.689408
0.689412
0.689415
0.689419
0.689423
0.689426
0.68943
0.689434
0.689438
0.689442
0.689446
0.68945
0.689454
0.689458
0.689461
0.689465
0.689469
0.689473
0.689477
0.689481
0.689484
0.689488
0.689491
0.689494
0.689497
0.6895
0.689503
0.689505
0.689507
0.689509
0.68951
0.689511
0.689512
0.689512
0.689511
0.689511
0.689509
0.689507
0.689505
0.689502
0.689499
0.689495
0.68949
0.689485
0.689479
0.689472
0.689465
0.689457
0.689449
0.68944
0.689431
0.689421
0.68941
0.689399
0.689388
0.689376
0.689363
0.689351
0.689337
0.689324
0.689309
0.689295
0.68928
0.689265
0.68925
0.689235
0.689219
0.689203
0.689187
0.689171
0.689155
0.689139
0.689123
0.689106
0.68909
0.689073
0.689057
0.689041
0.689024
0.689008
0.688991
0.688975
0.688959
0.688942
0.688926
0.68891
0.688894
0.688878
0.688862
0.688846
0.68883
0.688814
0.688798
0.688782
0.688766
0.68875
0.688735
0.688719
0.688703
0.688688
0.688672
0.688656
0.688641
0.688625
0.688609
0.688594
0.688578
0.688563
0.688547
0.688532
0.688517
0.688501
0.688486
0.688471
0.688456
0.688441
0.688426
0.688411
0.688396
0.688381
0.688367
0.688352
0.688338
0.688324
0.688309
0.688296
0.688282
0.688268
0.688255
0.688241
0.688228
0.688215
0.688203
0.68819
0.688178
0.688166
0.688154
0.688142
0.688131
0.68812
0.688109
0.688098
0.688088
0.688077
0.688067
0.688058
0.688048
0.688039
0.688031
0.688022
0.688014
0.688006
0.687999
0.687991
0.687984
0.687978
0.687971
0.687966
0.68796
0.687954
0.687949
0.687945
0.68794
0.687936
0.687932
0.687929
0.687925
0.687922
0.68792
0.687917
0.687915
0.687913
0.687911
0.68791
0.687909
0.687908
0.687907
0.687906
0.687906
0.687905
0.687905
0.687905
0.687905
0.687906
0.687906
0.687906
0.687907
0.687907
0.687908
0.687909
0.68791
0.687911
0.687912
0.687913
0.687914
0.687915
0.687916
0.687917
0.687918
0.687919
0.687921
0.687922
0.687923
0.687925
0.687926
0.687928
0.687929
0.687931
0.687933
0.687934
0.687936
0.687938
0.687941
0.687943
0.687946
0.687948
0.687951
0.687954
0.687958
0.687961
0.687965
0.687969
0.687973
0.687978
0.687983
0.687988
0.687993
0.687998
0.688004
0.68801
0.688016
0.688022
0.688028
0.688034
0.688041
0.688047
0.688054
0.68806
0.688067
0.688073
0.688079
0.688085
0.688091
0.688097
0.688102
0.688107
0.688112
0.688116
0.68812
0.688123
0.688126
0.688129
0.68813
0.688132
0.688132
0.688133
0.688132
0.688131
0.688129
0.688127
0.688124
0.688121
0.688116
0.688111
0.688106
0.6881
0.688093
0.688086
0.688078
0.688069
0.68806
0.688051
0.688041
0.68803
0.688019
0.688008
0.687996
0.687984
0.687971
0.687959
0.687946
0.687932
0.687919
0.687905
0.687892
0.687878
0.687864
0.68785
0.687836
0.687823
0.687809
0.687796
0.687782
0.687769
0.687757
0.687744
0.687732
0.68772
0.687709
0.687698
0.687687
0.687678
0.687668
0.687659
0.687651
0.687643
0.687635
0.687629
0.687622
0.687617
0.687612
0.687607
0.687603
0.6876
0.687597
0.687595
0.687593
0.687592
0.687591
0.687591
0.687591
0.687591
0.687592
0.687594
0.687596
0.687598
0.6876
0.687603
0.687606
0.687609
0.687612
0.687616
0.68762
0.687624
0.687628
0.687632
0.687637
0.687641
0.687646
0.687651
0.687655
0.68766
0.687665
0.68767
0.687675
0.68768
0.687686
0.687691
0.687696
0.687702
0.687707
0.687712
0.687718
0.687724
0.687729
0.687735
0.687741
0.687747
0.687753
0.687759
0.687765
0.687771
0.687778
0.687784
0.687791
0.687798
0.687805
0.687812
0.687819
0.687827
0.687835
0.687842
0.687851
0.687859
0.687867
0.687876
0.687885
0.687894
0.687903
0.687913
0.687922
0.687932
0.687942
0.687953
0.687963
0.687974
0.687985
0.687996
0.688007
0.688018
0.688029
0.688041
0.688052
0.688064
0.688076
0.688088
0.688099
0.688111
0.688123
0.688135
0.688147
0.688159
0.688171
0.688183
0.688196
0.688208
0.68822
0.688232
0.688244
0.688256
0.688268
0.68828
0.688293
0.688305
0.688317
0.688329
0.688341
0.688354
0.688366
0.688378
0.688391
0.688403
0.688416
0.688428
0.688441
0.688453
0.688466
0.688478
0.688491
0.688503
0.688516
0.688528
0.68854
0.688553
0.688565
0.688577
0.688589
0.688601
0.688613
0.688624
0.688635
0.688647
0.688658
0.688668
0.688679
0.688689
0.688699
0.688709
0.688719
0.688728
0.688738
0.688746
0.688755
0.688763
0.688771
0.688779
0.688787
0.688794
0.688801
0.688808
0.688815
0.688822
0.688828
0.688834
0.68884
0.688846
0.688851
0.688857
0.688862
0.688867
0.688872
0.688877
0.688882
0.688886
0.688891
0.688895
0.688899
0.688903
0.688907
0.688911
0.688914
0.688918
0.688921
0.688923
0.688926
0.688928
0.688931
0.688932
0.688934
0.688935
0.688936
0.688936
0.688937
0.688936
0.688935
0.688934
0.688933
0.68893
0.688928
0.688924
0.688921
0.688916
0.688911
0.688906
0.6889
0.688893
0.688886
0.688878
0.68887
0.688861
0.688851
0.688841
0.68883
0.688818
0.688806
0.688794
0.68878
0.688767
0.688753
0.688738
0.688723
0.688707
0.688691
0.688674
0.688657
0.68864
0.688623
0.688605
0.688587
0.688568
0.68855
0.688531
0.688512
0.688494
0.688475
0.688456
0.688437
0.688418
0.6884
0.688381
0.688363
0.688345
0.688327
0.68831
0.688293
0.688276
0.68826
0.688245
0.688229
0.688215
0.688201
0.688188
0.688175
0.688163
0.688151
0.688141
0.688131
0.688121
0.688113
0.688105
0.688098
0.688092
0.688086
0.688081
0.688076
0.688073
0.68807
0.688067
0.688066
0.688064
0.688064
0.688063
0.688064
0.688065
0.688066
0.688067
0.688069
0.688072
0.688074
0.688077
0.68808
0.688083
0.688087
0.68809
0.688094
0.688098
0.688101
0.688105
0.688109
0.688113
0.688117
0.688121
0.688125
0.688129
0.688133
0.688137
0.68814
0.688144
0.688148
0.688151
0.688155
0.688158
0.688162
0.688165
0.688168
0.688171
0.688175
0.688178
0.688181
0.688184
0.688187
0.68819
0.688193
0.688196
0.688199
0.688202
0.688204
0.688207
0.68821
0.688213
0.688217
0.68822
0.688223
0.688226
0.68823
0.688233
0.688236
0.68824
0.688244
0.688248
0.688252
0.688256
0.68826
0.688264
0.688269
0.688273
0.688278
0.688283
0.688288
0.688293
0.688299
0.688304
0.68831
0.688316
0.688322
0.688329
0.688335
0.688342
0.688349
0.688356
0.688363
0.688371
0.688378
0.688386
0.688394
0.688402
0.688411
0.688419
0.688428
0.688437
0.688446
0.688455
0.688464
0.688473
0.688483
0.688492
0.688502
0.688512
0.688522
0.688532
0.688542
0.688552
0.688563
0.688573
0.688584
0.688595
0.688605
0.688616
0.688627
0.688638
0.68865
0.688661
0.688673
0.688684
0.688696
0.688708
0.68872
0.688732
0.688744
0.688756
0.688768
0.688781
0.688794
0.688806
0.688819
0.688832
0.688845
0.688859
0.688872
0.688886
0.688899
0.688913
0.688926
0.68894
0.688954
0.688968
0.688982
0.688996
0.68901
0.689024
0.689038
0.689052
0.689067
0.689081
0.689095
0.689109
0.689122
0.689136
0.68915
0.689163
0.689177
0.68919
0.689203
0.689216
0.689228
0.689241
0.689253
0.689264
0.689276
0.689287
0.689297
0.689308
0.689318
0.689327
0.689336
0.689345
0.689353
0.689361
0.689368
0.689375
0.689381
0.689387
0.689392
0.689396
0.6894
0.689404
0.689406
0.689409
0.68941
0.689412
0.689412
0.689412
0.689412
0.689411
0.689409
0.689407
0.689405
0.689402
0.689399
0.689395
0.689391
0.689386
0.689381
0.689376
0.68937
0.689364
0.689358
0.689352
0.689345
0.689338
0.689331
0.689324
0.689317
0.68931
0.689302
0.689295
0.689287
0.68928
0.689272
0.689265
0.689257
0.68925
0.689243
0.689235
0.689228
0.689221
0.689215
0.689208
0.689201
0.689195
0.689189
0.689183
0.689177
0.689171
0.689166
0.689161
0.689156
0.689151
0.689146
0.689141
0.689137
0.689132
0.689128
0.689124
0.68912
0.689116
0.689112
0.689109
0.689105
0.689101
0.689098
0.689094
0.689091
0.689087
0.689084
0.68908
0.689077
0.689073
0.68907
0.689066
0.689063
0.689059
0.689056
0.689053
0.689049
0.689046
0.689043
0.68904
0.689036
0.689034
0.689031
0.689028
0.689025
0.689023
0.689021
0.689018
0.689017
0.689015
0.689013
0.689012
0.689011
0.68901
0.68901
0.68901
0.68901
0.68901
0.689011
0.689011
0.689013
0.689014
0.689016
0.689017
0.68902
0.689022
0.689025
0.689027
0.689031
0.689034
0.689037
0.689041
0.689045
0.689049
0.689053
0.689057
0.689061
0.689066
0.68907
0.689075
0.68908
0.689085
0.689089
0.689094
0.689099
0.689104
0.689109
0.689113
0.689118
0.689123
0.689128
0.689132
0.689137
0.689141
0.689146
0.68915
0.689154
0.689159
0.689163
0.689167
0.68917
0.689174
0.689178
0.689181
0.689185
0.689188
0.689191
0.689194
0.689197
0.6892
0.689202
0.689205
0.689207
0.68921
0.689212
0.689214
0.689216
0.689218
0.689219
0.689221
0.689222
0.689223
0.689224
0.689225
0.689226
0.689226
0.689227
0.689227
0.689227
0.689227
0.689227
0.689226
0.689226
0.689225
0.689224
0.689222
0.689221
0.689219
0.689217
0.689215
0.689212
0.689209
0.689206
0.689203
0.689199
0.689195
0.689191
0.689186
0.689182
0.689176
0.689171
0.689165
0.689159
0.689152
0.689145
0.689138
0.68913
0.689122
0.689114
0.689105
0.689096
0.689086
0.689076
0.689065
0.689054
0.689043
0.689031
0.689018
0.689005
0.688992
0.688978
0.688963
0.688948
0.688933
0.688917
0.688901
0.688884
0.688867
0.68885
0.688832
0.688814
0.688795
0.688777
0.688758
0.688738
0.688719
0.6887
0.68868
0.68866
0.688641
0.688621
0.688602
0.688583
0.688564
0.688545
0.688527
0.688509
0.688491
0.688474
0.688457
0.688441
0.688425
0.68841
0.688395
0.688382
0.688369
0.688356
0.688345
0.688334
0.688324
0.688314
0.688306
0.688298
0.688291
0.688285
0.68828
0.688276
0.688272
0.68827
0.688268
0.688266
0.688266
0.688266
0.688267
0.688269
0.688272
0.688275
0.688279
0.688283
0.688288
0.688294
0.6883
0.688307
0.688314
0.688322
0.68833
0.688339
0.688348
0.688357
0.688367
0.688377
0.688387
0.688398
0.688409
0.68842
0.688431
0.688442
0.688454
0.688465
0.688476
0.688488
0.688499
0.688511
0.688522
0.688533
0.688544
0.688555
0.688565
0.688575
0.688585
0.688595
0.688604
0.688613
0.688621
0.68863
0.688637
0.688644
0.688651
0.688657
0.688662
0.688667
0.688671
0.688675
0.688677
0.68868
0.688681
0.688682
0.688682
0.688681
0.688679
0.688677
0.688674
0.68867
0.688665
0.688659
0.688653
0.688645
0.688637
0.688628
0.688618
0.688607
0.688595
0.688583
0.68857
0.688555
0.68854
0.688525
0.688508
0.688491
0.688473
0.688454
0.688434
0.688414
0.688394
0.688372
0.68835
0.688328
0.688305
0.688282
0.688258
0.688234
0.68821
0.688185
0.68816
0.688135
0.688109
0.688084
0.688058
0.688032
0.688007
0.687981
0.687955
0.687929
0.687904
0.687878
0.687853
0.687828
0.687803
0.687779
0.687754
0.68773
0.687706
0.687683
0.687659
0.687637
0.687614
0.687592
0.687571
0.687549
0.687529
0.687508
0.687488
0.687469
0.68745
0.687432
0.687414
0.687397
0.68738
0.687364
0.687348
0.687333
0.687319
0.687305
0.687292
0.687279
0.687267
0.687256
0.687245
0.687235
0.687226
0.687217
0.687209
0.687201
0.687194
0.687188
0.687182
0.687177
0.687172
0.687168
0.687165
0.687162
0.68716
0.687158
0.687157
0.687156
0.687156
0.687156
0.687156
0.687157
0.687159
0.68716
0.687162
0.687165
0.687167
0.68717
0.687173
0.687176
0.687179
0.687182
0.687186
0.687189
0.687192
0.687196
0.687199
0.687202
0.687205
0.687208
0.68721
0.687213
0.687215
0.687217
0.687218
0.68722
0.687221
0.687222
0.687222
0.687222
0.687222
0.687222
0.687222
0.687221
0.68722
0.687218
0.687217
0.687215
0.687213
0.687211
0.687208
0.687206
0.687204
0.687201
0.687199
0.687196
0.687194
0.687191
0.687189
0.687187
0.687185
0.687183
0.687182
0.68718
0.687179
0.687179
0.687179
0.687179
0.68718
0.687181
0.687183
0.687186
0.687189
0.687192
0.687197
0.687201
0.687207
0.687213
0.68722
0.687228
0.687236
0.687245
0.687255
0.687266
0.687277
0.687289
0.687302
0.687315
0.687329
0.687344
0.687359
0.687375
0.687391
0.687408
0.687426
0.687444
0.687462
0.68748
0.687499
0.687518
0.687538
0.687557
0.687577
0.687597
0.687616
0.687636
0.687656
0.687675
0.687695
0.687714
0.687733
0.687751
0.68777
0.687788
0.687805
0.687823
0.68784
0.687856
0.687872
0.687888
0.687903
0.687918
0.687932
0.687946
0.68796
0.687973
0.687985
0.687998
0.688009
0.688021
0.688032
0.688043
0.688053
0.688063
0.688073
0.688083
0.688092
0.688102
0.688111
0.688119
0.688128
0.688137
0.688145
0.688154
0.688162
0.68817
0.688178
0.688186
0.688194
0.688202
0.68821
0.688218
0.688226
0.688234
0.688242
0.68825
0.688257
0.688265
0.688273
0.68828
0.688288
0.688295
0.688302
0.688309
0.688316
0.688323
0.688329
0.688335
0.688341
0.688347
0.688353
0.688358
0.688363
0.688367
0.688371
0.688375
0.688378
0.688381
0.688384
0.688386
0.688388
0.688389
0.68839
0.688391
0.688391
0.68839
0.688389
0.688388
0.688386
0.688384
0.688382
0.688379
0.688375
0.688371
0.688367
0.688362
0.688357
0.688352
0.688346
0.68834
0.688334
0.688328
0.688321
0.688314
0.688306
0.688299
0.688291
0.688283
0.688275
0.688267
0.688259
0.688251
0.688242
0.688234
0.688226
0.688218
0.68821
0.688202
0.688194
0.688186
0.688178
0.688171
0.688164
0.688157
0.68815
0.688144
0.688138
0.688132
0.688126
0.688121
0.688116
0.688112
0.688107
0.688103
0.688099
0.688096
0.688093
0.68809
0.688088
0.688085
0.688083
0.688082
0.68808
0.688079
0.688078
0.688077
0.688076
0.688076
0.688076
0.688076
0.688076
0.688076
0.688077
0.688077
0.688078
0.688079
0.68808
0.688081
0.688083
0.688085
0.688086
0.688088
0.688091
0.688093
0.688096
0.688099
0.688102
0.688105
0.688108
0.688112
0.688116
0.68812
0.688125
0.688129
0.688134
0.68814
0.688145
0.688151
0.688157
0.688163
0.68817
0.688177
0.688184
0.688191
0.688199
0.688207
0.688216
0.688225
0.688234
0.688243
0.688253
0.688263
0.688273
0.688284
0.688295
0.688307
0.688318
0.68833
0.688342
0.688355
0.688367
0.68838
0.688393
0.688407
0.68842
0.688434
0.688448
0.688461
0.688475
0.688489
0.688503
0.688517
0.68853
0.688544
0.688557
0.68857
0.688583
0.688596
0.688609
0.688621
0.688633
0.688644
0.688655
0.688665
0.688676
0.688685
0.688694
0.688703
0.688711
0.688718
0.688725
0.688731
0.688736
0.688741
0.688746
0.688749
0.688752
0.688755
0.688756
0.688757
0.688758
0.688757
0.688757
0.688755
0.688753
0.688751
0.688747
0.688744
0.68874
0.688735
0.68873
0.688724
0.688718
0.688712
0.688705
0.688698
0.688691
0.688684
0.688676
0.688669
0.688661
0.688653
0.688645
0.688637
0.688629
0.688622
0.688614
0.688607
0.6886
0.688593
0.688586
0.688579
0.688573
0.688568
0.688562
0.688557
0.688553
0.688549
0.688545
0.688542
0.688539
0.688537
0.688535
0.688534
0.688533
0.688533
0.688533
0.688534
0.688535
0.688536
0.688538
0.688541
0.688544
0.688547
0.688551
0.688555
0.68856
0.688564
0.68857
0.688575
0.688581
0.688587
0.688593
0.688599
0.688605
0.688612
0.688619
0.688626
0.688632
0.688639
0.688646
0.688653
0.68866
0.688666
0.688673
0.688679
0.688685
0.688691
0.688697
0.688703
0.688708
0.688713
0.688718
0.688722
0.688726
0.688729
0.688732
0.688735
0.688737
0.688739
0.688741
0.688742
0.688742
0.688742
0.688742
0.688741
0.688739
0.688737
0.688735
0.688732
0.688729
0.688725
0.688721
0.688716
0.688711
0.688705
0.688699
0.688693
0.688686
0.688679
0.688672
0.688664
0.688656
0.688647
0.688639
0.68863
0.68862
0.688611
0.688601
0.688592
0.688582
0.688571
0.688561
0.688551
0.68854
0.688529
0.688518
0.688508
0.688496
0.688485
0.688474
0.688463
0.688452
0.68844
0.688429
0.688417
0.688405
0.688394
0.688382
0.68837
0.688358
0.688346
0.688333
0.688321
0.688308
0.688296
0.688283
0.68827
0.688257
0.688243
0.68823
0.688216
0.688202
0.688188
0.688173
0.688159
0.688144
0.688128
0.688113
0.688097
0.688081
0.688065
0.688048
0.688031
0.688014
0.687996
0.687979
0.687961
0.687942
0.687924
0.687905
0.687886
0.687867
0.687847
0.687827
0.687807
0.687787
0.687766
0.687746
0.687725
0.687704
0.687683
0.687661
0.68764
0.687618
0.687597
0.687575
0.687554
0.687532
0.687511
0.687489
0.687468
0.687446
0.687425
0.687404
0.687384
0.687363
0.687343
0.687323
0.687303
0.687284
0.687266
0.687247
0.687229
0.687212
0.687195
0.687179
0.687164
0.687149
0.687135
0.687121
0.687109
0.687097
0.687086
0.687075
0.687066
0.687058
0.68705
0.687043
0.687038
0.687033
0.687029
0.687026
0.687024
0.687024
0.687024
0.687025
0.687027
0.68703
0.687034
0.687039
0.687045
0.687052
0.687059
0.687068
0.687077
0.687087
0.687098
0.68711
0.687122
0.687135
0.687148
0.687162
0.687176
0.687191
0.687206
0.687222
0.687237
0.687253
0.687269
0.687286
0.687302
0.687318
0.687334
0.68735
0.687366
0.687382
0.687398
0.687413
0.687428
0.687443
0.687457
0.687472
0.687485
0.687499
0.687512
0.687525
0.687537
0.687549
0.687561
0.687572
0.687583
0.687594
0.687604
0.687614
0.687623
0.687633
0.687642
0.68765
0.687659
0.687667
0.687675
0.687683
0.687691
0.687699
0.687706
0.687714
0.687721
0.687728
0.687736
0.687743
0.68775
0.687758
0.687765
0.687772
0.68778
0.687788
0.687796
0.687804
0.687812
0.68782
0.687829
0.687837
0.687846
0.687856
0.687865
0.687875
0.687885
0.687895
0.687906
0.687917
0.687928
0.68794
0.687952
0.687964
0.687976
0.687989
0.688002
0.688016
0.68803
0.688044
0.688058
0.688073
0.688088
0.688103
0.688119
0.688135
0.688152
0.688168
0.688185
0.688203
0.68822
0.688238
0.688256
0.688274
0.688292
0.688311
0.68833
0.688349
0.688368
0.688387
0.688406
0.688426
0.688445
0.688465
0.688484
0.688504
0.688523
0.688542
0.688562
0.688581
0.6886
0.688619
0.688637
0.688656
0.688674
0.688692
0.68871
0.688727
0.688745
0.688761
0.688778
0.688794
0.688809
0.688824
0.688839
0.688853
0.688866
0.688879
0.688891
0.688903
0.688914
0.688925
0.688934
0.688943
0.688952
0.688959
0.688966
0.688972
0.688978
0.688982
0.688986
0.688989
0.688991
0.688993
0.688993
0.688993
0.688992
0.68899
0.688988
0.688984
0.68898
0.688975
0.68897
0.688963
0.688956
0.688948
0.68894
0.688931
0.688921
0.68891
0.688899
0.688887
0.688875
0.688862
0.688849
0.688835
0.688821
0.688807
0.688791
0.688776
0.68876
0.688744
0.688728
0.688711
0.688694
0.688677
0.688659
0.688642
0.688624
0.688606
0.688588
0.68857
0.688552
0.688534
0.688516
0.688498
0.68848
0.688462
0.688444
0.688427
0.688409
0.688392
0.688374
0.688357
0.68834
0.688323
0.688307
0.688291
0.688275
0.688259
0.688244
0.688229
0.688214
0.6882
0.688186
0.688172
0.688159
0.688146
0.688134
0.688122
0.68811
0.688099
0.688089
0.688079
0.688069
0.68806
0.688051
0.688043
0.688035
0.688027
0.688021
0.688014
0.688009
0.688003
0.687999
0.687994
0.68799
0.687987
0.687984
0.687982
0.68798
0.687979
0.687978
0.687977
0.687977
0.687977
0.687978
0.687979
0.687981
0.687982
0.687985
0.687987
0.68799
0.687993
0.687997
0.688
0.688004
0.688009
0.688013
0.688018
0.688023
0.688028
0.688034
0.68804
0.688046
0.688052
0.688058
0.688064
0.688071
0.688078
0.688085
0.688092
0.688099
0.688106
0.688114
0.688121
0.688129
0.688136
0.688144
0.688151
0.688159
0.688166
0.688173
0.68818
0.688187
0.688194
0.688201
0.688207
0.688214
0.68822
0.688225
0.688231
0.688236
0.68824
0.688245
0.688249
0.688252
0.688256
0.688258
0.688261
0.688263
0.688264
0.688265
0.688266
0.688266
0.688266
0.688265
0.688264
0.688262
0.68826
0.688257
0.688254
0.688251
0.688247
0.688243
0.688239
0.688234
0.688229
0.688223
0.688218
0.688212
0.688205
0.688199
0.688192
0.688185
0.688178
0.688171
0.688164
0.688156
0.688149
0.688141
0.688134
0.688126
0.688119
0.688111
0.688104
0.688097
0.688089
0.688082
0.688076
0.688069
0.688062
0.688056
0.68805
0.688044
0.688039
0.688033
0.688028
0.688024
0.68802
0.688016
0.688012
0.688009
0.688007
0.688004
0.688003
0.688001
0.688
0.688
0.688
0.688
0.688001
0.688003
0.688005
0.688007
0.68801
0.688013
0.688017
0.688021
0.688026
0.688031
0.688036
0.688042
0.688049
0.688055
0.688063
0.68807
0.688078
0.688086
0.688095
0.688104
0.688114
0.688123
0.688133
0.688144
0.688154
0.688165
0.688176
0.688187
0.688199
0.688211
0.688222
0.688234
0.688247
0.688259
0.688271
0.688283
0.688296
0.688308
0.68832
0.688332
0.688344
0.688356
0.688368
0.68838
0.688391
0.688403
0.688414
0.688424
0.688435
0.688445
0.688455
0.688465
0.688474
0.688483
0.688491
0.6885
0.688507
0.688515
0.688522
0.688529
0.688535
0.688541
0.688547
0.688552
0.688557
0.688562
0.688566
0.68857
0.688574
0.688578
0.688581
0.688584
0.688587
0.68859
0.688593
0.688595
0.688598
0.688601
0.688603
0.688606
0.688609
0.688611
0.688614
0.688617
0.68862
0.688623
0.688626
0.68863
0.688633
0.688637
0.688641
0.688646
0.68865
0.688654
0.688659
0.688664
0.688669
0.688675
0.68868
0.688685
0.688691
0.688697
0.688703
0.688709
0.688715
0.688721
0.688727
0.688732
0.688738
0.688744
0.68875
0.688755
0.688761
0.688766
0.688771
0.688776
0.688781
0.688785
0.688789
0.688793
0.688796
0.688799
0.688802
0.688805
0.688807
0.688808
0.688809
0.68881
0.68881
0.68881
0.68881
0.688809
0.688807
0.688805
0.688803
0.6888
0.688796
0.688792
0.688788
0.688783
0.688778
0.688772
0.688765
0.688759
0.688751
0.688744
0.688735
0.688727
0.688718
0.688708
0.688699
0.688689
0.688678
0.688667
0.688656
0.688645
0.688633
0.688621
0.688609
0.688597
0.688584
0.688571
0.688559
0.688546
0.688533
0.68852
0.688507
0.688494
0.688481
0.688468
0.688456
0.688443
0.68843
0.688418
0.688406
0.688393
0.688381
0.68837
0.688358
0.688346
0.688335
0.688324
0.688313
0.688303
0.688292
0.688282
0.688272
0.688262
0.688252
0.688243
0.688233
0.688224
0.688215
0.688205
0.688196
0.688187
0.688178
0.688168
0.688159
0.68815
0.688141
0.688131
0.688121
0.688112
0.688102
0.688092
0.688081
0.688071
0.68806
0.688049
0.688038
0.688026
0.688015
0.688003
0.687991
0.687979
0.687966
0.687953
0.687941
0.687928
0.687915
0.687901
0.687888
0.687875
0.687861
0.687848
0.687835
0.687821
0.687808
0.687795
0.687783
0.68777
0.687758
0.687746
0.687735
0.687724
0.687713
0.687703
0.687693
0.687684
0.687676
0.687668
0.687661
0.687654
0.687649
0.687644
0.68764
0.687636
0.687634
0.687633
0.687632
0.687632
0.687633
0.687636
0.687639
0.687643
0.687648
0.687654
0.687661
0.687668
0.687677
0.687687
0.687698
0.687709
0.687721
0.687734
0.687748
0.687763
0.687778
0.687794
0.687811
0.687829
0.687847
0.687865
0.687884
0.687903
0.687923
0.687943
0.687964
0.687984
0.688005
0.688026
0.688047
0.688069
0.68809
0.688111
0.688132
0.688153
0.688174
0.688195
0.688215
0.688236
0.688256
0.688275
0.688294
0.688313
0.688331
0.688349
0.688366
0.688383
0.6884
0.688415
0.68843
0.688445
0.688459
0.688472
0.688485
0.688497
0.688508
0.688519
0.688529
0.688538
0.688547
0.688555
0.688563
0.68857
0.688577
0.688583
0.688589
0.688594
0.688599
0.688604
0.688608
0.688612
0.688616
0.68862
0.688623
0.688627
0.68863
0.688633
0.688637
0.68864
0.688643
0.688647
0.688651
0.688655
0.688659
0.688663
0.688668
0.688673
0.688679
0.688684
0.68869
0.688697
0.688704
0.688711
0.688718
0.688726
0.688735
0.688744
0.688753
0.688763
0.688773
0.688783
0.688794
0.688805
0.688817
0.688828
0.688841
0.688853
0.688866
0.688879
0.688893
0.688907
0.688921
0.688935
0.68895
0.688964
0.688979
0.688995
0.68901
0.689026
0.689042
0.689058
0.689074
0.689091
0.689107
0.689124
0.689141
0.689158
0.689175
0.689192
0.689209
0.689226
0.689244
0.689261
0.689279
0.689296
0.689314
0.689331
0.689349
0.689366
0.689384
0.689401
0.689419
0.689436
0.689453
0.68947
0.689488
0.689505
0.689521
0.689538
0.689555
0.689571
0.689588
0.689604
0.68962
0.689636
0.689652
0.689667
0.689682
0.689697
0.689712
0.689727
0.689742
0.689756
0.68977
0.689783
0.689797
0.68981
0.689823
0.689836
0.689848
0.689861
0.689873
0.689884
0.689896
0.689907
0.689917
0.689928
0.689938
0.689948
0.689957
0.689966
0.689974
0.689983
0.68999
0.689998
0.690005
0.690011
0.690017
0.690022
0.690027
0.690031
0.690035
0.690038
0.690041
0.690043
0.690044
0.690045
0.690046
0.690045
0.690044
0.690043
0.69004
0.690038
0.690034
0.69003
0.690026
0.690021
0.690015
0.690009
0.690003
0.689996
0.689989
0.689981
0.689973
0.689964
0.689955
0.689946
0.689937
0.689927
0.689917
0.689907
0.689897
0.689887
0.689876
0.689866
0.689855
0.689845
0.689834
0.689824
0.689813
0.689802
0.689792
0.689782
0.689771
0.689761
0.68975
0.68974
0.68973
0.68972
0.689709
0.689699
0.689689
0.689679
0.689669
0.689658
0.689648
0.689638
0.689627
0.689616
0.689606
0.689595
0.689584
0.689572
0.689561
0.689549
0.689537
0.689525
0.689512
0.689499
0.689486
0.689473
0.689459
0.689445
0.68943
0.689415
0.6894
0.689384
0.689368
0.689351
0.689334
0.689317
0.689299
0.68928
0.689262
0.689242
0.689222
0.689202
0.689181
0.68916
0.689138
0.689116
0.689093
0.689069
0.689045
0.689021
0.688996
0.688971
0.688945
0.688919
0.688892
0.688865
0.688837
0.688809
0.688781
0.688752
0.688723
0.688693
0.688663
0.688633
0.688602
0.688571
0.68854
0.688509
0.688477
0.688446
0.688414
0.688381
0.688349
0.688317
0.688285
0.688253
0.68822
0.688188
0.688156
0.688124
0.688092
0.68806
0.688029
0.687997
0.687966
0.687936
0.687905
0.687875
0.687845
0.687816
0.687787
0.687758
0.68773
0.687703
0.687676
0.687649
0.687623
0.687597
0.687573
0.687548
0.687525
0.687502
0.68748
0.687458
0.687437
0.687417
0.687398
0.68738
0.687362
0.687345
0.68733
0.687315
0.687301
0.687288
0.687276
0.687265
0.687255
0.687246
0.687238
0.687231
0.687226
0.687221
0.687218
0.687215
0.687215
0.687215
0.687216
0.687219
0.687223
0.687228
0.687234
0.687241
0.68725
0.68726
0.687271
0.687283
0.687297
0.687311
0.687327
0.687344
0.687362
0.687381
0.687401
0.687422
0.687444
0.687467
0.68749
0.687515
0.68754
0.687566
0.687593
0.687621
0.687649
0.687678
0.687707
0.687737
0.687767
0.687798
0.687829
0.68786
0.687892
0.687923
0.687955
0.687987
0.688019
0.688051
0.688082
0.688114
0.688145
0.688176
0.688207
0.688237
0.688267
0.688297
0.688325
0.688354
0.688381
0.688408
0.688434
0.688459
0.688483
0.688506
0.688529
0.68855
0.68857
0.68859
0.688608
0.688625
0.68864
0.688655
0.688668
0.68868
0.688691
0.688701
0.688709
0.688716
0.688722
0.688726
0.688729
0.688731
0.688732
0.688731
0.688729
0.688726
0.688722
0.688716
0.688709
0.688702
0.688693
0.688682
0.688671
0.688659
0.688646
0.688632
0.688617
0.688601
0.688584
0.688566
0.688548
0.688529
0.688509
0.688488
0.688467
0.688445
0.688423
0.6884
0.688377
0.688354
0.68833
0.688306
0.688281
0.688256
0.688231
0.688206
0.688181
0.688156
0.68813
0.688105
0.68808
0.688054
0.688029
0.688004
0.687979
0.687954
0.68793
0.687906
0.687882
0.687858
0.687835
0.687811
0.687789
0.687766
0.687744
0.687723
0.687702
0.687681
0.68766
0.687641
0.687621
0.687602
0.687584
0.687566
0.687549
0.687532
0.687515
0.687499
0.687484
0.687469
0.687455
0.687441
0.687428
0.687415
0.687403
0.687391
0.68738
0.687369
0.687359
0.687349
0.68734
0.687332
0.687324
0.687317
0.68731
0.687304
0.687299
0.687294
0.68729
0.687287
0.687284
0.687282
0.68728
0.68728
0.68728
0.68728
0.687282
0.687284
0.687287
0.68729
0.687295
0.6873
0.687305
0.687312
0.687319
0.687326
0.687335
0.687344
0.687353
0.687364
0.687374
0.687385
0.687397
0.687409
0.687422
0.687435
0.687448
0.687462
0.687476
0.687491
0.687505
0.68752
0.687535
0.68755
0.687566
0.687581
0.687597
0.687612
0.687628
0.687644
0.68766
0.687676
0.687692
0.687707
0.687723
0.687739
0.687755
0.687771
0.687787
0.687803
0.687819
0.687835
0.687851
0.687866
0.687882
0.687898
0.687914
0.687929
0.687945
0.687961
0.687976
0.687992
0.688007
0.688022
0.688038
0.688053
0.688068
0.688083
0.688098
0.688112
0.688127
0.688141
0.688155
0.688169
0.688183
0.688197
0.68821
0.688223
0.688236
0.688248
0.688261
0.688272
0.688284
0.688295
0.688306
0.688316
0.688326
0.688335
0.688344
0.688352
0.68836
0.688367
0.688374
0.68838
0.688385
0.68839
0.688394
0.688398
0.688401
0.688403
0.688404
0.688405
0.688405
0.688404
0.688403
0.688401
0.688398
0.688394
0.68839
0.688385
0.688379
0.688373
0.688366
0.688359
0.68835
0.688342
0.688333
0.688323
0.688313
0.688302
0.688291
0.68828
0.688268
0.688256
0.688244
0.688232
0.688219
0.688206
0.688194
0.688181
0.688168
0.688155
0.688143
0.68813
0.688117
0.688105
0.688093
0.688081
0.68807
0.688059
0.688048
0.688038
0.688028
0.688018
0.688009
0.688
0.687992
0.687984
0.687977
0.68797
0.687964
0.687959
0.687954
0.687949
0.687945
0.687942
0.687939
0.687937
0.687935
0.687933
0.687932
0.687932
0.687932
0.687933
0.687934
0.687935
0.687937
0.687939
0.687941
0.687944
0.687947
0.68795
0.687954
0.687958
0.687961
0.687965
0.687969
0.687973
0.687977
0.687981
0.687985
0.687989
0.687993
0.687997
0.688
0.688003
0.688006
0.688009
0.688011
0.688013
0.688014
0.688015
0.688016
0.688016
0.688015
0.688014
0.688013
0.688011
0.688008
0.688005
0.688001
0.687997
0.687992
0.687986
0.68798
0.687973
0.687965
0.687957
0.687948
0.687939
0.687929
0.687919
0.687908
0.687896
0.687884
0.687872
0.687859
0.687846
0.687832
0.687818
0.687804
0.687789
0.687775
0.68776
0.687744
0.687729
0.687714
0.687698
0.687683
0.687667
0.687652
0.687636
0.687621
0.687605
0.68759
0.687575
0.68756
0.687546
0.687531
0.687517
0.687503
0.68749
0.687476
0.687463
0.687451
0.687438
0.687427
0.687415
0.687404
0.687393
0.687383
0.687373
0.687363
0.687354
0.687345
0.687336
0.687328
0.687321
0.687314
0.687307
0.6873
0.687294
0.687288
0.687283
0.687278
0.687273
0.687269
0.687264
0.68726
0.687257
0.687253
0.68725
0.687246
0.687243
0.687241
0.687238
0.687235
0.687232
0.68723
0.687227
0.687224
0.687222
0.687219
0.687216
0.687213
0.68721
0.687207
0.687203
0.6872
0.687196
0.687192
0.687188
0.687184
0.68718
0.687176
0.687171
0.687166
0.687161
0.687156
0.687151
0.687146
0.687141
0.687135
0.68713
0.687124
0.687119
0.687113
0.687108
0.687102
0.687096
0.687091
0.687085
0.68708
0.687074
0.687069
0.687063
0.687058
0.687053
0.687048
0.687043
0.687039
0.687034
0.68703
0.687026
0.687022
0.687018
0.687014
0.687011
0.687008
0.687005
0.687002
0.686999
0.686997
0.686995
0.686993
0.686991
0.68699
0.686989
0.686988
0.686987
0.686986
0.686986
0.686986
0.686986
0.686987
0.686987
0.686988
0.686989
0.686991
0.686992
0.686994
0.686996
0.686999
0.687001
0.687004
0.687008
0.687011
0.687015
0.687019
0.687023
0.687028
0.687033
0.687038
0.687043
0.687049
0.687055
0.687062
0.687069
0.687076
0.687083
0.687091
0.687099
0.687107
0.687116
0.687124
0.687133
0.687143
0.687152
0.687162
0.687171
0.687181
0.687191
0.687201
0.687212
0.687222
0.687232
0.687242
0.687252
0.687262
0.687272
0.687282
0.687292
0.687301
0.687311
0.68732
0.687328
0.687337
0.687345
0.687353
0.687361
0.687369
0.687376
0.687382
0.687389
0.687395
0.687401
0.687406
0.687411
0.687416
0.68742
0.687424
0.687428
0.687431
0.687434
0.687437
0.687439
0.687441
0.687443
0.687445
0.687446
0.687447
0.687448
0.687448
0.687449
0.687449
0.687449
0.687449
0.687449
0.687448
0.687448
0.687447
0.687446
0.687445
0.687444
0.687443
0.687442
0.687441
0.68744
0.687439
0.687438
0.687437
0.687436
0.687435
0.687434
0.687434
0.687433
0.687432
0.687431
0.687431
0.68743
0.68743
0.687429
0.687429
0.687429
0.687429
0.687429
0.687429
0.687429
0.68743
0.68743
0.687431
0.687432
0.687432
0.687433
0.687434
0.687435
0.687437
0.687438
0.687439
0.687441
0.687442
0.687444
0.687445
0.687447
0.687448
0.68745
0.687451
0.687453
0.687454
0.687455
0.687456
0.687457
0.687458
0.687459
0.687459
0.687459
0.687459
0.687459
0.687458
0.687457
0.687456
0.687454
0.687452
0.687449
0.687446
0.687442
0.687438
0.687434
0.687429
0.687423
0.687417
0.68741
0.687403
0.687395
0.687387
0.687378
0.687368
0.687358
0.687347
0.687336
0.687324
0.687311
0.687298
0.687285
0.68727
0.687256
0.687241
0.687225
0.687209
0.687193
0.687176
0.687159
0.687142
0.687125
0.687107
0.687089
0.687071
0.687053
0.687035
0.687017
0.686999
0.68698
0.686963
0.686945
0.686927
0.68691
0.686892
0.686876
0.686859
0.686843
0.686827
0.686811
0.686796
0.686782
0.686768
0.686754
0.686741
0.686728
0.686716
0.686704
0.686693
0.686683
0.686673
0.686663
0.686654
0.686646
0.686638
0.686631
0.686624
0.686618
0.686612
0.686607
0.686602
0.686598
0.686594
0.686591
0.686588
0.686585
0.686583
0.686581
0.68658
0.686579
0.686578
0.686577
0.686577
0.686577
0.686577
0.686578
0.686578
0.686579
0.68658
0.686581
0.686582
0.686583
0.686585
0.686586
0.686588
0.686589
0.686591
0.686593
0.686595
0.686596
0.686598
0.6866
0.686602
0.686604
0.686606
0.686609
0.686611
0.686613
0.686615
0.686617
0.686619
0.686622
0.686624
0.686626
0.686629
0.686631
0.686633
0.686636
0.686638
0.686641
0.686643
0.686646
0.686648
0.686651
0.686654
0.686656
0.686659
0.686662
0.686665
0.686668
0.686671
0.686674
0.686678
0.686681
0.686685
0.686689
0.686693
0.686698
0.686702
0.686707
0.686713
0.686718
0.686724
0.686731
0.686737
0.686745
0.686752
0.68676
0.686769
0.686778
0.686787
0.686797
0.686807
0.686818
0.68683
0.686841
0.686854
0.686866
0.686879
0.686893
0.686907
0.686921
0.686936
0.686951
0.686966
0.686982
0.686997
0.687013
0.687029
0.687045
0.687061
0.687077
0.687093
0.68711
0.687126
0.687141
0.687157
0.687173
0.687188
0.687203
0.687218
0.687232
0.687246
0.68726
0.687273
0.687287
0.687299
0.687311
0.687323
0.687335
0.687346
0.687356
0.687366
0.687376
0.687385
0.687394
0.687402
0.68741
0.687417
0.687424
0.687431
0.687437
0.687442
0.687448
0.687452
0.687457
0.68746
0.687464
0.687467
0.68747
0.687472
0.687474
0.687475
0.687476
0.687476
0.687477
0.687476
0.687476
0.687475
0.687473
0.687471
0.687469
0.687467
0.687464
0.68746
0.687457
0.687453
0.687448
0.687443
0.687438
0.687433
0.687427
0.687421
0.687415
0.687408
0.687401
0.687394
0.687386
0.687379
0.687371
0.687363
0.687354
0.687346
0.687337
0.687328
0.68732
0.687311
0.687302
0.687292
0.687283
0.687274
0.687265
0.687256
0.687247
0.687238
0.68723
0.687221
0.687213
0.687205
0.687197
0.687189
0.687181
0.687174
0.687167
0.68716
0.687154
0.687148
0.687142
0.687136
0.687131
0.687126
0.687122
0.687117
0.687114
0.68711
0.687107
0.687104
0.687102
0.6871
0.687098
0.687097
0.687096
0.687096
0.687096
0.687096
0.687097
0.687098
0.6871
0.687102
0.687104
0.687107
0.687111
0.687115
0.687119
0.687124
0.687129
0.687134
0.68714
0.687147
0.687154
0.687161
0.687169
0.687177
0.687186
0.687195
0.687204
0.687214
0.687224
0.687234
0.687245
0.687256
0.687267
0.687278
0.687289
0.687301
0.687312
0.687324
0.687335
0.687347
0.687358
0.68737
0.687381
0.687392
0.687403
0.687413
0.687424
0.687434
0.687443
0.687452
0.687461
0.687469
0.687477
0.687485
0.687491
0.687498
0.687504
0.687509
0.687513
0.687518
0.687521
0.687524
0.687526
0.687528
0.687529
0.68753
0.68753
0.68753
0.687529
0.687527
0.687525
0.687522
0.687519
0.687516
0.687512
0.687507
0.687502
0.687497
0.687491
0.687485
0.687478
0.687472
0.687464
0.687457
0.687449
0.687441
0.687433
0.687425
0.687416
0.687408
