0.70001
0.699839
0.699484
0.698947
0.698224
0.697313
0.696213
0.69492
0.693432
0.691744
0.689854
0.687758
0.685451
0.682929
0.680189
0.677226
0.674036
0.670616
0.666964
0.663076
0.658951
0.654589
0.649992
0.645161
0.640102
0.634822
0.629332
0.623645
0.617778
0.611753
0.605596
0.599336
0.593009
0.586654
0.580313
0.574033
0.567862
0.561847
0.556038
0.550479
0.545211
0.540272
0.535688
0.531482
0.527666
0.524244
0.521213
0.518559
0.516265
0.514305
0.51265
0.511268
0.510125
0.509187
0.508419
0.507791
0.507276
0.506849
0.506491
0.506189
0.505934
0.505721
0.505553
0.505433
0.505369
0.505367
0.505434
0.505577
0.505796
0.506089
0.50645
0.506869
0.507334
0.507833
0.508354
0.50889
0.509432
0.509981
0.510536
0.511103
0.51169
0.512303
0.512954
0.51365
0.514398
0.515203
0.516067
0.51699
0.517968
0.518992
0.520055
0.521145
0.522248
0.52335
0.524439
0.525501
0.526524
0.527499
0.528417
0.529274
0.530066
0.530791
0.531451
0.532049
0.532586
0.533067
0.533495
0.533874
0.534208
0.534497
0.534744
0.534951
0.535119
0.535249
0.535342
0.5354
0.535425
0.535419
0.535385
0.535324
0.535237
0.535126
0.534992
0.534835
0.534656
0.534455
0.534236
0.533999
0.533749
0.533492
0.533234
0.532984
0.532751
0.532545
0.532377
0.532254
0.532184
0.532174
0.532224
0.532336
0.532507
0.53273
0.532999
0.533304
0.533636
0.533983
0.534336
0.534684
0.535018
0.53533
0.535613
0.535861
0.536071
0.536238
0.536361
0.536438
0.536466
0.536445
0.536373
0.53625
0.536073
0.535843
0.535561
0.53523
0.534853
0.534437
0.533991
0.533524
0.533049
0.532577
0.53212
0.531687
0.531287
0.530924
0.530599
0.530309
0.53005
0.529814
0.529593
0.529377
0.529158
0.528927
0.528678
0.528408
0.528115
0.527801
0.527472
0.527134
0.526798
0.526477
0.526183
0.525929
0.525727
0.525587
0.525511
0.525502
0.525555
0.525661
0.525808
0.525981
0.526165
0.526345
0.526506
0.52664
0.526742
0.526809
0.526845
0.526859
0.52686
0.526861
0.526875
0.526915
0.526991
0.527111
0.527281
0.527505
0.527783
0.528113
0.528491
0.528912
0.529367
0.529849
0.530346
0.530846
0.531339
0.531812
0.532257
0.532666
0.533035
0.533361
0.533648
0.533901
0.534128
0.534342
0.534554
0.53478
0.535033
0.535326
0.535668
0.536065
0.536519
0.537027
0.537581
0.538168
0.538771
0.539373
0.539952
0.540488
0.540961
0.541353
0.541646
0.541827
0.541886
0.541816
0.541614
0.541281
0.540822
0.540247
0.539569
0.538804
0.537972
0.537093
0.536189
0.535279
0.534383
0.533517
0.532695
0.531926
0.531219
0.530579
0.530008
0.529509
0.529083
0.528731
0.528457
0.528261
0.528147
0.528117
0.528172
0.528312
0.528536
0.528838
0.529212
0.529647
0.530132
0.530652
0.531191
0.531732
0.532259
0.532757
0.533211
0.533608
0.533939
0.534194
0.534366
0.53445
0.53444
0.534333
0.534126
0.533818
0.533409
0.532901
0.532299
0.53161
0.530845
0.530016
0.52914
0.528237
0.527325
0.526428
0.525568
0.524769
0.524053
0.523439
0.522948
0.522591
0.52238
0.522316
0.522397
0.522613
0.52295
0.523388
0.523905
0.524477
0.525081
0.525696
0.526302
0.526883
0.527426
0.52792
0.528359
0.528737
0.529051
0.5293
0.529484
0.529605
0.529665
0.529667
0.529617
0.52952
0.529383
0.529218
0.529035
0.528846
0.528666
0.528506
0.528379
0.528294
0.528255
0.528265
0.528322
0.528419
0.528548
0.528699
0.528862
0.529027
0.529185
0.52933
0.529458
0.529564
0.529648
0.529707
0.529744
0.529756
0.529743
0.529705
0.52964
0.529543
0.529411
0.529236
0.529014
0.528734
0.528391
0.527976
0.527484
0.52691
0.526252
0.525511
0.524688
0.52379
0.522823
0.521798
0.520725
0.519617
0.518486
0.517343
0.516199
0.515063
0.513944
0.512847
0.511779
0.510744
0.509749
0.508803
0.507918
0.507111
0.506401
0.50581
0.505362
0.505078
0.504976
0.505067
0.505353
0.505828
0.506481
0.507294
0.508247
0.50932
0.510493
0.511747
0.513063
0.514426
0.515819
0.517228
0.518638
0.520036
0.52141
0.522749
0.524042
0.525282
0.52646
0.527571
0.528611
0.529577
0.530468
0.531285
0.532029
0.532705
0.533317
0.533871
0.534373
0.53483
0.535248
0.535631
0.535983
0.536308
0.536608
0.536884
0.537139
0.537374
0.537591
0.537794
0.537985
0.538168
0.538347
0.538524
0.538701
0.538876
0.53905
0.539218
0.539376
0.539519
0.53964
0.539733
0.539792
0.539814
0.539793
0.53973
0.539623
0.539474
0.539288
0.539067
0.538817
0.538544
0.538253
0.537948
0.537634
0.537316
0.536997
0.536681
0.536372
0.536072
0.535787
0.535519
0.535269
0.535038
0.534827
0.534634
0.534456
0.534292
0.534139
0.533998
0.533868
0.533753
0.533657
0.533587
0.533549
0.533551
0.533601
0.533704
0.533865
0.534086
0.534367
0.534705
0.535095
0.535531
0.536006
0.536513
0.537041
0.537585
0.538136
0.538688
0.539233
0.539765
0.540277
0.540762
0.541209
0.54161
0.541953
0.542227
0.54242
0.542521
0.542519
0.542406
0.542176
0.541828
0.54136
0.540778
0.54009
0.539305
0.538436
0.537498
0.536507
0.535478
0.53443
0.533379
0.532341
0.531332
0.530366
0.529457
0.528617
0.527856
0.527182
0.526602
0.526117
0.525726
0.525425
0.525205
0.525054
0.524957
0.524899
0.524865
0.524841
0.524816
0.524779
0.524727
0.524655
0.524563
0.524452
0.524323
0.524179
0.524021
0.523851
0.523668
0.523473
0.523265
0.52304
0.522797
0.522532
0.522242
0.521923
0.521574
0.521191
0.520772
0.520319
0.51983
0.51931
0.518765
0.518202
0.517633
0.517073
0.516537
0.516044
0.515613
0.515261
0.515006
0.514863
0.514842
0.514953
0.5152
0.515584
0.516101
0.516744
0.517497
0.518344
0.519261
0.520222
0.5212
0.522168
0.5231
0.523975
0.524774
0.525485
0.526104
0.526627
0.527061
0.527412
0.527692
0.527911
0.528082
0.528213
0.528311
0.528378
0.528415
0.528418
0.528382
0.528299
0.528165
0.527972
0.527717
0.527397
0.527012
0.52656
0.526046
0.525472
0.524843
0.524168
0.523456
0.522718
0.52197
0.521228
0.52051
0.519837
0.519228
0.518701
0.518275
0.517964
0.517781
0.517735
0.517831
0.518071
0.518453
0.518971
0.519612
0.52036
0.521194
0.522088
0.523015
0.523945
0.524846
0.525688
0.526445
0.527094
0.527623
0.528027
0.528314
0.528505
0.528631
0.528732
0.528851
0.529023
0.529273
0.529608
0.530017
0.530474
0.530944
0.53139
0.531776
0.532076
0.532272
0.532355
0.532324
0.532182
0.531938
0.5316
0.531181
0.530691
0.530142
0.529545
0.528912
0.528254
0.527583
0.52691
0.526244
0.525595
0.524971
0.524378
0.523821
0.523301
0.522819
0.522372
0.521957
0.521568
0.521198
0.520838
0.520481
0.520118
0.519742
0.519345
0.51892
0.518464
0.517974
0.517449
0.516892
0.516305
0.515697
0.515077
0.514456
0.513849
0.513268
0.512727
0.512238
0.51181
0.511449
0.511155
0.510927
0.510757
0.510637
0.510555
0.5105
0.510459
0.510423
0.510384
0.510338
0.510284
0.510224
0.510162
0.510105
0.510063
0.510046
0.510066
0.510133
0.51026
0.510456
0.510732
0.511094
0.51155
0.512101
0.512746
0.513482
0.514299
0.515185
0.516125
0.517099
0.518087
0.519066
0.520014
0.52091
0.521733
0.522467
0.523097
0.523616
0.524018
0.524306
0.524485
0.524567
0.524569
0.524511
0.524415
0.524304
0.524199
0.524119
0.524078
0.524084
0.524141
0.524249
0.5244
0.524586
0.524797
0.525019
0.525241
0.525449
0.525634
0.525786
0.525895
0.525958
0.52597
0.525931
0.525841
0.525704
0.525526
0.525315
0.52508
0.524834
0.524589
0.524358
0.524156
0.523995
0.523884
0.523833
0.523844
0.523918
0.524051
0.524235
0.524461
0.524717
0.524993
0.52528
0.525571
0.525861
0.526148
0.526433
0.526719
0.527011
0.527313
0.52763
0.527967
0.528326
0.528708
0.529112
0.529533
0.529965
0.530399
0.530826
0.531234
0.53161
0.531941
0.532217
0.532426
0.532561
0.532616
0.532589
0.532483
0.532304
0.53206
0.531766
0.531439
0.531096
0.530757
0.530441
0.530165
0.529944
0.529788
0.529704
0.529693
0.529753
0.529875
0.530046
0.530252
0.530475
0.530696
0.530897
0.531062
0.531179
0.531238
0.531235
0.531169
0.531042
0.53086
0.530629
0.530359
0.530059
0.529739
0.529407
0.529073
0.528743
0.528425
0.528123
0.527844
0.527591
0.527368
0.527178
0.527023
0.526904
0.526822
0.526776
0.526763
0.52678
0.526821
0.526882
0.526953
0.527029
0.527101
0.527163
0.527209
0.527236
0.527239
0.52722
0.52718
0.527122
0.527051
0.526977
0.526906
0.526849
0.526814
0.526811
0.526847
0.526924
0.527044
0.527204
0.527396
0.52761
0.527831
0.528044
0.528232
0.52838
0.528474
0.528505
0.528464
0.528347
0.528155
0.52789
0.527559
0.527167
0.526726
0.526245
0.525735
0.525207
0.524674
0.524147
0.523636
0.523153
0.522706
0.522303
0.52195
0.521648
0.521401
0.521203
0.521052
0.520939
0.520854
0.520788
0.520728
0.520663
0.520583
0.52048
0.520348
0.520184
0.519988
0.519762
0.519511
0.519243
0.518967
0.518693
0.518431
0.518192
0.517986
0.517822
0.517708
0.517649
0.517649
0.517709
0.517829
0.518004
0.51823
0.518499
0.518803
0.519133
0.519481
0.51984
0.520204
0.52057
0.520935
0.521297
0.521653
0.522002
0.522341
0.522664
0.522969
0.523249
0.523501
0.52372
0.523906
0.524055
0.524169
0.524248
0.524295
0.52431
0.524296
0.524254
0.524185
0.52409
0.52397
0.523826
0.52366
0.523477
0.523282
0.523085
0.522895
0.522725
0.522585
0.522487
0.522438
0.522441
0.522494
0.522589
0.522716
0.522859
0.523001
0.523127
0.523223
0.523279
0.523291
0.523261
0.523197
0.523109
0.523015
0.522932
0.522878
0.52287
0.52292
0.523039
0.523231
0.523496
0.523831
0.524228
0.524679
0.525171
0.525693
0.526235
0.526784
0.52733
0.527866
0.528382
0.528874
0.529335
0.529762
0.53015
0.530495
0.530793
0.53104
0.53123
0.531357
0.531415
0.531396
0.531292
0.531098
0.530806
0.530413
0.529915
0.529312
0.528607
0.527805
0.526916
0.525952
0.52493
0.523867
0.522786
0.521706
0.520648
0.519627
0.518656
0.517738
0.516873
0.516054
0.515268
0.514501
0.513737
0.51296
0.512157
0.51132
0.510442
0.509523
0.508567
0.507584
0.506588
0.505601
0.504644
0.503747
0.502936
0.502238
0.501678
0.501273
0.501032
0.500957
0.501042
0.501271
0.501626
0.502086
0.502631
0.503241
0.503903
0.504602
0.505332
0.506085
0.506856
0.507643
0.508442
0.509254
0.510076
0.51091
0.511755
0.512611
0.513474
0.514342
0.515209
0.516065
0.516902
0.517708
0.51847
0.519177
0.519818
0.520384
0.520867
0.521261
0.521566
0.521784
0.521917
0.521974
0.521965
0.521901
0.521797
0.521667
0.521526
0.521389
0.52127
0.521181
0.521131
0.521129
0.521179
0.521281
0.521434
0.521631
0.521862
0.522115
0.522376
0.522629
0.522858
0.523046
0.52318
0.523247
0.523236
0.523143
0.522964
0.522701
0.522362
0.521958
0.521504
0.52102
0.52053
0.520059
0.519633
0.51928
0.519021
0.518877
0.518862
0.518982
0.519237
0.519621
0.520121
0.52072
0.521399
0.522136
0.522907
0.523692
0.524467
0.525216
0.525921
0.526569
0.527152
0.527663
0.528099
0.52846
0.528748
0.528969
0.529129
0.529234
0.529295
0.529321
0.529322
0.529308
0.529291
0.52928
0.529284
0.52931
0.529363
0.529449
0.529568
0.529721
0.529908
0.530129
0.530383
0.53067
0.53099
0.531343
0.531731
0.532155
0.532615
0.533109
0.533637
0.534193
0.534772
0.535368
0.535972
0.536576
0.537169
0.537743
0.538287
0.538794
0.539256
0.539666
0.540022
0.540323
0.540568
0.540764
0.540917
0.541038
0.541138
0.541229
0.541325
0.541435
0.541567
0.541725
0.541908
0.54211
0.54232
0.542526
0.542714
0.54287
0.542983
0.543045
0.543052
0.543005
0.54291
0.542776
0.542616
0.542445
0.54228
0.542136
0.542028
0.54197
0.54197
0.542035
0.542162
0.54235
0.542588
0.542863
0.543161
0.543465
0.543759
0.544026
0.544253
0.544427
0.544537
0.544574
0.544532
0.544403
0.544183
0.543867
0.54345
0.54293
0.542304
0.541571
0.540731
0.539784
0.538736
0.537593
0.536367
0.535071
0.533727
0.532357
0.530989
0.529654
0.528381
0.527201
0.526136
0.525206
0.524421
0.523781
0.523278
0.522897
0.522618
0.522423
0.522293
0.522215
0.522184
0.522201
0.522273
0.52241
0.522623
0.522918
0.523296
0.523751
0.524269
0.524827
0.525403
0.525972
0.526511
0.527003
0.527437
0.527808
0.528116
0.528368
0.528573
0.528742
0.528887
0.529021
0.529153
0.529294
0.529451
0.529631
0.52984
0.530083
0.530367
0.530696
0.531075
0.531504
0.531983
0.532506
0.533063
0.533639
0.534216
0.53477
0.535279
0.535717
0.536062
0.536293
0.536394
0.536349
0.536149
0.535787
0.53526
0.534569
0.533716
0.532707
0.531552
0.530262
0.528854
0.527348
0.525768
0.524145
0.522511
0.520905
0.519367
0.517937
0.516651
0.51554
0.514622
0.513906
0.513385
0.51304
0.512842
0.512754
0.512738
0.512754
0.51277
0.512757
0.512696
0.512575
0.512391
0.512146
0.511849
0.511515
0.511163
0.510813
0.510492
0.510224
0.510036
0.509952
0.509991
0.510168
0.510487
0.510947
0.511537
0.512238
0.513026
0.513876
0.514762
0.515658
0.516541
0.517393
0.518196
0.518935
0.519598
0.520174
0.520654
0.521032
0.521303
0.521462
0.521508
0.52144
0.521261
0.52097
0.520572
0.52007
0.519469
0.518774
0.517997
0.517147
0.516242
0.515299
0.514338
0.513382
0.512452
0.511564
0.510735
0.509973
0.509286
0.508676
0.508147
0.507705
0.507356
0.507111
0.506983
0.506983
0.507122
0.507408
0.507841
0.50842
0.509136
0.50998
0.510936
0.511992
0.513132
0.514341
0.515605
0.51691
0.518243
0.519591
0.520942
0.522286
0.523611
0.52491
0.526172
0.527391
0.52856
0.529672
0.530721
0.531702
0.53261
0.53344
0.534188
0.534851
0.535426
0.535913
0.536312
0.536624
0.536852
0.536998
0.537068
0.537068
0.537003
0.536882
0.536714
0.536507
0.536271
0.536017
0.535753
0.535488
0.535225
0.53497
0.534722
0.534479
0.534236
0.533987
0.533725
0.533441
0.533128
0.532777
0.532385
0.531945
0.531455
0.530914
0.530322
0.529681
0.528994
0.528267
0.527506
0.526721
0.525923
0.525121
0.524328
0.523553
0.522807
0.522097
0.521433
0.520821
0.52027
0.519789
0.519387
0.519074
0.518858
0.518745
0.518741
0.518847
0.519066
0.519396
0.519836
0.520381
0.521027
0.521769
0.522596
0.523499
0.524465
0.525477
0.526515
0.527559
0.528586
0.529571
0.530493
0.53133
0.532065
0.532685
0.533184
0.53356
0.533818
0.533972
0.534039
0.534042
0.534005
0.533952
0.533904
0.533878
0.53388
0.533912
0.53397
0.534041
0.534112
0.534166
0.534188
0.534163
0.534077
0.533921
0.533684
0.533362
0.532949
0.532444
0.531849
0.531167
0.530405
0.529574
0.528685
0.527753
0.526794
0.525826
0.524867
0.523935
0.523046
0.522216
0.521458
0.520783
0.520199
0.51971
0.51932
0.519028
0.518831
0.518723
0.518699
0.51875
0.518868
0.519044
0.519268
0.51953
0.519822
0.520135
0.52046
0.520789
0.521117
0.521437
0.521745
0.522038
0.522316
0.52258
0.522829
0.523069
0.523303
0.523537
0.523776
0.524029
0.524302
0.524602
0.524936
0.525309
0.525723
0.526178
0.526671
0.527195
0.527741
0.528297
0.528848
0.52938
0.52988
0.530333
0.530728
0.531056
0.53131
0.531489
0.531591
0.531619
0.531577
0.531474
0.531315
0.531111
0.530869
0.530596
0.530302
0.529991
0.529671
0.529346
0.529021
0.528703
0.528396
0.528108
0.527844
0.527613
0.527421
0.527275
0.52718
0.527143
0.527167
0.527255
0.527408
0.527626
0.527908
0.528254
0.528659
0.529119
0.529628
0.530177
0.530756
0.531351
0.53195
0.532537
0.533096
0.533614
0.534075
0.53447
0.534789
0.535028
0.535186
0.535263
0.535267
0.535205
0.53509
0.534936
0.534758
0.534571
0.534392
0.534231
0.534101
0.534008
0.533955
0.533942
0.533968
0.534029
0.534118
0.534229
0.534356
0.534495
0.534639
0.534785
0.53493
0.535072
0.535208
0.535338
0.535459
0.535572
0.535674
0.535765
0.535842
0.535902
0.535943
0.535961
0.535953
0.535914
0.535839
0.535725
0.535567
0.535361
0.535105
0.534798
0.534438
0.534027
0.533567
0.533061
0.532515
0.531935
0.531326
0.530695
0.530048
0.529392
0.528732
0.52807
0.527407
0.526742
0.526073
0.525396
0.52471
0.52402
0.523336
0.522679
0.522084
0.52159
0.52124
0.521072
0.521108
0.521348
0.52177
0.522333
0.522987
0.523676
0.524353
0.52498
0.525532
0.525994
0.52636
0.526629
0.526807
0.5269
0.526917
0.526866
0.526758
0.526602
0.526408
0.526186
0.525944
0.525685
0.525416
0.525135
0.524841
0.524529
0.524194
0.523831
0.523436
0.523011
0.522564
0.522113
0.521681
0.521297
0.520994
0.520802
0.520742
0.520825
0.52105
0.521403
0.521861
0.522398
0.522985
0.523597
0.524214
0.524819
0.525398
0.525943
0.526444
0.526898
0.527299
0.527647
0.527941
0.528185
0.528384
0.528542
0.528669
0.528769
0.528849
0.528912
0.528962
0.528998
0.529018
0.529018
0.528994
0.528938
0.528842
0.528699
0.5285
0.528238
0.527904
0.527495
0.527008
0.526446
0.525813
0.52512
0.524382
0.523616
0.522843
0.522083
0.521356
0.520677
0.520054
0.519491
0.518985
0.518526
0.518102
0.517697
0.517297
0.516888
0.51646
0.516008
0.515532
0.515036
0.514532
0.514036
0.513569
0.513155
0.51282
0.512588
0.512482
0.512519
0.512711
0.513059
0.513558
0.514196
0.51495
0.515795
0.5167
0.517632
0.518559
0.519451
0.520277
0.521015
0.521642
0.522146
0.522521
0.522771
0.522909
0.522961
0.522962
0.522953
0.522974
0.523061
0.523233
0.523492
0.523824
0.524198
0.524577
0.52492
0.525193
0.52537
0.525435
0.525382
0.525214
0.52494
0.524573
0.524129
0.523628
0.523088
0.522529
0.521969
0.521426
0.520917
0.520455
0.520053
0.519721
0.519467
0.519294
0.519206
0.5192
0.519272
0.519416
0.519622
0.519881
0.520181
0.520509
0.520855
0.52121
0.521564
0.521914
0.522255
0.522588
0.522912
0.523232
0.523551
0.523871
0.524195
0.524523
0.524854
0.525186
0.525513
0.52583
0.52613
0.526408
0.526658
0.526875
0.527055
0.527198
0.527301
0.527366
0.527394
0.527388
0.52735
0.527282
0.527188
0.52707
0.526932
0.526779
0.526615
0.526451
0.526295
0.526159
0.526054
0.525993
0.525986
0.526041
0.526166
0.526366
0.526646
0.527006
0.527447
0.527968
0.528561
0.529219
0.529927
0.53067
0.531426
0.532175
0.532894
0.533562
0.534162
0.534677
0.535096
0.535411
0.535617
0.535712
0.535697
0.535576
0.535353
0.535035
0.534629
0.534141
0.53358
0.532952
0.532267
0.53153
0.530752
0.529941
0.529108
0.528263
0.527419
0.526589
0.525788
0.525028
0.524322
0.523682
0.523114
0.522623
0.522209
0.52187
0.521596
0.521376
0.521198
0.521045
0.520901
0.520753
0.520588
0.520396
0.520169
0.519907
0.519608
0.519278
0.518924
0.518555
0.518182
0.517818
0.517475
0.517164
0.516894
0.516673
0.516508
0.516402
0.516357
0.516373
0.516449
0.516583
0.516772
0.517012
0.517297
0.517623
0.51798
0.518362
0.518756
0.519152
0.519538
0.519905
0.520243
0.520545
0.520807
0.521027
0.521205
0.521343
0.521443
0.521508
0.521544
0.521554
0.521542
0.521513
0.521472
0.521425
0.521375
0.521328
0.521287
0.521253
0.52123
0.521216
0.52121
0.521213
0.521221
0.521233
0.521248
0.521265
0.521287
0.521315
0.521354
0.52141
0.521487
0.521593
0.521731
0.521905
0.522115
0.522361
0.522637
0.522939
0.523258
0.523587
0.523918
0.524242
0.524554
0.524847
0.525118
0.525363
0.525582
0.525773
0.52594
0.526085
0.526213
0.52633
0.526446
0.526566
0.526699
0.526848
0.527015
0.527197
0.527389
0.52758
0.527757
0.527909
0.528021
0.528085
0.528092
0.528037
0.52792
0.527741
0.527507
0.527223
0.526897
0.526541
0.526164
0.525778
0.525395
0.525025
0.524679
0.524365
0.524088
0.523852
0.523656
0.523496
0.523364
0.523252
0.523149
0.523042
0.522923
0.522782
0.522616
0.522424
0.522212
0.521989
0.521767
0.52156
0.521386
0.521259
0.521193
0.521198
0.521281
0.521445
0.521691
0.522015
0.522414
0.522882
0.523414
0.524006
0.524654
0.525356
0.526109
0.52691
0.527754
0.528637
0.529548
0.530478
0.531415
0.532346
0.533257
0.534135
0.534966
0.535739
0.536442
0.537063
0.537592
0.538019
0.538335
0.538532
0.538603
0.538546
0.538356
0.538036
0.537586
0.537012
0.536322
0.535524
0.534631
0.53366
0.532627
0.531554
0.530465
0.529382
0.528329
0.527329
0.526397
0.525548
0.524786
0.524111
0.523518
0.522999
0.522545
0.522148
0.521804
0.521516
0.521288
0.521134
0.521068
0.521106
0.521264
0.521556
0.521989
0.522565
0.523279
0.524118
0.525064
0.526095
0.527186
0.52831
0.529442
0.530556
0.531631
0.532645
0.533582
0.534425
0.535163
0.535788
0.536297
0.536689
0.536969
0.537144
0.537227
0.537233
0.537178
0.537079
0.536952
0.536812
0.536669
0.53653
0.536399
0.536275
0.536155
0.536033
0.535904
0.535762
0.535602
0.535419
0.535212
0.534983
0.534735
0.534473
0.534207
0.533947
0.533705
0.533496
0.533335
0.533235
0.533212
0.533278
0.53344
0.533707
0.534078
0.534552
0.535122
0.535778
0.536505
0.537288
0.538109
0.538951
0.539795
0.540626
0.541429
0.542189
0.542894
0.543533
0.544094
0.544569
0.544948
0.545225
0.545392
0.545443
0.545377
0.545192
0.54489
0.544476
0.543958
0.543348
0.54266
0.541912
0.541124
0.540316
0.539513
0.538735
0.538005
0.537341
0.536757
0.536266
0.535873
0.535581
0.535386
0.535283
0.53526
0.535305
0.535403
0.535539
0.535694
0.535855
0.536004
0.536128
0.536216
0.536258
0.536248
0.536182
0.536058
0.535879
0.535647
0.535368
0.535046
0.53469
0.534304
0.533898
0.533476
0.533047
0.532615
0.532189
0.531772
0.531372
0.530994
0.530641
0.530319
0.53003
0.529775
0.529556
0.529371
0.529219
0.529097
0.529
0.528927
0.528872
0.528833
0.528807
0.528793
0.52879
0.528798
0.528818
0.528851
0.5289
0.528966
0.52905
0.529151
0.529269
0.529401
0.529544
0.529694
0.529847
0.529999
0.530146
0.530287
0.530421
0.530549
0.530675
0.530804
0.530942
0.531098
0.53128
0.531495
0.531747
0.532037
0.532361
0.532711
0.533074
0.533434
0.533773
0.534074
0.53432
0.534501
0.534607
0.534639
0.534599
0.534495
0.534339
0.534143
0.533922
0.533687
0.533448
0.533209
0.532971
0.53273
0.532478
0.532206
0.531902
0.531555
0.531156
0.530697
0.530176
0.529591
0.528946
0.528247
0.527504
0.526729
0.525936
0.525142
0.524362
0.523616
0.522922
0.522295
0.521751
0.521302
0.520956
0.520715
0.520579
0.520541
0.520594
0.520725
0.520921
0.521169
0.521457
0.521774
0.522113
0.522469
0.522838
0.523219
0.523611
0.524013
0.524423
0.52484
0.525257
0.525668
0.526066
0.526442
0.526785
0.527089
0.527345
0.527548
0.527697
0.527793
0.527843
0.527855
0.527843
0.527821
0.527806
0.527814
0.52786
0.527955
0.528104
0.528309
0.528568
0.528872
0.529212
0.529574
0.529946
0.530315
0.530671
0.531004
0.531307
0.531575
0.531806
0.531997
0.532151
0.532267
0.532348
0.532396
0.532412
0.532397
0.532351
0.532272
0.532158
0.532007
0.531816
0.531584
0.531308
0.530989
0.530625
0.53022
0.529775
0.529297
0.528789
0.528259
0.527715
0.527163
0.526612
0.526069
0.525539
0.525029
0.52454
0.524075
0.523634
0.523215
0.522816
0.522434
0.522068
0.521713
0.52137
0.521039
0.520721
0.52042
0.52014
0.519889
0.519674
0.519503
0.519382
0.519319
0.519317
0.519379
0.519506
0.519695
0.519944
0.520247
0.520601
0.521001
0.521445
0.521933
0.522465
0.523045
0.523675
0.524355
0.525087
0.525865
0.526684
0.527531
0.528392
0.529251
0.53009
0.530889
0.531633
0.532308
0.532901
0.533408
0.533824
0.53415
0.53439
0.534548
0.534629
0.534636
0.534569
0.534429
0.534211
0.533912
0.533528
0.533056
0.532494
0.531845
0.531111
0.5303
0.529423
0.528489
0.527512
0.526505
0.52548
0.524447
0.523417
0.522396
0.521388
0.520398
0.519429
0.518484
0.517569
0.516693
0.515866
0.515101
0.514412
0.513811
0.513309
0.51291
0.512614
0.512416
0.512306
0.512273
0.512306
0.512393
0.512526
0.512702
0.512915
0.513166
0.513453
0.513774
0.514128
0.514509
0.514912
0.515331
0.515757
0.516184
0.516608
0.517026
0.517439
0.517852
0.518273
0.518713
0.519185
0.519698
0.520259
0.520868
0.521522
0.522206
0.522903
0.523591
0.524245
0.524844
0.525369
0.525806
0.52615
0.526401
0.526565
0.526653
0.526681
0.526666
0.526625
0.526575
0.526529
0.526498
0.52649
0.526507
0.526548
0.526607
0.526676
0.526745
0.526801
0.526833
0.526833
0.526794
0.526717
0.526608
0.526478
0.526346
0.526232
0.526157
0.526141
0.526195
0.526325
0.526528
0.526792
0.527101
0.527438
0.527784
0.528124
0.528446
0.528745
0.529017
0.529264
0.529489
0.529699
0.529897
0.530089
0.530278
0.530466
0.530651
0.530828
0.530993
0.531136
0.531249
0.531323
0.53135
0.531323
0.531239
0.531095
0.530893
0.530638
0.530337
0.529999
0.529633
0.529251
0.528864
0.528481
0.528112
0.527764
0.527443
0.527154
0.526897
0.526674
0.526485
0.526326
0.526197
0.526096
0.526018
0.525963
0.525928
0.52591
0.525906
0.525912
0.525924
0.525937
0.525944
0.525937
0.525909
0.525852
0.525757
0.525618
0.525429
0.525187
0.524888
0.524533
0.524124
0.523666
0.523165
0.522627
0.522062
0.521478
0.520886
0.520293
0.519708
0.519136
0.518582
0.51805
0.517542
0.517061
0.516609
0.516194
0.515824
0.515516
0.515286
0.515155
0.51514
0.515251
0.515489
0.515841
0.516284
0.516786
0.517311
0.517827
0.518304
0.518724
0.519071
0.519342
0.519535
0.519654
0.519707
0.5197
0.519642
0.519541
0.519406
0.519245
0.519067
0.518878
0.518687
0.518499
0.518322
0.518161
0.518022
0.517909
0.517828
0.517786
0.51779
0.517848
0.51797
0.518165
0.518442
0.518806
0.519261
0.5198
0.520416
0.521092
0.52181
0.522548
0.523282
0.523993
0.52466
0.525269
0.525808
0.526268
0.526646
0.52694
0.527152
0.527285
0.527345
0.527341
0.527281
0.527176
0.527037
0.526878
0.52671
0.526547
0.526398
0.526274
0.526181
0.526123
0.526103
0.526117
0.526164
0.526237
0.526331
0.52644
0.526559
0.526687
0.526821
0.526966
0.527124
0.527303
0.527511
0.527758
0.528054
0.528406
0.528823
0.529311
0.529872
0.530507
0.531211
0.53198
0.532803
0.533671
0.534571
0.535491
0.536418
0.537341
0.53825
0.539137
0.539993
0.540816
0.541601
0.542348
0.543057
0.543729
0.544367
0.544973
0.545548
0.546094
0.546611
0.547098
0.547552
0.54797
0.548345
0.548674
0.54895
0.549166
0.549316
0.549393
0.549391
0.549303
0.549124
0.54885
0.548479
0.548013
0.547454
0.546811
0.546094
0.54532
0.544504
0.543666
0.542826
0.542004
0.541217
0.540482
0.539809
0.539208
0.538685
0.538243
0.537881
0.537598
0.537391
0.537254
0.537182
0.537171
0.537215
0.537313
0.537462
0.537663
0.537918
0.538224
0.538579
0.53897
0.539381
0.539789
0.540164
0.540478
0.540704
0.540822
0.540817
0.540683
0.540422
0.540041
0.539549
0.538963
0.538296
0.537564
0.536783
0.535967
0.53513
0.534287
0.533452
0.53264
0.53187
0.53116
0.530529
0.529992
0.529559
0.529231
0.529
0.528845
0.528741
0.528657
0.528564
0.528434
0.528247
0.527987
0.52765
0.527235
0.526749
0.526205
0.525618
0.52501
0.5244
0.523811
0.523261
0.522763
0.522327
0.521955
0.521643
0.521381
0.521158
0.520961
0.520779
0.520605
0.520435
0.520271
0.52012
0.519991
0.519896
0.519846
0.519852
0.519924
0.520066
0.520283
0.520572
0.520932
0.521355
0.521833
0.522354
0.522907
0.523476
0.524045
0.524597
0.525115
0.525581
0.525981
0.526304
0.526539
0.526685
0.526741
0.526716
0.52662
0.526471
0.526289
0.526095
0.525911
0.525759
0.525656
0.525615
0.525646
0.525752
0.525932
0.52618
0.526487
0.526842
0.527232
0.527644
0.528064
0.528479
0.528878
0.529248
0.529582
0.529872
0.53011
0.530295
0.530422
0.530491
0.530502
0.530459
0.530365
0.530226
0.53005
0.529847
0.529629
0.529409
0.529199
0.529012
0.528859
0.528748
0.528682
0.528662
0.528686
0.528747
0.528838
0.528951
0.529077
0.529212
0.529352
0.529495
0.529644
0.529806
0.529988
0.530202
0.530459
0.530773
0.531153
0.531609
0.532145
0.532759
0.533446
0.534194
0.534986
0.535803
0.536623
0.537424
0.538185
0.538887
0.539515
0.540059
0.540512
0.540871
0.541137
0.541315
0.54141
0.54143
0.541382
0.541274
0.541111
0.540899
0.540643
0.540346
0.540011
0.539641
0.539237
0.538802
0.538339
0.537852
0.537344
0.536818
0.536278
0.535727
0.53517
0.534609
0.534052
0.533501
0.532965
0.532452
0.531969
0.531527
0.531135
0.530802
0.530535
0.53034
0.53022
0.530175
0.530203
0.530302
0.530464
0.530685
0.530958
0.531277
0.531636
0.532033
0.532464
0.532928
0.533421
0.533943
0.534487
0.535049
0.535618
0.536182
0.536726
0.537236
0.537695
0.538088
0.538401
0.538626
0.538756
0.538788
0.538721
0.538559
0.538306
0.537969
0.537556
0.537076
0.536543
0.53597
0.535374
0.534771
0.534183
0.533626
0.533116
0.532665
0.532278
0.531954
0.531684
0.531455
0.531248
0.531044
0.530824
0.530577
0.530294
0.529975
0.52963
0.529273
0.528924
0.528606
0.528338
0.528135
0.528004
0.527944
0.527945
0.527993
0.528068
0.528152
0.528226
0.528277
0.528292
0.528266
0.528196
0.528082
0.527929
0.52774
0.527523
0.527284
0.52703
0.526768
0.526503
0.526239
0.525978
0.525722
0.525468
0.525214
0.524956
0.524688
0.524406
0.524104
0.523779
0.52343
0.523057
0.522666
0.522263
0.521862
0.521476
0.521124
0.520829
0.520612
0.520497
0.520506
0.520658
0.520964
0.521429
0.522045
0.522796
0.523651
0.524576
0.52553
0.526472
0.527364
0.528175
0.528884
0.529476
0.529945
0.530292
0.530522
0.530644
0.530666
0.530598
0.530449
0.530228
0.529946
0.52961
0.529233
0.528824
0.528395
0.527955
0.527515
0.527086
0.526679
0.526309
0.525988
0.525732
0.525553
0.525462
0.525465
0.525561
0.525743
0.525998
0.526307
0.526648
0.526998
0.527336
0.527644
0.527905
0.528108
0.528248
0.52832
0.528324
0.528263
0.528141
0.527964
0.527737
0.52747
0.52717
0.526846
0.526506
0.52616
0.525816
0.525479
0.525157
0.524852
0.524567
0.524301
0.524051
0.523812
0.523578
0.523342
0.523095
0.522832
0.522546
0.522235
0.521899
0.521539
0.52116
0.520769
0.520371
0.519974
0.519583
0.519203
0.518833
0.518476
0.51813
0.517793
0.517462
0.517136
0.516814
0.516496
0.516186
0.515886
0.515601
0.515338
0.515104
0.514905
0.514747
0.514637
0.514579
0.514577
0.514634
0.514752
0.514934
0.51518
0.515489
0.51586
0.516289
0.51677
0.517294
0.517853
0.518434
0.519026
0.519616
0.520195
0.520754
0.521285
0.521784
0.52225
0.522684
0.523091
0.523475
0.523844
0.524202
0.524555
0.524906
0.525254
0.525595
0.52592
0.52622
0.52648
0.526687
0.526825
0.526883
0.526851
0.526726
0.526505
0.526193
0.525799
0.525334
0.524814
0.524256
0.523677
0.523095
0.522525
0.521982
0.521476
0.521015
0.520604
0.520243
0.519932
0.519667
0.519445
0.51926
0.519108
0.518982
0.518878
0.518791
0.518718
0.518654
0.518598
0.518548
0.518505
0.518471
0.51845
0.518448
0.518473
0.518532
0.518633
0.51878
0.518977
0.519222
0.519511
0.519836
0.520184
0.520542
0.520895
0.521228
0.521528
0.521784
0.52199
0.522143
0.522242
0.522291
0.522296
0.522264
0.522202
0.522116
0.522013
0.521895
0.521764
0.521622
0.521468
0.521306
0.521138
0.52097
0.52081
0.520667
0.520554
0.520482
0.52046
0.520497
0.520597
0.520761
0.520985
0.521266
0.521595
0.521964
0.522368
0.522801
0.523258
0.523737
0.524234
0.524746
0.525271
0.525802
0.526335
0.526862
0.527377
0.527873
0.528344
0.528784
0.529189
0.529556
0.529882
0.530164
0.530402
0.530593
0.530737
0.530833
0.530881
0.530881
0.530838
0.530757
0.530649
0.530526
0.530406
0.530309
0.530255
0.530261
0.530341
0.530501
0.530737
0.531039
0.531386
0.531755
0.532122
0.532464
0.532759
0.532993
0.533155
0.533236
0.533236
0.533154
0.532995
0.532764
0.53247
0.532123
0.531734
0.531315
0.53088
0.530441
0.530012
0.529605
0.52923
0.528897
0.528613
0.528383
0.528208
0.52809
0.528027
0.528016
0.528054
0.528137
0.528261
0.528423
0.528618
0.528844
0.529097
0.529373
0.529667
0.529974
0.530287
0.530599
0.530903
0.531192
0.531458
0.531695
0.531895
0.532053
0.532165
0.532226
0.532233
0.532185
0.532085
0.531938
0.531757
0.531563
0.531385
0.531259
0.531229
0.53134
0.531636
0.532149
0.532899
0.533885
0.535087
0.536467
0.537973
0.539543
0.541116
0.542633
0.544043
0.545306
0.546393
0.547285
0.547974
0.548458
0.548742
0.548834
0.548747
0.548495
0.548095
0.547563
0.54692
0.546184
0.545378
0.544525
0.543646
0.542764
0.5419
0.541073
0.540297
0.53958
0.538928
0.538337
0.5378
0.537304
0.536833
0.536369
0.535896
0.535397
0.534863
0.534287
0.533668
0.533011
0.532326
0.531627
0.530928
0.530246
0.529595
0.52899
0.528439
0.52795
0.527527
0.527173
0.526887
0.526671
0.526523
0.526441
0.526423
0.526464
0.526559
0.526704
0.526893
0.527123
0.527387
0.527683
0.528007
0.528355
0.528723
0.529106
0.529498
0.529894
0.530287
0.530669
0.531034
0.531377
0.531691
0.531972
0.532217
0.532424
0.532592
0.532723
0.532818
0.532878
0.532907
0.532905
0.532877
0.532823
0.532745
0.532646
0.532527
0.532389
0.532235
0.532066
0.531886
0.531695
0.531496
0.531291
0.531081
0.530868
0.53065
0.530428
0.530199
0.529961
0.529712
0.52945
0.529175
0.528889
0.528595
0.528298
0.528008
0.527736
0.527494
0.527296
0.527155
0.527085
0.527094
0.527188
0.527369
0.527633
0.527974
0.528381
0.528841
0.529343
0.529875
0.530429
0.530999
0.531582
0.532177
0.532787
0.533413
0.534054
0.534708
0.53537
0.536032
0.536684
0.537314
0.537908
0.538454
0.538942
0.539362
0.539707
0.539974
0.540162
0.540272
0.540311
0.540285
0.540206
0.540086
0.539937
0.539775
0.539613
0.539461
0.539329
0.539222
0.539142
0.539086
0.539049
0.539024
0.539
0.538968
0.538919
0.538848
0.53875
0.538626
0.53848
0.538317
0.538149
0.537984
0.537836
0.537713
0.537623
0.537573
0.537562
0.53759
0.537649
0.537732
0.537827
0.537921
0.538002
0.538056
0.538075
0.538051
0.537982
0.537873
0.537734
0.537581
0.537433
0.53731
0.537229
0.537201
0.537229
0.537306
0.537421
0.537557
0.537697
0.537827
0.537934
0.538016
0.538074
0.538112
0.538142
0.538174
0.538221
0.538294
0.538399
0.538541
0.538717
0.538921
0.539144
0.539373
0.539594
0.539792
0.539956
0.540073
0.540136
0.540141
0.540084
0.539967
0.539793
0.539564
0.539288
0.53897
0.538615
0.53823
0.53782
0.537389
0.53694
0.536474
0.535993
0.535496
0.534982
0.534449
0.533896
0.53332
0.53272
0.532096
0.531445
0.530771
0.530072
0.529354
0.528618
0.527869
0.527112
0.526353
0.525598
0.524854
0.524129
0.523431
0.522767
0.522149
0.521584
0.521085
0.520663
0.52033
0.5201
0.519984
0.519992
0.520132
0.520406
0.520809
0.521333
0.521961
0.522673
0.523445
0.524251
0.525065
0.525863
0.526626
0.527336
0.527981
0.528553
0.529047
0.529466
0.529812
0.530095
0.530323
0.53051
0.53067
0.530815
0.53096
0.531117
0.531294
0.531501
0.531741
0.532016
0.532327
0.53267
0.533042
0.533437
0.533846
0.534262
0.534672
0.535066
0.53543
0.53575
0.536011
0.5362
0.536302
0.536308
0.536207
0.535994
0.535668
0.535231
0.534692
0.534065
0.533371
0.532635
0.531889
0.531166
0.530501
0.529929
0.529476
0.529162
0.528999
0.528984
0.529104
0.529338
0.529657
0.530028
0.53042
0.530804
0.531154
0.531454
0.531692
0.531863
0.531969
0.532015
0.53201
0.531965
0.531892
0.531803
0.531708
0.531619
0.531542
0.531485
0.531452
0.531446
0.531467
0.531517
0.531593
0.531692
0.531812
0.53195
0.532101
0.532264
0.532436
0.532616
0.532803
0.532997
0.533198
0.533404
0.533614
0.533826
0.534033
0.53423
0.534407
0.534556
0.534665
0.534726
0.534727
0.534663
0.534527
0.534317
0.534033
0.533679
0.533261
0.532789
0.532273
0.531728
0.53117
0.530613
0.530077
0.529578
0.529132
0.528756
0.528461
0.528259
0.528155
0.528152
0.528248
0.528437
0.52871
0.529056
0.529464
0.529921
0.530418
0.530945
0.531492
0.532052
0.532618
0.53318
0.533731
0.53426
0.534755
0.535206
0.535601
0.535929
0.536184
0.53636
0.536456
0.536479
0.536438
0.536348
0.536229
0.536106
0.536002
0.535942
0.535944
0.536022
0.536179
0.536412
0.536708
0.537048
0.537409
0.537767
0.5381
0.538388
0.538617
0.53878
0.538873
0.5389
0.538867
0.538787
0.53867
0.53853
0.538381
0.53823
0.538087
0.537955
0.537834
0.537723
0.537617
0.537514
0.537411
0.53731
0.537217
0.537143
0.537106
0.537126
0.537228
0.537431
0.537753
0.5382
0.538766
0.539437
0.540185
0.540976
0.54177
0.542527
0.543212
0.543793
0.544243
0.544546
0.544689
0.544667
0.544483
0.544143
0.543657
0.54304
0.542308
0.54148
0.540573
0.539605
0.53859
0.537545
0.536479
0.535404
0.53433
0.533263
0.532212
0.531184
0.530186
0.529223
0.528296
0.527405
0.526548
0.525716
0.5249
0.52409
0.523275
0.522447
0.521602
0.520741
0.519871
0.519007
0.518168
0.517379
0.516669
0.516069
0.515607
0.515309
0.515197
0.515284
0.515576
0.516068
0.51675
0.517601
0.518596
0.519705
0.520895
0.522136
0.523396
0.524648
0.525869
0.527039
0.528143
0.52917
0.530113
0.530969
0.531737
0.53242
0.533022
0.533552
0.534016
0.534424
0.534786
0.535112
0.535408
0.535683
0.535944
0.536194
0.536439
0.53668
0.536919
0.537155
0.537388
0.537614
0.537829
0.538027
0.5382
0.538341
0.53844
0.538488
0.538478
0.538402
0.538254
0.53803
0.537724
0.537336
0.536863
0.536303
0.535657
0.534924
0.534107
0.53321
0.532241
0.53121
0.530133
0.529029
0.527922
0.526839
0.52581
0.524863
0.524025
0.52332
0.522765
0.522368
0.522129
0.522043
0.522092
0.522256
0.522511
0.522828
0.523181
0.523543
0.523891
0.524202
0.524457
0.524641
0.52474
0.524743
0.524645
0.52444
0.52413
0.523721
0.523223
0.522653
0.522034
0.521397
0.520775
0.520207
0.51973
0.51938
0.519181
0.519149
0.519285
0.519577
0.520004
0.520536
0.521143
0.521794
0.522465
0.523136
0.523792
0.524424
0.525027
0.525596
0.526128
0.526619
0.527065
0.52746
0.527798
0.528073
0.528279
0.52841
0.528462
0.528433
0.528319
0.528119
0.527834
0.527464
0.527011
0.526479
0.525875
0.525212
0.524503
0.523769
0.523034
0.522321
0.521655
0.521055
0.520534
0.520098
0.519741
0.519454
0.519218
0.519015
0.518825
0.518628
0.518411
0.518163
0.517877
0.517551
0.517187
0.516788
0.516363
0.515922
0.51548
0.515052
0.514655
0.514307
0.514024
0.51382
0.513704
0.513682
0.513752
0.513911
0.51415
0.514458
0.514822
0.515228
0.515662
0.516111
0.516563
0.517005
0.517429
0.517826
0.51819
0.518515
0.518799
0.519041
0.519244
0.519412
0.519551
0.519673
0.51979
0.519917
0.52007
0.520265
0.520515
0.520834
0.521229
0.521707
0.522266
0.522904
0.523611
0.524376
0.525184
0.526018
0.526858
0.527687
0.528485
0.529235
0.52992
0.530527
0.531043
0.531459
0.531767
0.531963
0.532043
0.532009
0.531861
0.531605
0.531246
0.530794
0.530261
0.529657
0.529
0.528305
0.527591
0.526875
0.526175
0.525508
0.524888
0.524329
0.523837
0.52342
0.523079
0.522814
0.522622
0.522499
0.522439
0.522435
0.522479
0.522565
0.522686
0.522834
0.523005
0.523194
0.523401
0.523624
0.523863
0.524118
0.524389
0.524677
0.524981
0.5253
0.52563
0.52597
0.526315
0.52666
0.527001
0.527331
0.527643
0.527931
0.528187
0.528403
0.528571
0.528683
0.528732
0.528713
0.528619
0.528445
0.528191
0.527853
0.527432
0.526931
0.526352
0.525701
0.524988
0.524224
0.523425
0.522611
0.521805
0.521034
0.520326
0.519708
0.519202
0.518824
0.51858
0.518468
0.518475
0.518585
0.518775
0.519025
0.519317
0.519639
0.519983
0.52035
0.52074
0.521159
0.521614
0.522107
0.52264
0.523211
0.523815
0.524443
0.525085
0.52573
0.526367
0.526984
0.527573
0.528123
0.528628
0.52908
0.529473
0.529802
0.530065
0.530259
0.530387
0.530455
0.530471
0.530449
0.530405
0.530357
0.530324
0.530323
0.530367
0.530465
0.530616
0.530815
0.53105
0.531304
0.531557
0.531787
0.531976
0.532104
0.532159
0.532128
0.532007
0.53179
0.53148
0.53108
0.530596
0.530037
0.529412
0.528733
0.528014
0.527267
0.526506
0.525747
0.525004
0.524291
0.523624
0.523016
0.522481
0.52203
0.521672
0.521416
0.521265
0.52122
0.521278
0.521431
0.521669
0.521977
0.522339
0.522736
0.523149
0.523558
0.523947
0.524299
0.524601
0.524846
0.525025
0.525138
0.525184
0.525169
0.525098
0.524982
0.52483
0.524655
0.524465
0.52427
0.524077
0.523888
0.523706
0.52353
0.523357
0.523186
0.523016
0.522845
0.522676
0.522513
0.522365
0.522241
0.522154
0.522116
0.52214
0.522235
0.522405
0.522648
0.522957
0.523314
0.523702
0.524096
0.524471
0.524806
0.525082
0.525283
0.525401
0.525433
0.525381
0.525248
0.525042
0.52477
0.524439
0.524054
0.523618
0.52313
0.522591
0.521997
0.521349
0.520649
0.519904
0.519127
0.518337
0.517555
0.516808
0.516123
0.515522
0.515028
0.514656
0.514414
0.514308
0.514337
0.514494
0.514771
0.515154
0.515629
0.516176
0.516774
0.517401
0.518035
0.518652
0.519233
0.519762
0.520227
0.520621
0.520942
0.521193
0.521384
0.521524
0.521628
0.521711
0.521789
0.521875
0.52198
0.522114
0.522282
0.522486
0.522723
0.522991
0.523281
0.523586
0.523896
0.5242
0.52449
0.524755
0.524988
0.525183
0.525333
0.525434
0.525484
0.525482
0.525429
0.525329
0.525187
0.525014
0.52482
0.524621
0.524432
0.524272
0.524155
0.524097
0.524105
0.524184
0.524332
0.524539
0.524792
0.525073
0.525363
0.525644
0.525899
0.526117
0.526292
0.526421
0.526507
0.526557
0.52658
0.526587
0.526588
0.526593
0.526612
0.526653
0.526722
0.526827
0.526971
0.527157
0.527389
0.527665
0.527984
0.528342
0.528732
0.529147
0.529577
0.530012
0.53044
0.530852
0.531236
0.531586
0.531893
0.532153
0.532364
0.532527
0.532644
0.532722
0.532771
0.532803
0.532831
0.53287
0.532936
0.533043
0.533202
0.533423
0.53371
0.534065
0.534483
0.534957
0.535475
0.536021
0.536578
0.537128
0.53765
0.538125
0.538535
0.538863
0.539093
0.539215
0.53922
0.539103
0.538863
0.538501
0.538023
0.537438
0.536756
0.535991
0.535156
0.534264
0.533329
0.532366
0.531386
0.530401
0.529423
0.528462
0.527528
0.526632
0.525784
0.524995
0.524273
0.52363
0.523075
0.522616
0.522262
0.522019
0.52189
0.521878
0.521981
0.522193
0.522508
0.522913
0.523396
0.523941
0.524533
0.525156
0.525795
0.526437
0.527072
0.52769
0.528287
0.52886
0.529408
0.529934
0.530441
0.530935
0.531423
0.531908
0.532397
0.53289
0.533388
0.533887
0.534381
0.534858
0.535306
0.535712
0.536061
0.536339
0.536533
0.536634
0.536636
0.536534
0.536329
0.536025
0.535627
0.535143
0.534583
0.533957
0.533274
0.532544
0.531774
0.53097
0.530135
0.529272
0.528381
0.527459
0.526507
0.525524
0.524512
0.523477
0.522428
0.521378
0.520346
0.519352
0.518419
0.517566
0.516813
0.516173
0.515657
0.515269
0.515012
0.514886
0.514889
0.515017
0.515267
0.51563
0.516099
0.516658
0.517289
0.517971
0.518679
0.519385
0.520062
0.52068
0.521213
0.521636
0.52193
0.522082
0.522084
0.521938
0.521654
0.521249
0.520748
0.520179
0.519575
0.518967
0.518384
0.51785
0.517382
0.516989
0.516672
0.516428
0.516245
0.51611
0.516005
0.515917
0.515828
0.515728
0.515608
0.515466
0.515301
0.515121
0.514936
0.514759
0.514605
0.514491
0.514432
0.514441
0.514526
0.514689
0.514931
0.515242
0.515612
0.516025
0.516467
0.516919
0.517366
0.517797
0.518199
0.518564
0.518888
0.519167
0.519401
0.519587
0.51973
0.519829
0.519889
0.519913
0.519905
0.51987
0.519813
0.519739
0.519656
0.519571
0.51949
0.519422
0.519374
0.519354
0.519369
0.519426
0.519529
0.519681
0.519886
0.520142
0.520449
0.520802
0.521195
0.521623
0.522076
0.522544
0.523017
0.523483
0.523931
0.52435
0.524729
0.525058
0.525328
0.525532
0.525667
0.525732
0.525728
0.525661
0.525539
0.525376
0.525186
0.524985
0.52479
0.524618
0.524484
0.5244
0.524373
0.52441
0.52451
0.524674
0.524895
0.525168
0.525484
0.525831
0.5262
0.526575
0.526941
0.527284
0.527585
0.527827
0.527996
0.528077
0.52806
0.52794
0.527715
0.52739
0.526975
0.526485
0.52594
0.52536
0.524766
0.524182
0.523624
0.523109
0.522648
0.522246
0.521904
0.521622
0.521394
0.521215
0.521077
0.520978
0.520914
0.520886
0.520896
0.520952
0.521061
0.521233
0.521478
0.521806
0.522222
0.522729
0.523324
0.524001
0.524747
0.525544
0.526371
0.527208
0.52803
0.528818
0.529554
0.530222
0.530813
0.531321
0.531746
0.532091
0.532361
0.532566
0.532715
0.532818
0.532885
0.532925
0.532945
0.532951
0.532947
0.532937
0.532921
0.532904
0.532887
0.532872
0.532863
0.53286
0.532866
0.532881
0.532902
0.532926
0.532949
0.532966
0.532971
0.532962
0.532936
0.532891
0.532829
0.532751
0.532658
0.532555
0.532443
0.532325
0.532201
0.532074
0.531942
0.531807
0.531669
0.531527
0.531383
0.531237
0.531091
0.530946
0.530801
0.530656
0.530507
0.53035
0.530179
0.529986
0.529762
0.529501
0.529197
0.528847
0.528452
0.528014
0.527541
0.527043
0.526533
0.526023
0.525529
0.525062
0.524634
0.524255
0.523929
0.523662
0.523453
0.523303
0.523209
0.523168
0.523176
0.523232
0.523331
0.52347
0.523649
0.523863
0.524112
0.524393
0.524701
0.525034
0.525384
0.525745
0.526106
0.526456
0.526785
0.527079
0.527327
0.527518
0.527644
0.527695
0.527668
0.527556
0.527359
0.527075
0.526705
0.526251
0.525719
0.525117
0.524454
0.523747
0.523012
0.522268
0.521535
0.520832
0.520176
0.519582
0.519062
0.518623
0.518273
0.518015
0.517852
0.517788
0.517822
0.517954
0.518181
0.518498
0.518895
0.51936
0.519879
0.520431
0.520999
0.521559
0.522091
0.52257
0.522977
0.523292
0.523497
0.523577
0.523523
0.523326
0.522987
0.522506
0.521893
0.521159
0.520322
0.519406
0.518434
0.517437
0.516445
0.515489
0.5146
0.513804
0.513127
0.512589
0.512204
0.511982
0.511929
0.512043
0.512321
0.512754
0.51333
0.514034
0.514852
0.515766
0.516761
0.51782
0.518928
0.520072
0.521239
0.522414
0.523586
0.524741
0.525867
0.52695
0.527979
0.528941
0.529827
0.530629
0.531344
0.531968
0.532502
0.532948
0.533311
0.533593
0.533798
0.53393
0.53399
0.533977
0.533889
0.533723
0.533475
0.533144
0.53273
0.532236
0.531669
0.531039
0.530358
0.529642
0.528901
0.528147
0.527384
0.526614
0.525835
0.52504
0.524221
0.52337
0.52248
0.521544
0.52056
0.519529
0.518455
0.517348
0.516223
0.515099
0.514002
0.512958
0.511999
0.511151
0.510443
0.509893
0.509517
0.509322
0.509306
0.509462
0.50978
0.510243
0.510835
0.51154
0.512344
0.513233
0.514199
0.515235
0.516337
0.5175
0.518723
0.520003
0.521334
0.522711
0.524122
0.525555
0.526995
0.528425
0.529826
0.531181
0.532471
0.53368
0.534795
0.535807
0.536708
0.537496
0.538172
0.538742
0.539215
0.539605
0.539929
0.540204
0.540449
0.540684
0.540924
0.541184
0.541474
0.541796
0.542153
0.542538
0.542944
0.543361
0.543774
0.544172
0.544542
0.544872
0.545152
0.545375
0.545533
0.545623
0.545642
0.545588
0.545462
0.545263
0.544995
0.544658
0.544257
0.543795
0.543275
0.542704
0.542085
0.541425
0.54073
0.540006
0.539262
0.538505
0.537745
0.536992
0.536257
0.53555
0.534884
0.53427
0.533717
0.533235
0.532833
0.532515
0.532286
0.532147
0.532097
0.53213
0.532239
0.532411
0.532633
0.532886
0.53315
0.533403
0.533623
0.533789
0.533882
0.533888
0.533795
0.533598
0.533295
0.532893
0.5324
0.531831
0.531203
0.530534
0.529845
0.529151
0.528469
0.527809
0.527181
0.526588
0.526031
0.525509
0.525018
0.524552
0.524106
0.523673
0.523246
0.52282
0.522391
0.521955
0.521511
0.521061
0.520607
0.520158
0.519721
0.519309
0.518934
0.51861
0.51835
0.518166
0.518066
0.518056
0.518138
0.518309
0.518564
0.518895
0.519291
0.519743
0.520241
0.520776
0.521341
0.521933
0.522549
0.52319
0.523856
0.524547
0.525264
0.526005
0.526763
0.527532
0.528301
0.529056
0.529784
0.53047
0.531103
0.531672
0.532173
0.532604
0.532967
0.533269
0.533521
0.533734
0.533919
0.534086
0.534242
0.534389
0.534529
0.534658
0.534772
0.534865
0.534933
0.534971
0.534979
0.534957
0.534908
0.534837
0.534754
0.534671
0.534602
0.534564
0.534578
