0.0409027
0.0409065
0.0409174
0.0409355
0.0409606
0.0409928
0.0410319
0.041078
0.0411311
0.0411911
0.0412578
0.0413312
0.0414107
0.0414963
0.0415877
0.0416847
0.0417871
0.0418947
0.0420073
0.0421247
0.0422466
0.0423725
0.0425024
0.0426363
0.0427737
0.0429142
0.0430577
0.0432038
0.0433523
0.0435029
0.0436555
0.0438099
0.0439657
0.0441225
0.0442802
0.0444387
0.0445974
0.0447563
0.0449151
0.0450737
0.0452318
0.0453891
0.0455456
0.0457011
0.0458553
0.046008
0.0461592
0.0463085
0.046456
0.0466015
0.0467447
0.0468857
0.0470245
0.0471606
0.0472942
0.0474249
0.047553
0.0476784
0.0478007
0.0479202
0.0480368
0.0481502
0.0482606
0.0483681
0.0484727
0.0485743
0.0486731
0.0487695
0.0488632
0.0489545
0.0490437
0.0491307
0.0492158
0.0492995
0.0493817
0.0494629
0.0495434
0.0496232
0.0497029
0.0497827
0.0498628
0.0499434
0.0500249
0.0501073
0.050191
0.0502759
0.0503622
0.0504498
0.050539
0.0506294
0.0507212
0.0508141
0.0509079
0.0510024
0.0510975
0.0511928
0.051288
0.051383
0.0514771
0.0515703
0.0516621
0.0517521
0.0518401
0.0519256
0.0520086
0.0520887
0.0521656
0.0522394
0.0523097
0.0523766
0.0524398
0.0524993
0.0525552
0.0526074
0.0526561
0.0527012
0.052743
0.0527816
0.0528169
0.0528492
0.0528785
0.0529053
0.0529293
0.0529511
0.0529706
0.0529881
0.0530037
0.0530175
0.0530297
0.0530403
0.0530495
0.0530574
0.0530644
0.0530703
0.053075
0.0530789
0.053082
0.0530841
0.0530856
0.0530863
0.0530863
0.0530857
0.0530848
0.053083
0.0530807
0.0530778
0.0530746
0.0530709
0.0530667
0.0530621
0.0530573
0.0530522
0.0530469
0.0530414
0.0530359
0.0530302
0.0530246
0.053019
0.0530136
0.0530084
0.0530034
0.0529989
0.0529946
0.0529908
0.0529875
0.0529849
0.0529825
0.0529808
0.0529798
0.0529795
0.0529799
0.052981
0.0529827
0.0529853
0.0529885
0.0529924
0.0529968
0.0530019
0.0530076
0.0530138
0.0530204
0.0530276
0.0530351
0.053043
0.0530509
0.0530592
0.0530675
0.0530762
0.0530848
0.0530935
0.0531024
0.0531113
0.0531202
0.0531294
0.0531383
0.0531474
0.0531565
0.0531656
0.0531749
0.0531841
0.0531936
0.0532031
0.0532128
0.0532224
0.0532321
0.0532419
0.053252
0.0532622
0.0532724
0.0532828
0.0532934
0.0533041
0.0533152
0.0533267
0.0533383
0.0533502
0.0533624
0.0533751
0.0533883
0.0534021
0.0534165
0.0534314
0.053447
0.0534633
0.0534803
0.0534979
0.0535162
0.0535351
0.0535544
0.0535742
0.0535945
0.0536149
0.0536357
0.0536564
0.0536772
0.0536979
0.0537182
0.0537382
0.0537577
0.0537767
0.0537953
0.053813
0.05383
0.0538461
0.0538614
0.0538758
0.0538893
0.0539019
0.0539137
0.0539247
0.053935
0.0539445
0.0539533
0.0539616
0.0539691
0.0539764
0.0539833
0.0539899
0.0539965
0.0540028
0.0540092
0.0540154
0.0540217
0.0540283
0.0540348
0.0540417
0.0540487
0.0540559
0.0540634
0.054071
0.0540788
0.0540867
0.0540947
0.0541027
0.0541107
0.0541188
0.0541267
0.0541344
0.0541419
0.0541493
0.0541562
0.0541628
0.054169
0.0541747
0.0541799
0.0541848
0.0541889
0.0541925
0.0541954
0.0541977
0.0541994
0.0542004
0.0542007
0.0542005
0.0541994
0.0541978
0.0541958
0.0541931
0.0541898
0.0541861
0.0541818
0.0541772
0.0541723
0.0541669
0.0541614
0.0541558
0.0541501
0.0541445
0.0541392
0.0541342
0.0541295
0.0541255
0.054122
0.0541192
0.0541172
0.054116
0.0541159
0.0541169
0.0541189
0.0541222
0.0541266
0.0541324
0.0541397
0.0541481
0.0541579
0.0541688
0.0541811
0.0541945
0.054209
0.0542244
0.0542409
0.054258
0.0542759
0.0542943
0.0543135
0.0543331
0.0543529
0.0543732
0.0543934
0.0544138
0.0544344
0.0544548
0.0544753
0.0544957
0.0545159
0.0545361
0.0545563
0.0545763
0.0545961
0.0546159
0.0546355
0.0546551
0.0546745
0.0546939
0.0547132
0.0547324
0.0547514
0.0547701
0.0547889
0.0548074
0.0548255
0.0548434
0.0548609
0.054878
0.0548948
0.054911
0.0549267
0.0549418
0.0549562
0.0549698
0.0549826
0.0549949
0.0550061
0.0550165
0.0550261
0.0550349
0.0550428
0.0550498
0.055056
0.0550611
0.0550653
0.0550689
0.0550716
0.0550734
0.0550744
0.0550743
0.0550734
0.0550714
0.0550687
0.0550649
0.0550601
0.0550541
0.0550474
0.0550394
0.0550304
0.0550202
0.0550089
0.0549963
0.0549824
0.0549674
0.0549513
0.0549339
0.0549155
0.0548959
0.0548751
0.0548534
0.0548309
0.0548077
0.0547837
0.0547592
0.0547344
0.0547091
0.0546839
0.0546588
0.0546338
0.0546093
0.0545852
0.0545619
0.0545396
0.0545183
0.0544983
0.0544797
0.0544624
0.054447
0.0544333
0.0544214
0.0544116
0.0544036
0.0543977
0.0543938
0.0543917
0.0543915
0.0543931
0.0543964
0.0544011
0.0544071
0.0544142
0.0544221
0.0544308
0.0544398
0.0544492
0.0544586
0.0544676
0.0544761
0.054484
0.0544911
0.0544973
0.0545023
0.0545061
0.0545088
0.0545101
0.05451
0.0545088
0.0545062
0.0545025
0.0544974
0.0544915
0.0544843
0.0544761
0.0544674
0.0544577
0.0544471
0.0544362
0.0544248
0.0544129
0.0544007
0.0543882
0.0543753
0.0543624
0.0543493
0.0543361
0.0543229
0.0543095
0.0542962
0.0542829
0.0542694
0.0542557
0.0542421
0.0542285
0.0542148
0.0542009
0.0541871
0.0541731
0.054159
0.0541448
0.0541304
0.0541161
0.0541017
0.0540872
0.0540727
0.0540581
0.0540436
0.0540294
0.0540152
0.0540012
0.0539874
0.0539738
0.0539604
0.0539476
0.053935
0.053923
0.0539116
0.0539006
0.0538903
0.0538808
0.0538716
0.0538632
0.0538555
0.0538484
0.0538419
0.053836
0.0538306
0.053826
0.0538216
0.0538178
0.0538143
0.0538113
0.0538084
0.0538062
0.0538039
0.053802
0.0538002
0.0537986
0.0537973
0.0537961
0.0537953
0.0537947
0.0537944
0.0537944
0.0537948
0.0537957
0.053797
0.0537989
0.0538014
0.0538045
0.0538083
0.0538126
0.0538176
0.0538233
0.0538297
0.0538367
0.0538446
0.0538531
0.0538622
0.0538718
0.053882
0.0538926
0.0539036
0.0539147
0.0539261
0.0539374
0.0539487
0.0539598
0.0539706
0.0539808
0.0539907
0.054
0.0540086
0.0540164
0.0540234
0.0540292
0.0540341
0.0540377
0.05404
0.0540412
0.0540409
0.0540394
0.0540365
0.0540321
0.0540263
0.0540192
0.0540106
0.0540007
0.0539894
0.0539766
0.0539626
0.0539472
0.0539309
0.0539134
0.0538949
0.0538756
0.0538553
0.0538344
0.0538128
0.0537908
0.0537683
0.0537456
0.0537227
0.0536999
0.0536771
0.0536543
0.0536318
0.0536093
0.0535874
0.0535657
0.0535445
0.0535237
0.053503
0.0534829
0.0534628
0.0534431
0.0534239
0.053405
0.0533863
0.053368
0.0533499
0.0533318
0.053314
0.0532966
0.0532795
0.0532627
0.0532462
0.0532303
0.0532147
0.0531998
0.0531854
0.0531719
0.0531591
0.0531471
0.053136
0.0531257
0.0531168
0.0531087
0.0531018
0.053096
0.0530913
0.0530878
0.0530851
0.0530834
0.0530827
0.0530827
0.0530836
0.0530851
0.0530872
0.0530897
0.0530926
0.0530957
0.053099
0.0531024
0.0531057
0.053109
0.0531122
0.0531152
0.0531182
0.0531209
0.0531235
0.053126
0.0531286
0.0531312
0.0531339
0.0531371
0.0531407
0.0531447
0.0531493
0.0531548
0.0531611
0.0531685
0.0531772
0.0531871
0.0531985
0.053211
0.0532252
0.0532406
0.0532575
0.0532758
0.0532955
0.0533163
0.0533381
0.0533611
0.0533848
0.0534092
0.0534342
0.0534596
0.0534851
0.0535108
0.0535364
0.0535617
0.0535868
0.0536114
0.0536357
0.0536592
0.0536821
0.0537044
0.053726
0.0537466
0.0537665
0.0537855
0.053804
0.0538216
0.0538386
0.0538551
0.053871
0.0538863
0.0539012
0.0539156
0.0539298
0.0539437
0.0539575
0.0539713
0.0539852
0.0539991
0.0540135
0.0540283
0.0540436
0.0540595
0.0540759
0.0540929
0.0541107
0.054129
0.054148
0.0541676
0.0541879
0.0542086
0.0542298
0.0542511
0.0542727
0.0542942
0.0543156
0.0543368
0.0543574
0.0543774
0.0543967
0.0544151
0.0544326
0.054449
0.0544645
0.0544788
0.0544922
0.0545045
0.0545157
0.054526
0.0545354
0.0545442
0.0545522
0.0545599
0.0545671
0.0545739
0.0545806
0.0545874
0.054594
0.0546009
0.0546079
0.054615
0.0546223
0.0546299
0.0546378
0.0546459
0.0546542
0.0546628
0.0546712
0.0546798
0.0546882
0.0546965
0.0547047
0.0547126
0.0547204
0.0547279
0.054735
0.0547417
0.0547479
0.0547539
0.0547593
0.0547645
0.0547694
0.0547741
0.0547785
0.0547829
0.0547871
0.0547914
0.0547959
0.0548007
0.0548057
0.0548112
0.0548171
0.0548234
0.0548303
0.0548379
0.0548462
0.054855
0.0548644
0.0548742
0.0548845
0.0548952
0.0549061
0.0549172
0.0549281
0.054939
0.0549497
0.0549601
0.0549698
0.0549788
0.0549871
0.0549944
0.0550006
0.0550056
0.0550096
0.0550123
0.0550138
0.0550137
0.0550123
0.0550096
0.0550057
0.0550005
0.0549939
0.0549862
0.0549772
0.0549672
0.0549561
0.054944
0.0549311
0.0549174
0.0549029
0.0548876
0.0548719
0.0548557
0.0548392
0.0548221
0.0548049
0.0547873
0.0547696
0.0547516
0.0547335
0.0547155
0.0546975
0.0546796
0.0546619
0.0546443
0.054627
0.05461
0.0545934
0.0545772
0.0545615
0.054546
0.0545313
0.054517
0.0545033
0.0544901
0.0544779
0.0544663
0.0544556
0.0544454
0.0544362
0.0544279
0.0544205
0.0544138
0.0544081
0.0544033
0.0543994
0.0543965
0.0543944
0.0543932
0.0543929
0.0543935
0.0543948
0.0543971
0.0544001
0.0544041
0.0544087
0.0544143
0.0544208
0.0544281
0.0544363
0.0544454
0.0544554
0.0544667
0.0544791
0.0544925
0.0545072
0.0545232
0.0545406
0.0545595
0.0545796
0.0546011
0.0546241
0.0546486
0.0546744
0.0547016
0.05473
0.0547596
0.0547903
0.0548219
0.0548543
0.0548871
0.0549204
0.054954
0.054988
0.0550216
0.055055
0.0550879
0.0551202
0.0551518
0.0551826
0.0552124
0.055241
0.0552683
0.0552944
0.0553191
0.0553426
0.0553645
0.0553852
0.0554046
0.055423
0.0554399
0.0554558
0.0554706
0.0554847
0.0554977
0.0555099
0.0555212
0.055532
0.0555422
0.055552
0.0555613
0.0555702
0.0555792
0.0555879
0.0555964
0.0556049
0.0556133
0.0556216
0.0556299
0.0556383
0.0556465
0.055655
0.0556637
0.0556724
0.0556813
0.0556904
0.0556996
0.055709
0.0557187
0.0557285
0.0557385
0.0557488
0.0557593
0.0557703
0.0557815
0.055793
0.0558047
0.0558167
0.0558289
0.0558415
0.055854
0.0558668
0.0558798
0.0558929
0.0559061
0.0559191
0.0559322
0.0559449
0.0559574
0.0559698
0.0559817
0.0559932
0.0560041
0.0560145
0.0560242
0.0560332
0.0560415
0.0560486
0.0560549
0.05606
0.056064
0.0560669
0.0560686
0.0560693
0.0560686
0.0560666
0.0560632
0.0560585
0.0560524
0.056045
0.0560365
0.0560265
0.0560154
0.0560029
0.0559892
0.0559745
0.0559588
0.055942
0.0559244
0.0559058
0.0558862
0.0558661
0.0558453
0.0558238
0.0558018
0.0557794
0.0557568
0.0557339
0.0557108
0.0556878
0.0556648
0.0556421
0.0556197
0.0555977
0.0555761
0.055555
0.0555347
0.0555152
0.0554965
0.0554789
0.0554624
0.055447
0.0554328
0.0554197
0.0554081
0.0553977
0.0553885
0.0553807
0.0553741
0.0553689
0.0553648
0.0553619
0.0553604
0.0553597
0.0553601
0.0553615
0.0553639
0.0553669
0.0553707
0.0553751
0.0553801
0.0553858
0.0553918
0.0553983
0.0554052
0.0554124
0.0554199
0.0554276
0.0554357
0.0554439
0.0554523
0.0554611
0.0554698
0.0554787
0.055488
0.0554977
0.0555075
0.0555176
0.0555281
0.0555391
0.0555506
0.0555627
0.0555753
0.0555887
0.0556028
0.0556178
0.0556336
0.0556504
0.055668
0.0556867
0.0557065
0.0557273
0.0557491
0.0557719
0.0557956
0.0558203
0.0558458
0.0558721
0.0558991
0.0559266
0.0559545
0.0559828
0.0560112
0.0560396
0.0560679
0.0560962
0.0561238
0.056151
0.0561776
0.0562037
0.0562291
0.0562537
0.0562774
0.0563003
0.0563223
0.0563435
0.0563638
0.0563831
0.0564015
0.0564189
0.0564355
0.0564511
0.0564658
0.0564794
0.0564922
0.0565039
0.0565145
0.0565244
0.0565329
0.0565402
0.0565463
0.0565511
0.0565549
0.0565573
0.0565583
0.056558
0.0565564
0.0565536
0.0565495
0.0565441
0.0565374
0.0565294
0.0565203
0.05651
0.0564985
0.056486
0.0564727
0.0564583
0.056443
0.0564268
0.0564098
0.0563919
0.0563733
0.0563541
0.0563341
0.0563136
0.0562924
0.0562706
0.0562484
0.0562257
0.0562023
0.0561785
0.056154
0.056129
0.0561036
0.0560777
0.0560516
0.0560251
0.0559981
0.0559706
0.055943
0.0559152
0.0558869
0.0558583
0.0558293
0.0558
0.0557708
0.0557411
0.0557112
0.0556811
0.0556508
0.0556202
0.0555894
0.0555582
0.0555268
0.0554953
0.0554637
0.0554318
0.0553996
0.0553676
0.0553356
0.0553036
0.0552718
0.0552399
0.0552082
0.0551769
0.0551459
0.055115
0.0550845
0.0550544
0.0550247
0.0549954
0.0549667
0.0549383
0.0549104
0.0548829
0.0548559
0.0548294
0.0548034
0.0547778
0.0547528
0.0547281
0.0547039
0.0546802
0.0546567
0.0546337
0.054611
0.0545887
0.0545667
0.054545
0.0545237
0.0545028
0.0544822
0.0544621
0.0544422
0.0544227
0.0544034
0.0543845
0.0543658
0.0543473
0.0543291
0.0543111
0.0542933
0.0542759
0.0542588
0.054242
0.0542255
0.0542096
0.054194
0.0541789
0.0541643
0.0541503
0.0541369
0.0541241
0.0541119
0.0541004
0.0540898
0.0540798
0.0540706
0.0540622
0.0540542
0.0540469
0.0540403
0.0540342
0.0540287
0.0540237
0.0540191
0.0540148
0.0540108
0.0540071
0.0540038
0.0540004
0.0539974
0.0539944
0.0539917
0.0539891
0.0539869
0.0539846
0.0539826
0.0539808
0.0539793
0.053978
0.053977
0.0539763
0.0539759
0.0539759
0.0539762
0.0539769
0.053978
0.0539794
0.0539809
0.0539829
0.0539852
0.0539877
0.0539904
0.0539933
0.0539966
0.0539999
0.0540033
0.0540068
0.0540104
0.0540139
0.0540175
0.0540212
0.0540251
0.054029
0.0540329
0.054037
0.0540411
0.0540453
0.0540495
0.0540541
0.0540587
0.0540634
0.0540684
0.0540734
0.0540785
0.0540841
0.0540897
0.0540956
0.0541017
0.0541082
0.054115
0.0541222
0.0541296
0.0541375
0.0541456
0.054154
0.0541628
0.054172
0.0541815
0.0541911
0.0542008
0.0542109
0.0542212
0.0542316
0.0542418
0.0542517
0.0542615
0.0542709
0.0542798
0.0542883
0.0542963
0.0543035
0.05431
0.0543157
0.0543207
0.0543248
0.0543282
0.0543305
0.0543322
0.054333
0.0543333
0.0543331
0.0543324
0.0543312
0.0543298
0.0543282
0.0543268
0.0543254
0.0543244
0.0543237
0.0543236
0.0543241
0.0543252
0.0543271
0.05433
0.0543336
0.0543382
0.0543439
0.0543508
0.0543587
0.0543675
0.0543773
0.054388
0.0543994
0.0544116
0.0544243
0.0544376
0.0544513
0.0544652
0.0544789
0.0544926
0.0545058
0.0545186
0.0545307
0.0545419
0.0545524
0.0545617
0.0545698
0.0545767
0.0545823
0.0545867
0.0545896
0.0545912
0.0545914
0.0545903
0.054588
0.0545847
0.0545804
0.054575
0.0545692
0.0545628
0.054556
0.0545487
0.0545413
0.0545339
0.0545266
0.0545197
0.054513
0.0545069
0.0545011
0.0544959
0.0544913
0.0544874
0.0544842
0.0544817
0.0544799
0.0544786
0.0544782
0.0544784
0.0544792
0.0544806
0.0544829
0.0544857
0.0544892
0.0544933
0.0544984
0.0545041
0.0545107
0.0545181
0.0545263
0.0545356
0.0545458
0.0545571
0.0545695
0.0545832
0.0545981
0.0546141
0.0546313
0.0546498
0.0546691
0.0546896
0.0547112
0.0547336
0.0547569
0.0547807
0.0548052
0.0548301
0.0548553
0.0548804
0.0549057
0.0549306
0.0549553
0.0549796
0.0550031
0.055026
0.055048
0.0550693
0.0550897
0.0551088
0.0551271
0.0551442
0.0551602
0.0551753
0.0551894
0.0552027
0.0552151
0.0552268
0.0552379
0.0552486
0.0552589
0.0552692
0.0552794
0.0552896
0.0553002
0.055311
0.0553222
0.0553339
0.0553461
0.0553586
0.0553715
0.0553848
0.0553986
0.0554124
0.0554263
0.0554401
0.0554537
0.0554671
0.0554799
0.055492
0.0555034
0.0555136
0.055523
0.055531
0.0555379
0.0555435
0.0555478
0.0555507
0.0555523
0.0555528
0.0555519
0.05555
0.055547
0.0555432
0.0555385
0.0555333
0.0555277
0.0555216
0.0555152
0.0555086
0.0555022
0.0554956
0.0554891
0.0554828
0.0554765
0.0554705
0.0554644
0.0554586
0.0554527
0.0554468
0.055441
0.0554351
0.055429
0.0554228
0.0554163
0.0554092
0.0554017
0.0553939
0.0553856
0.0553767
0.0553672
0.0553571
0.0553463
0.0553348
0.0553228
0.0553101
0.0552968
0.0552828
0.055268
0.0552525
0.0552363
0.0552194
0.0552019
0.0551835
0.0551645
0.0551446
0.0551242
0.0551031
0.0550813
0.0550588
0.0550357
0.0550119
0.0549875
0.0549627
0.0549374
0.0549117
0.0548857
0.0548592
0.0548325
0.0548056
0.0547789
0.0547521
0.0547254
0.054699
0.0546729
0.0546472
0.0546221
0.0545975
0.0545737
0.0545508
0.054529
0.0545082
0.0544884
0.0544699
0.0544528
0.054437
0.0544227
0.0544099
0.0543987
0.054389
0.0543807
0.054374
0.0543687
0.0543651
0.054363
0.0543622
0.054363
0.0543654
0.0543691
0.0543739
0.0543803
0.054388
0.054397
0.0544073
0.054419
0.054432
0.0544462
0.054462
0.0544792
0.0544977
0.0545174
0.0545387
0.0545611
0.054585
0.0546101
0.0546365
0.0546641
0.0546926
0.0547221
0.0547524
0.0547835
0.0548153
0.0548474
0.0548796
0.0549119
0.0549441
0.0549762
0.0550079
0.0550389
0.0550691
0.0550984
0.0551269
0.0551543
0.0551806
0.0552056
0.0552297
0.0552526
0.0552744
0.0552951
0.0553149
0.055334
0.0553524
0.0553703
0.0553874
0.0554043
0.055421
0.0554377
0.0554544
0.0554713
0.0554884
0.0555059
0.0555239
0.0555421
0.0555609
0.0555804
0.0556002
0.0556205
0.0556415
0.0556629
0.0556846
0.0557067
0.0557291
0.0557517
0.0557748
0.055798
0.0558211
0.0558442
0.0558672
0.0558901
0.0559127
0.0559351
0.0559568
0.0559782
0.0559991
0.0560194
0.0560391
0.0560581
0.0560764
0.0560939
0.0561105
0.0561263
0.056141
0.0561549
0.056168
0.0561801
0.0561911
0.0562012
0.0562101
0.0562182
0.0562255
0.056232
0.0562375
0.0562423
0.0562464
0.05625
0.056253
0.0562556
0.0562577
0.0562595
0.0562611
0.0562624
0.0562637
0.0562648
0.056266
0.0562673
0.0562686
0.0562702
0.0562718
0.0562737
0.0562756
0.0562777
0.05628
0.0562823
0.0562847
0.0562871
0.0562893
0.0562915
0.0562932
0.0562948
0.0562958
0.0562965
0.0562968
0.0562964
0.0562953
0.0562935
0.0562909
0.0562877
0.0562837
0.0562789
0.0562735
0.0562673
0.0562604
0.056253
0.0562449
0.0562364
0.0562273
0.0562178
0.0562078
0.0561976
0.056187
0.0561763
0.0561653
0.0561543
0.0561429
0.0561314
0.0561196
0.0561079
0.0560959
0.056084
0.0560716
0.0560589
0.0560461
0.0560331
0.0560199
0.0560063
0.0559926
0.0559787
0.0559644
0.0559499
0.055935
0.0559199
0.0559048
0.0558892
0.0558734
0.0558574
0.0558413
0.0558249
0.0558086
0.0557919
0.0557751
0.0557582
0.0557413
0.0557242
0.0557069
0.0556893
0.0556714
0.0556534
0.0556349
0.0556158
0.0555963
0.0555761
0.0555553
0.0555337
0.0555112
0.0554876
0.0554629
0.055437
0.0554101
0.0553817
0.0553519
0.0553208
0.0552882
0.0552541
0.0552185
0.0551815
0.055143
0.0551032
0.055062
0.0550194
0.0549756
0.0549306
0.0548844
0.0548372
0.0547889
0.0547398
0.0546899
0.0546393
0.054588
0.0545365
0.0544844
0.054432
0.0543797
0.0543274
0.0542754
0.0542236
0.0541723
0.0541218
0.0540721
0.0540233
0.0539756
0.0539291
0.053884
0.0538403
0.0537983
0.0537577
0.053719
0.053682
0.0536468
0.0536135
0.0535822
0.0535528
0.0535253
0.0534996
0.0534755
0.0534533
0.0534328
0.0534137
0.0533962
0.0533803
0.0533655
0.0533521
0.0533398
0.0533286
0.0533184
0.0533089
0.0533001
0.0532921
0.0532846
0.0532776
0.0532711
0.0532651
0.0532591
0.0532536
0.0532483
0.0532431
0.0532383
0.0532336
0.053229
0.0532247
0.0532203
0.0532161
0.0532119
0.053208
0.0532036
0.0531995
0.0531956
0.0531915
0.0531873
0.0531828
0.0531783
0.0531734
0.0531683
0.0531629
0.0531571
0.053151
0.0531445
0.0531377
0.0531304
0.0531228
0.0531148
0.0531066
0.0530981
0.0530894
0.0530807
0.0530718
0.0530633
0.0530549
0.0530468
0.0530392
0.0530323
0.0530259
0.0530205
0.053016
0.0530123
0.0530099
0.0530087
0.0530087
0.0530101
0.0530127
0.0530167
0.0530224
0.0530292
0.0530375
0.053047
0.0530579
0.0530698
0.0530828
0.0530969
0.0531119
0.0531276
0.0531442
0.0531614
0.053179
0.053197
0.0532154
0.0532338
0.0532523
0.0532709
0.0532896
0.0533079
0.0533261
0.0533442
0.0533621
0.0533798
0.0533974
0.0534147
0.0534319
0.0534491
0.0534662
0.053483
0.0534999
0.0535167
0.0535334
0.0535501
0.0535668
0.0535834
0.0535998
0.0536159
0.053632
0.0536475
0.0536626
0.0536772
0.0536914
0.0537049
0.0537175
0.0537293
0.0537401
0.0537499
0.0537587
0.0537661
0.0537724
0.0537775
0.0537815
0.0537844
0.053786
0.0537866
0.0537859
0.0537845
0.0537822
0.053779
0.0537752
0.0537706
0.0537656
0.0537601
0.0537544
0.0537484
0.0537422
0.053736
0.0537296
0.0537233
0.053717
0.0537107
0.0537046
0.0536984
0.0536924
0.0536864
0.0536805
0.0536746
0.0536688
0.0536631
0.0536572
0.0536515
0.0536456
0.0536398
0.0536338
0.0536278
0.0536218
0.0536158
0.0536097
0.0536035
0.0535974
0.0535914
0.0535852
0.0535794
0.0535736
0.0535681
0.0535629
0.053558
0.0535537
0.0535499
0.0535466
0.053544
0.0535423
0.0535415
0.0535417
0.053543
0.0535455
0.0535494
0.0535546
0.0535616
0.0535701
0.0535804
0.0535926
0.0536066
0.0536225
0.0536404
0.0536602
0.0536819
0.0537055
0.0537309
0.0537579
0.0537866
0.0538168
0.0538482
0.0538807
0.0539141
0.0539482
0.0539828
0.0540176
0.0540524
0.0540869
0.0541212
0.0541547
0.0541873
0.0542189
0.0542492
0.0542781
0.0543056
0.0543313
0.0543554
0.0543777
0.0543981
0.0544167
0.0544333
0.0544481
0.054461
0.0544722
0.0544816
0.0544893
0.0544955
0.0545001
0.0545032
0.0545052
0.0545061
0.0545058
0.0545045
0.0545023
0.0544995
0.054496
0.0544922
0.0544881
0.0544837
0.0544791
0.0544744
0.0544697
0.054465
0.0544606
0.0544564
0.0544524
0.0544486
0.0544451
0.0544419
0.0544389
0.0544362
0.0544337
0.0544312
0.054429
0.054427
0.054425
0.0544229
0.0544209
0.0544185
0.0544161
0.0544134
0.0544105
0.0544071
0.0544037
0.0543995
0.0543949
0.05439
0.0543846
0.0543787
0.0543724
0.0543656
0.0543582
0.0543505
0.0543425
0.0543342
0.0543255
0.0543167
0.0543079
0.0542993
0.0542906
0.0542821
0.0542741
0.0542666
0.0542597
0.0542536
0.0542482
0.0542442
0.0542412
0.0542396
0.0542393
0.0542405
0.0542433
0.0542479
0.0542541
0.0542623
0.0542723
0.0542842
0.0542981
0.054314
0.0543317
0.0543513
0.0543727
0.0543959
0.0544209
0.0544474
0.0544755
0.0545048
0.0545356
0.0545675
0.0546005
0.0546345
0.0546693
0.0547047
0.0547408
0.0547773
0.0548144
0.0548517
0.0548889
0.0549263
0.0549636
0.0550007
0.0550377
0.0550742
0.0551104
0.0551462
0.0551815
0.055216
0.05525
0.0552834
0.0553159
0.0553478
0.0553788
0.0554091
0.0554385
0.0554671
0.0554947
0.0555217
0.0555478
0.0555729
0.0555974
0.0556211
0.0556441
0.0556663
0.0556881
0.0557093
0.0557299
0.05575
0.0557698
0.0557893
0.0558085
0.0558274
0.0558461
0.0558646
0.0558831
0.0559015
0.0559198
0.0559381
0.0559565
0.0559748
0.0559928
0.0560107
0.0560283
0.0560459
0.056063
0.0560797
0.0560959
0.0561115
0.0561264
0.0561405
0.0561537
0.0561658
0.056177
0.0561871
0.0561961
0.0562038
0.0562104
0.0562157
0.0562198
0.0562227
0.0562242
0.0562248
0.0562242
0.0562226
0.0562202
0.0562168
0.0562127
0.056208
0.0562028
0.0561972
0.0561914
0.0561855
0.0561796
0.0561736
0.0561676
0.0561619
0.0561562
0.0561508
0.0561457
0.0561408
0.0561361
0.0561313
0.0561266
0.0561217
0.0561167
0.0561112
0.056105
0.0560984
0.0560906
0.0560821
0.0560722
0.056061
0.0560482
0.0560335
0.0560168
0.055998
0.0559771
0.0559541
0.0559285
0.0559007
0.0558703
0.0558374
0.0558022
0.0557646
0.0557247
0.0556825
0.0556383
0.0555919
0.0555436
0.0554936
0.0554421
0.0553892
0.0553353
0.0552804
0.0552246
0.0551683
0.0551117
0.055055
0.0549984
0.0549419
0.0548858
0.0548305
0.054776
0.0547225
0.0546701
0.0546192
0.0545696
0.0545215
0.0544754
0.0544308
0.0543882
0.0543476
0.054309
0.0542723
0.0542379
0.0542056
0.0541754
0.0541471
0.0541209
0.0540963
0.0540736
0.0540527
0.0540335
0.0540158
0.0539993
0.0539842
0.0539704
0.0539576
0.0539457
0.0539345
0.0539241
0.0539145
0.0539055
0.053897
0.0538888
0.0538811
0.0538738
0.0538669
0.0538603
0.0538542
0.0538484
0.0538429
0.053838
0.0538333
0.0538291
0.0538254
0.0538223
0.0538195
0.0538171
0.0538152
0.0538137
0.0538126
0.0538119
0.0538114
0.0538111
0.0538109
0.0538109
0.053811
0.053811
0.0538108
0.0538104
0.0538097
0.0538087
0.0538073
0.0538055
0.0538033
0.0538007
0.0537976
0.0537942
0.0537904
0.0537864
0.0537821
0.0537775
0.0537726
0.053768
0.0537632
0.0537585
0.0537539
0.0537495
0.0537455
0.0537419
0.0537388
0.0537361
0.053734
0.0537323
0.0537312
0.0537306
0.0537308
0.0537315
0.053733
0.0537349
0.0537376
0.0537409
0.0537448
0.0537495
0.0537548
0.0537608
0.0537676
0.0537751
0.0537833
0.0537923
0.0538023
0.0538129
0.0538245
0.0538371
0.0538505
0.0538647
0.05388
0.0538958
0.0539124
0.0539298
0.0539476
0.053966
0.0539846
0.0540035
0.0540226
0.0540417
0.0540609
0.0540798
0.0540982
0.0541164
0.0541339
0.0541507
0.0541668
0.0541821
0.0541966
0.0542102
0.0542228
0.0542348
0.0542458
0.054256
0.0542653
0.0542742
0.0542821
0.0542896
0.0542969
0.0543037
0.0543102
0.0543166
0.0543229
0.0543291
0.0543356
0.0543422
0.0543493
0.0543568
0.0543647
0.054373
0.0543821
0.0543918
0.0544021
0.0544132
0.0544253
0.0544379
0.0544514
0.0544658
0.0544809
0.054497
0.0545138
0.0545316
0.0545502
0.0545695
0.0545895
0.0546102
0.0546313
0.0546531
0.0546753
0.0546979
0.0547208
0.0547438
0.054767
0.0547898
0.0548124
0.0548346
0.0548562
0.0548773
0.0548973
0.0549165
0.0549347
0.0549516
0.0549674
0.0549815
0.0549945
0.0550059
0.0550158
0.0550241
0.0550309
0.055036
0.0550398
0.0550419
0.0550427
0.0550421
0.0550404
0.0550377
0.0550339
0.0550293
0.055024
0.0550182
0.0550119
0.0550051
0.0549983
0.0549913
0.0549844
0.0549776
0.0549711
0.0549649
0.054959
0.0549536
0.0549487
0.0549444
0.0549406
0.0549372
0.0549346
0.0549325
0.0549308
0.0549293
0.0549283
0.0549277
0.0549273
0.0549271
0.0549269
0.0549269
0.0549267
0.0549264
0.054926
0.0549253
0.0549241
0.0549225
0.0549205
0.0549178
0.0549145
0.0549105
0.0549058
0.0549003
0.0548941
0.054887
0.0548792
0.0548707
0.0548616
0.0548515
0.0548409
0.0548296
0.0548177
0.0548053
0.0547925
0.0547791
0.0547653
0.0547513
0.054737
0.0547226
0.054708
0.0546934
0.054679
0.0546645
0.0546501
0.0546361
0.0546225
0.0546091
0.0545963
0.0545837
0.0545715
0.0545598
0.0545484
0.0545376
0.0545272
0.0545173
0.0545078
0.0544984
0.0544896
0.0544809
0.0544724
0.0544641
0.0544556
0.0544473
0.0544388
0.0544301
0.0544211
0.0544119
0.0544022
0.054392
0.0543812
0.0543698
0.054358
0.0543452
0.0543319
0.0543178
0.0543029
0.0542874
0.0542711
0.0542542
0.0542366
0.0542186
0.0542001
0.0541811
0.0541616
0.0541421
0.0541224
0.0541026
0.0540828
0.054063
0.0540435
0.0540242
0.0540055
0.0539874
0.0539698
0.0539531
0.0539371
0.0539221
0.053908
0.0538951
0.0538832
0.0538724
0.0538628
0.0538543
0.0538472
0.0538414
0.0538367
0.0538332
0.0538312
0.0538306
0.0538312
0.053833
0.053836
0.0538399
0.0538448
0.0538508
0.053858
0.0538657
0.0538741
0.0538833
0.0538931
0.0539034
0.053914
0.0539248
0.0539355
0.0539465
0.0539572
0.0539678
0.0539784
0.0539886
0.0539986
0.0540083
0.0540176
0.0540268
0.0540359
0.0540446
0.0540533
0.0540619
0.0540704
0.0540792
0.0540879
0.0540967
0.0541057
0.0541151
0.0541248
0.0541347
0.054145
0.0541556
0.0541666
0.0541776
0.054189
0.0542006
0.0542123
0.0542241
0.0542359
0.0542481
0.0542601
0.0542722
0.0542842
0.0542963
0.0543081
0.0543201
0.054332
0.0543441
0.0543563
0.0543687
0.0543813
0.0543942
0.0544079
0.0544219
0.0544364
0.0544515
0.0544675
0.054484
0.0545015
0.05452
0.0545393
0.0545595
0.0545807
0.0546028
0.0546258
0.0546498
0.0546745
0.0547002
0.0547267
0.0547539
0.0547818
0.0548103
0.0548393
0.0548686
0.0548986
0.0549288
0.0549591
0.0549897
0.0550204
0.0550511
0.0550816
0.0551121
0.0551424
0.0551727
0.0552027
0.0552322
0.0552615
0.0552903
0.0553188
0.0553468
0.0553743
0.0554014
0.055428
0.0554542
0.0554799
0.0555051
0.0555301
0.0555546
0.0555787
0.0556024
0.0556258
0.0556489
0.0556718
0.0556945
0.0557171
0.0557395
0.0557619
0.0557844
0.0558066
0.055829
0.0558515
0.0558742
0.0558968
0.0559195
0.0559424
0.0559655
0.0559886
0.0560118
0.0560349
0.0560581
0.0560811
0.056104
0.0561268
0.0561493
0.0561718
0.0561937
0.0562154
0.0562368
0.0562579
0.0562787
0.0562992
0.0563192
0.0563389
0.0563583
0.0563775
0.0563967
0.0564157
0.056435
0.0564543
0.0564739
0.0564937
0.056514
0.0565349
0.0565562
0.0565783
0.056601
0.0566244
0.0566487
0.0566736
0.0566993
0.0567258
0.0567531
0.056781
0.0568097
0.0568391
0.0568691
0.0568994
0.0569301
0.0569611
0.0569925
0.0570237
0.057055
0.0570862
0.0571171
0.0571478
0.0571783
0.0572082
0.0572377
0.0572668
0.0572952
0.057323
0.0573501
0.0573764
0.0574021
0.0574271
0.0574512
0.0574744
0.0574968
0.0575185
0.0575392
0.0575593
0.0575784
0.0575968
0.0576144
0.0576312
0.0576473
0.0576625
0.0576768
0.0576904
0.0577033
0.0577152
0.0577262
0.0577364
0.0577459
0.0577545
0.0577621
0.0577688
0.0577747
0.0577797
0.0577838
0.0577868
0.057789
0.0577901
0.0577904
0.0577897
0.057788
0.0577856
0.0577822
0.0577778
0.0577727
0.0577668
0.05776
0.0577525
0.0577441
0.0577349
0.0577251
0.0577145
0.0577035
0.0576917
0.0576793
0.057666
0.0576522
0.0576379
0.0576229
0.0576074
0.0575915
0.0575749
0.0575578
0.0575402
0.0575221
0.0575034
0.0574842
0.0574647
0.0574447
0.0574243
0.0574038
0.0573828
0.0573617
0.0573404
0.0573187
0.0572968
0.0572747
0.0572527
0.0572306
0.0572084
0.0571863
0.0571642
0.0571422
0.0571204
0.0570986
0.0570768
0.0570554
0.0570341
0.057013
0.0569921
0.0569713
0.0569505
0.0569298
0.0569094
0.0568886
0.0568677
0.0568468
0.0568257
0.0568045
0.0567828
0.0567607
0.0567383
0.0567153
0.0566917
0.0566674
0.0566426
0.056617
0.0565906
0.0565634
0.0565354
0.0565068
0.0564773
0.0564469
0.0564159
0.0563843
0.056352
0.0563191
0.0562857
0.0562519
0.0562177
0.0561833
0.0561487
0.056114
0.0560794
0.0560447
0.0560101
0.0559755
0.0559411
0.0559068
0.055873
0.055839
0.0558053
0.0557718
0.0557387
0.0557055
0.0556726
0.0556398
0.055607
0.0555743
0.0555419
0.0555095
0.0554769
0.0554444
0.0554118
0.0553791
0.0553466
0.0553141
0.0552813
0.0552487
0.0552158
0.0551831
0.0551504
0.0551176
0.055085
0.0550522
0.0550196
0.0549869
0.0549543
0.0549218
0.0548896
0.0548572
0.0548249
0.0547927
0.0547608
0.0547294
0.0546981
0.0546671
0.0546366
0.0546066
0.0545771
0.0545483
0.0545202
0.0544927
0.0544662
0.0544405
0.0544157
0.054392
0.0543693
0.0543477
0.054327
0.0543072
0.0542883
0.0542704
0.0542533
0.0542367
0.0542207
0.0542052
0.0541898
0.0541747
0.0541596
0.0541442
0.0541285
0.0541123
0.0540956
0.0540782
0.0540601
0.0540409
0.0540208
0.0539995
0.0539772
0.0539537
0.0539293
0.0539036
0.0538769
0.0538496
0.0538211
0.0537919
0.0537619
0.0537315
0.0537003
0.053669
0.0536375
0.0536058
0.0535742
0.0535428
0.0535116
0.0534808
0.0534505
0.0534209
0.0533918
0.0533637
0.0533364
0.0533102
0.053285
0.0532608
0.053238
0.0532164
0.053196
0.0531771
0.0531594
0.0531431
0.0531283
0.0531148
0.053103
0.0530926
0.0530839
0.0530767
0.053071
0.0530673
0.0530652
0.0530648
0.0530662
0.0530694
0.0530744
0.053081
0.0530896
0.0530999
0.0531118
0.0531254
0.0531406
0.0531572
0.0531754
0.0531948
0.0532156
0.0532375
0.0532607
0.0532847
0.0533095
0.0533351
0.0533614
0.0533881
0.0534154
0.053443
0.0534709
0.053499
0.0535272
0.0535556
0.0535839
0.0536121
0.0536402
0.0536682
0.0536963
0.0537241
0.0537518
0.0537793
0.0538068
0.0538342
0.0538613
0.0538883
0.0539151
0.053942
0.0539688
0.0539951
0.0540212
0.0540471
0.0540727
0.0540979
0.0541227
0.0541472
0.0541711
0.0541945
0.0542172
0.0542394
0.0542608
0.0542815
0.0543015
0.0543207
0.0543392
0.054357
0.0543739
0.0543901
0.0544056
0.0544204
0.0544345
0.054448
0.0544612
0.0544739
0.0544864
0.0544986
0.0545104
0.0545221
0.054534
0.0545455
0.0545572
0.0545687
0.0545805
0.0545923
0.0546042
0.0546165
0.054629
0.0546418
0.0546549
0.0546682
0.0546817
0.0546954
0.0547093
0.0547236
0.0547378
0.0547522
0.0547667
0.0547812
0.0547955
0.0548098
0.054824
0.0548381
0.0548517
0.0548649
0.0548776
0.0548897
0.0549011
0.0549121
0.0549224
0.0549318
0.0549405
0.0549484
0.0549555
0.0549617
0.0549671
0.0549719
0.0549758
0.0549789
0.054981
0.0549828
0.0549837
0.0549843
0.0549845
0.0549843
0.0549838
0.0549832
0.0549827
0.0549821
0.0549817
0.0549814
0.0549816
0.0549822
0.0549836
0.0549856
0.0549884
0.0549921
0.0549969
0.0550028
0.0550099
0.0550182
0.0550277
0.0550387
0.0550509
0.0550644
0.0550796
0.0550959
0.0551137
0.0551324
0.0551522
0.0551735
0.0551956
0.0552187
0.055243
0.0552681
0.0552941
0.0553205
0.0553475
0.0553752
0.055403
0.0554313
0.0554596
0.0554878
0.055516
0.0555441
0.0555719
0.0555993
0.0556261
0.0556522
0.0556777
0.0557025
0.0557262
0.055749
0.055771
0.0557919
0.0558117
0.0558304
0.055848
0.0558644
0.0558797
0.0558937
0.0559068
0.0559188
0.0559298
0.0559397
0.0559486
0.0559568
0.055964
0.0559704
0.0559763
0.0559815
0.0559863
0.0559907
0.0559948
0.0559986
0.0560022
0.0560058
0.0560094
0.0560131
0.0560171
0.0560212
0.0560259
0.0560309
0.0560363
0.0560422
0.0560487
0.0560559
0.0560636
0.056072
0.0560811
0.0560911
0.0561017
0.0561129
0.0561248
0.0561374
0.0561507
0.0561646
0.0561788
0.0561937
0.056209
0.0562247
0.0562409
0.0562573
0.056274
0.0562907
0.0563075
0.0563241
0.0563406
0.0563567
0.0563726
0.0563882
0.0564033
0.0564179
0.0564317
0.056445
0.0564573
0.0564687
0.0564794
0.0564891
0.0564978
0.0565055
0.0565122
0.056518
0.0565226
0.0565263
0.0565288
0.0565305
0.0565312
0.0565309
0.0565298
0.0565276
0.0565245
0.0565207
0.056516
0.0565104
0.0565041
0.0564966
0.0564885
0.0564795
0.0564696
0.0564588
0.0564471
0.0564343
0.0564205
0.0564056
0.0563894
0.0563722
0.0563537
0.056334
0.056313
0.0562907
0.0562672
0.0562424
0.0562163
0.0561891
0.0561608
0.0561316
0.0561012
0.0560703
0.0560387
0.0560064
0.0559741
0.0559415
0.0559088
0.0558763
0.0558441
0.0558124
0.0557813
0.0557507
0.0557212
0.0556924
0.0556644
0.0556374
0.0556114
0.0555864
0.0555625
0.0555397
0.0555178
0.055497
0.0554771
0.0554582
0.0554401
0.0554229
0.0554066
0.0553913
0.0553766
0.0553628
0.0553499
0.0553377
0.0553262
0.0553153
0.0553053
0.0552962
0.0552878
0.0552801
0.0552733
0.0552673
0.0552621
0.0552576
0.0552541
0.0552513
0.0552495
0.0552484
0.0552482
0.055249
0.0552505
0.0552529
0.0552563
0.0552604
0.0552652
0.0552707
0.0552768
0.0552835
0.0552906
0.0552983
0.0553063
0.0553144
0.0553224
0.0553305
0.0553384
0.055346
0.0553535
0.0553606
0.0553672
0.0553734
0.0553791
0.0553841
0.0553885
0.0553924
0.0553958
0.0553987
0.0554011
0.0554031
0.0554047
0.0554061
0.0554073
0.0554082
0.0554091
0.0554101
0.0554112
0.0554125
0.0554142
0.0554162
0.0554187
0.0554216
0.055425
0.055429
0.0554338
0.0554391
0.055445
0.0554516
0.0554589
0.0554666
0.0554749
0.0554834
0.0554923
0.0555015
0.0555107
0.0555199
0.055529
0.0555379
0.0555464
0.0555544
0.0555617
0.0555684
0.0555742
0.055579
0.0555828
0.0555854
0.0555871
0.0555877
0.0555871
0.0555854
0.0555827
0.055579
0.0555744
0.0555692
0.0555633
0.0555569
0.05555
0.0555427
0.0555353
0.0555281
0.055521
0.0555138
0.0555069
0.0555003
0.0554942
0.0554883
0.0554827
0.0554776
0.0554728
0.0554684
0.0554641
0.0554601
0.0554562
0.0554524
0.0554486
0.0554447
0.0554406
0.0554361
0.0554313
0.0554261
0.0554206
0.0554144
0.0554074
0.0554
0.0553916
0.0553825
0.0553727
0.055362
0.0553506
0.0553383
0.0553252
0.0553112
0.0552964
0.0552807
0.0552644
0.0552472
0.0552294
0.0552111
0.0551921
0.0551727
0.0551526
0.0551325
0.0551119
0.0550911
0.0550701
0.0550491
0.0550282
0.0550073
0.0549867
0.0549661
0.0549459
0.0549258
0.0549063
0.0548871
0.0548686
0.0548506
0.0548332
0.0548165
0.0548005
0.0547853
0.0547709
0.0547573
0.0547445
0.0547327
0.0547216
0.0547116
0.0547025
0.0546942
0.0546868
0.0546803
0.0546747
0.0546699
0.0546658
0.0546625
0.0546599
0.0546578
0.0546561
0.0546549
0.0546541
0.0546537
0.0546534
0.0546533
0.0546533
0.0546535
0.0546535
0.0546534
0.0546533
0.054653
0.0546527
0.0546522
0.0546517
0.054651
0.0546501
0.0546493
0.0546483
0.0546474
0.0546465
0.0546458
0.0546452
0.0546449
0.054645
0.0546453
0.0546461
0.0546475
0.0546495
0.0546521
0.0546555
0.0546599
0.0546649
0.0546708
0.0546776
0.0546851
0.0546935
0.0547024
0.0547121
0.0547221
0.0547327
0.0547433
0.0547541
0.0547646
0.0547747
0.0547844
0.0547933
0.0548014
0.0548084
0.0548143
0.054819
0.0548223
0.0548243
0.0548247
0.054824
0.0548216
0.0548178
0.0548129
0.0548066
0.0547993
0.054791
0.0547818
0.0547719
0.0547615
0.0547506
0.0547397
0.0547285
0.0547173
0.0547062
0.0546955
0.0546852
0.0546755
0.0546662
0.0546575
0.0546497
0.0546429
0.0546369
0.0546319
0.0546276
0.0546244
0.0546222
0.054621
0.0546207
0.0546212
0.0546227
0.0546252
0.0546286
0.0546328
0.0546376
0.0546433
0.0546498
0.0546569
0.0546646
0.0546728
0.0546815
0.0546903
0.0546997
0.0547093
0.0547189
0.0547287
0.0547384
0.054748
0.0547572
0.0547661
0.0547746
0.0547825
0.0547897
0.0547962
0.0548017
0.0548064
0.0548099
0.0548124
0.0548136
0.0548136
0.0548124
0.0548101
0.0548065
0.054802
0.0547962
0.0547895
0.0547818
0.0547732
0.054764
0.0547542
0.0547438
0.0547333
0.0547227
0.0547121
0.0547018
0.0546917
0.0546823
0.0546738
0.0546659
0.054659
0.0546532
0.0546487
0.0546454
0.0546437
0.0546434
0.0546445
0.0546472
0.0546514
0.054657
0.0546641
0.0546728
0.0546829
0.0546943
0.0547071
0.054721
0.0547359
0.0547519
0.0547689
0.0547868
0.0548052
0.0548244
0.0548439
0.0548636
0.0548837
0.0549038
0.0549241
0.0549441
0.0549639
0.0549831
0.0550018
0.05502
0.0550373
0.0550539
0.0550694
0.055084
0.0550975
0.05511
0.0551214
0.0551316
0.0551408
0.0551487
0.0551559
0.0551621
0.0551674
0.055172
0.055176
0.0551794
0.0551826
0.0551856
0.0551885
0.0551913
0.0551946
0.0551981
0.0552021
0.0552069
0.0552123
0.0552185
0.0552255
0.0552334
0.0552421
0.0552519
0.0552623
0.0552735
0.0552852
0.0552977
0.0553107
0.055324
0.0553374
0.055351
0.0553646
0.0553781
0.055391
0.0554038
0.0554158
0.0554272
0.0554379
0.0554476
0.0554564
0.0554641
0.055471
0.0554767
0.0554814
0.0554851
0.0554879
0.0554898
0.0554909
0.0554913
0.055491
0.0554902
0.055489
0.0554874
0.0554858
0.0554841
0.0554825
0.0554811
0.0554799
0.0554793
0.0554793
0.0554801
0.0554814
0.0554836
0.0554866
0.0554904
0.0554951
0.0555009
0.0555075
0.055515
0.0555234
0.0555323
0.055542
0.0555523
0.055563
0.0555741
0.0555855
0.0555968
0.055608
0.0556191
0.0556297
0.0556396
0.0556489
0.0556574
0.0556649
0.0556715
0.0556769
0.055681
0.0556838
0.0556853
0.0556854
0.0556842
0.0556815
0.0556773
0.0556721
0.0556654
0.0556572
0.0556479
0.0556374
0.0556256
0.055613
0.0555994
0.0555847
0.0555693
0.0555531
0.0555364
0.055519
0.0555011
0.0554829
0.0554645
0.0554457
0.0554267
0.0554077
0.0553888
0.05537
0.0553512
0.0553327
0.0553146
0.0552967
0.0552792
0.0552623
0.0552458
0.0552297
0.0552144
0.0551995
0.055185
0.0551712
0.0551579
0.0551452
0.0551328
0.0551209
0.0551093
0.0550979
0.0550868
0.0550759
0.0550649
0.0550536
0.0550423
0.0550305
0.0550183
0.0550053
0.0549917
0.0549772
0.0549621
0.0549459
0.0549287
0.0549105
0.0548912
0.0548708
0.0548492
0.0548268
0.0548033
0.0547788
0.0547535
0.0547274
0.0547007
0.0546733
0.0546455
0.0546173
0.054589
0.0545607
0.0545326
0.0545049
0.0544776
0.054451
0.0544254
0.0544008
0.0543775
0.0543552
0.0543348
0.0543159
0.0542988
0.0542835
0.0542702
0.0542589
0.0542497
0.0542425
0.0542374
0.0542344
0.0542333
0.0542341
0.0542366
0.0542409
0.0542466
0.0542538
0.0542619
0.0542713
0.0542813
0.0542919
0.0543028
0.0543141
0.0543252
0.0543362
0.0543466
0.0543564
0.0543658
0.0543741
0.0543815
0.0543878
0.0543929
0.0543968
0.0543993
0.0544003
0.0544
0.0543983
0.0543952
0.0543907
0.0543848
0.0543778
0.0543696
0.0543601
0.0543496
0.0543379
0.0543253
0.0543116
0.054297
0.0542815
0.0542654
0.0542483
0.0542307
0.0542122
0.0541932
0.0541737
0.0541536
0.0541332
0.0541123
0.0540911
0.0540697
0.0540481
0.0540265
0.0540048
0.053983
0.0539616
0.0539402
0.0539191
0.0538982
0.0538777
0.0538577
0.053838
0.053819
0.0538004
0.0537824
0.0537649
0.0537479
0.0537314
0.0537154
0.0537
0.0536851
0.0536706
0.0536564
0.0536428
0.0536295
0.0536165
0.053604
0.0535919
0.0535799
0.0535683
0.0535568
0.0535455
0.0535343
0.0535232
0.0535122
0.0535015
0.0534907
0.0534797
0.0534687
0.0534577
0.0534468
0.0534358
0.0534246
0.0534137
0.0534026
0.0533917
0.053381
0.0533702
0.0533599
0.0533498
0.0533402
0.053331
0.0533225
0.0533147
0.0533077
0.0533018
0.0532968
0.0532928
0.05329
0.0532886
0.0532886
0.0532899
0.0532925
0.0532966
0.0533021
0.0533091
0.0533174
0.053327
0.053338
0.0533501
0.0533632
0.0533771
0.0533918
0.053407
0.0534226
0.0534385
0.0534544
0.0534701
0.0534856
0.0535006
0.0535149
0.0535282
0.0535406
0.053552
0.0535621
0.053571
0.0535789
0.053585
0.05359
0.0535937
0.0535962
0.0535977
0.0535982
0.0535979
0.0535969
0.0535956
0.0535941
0.0535923
0.0535908
0.0535897
0.0535893
0.0535896
0.0535911
0.0535936
0.0535975
0.0536029
0.0536098
0.0536184
0.0536288
0.0536408
0.0536546
0.0536701
0.0536872
0.0537059
0.0537259
0.0537473
0.05377
0.0537938
0.0538186
0.0538441
0.0538702
0.0538968
0.0539238
0.0539511
0.0539786
0.0540061
0.0540334
0.0540604
0.0540872
0.0541136
0.0541395
0.054165
0.05419
0.054214
0.0542374
0.0542599
0.0542817
0.0543026
0.0543223
0.054341
0.0543587
0.0543751
0.0543904
0.0544043
0.0544167
0.0544277
0.0544372
0.0544452
0.0544516
0.0544563
0.0544594
0.0544609
0.0544608
0.054459
0.0544556
0.0544506
0.0544439
0.0544358
0.0544263
0.0544155
0.0544033
0.0543899
0.0543755
0.05436
0.0543438
0.0543265
0.0543088
0.0542905
0.0542718
0.0542528
0.0542336
0.0542147
0.0541956
0.0541768
0.0541583
0.0541403
0.0541229
0.0541063
0.0540904
0.0540754
0.0540613
0.0540484
0.0540365
0.0540257
0.054016
0.0540074
0.0540001
0.0539939
0.0539889
0.0539851
0.0539824
0.0539808
0.0539803
0.0539806
0.0539821
0.0539844
0.0539874
0.0539914
0.0539958
0.0540007
0.0540061
0.0540119
0.0540177
0.054024
0.0540304
0.0540369
0.0540433
0.0540498
0.054056
0.054062
0.0540678
0.0540734
0.0540784
0.0540832
0.0540876
0.0540917
0.0540953
0.0540984
0.0541011
0.0541036
0.0541057
0.0541073
0.0541086
0.0541099
0.0541108
0.0541115
0.0541122
0.0541127
0.0541134
0.0541141
0.0541147
0.0541156
0.0541167
0.054118
0.0541196
0.0541214
0.0541235
0.0541259
0.0541286
0.0541316
0.054135
0.0541384
0.054142
0.0541456
0.0541495
0.0541531
0.0541571
0.0541608
0.0541646
0.0541679
0.0541711
0.0541739
0.0541762
0.0541781
0.0541794
0.0541803
0.0541805
0.0541801
0.0541789
0.054177
0.0541744
0.0541711
0.0541671
0.0541623
0.0541567
0.0541505
0.0541436
0.054136
0.0541277
0.0541188
0.0541095
0.0540995
0.054089
0.0540782
0.0540669
0.0540552
0.0540432
0.0540309
0.0540183
0.0540056
0.0539928
0.0539796
0.0539665
0.0539532
0.0539398
0.0539264
0.0539126
0.053899
0.0538855
0.0538717
0.053858
0.0538441
0.0538304
0.0538166
0.0538028
0.053789
0.0537752
0.0537615
0.0537477
0.053734
0.0537205
0.053707
0.0536938
0.0536807
0.0536676
0.0536545
0.0536417
0.0536289
0.0536163
0.0536039
0.0535918
0.0535799
0.0535683
0.0535572
0.0535465
0.0535362
0.0535266
0.0535174
0.053509
0.0535015
0.0534948
0.053489
0.0534841
0.0534804
0.053478
0.0534768
0.0534769
0.0534782
0.0534808
0.0534848
0.0534903
0.0534969
0.0535045
0.0535135
0.0535233
0.0535341
0.0535457
0.0535578
0.0535703
0.0535831
0.0535961
0.0536089
0.0536214
0.0536335
0.0536449
0.0536555
0.0536654
0.0536741
0.0536817
0.0536881
0.0536931
0.0536968
0.0536994
0.0537007
0.0537008
0.0536997
0.0536976
0.0536947
0.053691
0.0536865
0.0536815
0.0536764
0.053671
0.0536656
0.0536603
0.0536554
0.053651
0.0536471
0.0536438
0.0536413
0.0536396
0.0536389
0.0536393
0.0536407
0.053643
0.0536465
0.053651
0.0536567
0.0536634
0.0536712
0.05368
0.0536898
0.0537005
0.0537121
0.0537247
0.0537382
0.0537526
0.0537678
0.0537838
0.0538004
0.0538177
0.0538357
0.0538542
0.0538735
0.0538931
0.0539134
0.0539338
0.0539546
0.0539757
0.0539969
0.0540183
0.0540396
0.0540607
0.0540816
0.0541023
0.0541226
0.0541423
0.0541617
0.0541803
0.0541983
0.0542156
0.054232
0.0542478
0.0542627
0.0542768
0.0542903
0.054303
0.0543152
0.0543265
0.0543374
0.0543476
0.0543572
0.0543664
0.0543752
0.054384
0.0543923
0.0544004
0.0544085
0.0544163
0.0544241
0.0544317
0.0544393
0.0544468
0.0544544
0.0544621
0.0544698
0.0544777
0.0544855
0.0544935
0.0545016
0.0545099
0.0545184
0.054527
0.0545356
0.0545445
0.0545533
0.0545622
0.054571
0.0545799
0.0545887
0.0545973
0.0546058
0.054614
0.0546222
0.0546303
0.054638
0.0546453
0.0546522
0.0546587
0.0546649
0.0546708
0.0546762
0.0546814
0.0546862
0.0546907
0.0546948
0.0546986
0.0547021
0.0547053
0.0547082
0.0547109
0.0547133
0.0547156
0.0547177
0.0547195
0.0547212
0.0547226
0.0547239
0.054725
0.0547259
0.0547266
0.0547273
0.0547276
0.0547274
0.0547272
0.0547267
0.0547256
0.0547242
0.0547223
0.0547199
0.0547172
0.0547137
0.0547099
0.0547054
0.0547004
0.0546949
0.0546888
0.054682
0.0546749
0.0546673
0.0546592
0.0546507
0.0546423
0.0546336
0.0546247
0.054616
0.0546074
0.0545989
0.0545907
0.0545831
0.0545757
0.0545691
0.0545631
0.0545579
0.0545535
0.0545497
0.0545469
0.0545448
0.0545436
0.0545432
0.0545436
0.0545446
0.0545462
0.0545485
0.0545512
0.0545543
0.0545577
0.0545613
0.0545652
0.0545691
0.054573
0.0545769
0.0545808
0.0545845
0.0545881
0.0545916
0.0545948
0.0545978
0.0546007
0.0546036
0.0546063
0.0546091
0.054612
0.0546148
0.0546179
0.054621
0.0546246
0.0546284
0.0546327
0.0546373
0.0546426
0.0546485
0.054655
0.0546622
0.0546699
0.0546784
0.0546875
0.0546975
0.0547084
0.05472
0.0547324
0.0547456
0.0547597
0.0547745
0.0547904
0.054807
0.0548244
0.0548429
0.0548619
0.0548818
0.0549024
0.0549238
0.0549458
0.0549686
0.0549919
0.0550158
0.0550399
0.0550644
0.0550892
0.055114
0.055139
0.0551638
0.0551884
0.0552128
0.0552368
0.0552602
0.0552832
0.0553054
0.0553268
0.0553473
0.0553667
0.0553853
0.0554027
0.0554191
0.0554343
0.0554482
0.055461
0.0554725
0.0554829
0.0554921
0.0555002
0.0555074
0.0555134
0.0555187
0.0555232
0.055527
0.0555302
0.0555331
0.0555358
0.0555382
0.0555405
0.055543
0.0555457
0.0555486
0.0555517
0.0555553
0.0555593
0.0555637
0.0555687
0.0555741
0.0555799
0.0555859
0.0555922
0.0555987
0.0556051
0.0556113
0.0556171
0.0556226
0.0556275
0.0556316
0.0556349
0.0556371
0.0556381
0.0556378
0.055636
0.0556328
0.0556278
0.0556211
0.0556126
0.0556023
0.05559
0.0555759
0.05556
0.0555423
0.0555226
0.0555012
0.055478
0.0554532
0.0554267
0.0553987
0.0553692
0.0553385
0.0553066
0.0552735
0.0552394
0.0552047
0.0551692
0.0551331
0.0550965
0.0550598
0.0550231
0.0549866
0.0549504
0.0549145
0.0548793
0.054845
0.0548115
0.0547792
0.054748
0.0547179
0.0546894
0.0546624
0.0546368
0.054613
0.0545907
0.0545702
0.0545515
0.0545345
0.0545191
0.0545056
0.0544938
0.0544836
0.0544751
0.054468
0.0544625
0.0544586
0.0544559
0.0544545
0.0544545
0.0544555
0.0544578
0.054461
0.0544653
0.0544703
0.0544761
0.0544824
0.0544893
0.0544967
0.0545046
0.0545129
0.0545213
0.05453
0.0545389
0.0545477
0.0545566
0.0545655
0.0545743
0.0545831
0.0545917
0.0546
0.0546082
0.0546161
0.0546239
0.0546314
0.0546387
0.0546457
0.0546526
0.0546595
0.0546661
0.0546727
0.0546793
0.0546858
0.0546925
0.0546994
0.0547066
0.054714
0.0547218
0.0547301
0.0547387
0.0547478
0.0547576
0.0547678
0.0547787
0.05479
0.0548019
0.0548145
0.0548275
0.0548408
0.0548546
0.0548687
0.0548835
0.0548984
0.0549136
0.054929
0.0549445
0.0549599
0.0549754
0.0549909
0.0550062
0.0550213
0.0550361
0.0550506
0.0550647
0.0550785
0.0550916
0.0551043
0.0551164
0.055128
0.055139
0.0551494
0.0551592
0.0551682
0.0551769
0.0551848
0.0551921
0.0551988
0.0552051
0.0552107
0.0552157
0.0552202
0.055224
0.0552274
0.0552302
0.0552325
0.0552343
0.0552354
0.0552359
0.0552357
0.055235
0.0552336
0.0552316
0.055229
0.0552256
0.0552216
0.055217
0.0552113
0.0552052
0.0551983
0.0551909
0.0551827
0.0551738
0.0551642
0.055154
0.0551431
0.0551317
0.0551198
0.0551074
0.0550946
0.0550816
0.0550684
0.0550549
0.0550411
0.0550272
0.0550134
0.0549994
0.0549858
0.0549723
0.0549591
0.054946
0.0549335
0.0549214
0.0549097
0.0548983
0.0548875
0.0548771
0.0548674
0.0548582
0.0548494
0.0548412
0.0548333
0.0548261
0.0548192
0.0548127
0.0548067
0.0548009
0.0547955
0.0547903
0.0547855
0.0547808
0.0547762
0.0547717
0.0547673
0.0547627
0.0547583
0.0547538
0.0547491
0.0547444
0.0547397
0.0547348
0.0547297
0.0547245
0.054719
0.0547135
0.0547078
0.0547017
0.0546956
0.054689
0.0546823
0.0546754
0.0546682
0.0546609
0.0546534
0.0546455
0.0546375
0.0546293
0.0546208
0.0546121
0.0546034
0.0545944
0.0545852
0.0545759
0.0545667
0.0545573
0.0545478
0.0545383
0.0545288
0.0545192
0.0545099
0.0545006
0.0544916
0.0544828
0.0544741
0.0544659
0.0544582
0.0544509
0.0544441
0.0544379
0.0544323
0.0544275
0.0544234
0.05442
0.0544175
0.0544159
0.0544153
0.0544154
0.0544164
0.054418
0.0544205
0.0544238
0.0544276
0.0544319
0.0544368
0.0544418
0.0544468
0.054452
0.0544572
0.0544622
0.054467
0.0544714
0.054475
0.0544784
0.0544811
0.0544829
0.0544843
0.0544851
0.0544849
0.0544843
0.054483
0.0544811
0.0544787
0.0544763
0.0544736
0.0544708
0.054468
0.0544651
0.0544625
0.0544601
0.0544579
0.0544564
0.0544553
0.0544548
0.0544546
0.0544551
0.0544562
0.0544578
0.0544601
0.054463
0.0544662
0.0544698
0.0544738
0.054478
0.0544825
0.0544867
0.054491
0.0544954
0.0544996
0.0545036
0.0545074
0.0545112
0.0545147
0.0545176
0.0545203
0.0545228
0.0545253
0.0545273
0.0545293
0.0545311
0.054533
0.0545349
0.0545371
0.0545394
0.0545422
0.0545452
0.0545486
0.0545526
0.0545572
0.0545624
0.0545682
0.0545746
0.0545815
0.0545888
0.0545969
0.0546053
0.0546142
0.0546235
0.0546329
0.0546424
0.0546522
0.0546622
0.054672
0.054682
0.0546919
0.0547013
0.0547108
0.05472
0.0547292
0.0547381
0.0547467
0.054755
0.0547633
0.054771
0.0547787
0.0547861
0.0547931
0.0548
0.0548063
0.0548125
0.0548181
0.0548235
0.0548285
0.054833
0.0548371
0.0548407
0.0548438
0.0548464
0.0548485
0.0548501
0.0548511
0.0548517
0.0548519
0.0548514
0.0548504
0.0548491
0.0548476
0.0548458
0.0548437
0.0548417
0.0548396
0.0548376
0.0548358
0.0548345
0.0548334
0.0548329
0.0548331
0.0548339
0.0548355
0.0548381
0.0548415
0.054846
0.0548514
0.0548578
0.0548655
0.0548742
0.054884
0.0548949
0.0549071
0.0549201
0.054934
0.0549489
0.0549646
0.0549809
0.0549979
0.0550153
0.0550334
0.0550518
0.0550702
0.0550888
0.0551073
0.0551258
0.055144
0.0551621
0.0551797
0.0551969
0.0552136
0.0552297
0.0552454
0.0552605
0.055275
0.0552891
0.0553027
0.0553158
0.0553285
0.055341
0.0553534
0.0553655
0.0553778
0.0553901
0.0554026
0.0554154
0.0554286
0.0554422
0.0554563
0.0554711
0.0554862
0.0555021
0.0555183
0.0555352
0.0555524
0.05557
0.0555879
0.055606
0.0556242
0.0556421
0.05566
0.0556774
0.0556945
0.055711
0.0557266
0.0557414
0.0557549
0.0557673
0.0557784
0.055788
0.055796
0.0558021
0.0558064
0.0558089
0.0558094
0.055808
0.0558043
0.0557987
0.0557913
0.0557819
0.0557705
0.0557575
0.0557429
0.0557268
0.0557093
0.0556906
0.0556709
0.0556503
0.0556291
0.0556076
0.0555856
0.0555637
0.0555418
0.0555201
0.0554987
0.0554779
0.0554578
0.0554383
0.0554193
0.055401
0.0553835
0.0553667
0.0553504
0.0553351
0.0553202
0.055306
0.0552921
0.0552788
0.0552658
0.0552532
0.0552406
0.0552282
0.055216
0.0552038
0.0551917
0.0551794
0.0551672
0.0551547
0.0551422
0.0551293
0.0551164
0.0551033
0.0550901
0.0550766
0.0550631
0.0550493
0.0550354
0.0550215
0.0550074
0.0549933
0.0549788
0.0549644
0.0549499
0.0549354
0.0549211
0.0549066
0.0548926
0.0548784
0.0548647
0.0548513
0.0548383
0.0548257
0.0548139
0.0548026
0.0547922
0.0547824
0.0547734
0.0547655
0.0547588
0.0547532
0.0547487
0.0547456
0.0547436
0.0547429
0.0547434
0.0547452
0.0547484
0.0547525
0.0547576
0.0547639
0.0547709
0.0547787
0.0547869
0.0547957
0.0548045
0.0548135
0.0548224
0.0548309
0.0548389
0.0548462
0.0548525
0.0548575
0.0548613
0.0548635
0.0548641
0.0548629
0.0548599
0.0548548
0.0548478
0.0548383
0.0548267
0.054813
0.054797
