0.7
0.699999
0.699996
0.699992
0.699986
0.699979
0.69997
0.69996
0.699949
0.699936
0.699922
0.699906
0.69989
0.699872
0.699852
0.699832
0.69981
0.699787
0.699763
0.699738
0.699712
0.699685
0.699657
0.699628
0.699598
0.699568
0.699536
0.699504
0.699471
0.699437
0.699403
0.699368
0.699333
0.699297
0.699261
0.699224
0.699187
0.699149
0.699111
0.699073
0.699035
0.698997
0.698958
0.698919
0.698881
0.698842
0.698803
0.698764
0.698726
0.698687
0.698649
0.69861
0.698572
0.698534
0.698497
0.698459
0.698422
0.698385
0.698349
0.698313
0.698277
0.698242
0.698207
0.698172
0.698138
0.698105
0.698072
0.698039
0.698007
0.697975
0.697944
0.697914
0.697884
0.697854
0.697825
0.697797
0.697769
0.697741
0.697714
0.697688
0.697662
0.697636
0.697611
0.697587
0.697563
0.697539
0.697516
0.697494
0.697471
0.697449
0.697428
0.697407
0.697386
0.697365
0.697345
0.697325
0.697305
0.697286
0.697266
0.697247
0.697228
0.69721
0.697191
0.697173
0.697154
0.697136
0.697118
0.6971
0.697082
0.697064
0.697046
0.697028
0.697011
0.696993
0.696975
0.696958
0.69694
0.696922
0.696905
0.696887
0.69687
0.696853
0.696835
0.696818
0.696801
0.696784
0.696767
0.69675
0.696733
0.696716
0.696699
0.696682
0.696666
0.69665
0.696633
0.696617
0.696601
0.696586
0.69657
0.696555
0.69654
0.696525
0.69651
0.696495
0.696481
0.696467
0.696453
0.696439
0.696426
0.696413
0.6964
0.696387
0.696375
0.696363
0.696351
0.69634
0.696328
0.696317
0.696307
0.696296
0.696286
0.696276
0.696267
0.696257
0.696248
0.696239
0.696231
0.696222
0.696214
0.696206
0.696199
0.696191
0.696184
0.696177
0.69617
0.696164
0.696158
0.696151
0.696145
0.696139
0.696134
0.696128
0.696123
0.696118
0.696112
0.696107
0.696102
0.696098
0.696093
0.696088
0.696084
0.696079
0.696075
0.69607
0.696066
0.696061
0.696057
0.696053
0.696048
0.696044
0.69604
0.696036
0.696031
0.696027
0.696023
0.696019
0.696014
0.69601
0.696006
0.696002
0.695997
0.695993
0.695989
0.695984
0.69598
0.695975
0.695971
0.695967
0.695962
0.695958
0.695953
0.695949
0.695944
0.69594
0.695935
0.695931
0.695926
0.695921
0.695917
0.695912
0.695907
0.695902
0.695898
0.695893
0.695888
0.695883
0.695878
0.695873
0.695868
0.695863
0.695858
0.695853
0.695848
0.695843
0.695838
0.695833
0.695828
0.695822
0.695817
0.695812
0.695807
0.695801
0.695796
0.695791
0.695785
0.69578
0.695775
0.695769
0.695764
0.695758
0.695753
0.695747
0.695742
0.695736
0.695731
0.695725
0.69572
0.695714
0.695709
0.695703
0.695698
0.695692
0.695687
0.695681
0.695676
0.69567
0.695664
0.695659
0.695653
0.695648
0.695642
0.695637
0.695631
0.695626
0.69562
0.695615
0.69561
0.695604
0.695599
0.695594
0.695589
0.695584
0.695579
0.695574
0.695569
0.695564
0.695559
0.695555
0.69555
0.695546
0.695541
0.695537
0.695533
0.695529
0.695525
0.695521
0.695517
0.695514
0.69551
0.695507
0.695503
0.6955
0.695497
0.695494
0.695491
0.695488
0.695485
0.695482
0.695479
0.695477
0.695474
0.695472
0.695469
0.695467
0.695464
0.695462
0.69546
0.695458
0.695456
0.695454
0.695452
0.695451
0.695449
0.695448
0.695446
0.695445
0.695443
0.695442
0.695441
0.69544
0.69544
0.695439
0.695438
0.695438
0.695438
0.695438
0.695438
0.695438
0.695438
0.695438
0.695439
0.69544
0.695441
0.695442
0.695443
0.695444
0.695445
0.695447
0.695449
0.69545
0.695452
0.695454
0.695456
0.695459
0.695461
0.695463
0.695466
0.695468
0.695471
0.695473
0.695476
0.695479
0.695481
0.695484
0.695487
0.69549
0.695492
0.695495
0.695498
0.6955
0.695503
0.695505
0.695508
0.69551
0.695513
0.695515
0.695517
0.695519
0.695521
0.695523
0.695525
0.695527
0.695529
0.69553
0.695532
0.695533
0.695534
0.695536
0.695537
0.695538
0.695539
0.69554
0.695541
0.695541
0.695542
0.695543
0.695543
0.695544
0.695545
0.695545
0.695546
0.695546
0.695547
0.695547
0.695548
0.695549
0.695549
0.69555
0.695551
0.695552
0.695552
0.695553
0.695554
0.695555
0.695557
0.695558
0.695559
0.695561
0.695562
0.695564
0.695565
0.695567
0.695569
0.695571
0.695573
0.695575
0.695578
0.69558
0.695583
0.695585
0.695588
0.695591
0.695594
0.695597
0.6956
0.695604
0.695607
0.69561
0.695614
0.695618
0.695621
0.695625
0.695629
0.695633
0.695637
0.695641
0.695646
0.69565
0.695654
0.695659
0.695663
0.695668
0.695672
0.695677
0.695681
0.695686
0.695691
0.695696
0.6957
0.695705
0.69571
0.695714
0.695719
0.695723
0.695728
0.695732
0.695737
0.695741
0.695745
0.69575
0.695754
0.695757
0.695761
0.695765
0.695768
0.695772
0.695775
0.695778
0.695781
0.695783
0.695785
0.695788
0.69579
0.695791
0.695793
0.695794
0.695795
0.695796
0.695796
0.695796
0.695796
0.695796
0.695796
0.695795
0.695794
0.695792
0.695791
0.695789
0.695787
0.695784
0.695782
0.695779
0.695776
0.695773
0.695769
0.695765
0.695761
0.695757
0.695753
0.695748
0.695744
0.695739
0.695734
0.695729
0.695723
0.695718
0.695713
0.695707
0.695701
0.695695
0.69569
0.695684
0.695678
0.695672
0.695666
0.695659
0.695653
0.695647
0.695641
0.695635
0.695629
0.695623
0.695617
0.695611
0.695605
0.695599
0.695593
0.695587
0.695582
0.695576
0.695571
0.695565
0.69556
0.695554
0.695549
0.695544
0.695539
0.695534
0.695529
0.695524
0.695519
0.695515
0.69551
0.695506
0.695501
0.695497
0.695493
0.695489
0.695485
0.695481
0.695478
0.695474
0.695471
0.695467
0.695464
0.695461
0.695458
0.695455
0.695453
0.69545
0.695448
0.695446
0.695443
0.695441
0.69544
0.695438
0.695436
0.695435
0.695434
0.695433
0.695432
0.695431
0.69543
0.69543
0.69543
0.695429
0.695429
0.695429
0.69543
0.69543
0.695431
0.695431
0.695432
0.695433
0.695434
0.695436
0.695437
0.695439
0.69544
0.695442
0.695444
0.695446
0.695448
0.695451
0.695453
0.695456
0.695458
0.695461
0.695464
0.695467
0.695471
0.695474
0.695477
0.695481
0.695484
0.695488
0.695492
0.695496
0.6955
0.695505
0.695509
0.695513
0.695518
0.695523
0.695527
0.695532
0.695537
0.695542
0.695548
0.695553
0.695558
0.695564
0.695569
0.695575
0.695581
0.695586
0.695592
0.695598
0.695604
0.69561
0.695616
0.695623
0.695629
0.695635
0.695641
0.695648
0.695654
0.695661
0.695667
0.695673
0.69568
0.695686
0.695693
0.695699
0.695706
0.695712
0.695718
0.695725
0.695731
0.695738
0.695744
0.69575
0.695756
0.695762
0.695769
0.695775
0.695781
0.695787
0.695792
0.695798
0.695804
0.69581
0.695815
0.695821
0.695826
0.695831
0.695837
0.695842
0.695847
0.695852
0.695856
0.695861
0.695866
0.69587
0.695874
0.695879
0.695883
0.695887
0.695891
0.695894
0.695898
0.695901
0.695905
0.695908
0.695911
0.695914
0.695917
0.695919
0.695922
0.695924
0.695927
0.695929
0.695931
0.695933
0.695935
0.695936
0.695938
0.695939
0.695941
0.695942
0.695943
0.695944
0.695945
0.695946
0.695947
0.695948
0.695949
0.695949
0.69595
0.695951
0.695951
0.695952
0.695952
0.695952
0.695952
0.695953
0.695953
0.695953
0.695953
0.695953
0.695953
0.695953
0.695953
0.695953
0.695953
0.695953
0.695953
0.695953
0.695953
0.695953
0.695952
0.695952
0.695952
0.695952
0.695952
0.695952
0.695951
0.695951
0.695951
0.695951
0.695951
0.69595
0.69595
0.69595
0.69595
0.69595
0.69595
0.695949
0.695949
0.695949
0.695949
0.695949
0.695949
0.695949
0.695949
0.695949
0.695949
0.695949
0.695949
0.695949
0.695949
0.695949
0.695949
0.695949
0.695949
0.695949
0.695949
0.695949
0.695949
0.695949
0.695948
0.695948
0.695948
0.695948
0.695948
0.695948
0.695947
0.695947
0.695947
0.695946
0.695946
0.695945
0.695945
0.695944
0.695943
0.695942
0.695942
0.695941
0.69594
0.695939
0.695938
0.695937
0.695935
0.695934
0.695933
0.695932
0.69593
0.695929
0.695927
0.695926
0.695924
0.695922
0.695921
0.695919
0.695917
0.695915
0.695913
0.695911
0.69591
0.695908
0.695906
0.695904
0.695902
0.6959
0.695898
0.695896
0.695894
0.695893
0.695891
0.695889
0.695887
0.695886
0.695884
0.695882
0.695881
0.695879
0.695878
0.695876
0.695875
0.695874
0.695873
0.695871
0.69587
0.695869
0.695868
0.695867
0.695866
0.695865
0.695865
0.695864
0.695863
0.695863
0.695862
0.695861
0.695861
0.69586
0.69586
0.69586
0.695859
0.695859
0.695858
0.695858
0.695858
0.695858
0.695857
0.695857
0.695857
0.695857
0.695857
0.695857
0.695857
0.695857
0.695857
0.695857
0.695857
0.695857
0.695857
0.695858
0.695858
0.695858
0.695859
0.695859
0.69586
0.69586
0.695861
0.695862
0.695863
0.695864
0.695865
0.695866
0.695867
0.695868
0.695869
0.695871
0.695873
0.695874
0.695876
0.695878
0.69588
0.695882
0.695884
0.695887
0.695889
0.695892
0.695894
0.695897
0.6959
0.695903
0.695906
0.695909
0.695912
0.695915
0.695918
0.695922
0.695925
0.695929
0.695932
0.695936
0.695939
0.695943
0.695946
0.69595
0.695954
0.695958
0.695961
0.695965
0.695969
0.695973
0.695976
0.69598
0.695984
0.695988
0.695992
0.695996
0.695999
0.696003
0.696007
0.696011
0.696015
0.696018
0.696022
0.696026
0.69603
0.696034
0.696037
0.696041
0.696045
0.696049
0.696052
0.696056
0.69606
0.696064
0.696067
0.696071
0.696075
0.696078
0.696082
0.696086
0.696089
0.696093
0.696097
0.6961
0.696104
0.696107
0.696111
0.696114
0.696118
0.696121
0.696125
0.696128
0.696132
0.696135
0.696138
0.696141
0.696145
0.696148
0.696151
0.696154
0.696157
0.69616
0.696163
0.696166
0.696169
0.696171
0.696174
0.696177
0.696179
0.696182
0.696184
0.696186
0.696189
0.696191
0.696193
0.696195
0.696197
0.696198
0.6962
0.696202
0.696203
0.696205
0.696206
0.696207
0.696208
0.696209
0.69621
0.69621
0.696211
0.696211
0.696211
0.696211
0.696211
0.69621
0.69621
0.696209
0.696208
0.696207
0.696205
0.696204
0.696202
0.6962
0.696198
0.696195
0.696193
0.69619
0.696187
0.696183
0.69618
0.696176
0.696172
0.696168
0.696164
0.696159
0.696154
0.696149
0.696144
0.696139
0.696133
0.696127
0.696121
0.696115
0.696109
0.696102
0.696096
0.696089
0.696082
0.696076
0.696069
0.696061
0.696054
0.696047
0.69604
0.696032
0.696025
0.696017
0.696009
0.696002
0.695994
0.695986
0.695979
0.695971
0.695963
0.695955
0.695947
0.69594
0.695932
0.695924
0.695916
0.695908
0.6959
0.695893
0.695885
0.695877
0.695869
0.695861
0.695854
0.695846
0.695838
0.69583
0.695823
0.695815
0.695807
0.6958
0.695792
0.695784
0.695777
0.695769
0.695762
0.695755
0.695747
0.69574
0.695733
0.695726
0.695718
0.695711
0.695704
0.695698
0.695691
0.695684
0.695678
0.695671
0.695665
0.695659
0.695653
0.695647
0.695641
0.695635
0.69563
0.695624
0.695619
0.695614
0.695609
0.695604
0.6956
0.695595
0.695591
0.695587
0.695583
0.695579
0.695576
0.695573
0.695569
0.695566
0.695563
0.695561
0.695558
0.695556
0.695553
0.695551
0.695549
0.695548
0.695546
0.695544
0.695543
0.695541
0.69554
0.695539
0.695538
0.695537
0.695536
0.695535
0.695535
0.695534
0.695533
0.695533
0.695532
0.695532
0.695531
0.695531
0.695531
0.69553
0.69553
0.695529
0.695529
0.695529
0.695528
0.695528
0.695527
0.695527
0.695526
0.695525
0.695525
0.695524
0.695523
0.695522
0.695521
0.69552
0.695519
0.695518
0.695517
0.695516
0.695514
0.695513
0.695511
0.69551
0.695508
0.695506
0.695505
0.695503
0.695501
0.695499
0.695497
0.695494
0.695492
0.69549
0.695488
0.695485
0.695483
0.69548
0.695478
0.695476
0.695473
0.695471
0.695469
0.695466
0.695464
0.695462
0.69546
0.695457
0.695456
0.695454
0.695452
0.69545
0.695449
0.695447
0.695446
0.695445
0.695444
0.695444
0.695443
0.695443
0.695443
0.695443
0.695443
0.695444
0.695444
0.695445
0.695447
0.695448
0.69545
0.695452
0.695454
0.695456
0.695459
0.695462
0.695465
0.695468
0.695472
0.695476
0.69548
0.695484
0.695488
0.695493
0.695498
0.695502
0.695508
0.695513
0.695518
0.695524
0.695529
0.695535
0.695541
0.695546
0.695552
0.695558
0.695564
0.69557
0.695576
0.695582
0.695589
0.695595
0.695601
0.695607
0.695613
0.695619
0.695624
0.69563
0.695636
0.695642
0.695647
0.695653
0.695658
0.695663
0.695669
0.695674
0.695679
0.695683
0.695688
0.695693
0.695697
0.695702
0.695706
0.69571
0.695714
0.695718
0.695721
0.695725
0.695728
0.695731
0.695734
0.695737
0.69574
0.695743
0.695745
0.695748
0.69575
0.695752
0.695754
0.695756
0.695757
0.695759
0.69576
0.695762
0.695763
0.695764
0.695765
0.695766
0.695767
0.695768
0.695769
0.69577
0.695771
0.695771
0.695772
0.695773
0.695773
0.695774
0.695775
0.695775
0.695776
0.695777
0.695778
0.695779
0.69578
0.695781
0.695782
0.695783
0.695784
0.695785
0.695786
0.695788
0.695789
0.695791
0.695792
0.695794
0.695796
0.695798
0.6958
0.695802
0.695804
0.695807
0.695809
0.695811
0.695814
0.695817
0.695819
0.695822
0.695825
0.695828
0.695831
0.695834
0.695837
0.695841
0.695844
0.695848
0.695851
0.695855
0.695858
0.695862
0.695866
0.69587
0.695874
0.695878
0.695882
0.695886
0.69589
0.695894
0.695898
0.695903
0.695907
0.695912
0.695916
0.695921
0.695926
0.69593
0.695935
0.69594
0.695944
0.695949
0.695954
0.695959
0.695964
0.695969
0.695974
0.695978
0.695983
0.695988
0.695993
0.695998
0.696002
0.696007
0.696011
0.696016
0.69602
0.696025
0.696029
0.696033
0.696037
0.696041
0.696045
0.696049
0.696052
0.696056
0.696059
0.696062
0.696065
0.696068
0.696071
0.696074
0.696076
0.696079
0.696081
0.696083
0.696085
0.696086
0.696088
0.69609
0.696091
0.696092
0.696093
0.696094
0.696095
0.696095
0.696096
0.696096
0.696096
0.696096
0.696096
0.696096
0.696096
0.696096
0.696095
0.696095
0.696094
0.696093
0.696093
0.696092
0.696091
0.69609
0.696089
0.696088
0.696086
0.696085
0.696084
0.696083
0.696081
0.69608
0.696079
0.696077
0.696076
0.696074
0.696073
0.696071
0.69607
0.696068
0.696067
0.696065
0.696063
0.696062
0.69606
0.696059
0.696057
0.696056
0.696054
0.696053
0.696051
0.69605
0.696049
0.696047
0.696046
0.696045
0.696044
0.696043
0.696041
0.69604
0.696039
0.696038
0.696038
0.696037
0.696036
0.696035
0.696035
0.696034
0.696033
0.696033
0.696032
0.696032
0.696032
0.696031
0.696031
0.696031
0.69603
0.69603
0.69603
0.69603
0.69603
0.69603
0.69603
0.69603
0.69603
0.69603
0.69603
0.69603
0.69603
0.69603
0.69603
0.69603
0.69603
0.69603
0.69603
0.69603
0.69603
0.69603
0.69603
0.69603
0.69603
0.69603
0.696031
0.696031
0.696031
0.696031
0.696031
0.696031
0.696031
0.696031
0.696031
0.696031
0.696032
0.696032
0.696032
0.696032
0.696032
0.696032
0.696032
0.696033
0.696033
0.696033
0.696033
0.696033
0.696034
0.696034
0.696034
0.696034
0.696035
0.696035
0.696036
0.696036
0.696037
0.696037
0.696038
0.696038
0.696039
0.69604
0.69604
0.696041
0.696042
0.696043
0.696044
0.696044
0.696045
0.696046
0.696047
0.696048
0.696049
0.69605
0.696051
0.696052
0.696053
0.696054
0.696055
0.696056
0.696057
0.696058
0.696059
0.69606
0.696061
0.696062
0.696063
0.696063
0.696064
0.696065
0.696065
0.696066
0.696066
0.696067
0.696067
0.696067
0.696067
0.696068
0.696068
0.696068
0.696068
0.696067
0.696067
0.696067
0.696067
0.696066
0.696066
0.696065
0.696065
0.696064
0.696064
0.696063
0.696062
0.696062
0.696061
0.69606
0.696059
0.696058
0.696057
0.696056
0.696055
0.696055
0.696054
0.696053
0.696052
0.696051
0.69605
0.696049
0.696048
0.696047
0.696046
0.696045
0.696044
0.696043
0.696042
0.696041
0.69604
0.696039
0.696038
0.696037
0.696036
0.696035
0.696034
0.696032
0.696031
0.69603
0.696029
0.696027
0.696026
0.696025
0.696023
0.696022
0.69602
0.696019
0.696017
0.696015
0.696014
0.696012
0.69601
0.696008
0.696006
0.696004
0.696003
0.696001
0.695999
0.695997
0.695995
0.695993
0.695991
0.695989
0.695988
0.695986
0.695984
0.695982
0.695981
0.695979
0.695978
0.695976
0.695975
0.695974
0.695973
0.695972
0.695971
0.69597
0.695969
0.695968
0.695968
0.695968
0.695967
0.695967
0.695967
0.695967
0.695967
0.695967
0.695967
0.695968
0.695968
0.695969
0.695969
0.69597
0.695971
0.695971
0.695972
0.695973
0.695974
0.695975
0.695976
0.695977
0.695978
0.695978
0.695979
0.69598
0.695981
0.695982
0.695983
0.695984
0.695985
0.695985
0.695986
0.695987
0.695988
0.695988
0.695989
0.695989
0.69599
0.69599
0.69599
0.695991
0.695991
0.695991
0.695991
0.695991
0.695991
0.695991
0.69599
0.69599
0.69599
0.695989
0.695989
0.695988
0.695987
0.695987
0.695986
0.695985
0.695984
0.695983
0.695982
0.695981
0.69598
0.695979
0.695978
0.695976
0.695975
0.695974
0.695973
0.695972
0.695971
0.695969
0.695968
0.695967
0.695966
0.695965
0.695964
0.695963
0.695962
0.695961
0.69596
0.695959
0.695959
0.695958
0.695957
0.695957
0.695956
0.695956
0.695955
0.695955
0.695954
0.695954
0.695954
0.695954
0.695954
0.695954
0.695954
0.695954
0.695954
0.695954
0.695954
0.695954
0.695954
0.695954
0.695954
0.695955
0.695955
0.695955
0.695955
0.695955
0.695955
0.695955
0.695955
0.695955
0.695955
0.695955
0.695955
0.695955
0.695954
0.695954
0.695954
0.695954
0.695953
0.695953
0.695952
0.695951
0.695951
0.69595
0.695949
0.695949
0.695948
0.695947
0.695946
0.695945
0.695944
0.695943
0.695942
0.695941
0.69594
0.695938
0.695937
0.695936
0.695935
0.695934
0.695932
0.695931
0.69593
0.695928
0.695927
0.695925
0.695924
0.695923
0.695921
0.69592
0.695918
0.695917
0.695915
0.695914
0.695913
0.695911
0.69591
0.695908
0.695907
0.695905
0.695904
0.695903
0.695901
0.6959
0.695899
0.695897
0.695896
0.695895
0.695894
0.695893
0.695892
0.695891
0.69589
0.695889
0.695888
0.695887
0.695886
0.695885
0.695885
0.695884
0.695884
0.695883
0.695883
0.695882
0.695882
0.695882
0.695882
0.695882
0.695882
0.695882
0.695882
0.695882
0.695882
0.695883
0.695883
0.695883
0.695884
0.695884
0.695885
0.695886
0.695886
0.695887
0.695888
0.695889
0.695889
0.69589
0.695891
0.695893
0.695894
0.695895
0.695896
0.695897
0.695899
0.6959
0.695901
0.695903
0.695905
0.695906
0.695908
0.69591
0.695911
0.695913
0.695915
0.695917
0.695919
0.695921
0.695923
0.695925
0.695927
0.695929
0.695932
0.695934
0.695936
0.695938
0.695941
0.695943
0.695945
0.695948
0.69595
0.695953
0.695955
0.695957
0.69596
0.695962
0.695965
0.695967
0.695969
0.695972
0.695974
0.695976
0.695978
0.695981
0.695983
0.695985
0.695987
0.695989
0.695991
0.695993
0.695994
0.695996
0.695998
0.695999
0.696001
0.696003
0.696004
0.696005
0.696006
0.696008
0.696009
0.69601
0.696011
0.696012
0.696012
0.696013
0.696014
0.696014
0.696015
0.696015
0.696015
0.696015
0.696016
0.696016
0.696016
0.696016
0.696015
0.696015
0.696015
0.696015
0.696014
0.696014
0.696013
0.696013
0.696012
0.696011
0.696011
0.69601
0.696009
0.696008
0.696007
0.696006
0.696005
0.696004
0.696003
0.696002
0.696001
0.696
0.695999
0.695997
0.695996
0.695995
0.695993
0.695992
0.695991
0.695989
0.695988
0.695986
0.695985
0.695983
0.695982
0.69598
0.695979
0.695977
0.695975
0.695974
0.695972
0.69597
0.695968
0.695966
0.695964
0.695962
0.69596
0.695958
0.695956
0.695954
0.695952
0.69595
0.695947
0.695945
0.695942
0.69594
0.695937
0.695934
0.695932
0.695929
0.695926
0.695923
0.695919
0.695916
0.695913
0.695909
0.695906
0.695902
0.695898
0.695894
0.69589
0.695886
0.695881
0.695877
0.695872
0.695868
0.695863
0.695858
0.695853
0.695847
0.695842
0.695836
0.695831
0.695825
0.695819
0.695813
0.695807
0.695801
0.695794
0.695788
0.695781
0.695774
0.695768
0.695761
0.695754
0.695747
0.69574
0.695733
0.695726
0.695719
0.695712
0.695705
0.695698
0.695691
0.695684
0.695677
0.69567
0.695663
0.695656
0.69565
0.695643
0.695637
0.695631
0.695625
0.695619
0.695613
0.695607
0.695602
0.695597
0.695591
0.695587
0.695582
0.695577
0.695573
0.695569
0.695565
0.695561
0.695558
0.695555
0.695552
0.695549
0.695546
0.695543
0.695541
0.695539
0.695537
0.695535
0.695534
0.695532
0.695531
0.69553
0.695529
0.695528
0.695527
0.695527
0.695526
0.695526
0.695526
0.695526
0.695526
0.695526
0.695526
0.695527
0.695527
0.695528
0.695529
0.695529
0.69553
0.695532
0.695533
0.695534
0.695536
0.695537
0.695539
0.695541
0.695543
0.695545
0.695548
0.69555
0.695553
0.695556
0.695559
0.695562
0.695566
0.69557
0.695573
0.695578
0.695582
0.695586
0.695591
0.695596
0.695601
0.695607
0.695612
0.695618
0.695624
0.69563
0.695637
0.695644
0.69565
0.695657
0.695665
0.695672
0.69568
0.695688
0.695696
0.695704
0.695712
0.695721
0.695729
0.695738
0.695747
0.695756
0.695765
0.695775
0.695784
0.695794
0.695803
0.695813
0.695823
0.695833
0.695843
0.695853
0.695863
0.695873
0.695883
0.695893
0.695903
0.695913
0.695923
0.695933
0.695943
0.695953
0.695963
0.695973
0.695983
0.695993
0.696002
0.696012
0.696021
0.69603
0.696039
0.696048
0.696056
0.696065
0.696073
0.696081
0.696089
0.696096
0.696104
0.696111
0.696118
0.696124
0.696131
0.696137
0.696142
0.696148
0.696153
0.696158
0.696163
0.696167
0.696171
0.696175
0.696179
0.696182
0.696185
0.696188
0.69619
0.696192
0.696194
0.696196
0.696197
0.696198
0.696199
0.696199
0.6962
0.6962
0.696199
0.696199
0.696198
0.696197
0.696196
0.696194
0.696193
0.696191
0.696189
0.696186
0.696184
0.696181
0.696178
0.696175
0.696172
0.696169
0.696165
0.696161
0.696157
0.696153
0.696149
0.696145
0.69614
0.696136
0.696131
0.696126
0.696121
0.696116
0.696111
0.696106
0.696101
0.696095
0.69609
0.696084
0.696078
0.696073
0.696067
0.696061
0.696055
0.696049
0.696042
0.696036
0.69603
0.696023
0.696017
0.69601
0.696003
0.695996
0.695989
0.695982
0.695975
0.695968
0.69596
0.695953
0.695945
0.695938
0.69593
0.695922
0.695914
0.695906
0.695898
0.695889
0.695881
0.695873
0.695864
0.695855
0.695847
0.695838
0.69583
0.695821
0.695812
0.695803
0.695795
0.695786
0.695777
0.695769
0.69576
0.695752
0.695743
0.695735
0.695726
0.695718
0.69571
0.695702
0.695695
0.695687
0.69568
0.695672
0.695665
0.695659
0.695652
0.695646
0.695639
0.695633
0.695628
0.695622
0.695617
0.695612
0.695607
0.695602
0.695598
0.695594
0.69559
0.695587
0.695583
0.69558
0.695577
0.695574
0.695572
0.695569
0.695567
0.695565
0.695563
0.695561
0.695559
0.695557
0.695556
0.695554
0.695553
0.695551
0.69555
0.695549
0.695547
0.695546
0.695544
0.695543
0.695541
0.695539
0.695538
0.695536
0.695534
0.695532
0.69553
0.695528
0.695525
0.695523
0.69552
0.695517
0.695514
0.695511
0.695508
0.695505
0.695502
0.695498
0.695494
0.69549
0.695487
0.695483
0.695478
0.695474
0.69547
0.695466
0.695461
0.695457
0.695452
0.695448
0.695443
0.695439
0.695434
0.695429
0.695425
0.69542
0.695416
0.695412
0.695407
0.695403
0.695399
0.695395
0.69539
0.695387
0.695383
0.695379
0.695375
0.695372
0.695369
0.695365
0.695362
0.695359
0.695357
0.695354
0.695351
0.695349
0.695347
0.695345
0.695343
0.695341
0.69534
0.695339
0.695337
0.695336
0.695336
0.695335
0.695334
0.695334
0.695334
0.695334
0.695334
0.695335
0.695335
0.695336
0.695337
0.695338
0.695339
0.69534
0.695342
0.695343
0.695345
0.695347
0.695349
0.695351
0.695354
0.695356
0.695359
0.695361
0.695364
0.695367
0.69537
0.695373
0.695376
0.695379
0.695383
0.695386
0.695389
0.695393
0.695397
0.6954
0.695404
0.695408
0.695411
0.695415
0.695419
0.695423
0.695427
0.695431
0.695434
0.695438
0.695442
0.695446
0.69545
0.695454
0.695458
0.695462
0.695466
0.69547
0.695474
0.695478
0.695482
0.695486
0.69549
0.695494
0.695498
0.695502
0.695506
0.69551
0.695514
0.695518
0.695521
0.695525
0.695529
0.695533
0.695537
0.695541
0.695544
0.695548
0.695552
0.695556
0.695559
0.695563
0.695567
0.695571
0.695574
0.695578
0.695582
0.695585
0.695589
0.695593
0.695596
0.6956
0.695604
0.695607
0.695611
0.695615
0.695619
0.695623
0.695627
0.695631
0.695635
0.695639
0.695643
0.695648
0.695652
0.695656
0.695661
0.695666
0.69567
0.695675
0.69568
0.695685
0.69569
0.695695
0.695701
0.695706
0.695711
0.695717
0.695722
0.695728
0.695734
0.695739
0.695745
0.695751
0.695757
0.695762
0.695768
0.695774
0.69578
0.695785
0.695791
0.695797
0.695802
0.695808
0.695814
0.695819
0.695824
0.69583
0.695835
0.69584
0.695845
0.695849
0.695854
0.695858
0.695863
0.695867
0.695871
0.695875
0.695879
0.695882
0.695886
0.695889
0.695893
0.695896
0.695899
0.695901
0.695904
0.695906
0.695909
0.695911
0.695913
0.695915
0.695917
0.695919
0.695921
0.695922
0.695924
0.695925
0.695927
0.695928
0.695929
0.695931
0.695932
0.695933
0.695934
0.695935
0.695936
0.695937
0.695938
0.695938
0.695939
0.69594
0.695941
0.695941
0.695942
0.695942
0.695943
0.695943
0.695944
0.695944
0.695944
0.695945
0.695945
0.695945
0.695945
0.695945
0.695945
0.695945
0.695944
0.695944
0.695943
0.695943
0.695942
0.695941
0.69594
0.695939
0.695938
0.695937
0.695935
0.695933
0.695931
0.695929
0.695927
0.695925
0.695922
0.695919
0.695916
0.695913
0.695909
0.695906
0.695902
0.695898
0.695894
0.695889
0.695885
0.69588
0.695875
0.695869
0.695864
0.695858
0.695852
0.695846
0.69584
0.695834
0.695827
0.695821
0.695814
0.695807
0.6958
0.695793
0.695786
0.695779
0.695772
0.695764
0.695757
0.69575
0.695742
0.695735
0.695728
0.695721
0.695713
0.695706
0.695699
0.695692
0.695685
0.695679
0.695672
0.695666
0.69566
0.695654
0.695648
0.695642
0.695637
0.695631
0.695626
0.695622
0.695617
0.695613
0.695609
0.695605
0.695601
0.695598
0.695595
0.695592
0.69559
0.695588
0.695586
0.695584
0.695583
0.695581
0.695581
0.69558
0.69558
0.695579
0.695579
0.69558
0.69558
0.695581
0.695582
0.695583
0.695585
0.695586
0.695588
0.69559
0.695592
0.695594
0.695596
0.695598
0.6956
0.695603
0.695605
0.695608
0.69561
0.695613
0.695615
0.695618
0.69562
0.695622
0.695625
0.695627
0.695629
0.695631
0.695633
0.695635
0.695636
0.695638
0.695639
0.69564
0.695641
0.695642
0.695642
0.695642
0.695643
0.695642
0.695642
0.695641
0.69564
0.695639
0.695638
0.695636
0.695634
0.695632
0.69563
0.695627
0.695624
0.69562
0.695617
0.695613
0.695609
0.695605
0.6956
0.695595
0.69559
0.695585
0.695579
0.695574
0.695568
0.695562
0.695555
0.695549
0.695542
0.695535
0.695528
0.695521
0.695514
0.695507
0.6955
0.695492
0.695485
0.695477
0.69547
0.695463
0.695455
0.695448
0.69544
0.695433
0.695426
0.695419
0.695412
0.695406
0.695399
0.695393
0.695387
0.695381
0.695375
0.69537
0.695365
0.69536
0.695355
0.695351
0.695347
0.695344
0.69534
0.695337
0.695335
0.695332
0.695331
0.695329
0.695328
0.695327
0.695327
0.695326
0.695327
0.695327
0.695328
0.695329
0.695331
0.695333
0.695335
0.695338
0.69534
0.695343
0.695347
0.69535
0.695354
0.695358
0.695362
0.695367
0.695372
0.695376
0.695381
0.695387
0.695392
0.695397
0.695403
0.695408
0.695414
0.69542
0.695426
0.695432
0.695437
0.695443
0.695449
0.695455
0.695461
0.695467
0.695473
0.695479
0.695484
0.69549
0.695496
0.695501
0.695507
0.695512
0.695518
0.695523
0.695528
0.695533
0.695538
0.695542
0.695547
0.695551
0.695556
0.69556
0.695564
0.695568
0.695571
0.695575
0.695578
0.695581
0.695584
0.695587
0.69559
0.695592
0.695595
0.695597
0.695599
0.6956
0.695602
0.695603
0.695604
0.695605
0.695606
0.695607
0.695607
0.695608
0.695608
0.695608
0.695607
0.695607
0.695607
0.695606
0.695605
0.695605
0.695604
0.695603
0.695601
0.6956
0.695599
0.695598
0.695596
0.695595
0.695594
0.695592
0.695591
0.695589
0.695588
0.695586
0.695585
0.695583
0.695582
0.695581
0.695579
0.695578
0.695577
0.695576
0.695575
0.695574
0.695573
0.695572
0.695571
0.695571
0.69557
0.695569
0.695569
0.695569
0.695568
0.695568
0.695568
0.695568
0.695568
0.695569
0.695569
0.69557
0.69557
0.695571
0.695572
0.695573
0.695574
0.695575
0.695576
0.695577
0.695579
0.69558
0.695582
0.695584
0.695586
0.695588
0.69559
0.695592
0.695595
0.695597
0.6956
0.695603
0.695606
0.695609
0.695612
0.695615
0.695619
0.695622
0.695626
0.69563
0.695634
0.695638
0.695642
0.695646
0.69565
0.695655
0.695659
0.695664
0.695668
0.695673
0.695678
0.695683
0.695688
0.695693
0.695698
0.695703
0.695708
0.695713
0.695719
0.695724
0.695729
0.695734
0.695739
0.695744
0.695749
0.695755
0.695759
0.695764
0.695769
0.695774
0.695779
0.695783
0.695788
0.695792
0.695796
0.6958
0.695804
0.695808
0.695811
0.695815
0.695818
0.695821
0.695824
0.695827
0.69583
0.695832
0.695835
0.695837
0.695839
0.695841
0.695843
0.695844
0.695846
0.695847
0.695849
0.69585
0.695851
0.695852
0.695853
0.695854
0.695855
0.695856
0.695857
0.695857
0.695858
0.695859
0.69586
0.69586
0.695861
0.695862
0.695863
0.695864
0.695865
0.695866
0.695867
0.695868
0.695869
0.69587
0.695871
0.695873
0.695874
0.695876
0.695877
0.695879
0.69588
0.695882
0.695884
0.695886
0.695887
0.695889
0.695891
0.695893
0.695895
0.695897
0.695899
0.695901
0.695903
0.695904
0.695906
0.695908
0.69591
0.695912
0.695913
0.695915
0.695916
0.695918
0.695919
0.69592
0.695921
0.695922
0.695923
0.695924
0.695925
0.695925
0.695926
0.695926
0.695926
0.695926
0.695926
0.695925
0.695925
0.695924
0.695923
0.695922
0.695921
0.69592
0.695918
0.695917
0.695915
0.695913
0.695911
0.695909
0.695906
0.695904
0.695901
0.695898
0.695895
0.695892
0.695889
0.695885
0.695882
0.695878
0.695874
0.69587
0.695866
0.695862
0.695858
0.695854
0.695849
0.695845
0.69584
0.695836
0.695831
0.695826
0.695821
0.695816
0.695811
0.695806
0.695801
0.695796
0.695791
0.695786
0.69578
0.695775
0.69577
0.695765
0.69576
0.695754
0.695749
0.695744
0.695739
0.695734
0.695729
0.695724
0.695719
0.695714
0.695709
0.695704
0.6957
0.695695
0.69569
0.695686
0.695682
0.695677
0.695673
0.695669
0.695665
0.695661
0.695658
0.695654
0.69565
0.695647
0.695644
0.695641
0.695638
0.695635
0.695633
0.69563
0.695628
0.695626
0.695624
0.695622
0.69562
0.695619
0.695618
0.695617
0.695616
0.695615
0.695614
0.695614
0.695614
0.695614
0.695614
0.695615
0.695615
0.695616
0.695617
0.695618
0.695619
0.695621
0.695623
0.695624
0.695627
0.695629
0.695631
0.695634
0.695636
0.695639
0.695642
0.695645
0.695649
0.695652
0.695656
0.695659
0.695663
0.695667
0.695671
0.695675
0.695679
0.695684
0.695688
0.695692
0.695697
0.695701
0.695706
0.69571
0.695715
0.695719
0.695724
0.695729
0.695733
0.695738
0.695742
0.695747
0.695751
0.695756
0.69576
0.695765
0.695769
0.695773
0.695777
0.695782
0.695786
0.69579
0.695794
0.695798
0.695802
0.695806
0.69581
0.695814
0.695817
0.695821
0.695825
0.695829
0.695832
0.695836
0.69584
0.695843
0.695847
0.695851
0.695854
0.695858
0.695862
0.695865
0.695869
0.695873
0.695877
0.69588
0.695884
0.695888
0.695892
0.695896
0.6959
0.695904
0.695908
0.695913
0.695917
0.695921
0.695926
0.69593
0.695935
0.695939
0.695944
0.695949
0.695954
0.695959
0.695964
0.695969
0.695974
0.695979
0.695984
0.69599
0.695995
0.696001
0.696006
0.696012
0.696018
0.696024
0.69603
0.696036
0.696042
0.696048
0.696054
0.69606
0.696067
0.696073
0.69608
0.696086
0.696093
0.696099
0.696106
0.696113
0.69612
0.696127
0.696133
0.69614
0.696147
0.696154
0.696161
0.696168
0.696175
0.696182
0.696189
0.696196
0.696203
0.69621
0.696216
0.696223
0.69623
0.696236
0.696243
0.696249
0.696256
0.696262
0.696268
0.696274
0.69628
0.696285
0.696291
0.696296
0.696301
0.696306
0.696311
0.696315
0.696319
0.696323
0.696327
0.696331
0.696334
0.696337
0.69634
0.696342
0.696345
0.696347
0.696348
0.69635
0.696351
0.696352
0.696352
0.696353
0.696353
0.696353
0.696352
0.696351
0.69635
0.696349
0.696347
0.696345
0.696343
0.69634
0.696337
0.696334
0.696331
0.696327
0.696323
0.696319
0.696314
0.696309
0.696304
0.696299
0.696293
0.696287
0.696281
0.696275
0.696268
0.696261
0.696254
0.696247
0.696239
0.696231
0.696223
0.696215
0.696206
0.696197
0.696188
0.696179
0.69617
0.696161
0.696151
0.696141
0.696131
0.696121
0.696111
0.696101
0.69609
0.69608
0.696069
0.696059
0.696048
0.696037
0.696026
0.696016
0.696005
0.695994
0.695983
0.695972
0.695961
0.69595
0.69594
0.695929
0.695918
0.695907
0.695897
0.695886
0.695876
0.695865
0.695855
0.695845
0.695835
0.695825
0.695815
0.695805
0.695795
0.695785
0.695776
0.695767
0.695757
0.695748
0.695739
0.695731
0.695722
0.695714
0.695706
0.695698
0.69569
0.695682
0.695675
0.695667
0.69566
0.695654
0.695647
0.695641
0.695635
0.695629
0.695624
0.695619
0.695614
0.695609
0.695605
0.695601
0.695597
0.695594
0.695591
0.695588
0.695585
0.695583
0.695582
0.69558
0.695579
0.695578
0.695578
0.695578
0.695578
0.695578
0.695579
0.69558
0.695582
0.695583
0.695585
0.695588
0.69559
0.695593
0.695597
0.6956
0.695604
0.695608
0.695612
0.695617
0.695621
0.695626
0.695631
0.695637
0.695642
0.695648
0.695654
0.69566
0.695666
0.695673
0.695679
0.695686
0.695692
0.695699
0.695706
0.695712
0.695719
0.695726
0.695733
0.69574
0.695747
0.695753
0.69576
0.695767
0.695773
0.69578
0.695786
0.695793
0.695799
0.695805
0.695811
0.695816
0.695822
0.695827
0.695833
0.695838
0.695842
0.695847
0.695851
0.695855
0.695859
0.695863
0.695867
0.69587
0.695873
0.695876
0.695879
0.695881
0.695884
0.695886
0.695888
0.695889
0.695891
0.695892
0.695894
0.695895
0.695896
0.695897
0.695897
0.695898
0.695899
0.695899
0.695899
0.6959
0.6959
0.6959
0.6959
0.6959
0.6959
0.6959
0.695901
0.695901
0.695901
0.695901
0.695901
0.695901
0.695901
0.695901
0.695902
0.695902
0.695902
0.695903
0.695903
0.695904
0.695904
0.695905
0.695906
0.695907
0.695908
0.695908
0.695909
0.69591
0.695912
0.695913
0.695914
0.695915
0.695917
0.695918
0.695919
0.695921
0.695922
0.695924
0.695925
0.695927
0.695928
0.69593
0.695931
0.695933
0.695934
0.695936
0.695937
0.695938
0.695939
0.695941
0.695942
0.695943
0.695944
0.695944
0.695945
0.695945
0.695946
0.695946
0.695946
0.695946
0.695946
0.695945
0.695945
0.695944
0.695943
0.695942
0.695941
0.695939
0.695938
0.695936
0.695934
0.695932
0.695929
0.695927
0.695924
0.695921
0.695918
0.695914
0.695911
0.695907
0.695904
0.6959
0.695896
0.695891
0.695887
0.695883
0.695878
0.695874
0.695869
0.695864
0.69586
0.695855
0.69585
0.695845
0.695841
0.695836
0.695831
0.695826
0.695822
0.695817
0.695813
0.695809
0.695805
0.695801
0.695797
0.695793
0.695789
0.695786
0.695783
0.69578
0.695777
0.695775
0.695773
0.695771
0.695769
0.695768
0.695767
0.695766
0.695766
0.695765
0.695765
0.695766
0.695767
0.695768
0.695769
0.69577
0.695772
0.695774
0.695777
0.695779
0.695782
0.695786
0.695789
0.695793
0.695797
0.695801
0.695805
0.695809
0.695814
0.695818
0.695823
0.695828
0.695833
0.695838
0.695844
0.695849
0.695854
0.69586
0.695865
0.69587
0.695876
0.695881
0.695886
0.695892
0.695897
0.695902
0.695907
0.695912
0.695917
0.695922
0.695927
0.695931
0.695936
0.69594
0.695945
0.695949
0.695953
0.695957
0.695961
0.695964
0.695968
0.695972
0.695975
0.695978
0.695982
0.695985
0.695988
0.695991
0.695993
0.695996
0.695999
0.696001
0.696004
0.696007
0.696009
0.696012
0.696014
0.696017
0.696019
0.696022
0.696025
0.696027
0.69603
0.696033
0.696036
0.696039
0.696042
0.696045
0.696048
0.696052
0.696055
0.696059
0.696063
0.696067
0.696071
0.696076
0.69608
0.696085
0.69609
0.696095
0.6961
0.696106
0.696111
0.696117
0.696123
0.696129
0.696135
0.696142
0.696149
0.696155
0.696162
0.69617
0.696177
0.696185
0.696192
0.6962
0.696208
0.696216
0.696225
0.696233
0.696242
0.696251
0.696259
0.696268
0.696278
0.696287
0.696296
0.696306
0.696315
0.696325
0.696335
0.696344
0.696354
0.696364
0.696374
0.696384
0.696394
0.696405
0.696415
0.696425
0.696435
0.696445
0.696455
0.696466
0.696476
0.696486
0.696496
0.696506
0.696515
0.696525
0.696535
0.696544
0.696553
0.696562
0.696571
0.69658
0.696589
0.696597
0.696605
0.696613
0.696621
0.696628
0.696635
0.696642
0.696648
0.696654
0.69666
0.696665
0.69667
0.696675
0.696679
0.696683
0.696686
0.69669
0.696692
0.696694
0.696696
0.696698
0.696699
0.696699
0.696699
0.696699
0.696698
0.696697
0.696696
0.696694
0.696691
0.696689
0.696685
0.696682
0.696678
0.696673
0.696669
0.696664
0.696658
0.696652
0.696646
0.696639
0.696633
0.696625
0.696618
0.69661
0.696602
0.696594
0.696585
0.696576
0.696567
0.696558
0.696548
0.696538
0.696528
0.696518
0.696508
0.696497
0.696487
0.696476
0.696465
0.696455
0.696444
0.696433
0.696422
0.696411
0.6964
0.696389
0.696378
0.696367
0.696356
0.696345
0.696335
0.696324
0.696313
0.696303
0.696293
0.696283
0.696273
0.696263
0.696253
0.696244
0.696235
0.696225
0.696216
0.696208
0.696199
0.696191
0.696182
0.696174
0.696166
0.696158
0.696151
0.696143
0.696136
0.696129
0.696122
0.696115
0.696108
0.696102
0.696095
0.696089
0.696083
0.696077
0.696071
0.696065
0.696059
0.696054
0.696048
0.696043
0.696038
0.696032
0.696027
0.696022
0.696017
0.696012
0.696007
0.696003
0.695998
0.695993
0.695989
0.695984
0.69598
0.695975
0.695971
0.695966
0.695962
0.695958
0.695954
0.695949
0.695945
0.695941
0.695937
0.695933
0.695928
0.695924
0.69592
0.695916
0.695912
0.695907
0.695903
0.695899
0.695895
0.69589
0.695886
0.695882
0.695877
0.695873
0.695869
0.695864
0.69586
0.695856
0.695851
0.695847
0.695842
0.695838
0.695834
0.695829
0.695825
0.695821
0.695816
0.695812
0.695808
0.695804
0.6958
0.695796
0.695793
0.695789
0.695785
0.695782
0.695779
0.695776
0.695773
0.695771
0.695768
0.695766
0.695764
0.695762
0.695761
0.69576
0.695759
0.695758
0.695757
0.695757
0.695757
0.695758
0.695759
0.69576
0.695761
0.695762
0.695764
0.695767
0.695769
0.695772
0.695775
0.695778
0.695782
0.695786
0.69579
0.695795
0.6958
0.695805
0.69581
0.695815
0.695821
0.695827
0.695833
0.69584
0.695846
0.695853
0.695859
0.695866
0.695873
0.69588
0.695888
0.695895
0.695902
0.695909
0.695917
0.695924
0.695931
0.695939
0.695946
0.695953
0.69596
0.695967
0.695974
0.695981
0.695988
0.695994
0.696001
0.696007
0.696013
0.696019
0.696025
0.69603
0.696035
0.696041
0.696045
0.69605
0.696055
0.696059
0.696063
0.696067
0.69607
0.696073
0.696076
0.696079
0.696082
0.696084
0.696086
0.696088
0.69609
0.696092
0.696093
0.696094
0.696095
0.696095
0.696096
0.696096
0.696096
0.696096
0.696096
0.696096
0.696095
0.696094
0.696093
0.696092
0.696091
0.69609
0.696088
0.696087
0.696085
0.696084
0.696082
0.69608
0.696078
0.696076
0.696074
0.696072
0.69607
0.696067
0.696065
0.696063
0.69606
0.696058
0.696056
0.696053
0.696051
0.696048
0.696046
0.696043
0.696041
0.696039
0.696036
0.696034
0.696031
0.696028
0.696026
0.696023
0.696021
0.696018
0.696016
0.696013
0.696011
0.696008
0.696005
0.696003
0.696
0.695998
0.695995
0.695992
0.69599
0.695987
0.695984
0.695981
0.695979
0.695976
0.695973
0.69597
0.695967
0.695964
0.695961
0.695958
0.695954
0.695951
0.695948
0.695945
0.695941
0.695938
0.695934
0.695931
0.695927
0.695923
0.69592
0.695916
0.695912
0.695908
0.695904
0.6959
0.695896
0.695892
0.695888
0.695884
0.69588
0.695875
0.695871
0.695867
0.695863
0.695859
0.695855
0.695851
0.695847
0.695843
0.69584
0.695836
0.695832
0.695829
0.695826
0.695823
0.69582
0.695817
0.695814
0.695812
0.695809
0.695807
0.695805
0.695803
0.695802
0.695801
0.695799
0.695799
0.695798
0.695797
0.695797
0.695797
0.695797
0.695797
0.695798
0.695798
0.695799
0.6958
0.695801
0.695802
0.695803
0.695805
0.695806
0.695808
0.695809
0.695811
0.695813
0.695814
0.695816
0.695818
0.69582
0.695822
0.695824
0.695825
0.695827
0.695829
0.695831
0.695833
0.695834
0.695836
0.695838
0.695839
0.695841
0.695843
0.695844
0.695846
0.695847
0.695849
0.69585
0.695852
0.695853
0.695855
0.695856
0.695858
0.695859
0.695861
0.695862
0.695864
0.695865
0.695867
0.695868
0.69587
0.695871
0.695873
0.695875
0.695876
0.695878
0.69588
0.695882
0.695884
0.695886
0.695888
0.69589
0.695892
0.695894
0.695896
0.695899
0.695901
0.695903
0.695906
0.695908
0.695911
0.695913
0.695916
0.695918
0.695921
0.695924
0.695926
0.695929
0.695932
0.695934
0.695937
0.69594
0.695942
0.695945
0.695947
0.69595
0.695952
0.695955
0.695957
0.695959
0.695962
0.695964
0.695966
0.695968
0.69597
0.695971
0.695973
0.695975
0.695976
0.695978
0.695979
0.69598
0.695981
0.695982
0.695983
0.695984
0.695985
0.695986
0.695986
0.695987
0.695987
0.695988
0.695988
0.695988
0.695989
0.695989
0.695989
0.695989
0.69599
0.69599
0.69599
0.69599
0.695991
0.695991
0.695992
0.695992
0.695993
0.695994
0.695994
0.695995
0.695996
0.695997
0.695999
0.696
0.696001
0.696003
0.696005
0.696007
0.696009
0.696011
0.696013
0.696015
0.696018
0.69602
0.696023
0.696026
0.696029
0.696032
0.696035
0.696038
0.696042
0.696045
0.696048
0.696052
0.696055
0.696059
0.696062
0.696066
0.69607
0.696073
0.696077
0.69608
0.696084
0.696087
0.696091
0.696094
0.696097
0.696101
0.696104
0.696107
0.69611
0.696113
0.696116
0.696118
0.696121
0.696124
0.696126
0.696128
0.696131
0.696133
0.696135
0.696137
0.696138
0.69614
0.696142
0.696143
0.696144
0.696146
0.696147
0.696148
0.696149
0.69615
0.696151
0.696151
0.696152
0.696153
0.696153
0.696153
0.696154
0.696154
0.696155
0.696155
0.696155
0.696155
0.696155
0.696156
0.696156
0.696156
0.696156
0.696156
0.696157
0.696157
0.696157
0.696158
0.696158
0.696159
0.696159
0.69616
0.696161
0.696161
0.696162
0.696163
0.696165
0.696166
0.696167
0.696169
0.69617
0.696172
0.696174
0.696175
0.696177
0.69618
0.696182
0.696184
0.696186
0.696189
0.696191
0.696194
0.696197
0.6962
0.696202
0.696205
0.696208
0.696211
0.696214
0.696217
0.69622
0.696223
0.696226
0.696229
0.696232
0.696234
0.696237
0.69624
0.696243
0.696245
0.696248
0.69625
0.696253
0.696255
0.696257
0.696259
0.696261
0.696263
0.696264
0.696266
0.696267
0.696268
0.696269
0.69627
0.696271
0.696271
0.696272
0.696272
0.696272
0.696271
0.696271
0.69627
0.696269
0.696268
0.696267
0.696266
0.696264
0.696262
0.69626
0.696257
0.696255
0.696252
0.696249
0.696246
0.696242
0.696239
0.696235
0.696231
0.696226
0.696222
0.696217
0.696213
0.696208
0.696202
0.696197
0.696192
0.696186
0.696181
0.696175
0.696169
0.696163
0.696157
0.696151
0.696145
0.696139
0.696133
0.696126
0.69612
0.696114
0.696108
0.696102
0.696096
0.69609
0.696084
0.696078
0.696072
0.696066
0.69606
0.696054
0.696049
0.696043
0.696038
0.696032
0.696027
0.696022
0.696017
0.696011
0.696007
0.696002
0.695997
0.695992
0.695988
0.695983
0.695979
0.695974
0.69597
0.695966
0.695962
0.695958
0.695954
0.69595
0.695947
0.695943
0.69594
0.695936
0.695933
0.69593
0.695927
0.695924
0.695921
0.695918
0.695915
0.695913
0.69591
0.695908
0.695906
0.695903
0.695901
0.695899
0.695897
0.695896
0.695894
0.695892
0.695891
0.695889
0.695888
0.695887
0.695886
0.695885
0.695884
0.695883
0.695882
0.695881
0.695881
0.69588
0.69588
0.69588
0.695879
0.695879
0.695879
0.695879
0.69588
0.69588
0.69588
0.695881
0.695881
0.695882
0.695882
0.695883
0.695884
0.695885
0.695886
0.695887
0.695888
0.695889
0.69589
0.695891
0.695893
0.695894
0.695895
0.695897
0.695898
0.695899
0.695901
0.695902
0.695904
0.695905
0.695907
0.695909
0.69591
0.695912
0.695913
0.695915
0.695916
0.695918
0.695919
0.695921
0.695922
0.695924
0.695925
0.695927
0.695928
0.695929
0.69593
0.695932
0.695933
0.695934
0.695935
0.695935
0.695936
0.695937
0.695938
0.695938
0.695939
0.695939
0.695939
0.69594
0.69594
0.69594
0.69594
0.69594
0.695939
0.695939
0.695939
0.695938
0.695938
0.695937
0.695937
0.695936
0.695935
0.695934
0.695934
0.695933
0.695932
0.695931
0.69593
0.695929
0.695928
0.695927
0.695926
0.695925
0.695924
0.695923
0.695923
0.695922
0.695921
0.69592
0.69592
0.695919
0.695918
0.695918
0.695917
0.695917
0.695917
0.695916
0.695916
0.695916
0.695916
0.695916
0.695916
0.695917
0.695917
0.695918
0.695918
0.695919
0.695919
0.69592
0.695921
0.695922
0.695923
0.695925
0.695926
0.695927
0.695929
0.695931
0.695932
0.695934
0.695936
0.695939
0.695941
0.695943
0.695946
0.695949
0.695952
0.695955
0.695958
0.695961
0.695965
0.695968
0.695972
0.695976
0.69598
0.695985
0.695989
0.695994
0.695999
0.696004
0.696009
0.696015
0.696021
0.696026
0.696032
0.696038
0.696045
0.696051
0.696057
0.696064
0.696071
0.696078
0.696085
0.696092
0.696099
0.696106
0.696113
0.696121
0.696128
0.696135
0.696143
0.69615
0.696157
0.696165
0.696172
0.696179
0.696186
0.696193
0.6962
0.696207
0.696214
0.696221
0.696227
0.696234
0.69624
0.696246
0.696252
0.696258
0.696263
0.696269
0.696274
0.696279
0.696284
0.696288
0.696293
0.696297
0.696301
0.696305
0.696308
0.696312
0.696315
0.696318
0.69632
0.696322
0.696325
0.696326
0.696328
0.69633
0.696331
0.696332
0.696332
0.696333
0.696333
0.696333
0.696333
0.696333
0.696333
0.696332
0.696331
0.69633
0.696329
0.696328
0.696327
0.696325
0.696323
0.696322
0.69632
0.696318
0.696316
0.696314
0.696312
0.69631
0.696307
0.696305
0.696303
0.696301
0.696299
0.696296
0.696294
0.696292
0.69629
0.696287
0.696285
0.696283
0.696281
0.696279
0.696277
0.696275
0.696274
0.696272
0.69627
0.696268
0.696267
0.696265
0.696264
0.696263
0.696262
0.69626
0.696259
0.696258
0.696257
0.696257
0.696256
0.696255
0.696254
0.696254
0.696253
0.696253
0.696252
0.696252
0.696251
0.696251
0.69625
0.69625
0.69625
0.696249
0.696249
0.696248
0.696248
0.696247
0.696247
0.696246
0.696245
0.696244
0.696244
0.696243
0.696242
0.69624
0.696239
0.696238
0.696236
0.696235
0.696233
0.696232
0.69623
0.696228
0.696226
0.696224
0.696221
0.696219
0.696217
0.696214
0.696211
0.696209
0.696206
0.696203
0.6962
0.696197
0.696193
0.69619
0.696187
0.696183
0.69618
0.696176
0.696173
0.696169
0.696166
0.696162
0.696158
0.696154
0.696151
0.696147
0.696143
0.696139
0.696135
0.696132
0.696128
0.696124
0.69612
0.696116
0.696113
0.696109
0.696105
0.696102
0.696098
0.696095
0.696091
0.696088
0.696085
0.696081
0.696078
0.696075
0.696072
0.696069
0.696066
0.696063
0.69606
0.696058
0.696055
0.696052
0.69605
0.696047
0.696045
0.696043
0.69604
0.696038
0.696036
0.696034
0.696032
0.696029
0.696027
0.696025
0.696023
0.696021
0.696019
0.696017
0.696014
0.696012
0.69601
0.696008
0.696005
0.696003
0.696001
0.695998
0.695996
0.695993
0.695991
0.695988
0.695985
0.695982
0.695979
0.695977
0.695974
0.695971
0.695967
0.695964
0.695961
0.695958
0.695955
0.695952
0.695948
0.695945
0.695942
0.695939
0.695936
0.695932
0.695929
0.695926
0.695923
0.69592
0.695917
0.695914
0.695911
0.695909
0.695906
0.695903
0.695901
0.695899
0.695896
0.695894
0.695892
0.69589
0.695888
0.695886
0.695885
0.695883
0.695882
0.69588
0.695879
0.695878
0.695877
0.695876
0.695875
0.695874
0.695874
0.695873
0.695872
0.695872
0.695872
0.695871
0.695871
0.695871
0.695871
0.69587
0.69587
0.69587
0.69587
0.69587
0.69587
0.69587
0.69587
0.695871
0.695871
0.695871
0.695871
0.695871
0.695871
0.695871
0.695872
0.695872
0.695872
0.695872
0.695872
0.695872
0.695873
