0.7
0.7
0.699999
0.699999
0.699998
0.699997
0.699996
0.699995
0.699993
0.699992
0.69999
0.699988
0.699986
0.699984
0.699981
0.699979
0.699976
0.699973
0.69997
0.699966
0.699963
0.69996
0.699956
0.699952
0.699948
0.699944
0.69994
0.699936
0.699931
0.699927
0.699922
0.699917
0.699913
0.699908
0.699903
0.699898
0.699893
0.699887
0.699882
0.699877
0.699871
0.699866
0.699861
0.699855
0.69985
0.699844
0.699838
0.699833
0.699827
0.699822
0.699816
0.69981
0.699805
0.699799
0.699793
0.699788
0.699782
0.699777
0.699771
0.699766
0.69976
0.699755
0.69975
0.699744
0.699739
0.699734
0.699729
0.699724
0.699719
0.699714
0.69971
0.699705
0.6997
0.699696
0.699692
0.699687
0.699683
0.699679
0.699675
0.699671
0.699667
0.699664
0.69966
0.699657
0.699653
0.69965
0.699647
0.699644
0.699641
0.699638
0.699635
0.699632
0.69963
0.699627
0.699625
0.699622
0.69962
0.699617
0.699615
0.699613
0.699611
0.699609
0.699607
0.699605
0.699603
0.699601
0.699599
0.699598
0.699596
0.699594
0.699592
0.699591
0.699589
0.699587
0.699586
0.699584
0.699583
0.699581
0.69958
0.699578
0.699577
0.699575
0.699574
0.699572
0.699571
0.69957
0.699568
0.699567
0.699565
0.699564
0.699563
0.699562
0.69956
0.699559
0.699558
0.699557
0.699555
0.699554
0.699553
0.699552
0.699551
0.69955
0.699549
0.699548
0.699547
0.699546
0.699545
0.699544
0.699543
0.699542
0.699542
0.699541
0.69954
0.699539
0.699539
0.699538
0.699537
0.699537
0.699536
0.699536
0.699535
0.699535
0.699534
0.699534
0.699533
0.699533
0.699532
0.699532
0.699531
0.699531
0.699531
0.69953
0.69953
0.699529
0.699529
0.699529
0.699528
0.699528
0.699528
0.699527
0.699527
0.699526
0.699526
0.699526
0.699525
0.699525
0.699524
0.699524
0.699524
0.699523
0.699523
0.699522
0.699522
0.699521
0.699521
0.69952
0.699519
0.699519
0.699518
0.699518
0.699517
0.699516
0.699516
0.699515
0.699515
0.699514
0.699513
0.699512
0.699512
0.699511
0.69951
0.69951
0.699509
0.699508
0.699508
0.699507
0.699506
0.699505
0.699505
0.699504
0.699503
0.699503
0.699502
0.699501
0.6995
0.6995
0.699499
0.699499
0.699498
0.699497
0.699497
0.699496
0.699496
0.699495
0.699495
0.699494
0.699494
0.699493
0.699493
0.699492
0.699492
0.699491
0.699491
0.699491
0.699491
0.69949
0.69949
0.69949
0.69949
0.699489
0.699489
0.699489
0.699489
0.699489
0.699489
0.699489
0.699489
0.699489
0.699489
0.699489
0.699489
0.699489
0.699489
0.699489
0.699489
0.699489
0.699489
0.69949
0.69949
0.69949
0.69949
0.69949
0.69949
0.699491
0.699491
0.699491
0.699491
0.699492
0.699492
0.699492
0.699492
0.699493
0.699493
0.699493
0.699493
0.699493
0.699494
0.699494
0.699494
0.699494
0.699495
0.699495
0.699495
0.699495
0.699495
0.699496
0.699496
0.699496
0.699496
0.699496
0.699496
0.699497
0.699497
0.699497
0.699497
0.699497
0.699497
0.699497
0.699497
0.699498
0.699498
0.699498
0.699498
0.699498
0.699498
0.699498
0.699498
0.699498
0.699498
0.699498
0.699498
0.699498
0.699498
0.699498
0.699498
0.699498
0.699498
0.699498
0.699498
0.699498
0.699498
0.699498
0.699498
0.699498
0.699498
0.699497
0.699497
0.699497
0.699497
0.699497
0.699497
0.699496
0.699496
0.699496
0.699496
0.699495
0.699495
0.699495
0.699495
0.699495
0.699494
0.699494
0.699494
0.699494
0.699493
0.699493
0.699493
0.699493
0.699493
0.699492
0.699492
0.699492
0.699492
0.699492
0.699492
0.699491
0.699491
0.699491
0.699491
0.699491
0.699491
0.699491
0.699491
0.699491
0.699491
0.69949
0.69949
0.69949
0.69949
0.69949
0.69949
0.69949
0.69949
0.69949
0.69949
0.69949
0.69949
0.69949
0.69949
0.69949
0.69949
0.69949
0.69949
0.69949
0.699489
0.699489
0.699489
0.699489
0.699489
0.699489
0.699489
0.699489
0.699489
0.699488
0.699488
0.699488
0.699488
0.699488
0.699488
0.699487
0.699487
0.699487
0.699487
0.699486
0.699486
0.699486
0.699486
0.699485
0.699485
0.699485
0.699485
0.699484
0.699484
0.699484
0.699483
0.699483
0.699483
0.699483
0.699482
0.699482
0.699482
0.699481
0.699481
0.69948
0.69948
0.69948
0.699479
0.699479
0.699479
0.699478
0.699478
0.699478
0.699477
0.699477
0.699476
0.699476
0.699476
0.699475
0.699475
0.699475
0.699474
0.699474
0.699473
0.699473
0.699472
0.699472
0.699472
0.699471
0.699471
0.69947
0.69947
0.699469
0.699469
0.699468
0.699468
0.699467
0.699467
0.699466
0.699466
0.699465
0.699465
0.699464
0.699463
0.699463
0.699462
0.699462
0.699461
0.69946
0.69946
0.699459
0.699459
0.699458
0.699457
0.699457
0.699456
0.699455
0.699455
0.699454
0.699453
0.699453
0.699452
0.699452
0.699451
0.69945
0.69945
0.699449
0.699449
0.699448
0.699448
0.699447
0.699447
0.699446
0.699446
0.699445
0.699445
0.699444
0.699444
0.699444
0.699443
0.699443
0.699443
0.699442
0.699442
0.699442
0.699442
0.699441
0.699441
0.699441
0.699441
0.699441
0.699441
0.699441
0.699441
0.699441
0.699441
0.699441
0.699441
0.699441
0.699441
0.699441
0.699441
0.699441
0.699441
0.699442
0.699442
0.699442
0.699442
0.699442
0.699443
0.699443
0.699443
0.699443
0.699444
0.699444
0.699444
0.699444
0.699445
0.699445
0.699445
0.699445
0.699446
0.699446
0.699446
0.699446
0.699447
0.699447
0.699447
0.699447
0.699448
0.699448
0.699448
0.699448
0.699449
0.699449
0.699449
0.699449
0.699449
0.69945
0.69945
0.69945
0.69945
0.69945
0.699451
0.699451
0.699451
0.699451
0.699451
0.699451
0.699451
0.699451
0.699451
0.699451
0.699451
0.699451
0.699452
0.699452
0.699452
0.699451
0.699451
0.699451
0.699451
0.699451
0.699451
0.699451
0.699451
0.699451
0.699451
0.69945
0.69945
0.69945
0.69945
0.699449
0.699449
0.699449
0.699449
0.699448
0.699448
0.699447
0.699447
0.699447
0.699446
0.699446
0.699445
0.699445
0.699444
0.699444
0.699443
0.699443
0.699442
0.699442
0.699441
0.699441
0.69944
0.69944
0.699439
0.699439
0.699438
0.699437
0.699437
0.699436
0.699436
0.699435
0.699435
0.699434
0.699433
0.699433
0.699432
0.699432
0.699431
0.699431
0.69943
0.69943
0.699429
0.699429
0.699429
0.699428
0.699428
0.699427
0.699427
0.699427
0.699427
0.699426
0.699426
0.699426
0.699426
0.699426
0.699426
0.699426
0.699426
0.699426
0.699426
0.699426
0.699426
0.699426
0.699426
0.699427
0.699427
0.699427
0.699428
0.699428
0.699429
0.699429
0.69943
0.699431
0.699431
0.699432
0.699433
0.699434
0.699435
0.699435
0.699436
0.699437
0.699438
0.69944
0.699441
0.699442
0.699443
0.699444
0.699446
0.699447
0.699448
0.699449
0.699451
0.699452
0.699454
0.699455
0.699456
0.699458
0.699459
0.699461
0.699462
0.699464
0.699465
0.699467
0.699468
0.69947
0.699471
0.699472
0.699474
0.699475
0.699477
0.699478
0.699479
0.699481
0.699482
0.699483
0.699485
0.699486
0.699487
0.699488
0.699489
0.69949
0.699492
0.699493
0.699494
0.699495
0.699496
0.699497
0.699498
0.699498
0.699499
0.6995
0.699501
0.699502
0.699502
0.699503
0.699504
0.699504
0.699505
0.699505
0.699506
0.699506
0.699507
0.699507
0.699508
0.699508
0.699509
0.699509
0.699509
0.69951
0.69951
0.69951
0.699511
0.699511
0.699511
0.699512
0.699512
0.699512
0.699512
0.699512
0.699513
0.699513
0.699513
0.699513
0.699514
0.699514
0.699514
0.699514
0.699514
0.699514
0.699515
0.699515
0.699515
0.699515
0.699515
0.699516
0.699516
0.699516
0.699516
0.699516
0.699517
0.699517
0.699517
0.699517
0.699517
0.699517
0.699518
0.699518
0.699518
0.699518
0.699518
0.699518
0.699518
0.699518
0.699518
0.699519
0.699519
0.699519
0.699519
0.699519
0.699519
0.699519
0.699518
0.699518
0.699518
0.699518
0.699518
0.699518
0.699517
0.699517
0.699517
0.699517
0.699516
0.699516
0.699515
0.699515
0.699514
0.699514
0.699513
0.699513
0.699512
0.699512
0.699511
0.69951
0.69951
0.699509
0.699508
0.699508
0.699507
0.699506
0.699505
0.699505
0.699504
0.699503
0.699502
0.699502
0.699501
0.6995
0.699499
0.699498
0.699498
0.699497
0.699496
0.699495
0.699495
0.699494
0.699493
0.699493
0.699492
0.699491
0.699491
0.69949
0.69949
0.699489
0.699489
0.699488
0.699488
0.699487
0.699487
0.699487
0.699486
0.699486
0.699486
0.699485
0.699485
0.699485
0.699485
0.699485
0.699485
0.699484
0.699484
0.699484
0.699484
0.699484
0.699484
0.699484
0.699484
0.699485
0.699485
0.699485
0.699485
0.699485
0.699485
0.699485
0.699485
0.699485
0.699486
0.699486
0.699486
0.699486
0.699486
0.699486
0.699487
0.699487
0.699487
0.699487
0.699487
0.699487
0.699487
0.699487
0.699488
0.699488
0.699488
0.699488
0.699488
0.699488
0.699488
0.699488
0.699488
0.699488
0.699488
0.699488
0.699488
0.699489
0.699489
0.699489
0.699489
0.699489
0.699489
0.699489
0.699489
0.699488
0.699488
0.699488
0.699488
0.699488
0.699488
0.699488
0.699488
0.699488
0.699488
0.699487
0.699487
0.699487
0.699487
0.699487
0.699486
0.699486
0.699486
0.699486
0.699485
0.699485
0.699485
0.699484
0.699484
0.699484
0.699483
0.699483
0.699482
0.699482
0.699482
0.699481
0.699481
0.69948
0.69948
0.699479
0.699479
0.699478
0.699478
0.699477
0.699476
0.699476
0.699475
0.699475
0.699474
0.699473
0.699473
0.699472
0.699472
0.699471
0.69947
0.69947
0.699469
0.699469
0.699468
0.699467
0.699467
0.699466
0.699466
0.699465
0.699465
0.699464
0.699463
0.699463
0.699462
0.699462
0.699461
0.699461
0.69946
0.69946
0.699459
0.699459
0.699459
0.699458
0.699458
0.699458
0.699457
0.699457
0.699457
0.699456
0.699456
0.699456
0.699456
0.699456
0.699455
0.699455
0.699455
0.699455
0.699455
0.699455
0.699455
0.699455
0.699455
0.699455
0.699455
0.699455
0.699456
0.699456
0.699456
0.699456
0.699456
0.699457
0.699457
0.699457
0.699457
0.699458
0.699458
0.699458
0.699458
0.699459
0.699459
0.699459
0.69946
0.69946
0.699461
0.699461
0.699461
0.699462
0.699462
0.699462
0.699463
0.699463
0.699463
0.699464
0.699464
0.699464
0.699465
0.699465
0.699466
0.699466
0.699466
0.699467
0.699467
0.699467
0.699468
0.699468
0.699468
0.699469
0.699469
0.699469
0.69947
0.69947
0.69947
0.69947
0.699471
0.699471
0.699471
0.699472
0.699472
0.699472
0.699473
0.699473
0.699473
0.699473
0.699474
0.699474
0.699474
0.699475
0.699475
0.699475
0.699476
0.699476
0.699476
0.699477
0.699477
0.699477
0.699478
0.699478
0.699478
0.699479
0.699479
0.699479
0.69948
0.69948
0.69948
0.699481
0.699481
0.699481
0.699482
0.699482
0.699482
0.699482
0.699483
0.699483
0.699483
0.699484
0.699484
0.699484
0.699484
0.699485
0.699485
0.699485
0.699485
0.699485
0.699486
0.699486
0.699486
0.699486
0.699486
0.699486
0.699486
0.699486
0.699486
0.699486
0.699486
0.699486
0.699486
0.699486
0.699486
0.699486
0.699486
0.699486
0.699485
0.699485
0.699485
0.699485
0.699485
0.699484
0.699484
0.699484
0.699484
0.699483
0.699483
0.699483
0.699482
0.699482
0.699482
0.699481
0.699481
0.699481
0.699481
0.69948
0.69948
0.69948
0.699479
0.699479
0.699479
0.699479
0.699478
0.699478
0.699478
0.699478
0.699478
0.699478
0.699477
0.699477
0.699477
0.699477
0.699477
0.699477
0.699477
0.699477
0.699477
0.699477
0.699477
0.699477
0.699477
0.699477
0.699477
0.699477
0.699477
0.699478
0.699478
0.699478
0.699478
0.699478
0.699478
0.699478
0.699479
0.699479
0.699479
0.699479
0.699479
0.699479
0.699479
0.699479
0.699479
0.69948
0.69948
0.69948
0.69948
0.69948
0.69948
0.69948
0.69948
0.69948
0.69948
0.699479
0.699479
0.699479
0.699479
0.699479
0.699479
0.699478
0.699478
0.699478
0.699478
0.699477
0.699477
0.699477
0.699476
0.699476
0.699476
0.699475
0.699475
0.699474
0.699474
0.699473
0.699473
0.699472
0.699472
0.699471
0.699471
0.69947
0.69947
0.699469
0.699469
0.699468
0.699468
0.699467
0.699467
0.699466
0.699465
0.699465
0.699464
0.699464
0.699463
0.699462
0.699462
0.699461
0.699461
0.69946
0.699459
0.699459
0.699458
0.699458
0.699457
0.699456
0.699456
0.699455
0.699455
0.699454
0.699453
0.699453
0.699452
0.699452
0.699451
0.69945
0.69945
0.699449
0.699449
0.699448
0.699448
0.699447
0.699447
0.699446
0.699446
0.699445
0.699445
0.699444
0.699444
0.699443
0.699443
0.699442
0.699442
0.699441
0.699441
0.699441
0.69944
0.69944
0.699439
0.699439
0.699439
0.699438
0.699438
0.699438
0.699438
0.699437
0.699437
0.699437
0.699437
0.699436
0.699436
0.699436
0.699436
0.699436
0.699435
0.699435
0.699435
0.699435
0.699435
0.699435
0.699435
0.699434
0.699434
0.699434
0.699434
0.699434
0.699434
0.699434
0.699434
0.699434
0.699433
0.699433
0.699433
0.699433
0.699433
0.699433
0.699433
0.699433
0.699432
0.699432
0.699432
0.699432
0.699432
0.699432
0.699432
0.699431
0.699431
0.699431
0.699431
0.699431
0.699431
0.699431
0.69943
0.69943
0.69943
0.69943
0.69943
0.69943
0.69943
0.69943
0.69943
0.69943
0.69943
0.69943
0.69943
0.69943
0.69943
0.69943
0.69943
0.69943
0.69943
0.69943
0.69943
0.699431
0.699431
0.699431
0.699431
0.699432
0.699432
0.699432
0.699433
0.699433
0.699433
0.699434
0.699434
0.699435
0.699435
0.699436
0.699436
0.699437
0.699438
0.699438
0.699439
0.699439
0.69944
0.699441
0.699441
0.699442
0.699443
0.699444
0.699444
0.699445
0.699446
0.699447
0.699447
0.699448
0.699449
0.69945
0.69945
0.699451
0.699452
0.699453
0.699454
0.699454
0.699455
0.699456
0.699457
0.699458
0.699458
0.699459
0.69946
0.699461
0.699461
0.699462
0.699463
0.699464
0.699465
0.699465
0.699466
0.699467
0.699468
0.699469
0.699469
0.69947
0.699471
0.699472
0.699473
0.699473
0.699474
0.699475
0.699476
0.699477
0.699478
0.699478
0.699479
0.69948
0.699481
0.699482
0.699482
0.699483
0.699484
0.699485
0.699485
0.699486
0.699487
0.699488
0.699488
0.699489
0.69949
0.69949
0.699491
0.699492
0.699492
0.699493
0.699493
0.699494
0.699494
0.699495
0.699495
0.699496
0.699496
0.699497
0.699497
0.699498
0.699498
0.699499
0.699499
0.699499
0.6995
0.6995
0.6995
0.699501
0.699501
0.699501
0.699502
0.699502
0.699502
0.699502
0.699503
0.699503
0.699503
0.699503
0.699504
0.699504
0.699504
0.699504
0.699505
0.699505
0.699505
0.699505
0.699505
0.699506
0.699506
0.699506
0.699506
0.699506
0.699507
0.699507
0.699507
0.699507
0.699507
0.699508
0.699508
0.699508
0.699508
0.699508
0.699509
0.699509
0.699509
0.699509
0.699509
0.699509
0.69951
0.69951
0.69951
0.69951
0.69951
0.699511
0.699511
0.699511
0.699511
0.699511
0.699512
0.699512
0.699512
0.699512
0.699512
0.699513
0.699513
0.699513
0.699513
0.699513
0.699514
0.699514
0.699514
0.699514
0.699514
0.699515
0.699515
0.699515
0.699515
0.699516
0.699516
0.699516
0.699516
0.699516
0.699517
0.699517
0.699517
0.699517
0.699518
0.699518
0.699518
0.699518
0.699519
0.699519
0.699519
0.69952
0.69952
0.69952
0.699521
0.699521
0.699521
0.699522
0.699522
0.699522
0.699523
0.699523
0.699523
0.699524
0.699524
0.699524
0.699525
0.699525
0.699526
0.699526
0.699527
0.699527
0.699527
0.699528
0.699528
0.699529
0.699529
0.69953
0.69953
0.69953
0.699531
0.699531
0.699532
0.699532
0.699532
0.699533
0.699533
0.699533
0.699534
0.699534
0.699534
0.699534
0.699535
0.699535
0.699535
0.699535
0.699535
0.699535
0.699535
0.699535
0.699535
0.699535
0.699535
0.699535
0.699535
0.699535
0.699535
0.699535
0.699535
0.699534
0.699534
0.699534
0.699533
0.699533
0.699533
0.699532
0.699532
0.699532
0.699531
0.699531
0.69953
0.69953
0.699529
0.699529
0.699528
0.699528
0.699527
0.699526
0.699526
0.699525
0.699525
0.699524
0.699523
0.699523
0.699522
0.699521
0.699521
0.69952
0.699519
0.699519
0.699518
0.699517
0.699517
0.699516
0.699515
0.699515
0.699514
0.699514
0.699513
0.699512
0.699512
0.699511
0.69951
0.69951
0.699509
0.699509
0.699508
0.699508
0.699507
0.699507
0.699506
0.699506
0.699505
0.699505
0.699505
0.699504
0.699504
0.699503
0.699503
0.699503
0.699502
0.699502
0.699502
0.699502
0.699501
0.699501
0.699501
0.699501
0.6995
0.6995
0.6995
0.6995
0.6995
0.699499
0.699499
0.699499
0.699499
0.699498
0.699498
0.699498
0.699498
0.699497
0.699497
0.699497
0.699497
0.699496
0.699496
0.699496
0.699495
0.699495
0.699495
0.699494
0.699494
0.699493
0.699493
0.699493
0.699492
0.699492
0.699491
0.699491
0.69949
0.69949
0.699489
0.699489
0.699488
0.699488
0.699487
0.699487
0.699486
0.699486
0.699485
0.699485
0.699484
0.699484
0.699483
0.699483
0.699483
0.699482
0.699482
0.699481
0.699481
0.69948
0.69948
0.69948
0.699479
0.699479
0.699479
0.699479
0.699478
0.699478
0.699478
0.699478
0.699477
0.699477
0.699477
0.699477
0.699477
0.699477
0.699477
0.699477
0.699477
0.699477
0.699477
0.699477
0.699477
0.699477
0.699477
0.699477
0.699477
0.699477
0.699477
0.699478
0.699478
0.699478
0.699478
0.699478
0.699478
0.699478
0.699479
0.699479
0.699479
0.699479
0.699479
0.699479
0.69948
0.69948
0.69948
0.69948
0.69948
0.69948
0.69948
0.699481
0.699481
0.699481
0.699481
0.699481
0.699481
0.699481
0.699481
0.699481
0.699482
0.699482
0.699482
0.699482
0.699482
0.699482
0.699482
0.699482
0.699482
0.699482
0.699482
0.699482
0.699482
0.699482
0.699482
0.699482
0.699482
0.699482
0.699482
0.699481
0.699481
0.699481
0.699481
0.699481
0.699481
0.699481
0.699481
0.699481
0.69948
0.69948
0.69948
0.69948
0.69948
0.69948
0.699479
0.699479
0.699479
0.699479
0.699479
0.699479
0.699479
0.699478
0.699478
0.699478
0.699478
0.699478
0.699478
0.699478
0.699478
0.699477
0.699477
0.699477
0.699477
0.699477
0.699477
0.699477
0.699477
0.699477
0.699477
0.699477
0.699477
0.699477
0.699477
0.699477
0.699477
0.699477
0.699477
0.699477
0.699478
0.699478
0.699478
0.699478
0.699478
0.699478
0.699478
0.699479
0.699479
0.699479
0.699479
0.69948
0.69948
0.69948
0.699481
0.699481
0.699481
0.699482
0.699482
0.699482
0.699483
0.699483
0.699484
0.699484
0.699485
0.699485
0.699486
0.699486
0.699487
0.699487
0.699488
0.699488
0.699489
0.69949
0.69949
0.699491
0.699491
0.699492
0.699493
0.699493
0.699494
0.699494
0.699495
0.699495
0.699496
0.699497
0.699497
0.699498
0.699498
0.699499
0.699499
0.6995
0.6995
0.699501
0.699501
0.699502
0.699502
0.699502
0.699503
0.699503
0.699504
0.699504
0.699504
0.699505
0.699505
0.699505
0.699505
0.699506
0.699506
0.699506
0.699507
0.699507
0.699507
0.699507
0.699508
0.699508
0.699508
0.699508
0.699508
0.699509
0.699509
0.699509
0.699509
0.699509
0.69951
0.69951
0.69951
0.69951
0.69951
0.699511
0.699511
0.699511
0.699511
0.699511
0.699511
0.699512
0.699512
0.699512
0.699512
0.699512
0.699513
0.699513
0.699513
0.699513
0.699513
0.699514
0.699514
0.699514
0.699514
0.699514
0.699514
0.699515
0.699515
0.699515
0.699515
0.699515
0.699515
0.699515
0.699515
0.699516
0.699516
0.699516
0.699516
0.699516
0.699516
0.699516
0.699516
0.699516
0.699516
0.699516
0.699516
0.699516
0.699516
0.699516
0.699516
0.699516
0.699516
0.699516
0.699516
0.699516
0.699515
0.699515
0.699515
0.699515
0.699515
0.699515
0.699515
0.699515
0.699514
0.699514
0.699514
0.699514
0.699514
0.699514
0.699513
0.699513
0.699513
0.699513
0.699513
0.699512
0.699512
0.699512
0.699512
0.699511
0.699511
0.699511
0.699511
0.69951
0.69951
0.69951
0.699509
0.699509
0.699509
0.699509
0.699508
0.699508
0.699508
0.699508
0.699507
0.699507
0.699507
0.699507
0.699506
0.699506
0.699506
0.699506
0.699505
0.699505
0.699505
0.699505
0.699505
0.699504
0.699504
0.699504
0.699504
0.699504
0.699504
0.699504
0.699504
0.699504
0.699504
0.699504
0.699504
0.699504
0.699504
0.699504
0.699504
0.699504
0.699504
0.699505
0.699505
0.699505
0.699505
0.699505
0.699506
0.699506
0.699506
0.699506
0.699506
0.699507
0.699507
0.699507
0.699507
0.699508
0.699508
0.699508
0.699509
0.699509
0.699509
0.699509
0.69951
0.69951
0.69951
0.69951
0.699511
0.699511
0.699511
0.699511
0.699512
0.699512
0.699512
0.699512
0.699513
0.699513
0.699513
0.699513
0.699513
0.699514
0.699514
0.699514
0.699514
0.699514
0.699514
0.699515
0.699515
0.699515
0.699515
0.699515
0.699515
0.699515
0.699515
0.699515
0.699516
0.699516
0.699516
0.699516
0.699516
0.699516
0.699516
0.699516
0.699516
0.699516
0.699516
0.699516
0.699516
0.699516
0.699516
0.699516
0.699516
0.699517
0.699517
0.699517
0.699517
0.699517
0.699517
0.699517
0.699517
0.699517
0.699517
0.699517
0.699517
0.699518
0.699518
0.699518
0.699518
0.699518
0.699518
0.699518
0.699519
0.699519
0.699519
0.699519
0.699519
0.699519
0.69952
0.69952
0.69952
0.69952
0.69952
0.699521
0.699521
0.699521
0.699521
0.699522
0.699522
0.699522
0.699522
0.699523
0.699523
0.699523
0.699524
0.699524
0.699524
0.699524
0.699525
0.699525
0.699525
0.699526
0.699526
0.699526
0.699527
0.699527
0.699527
0.699528
0.699528
0.699528
0.699529
0.699529
0.699529
0.69953
0.69953
0.69953
0.699531
0.699531
0.699531
0.699532
0.699532
0.699532
0.699533
0.699533
0.699533
0.699534
0.699534
0.699534
0.699534
0.699535
0.699535
0.699535
0.699535
0.699536
0.699536
0.699536
0.699536
0.699536
0.699536
0.699537
0.699537
0.699537
0.699537
0.699537
0.699537
0.699537
0.699537
0.699537
0.699537
0.699537
0.699536
0.699536
0.699536
0.699536
0.699536
0.699535
0.699535
0.699535
0.699534
0.699534
0.699534
0.699533
0.699533
0.699532
0.699532
0.699531
0.699531
0.69953
0.69953
0.699529
0.699528
0.699528
0.699527
0.699526
0.699525
0.699525
0.699524
0.699523
0.699522
0.699522
0.699521
0.69952
0.699519
0.699519
0.699518
0.699517
0.699516
0.699515
0.699515
0.699514
0.699513
0.699512
0.699512
0.699511
0.69951
0.699509
0.699509
0.699508
0.699507
0.699507
0.699506
0.699505
0.699505
0.699504
0.699504
0.699503
0.699503
0.699502
0.699502
0.699501
0.699501
0.6995
0.6995
0.699499
0.699499
0.699499
0.699498
0.699498
0.699498
0.699498
0.699497
0.699497
0.699497
0.699497
0.699496
0.699496
0.699496
0.699496
0.699495
0.699495
0.699495
0.699495
0.699495
0.699494
0.699494
0.699494
0.699494
0.699494
0.699493
0.699493
0.699493
0.699493
0.699492
0.699492
0.699492
0.699492
0.699491
0.699491
0.699491
0.69949
0.69949
0.69949
0.699489
0.699489
0.699489
0.699488
0.699488
0.699488
0.699487
0.699487
0.699486
0.699486
0.699486
0.699485
0.699485
0.699485
0.699484
0.699484
0.699484
0.699483
0.699483
0.699483
0.699482
0.699482
0.699482
0.699482
0.699481
0.699481
0.699481
0.699481
0.69948
0.69948
0.69948
0.69948
0.69948
0.699479
0.699479
0.699479
0.699479
0.699479
0.699478
0.699478
0.699478
0.699478
0.699478
0.699477
0.699477
0.699477
0.699477
0.699477
0.699476
0.699476
0.699476
0.699476
0.699476
0.699475
0.699475
0.699475
0.699475
0.699474
0.699474
0.699474
0.699474
0.699474
0.699473
0.699473
0.699473
0.699473
0.699472
0.699472
0.699472
0.699472
0.699471
0.699471
0.699471
0.699471
0.69947
0.69947
0.69947
0.69947
0.699469
0.699469
0.699469
0.699468
0.699468
0.699468
0.699467
0.699467
0.699466
0.699466
0.699466
0.699465
0.699465
0.699464
0.699464
0.699463
0.699462
0.699462
0.699461
0.699461
0.69946
0.699459
0.699459
0.699458
0.699457
0.699456
0.699456
0.699455
0.699454
0.699453
0.699452
0.699452
0.699451
0.69945
0.699449
0.699448
0.699447
0.699446
0.699445
0.699444
0.699443
0.699442
0.699441
0.699441
0.69944
0.699439
0.699438
0.699437
0.699436
0.699435
0.699434
0.699433
0.699433
0.699432
0.699431
0.69943
0.699429
0.699429
0.699428
0.699427
0.699427
0.699426
0.699425
0.699425
0.699424
0.699423
0.699423
0.699422
0.699422
0.699422
0.699421
0.699421
0.69942
0.69942
0.69942
0.699419
0.699419
0.699419
0.699419
0.699418
0.699418
0.699418
0.699418
0.699418
0.699418
0.699418
0.699418
0.699417
0.699417
0.699417
0.699417
0.699418
0.699418
0.699418
0.699418
0.699418
0.699418
0.699418
0.699418
0.699419
0.699419
0.699419
0.699419
0.699419
0.69942
0.69942
0.69942
0.699421
0.699421
0.699422
0.699422
0.699422
0.699423
0.699423
0.699424
0.699424
0.699425
0.699425
0.699426
0.699426
0.699427
0.699428
0.699428
0.699429
0.69943
0.69943
0.699431
0.699432
0.699432
0.699433
0.699434
0.699434
0.699435
0.699436
0.699437
0.699438
0.699438
0.699439
0.69944
0.699441
0.699441
0.699442
0.699443
0.699444
0.699445
0.699445
0.699446
0.699447
0.699448
0.699449
0.699449
0.69945
0.699451
0.699452
0.699453
0.699453
0.699454
0.699455
0.699456
0.699456
0.699457
0.699458
0.699458
0.699459
0.69946
0.699461
0.699461
0.699462
0.699463
0.699463
0.699464
0.699464
0.699465
0.699466
0.699466
0.699467
0.699467
0.699468
0.699468
0.699469
0.699469
0.69947
0.69947
0.699471
0.699471
0.699472
0.699472
0.699473
0.699473
0.699474
0.699474
0.699474
0.699475
0.699475
0.699475
0.699476
0.699476
0.699476
0.699476
0.699477
0.699477
0.699477
0.699477
0.699478
0.699478
0.699478
0.699478
0.699478
0.699478
0.699478
0.699479
0.699479
0.699479
0.699479
0.699479
0.699479
0.699479
0.699479
0.699479
0.699479
0.699479
0.699479
0.699479
0.699479
0.699479
0.699479
0.699479
0.699479
0.699479
0.699479
0.699479
0.699479
0.699479
0.699479
0.699479
0.699479
0.69948
0.69948
0.69948
0.69948
0.69948
0.69948
0.69948
0.69948
0.69948
0.699481
0.699481
0.699481
0.699481
0.699481
0.699482
0.699482
0.699482
0.699482
0.699483
0.699483
0.699483
0.699483
0.699484
0.699484
0.699484
0.699484
0.699485
0.699485
0.699485
0.699485
0.699486
0.699486
0.699486
0.699486
0.699487
0.699487
0.699487
0.699487
0.699488
0.699488
0.699488
0.699488
0.699488
0.699489
0.699489
0.699489
0.699489
0.699489
0.699489
0.699489
0.699489
0.69949
0.69949
0.69949
0.69949
0.69949
0.69949
0.69949
0.69949
0.69949
0.69949
0.69949
0.69949
0.69949
0.69949
0.69949
0.69949
0.69949
0.69949
0.69949
0.69949
0.69949
0.699489
0.699489
0.699489
0.699489
0.699489
0.699489
0.69949
0.69949
0.69949
0.69949
0.69949
0.69949
0.69949
0.69949
0.69949
0.699491
0.699491
0.699491
0.699491
0.699492
0.699492
0.699492
0.699492
0.699493
0.699493
0.699494
0.699494
0.699494
0.699495
0.699495
0.699496
0.699496
0.699497
0.699497
0.699498
0.699498
0.699499
0.6995
0.6995
0.699501
0.699501
0.699502
0.699502
0.699503
0.699503
0.699504
0.699504
0.699505
0.699506
0.699506
0.699507
0.699507
0.699507
0.699508
0.699508
0.699509
0.699509
0.69951
0.69951
0.69951
0.699511
0.699511
0.699511
0.699511
0.699512
0.699512
0.699512
0.699512
0.699512
0.699512
0.699512
0.699512
0.699512
0.699512
0.699512
0.699512
0.699512
0.699512
0.699512
0.699512
0.699511
0.699511
0.699511
0.69951
0.69951
0.69951
0.699509
0.699509
0.699508
0.699508
0.699507
0.699507
0.699506
0.699506
0.699505
0.699504
0.699504
0.699503
0.699502
0.699502
0.699501
0.6995
0.6995
0.699499
0.699498
0.699497
0.699497
0.699496
0.699495
0.699494
0.699493
0.699492
0.699492
0.699491
0.69949
0.699489
0.699488
0.699487
0.699486
0.699486
0.699485
0.699484
0.699483
0.699482
0.699481
0.69948
0.699479
0.699479
0.699478
0.699477
0.699476
0.699475
0.699474
0.699473
0.699472
0.699471
0.699471
0.69947
0.699469
0.699468
0.699467
0.699466
0.699465
0.699464
0.699464
0.699463
0.699462
0.699461
0.69946
0.699459
0.699458
0.699457
0.699456
0.699456
0.699455
0.699454
0.699453
0.699452
0.699451
0.69945
0.699449
0.699449
0.699448
0.699447
0.699446
0.699445
0.699444
0.699443
0.699442
0.699442
0.699441
0.69944
0.699439
0.699438
0.699437
0.699436
0.699436
0.699435
0.699434
0.699433
0.699432
0.699431
0.699431
0.69943
0.699429
0.699428
0.699428
0.699427
0.699426
0.699426
0.699425
0.699424
0.699424
0.699423
0.699423
0.699422
0.699422
0.699422
0.699421
0.699421
0.69942
0.69942
0.69942
0.69942
0.69942
0.69942
0.699419
0.699419
0.699419
0.699419
0.69942
0.69942
0.69942
0.69942
0.69942
0.699421
0.699421
0.699421
0.699422
0.699422
0.699423
0.699423
0.699424
0.699425
0.699425
0.699426
0.699427
0.699427
0.699428
0.699429
0.69943
0.69943
0.699431
0.699432
0.699433
0.699434
0.699435
0.699436
0.699436
0.699437
0.699438
0.699439
0.69944
0.699441
0.699442
0.699443
0.699444
0.699445
0.699446
0.699446
0.699447
0.699448
0.699449
0.69945
0.699451
0.699452
0.699452
0.699453
0.699454
0.699455
0.699455
0.699456
0.699457
0.699458
0.699458
0.699459
0.69946
0.69946
0.699461
0.699462
0.699463
0.699463
0.699464
0.699464
0.699465
0.699466
0.699466
0.699467
0.699468
0.699468
0.699469
0.69947
0.69947
0.699471
0.699472
0.699472
0.699473
0.699473
0.699474
0.699475
0.699475
0.699476
0.699477
0.699477
0.699478
0.699479
0.699479
0.69948
0.699481
0.699482
0.699482
0.699483
0.699484
0.699484
0.699485
0.699486
0.699486
0.699487
0.699487
0.699488
0.699489
0.699489
0.69949
0.69949
0.699491
0.699491
0.699492
0.699492
0.699493
0.699493
0.699494
0.699494
0.699494
0.699495
0.699495
0.699495
0.699496
0.699496
0.699496
0.699496
0.699496
0.699496
0.699496
0.699496
0.699496
0.699496
0.699496
0.699496
0.699496
0.699495
0.699495
0.699495
0.699494
0.699494
0.699494
0.699493
0.699493
0.699492
0.699492
0.699491
0.699491
0.69949
0.69949
0.699489
0.699489
0.699488
0.699487
0.699487
0.699486
0.699485
0.699485
0.699484
0.699483
0.699483
0.699482
0.699481
0.699481
0.69948
0.699479
0.699479
0.699478
0.699478
0.699477
0.699476
0.699476
0.699475
0.699475
0.699474
0.699474
0.699473
0.699472
0.699472
0.699471
0.699471
0.699471
0.69947
0.69947
0.699469
0.699469
0.699468
0.699468
0.699468
0.699467
0.699467
0.699466
0.699466
0.699466
0.699465
0.699465
0.699465
0.699464
0.699464
0.699464
0.699464
0.699463
0.699463
0.699463
0.699462
0.699462
0.699462
0.699462
0.699461
0.699461
0.699461
0.699461
0.69946
0.69946
0.69946
0.699459
0.699459
0.699459
0.699459
0.699458
0.699458
0.699458
0.699458
0.699457
0.699457
0.699457
0.699457
0.699457
0.699456
0.699456
0.699456
0.699456
0.699455
0.699455
0.699455
0.699455
0.699454
0.699454
0.699454
0.699454
0.699454
0.699453
0.699453
0.699453
0.699453
0.699452
0.699452
0.699452
0.699452
0.699452
0.699451
0.699451
0.699451
0.699451
0.69945
0.69945
0.69945
0.699449
0.699449
0.699449
0.699449
0.699448
0.699448
0.699448
0.699447
0.699447
0.699447
0.699446
0.699446
0.699446
0.699445
0.699445
0.699445
0.699445
0.699444
0.699444
0.699444
0.699443
0.699443
0.699443
0.699442
0.699442
0.699442
0.699442
0.699441
0.699441
0.699441
0.699441
0.699441
0.699441
0.69944
0.69944
0.69944
0.69944
0.69944
0.69944
0.69944
0.69944
0.69944
0.69944
0.69944
0.699441
0.699441
0.699441
0.699441
0.699441
0.699442
0.699442
0.699442
0.699442
0.699443
0.699443
0.699444
0.699444
0.699444
0.699445
0.699445
0.699446
0.699446
0.699447
0.699447
0.699448
0.699448
0.699449
0.699449
0.69945
0.699451
0.699451
0.699452
0.699452
0.699453
0.699453
0.699454
0.699455
0.699455
0.699456
0.699456
0.699457
0.699457
0.699458
0.699458
0.699459
0.699459
0.69946
0.69946
0.699461
0.699461
0.699462
0.699462
0.699462
0.699463
0.699463
0.699464
0.699464
0.699464
0.699465
0.699465
0.699465
0.699466
0.699466
0.699466
0.699466
0.699467
0.699467
0.699467
0.699468
0.699468
0.699468
0.699468
0.699469
0.699469
0.699469
0.69947
0.69947
0.69947
0.69947
0.699471
0.699471
0.699471
0.699472
0.699472
0.699472
0.699473
0.699473
0.699473
0.699474
0.699474
0.699474
0.699475
0.699475
0.699475
0.699476
0.699476
0.699476
0.699477
0.699477
0.699477
0.699478
0.699478
0.699478
0.699479
0.699479
0.699479
0.69948
0.69948
0.69948
0.69948
0.699481
0.699481
0.699481
0.699481
0.699482
0.699482
0.699482
0.699482
0.699482
0.699483
0.699483
0.699483
0.699483
0.699483
0.699483
0.699483
0.699483
0.699483
0.699484
0.699484
0.699484
0.699484
0.699484
0.699483
0.699483
0.699483
0.699483
0.699483
0.699483
0.699483
0.699483
0.699482
0.699482
0.699482
0.699482
0.699482
0.699481
0.699481
0.699481
0.69948
0.69948
0.69948
0.699479
0.699479
0.699479
0.699478
0.699478
0.699477
0.699477
0.699476
0.699476
0.699475
0.699475
0.699474
0.699474
0.699473
0.699472
0.699472
0.699471
0.69947
0.69947
0.699469
0.699468
0.699467
0.699467
0.699466
0.699465
0.699464
0.699463
0.699462
0.699461
0.69946
0.699459
0.699458
0.699457
0.699456
0.699455
0.699454
0.699453
0.699452
0.69945
0.699449
0.699448
0.699447
0.699445
0.699444
0.699443
0.699442
0.69944
0.699439
0.699438
0.699436
0.699435
0.699434
0.699432
0.699431
0.69943
0.699428
0.699427
0.699425
0.699424
0.699423
0.699421
0.69942
0.699419
0.699417
0.699416
0.699415
0.699414
0.699412
0.699411
0.69941
0.699409
0.699408
0.699407
0.699405
0.699404
0.699403
0.699402
0.699401
0.6994
0.699399
0.699399
0.699398
0.699397
0.699396
0.699395
0.699395
0.699394
0.699393
0.699393
0.699392
0.699392
0.699391
0.699391
0.69939
0.69939
0.69939
0.699389
0.699389
0.699389
0.699388
0.699388
0.699388
0.699388
0.699388
0.699388
0.699388
0.699388
0.699388
0.699388
0.699388
0.699388
0.699389
0.699389
0.699389
0.699389
0.699389
0.69939
0.69939
0.69939
0.699391
0.699391
0.699391
0.699392
0.699392
0.699392
0.699393
0.699393
0.699394
0.699394
0.699395
0.699395
0.699395
0.699396
0.699396
0.699397
0.699397
0.699398
0.699398
0.699399
0.699399
0.6994
0.6994
0.699401
0.699401
0.699402
0.699402
0.699403
0.699403
0.699404
0.699404
0.699405
0.699405
0.699406
0.699407
0.699407
0.699408
0.699408
0.699409
0.69941
0.69941
0.699411
0.699411
0.699412
0.699413
0.699413
0.699414
0.699415
0.699415
0.699416
0.699417
0.699417
0.699418
0.699419
0.699419
0.69942
0.699421
0.699422
0.699422
0.699423
0.699424
0.699425
0.699425
0.699426
0.699427
0.699428
0.699428
0.699429
0.69943
0.699431
0.699431
0.699432
0.699433
0.699433
0.699434
0.699434
0.699435
0.699436
0.699436
0.699437
0.699437
0.699438
0.699438
0.699439
0.699439
0.699439
0.69944
0.69944
0.69944
0.699441
0.699441
0.699441
0.699441
0.699442
0.699442
0.699442
0.699442
0.699442
0.699442
0.699442
0.699442
0.699442
0.699442
0.699442
0.699442
0.699442
0.699441
0.699441
0.699441
0.699441
0.699441
0.699441
0.69944
0.69944
0.69944
0.69944
0.69944
0.699439
0.699439
0.699439
0.699439
0.699439
0.699438
0.699438
0.699438
0.699438
0.699438
0.699437
0.699437
0.699437
0.699437
0.699437
0.699437
0.699437
0.699437
0.699437
0.699437
0.699437
0.699437
0.699437
0.699437
0.699437
0.699437
0.699437
0.699437
0.699438
0.699438
0.699438
0.699438
0.699438
0.699439
0.699439
0.699439
0.699439
0.69944
0.69944
0.69944
0.699441
0.699441
0.699441
0.699442
0.699442
0.699443
0.699443
0.699443
0.699444
0.699444
0.699444
0.699445
0.699445
0.699446
0.699446
0.699446
0.699447
0.699447
0.699447
0.699448
0.699448
0.699449
0.699449
0.699449
0.69945
0.69945
0.69945
0.699451
0.699451
0.699451
0.699452
0.699452
0.699452
0.699453
0.699453
0.699453
0.699454
0.699454
0.699454
0.699455
0.699455
0.699456
0.699456
0.699456
0.699457
0.699457
0.699457
0.699458
0.699458
0.699459
0.699459
0.69946
0.69946
0.699461
0.699461
0.699462
0.699462
0.699463
0.699463
0.699464
0.699465
0.699465
0.699466
0.699466
0.699467
0.699468
0.699468
0.699469
0.69947
0.699471
0.699471
0.699472
0.699473
0.699474
0.699475
0.699476
0.699476
0.699477
0.699478
0.699479
0.69948
0.699481
0.699482
0.699483
0.699484
0.699485
0.699486
0.699487
0.699488
0.699489
0.69949
0.699491
0.699492
0.699493
0.699493
0.699494
0.699495
0.699496
0.699497
0.699498
0.699499
0.6995
0.699501
0.699502
0.699503
0.699504
0.699504
0.699505
0.699506
0.699507
0.699508
0.699508
0.699509
0.69951
0.69951
0.699511
0.699512
0.699512
0.699513
0.699513
0.699514
0.699514
0.699515
0.699515
0.699516
0.699516
0.699516
0.699517
0.699517
0.699517
0.699518
0.699518
0.699518
0.699519
0.699519
0.699519
0.699519
0.699519
0.69952
0.69952
0.69952
0.69952
0.69952
0.69952
0.699521
0.699521
0.699521
0.699521
0.699521
0.699521
0.699522
0.699522
0.699522
0.699522
0.699523
0.699523
0.699523
0.699523
0.699524
0.699524
0.699524
0.699525
0.699525
0.699525
0.699526
0.699526
0.699527
0.699527
0.699528
0.699528
0.699528
0.699529
0.699529
0.69953
0.69953
0.699531
0.699531
0.699532
0.699532
0.699533
0.699534
0.699534
0.699535
0.699535
0.699536
0.699536
0.699537
0.699537
0.699538
0.699538
0.699539
0.699539
0.69954
0.699541
0.699541
0.699542
0.699542
0.699543
0.699543
0.699544
0.699544
0.699545
0.699545
0.699546
0.699546
0.699547
0.699547
0.699548
0.699548
0.699549
0.699549
0.69955
0.69955
0.69955
0.699551
0.699551
0.699552
0.699552
0.699553
0.699553
0.699554
0.699554
0.699555
0.699555
0.699555
0.699556
0.699556
0.699557
0.699557
0.699557
0.699558
0.699558
0.699558
0.699559
0.699559
0.699559
0.699559
0.69956
0.69956
0.69956
0.69956
0.69956
0.699561
0.699561
0.699561
0.699561
0.699561
0.699561
0.699561
0.699561
0.699561
0.699561
0.699561
0.699561
0.699561
0.699561
0.69956
0.69956
0.69956
0.69956
0.69956
0.699559
0.699559
0.699559
0.699559
0.699558
0.699558
0.699558
0.699557
0.699557
0.699556
0.699556
0.699555
0.699555
0.699555
0.699554
0.699553
0.699553
0.699552
0.699552
0.699551
0.699551
0.69955
0.699549
0.699549
0.699548
0.699547
0.699546
0.699546
0.699545
0.699544
0.699543
0.699542
0.699542
0.699541
0.69954
0.699539
0.699538
0.699537
0.699536
0.699535
0.699534
0.699533
0.699532
0.699531
0.69953
0.699529
0.699528
0.699527
0.699526
0.699525
0.699524
0.699523
0.699522
0.699521
0.69952
0.699519
0.699518
0.699517
0.699515
0.699514
0.699513
0.699512
0.699511
0.69951
0.699509
0.699508
0.699507
0.699506
0.699505
0.699504
0.699503
0.699502
0.699501
0.6995
0.699499
0.699498
0.699498
0.699497
0.699496
0.699495
0.699494
0.699493
0.699493
0.699492
0.699491
0.69949
0.69949
0.699489
0.699489
0.699488
0.699487
0.699487
0.699486
0.699486
0.699485
0.699485
0.699484
0.699484
0.699484
0.699483
0.699483
0.699483
0.699482
0.699482
0.699482
0.699482
0.699482
0.699482
0.699482
0.699482
0.699482
0.699482
0.699482
0.699482
0.699482
0.699483
0.699483
0.699483
0.699483
0.699484
0.699484
0.699485
0.699485
0.699486
0.699486
0.699487
0.699488
0.699488
0.699489
0.69949
0.69949
0.699491
0.699492
0.699493
0.699494
0.699495
0.699496
0.699497
0.699498
0.699499
0.6995
0.699501
0.699502
0.699503
0.699504
0.699505
0.699506
0.699507
0.699508
0.69951
0.699511
0.699512
0.699513
0.699514
0.699515
0.699517
0.699518
0.699519
0.69952
0.699521
0.699522
0.699524
0.699525
0.699526
0.699527
0.699528
0.699529
0.69953
0.699532
0.699533
0.699534
0.699535
0.699536
0.699537
0.699538
0.699539
0.69954
0.699541
0.699542
0.699543
0.699544
0.699545
0.699545
0.699546
0.699547
0.699548
0.699549
0.699549
0.69955
0.699551
0.699552
0.699552
0.699553
0.699554
0.699554
0.699555
0.699555
0.699556
0.699556
0.699557
0.699557
0.699557
0.699558
0.699558
0.699558
0.699558
0.699559
0.699559
0.699559
0.699559
0.699559
0.699559
0.699559
0.699559
0.699559
0.699559
0.699559
0.699559
0.699559
0.699558
0.699558
0.699558
0.699558
0.699557
0.699557
0.699557
0.699556
0.699556
0.699556
0.699555
0.699555
0.699554
0.699554
0.699553
0.699552
0.699552
0.699551
0.699551
0.69955
0.699549
0.699549
0.699548
0.699547
0.699547
0.699546
0.699545
0.699545
0.699544
0.699543
0.699542
0.699542
0.699541
0.69954
0.699539
0.699538
0.699538
0.699537
0.699536
0.699535
0.699534
0.699533
0.699532
0.699531
0.699531
0.69953
0.699529
0.699528
0.699527
0.699526
0.699525
0.699524
0.699523
0.699522
0.699522
0.699521
0.69952
0.699519
0.699518
0.699517
0.699516
0.699516
0.699515
0.699514
0.699513
0.699512
0.699512
0.699511
0.69951
0.69951
0.699509
0.699508
0.699508
0.699507
0.699506
0.699506
0.699505
0.699505
0.699504
0.699504
0.699503
0.699503
0.699502
0.699502
0.699501
0.699501
0.699501
0.6995
0.6995
0.6995
0.699499
0.699499
0.699499
0.699498
0.699498
0.699498
0.699498
0.699497
0.699497
0.699497
0.699497
0.699496
0.699496
0.699496
0.699496
0.699495
0.699495
0.699495
0.699495
0.699494
0.699494
0.699494
0.699494
0.699493
0.699493
0.699493
0.699492
0.699492
0.699492
0.699491
0.699491
0.699491
0.69949
0.69949
0.699489
0.699489
0.699488
0.699488
0.699487
0.699487
0.699486
0.699486
0.699485
0.699485
0.699484
0.699483
0.699483
0.699482
0.699481
0.699481
0.69948
0.699479
0.699478
0.699478
0.699477
0.699476
0.699475
0.699474
0.699473
0.699473
0.699472
0.699471
0.69947
0.699469
0.699468
0.699467
0.699466
0.699465
0.699464
0.699463
0.699462
0.699462
0.699461
0.69946
0.699459
0.699458
0.699457
0.699456
0.699455
0.699454
0.699453
0.699453
0.699452
0.699451
0.69945
0.699449
0.699449
0.699448
0.699447
0.699446
0.699446
0.699445
0.699444
0.699444
0.699443
0.699442
0.699442
0.699441
0.699441
0.69944
0.69944
0.699439
0.699439
0.699438
0.699438
0.699438
0.699437
0.699437
0.699437
0.699437
0.699436
0.699436
0.699436
0.699436
0.699436
0.699435
0.699435
0.699435
0.699435
0.699435
0.699435
0.699435
0.699435
0.699435
0.699435
0.699435
0.699435
0.699435
0.699435
0.699435
0.699435
0.699435
0.699436
0.699436
0.699436
0.699436
0.699436
0.699436
0.699436
0.699436
0.699436
0.699436
0.699437
0.699437
0.699437
0.699437
0.699437
0.699437
0.699437
0.699437
0.699437
0.699437
0.699437
0.699437
0.699437
0.699437
0.699437
0.699437
0.699437
0.699437
0.699438
0.699438
0.699438
0.699438
0.699438
0.699438
0.699438
0.699438
0.699438
0.699438
0.699438
0.699438
0.699438
0.699438
0.699438
0.699438
0.699438
0.699438
0.699439
0.699439
0.699439
0.699439
0.699439
0.699439
0.699439
0.699439
0.69944
0.69944
0.69944
0.69944
0.69944
0.69944
0.69944
0.699441
0.699441
0.699441
0.699441
0.699441
0.699441
0.699441
0.699441
0.699441
0.699441
0.699441
0.699441
0.699441
0.699441
0.699441
0.699441
0.699441
0.699441
0.699441
0.699441
0.699441
0.699441
0.69944
0.69944
0.69944
0.69944
0.699439
0.699439
0.699439
0.699438
0.699438
0.699438
0.699437
0.699437
0.699437
0.699436
0.699436
0.699435
0.699435
0.699434
0.699434
0.699433
0.699433
0.699432
0.699432
0.699431
0.699431
0.69943
0.69943
0.699429
0.699429
0.699428
0.699428
0.699427
0.699427
0.699426
0.699426
0.699425
0.699424
0.699424
0.699423
0.699423
0.699422
0.699422
0.699421
0.699421
0.69942
0.69942
0.69942
0.699419
0.699419
0.699418
0.699418
0.699418
0.699417
0.699417
0.699416
0.699416
0.699416
0.699416
0.699415
0.699415
0.699415
0.699415
0.699414
0.699414
0.699414
0.699414
0.699414
0.699414
0.699414
0.699414
0.699414
0.699414
0.699414
0.699414
0.699414
0.699414
0.699414
0.699414
0.699414
0.699414
0.699415
0.699415
0.699415
0.699415
0.699416
0.699416
0.699416
0.699417
0.699417
0.699417
0.699418
0.699418
0.699419
0.699419
0.69942
0.69942
0.699421
0.699421
0.699422
0.699422
0.699423
0.699423
0.699424
0.699424
0.699425
0.699425
0.699426
0.699426
0.699427
0.699427
0.699428
0.699428
0.699429
0.699429
0.69943
0.69943
0.69943
0.699431
0.699431
0.699432
0.699432
0.699432
0.699433
0.699433
0.699433
0.699434
0.699434
0.699434
0.699434
0.699434
0.699434
0.699435
0.699435
0.699435
0.699435
0.699435
0.699435
0.699435
0.699435
0.699434
0.699434
0.699434
0.699434
0.699434
0.699433
0.699433
0.699433
0.699432
0.699432
0.699432
0.699431
0.699431
0.699431
0.69943
0.69943
0.699429
0.699429
0.699428
0.699427
0.699427
0.699426
0.699426
0.699425
0.699425
0.699424
0.699423
0.699423
0.699422
0.699422
0.699421
0.69942
0.69942
0.699419
0.699419
0.699418
0.699417
0.699417
0.699416
0.699416
0.699415
0.699415
0.699414
0.699414
0.699414
0.699413
0.699413
0.699412
0.699412
0.699412
0.699411
0.699411
0.699411
0.699411
0.69941
0.69941
0.69941
0.69941
0.69941
0.69941
0.69941
0.699409
0.699409
0.699409
0.699409
0.699409
0.699409
0.69941
0.69941
0.69941
0.69941
0.69941
0.69941
0.69941
0.699411
0.699411
0.699411
0.699411
0.699412
0.699412
0.699412
0.699413
0.699413
0.699414
0.699414
0.699415
0.699415
0.699416
0.699416
0.699417
0.699417
0.699418
0.699419
0.699419
0.69942
0.699421
0.699421
0.699422
0.699423
0.699424
0.699425
0.699426
0.699427
0.699428
0.699429
0.69943
0.699431
0.699432
0.699433
0.699434
0.699435
0.699437
0.699438
0.699439
0.69944
0.699442
0.699443
0.699444
0.699446
0.699447
0.699448
0.69945
0.699451
0.699453
0.699454
0.699456
0.699457
0.699459
0.69946
0.699461
0.699463
0.699464
0.699466
0.699467
0.699469
0.69947
0.699472
0.699473
0.699475
0.699476
0.699477
0.699479
0.69948
0.699481
0.699483
0.699484
0.699485
0.699486
0.699488
0.699489
0.69949
0.699491
0.699492
0.699493
0.699494
0.699495
0.699496
0.699497
0.699498
0.699499
0.6995
0.699501
0.699501
0.699502
0.699503
0.699503
0.699504
0.699505
0.699505
0.699506
0.699506
0.699507
0.699507
0.699507
0.699508
0.699508
0.699508
0.699509
0.699509
0.699509
0.699509
0.699509
0.699509
0.699509
0.699509
0.699509
0.699509
0.699509
0.699508
0.699508
0.699508
0.699508
0.699507
0.699507
0.699506
0.699506
0.699505
0.699505
0.699504
0.699504
0.699503
0.699502
0.699502
0.699501
0.6995
0.699499
0.699498
0.699497
0.699497
0.699496
0.699495
0.699494
0.699493
0.699492
0.699491
0.69949
0.699489
0.699488
0.699487
0.699485
0.699484
0.699483
0.699482
0.699481
0.69948
0.699479
0.699478
0.699477
0.699476
0.699474
0.699473
0.699472
0.699471
0.69947
0.699469
0.699468
0.699467
0.699466
0.699465
0.699464
0.699463
0.699463
0.699462
0.699461
0.69946
0.699459
0.699459
0.699458
0.699457
0.699456
0.699456
0.699455
0.699455
0.699454
0.699453
0.699453
0.699453
0.699452
0.699452
0.699451
0.699451
0.699451
0.69945
0.69945
0.69945
0.69945
0.69945
0.699449
0.699449
0.699449
0.699449
0.699449
0.699449
0.699449
0.699449
0.699449
0.699449
0.699449
0.699449
0.69945
0.69945
0.69945
0.69945
0.69945
0.699451
0.699451
0.699451
0.699451
0.699451
0.699452
0.699452
0.699452
0.699453
0.699453
0.699453
0.699453
0.699454
0.699454
0.699454
0.699454
0.699455
0.699455
0.699455
0.699455
0.699456
0.699456
0.699456
0.699456
0.699457
0.699457
0.699457
0.699457
0.699458
0.699458
0.699458
0.699458
0.699458
0.699459
0.699459
0.699459
0.699459
0.699459
0.699459
0.69946
0.69946
0.69946
0.69946
0.69946
0.69946
0.699461
0.699461
0.699461
0.699461
0.699461
0.699461
0.699462
0.699462
0.699462
0.699462
0.699462
0.699462
0.699462
0.699463
0.699463
0.699463
0.699463
0.699463
0.699463
0.699463
0.699463
0.699464
0.699464
0.699464
0.699464
0.699464
0.699464
0.699464
0.699464
0.699464
0.699464
0.699464
0.699464
0.699465
0.699465
0.699465
0.699465
0.699465
0.699465
0.699465
0.699465
0.699465
0.699465
0.699465
0.699465
0.699465
0.699465
0.699465
0.699465
0.699465
0.699465
0.699465
0.699465
0.699465
0.699465
0.699466
0.699466
0.699466
0.699466
0.699466
0.699466
0.699466
0.699466
0.699466
0.699467
0.699467
0.699467
0.699467
0.699467
0.699468
0.699468
0.699468
0.699468
0.699468
0.699469
0.699469
0.699469
0.699469
0.69947
0.69947
0.69947
0.699471
0.699471
0.699471
0.699471
0.699472
0.699472
0.699472
0.699472
