1.4
1.39995
1.39986
1.39972
1.39954
1.39932
1.39906
1.39875
1.3984
1.39801
1.39758
1.3971
1.39659
1.39603
1.39543
1.39479
1.39412
1.3934
1.39264
1.39185
1.39102
1.39016
1.38926
1.38833
1.38736
1.38636
1.38533
1.38427
1.38317
1.38205
1.3809
1.37973
1.37852
1.3773
1.37604
1.37477
1.37347
1.37216
1.37082
1.36947
1.36809
1.36671
1.3653
1.36388
1.36245
1.36101
1.35956
1.3581
1.35663
1.35515
1.35367
1.35218
1.35069
1.3492
1.34772
1.34623
1.34475
1.34327
1.34179
1.34033
1.33888
1.33743
1.336
1.33459
1.33319
1.3318
1.33044
1.3291
1.32778
1.32649
1.32522
1.32398
1.32276
1.32158
1.32043
1.31931
1.31822
1.31716
1.31615
1.31516
1.31421
1.3133
1.31242
1.31158
1.31077
1.31
1.30927
1.30856
1.30789
1.30726
1.30665
1.30608
1.30553
1.30502
1.30452
1.30406
1.30362
1.30319
1.30279
1.30241
1.30205
1.30169
1.30136
1.30103
1.30072
1.30041
1.30011
1.29982
1.29953
1.29924
1.29896
1.29867
1.29839
1.2981
1.29781
1.29752
1.29723
1.29693
1.29662
1.29631
1.296
1.29568
1.29535
1.29502
1.29468
1.29434
1.294
1.29365
1.29329
1.29294
1.29258
1.29222
1.29186
1.2915
1.29114
1.29079
1.29044
1.29009
1.28974
1.28941
1.28907
1.28875
1.28844
1.28813
1.28783
1.28755
1.28727
1.28701
1.28676
1.28652
1.2863
1.28609
1.28589
1.28571
1.28553
1.28538
1.28523
1.2851
1.28498
1.28487
1.28477
1.28468
1.2846
1.28453
1.28447
1.28442
1.28437
1.28433
1.28429
1.28426
1.28423
1.2842
1.28418
1.28415
1.28413
1.2841
1.28408
1.28405
1.28402
1.28399
1.28395
1.28392
1.28388
1.28383
1.28379
1.28374
1.28368
1.28363
1.28357
1.28351
1.28344
1.28338
1.28331
1.28324
1.28317
1.28309
1.28302
1.28295
1.28288
1.28281
1.28274
1.28267
1.2826
1.28253
1.28247
1.28241
1.28236
1.2823
1.28225
1.28221
1.28217
1.28213
1.2821
1.28208
1.28206
1.28204
1.28203
1.28203
1.28203
1.28204
1.28206
1.28208
1.2821
1.28213
1.28217
1.28222
1.28226
1.28232
1.28238
1.28245
1.28252
1.2826
1.28268
1.28277
1.28286
1.28295
1.28306
1.28316
1.28327
1.28339
1.2835
1.28363
1.28375
1.28388
1.28401
1.28415
1.28429
1.28443
1.28457
1.28471
1.28486
1.28501
1.28516
1.28531
1.28546
1.28561
1.28576
1.28591
1.28606
1.28621
1.28636
1.28651
1.28665
1.2868
1.28694
1.28708
1.28722
1.28735
1.28748
1.28761
1.28774
1.28786
1.28798
1.28809
1.2882
1.28831
1.28841
1.28851
1.2886
1.28869
1.28877
1.28886
1.28893
1.289
1.28907
1.28913
1.28919
1.28925
1.2893
1.28935
1.28939
1.28943
1.28946
1.2895
1.28952
1.28955
1.28957
1.28959
1.2896
1.28961
1.28962
1.28962
1.28962
1.28962
1.28961
1.2896
1.28959
1.28957
1.28955
1.28953
1.2895
1.28947
1.28944
1.28941
1.28937
1.28933
1.28928
1.28923
1.28918
1.28913
1.28907
1.28901
1.28895
1.28889
1.28882
1.28875
1.28868
1.2886
1.28852
1.28845
1.28837
1.28829
1.2882
1.28812
1.28804
1.28796
1.28788
1.2878
1.28772
1.28764
1.28757
1.2875
1.28743
1.28736
1.2873
1.28725
1.2872
1.28716
1.28712
1.28709
1.28707
1.28705
1.28704
1.28704
1.28705
1.28707
1.28709
1.28712
1.28716
1.28721
1.28727
1.28734
1.28741
1.28749
1.28758
1.28767
1.28777
1.28788
1.28799
1.28811
1.28823
1.28836
1.28849
1.28862
1.28876
1.2889
1.28904
1.28918
1.28932
1.28946
1.28961
1.28975
1.28989
1.29002
1.29016
1.29029
1.29043
1.29055
1.29068
1.2908
1.29092
1.29103
1.29114
1.29125
1.29135
1.29145
1.29154
1.29163
1.29171
1.29179
1.29187
1.29194
1.29201
1.29207
1.29213
1.29218
1.29223
1.29228
1.29232
1.29236
1.29239
1.29242
1.29245
1.29248
1.2925
1.29252
1.29253
1.29254
1.29255
1.29256
1.29257
1.29257
1.29257
1.29256
1.29256
1.29255
1.29254
1.29253
1.29251
1.29249
1.29247
1.29245
1.29242
1.2924
1.29237
1.29233
1.2923
1.29226
1.29222
1.29218
1.29213
1.29209
1.29204
1.29199
1.29193
1.29188
1.29182
1.29176
1.2917
1.29164
1.29158
1.29152
1.29146
1.29139
1.29133
1.29127
1.2912
1.29114
1.29108
1.29102
1.29096
1.2909
1.29084
1.29079
1.29074
1.29068
1.29064
1.29059
1.29055
1.29051
1.29048
1.29044
1.29041
1.29039
1.29037
1.29035
1.29033
1.29032
1.29032
1.29031
1.29031
1.29032
1.29033
1.29034
1.29035
1.29037
1.2904
1.29042
1.29046
1.29049
1.29053
1.29057
1.29062
1.29067
1.29072
1.29078
1.29084
1.2909
1.29097
1.29105
1.29112
1.2912
1.29128
1.29137
1.29146
1.29155
1.29165
1.29175
1.29185
1.29195
1.29206
1.29217
1.29228
1.29239
1.2925
1.29261
1.29273
1.29284
1.29295
1.29306
1.29317
1.29328
1.29338
1.29349
1.29358
1.29368
1.29377
1.29386
1.29395
1.29403
1.29411
1.29418
1.29424
1.29431
1.29436
1.29442
1.29446
1.29451
1.29455
1.29458
1.29461
1.29464
1.29466
1.29468
1.29469
1.2947
1.29471
1.29471
1.29471
1.29471
1.2947
1.29469
1.29468
1.29466
1.29464
1.29462
1.29459
1.29456
1.29453
1.2945
1.29446
1.29441
1.29437
1.29432
1.29426
1.2942
1.29414
1.29407
1.294
1.29392
1.29384
1.29375
1.29366
1.29356
1.29346
1.29335
1.29324
1.29312
1.293
1.29288
1.29275
1.29262
1.29248
1.29234
1.2922
1.29206
1.29191
1.29176
1.29161
1.29147
1.29132
1.29117
1.29102
1.29088
1.29074
1.2906
1.29046
1.29033
1.2902
1.29007
1.28995
1.28984
1.28973
1.28962
1.28952
1.28943
1.28935
1.28927
1.28919
1.28913
1.28907
1.28902
1.28897
1.28893
1.2889
1.28887
1.28885
1.28883
1.28882
1.28881
1.28881
1.28881
1.28882
1.28883
1.28884
1.28886
1.28888
1.2889
1.28892
1.28894
1.28896
1.28899
1.28901
1.28903
1.28905
1.28908
1.28909
1.28911
1.28913
1.28914
1.28915
1.28916
1.28917
1.28917
1.28917
1.28917
1.28917
1.28917
1.28916
1.28916
1.28915
1.28914
1.28914
1.28913
1.28912
1.28911
1.28911
1.28911
1.28911
1.28911
1.28911
1.28912
1.28914
1.28915
1.28918
1.2892
1.28924
1.28928
1.28932
1.28938
1.28944
1.28951
1.28958
1.28967
1.28976
1.28986
1.28997
1.29009
1.29022
1.29036
1.29051
1.29067
1.29083
1.29101
1.2912
1.29139
1.2916
1.29181
1.29203
1.29227
1.2925
1.29275
1.293
1.29326
1.29353
1.2938
1.29407
1.29435
1.29463
1.29492
1.29521
1.2955
1.29579
1.29608
1.29636
1.29665
1.29694
1.29722
1.2975
1.29777
1.29804
1.2983
1.29856
1.29881
1.29905
1.29929
1.29951
1.29973
1.29993
1.30013
1.30031
1.30049
1.30065
1.3008
1.30094
1.30106
1.30117
1.30127
1.30135
1.30142
1.30148
1.30152
1.30155
1.30156
1.30155
1.30154
1.30151
1.30146
1.3014
1.30133
1.30124
1.30114
1.30102
1.3009
1.30075
1.3006
1.30044
1.30026
1.30007
1.29987
1.29966
1.29944
1.29922
1.29898
1.29873
1.29848
1.29821
1.29794
1.29767
1.29739
1.2971
1.29681
1.29651
1.29621
1.2959
1.29559
1.29528
1.29497
1.29466
1.29435
1.29404
1.29373
1.29342
1.29311
1.2928
1.2925
1.29221
1.29191
1.29163
1.29135
1.29107
1.2908
1.29054
1.29028
1.29003
1.28979
1.28956
1.28934
1.28912
1.28891
1.28872
1.28853
1.28834
1.28817
1.28801
1.28786
1.28771
1.28757
1.28745
1.28733
1.28722
1.28712
1.28703
1.28695
1.28687
1.28681
1.28675
1.2867
1.28666
1.28663
1.28661
1.2866
1.28659
1.28659
1.2866
1.28662
1.28664
1.28667
1.2867
1.28674
1.28678
1.28683
1.28688
1.28694
1.287
1.28706
1.28712
1.28718
1.28724
1.2873
1.28736
1.28742
1.28748
1.28753
1.28758
1.28763
1.28767
1.28771
1.28774
1.28777
1.28779
1.28781
1.28782
1.28782
1.28782
1.28782
1.28781
1.28779
1.28777
1.28774
1.28771
1.28768
1.28764
1.2876
1.28755
1.2875
1.28745
1.2874
1.28735
1.28729
1.28724
1.28718
1.28712
1.28707
1.28701
1.28696
1.2869
1.28685
1.28679
1.28674
1.28669
1.28664
1.28659
1.28654
1.28649
1.28645
1.2864
1.28635
1.28631
1.28626
1.28621
1.28617
1.28612
1.28607
1.28602
1.28597
1.28592
1.28587
1.28582
1.28576
1.28571
1.28565
1.2856
1.28554
1.28548
1.28542
1.28536
1.2853
1.28524
1.28518
1.28513
1.28507
1.28501
1.28496
1.28491
1.28486
1.28481
1.28476
1.28472
1.28468
1.28465
1.28462
1.28459
1.28456
1.28454
1.28453
1.28452
1.28451
1.2845
1.2845
1.28451
1.28452
1.28453
1.28455
1.28457
1.28459
1.28462
1.28465
1.28469
1.28473
1.28477
1.28482
1.28487
1.28492
1.28498
1.28504
1.28511
1.28517
1.28525
1.28532
1.2854
1.28548
1.28557
1.28566
1.28575
1.28585
1.28595
1.28606
1.28617
1.28628
1.2864
1.28653
1.28666
1.28679
1.28693
1.28707
1.28722
1.28737
1.28753
1.28769
1.28786
1.28803
1.2882
1.28838
1.28856
1.28874
1.28893
1.28912
1.28931
1.2895
1.28969
1.28989
1.29008
1.29028
1.29048
1.29067
1.29087
1.29106
1.29125
1.29144
1.29163
1.29181
1.29199
1.29217
1.29234
1.29251
1.29267
1.29283
1.29299
1.29313
1.29328
1.29342
1.29355
1.29368
1.2938
1.29391
1.29402
1.29413
1.29423
1.29433
1.29442
1.29451
1.29459
1.29467
1.29475
1.29483
1.2949
1.29497
1.29505
1.29512
1.29519
1.29526
1.29533
1.2954
1.29548
1.29555
1.29563
1.29571
1.29579
1.29587
1.29596
1.29605
1.29614
1.29623
1.29632
1.29642
1.29652
1.29662
1.29673
1.29683
1.29694
1.29704
1.29715
1.29726
1.29737
1.29748
1.29759
1.2977
1.29781
1.29792
1.29802
1.29813
1.29824
1.29834
1.29844
1.29854
1.29864
1.29873
1.29883
1.29892
1.29901
1.2991
1.29918
1.29926
1.29934
1.29941
1.29949
1.29956
1.29963
1.29969
1.29975
1.29981
1.29987
1.29993
1.29998
1.30003
1.30008
1.30012
1.30016
1.30021
1.30024
1.30028
1.30032
1.30035
1.30038
1.30041
1.30044
1.30047
1.30049
1.30051
1.30053
1.30055
1.30057
1.30059
1.3006
1.30061
1.30062
1.30063
1.30063
1.30064
1.30064
1.30064
1.30063
1.30063
1.30062
1.30061
1.3006
1.30058
1.30056
1.30054
1.30051
1.30049
1.30046
1.30042
1.30038
1.30034
1.3003
1.30025
1.3002
1.30014
1.30008
1.30002
1.29995
1.29988
1.2998
1.29972
1.29963
1.29954
1.29944
1.29934
1.29924
1.29912
1.29901
1.29889
1.29876
1.29863
1.29849
1.29835
1.2982
1.29805
1.2979
1.29774
1.29758
1.29741
1.29724
1.29707
1.29689
1.29671
1.29653
1.29635
1.29616
1.29597
1.29578
1.29559
1.29539
1.29519
1.295
1.2948
1.2946
1.29439
1.29419
1.29399
1.29378
1.29358
1.29337
1.29316
1.29296
1.29275
1.29255
1.29234
1.29213
1.29193
1.29173
1.29153
1.29133
1.29113
1.29093
1.29074
1.29055
1.29036
1.29017
1.28999
1.28981
1.28964
1.28947
1.2893
1.28914
1.28898
1.28883
1.28868
1.28853
1.28839
1.28826
1.28812
1.288
1.28787
1.28775
1.28764
1.28752
1.28742
1.28731
1.28721
1.2871
1.287
1.28691
1.28681
1.28672
1.28662
1.28653
1.28644
1.28634
1.28625
1.28616
1.28606
1.28597
1.28587
1.28577
1.28567
1.28557
1.28547
1.28537
1.28526
1.28515
1.28504
1.28493
1.28481
1.28469
1.28457
1.28445
1.28433
1.2842
1.28407
1.28393
1.2838
1.28366
1.28352
1.28337
1.28322
1.28307
1.28292
1.28277
1.28261
1.28245
1.28229
1.28213
1.28197
1.2818
1.28164
1.28148
1.28131
1.28115
1.28099
1.28084
1.28068
1.28053
1.28038
1.28024
1.2801
1.27996
1.27984
1.27971
1.2796
1.27949
1.27939
1.2793
1.27922
1.27914
1.27908
1.27902
1.27898
1.27894
1.27891
1.27889
1.27889
1.27889
1.2789
1.27892
1.27895
1.27899
1.27904
1.2791
1.27916
1.27924
1.27932
1.27941
1.27951
1.27962
1.27974
1.27986
1.27999
1.28013
1.28027
1.28042
1.28058
1.28074
1.28091
1.28109
1.28127
1.28145
1.28164
1.28184
1.28204
1.28224
1.28245
1.28266
1.28287
1.28309
1.28331
1.28353
1.28375
1.28397
1.2842
1.28442
1.28464
1.28486
1.28508
1.2853
1.28551
1.28572
1.28592
1.28613
1.28632
1.28651
1.2867
1.28688
1.28705
1.28721
1.28737
1.28752
1.28765
1.28778
1.28791
1.28802
1.28812
1.28821
1.28829
1.28836
1.28843
1.28848
1.28852
1.28855
1.28857
1.28858
1.28859
1.28858
1.28857
1.28854
1.28851
1.28847
1.28843
1.28838
1.28832
1.28826
1.28819
1.28812
1.28804
1.28796
1.28788
1.28779
1.28771
1.28762
1.28753
1.28744
1.28735
1.28726
1.28716
1.28707
1.28698
1.28689
1.2868
1.28671
1.28663
1.28654
1.28645
1.28637
1.28628
1.2862
1.28611
1.28603
1.28594
1.28586
1.28578
1.2857
1.28562
1.28554
1.28546
1.28538
1.2853
1.28523
1.28515
1.28508
1.285
1.28493
1.28486
1.2848
1.28473
1.28467
1.28461
1.28455
1.28449
1.28444
1.28439
1.28434
1.2843
1.28426
1.28423
1.2842
1.28417
1.28415
1.28413
1.28411
1.28411
1.2841
1.2841
1.28411
1.28412
1.28413
1.28415
1.28418
1.28421
1.28425
1.28429
1.28434
1.28439
1.28445
1.28451
1.28458
1.28465
1.28473
1.28482
1.28491
1.285
1.2851
1.28521
1.28532
1.28543
1.28555
1.28567
1.2858
1.28593
1.28606
1.2862
1.28634
1.28648
1.28662
1.28677
1.28692
1.28708
1.28723
1.28739
1.28754
1.2877
1.28786
1.28802
1.28818
1.28834
1.2885
1.28866
1.28882
1.28898
1.28913
1.28929
1.28944
1.28959
1.28974
1.28989
1.29004
1.29018
1.29032
1.29046
1.29059
1.29072
1.29085
1.29097
1.29109
1.29121
1.29132
1.29143
1.29154
1.29164
1.29173
1.29182
1.29191
1.292
1.29208
1.29215
1.29222
1.29229
1.29235
1.29241
1.29247
1.29252
1.29257
1.29261
1.29266
1.2927
1.29273
1.29277
1.2928
1.29283
1.29285
1.29288
1.2929
1.29293
1.29295
1.29297
1.29299
1.29301
1.29303
1.29306
1.29308
1.2931
1.29312
1.29315
1.29317
1.2932
1.29323
1.29326
1.29329
1.29333
1.29336
1.2934
1.29344
1.29348
1.29352
1.29357
1.29361
1.29366
1.29371
1.29375
1.2938
1.29385
1.29389
1.29394
1.29398
1.29402
1.29407
1.2941
1.29414
1.29417
1.29421
1.29423
1.29426
1.29428
1.29429
1.2943
1.29431
1.29431
1.2943
1.2943
1.29428
1.29426
1.29424
1.29421
1.29417
1.29414
1.29409
1.29404
1.29399
1.29393
1.29387
1.2938
1.29374
1.29366
1.29359
1.29351
1.29343
1.29334
1.29326
1.29317
1.29308
1.29299
1.2929
1.29281
1.29272
1.29263
1.29253
1.29244
1.29235
1.29226
1.29217
1.29208
1.29199
1.2919
1.29182
1.29173
1.29165
1.29157
1.29148
1.2914
1.29133
1.29125
1.29117
1.2911
1.29102
1.29095
1.29088
1.29082
1.29075
1.29068
1.29062
1.29056
1.2905
1.29045
1.29039
1.29034
1.29029
1.29025
1.2902
1.29016
1.29012
1.29009
1.29006
1.29003
1.29
1.28998
1.28996
1.28995
1.28994
1.28993
1.28992
1.28992
1.28993
1.28993
1.28994
1.28996
1.28997
1.28999
1.29002
1.29004
1.29007
1.29011
1.29014
1.29018
1.29022
1.29027
1.29032
1.29037
1.29042
1.29048
1.29053
1.29059
1.29066
1.29072
1.29079
1.29085
1.29092
1.29099
1.29107
1.29114
1.29121
1.29128
1.29136
1.29143
1.29151
1.29158
1.29165
1.29172
1.29179
1.29186
1.29192
1.29199
1.29204
1.2921
1.29215
1.2922
1.29224
1.29228
1.29232
1.29234
1.29237
1.29238
1.29239
1.2924
1.29239
1.29239
1.29237
1.29235
1.29232
1.29229
1.29225
1.2922
1.29215
1.29209
1.29202
1.29195
1.29188
1.2918
1.29172
1.29163
1.29154
1.29144
1.29134
1.29124
1.29113
1.29103
1.29092
1.2908
1.29069
1.29057
1.29045
1.29033
1.29021
1.29008
1.28996
1.28983
1.2897
1.28957
1.28944
1.2893
1.28917
1.28903
1.28889
1.28875
1.28861
1.28847
1.28833
1.28818
1.28804
1.2879
1.28775
1.2876
1.28746
1.28731
1.28717
1.28702
1.28687
1.28673
1.28659
1.28644
1.2863
1.28616
1.28602
1.28588
1.28574
1.2856
1.28547
1.28534
1.2852
1.28507
1.28494
1.28481
1.28468
1.28455
1.28442
1.28429
1.28416
1.28403
1.2839
1.28377
1.28364
1.2835
1.28337
1.28323
1.28309
1.28295
1.28281
1.28267
1.28252
1.28238
1.28223
1.28208
1.28192
1.28177
1.28162
1.28146
1.2813
1.28114
1.28099
1.28083
1.28067
1.28052
1.28036
1.28021
1.28006
1.27991
1.27977
1.27963
1.2795
1.27937
1.27924
1.27913
1.27901
1.27891
1.27881
1.27872
1.27864
1.27856
1.2785
1.27844
1.27839
1.27835
1.27831
1.27829
1.27827
1.27826
1.27826
1.27827
1.27828
1.2783
1.27833
1.27836
1.2784
1.27844
1.27849
1.27854
1.27859
1.27865
1.2787
1.27876
1.27883
1.27889
1.27895
1.27901
1.27907
1.27913
1.27919
1.27925
1.2793
1.27935
1.2794
1.27945
1.27949
1.27953
1.27957
1.27961
1.27964
1.27966
1.27969
1.27971
1.27973
1.27974
1.27975
1.27976
1.27976
1.27977
1.27977
1.27977
1.27976
1.27976
1.27975
1.27975
1.27974
1.27973
1.27973
1.27972
1.27972
1.27971
1.27971
1.27971
1.27971
1.27971
1.27972
1.27973
1.27974
1.27976
1.27977
1.2798
1.27982
1.27985
1.27988
1.27992
1.27996
1.28001
1.28006
1.28012
1.28018
1.28025
1.28032
1.2804
1.28048
1.28057
1.28066
1.28076
1.28087
1.28098
1.2811
1.28122
1.28135
1.28149
1.28163
1.28178
1.28193
1.28209
1.28226
1.28243
1.2826
1.28279
1.28297
1.28316
1.28336
1.28355
1.28376
1.28396
1.28417
1.28439
1.2846
1.28482
1.28504
1.28526
1.28548
1.2857
1.28592
1.28614
1.28636
1.28658
1.28679
1.287
1.28721
1.28741
1.28761
1.28781
1.28799
1.28817
1.28835
1.28851
1.28867
1.28882
1.28896
1.28909
1.28921
1.28931
1.28941
1.2895
1.28958
1.28965
1.2897
1.28975
1.28979
1.28982
1.28983
1.28984
1.28984
1.28983
1.28982
1.28979
1.28976
1.28973
1.28968
1.28964
1.28959
1.28953
1.28947
1.28941
1.28935
1.28929
1.28922
1.28916
1.28909
1.28902
1.28896
1.28889
1.28883
1.28876
1.2887
1.28863
1.28857
1.28851
1.28844
1.28838
1.28832
1.28825
1.28819
1.28812
1.28806
1.28799
1.28792
1.28784
1.28777
1.28769
1.28761
1.28753
1.28745
1.28736
1.28727
1.28718
1.28708
1.28698
1.28688
1.28678
1.28668
1.28658
1.28647
1.28637
1.28626
1.28616
1.28606
1.28596
1.28586
1.28576
1.28566
1.28557
1.28549
1.2854
1.28532
1.28525
1.28518
1.28512
1.28506
1.28501
1.28496
1.28492
1.28489
1.28486
1.28484
1.28482
1.28481
1.28481
1.28481
1.28481
1.28483
1.28485
1.28487
1.2849
1.28493
1.28497
1.28501
1.28506
1.28511
1.28517
1.28522
1.28529
1.28535
1.28542
1.28549
1.28557
1.28564
1.28572
1.28581
1.28589
1.28598
1.28606
1.28615
1.28624
1.28634
1.28643
1.28652
1.28662
1.28671
1.28681
1.2869
1.287
1.28709
1.28719
1.28728
1.28737
1.28745
1.28754
1.28762
1.28771
1.28779
1.28786
1.28794
1.28801
1.28807
1.28814
1.2882
1.28826
1.28831
1.28837
1.28842
1.28846
1.28851
1.28855
1.28859
1.28863
1.28866
1.2887
1.28873
1.28876
1.28878
1.28881
1.28884
1.28886
1.28888
1.28891
1.28893
1.28895
1.28897
1.28899
1.28901
1.28903
1.28905
1.28908
1.2891
1.28912
1.28915
1.28918
1.28921
1.28924
1.28927
1.28931
1.28935
1.2894
1.28944
1.2895
1.28955
1.28961
1.28968
1.28974
1.28981
1.28989
1.28996
1.29004
1.29012
1.29021
1.29029
1.29037
1.29046
1.29054
1.29062
1.2907
1.29078
1.29085
1.29093
1.291
1.29106
1.29112
1.29118
1.29123
1.29127
1.29132
1.29135
1.29138
1.29141
1.29142
1.29144
1.29145
1.29145
1.29144
1.29143
1.29142
1.2914
1.29137
1.29134
1.29131
1.29127
1.29122
1.29117
1.29112
1.29106
1.29099
1.29092
1.29085
1.29078
1.2907
1.29061
1.29053
1.29044
1.29034
1.29025
1.29015
1.29005
1.28994
1.28984
1.28973
1.28963
1.28952
1.28941
1.2893
1.28919
1.28908
1.28897
1.28886
1.28875
1.28865
1.28854
1.28844
1.28834
1.28825
1.28815
1.28806
1.28797
1.28789
1.28781
1.28773
1.28766
1.28759
1.28752
1.28746
1.2874
1.28735
1.2873
1.28725
1.2872
1.28716
1.28712
1.28709
1.28705
1.28702
1.28699
1.28696
1.28693
1.2869
1.28687
1.28685
1.28682
1.2868
1.28678
1.28675
1.28673
1.28671
1.2867
1.28668
1.28667
1.28665
1.28664
1.28664
1.28663
1.28663
1.28664
1.28665
1.28666
1.28668
1.2867
1.28673
1.28676
1.2868
1.28684
1.2869
1.28696
1.28702
1.28709
1.28717
1.28726
1.28735
1.28745
1.28756
1.28768
1.2878
1.28793
1.28807
1.28821
1.28836
1.28852
1.28869
1.28886
1.28905
1.28924
1.28943
1.28964
1.28985
1.29006
1.29029
1.29052
1.29076
1.291
1.29126
1.29151
1.29178
1.29205
1.29232
1.2926
1.29288
1.29317
1.29346
1.29375
1.29405
1.29435
1.29465
1.29495
1.29525
1.29555
1.29585
1.29616
1.29646
1.29676
1.29705
1.29735
1.29764
1.29794
1.29823
1.29851
1.29879
1.29907
1.29935
1.29962
1.29989
1.30016
1.30042
1.30067
1.30093
1.30118
1.30142
1.30166
1.3019
1.30213
1.30236
1.30258
1.3028
1.30301
1.30322
1.30342
1.30362
1.30381
1.30399
1.30417
1.30435
1.30452
1.30468
1.30484
1.30499
1.30514
1.30528
1.30541
1.30554
1.30565
1.30577
1.30587
1.30597
1.30606
1.30615
1.30622
1.30629
1.30636
1.30641
1.30646
1.3065
1.30653
1.30655
1.30657
1.30658
1.30658
1.30657
1.30656
1.30653
1.30651
1.30647
1.30643
1.30638
1.30632
1.30625
1.30618
1.30611
1.30603
1.30594
1.30584
1.30575
1.30564
1.30553
1.30542
1.3053
1.30518
1.30505
1.30492
1.30478
1.30465
1.30451
1.30436
1.30421
1.30406
1.30391
1.30375
1.3036
1.30343
1.30327
1.30311
1.30294
1.30277
1.30261
1.30243
1.30226
1.30209
1.30192
1.30175
1.30157
1.3014
1.30123
1.30105
1.30088
1.30071
1.30055
1.30038
1.30022
1.30006
1.2999
1.29975
1.2996
1.29946
1.29932
1.29918
1.29905
1.29893
1.29881
1.29869
1.29858
1.29847
1.29837
1.29827
1.29818
1.29809
1.298
1.29792
1.29783
1.29775
1.29767
1.29759
1.29751
1.29743
1.29735
1.29727
1.29718
1.29709
1.297
1.2969
1.2968
1.29669
1.29658
1.29646
1.29633
1.2962
1.29607
1.29592
1.29577
1.29561
1.29544
1.29527
1.29509
1.2949
1.2947
1.2945
1.29428
1.29406
1.29384
1.2936
1.29336
1.29311
1.29285
1.29259
1.29232
1.29204
1.29175
1.29146
1.29116
1.29086
1.29055
1.29024
1.28992
1.2896
1.28927
1.28894
1.28861
1.28827
1.28793
1.28759
1.28725
1.28691
1.28657
1.28624
1.2859
1.28557
1.28524
1.28491
1.28459
1.28427
1.28396
1.28366
1.28336
1.28307
1.28279
1.28251
1.28225
1.28199
1.28175
1.28151
1.28128
1.28107
1.28086
1.28066
1.28048
1.2803
1.28014
1.27998
1.27984
1.2797
1.27957
1.27946
1.27935
1.27925
1.27915
1.27907
1.27899
1.27892
1.27886
1.2788
1.27874
1.2787
1.27865
1.27861
1.27858
1.27854
1.27852
1.27849
1.27846
1.27844
1.27842
1.2784
1.27838
1.27837
1.27835
1.27833
1.27832
1.27831
1.2783
1.27829
1.27828
1.27828
1.27828
1.27828
1.27829
1.2783
1.27831
1.27833
1.27836
1.27839
1.27843
1.27848
1.27853
1.2786
1.27867
1.27875
1.27884
1.27894
1.27906
1.27918
1.27932
1.27946
1.27962
1.27979
1.27997
1.28016
1.28036
1.28057
1.28079
1.28102
1.28127
1.28152
1.28178
1.28205
1.28233
1.28261
1.28291
1.28321
1.28352
1.28383
1.28415
1.28448
1.28481
1.28515
1.28549
1.28583
1.28618
1.28653
1.28688
1.28723
1.28759
1.28794
1.2883
1.28866
1.28902
1.28937
1.28973
1.29009
1.29044
1.29079
1.29114
1.29149
1.29184
1.29218
1.29252
1.29285
1.29318
1.29351
1.29383
1.29414
1.29445
1.29475
1.29505
1.29534
1.29562
1.2959
1.29616
1.29642
1.29667
1.29691
1.29714
1.29736
1.29757
1.29777
1.29796
1.29814
1.29831
1.29847
1.29862
1.29876
1.29889
1.29901
1.29912
1.29922
1.29931
1.2994
1.29947
1.29953
1.29958
1.29962
1.29966
1.29968
1.2997
1.29971
1.29971
1.2997
1.29969
1.29966
1.29963
1.29959
1.29954
1.29949
1.29943
1.29936
1.29928
1.2992
1.29911
1.29902
1.29892
1.29882
1.29871
1.29859
1.29847
1.29834
1.29822
1.29808
1.29794
1.2978
1.29766
1.29751
1.29736
1.2972
1.29705
1.29689
1.29673
1.29657
1.2964
1.29624
1.29607
1.29591
1.29575
1.29558
1.29542
1.29526
1.2951
1.29495
1.2948
1.29465
1.2945
1.29436
1.29423
1.2941
1.29398
1.29386
1.29375
1.29364
1.29355
1.29346
1.29337
1.2933
1.29323
1.29316
1.29311
1.29306
1.29302
1.29299
1.29296
1.29294
1.29293
1.29292
1.29292
1.29293
1.29294
1.29296
1.29298
1.29301
1.29304
1.29307
1.29311
1.29316
1.29321
1.29326
1.29331
1.29337
1.29343
1.2935
1.29356
1.29363
1.2937
1.29378
1.29385
1.29393
1.29401
1.29409
1.29418
1.29426
1.29435
1.29444
1.29453
1.29462
1.29471
1.29481
1.2949
1.29499
1.29509
1.29518
1.29528
1.29538
1.29547
1.29557
1.29567
1.29576
1.29586
1.29595
1.29605
1.29614
1.29623
1.29632
1.29641
1.2965
1.29659
1.29667
1.29675
1.29683
1.29691
1.29699
1.29706
1.29713
1.2972
1.29726
1.29732
1.29738
1.29743
1.29748
1.29753
1.29757
1.29761
1.29764
1.29768
1.2977
1.29772
1.29774
1.29775
1.29776
1.29777
1.29777
1.29776
1.29775
1.29774
1.29772
1.2977
1.29767
1.29764
1.29761
1.29757
1.29752
1.29748
1.29743
1.29737
1.29732
1.29725
1.29719
1.29713
1.29706
1.29699
1.29692
1.29685
1.29677
1.2967
1.29662
1.29655
1.29648
1.2964
1.29633
1.29626
1.29619
1.29613
1.29606
1.296
1.29594
1.29588
1.29583
1.29578
1.29573
1.29569
1.29565
1.29561
1.29558
1.29555
1.29553
1.29551
1.29549
1.29548
1.29547
1.29546
1.29546
1.29546
1.29546
1.29547
1.29548
1.29549
1.29551
1.29553
1.29555
1.29557
1.29559
1.29561
1.29564
1.29566
1.29568
1.29571
1.29573
1.29575
1.29577
1.29578
1.29579
1.2958
1.2958
1.2958
1.2958
1.29579
1.29578
1.29576
1.29574
1.29571
1.29567
1.29563
1.29559
1.29554
1.29548
1.29542
1.29535
1.29527
1.29519
1.29511
1.29502
1.29492
1.29482
1.29471
1.29459
1.29447
1.29435
1.29422
1.29409
1.29395
1.29381
1.29366
1.29351
1.29336
1.2932
1.29304
1.29288
1.29272
1.29256
1.2924
1.29224
1.29207
1.29191
1.29175
1.29159
1.29144
1.29128
1.29113
1.29098
1.29083
1.29069
1.29055
1.29042
1.29029
1.29017
1.29005
1.28993
1.28982
1.28972
1.28962
1.28953
1.28944
1.28936
1.28929
1.28922
1.28915
1.2891
1.28904
1.289
1.28895
1.28892
1.28889
1.28886
1.28884
1.28882
1.2888
1.28878
1.28877
1.28876
1.28875
1.28874
1.28873
1.28872
1.28871
1.28869
1.28868
1.28866
1.28863
1.28861
1.28857
1.28854
1.28849
1.28844
1.28839
1.28833
1.28826
1.28818
1.2881
1.28801
1.28791
1.28781
1.2877
1.28758
1.28746
1.28733
1.28719
1.28705
1.2869
1.28675
1.28659
1.28643
1.28626
1.2861
1.28593
1.28575
1.28558
1.28541
1.28523
1.28505
1.28488
1.2847
1.28453
1.28436
1.28419
1.28402
1.28386
1.2837
1.28354
1.28338
1.28323
1.28308
1.28294
1.2828
1.28266
1.28253
1.2824
1.28228
1.28216
1.28205
1.28194
1.28184
1.28174
1.28165
1.28156
1.28148
1.2814
1.28132
1.28126
1.28119
1.28113
1.28108
1.28103
1.28098
1.28094
1.2809
1.28087
1.28084
1.28081
1.28079
1.28077
1.28075
1.28074
1.28073
1.28072
1.28071
1.28071
1.2807
1.2807
1.2807
1.2807
1.28071
1.28071
1.28072
1.28072
1.28073
1.28073
1.28074
1.28075
1.28076
1.28076
1.28077
1.28078
1.28079
1.2808
1.28081
1.28083
1.28084
1.28085
1.28087
1.28088
1.2809
1.28092
1.28094
1.28096
1.28099
1.28102
1.28104
1.28107
1.28111
1.28114
1.28118
1.28121
1.28126
1.2813
1.28134
1.28139
1.28144
1.28149
1.28154
1.2816
1.28165
1.28171
1.28178
1.28184
1.28191
1.28198
1.28205
1.28213
1.28221
1.2823
1.28239
1.28249
1.28259
1.28269
1.28281
1.28292
1.28305
1.28318
1.28332
1.28346
1.28361
1.28377
1.28393
1.2841
1.28428
1.28446
1.28465
1.28484
1.28504
1.28524
1.28545
1.28566
1.28588
1.2861
1.28633
1.28655
1.28678
1.28702
1.28725
1.28749
1.28773
1.28797
1.28821
1.28845
1.28869
1.28893
1.28917
1.28941
1.28965
1.28989
1.29013
1.29036
1.2906
1.29083
1.29105
1.29128
1.29149
1.29171
1.29192
1.29213
1.29233
1.29252
1.29271
1.29289
1.29307
1.29324
1.2934
1.29355
1.2937
1.29384
1.29397
1.29409
1.29421
1.29431
1.29441
1.2945
1.29458
1.29465
1.29471
1.29477
1.29481
1.29485
1.29488
1.2949
1.29491
1.29491
1.2949
1.29489
1.29487
1.29484
1.2948
1.29475
1.2947
1.29464
1.29457
1.29449
1.29441
1.29432
1.29423
1.29413
1.29402
1.29391
1.29379
1.29366
1.29353
1.2934
1.29326
1.29312
1.29297
1.29281
1.29266
1.2925
1.29233
1.29216
1.29199
1.29182
1.29164
1.29146
1.29127
1.29109
1.2909
1.29071
1.29052
1.29032
1.29013
1.28993
1.28974
1.28954
1.28934
1.28914
1.28895
1.28875
1.28855
1.28836
1.28817
1.28798
1.28779
1.28761
1.28743
1.28725
1.28708
1.28692
1.28676
1.28661
1.28646
1.28633
1.2862
1.28608
1.28597
1.28587
1.28577
1.28569
1.28562
1.28556
1.28552
1.28548
1.28545
1.28544
1.28544
1.28544
1.28546
1.2855
1.28554
1.28559
1.28565
1.28572
1.2858
1.28589
1.28598
1.28608
1.28619
1.28631
1.28643
1.28655
1.28668
1.28681
1.28694
1.28708
1.28721
1.28735
1.28749
1.28763
1.28777
1.2879
1.28804
1.28817
1.2883
1.28843
1.28856
1.28868
1.2888
1.28892
1.28904
1.28916
1.28927
1.28939
1.2895
1.28961
1.28972
1.28982
1.28993
1.29004
1.29015
1.29026
1.29036
1.29047
1.29058
1.29069
1.2908
1.29092
1.29103
1.29114
1.29126
1.29137
1.29148
1.2916
1.29171
1.29182
1.29192
1.29203
1.29213
1.29223
1.29232
1.29241
1.2925
1.29258
1.29265
1.29271
1.29277
1.29282
1.29286
1.29289
1.29291
1.29293
1.29293
1.29293
1.29291
1.29288
1.29285
1.2928
1.29274
1.29268
1.2926
1.29251
1.29241
1.29231
1.29219
1.29206
1.29193
1.29179
1.29163
1.29148
1.29131
1.29114
1.29096
1.29078
1.2906
1.29041
1.29021
1.29002
1.28983
1.28963
1.28944
1.28924
1.28905
1.28886
1.28868
1.2885
1.28832
1.28815
1.28798
1.28783
1.28767
1.28753
1.28739
1.28726
1.28714
1.28702
1.28691
1.28682
1.28672
1.28664
1.28656
1.28649
1.28642
1.28637
1.28631
1.28627
1.28622
1.28619
1.28615
1.28613
1.2861
1.28608
1.28606
1.28604
1.28603
1.28602
1.28601
1.28601
1.286
1.286
1.286
1.286
1.286
1.286
1.28601
1.28601
1.28602
1.28603
1.28604
1.28606
1.28607
1.28609
1.2861
1.28612
1.28614
1.28616
1.28618
1.2862
1.28623
1.28625
1.28627
1.2863
1.28632
1.28634
1.28636
1.28639
1.28641
1.28643
1.28644
1.28646
1.28647
1.28649
1.2865
1.2865
1.28651
1.28651
1.28651
1.28651
1.28651
1.2865
1.28649
1.28648
1.28646
1.28644
1.28642
1.2864
1.28638
1.28635
1.28632
1.28629
1.28625
1.28621
1.28617
1.28613
1.28608
1.28603
1.28598
1.28593
1.28587
1.2858
1.28574
1.28567
1.28559
1.28552
1.28544
1.28535
1.28526
1.28516
1.28506
1.28496
1.28485
1.28474
1.28462
1.2845
1.28438
1.28425
1.28412
1.28398
1.28384
1.2837
1.28356
1.28342
1.28328
1.28313
1.28299
1.28284
1.2827
1.28255
1.28241
1.28228
1.28214
1.28201
1.28188
1.28176
1.28164
1.28153
1.28142
1.28132
1.28123
1.28114
1.28106
1.28099
1.28093
1.28087
1.28082
1.28078
1.28075
1.28073
1.28072
1.28071
1.28072
1.28073
1.28075
1.28078
1.28082
1.28086
1.28092
1.28098
1.28105
1.28112
1.28121
1.2813
1.28139
1.2815
1.2816
1.28172
1.28184
1.28196
1.28209
1.28222
1.28236
1.2825
1.28264
1.28278
1.28293
1.28307
1.28322
1.28337
1.28351
1.28366
1.2838
1.28395
1.28409
1.28423
1.28437
1.2845
1.28463
1.28476
1.28489
1.28501
1.28513
1.28525
1.28536
1.28547
1.28557
1.28568
1.28578
1.28588
1.28597
1.28607
1.28616
1.28625
1.28634
1.28642
1.28651
1.28659
1.28668
1.28676
1.28684
1.28692
1.287
1.28708
1.28716
1.28724
1.28732
1.2874
1.28748
1.28756
1.28764
1.28772
1.2878
1.28789
1.28797
1.28806
1.28815
1.28824
1.28834
1.28844
1.28854
1.28865
1.28876
1.28888
1.289
1.28913
1.28927
1.28941
1.28956
1.28971
1.28988
1.29005
1.29022
1.2904
1.29059
1.29079
1.29099
1.29119
1.2914
1.29162
1.29183
1.29205
1.29228
1.2925
1.29272
1.29295
1.29318
1.2934
1.29362
1.29384
1.29406
1.29427
1.29448
1.29468
1.29488
1.29508
1.29526
1.29544
1.29562
1.29579
1.29595
1.2961
1.29624
1.29638
1.29651
1.29664
1.29675
1.29686
1.29697
1.29706
1.29715
1.29724
1.29732
1.29739
1.29746
1.29753
1.29759
1.29765
1.2977
1.29776
1.29781
1.29786
1.29791
1.29796
1.29801
1.29806
1.29811
1.29816
1.29821
1.29826
1.29832
1.29837
1.29843
1.29849
1.29855
1.29862
1.29868
1.29875
1.29882
1.29889
1.29896
1.29903
1.2991
1.29917
1.29925
1.29932
1.2994
1.29947
1.29954
1.29962
1.29969
1.29976
1.29983
1.2999
1.29996
1.30003
1.30009
1.30015
1.30021
1.30026
1.30032
1.30037
1.30042
1.30046
1.30051
1.30055
1.30059
1.30062
1.30065
1.30068
1.30071
1.30074
1.30076
1.30078
1.30079
1.30081
1.30082
1.30082
1.30083
1.30083
1.30083
1.30083
1.30082
1.30081
1.3008
1.30078
1.30076
1.30073
1.30071
1.30068
1.30064
1.3006
1.30056
1.30051
1.30046
1.3004
1.30034
1.30028
1.30021
1.30014
1.30006
1.29998
1.29989
1.2998
1.2997
1.2996
1.29949
1.29938
1.29926
1.29914
1.29902
1.29889
1.29876
1.29862
1.29847
1.29833
1.29818
1.29802
1.29787
1.29771
1.29755
1.29738
1.29722
1.29705
1.29688
1.29671
1.29654
1.29637
1.2962
1.29604
1.29587
1.29571
1.29555
1.29539
1.29523
1.29508
1.29494
1.2948
1.29466
1.29453
1.2944
1.29428
1.29417
1.29406
1.29396
1.29386
1.29377
1.29369
1.29361
1.29354
1.29347
1.29341
1.29335
1.2933
1.29325
1.29321
1.29318
1.29314
1.29311
1.29308
1.29306
1.29304
1.29302
1.293
1.29299
1.29298
1.29296
1.29296
1.29295
1.29294
1.29293
1.29293
1.29292
1.29292
1.29292
1.29291
1.29291
1.29291
1.29291
1.29291
1.29291
1.29291
1.29291
1.29291
1.29291
1.29291
1.29291
1.29291
1.29291
1.29291
1.29291
1.29291
1.29291
1.29291
1.2929
1.2929
1.2929
1.2929
1.29289
1.29289
1.29288
1.29288
1.29287
1.29287
1.29287
1.29286
1.29286
1.29286
1.29285
1.29285
1.29285
1.29285
1.29286
1.29286
1.29287
1.29288
1.29289
1.2929
1.29292
1.29294
1.29296
1.29298
1.29301
1.29304
1.29308
1.29312
1.29316
1.2932
1.29325
1.2933
1.29336
1.29342
1.29348
1.29355
1.29362
1.29369
1.29376
1.29384
1.29392
1.294
1.29409
1.29417
1.29426
1.29435
1.29444
1.29453
1.29462
1.29471
1.2948
1.29488
1.29497
1.29505
1.29514
1.29521
1.29529
1.29536
1.29542
1.29548
1.29553
1.29557
1.29561
1.29564
1.29565
1.29566
1.29566
1.29565
1.29562
1.29559
1.29554
1.29548
1.2954
1.29531
1.29521
1.2951
1.29497
1.29483
1.29467
1.29451
1.29432
1.29413
1.29392
1.2937
1.29346
1.29321
1.29295
1.29268
1.2924
1.2921
1.29179
1.29148
1.29115
1.29082
1.29048
1.29012
1.28976
1.2894
1.28903
1.28865
1.28827
1.28788
1.28749
1.2871
1.2867
1.28631
1.28591
1.28551
1.28512
1.28472
1.28433
1.28394
1.28356
1.28318
1.2828
1.28243
1.28206
1.2817
1.28134
1.28099
1.28065
1.28031
1.27998
1.27966
1.27934
1.27903
1.27873
1.27843
1.27814
1.27786
1.27759
1.27732
1.27705
1.2768
1.27655
1.2763
1.27606
1.27583
1.27561
1.27539
1.27517
1.27497
1.27477
1.27458
1.27439
1.27421
1.27404
1.27388
1.27373
1.27358
1.27345
1.27332
1.2732
1.27309
1.273
1.27291
1.27283
1.27277
1.27271
1.27267
1.27264
1.27262
1.27261
1.27261
1.27263
1.27265
1.27269
1.27274
1.2728
1.27288
1.27296
1.27306
1.27317
1.27328
1.27341
1.27355
1.2737
1.27385
1.27402
1.2742
1.27438
1.27457
1.27477
1.27498
1.27519
1.27542
1.27564
1.27588
1.27611
1.27635
1.2766
1.27685
1.2771
1.27736
1.27761
1.27787
1.27813
1.27838
1.27864
1.27889
1.27915
1.2794
1.27964
1.27988
1.28012
1.28036
1.28058
1.2808
1.28102
1.28123
1.28143
1.28162
1.28181
1.28199
1.28216
1.28232
1.28248
1.28262
1.28276
1.28289
1.28301
1.28312
1.28322
1.28331
1.2834
1.28348
1.28355
1.28361
1.28366
1.28371
1.28375
1.28378
1.28381
1.28383
1.28384
1.28385
1.28385
1.28385
1.28385
1.28384
1.28382
1.28381
1.28379
1.28377
1.28374
1.28372
1.28369
1.28367
1.28364
1.28361
1.28358
1.28356
1.28353
1.28351
1.28348
1.28346
1.28345
1.28343
1.28342
1.28341
1.2834
1.28339
1.28339
1.2834
1.2834
1.28342
1.28343
1.28345
1.28347
1.2835
1.28353
1.28356
1.28359
1.28363
1.28368
1.28372
1.28377
1.28382
1.28387
1.28392
1.28397
1.28402
1.28408
1.28413
1.28419
1.28424
1.28429
1.28435
1.2844
1.28445
1.28449
1.28454
1.28458
1.28462
1.28466
1.2847
1.28473
1.28475
1.28478
1.2848
1.28481
1.28482
1.28483
1.28482
1.28482
1.2848
1.28479
1.28476
1.28473
1.28469
1.28464
1.28459
1.28453
1.28446
1.28439
1.2843
1.28421
1.28411
1.28401
1.2839
1.28378
1.28365
1.28352
1.28338
1.28323
1.28308
1.28293
1.28276
1.2826
1.28243
1.28226
1.28208
1.2819
1.28172
1.28154
1.28136
1.28117
1.28099
1.28081
1.28063
1.28046
1.28028
1.28011
1.27995
1.27978
1.27962
1.27947
1.27932
1.27918
1.27904
1.27891
1.27878
1.27866
1.27855
1.27844
1.27834
1.27824
1.27815
1.27806
1.27799
1.27791
1.27784
1.27778
1.27772
1.27767
1.27763
1.27759
1.27756
1.27753
1.2775
1.27749
1.27748
1.27747
1.27747
1.27748
1.27749
1.27751
1.27754
1.27757
1.2776
1.27764
1.27769
1.27774
1.2778
1.27786
1.27793
1.27799
1.27807
1.27815
1.27823
1.27831
1.2784
1.27848
1.27858
1.27867
1.27876
1.27886
1.27895
1.27905
1.27915
1.27925
1.27934
1.27944
1.27954
1.27963
1.27972
1.27981
1.2799
1.27999
1.28007
1.28015
1.28023
1.28031
1.28038
1.28045
1.28052
1.28058
1.28065
1.28071
1.28077
1.28083
1.28088
1.28094
1.28099
1.28105
1.2811
1.28116
1.28122
1.28128
1.28134
1.2814
1.28147
1.28153
1.2816
1.28168
1.28176
1.28184
1.28192
1.28201
1.28211
1.2822
1.28231
1.28241
1.28252
1.28264
1.28276
1.28289
1.28302
1.28316
1.2833
1.28344
1.28359
1.28375
1.28391
1.28407
1.28424
1.28441
1.28459
1.28477
1.28495
1.28514
1.28533
1.28553
1.28572
1.28592
1.28612
1.28633
1.28654
1.28674
1.28696
1.28717
1.28738
1.2876
1.28781
1.28803
1.28824
1.28846
1.28868
1.28889
1.28911
1.28932
1.28953
1.28974
1.28995
1.29015
1.29035
1.29054
1.29074
1.29092
1.2911
1.29128
1.29145
1.29161
1.29177
1.29192
1.29206
1.2922
1.29232
1.29244
1.29256
1.29266
1.29276
1.29285
1.29293
1.293
1.29307
1.29313
1.29318
1.29323
1.29327
1.2933
1.29333
1.29336
1.29338
1.29339
1.2934
1.29341
1.29341
1.29342
1.29342
1.29342
1.29342
1.29341
1.29341
1.29341
1.29341
1.29341
1.29341
1.29341
1.29341
1.29342
1.29342
1.29343
1.29344
1.29345
1.29346
1.29348
1.2935
1.29351
1.29353
1.29355
1.29358
1.2936
1.29362
1.29364
1.29367
1.29369
1.29372
1.29374
1.29377
1.29379
1.29381
1.29383
1.29385
1.29387
1.29389
1.2939
1.29391
1.29392
1.29393
1.29393
1.29393
1.29392
1.29392
1.2939
1.29389
1.29387
1.29385
1.29382
1.29379
1.29375
1.29371
1.29367
1.29362
1.29357
1.29352
1.29346
1.2934
1.29334
1.29327
1.29321
1.29314
1.29307
1.293
1.29292
1.29285
1.29278
1.29271
1.29263
1.29256
1.29249
1.29242
1.29235
1.29229
1.29222
1.29216
1.2921
1.29204
1.29198
1.29192
1.29186
1.2918
1.29175
1.29169
1.29163
1.29157
1.29151
1.29145
1.29139
1.29132
1.29125
1.29118
1.2911
1.29102
1.29094
1.29085
1.29075
1.29065
1.29054
1.29043
1.29031
1.29019
1.29005
1.28991
1.28977
1.28962
1.28946
1.28929
1.28912
1.28894
1.28876
1.28857
1.28837
1.28817
1.28796
1.28775
1.28753
1.28731
1.28709
1.28686
1.28662
1.28639
1.28615
1.28591
1.28567
1.28542
1.28517
1.28493
1.28468
1.28443
1.28418
1.28393
1.28368
1.28343
1.28319
1.28294
1.2827
1.28246
1.28222
1.28198
1.28175
1.28152
1.2813
1.28108
1.28087
1.28066
1.28046
1.28026
1.28007
1.27989
1.27972
1.27956
1.2794
1.27926
1.27912
1.279
1.27889
1.27879
1.2787
1.27862
1.27855
1.2785
1.27846
1.27843
1.27842
1.27842
1.27843
1.27845
1.27849
1.27854
1.2786
1.27867
1.27876
1.27886
1.27897
1.27908
1.27921
1.27935
1.2795
1.27966
1.27982
1.28
1.28018
1.28037
1.28056
1.28076
1.28097
1.28118
1.2814
1.28163
1.28186
1.28209
1.28233
1.28257
1.28282
1.28307
1.28333
1.28358
1.28385
1.28412
1.28439
1.28466
1.28494
1.28522
1.28551
1.2858
1.28609
1.28639
1.28668
1.28699
1.28729
1.2876
1.28791
1.28822
1.28853
1.28884
1.28916
1.28947
1.28979
1.29011
1.29042
1.29074
1.29105
1.29137
1.29168
1.29199
1.2923
1.2926
1.29291
1.29321
1.2935
1.2938
1.29409
1.29437
1.29466
1.29493
1.29521
1.29548
1.29574
1.296
1.29625
1.2965
1.29674
1.29698
1.29721
1.29744
1.29766
1.29787
1.29808
1.29828
1.29847
1.29866
1.29884
1.29902
1.29919
1.29936
1.29951
1.29966
1.29981
1.29995
1.30008
1.3002
1.30032
1.30043
1.30054
1.30063
1.30072
1.3008
1.30088
1.30095
1.30101
1.30106
1.3011
1.30114
1.30117
1.30119
1.3012
1.30121
1.3012
1.30119
1.30118
1.30115
1.30112
1.30109
1.30104
1.30099
1.30094
1.30088
1.30081
1.30074
1.30066
1.30058
1.3005
1.30041
1.30032
1.30022
1.30012
1.30002
1.29991
1.2998
1.29968
1.29957
1.29945
1.29932
1.29919
1.29906
1.29893
1.29879
1.29865
1.2985
1.29835
1.2982
1.29805
1.29788
1.29772
1.29755
1.29738
1.2972
1.29702
1.29683
1.29664
1.29645
1.29625
1.29605
1.29584
1.29563
1.29541
1.29519
1.29497
1.29475
1.29452
1.29429
1.29405
1.29382
1.29358
1.29334
1.2931
1.29286
1.29262
1.29238
1.29214
1.2919
1.29166
1.29142
1.29119
1.29096
1.29074
1.29052
1.2903
1.29009
1.28988
1.28968
1.28948
1.28929
1.28911
1.28893
1.28876
1.2886
1.28844
1.28829
1.28815
1.28801
1.28788
1.28775
1.28764
1.28752
1.28742
1.28732
1.28723
1.28714
1.28706
1.28698
1.28691
1.28685
1.28679
1.28673
1.28668
1.28664
1.2866
1.28657
1.28654
1.28651
1.28649
1.28647
1.28646
1.28645
1.28644
1.28644
1.28645
1.28645
1.28646
1.28647
1.28649
1.28651
1.28653
1.28655
1.28658
1.28661
1.28664
1.28667
1.2867
1.28674
1.28678
1.28682
1.28686
1.28691
1.28696
1.28701
1.28706
1.28711
1.28717
1.28723
1.28729
1.28735
1.28742
1.28749
1.28757
1.28765
1.28773
1.28781
1.2879
1.28799
1.28808
1.28818
1.28828
1.28839
1.28849
1.2886
1.28871
1.28882
1.28893
1.28904
1.28916
1.28927
1.28938
1.28949
1.28961
1.28972
1.28983
1.28993
1.29004
1.29014
1.29024
1.29033
1.29042
1.29051
1.29059
1.29067
1.29075
1.29082
1.29088
1.29094
1.291
1.29105
1.29109
1.29113
1.29116
1.29119
1.29121
1.29123
1.29124
1.29124
1.29124
1.29123
1.29122
1.2912
1.29118
1.29115
1.29111
1.29108
1.29104
1.29099
1.29094
1.29089
1.29083
1.29078
1.29072
1.29066
1.2906
1.29054
1.29048
1.29042
1.29036
1.29031
1.29025
1.2902
1.29015
1.29011
1.29007
1.29003
1.29
1.28997
1.28995
1.28993
1.28992
1.28991
1.28991
1.28991
1.28992
1.28993
1.28995
1.28997
1.28999
1.29003
1.29006
1.2901
1.29014
1.29019
1.29024
1.29029
1.29035
1.29041
1.29047
1.29054
1.29061
1.29067
1.29075
1.29082
1.29089
1.29097
1.29104
1.29112
1.29119
1.29127
1.29135
1.29142
1.2915
1.29158
1.29165
1.29172
1.2918
1.29187
1.29194
1.29201
1.29208
1.29214
1.29221
1.29227
1.29233
1.29239
1.29245
1.2925
1.29256
1.29261
1.29266
1.2927
1.29274
1.29279
1.29282
1.29286
1.29289
1.29292
1.29295
1.29297
1.293
1.29301
1.29303
1.29304
1.29305
1.29305
1.29305
1.29305
1.29304
1.29302
1.29301
1.29298
1.29296
1.29292
1.29289
1.29284
1.29279
1.29274
1.29268
1.29261
1.29254
1.29246
1.29238
1.29229
1.29219
1.29209
1.29198
1.29187
1.29176
1.29164
1.29151
1.29138
1.29125
1.29111
1.29097
1.29083
1.29068
1.29054
1.29039
1.29023
1.29008
1.28992
1.28977
1.28961
1.28945
1.28929
1.28913
1.28897
1.28882
1.28866
1.2885
1.28835
1.28819
1.28804
1.28789
1.28774
1.2876
1.28745
1.28731
1.28717
1.28703
1.2869
1.28677
1.28664
1.28652
1.2864
1.28628
1.28617
1.28605
1.28595
1.28584
1.28574
1.28564
1.28555
1.28545
1.28536
1.28528
1.28519
1.28511
1.28504
1.28496
1.28489
1.28482
1.28475
1.28469
1.28463
1.28457
1.28451
1.28445
1.2844
1.28435
1.2843
1.28425
1.2842
1.28416
1.28411
1.28407
1.28403
1.28398
1.28394
1.2839
1.28386
1.28382
1.28378
1.28374
1.2837
1.28365
1.28361
1.28357
1.28353
1.28349
1.28345
1.28341
1.28338
1.28334
1.2833
1.28327
1.28323
1.2832
1.28317
1.28314
1.28311
1.28309
1.28307
1.28305
1.28303
1.28302
1.283
1.28299
1.28298
1.28298
1.28297
1.28297
1.28297
1.28297
1.28297
1.28298
1.28298
1.28299
1.283
1.28301
1.28302
1.28304
1.28305
1.28307
1.28308
1.2831
1.28312
1.28314
1.28317
1.28319
1.28322
1.28325
1.28328
1.28331
1.28334
1.28338
1.28342
1.28346
1.2835
1.28354
1.28359
1.28364
1.28369
1.28375
1.2838
1.28387
1.28393
1.284
1.28407
1.28414
1.28422
1.28431
1.2844
1.28449
1.28459
1.2847
1.28481
