1.40001
1.39924
1.39767
1.39532
1.39216
1.3882
1.38343
1.37782
1.37137
1.36406
1.35588
1.3468
1.33681
1.32589
1.31403
1.30123
1.28746
1.27275
1.2571
1.24054
1.2231
1.20484
1.18586
1.16625
1.14616
1.12574
1.1052
1.08477
1.06467
1.04519
1.02657
1.00907
0.992916
0.978302
0.965371
0.954217
0.944875
0.937329
0.931514
0.927324
0.92462
0.923243
0.923019
0.923768
0.925316
0.927493
0.930145
0.93313
0.936327
0.939629
0.94295
0.946218
0.949378
0.95239
0.955225
0.957867
0.960313
0.962567
0.96465
0.966589
0.968424
0.970199
0.971961
0.973751
0.975601
0.977525
0.979516
0.981554
0.983601
0.985614
0.987544
0.989348
0.990988
0.992434
0.993667
0.994676
0.995461
0.996034
0.996412
0.996625
0.996705
0.996691
0.996625
0.996546
0.996495
0.996503
0.996598
0.996801
0.997122
0.997567
0.998132
0.998811
0.999594
1.00047
1.00143
1.00246
1.00355
1.00469
1.00588
1.0071
1.00834
1.00958
1.01079
1.01197
1.01309
1.01414
1.01511
1.01599
1.01677
1.01747
1.01808
1.01859
1.019
1.01929
1.01945
1.01945
1.01928
1.01892
1.01838
1.01766
1.01678
1.01577
1.01466
1.01348
1.01227
1.01105
1.00984
1.00863
1.00743
1.00624
1.00505
1.00388
1.00272
1.00159
1.0005
0.999489
0.998567
0.99776
0.997091
0.996575
0.996222
0.996033
0.996003
0.99612
0.996366
0.996722
0.997165
0.997672
0.99822
0.99879
0.999361
0.999921
1.00046
1.00099
1.00151
1.00205
1.00263
1.00328
1.00402
1.00487
1.00584
1.00689
1.00802
1.00917
1.01031
1.01142
1.01248
1.01345
1.01435
1.01516
1.01589
1.01654
1.0171
1.01758
1.01797
1.01826
1.01845
1.01852
1.01847
1.0183
1.018
1.01759
1.01708
1.01648
1.01582
1.0151
1.01436
1.01361
1.01286
1.01211
1.01139
1.01067
1.00995
1.00923
1.00849
1.00773
1.00694
1.00611
1.00525
1.00437
1.00348
1.00261
1.00178
1.00103
1.0004
0.999935
0.999655
0.999592
0.999755
1.00014
1.00074
1.0015
1.00239
1.00337
1.00438
1.00538
1.00634
1.00722
1.00801
1.0087
1.00926
1.00971
1.01002
1.01019
1.01022
1.01012
1.00989
1.00954
1.00909
1.00857
1.00798
1.00736
1.00671
1.00602
1.0053
1.00451
1.00365
1.00267
1.00158
1.00034
0.998963
0.997442
0.995778
0.993978
0.992055
0.990032
0.987943
0.985841
0.983788
0.981855
0.98011
0.978609
0.977393
0.976474
0.975849
0.975492
0.975374
0.97546
0.975722
0.976138
0.976692
0.977376
0.978184
0.979113
0.980159
0.981316
0.982575
0.983924
0.985342
0.986805
0.988282
0.989735
0.991125
0.992411
0.993556
0.99453
0.995311
0.995889
0.99626
0.996431
0.996413
0.996223
0.995879
0.995401
0.994815
0.99415
0.993438
0.99272
0.992037
0.991433
0.990952
0.990634
0.990512
0.99061
0.990941
0.991504
0.992285
0.993259
0.994387
0.995622
0.996911
0.998198
0.99943
1.00056
1.00154
1.00234
1.00295
1.00335
1.00355
1.00354
1.00335
1.00297
1.00241
1.00169
1.0008
0.999744
0.99853
0.997162
0.995648
0.994002
0.992238
0.990379
0.988449
0.986482
0.984519
0.98261
0.980814
0.979201
0.977845
0.97682
0.976193
0.976015
0.976312
0.977087
0.97831
0.979933
0.981888
0.984096
0.986474
0.988941
0.991417
0.993828
0.996106
0.998186
1.00001
1.00153
1.00269
1.00346
1.00378
1.00363
1.00299
1.00185
1.00019
0.998058
0.995476
0.992511
0.989245
0.985783
0.982244
0.978753
0.975432
0.972386
0.969695
0.967411
0.96556
0.964154
0.9632
0.962706
0.962682
0.963133
0.964052
0.965416
0.967185
0.969305
0.971712
0.974338
0.977112
0.979968
0.982843
0.985681
0.988434
0.991059
0.993523
0.995801
0.997875
0.999739
1.00139
1.00285
1.00412
1.00521
1.00615
1.00692
1.00753
1.00794
1.00814
1.00808
1.00773
1.00708
1.00611
1.00486
1.00335
1.00167
0.999906
0.99817
0.996574
0.995216
0.994165
0.993457
0.993101
0.993084
0.993387
0.993991
0.994873
0.996003
0.997328
0.998777
1.00026
1.00169
1.00299
1.0041
1.00501
1.00572
1.00624
1.0066
1.00683
1.00697
1.00702
1.00702
1.00695
1.00681
1.0066
1.00629
1.00584
1.00524
1.00444
1.00343
1.00217
1.00066
0.99888
0.996859
0.994621
0.992212
0.989693
0.987136
0.984615
0.982202
0.979958
0.977928
0.976138
0.9746
0.973312
0.972267
0.971454
0.97086
0.970472
0.970281
0.970276
0.970446
0.970779
0.971262
0.971877
0.972604
0.973419
0.974296
0.975205
0.976117
0.977004
0.977834
0.978581
0.979218
0.97972
0.980067
0.980242
0.980238
0.980053
0.979702
0.979213
0.978634
0.978035
0.977497
0.977106
0.976931
0.977009
0.977329
0.977841
0.978462
0.979107
0.979703
0.980207
0.98061
0.980932
0.981214
0.981507
0.981856
0.982289
0.982808
0.983396
0.984014
0.984619
0.98517
0.985637
0.986008
0.986284
0.986482
0.986624
0.986738
0.986846
0.986971
0.987127
0.987325
0.987569
0.987859
0.988186
0.988538
0.988892
0.989224
0.989508
0.989718
0.989832
0.989834
0.989718
0.98948
0.989127
0.988668
0.988119
0.987501
0.986836
0.98615
0.985469
0.984821
0.984233
0.98373
0.983337
0.983077
0.982969
0.983033
0.983282
0.983725
0.984363
0.985182
0.986154
0.987234
0.988359
0.989455
0.990441
0.991242
0.991791
0.992039
0.99196
0.991547
0.990812
0.989784
0.988498
0.987002
0.985349
0.983608
0.981871
0.98025
0.97888
0.977903
0.977442
0.977582
0.978357
0.979747
0.981683
0.984057
0.986743
0.989607
0.992525
0.995396
0.998149
1.00074
1.00314
1.00535
1.00736
1.00918
1.01081
1.01225
1.01349
1.01456
1.01543
1.01612
1.01663
1.01695
1.01709
1.01706
1.01688
1.01655
1.01609
1.01552
1.01485
1.01409
1.01326
1.01235
1.01136
1.0103
1.00917
1.00798
1.00673
1.00541
1.00404
1.00261
1.00113
0.999595
0.998016
0.99641
0.994802
0.993219
0.991693
0.990249
0.988907
0.987675
0.986548
0.985511
0.984539
0.983599
0.982662
0.981698
0.980687
0.979618
0.978487
0.977301
0.976072
0.974819
0.973563
0.972326
0.971128
0.969989
0.968927
0.967955
0.967083
0.966319
0.965666
0.965127
0.964702
0.964388
0.964185
0.964088
0.964096
0.964206
0.964415
0.964718
0.965111
0.965591
0.966154
0.966802
0.967542
0.968385
0.969348
0.970452
0.971711
0.973132
0.974708
0.976413
0.978212
0.980057
0.981902
0.983703
0.985425
0.987045
0.988545
0.989913
0.991138
0.992207
0.993105
0.993817
0.994332
0.99465
0.994787
0.994784
0.994703
0.994636
0.994686
0.994963
0.995557
0.996528
0.99789
0.999611
1.00162
1.00384
1.00617
1.00853
1.01083
1.01302
1.01502
1.0168
1.01831
1.01952
1.02038
1.02088
1.02099
1.02073
1.0201
1.01912
1.01783
1.01628
1.01454
1.01267
1.01074
1.0088
1.00689
1.00506
1.00333
1.00173
1.00024
0.998888
0.997659
0.99655
0.995555
0.99467
0.993893
0.993227
0.992679
0.992259
0.991975
0.991831
0.991825
0.991949
0.992186
0.992517
0.992917
0.993361
0.993826
0.994291
0.99474
0.995164
0.995561
0.995937
0.996302
0.99667
0.997053
0.997458
0.997889
0.99835
0.998844
0.999386
0.999995
1.0007
1.00152
1.00247
1.00355
1.0047
1.0059
1.00707
1.00816
1.00913
1.00994
1.01057
1.01101
1.01127
1.01135
1.01128
1.01106
1.01074
1.01035
1.00989
1.00939
1.00884
1.00825
1.0076
1.00686
1.006
1.00501
1.00385
1.00252
1.00102
0.999363
0.997579
0.9957
0.993763
0.991803
0.989849
0.987923
0.986037
0.984196
0.982399
0.980636
0.978895
0.97716
0.975413
0.973636
0.971812
0.969932
0.967993
0.965998
0.96396
0.961896
0.959829
0.95779
0.955815
0.953948
0.95224
0.950741
0.949498
0.948541
0.947876
0.947482
0.947315
0.947315
0.947422
0.947591
0.947796
0.948035
0.948331
0.948716
0.949227
0.949896
0.95074
0.951762
0.952948
0.954275
0.955716
0.957239
0.958819
0.960434
0.962067
0.96371
0.965358
0.967014
0.968684
0.970376
0.972101
0.973869
0.97569
0.977569
0.979507
0.981497
0.983524
0.985563
0.987576
0.989519
0.99134
0.992988
0.994414
0.995576
0.996444
0.996997
0.99723
0.997148
0.996767
0.996109
0.995207
0.994097
0.992821
0.991425
0.989957
0.988473
0.987029
0.985688
0.984516
0.98358
0.982944
0.982664
0.982775
0.983289
0.984179
0.985385
0.986819
0.988378
0.989962
0.991487
0.992893
0.994145
0.99523
0.996151
0.996919
0.997552
0.99807
0.99849
0.99883
0.999105
0.999329
0.999519
0.999685
0.99984
0.999992
1.00014
1.00028
1.00041
1.0005
1.00054
1.00051
1.0004
1.00019
0.999894
0.999532
0.999131
0.998726
0.998356
0.998057
0.99786
0.997783
0.997835
0.998014
0.998307
0.998699
0.999166
0.999688
1.00024
1.00081
1.00138
1.00193
1.00247
1.00298
1.00347
1.00392
1.00434
1.00472
1.00506
1.00535
1.00561
1.00586
1.00611
1.0064
1.00677
1.00724
1.00785
1.0086
1.0095
1.01052
1.01163
1.01277
1.01388
1.01489
1.01573
1.01634
1.01667
1.0167
1.0164
1.01576
1.0148
1.01355
1.01203
1.01028
1.00834
1.00624
1.00403
1.00171
0.999319
0.996852
0.994313
0.991703
0.989029
0.986307
0.983564
0.980834
0.978147
0.975525
0.972966
0.970457
0.967976
0.965513
0.963079
0.960714
0.958487
0.956483
0.95479
0.953483
0.952612
0.952193
0.952211
0.952626
0.953376
0.954394
0.955613
0.956975
0.958441
0.959984
0.961598
0.963288
0.965067
0.966949
0.968944
0.971054
0.973271
0.975582
0.977962
0.980384
0.982819
0.985236
0.987603
0.98989
0.992069
0.994109
0.995985
0.99767
0.999143
1.00039
1.0014
1.00217
1.00272
1.00306
1.00323
1.00326
1.00321
1.0031
1.00298
1.00289
1.00284
1.00286
1.00296
1.00314
1.00342
1.00381
1.00433
1.00499
1.00582
1.0068
1.00791
1.00911
1.01034
1.01152
1.01257
1.01341
1.01399
1.01427
1.01424
1.01389
1.01326
1.01238
1.0113
1.01008
1.00878
1.00746
1.00619
1.00502
1.00398
1.00309
1.00233
1.00168
1.00109
1.00051
0.999887
0.99919
0.9984
0.997522
0.996579
0.995605
0.994635
0.993698
0.992806
0.99196
0.991153
0.99038
0.989639
0.988945
0.988317
0.987787
0.987385
0.987141
0.987073
0.98719
0.987486
0.987942
0.988528
0.989206
0.989933
0.990664
0.991357
0.991971
0.992471
0.992827
0.993012
0.993007
0.992796
0.99237
0.991724
0.990863
0.989797
0.988545
0.987137
0.985612
0.984021
0.982425
0.980891
0.97949
0.97829
0.977349
0.97671
0.9764
0.976428
0.976785
0.97745
0.978396
0.979586
0.980981
0.982542
0.984224
0.985987
0.987788
0.989584
0.99133
0.992982
0.994494
0.995822
0.996924
0.997766
0.998322
0.998581
0.998546
0.998238
0.997692
0.99696
0.996102
0.995183
0.994265
0.993398
0.992609
0.991903
0.991258
0.990629
0.989952
0.989159
0.988182
0.98697
0.985489
0.98373
0.981705
0.97944
0.976969
0.974327
0.971547
0.96866
0.965695
0.962684
0.959664
0.956675
0.953758
0.950951
0.948283
0.945769
0.943407
0.941182
0.93907
0.937044
0.935088
0.933204
0.931419
0.929792
0.928405
0.927355
0.926736
0.92662
0.927036
0.927964
0.929346
0.931098
0.933126
0.935345
0.937686
0.94009
0.942515
0.944923
0.947284
0.949569
0.951753
0.953815
0.955738
0.957514
0.95914
0.960626
0.961986
0.963244
0.964431
0.965577
0.966717
0.967877
0.969077
0.97032
0.971599
0.972892
0.974164
0.975378
0.976496
0.977487
0.978331
0.979017
0.97955
0.979944
0.980221
0.980407
0.980525
0.980592
0.980617
0.980597
0.980526
0.980394
0.980197
0.979936
0.979618
0.979253
0.978852
0.978421
0.977961
0.977472
0.97697
0.976501
0.976158
0.976083
0.976459
0.977464
0.979216
0.981717
0.984835
0.988327
0.991902
0.995283
0.998247
1.00065
1.0024
1.00349
1.00392
1.00374
1.00303
1.00184
1.00027
0.998407
0.996341
0.994172
0.992001
0.989929
0.988055
0.986468
0.985244
0.984437
0.984082
0.984191
0.984757
0.985757
0.987159
0.988923
0.991001
0.993344
0.995896
0.9986
1.0014
1.00424
1.00708
1.00986
1.01254
1.01507
1.0174
1.01948
1.02126
1.02271
1.02378
1.02446
1.02473
1.0246
1.02406
1.02314
1.02187
1.02027
1.0184
1.01628
1.01394
1.01144
1.00879
1.00604
1.0032
1.00033
0.997449
0.994615
0.991878
0.989295
0.986923
0.984813
0.983009
0.98154
0.980422
0.979652
0.979219
0.979097
0.97926
0.979676
0.980316
0.981154
0.982165
0.983324
0.984604
0.985975
0.9874
0.988838
0.990246
0.991583
0.992818
0.993931
0.994925
0.995823
0.99667
0.997518
0.998415
0.999388
1.00043
1.00151
1.00257
1.00354
1.00438
1.00505
1.00556
1.00592
1.00617
1.00635
1.00649
1.00661
1.00671
1.00679
1.00684
1.00683
1.00677
1.00664
1.00644
1.00617
1.00583
1.00541
1.0049
1.00432
1.00365
1.00292
1.00214
1.00133
1.00054
0.999797
0.999143
0.99861
0.998226
0.998009
0.997964
0.998088
0.998369
0.998791
0.999333
0.999977
1.0007
1.00149
1.00232
1.00318
1.00406
1.00494
1.00579
1.00662
1.00739
1.0081
1.00872
1.00925
1.00967
1.00998
1.01016
1.0102
1.01011
1.00986
1.00945
1.00888
1.00815
1.00726
1.00621
1.00503
1.00374
1.00239
1.00101
0.999647
0.998351
0.997157
0.996084
0.995139
0.99431
0.993574
0.992901
0.992262
0.991629
0.990984
0.990315
0.989618
0.988899
0.988172
0.987454
0.986773
0.986157
0.985633
0.985226
0.984953
0.98482
0.984827
0.984966
0.985226
0.985601
0.986084
0.986673
0.987364
0.988148
0.989005
0.989906
0.990809
0.991665
0.992427
0.993053
0.993518
0.993814
0.993951
0.993963
0.993895
0.993797
0.993714
0.99367
0.993665
0.993671
0.99364
0.993522
0.993271
0.992859
0.99228
0.991548
0.990694
0.989757
0.988781
0.987813
0.986897
0.986076
0.985385
0.984858
0.984522
0.984401
0.984509
0.98485
0.985413
0.986173
0.987092
0.98812
0.989208
0.99031
0.991385
0.992401
0.993332
0.994159
0.994862
0.995428
0.995847
0.996114
0.996232
0.996209
0.996061
0.995804
0.995451
0.995004
0.994458
0.993798
0.993011
0.992087
0.99103
0.989864
0.988628
0.987377
0.986171
0.98507
0.984123
0.983372
0.982841
0.982544
0.982486
0.982664
0.98307
0.983686
0.984484
0.985422
0.986439
0.987466
0.988419
0.989219
0.989786
0.990058
0.989989
0.989554
0.988755
0.987618
0.986191
0.984547
0.982768
0.980944
0.979155
0.977463
0.975905
0.974493
0.973225
0.972093
0.971096
0.970248
0.969569
0.969089
0.968837
0.968836
0.969099
0.969633
0.970432
0.97147
0.972703
0.974072
0.975511
0.97696
0.978371
0.979714
0.980971
0.982135
0.983207
0.984188
0.985079
0.98588
0.986585
0.987186
0.987673
0.988034
0.988262
0.988357
0.988324
0.988176
0.987929
0.987598
0.987198
0.986738
0.986222
0.985652
0.985032
0.984369
0.983676
0.982974
0.982292
0.981666
0.981138
0.980752
0.980553
0.980582
0.980872
0.981449
0.982324
0.983497
0.984955
0.986673
0.988617
0.990745
0.99301
0.995364
0.997757
1.00014
1.00248
1.00473
1.00687
1.00887
1.01072
1.01241
1.01394
1.01529
1.01647
1.01748
1.01832
1.01902
1.01959
1.02007
1.02048
1.02086
1.02125
1.02168
1.02218
1.02276
1.02346
1.02425
1.02515
1.02614
1.02719
1.02828
1.02937
1.03044
1.03144
1.03237
1.03317
1.03385
1.03436
1.03471
1.03487
1.03486
1.03466
1.03429
1.03376
1.0331
1.03234
1.0315
1.03061
1.02969
1.02876
1.02781
1.02684
1.02582
1.02473
1.02353
1.02219
1.02068
1.01899
1.01713
1.0151
1.01295
1.01072
1.00846
1.00621
1.00399
1.00184
0.999755
0.997766
0.995891
0.994162
0.992621
0.991315
0.990293
0.989598
0.989264
0.989308
0.989728
0.990503
0.991594
0.992947
0.994503
0.996197
0.997967
0.999756
1.00151
1.0032
1.00478
1.00622
1.00752
1.00864
1.00961
1.0104
1.01105
1.01156
1.01195
1.01224
1.01245
1.01257
1.01262
1.0126
1.01248
1.01226
1.01192
1.01145
1.01083
1.01006
1.00914
1.00808
1.0069
1.00563
1.00433
1.00303
1.0018
1.00069
0.999766
0.99907
0.998631
0.998459
0.998538
0.99883
0.999272
0.99979
1.0003
1.00071
1.00094
1.00092
1.0006
0.99994
0.998923
0.997544
0.99581
0.993735
0.991342
0.988654
0.985701
0.982521
0.979162
0.975692
0.972199
0.968793
0.965597
0.962725
0.960266
0.958255
0.956672
0.955451
0.954498
0.953717
0.95303
0.95238
0.951737
0.951092
0.950448
0.949824
0.949239
0.948722
0.948301
0.948005
0.947864
0.947905
0.948147
0.948602
0.949269
0.950136
0.951187
0.9524
0.953758
0.955251
0.956873
0.958621
0.960491
0.962472
0.964546
0.966689
0.968871
0.971064
0.973239
0.975369
0.977436
0.979425
0.98133
0.983147
0.98488
0.986526
0.988082
0.989533
0.990857
0.992025
0.993009
0.993785
0.994341
0.994676
0.994795
0.994711
0.994435
0.993981
0.993373
0.992643
0.991842
0.991033
0.990283
0.989654
0.989198
0.988952
0.988942
0.989184
0.989685
0.990445
0.991451
0.99268
0.994103
0.995683
0.997383
0.999168
1.001
1.00286
1.00471
1.00653
1.00827
1.00993
1.01145
1.01282
1.01401
1.01498
1.01572
1.01623
1.01648
1.0165
1.01629
1.01587
1.01527
1.0145
1.0136
1.01259
1.0115
1.01035
1.00917
1.00797
1.00677
1.0056
1.00445
1.00335
1.00231
1.00133
1.00043
0.999626
0.998929
0.998364
0.997951
0.997705
0.997632
0.997726
0.997963
0.998303
0.998688
0.999052
0.999318
0.999404
0.999233
0.998732
0.997841
0.996514
0.994726
0.992471
0.989771
0.986671
0.983236
0.979558
0.975742
0.971904
0.968171
0.964665
0.961507
0.958799
0.956626
0.955042
0.95407
0.953703
0.953903
0.954614
0.955764
0.957274
0.959063
0.961049
0.963158
0.965324
0.967494
0.969629
0.971706
0.973717
0.975668
0.977573
0.97945
0.98131
0.983156
0.984974
0.986739
0.988412
0.989957
0.991343
0.992547
0.993566
0.994403
0.995076
0.995602
0.996004
0.996298
0.996499
0.996615
0.996655
0.996621
0.996519
0.996353
0.996129
0.995857
0.99555
0.995223
0.994896
0.994594
0.99434
0.994154
0.994049
0.994024
0.994065
0.994139
0.994203
0.994209
0.994104
0.993845
0.993398
0.992747
0.991889
0.990834
0.989608
0.988239
0.986762
0.985212
0.983621
0.982019
0.980434
0.978888
0.977404
0.975999
0.974689
0.97349
0.972418
0.971488
0.97072
0.970133
0.969748
0.969587
0.969669
0.970004
0.970595
0.97143
0.972483
0.973718
0.975092
0.976563
0.978095
0.979662
0.981251
0.982858
0.984487
0.986144
0.987833
0.989554
0.991295
0.993037
0.994749
0.996392
0.997924
0.999298
1.00047
1.0014
1.00206
1.00242
1.00249
1.00227
1.0018
1.00113
1.00031
0.999421
0.998528
0.997692
0.996955
0.996338
0.995844
0.995463
0.995176
0.994961
0.994794
0.99465
0.994504
0.994328
0.994097
0.993791
0.993396
0.992913
0.992356
0.99176
0.991174
0.990654
0.990258
0.990027
0.989981
0.990118
0.990413
0.990827
0.991319
0.991848
0.992377
0.992876
0.993319
0.993679
0.993936
0.994069
0.994062
0.993905
0.993594
0.993133
0.992531
0.991807
0.99098
0.990075
0.989119
0.988136
0.987154
0.986202
0.985309
0.984508
0.983834
0.983316
0.982983
0.982849
0.982916
0.983171
0.983586
0.984125
0.984746
0.985412
0.986091
0.986763
0.987414
0.988041
0.988645
0.989233
0.989812
0.990391
0.990978
0.991582
0.992213
0.992878
0.99358
0.994321
0.995095
0.995896
0.996713
0.997533
0.998344
0.999126
0.999854
1.0005
1.00101
1.00134
1.00147
1.00135
1.00099
1.00039
0.999607
0.9987
0.997747
0.996824
0.995998
0.995313
0.994787
0.994407
0.994143
0.99395
0.993788
0.993626
0.993448
0.993258
0.993067
0.99289
0.992735
0.992604
0.992495
0.992411
0.992366
0.992382
0.992479
0.992663
0.992914
0.993186
0.993411
0.993514
0.99343
0.993118
0.992569
0.991813
0.990914
0.989963
0.989068
0.988335
0.98785
0.987672
0.987818
0.988277
0.98901
0.989962
0.991072
0.992276
0.993512
0.994721
0.99585
0.996855
0.997697
0.99835
0.998793
0.999012
0.999001
0.99876
0.998291
0.997602
0.996709
0.99563
0.994392
0.993029
0.991581
0.990092
0.988613
0.987192
0.98588
0.984723
0.983763
0.98303
0.982546
0.982315
0.982325
0.98255
0.982952
0.983487
0.984108
0.984772
0.985442
0.98609
0.98669
0.987224
0.987678
0.988037
0.988291
0.988429
0.988443
0.988329
0.988084
0.98771
0.98721
0.986589
0.985853
0.985008
0.984058
0.983012
0.981877
0.980665
0.979389
0.978064
0.97671
0.975348
0.974001
0.972697
0.971466
0.970342
0.969361
0.968557
0.96796
0.967588
0.967446
0.967522
0.967787
0.9682
0.968709
0.969267
0.969832
0.970379
0.970904
0.971426
0.971985
0.972638
0.97345
0.974486
0.975799
0.977421
0.979358
0.981586
0.984053
0.986682
0.989382
0.992054
0.994601
0.996932
0.998968
1.00064
1.00191
1.00273
1.00307
1.00294
1.00235
1.0013
0.999832
0.997996
0.995845
0.993445
0.990872
0.988208
0.98554
0.982958
0.98055
0.978395
0.976566
0.975119
0.974097
0.973527
0.973423
0.973787
0.974612
0.975885
0.977583
0.979676
0.982121
0.984861
0.987823
0.990922
0.994061
0.997136
1.00005
1.00269
1.00497
1.00682
1.00815
1.00892
1.00909
1.00863
1.00754
1.00582
1.00352
1.00069
0.997395
0.993739
0.989838
0.985822
0.981829
0.977993
0.974428
0.97122
0.968415
0.966019
0.964001
0.962306
0.960868
0.959629
0.958545
0.957602
0.956811
0.956209
0.955852
0.955803
0.956125
0.956875
0.958094
0.959803
0.962002
0.964662
0.967727
0.97111
0.974705
0.978392
0.982051
0.985573
0.988865
0.991861
0.99452
0.996826
0.998784
1.00042
1.00176
1.00287
1.00379
1.00458
1.00529
1.00594
1.00656
1.00714
1.00768
1.00818
1.00864
1.00911
1.00965
1.01031
1.01117
1.01227
1.01362
1.01519
1.01692
1.01874
1.02054
1.02226
1.02382
1.02516
1.02625
1.02707
1.02759
1.0278
1.0277
1.02727
1.02652
1.02544
1.02402
1.02228
1.02022
1.01787
1.01524
1.0124
1.00937
1.00623
1.00305
0.999906
0.996905
0.994141
0.991707
0.989674
0.988084
0.986936
0.986195
0.985793
0.985649
0.985678
0.985806
0.985972
0.986135
0.986274
0.986388
0.986493
0.986619
0.9868
0.987069
0.987444
0.98793
0.988513
0.989165
0.989844
0.990504
0.991102
0.991596
0.991957
0.992169
0.992236
0.992186
0.992069
0.991959
0.991941
0.992098
0.992485
0.993117
0.993956
0.994921
0.995904
0.996792
0.997487
0.997913
0.998025
0.997806
0.997263
0.996421
0.99532
0.994009
0.992542
0.990978
0.989374
0.987785
0.986264
0.984854
0.98359
0.982499
0.981596
0.980889
0.980378
0.98006
0.97993
0.979985
0.980224
0.980648
0.981257
0.982048
0.983013
0.984134
0.98538
0.986709
0.98807
0.989399
0.990633
0.991708
0.992567
0.993165
0.993478
0.993499
0.993247
0.992764
0.992119
0.991402
0.990717
0.990167
0.989834
0.989752
0.989898
0.990199
0.990549
0.99084
0.99098
0.990909
0.990598
0.990046
0.989277
0.988335
0.987275
0.986157
0.985044
0.983991
0.98304
0.982223
0.981556
0.981042
0.980677
0.980452
0.980356
0.980381
0.980526
0.980793
0.981189
0.981719
0.982385
0.983177
0.984072
0.985038
0.986035
0.98702
0.987957
0.988813
0.989568
0.99021
0.990736
0.991151
0.991469
0.991709
0.991894
0.992051
0.992209
0.992396
0.992638
0.992956
0.993363
0.993864
0.994452
0.99511
0.99581
0.996514
0.997176
0.997746
0.998171
0.998401
0.998387
0.99809
0.99748
0.996539
0.995263
0.993665
0.991773
0.989631
0.987299
0.98485
0.982362
0.979917
0.977592
0.975456
0.973559
0.971939
0.970615
0.969591
0.968859
0.968401
0.968192
0.968202
0.9684
0.968756
0.969244
0.969845
0.970551
0.971364
0.972294
0.973357
0.974565
0.975929
0.977444
0.979094
0.98085
0.982672
0.984511
0.986318
0.988042
0.989636
0.991058
0.992276
0.993265
0.994015
0.994523
0.994801
0.994871
0.994765
0.994521
0.994178
0.993773
0.993341
0.992907
0.992493
0.992115
0.991786
0.991519
0.991327
0.991224
0.991224
0.99134
0.991586
0.99197
0.992498
0.993171
0.993986
0.994934
0.996002
0.997169
0.998408
0.999684
1.00095
1.00216
1.00326
1.00419
1.00491
1.00539
1.0056
1.00554
1.00525
1.00474
1.00408
1.00331
1.00249
1.00168
1.00092
1.00025
0.999694
0.999282
0.999025
0.998927
0.998977
0.999149
0.999405
0.999693
0.999957
1.00014
1.00018
1.00004
0.999684
0.999098
0.998277
0.997237
0.99601
0.994643
0.993199
0.991751
0.990377
0.989158
0.988164
0.98745
0.987052
0.986982
0.987223
0.98774
0.988475
0.989359
0.990317
0.991275
0.992162
0.992921
0.993506
0.993888
0.994047
0.99398
0.993691
0.993191
0.992498
0.99163
0.990609
0.989456
0.988194
0.986848
0.985446
0.984024
0.982624
0.981301
0.980119
0.979152
0.978477
0.978164
0.978265
0.9788
0.979763
0.981115
0.982794
0.984728
0.986841
0.989059
0.991312
0.993534
0.995664
0.997644
0.999425
1.00096
1.00223
1.0032
1.00388
1.00427
1.0044
1.0043
1.00398
1.00347
1.00282
1.00202
1.00112
1.00012
0.999046
0.997915
0.996741
0.995535
0.994308
0.993068
0.991823
0.990578
0.98934
0.988108
0.986883
0.985657
0.984417
0.983143
0.981812
0.980399
0.978878
0.977231
0.97545
0.973543
0.971536
0.969476
0.967424
0.965454
0.963638
0.962044
0.960726
0.959722
0.959056
0.958739
0.958777
0.959168
0.959907
0.960979
0.962359
0.964012
0.965897
0.967966
0.970167
0.97245
0.974766
0.977073
0.979332
0.981513
0.98359
0.985549
0.987381
0.989082
0.990654
0.9921
0.993427
0.99464
0.995747
0.996755
0.997678
0.998531
0.999337
1.00013
1.00093
1.00178
1.00273
1.00378
1.00496
1.00626
1.00764
1.00907
1.01046
1.01173
1.01281
1.01361
1.01408
1.01418
1.01389
1.01322
1.01219
1.01084
1.0092
1.00733
1.00526
1.00303
1.00067
0.998211
0.995683
0.993117
0.990546
0.988005
0.985527
0.983146
0.980893
0.978798
0.976883
0.975167
0.973665
0.972388
0.971342
0.970532
0.969959
0.969619
0.969501
0.969587
0.969853
0.970266
0.970794
0.971397
0.97204
0.972689
0.973314
0.973891
0.9744
0.974831
0.975174
0.975429
0.975596
0.97568
0.975691
0.975636
0.975527
0.975375
0.975189
0.974978
0.97475
0.974513
0.974276
0.97405
0.97385
0.973693
0.973599
0.973586
0.97367
0.973862
0.97416
0.974559
0.975041
0.975585
0.976167
0.976765
0.977368
0.977971
0.978587
0.979241
0.97997
0.980816
0.981823
0.98302
0.984423
0.986021
0.987783
0.989655
0.991568
0.993446
0.995214
0.996806
0.998166
0.999255
1.00005
1.00055
1.00076
1.00072
1.00046
1.00004
0.999532
0.999001
0.998514
0.998129
0.997884
0.997799
0.997869
0.998073
0.998381
0.998761
0.999189
0.999647
1.00013
1.00063
1.00117
1.00173
1.00234
1.003
1.0037
1.00444
1.00522
1.00603
1.00685
1.00768
1.00849
1.00929
1.01009
1.01089
1.0117
1.01253
1.0134
1.01429
1.0152
1.01612
1.01702
1.01788
1.01867
1.01936
1.01993
1.02036
1.02066
1.0208
1.02081
1.02068
1.02041
1.01998
1.01937
1.01852
1.01739
1.01593
1.01413
1.012
1.00964
1.00717
1.00478
1.00262
1.00082
0.99943
0.998444
0.9978
0.997426
0.997256
0.997232
0.99731
0.997457
0.997651
0.99788
0.99814
0.998431
0.998753
0.999101
0.999467
0.999833
1.00018
1.00049
1.00074
1.00091
1.001
1.00101
1.00093
1.00077
1.00055
1.00027
0.999928
0.999532
0.99907
0.998532
0.997903
0.997168
0.996315
0.995333
0.994219
0.992974
0.991602
0.990112
0.988516
0.98683
0.985075
0.983282
0.981492
0.979765
0.978181
0.976833
0.975819
0.97523
0.975133
0.975557
0.976495
0.977907
0.979735
0.981911
0.984373
0.987058
0.989909
0.992867
0.995871
0.998861
1.00178
1.00456
1.00716
1.00953
1.01163
1.01345
1.01496
1.01616
1.01705
1.01765
1.01797
1.01805
1.01788
1.01752
1.01696
1.01623
1.01535
1.01432
1.01316
1.01188
1.01048
1.00897
1.00737
1.00568
1.00393
1.00213
1.00031
0.998471
0.996649
0.994858
0.993114
0.991434
0.989832
0.988319
0.986902
0.985583
0.98436
0.983227
0.98218
0.98122
0.980353
0.97959
0.978949
0.978442
0.978082
0.977871
0.977803
0.977865
0.978037
0.978298
0.97863
0.979017
0.979453
0.979939
0.98048
0.981091
0.981785
0.982579
0.983484
0.984507
0.985646
0.986892
0.98823
0.989635
0.991082
0.992544
0.993998
0.995426
0.996819
0.998174
0.999493
1.00078
1.00203
1.00323
1.00437
1.00539
1.00627
1.00695
1.00738
1.00751
1.00731
1.00676
1.00587
1.00468
1.00328
1.00175
1.00026
0.998916
0.997835
0.997054
0.996554
0.996265
0.996102
0.995987
0.995865
0.995706
0.9955
0.995243
0.994936
0.994574
0.994149
0.993646
0.993049
0.99234
0.991503
0.990523
0.989386
0.988082
0.986605
0.984958
0.983156
0.981237
0.979261
0.977313
0.975501
0.973945
0.972766
0.972062
0.971898
0.972293
0.973216
0.974598
0.976347
0.978368
0.980578
0.982925
0.985392
0.988001
0.990795
0.993805
0.997016
1.00034
1.00362
1.00667
1.00932
1.01143
1.01293
1.01381
1.01407
1.0138
1.01306
1.01194
1.01055
1.00898
1.00733
1.00568
1.00411
1.00269
1.00146
1.00046
0.999723
0.999252
0.999049
0.9991
0.999377
0.999839
1.00043
1.00109
1.00176
1.00236
1.00282
1.00311
1.00316
1.00297
1.00252
1.00182
1.00092
0.999884
0.998786
0.997719
0.99677
0.996008
0.995476
0.995183
0.995108
0.995209
0.995431
0.995714
0.996006
0.996261
0.99645
0.996554
0.99657
0.996505
0.99637
0.996182
0.995954
0.995698
0.995415
0.995103
0.994751
0.994344
0.993865
0.993298
0.992633
0.991866
0.991003
0.990059
0.989059
0.988039
0.987043
0.986125
0.985349
0.984789
0.984529
0.984648
0.985215
0.986265
0.987788
0.989724
0.991974
0.994416
0.996925
0.999393
1.00173
1.00389
1.00583
1.00754
1.00902
1.01029
1.01138
1.01231
1.01312
1.01382
1.01442
1.01494
1.01538
1.01571
1.01594
1.01606
1.01607
1.01599
1.01584
1.01564
1.01542
1.01519
1.01496
1.01471
1.01443
1.01411
1.01376
1.01339
1.01304
1.01277
1.01264
1.0127
1.01299
1.01351
1.01425
1.01516
1.0162
1.0173
1.01841
1.01947
1.02044
1.02129
1.022
1.02254
1.02288
1.02299
1.02283
1.02238
1.02158
1.02042
1.01885
1.01687
1.01447
1.01167
1.0085
1.00503
1.00135
0.997585
0.993865
0.990343
0.987168
0.984473
0.982362
0.980902
0.980109
0.979954
0.980363
0.981233
0.982449
0.983899
0.985488
0.987138
0.988794
0.990412
0.99196
0.993411
0.994738
0.995914
0.996913
0.997702
0.99825
0.998525
0.998496
0.998133
0.997415
0.99633
0.994878
0.993083
0.990991
0.988682
0.986261
0.983853
0.981588
0.979577
0.977892
0.976554
0.97553
0.974747
0.974115
0.973539
0.972944
0.972274
0.971499
0.970613
0.969627
0.96857
0.96748
0.966403
0.96539
0.964489
0.963739
0.963169
0.962794
0.962614
0.962619
0.962787
0.963096
0.963522
0.964041
0.964633
0.965286
0.96599
0.966745
0.967556
0.968434
0.969395
0.970456
0.971636
0.972947
0.974396
0.975981
0.977691
0.979506
0.981398
0.983332
0.985269
0.987166
0.988982
0.990678
0.992221
0.993584
0.994753
0.995725
0.996509
0.997126
0.997605
0.997979
0.998279
0.998525
0.998729
0.99889
0.998998
0.999038
0.998993
0.998853
0.998609
0.998257
0.997799
0.997234
0.996563
0.995783
0.994891
0.993883
0.992758
0.99152
0.990181
0.988765
0.987304
0.985837
0.984408
0.98306
0.981828
0.980739
0.97981
0.979046
0.978445
0.977994
0.977672
0.977453
0.977308
0.977204
0.977114
0.977015
0.976893
0.976743
0.976569
0.976384
0.976205
0.976056
0.97596
0.975944
0.976034
0.976253
0.976623
0.977161
0.977873
0.978758
0.979803
0.980987
0.982284
0.983666
0.985109
0.986589
0.988091
0.989602
0.99111
0.992603
0.994062
0.995465
0.996782
0.997976
0.999004
0.99982
1.00038
1.00065
1.00059
1.00018
0.999419
0.998313
0.996883
0.995166
0.993207
0.99106
0.988783
0.986431
0.984054
0.981693
0.979376
0.977123
0.97494
0.972828
0.970782
0.968796
0.966862
0.964973
0.96312
0.9613
0.959513
0.957766
0.956077
0.954478
0.953008
0.951719
0.950665
0.9499
0.949474
0.949429
0.949791
0.950571
0.95176
0.953324
0.955211
0.957353
0.959678
0.962114
0.964603
0.967099
0.969578
0.972031
0.974461
0.976883
0.979308
0.981749
0.984209
0.986681
0.989154
0.99161
0.994028
0.996394
0.998694
1.00092
1.00307
1.00514
1.00711
1.00896
1.01066
1.01219
1.01351
1.01462
1.0155
1.01615
1.01659
1.01683
1.0169
1.01683
1.01664
1.01634
1.01596
1.0155
1.01495
1.01429
1.01351
1.01256
1.01143
1.01007
1.00847
1.00662
1.00454
1.00225
0.999763
0.997134
0.994404
0.99162
0.988834
0.986102
0.983487
0.98106
0.978904
0.977109
0.975776
0.975007
0.974897
0.975525
0.97694
0.979144
0.982091
0.985682
0.989782
0.99423
0.998855
1.0035
1.00801
1.01225
1.01613
1.01953
1.0224
1.02467
1.02632
1.02731
1.02766
1.0274
1.02656
1.02519
1.02337
1.02116
1.01865
1.01589
1.01296
1.00991
1.00678
1.00361
1.00043
0.997257
0.994117
0.991032
0.988027
0.985128
0.982364
0.979763
0.977351
0.975151
0.973178
0.97144
0.969937
0.968659
0.96759
0.966708
0.965989
0.965408
0.964942
0.964568
0.964271
0.964035
0.96385
0.963706
0.963593
0.963502
0.963421
0.963337
0.963234
0.963099
0.962915
0.962665
0.962334
0.961902
0.961355
0.960683
0.959887
0.958986
0.958023
0.957062
0.956186
0.955474
0.954991
0.954769
0.9548
0.955045
0.955441
0.95592
0.956423
0.956904
0.957332
0.957691
0.957979
0.958199
0.958364
0.95849
0.958602
0.958731
0.958915
0.959205
0.959654
0.960323
0.961267
0.96253
0.964134
0.966074
0.968311
0.97078
0.973397
0.976066
0.978694
0.981196
0.983503
0.985565
0.987348
0.988837
0.990035
0.990959
0.991635
0.992103
0.992402
0.992579
0.992677
0.992736
0.992795
0.992887
0.993039
0.993274
0.993608
0.99405
0.994605
0.995266
0.996023
0.99686
0.997756
0.998687
0.999627
1.00054
1.00141
1.00217
1.00281
1.00328
1.00355
1.00359
1.00339
1.00295
1.00228
1.00138
1.0003
0.999072
0.997741
0.996357
0.994966
0.993611
0.992322
0.991121
0.990014
0.988999
0.988065
0.987192
0.986363
0.985561
0.984772
0.983989
0.983215
0.982458
0.981738
0.981081
0.980523
0.980099
0.979847
0.979798
0.979975
0.980386
0.981026
0.981872
0.982886
0.984019
0.985215
0.986417
0.987571
0.988631
0.98956
0.990327
0.990907
0.991282
0.991435
0.991355
0.991037
0.990486
0.989715
0.988747
0.987615
0.986357
0.985018
0.983644
0.982284
0.980984
0.97979
0.978739
0.977863
0.977179
0.976694
0.976399
0.976276
0.976296
0.97643
0.976642
0.976897
0.977158
0.977386
0.977539
0.977577
0.977461
0.977158
0.976645
0.97591
0.974951
0.973779
0.972413
0.97088
0.969217
0.967469
0.965688
0.963935
0.962273
0.960765
0.959469
0.958428
0.957668
0.957194
0.956993
0.957036
0.957288
0.957712
0.958279
0.958973
0.959789
0.96073
0.961804
0.96301
0.964329
0.965728
0.967157
0.968564
0.969904
0.971144
0.972268
0.973275
0.974175
0.974981
0.975708
0.976367
0.976965
0.977502
0.977975
0.978379
0.978708
0.978961
0.979145
0.979274
0.979369
0.979461
0.979584
0.979774
0.980065
0.980487
0.981062
0.981805
0.982722
0.983812
0.985063
0.986456
0.987966
0.989564
0.991216
0.992886
0.994542
0.996152
0.99769
0.999133
1.00047
1.00167
1.00274
1.00366
1.0044
1.00495
1.00528
1.00539
1.00524
1.00485
1.0042
1.0033
1.00216
1.00079
0.999232
0.997493
0.995603
0.993592
0.991492
0.989342
0.987191
0.985105
0.983165
0.981474
0.980138
0.979257
0.978887
0.979023
0.979587
0.980438
0.981406
0.982322
0.983049
0.983495
0.983617
0.983415
0.982919
0.982181
0.981265
0.98024
0.979176
0.978142
0.977197
0.976388
0.975739
0.97525
0.974892
0.974616
0.974364
0.974078
0.973712
0.973244
0.972677
0.972037
0.971375
0.970759
0.970264
0.969969
0.969941
0.970235
0.970887
0.971909
0.97329
0.974999
0.976989
0.979201
0.98157
0.984025
0.986497
0.988918
0.991224
0.993358
0.995274
0.996938
0.998333
0.999458
1.00033
1.00099
1.00148
1.00187
1.00224
1.00266
1.00318
1.00385
1.00468
1.00567
1.00678
1.00796
1.00915
1.01031
1.01139
1.01236
1.01322
1.01394
1.01454
1.01502
1.01539
1.01567
1.01587
1.01599
1.01603
1.016
1.01589
1.01569
1.01539
1.01501
1.01455
1.01401
1.01344
1.01286
1.01231
1.01182
1.01145
1.01121
1.01112
1.01117
1.01136
1.01163
1.01196
1.01228
1.01254
1.01267
1.01263
1.01236
1.01183
1.01099
1.00982
1.00828
1.00637
1.00407
1.00139
0.998374
0.995046
0.991466
0.987704
0.983842
0.97997
0.976183
0.972573
0.96923
0.966229
0.963629
0.961463
0.959743
0.958451
0.957551
0.956992
0.956711
0.956646
0.956741
0.956948
0.95724
0.957606
0.958058
0.958629
0.959367
0.960326
0.961556
0.963092
0.964945
0.967103
0.969529
0.972169
0.974957
0.977829
0.980725
0.983601
0.986432
0.989211
0.99194
0.994623
0.997257
0.999828
1.00231
1.00468
1.0069
1.00895
1.01079
1.01241
1.01377
1.01483
1.01556
1.01591
1.01586
1.01536
1.01443
1.01308
1.01136
1.00936
1.0072
1.00501
1.00292
1.00108
0.999558
0.998395
0.997575
0.997044
0.99673
0.996564
0.996485
0.996452
0.996438
0.996427
0.996416
0.996402
0.996389
0.996381
0.996382
0.996396
0.996426
0.996475
0.996541
0.996623
0.996713
0.996802
0.996876
0.99692
0.99692
0.996861
0.996737
0.996544
0.996289
0.995984
0.995649
0.995308
0.994989
0.994719
0.994527
0.994434
0.994461
0.994618
0.994904
0.995307
0.9958
0.996342
0.996882
0.997364
0.997731
0.997935
0.997947
0.997765
0.997423
0.996995
0.996595
0.996351
0.99638
0.996755
0.997477
0.998484
0.999672
1.00092
1.00213
1.00319
1.00405
1.00464
1.00491
1.00483
1.00436
1.00348
1.00217
1.00044
0.998336
0.995897
0.993195
0.990307
0.987301
0.984226
0.981111
0.977964
0.974785
0.971574
0.968334
0.965068
0.961775
0.958451
0.955091
0.951695
0.948279
0.944879
0.941553
0.938384
0.935475
0.932932
0.930859
0.929338
0.928422
0.928128
0.928445
0.929341
0.930774
0.932699
0.935074
0.93786
0.941015
0.944495
0.948244
0.952202
0.956296
0.960452
0.96459
0.968633
0.972505
0.976141
0.979482
0.982484
0.985116
0.987362
0.989222
0.990713
0.991866
0.992726
0.993351
0.993807
0.994162
0.99448
0.994812
0.995188
0.995615
0.99608
0.996559
0.997022
0.997445
0.997817
0.998137
0.998415
0.998667
0.998907
0.999146
0.99939
0.999641
0.999894
1.00015
1.00039
1.00062
1.00084
1.00102
1.00118
1.00131
1.0014
1.00144
1.00145
1.00141
1.00133
1.00121
1.00107
1.00092
1.00077
1.00063
1.00053
1.00047
1.00044
1.00045
1.00048
1.00049
1.00046
1.00033
1.00005
0.999571
0.998853
0.997877
0.996649
0.995189
0.993537
0.99174
0.989846
0.987901
0.985944
0.984006
0.982108
0.980264
0.978484
0.976772
0.975135
0.973581
0.972125
0.970788
0.969594
0.968574
0.967754
0.967155
0.966786
0.966642
0.966702
0.966931
0.967285
0.967716
0.968182
0.968651
0.969108
0.969555
0.970009
0.970495
0.971034
0.971638
0.972304
0.973016
0.973754
0.974491
0.975204
0.975869
0.976462
0.976961
0.977343
0.977586
0.977671
0.977584
0.977323
0.976895
0.976323
0.975645
0.97491
0.974176
0.973504
0.972951
0.97256
0.97236
0.972356
0.972538
0.972878
0.973341
0.973888
0.974485
0.975106
0.975734
0.976367
0.97701
0.977677
0.978393
0.979185
0.980092
0.981156
0.982421
0.983926
0.985697
0.987736
0.990018
0.992491
0.995084
0.997718
1.00032
1.00283
1.00522
1.00748
1.00964
1.01174
1.01384
1.01596
1.01812
1.0203
1.02245
1.02449
1.02635
1.02794
1.02917
1.03001
1.03041
1.03037
1.0299
1.02905
1.02785
1.02636
1.02464
1.02275
1.02076
1.01872
1.01671
1.01479
1.01301
1.01144
1.0101
1.00902
1.00823
1.0077
1.00743
1.00739
1.00758
1.00796
1.00851
1.00918
1.00995
1.01077
1.01159
1.01237
1.01308
1.0137
1.01418
1.01452
1.01468
1.01464
1.01439
1.01392
1.01322
1.0123
1.01119
1.00993
1.00859
1.00725
1.00596
1.00476
1.00367
1.00263
1.00158
1.00041
0.999063
0.997464
0.995594
0.99346
0.991101
0.988579
0.985972
0.983368
0.980859
0.978528
0.976445
0.974656
0.973183
0.97202
0.971145
0.970523
0.970116
0.969886
0.969802
0.969834
0.96996
0.970159
0.97042
0.970735
0.971109
0.971552
0.972082
0.97272
0.973488
0.974403
0.975472
0.976689
0.978035
0.97948
0.980984
0.982505
0.984001
0.98544
0.986797
0.988055
0.989209
0.990259
0.991203
0.992039
0.992756
0.993337
0.993759
0.993995
0.99402
0.993813
0.993364
0.992677
0.991768
0.990668
0.989422
0.988086
0.986722
0.985391
0.984154
0.983058
0.982142
0.981424
0.98091
0.980586
0.980425
0.980391
0.98044
0.980531
0.980631
0.980719
0.980787
0.980843
0.980904
0.980996
0.981146
0.981382
0.981722
0.98218
0.982756
0.983438
0.9842
0.985005
0.985804
0.986541
0.987161
0.987612
0.987855
0.987864
0.987633
0.987171
0.986501
0.985657
0.984678
0.983601
0.982462
0.981286
0.980091
0.978879
0.977639
0.976345
0.974963
0.973449
0.971767
0.969891
0.967821
0.965593
0.963283
0.960999
0.958873
0.957034
0.955593
0.954632
0.954203
0.954335
0.955037
0.956296
0.958075
0.960313
0.962923
0.965804
0.968847
0.971949
0.975015
0.977966
0.980742
0.983303
0.985631
0.987732
0.989626
0.991352
0.992952
0.994467
0.995925
0.99734
0.998705
0.999998
1.00119
1.00223
1.00308
1.0037
1.00406
1.00414
1.00392
1.00341
1.00261
1.00154
1.00023
0.998679
0.996935
0.995032
0.993024
0.990974
0.988955
0.987037
0.98528
0.983732
0.982414
0.98133
0.980461
0.979779
0.979247
0.978826
0.97848
0.978176
0.977884
0.977576
0.977226
0.976808
0.976291
0.975646
0.974836
0.973823
0.972567
0.97103
0.969183
0.967003
0.964485
0.961637
0.958486
0.95507
0.951441
0.947657
0.943777
0.939859
0.935954
0.932108
0.928357
0.924729
0.921253
0.917957
0.914887
0.912107
0.909712
0.907819
0.906553
0.906017
0.906258
0.907249
0.908896
0.911055
0.913569
0.916286
0.919078
0.92185
0.924545
0.927137
0.929636
0.93207
0.934486
0.936931
0.939452
0.942086
0.944857
0.947777
0.950846
0.954053
0.957376
0.960786
0.964246
0.967713
0.971141
0.974486
0.9777
0.980741
0.983572
0.986162
0.988492
0.990552
0.992348
0.993898
0.995228
0.996369
0.997349
0.998182
0.998869
0.999395
0.999733
0.999853
0.999729
0.999348
0.998715
0.997849
0.996789
0.995583
0.994284
0.992945
0.991611
0.990318
0.98909
0.987943
0.986892
0.985952
0.985148
0.98451
0.984071
0.983856
0.983876
0.984122
0.984567
0.985166
0.98587
0.98663
0.987406
0.988165
0.988884
0.989545
0.990138
0.990654
0.991088
0.991438
0.991707
0.991907
0.992058
0.992194
0.992355
0.992589
0.992942
0.993453
0.994142
0.99501
0.996032
0.997164
0.998349
0.999522
1.00062
1.0016
1.00241
1.00303
1.00345
1.00369
1.00375
1.00367
1.00347
1.00317
1.00281
1.00238
1.00191
1.00141
1.00087
1.00032
0.999784
0.999274
0.998813
0.998415
0.99808
0.997801
0.997557
0.997324
0.997073
0.996778
0.996421
0.995991
0.995486
0.994914
0.994291
0.993638
0.992977
0.992332
0.991723
0.991169
0.990682
0.990273
0.989949
0.989711
0.989557
0.989481
0.98947
0.989505
0.989567
0.989635
0.989691
0.989723
0.989724
0.989693
0.989632
0.989547
0.989438
0.989304
0.989141
0.988939
0.988686
0.988373
0.987991
0.987537
0.987014
0.986431
0.985799
0.98513
0.984432
0.983712
0.982971
0.982212
0.981445
0.980682
0.979948
0.979268
0.978674
0.978192
0.977846
0.977653
0.977628
0.977778
0.9781
0.978579
0.979188
0.979887
0.980628
0.98136
0.982031
0.982598
0.983024
0.98328
0.983348
0.983218
0.982887
0.98236
0.981651
0.980785
0.979799
0.978737
0.977643
0.976548
0.97546
0.974356
0.973181
0.971867
0.970349
0.968586
0.966585
0.964408
0.962177
0.960056
0.958221
0.956819
0.955943
0.955626
0.955857
0.956612
0.957859
0.959564
0.961678
0.964133
0.966846
0.969724
0.972675
0.975619
0.978485
0.981221
0.983787
0.986158
0.988318
0.990263
0.991995
0.993522
0.994857
0.996018
0.997024
0.997898
0.998663
0.999343
0.999959
1.00053
1.00106
1.00156
1.00204
1.0025
1.00293
1.00332
1.00366
1.00393
1.00412
1.00419
1.00412
1.00388
1.00347
1.00285
1.00203
1.001
0.999773
0.998363
0.9968
0.995118
0.993361
0.991574
0.989799
0.988063
0.98638
0.984743
0.983131
0.981526
0.979923
0.978353
0.976888
0.975644
0.974762
0.974378
0.974594
0.975446
0.976908
0.978903
0.981326
0.984068
0.987029
0.990129
0.993303
0.996502
0.999684
1.00281
1.00585
1.00875
1.01146
1.01395
1.01615
1.01804
1.01959
1.02079
1.02162
1.02211
1.02226
1.0221
1.02168
1.02104
1.02023
1.01932
1.01837
1.01744
1.01659
1.01586
1.01528
1.01484
1.01453
1.01431
1.01413
1.01394
1.01369
1.01331
1.01276
1.01202
1.01105
1.00986
1.00847
1.0069
1.00521
1.00346
1.00171
1.00004
0.998513
0.997174
0.996059
0.995178
0.994525
0.994074
0.993788
0.993622
0.993529
0.993462
0.993378
0.993238
0.993011
0.992669
0.992192
0.991565
0.990781
0.989836
0.98873
0.987467
0.986053
0.984496
0.982807
0.981
0.979096
0.977122
0.975114
0.973116
0.971174
0.96934
0.967661
0.96618
0.964929
0.96393
0.963192
0.96271
0.962472
0.962456
0.962636
0.962984
0.963473
0.964074
0.964762
0.965509
0.966287
0.967066
0.967817
0.968514
0.969137
0.969675
0.970129
0.970512
0.970847
0.971166
0.971508
0.971914
0.972421
0.973062
0.973856
0.974811
0.975917
0.977153
0.978486
0.979875
0.98128
0.982662
0.983985
0.985223
0.986353
0.987365
0.988252
0.989022
0.989689
0.99028
0.990829
0.991377
0.991967
0.992643
0.993442
0.994396
0.995532
0.996868
0.99842
1.00019
1.00219
1.00439
1.00676
1.00926
1.01182
1.01437
1.01681
1.01906
1.02105
1.0227
1.02395
1.02477
1.02514
1.02504
1.02451
1.02356
1.02226
1.02066
1.01885
1.01689
1.01488
1.01288
1.01097
1.00921
1.00762
1.00624
1.00506
1.00408
1.00328
1.00262
1.00208
1.0016
1.00115
1.00068
1.00015
0.999531
0.998802
0.997961
0.997015
0.995983
0.994893
0.993772
0.992643
0.991524
0.990419
0.989328
0.98824
0.987147
0.986043
0.984933
0.983832
0.982767
0.981778
0.980915
0.980236
0.9798
0.979667
0.979887
0.98049
0.981484
0.982846
0.984525
0.986443
0.988505
0.990611
0.992662
0.994574
0.996278
0.997728
0.998898
0.999781
1.00038
1.00073
1.00084
1.00075
1.0005
1.0001
0.999579
0.998965
0.99827
0.997511
0.996704
0.995866
0.995019
0.994186
0.993389
0.992654
0.991999
0.991441
0.990986
0.990635
0.990377
0.990195
0.990064
0.989954
0.989838
0.989694
0.989512
0.989299
0.989078
0.988886
0.988767
0.988755
0.988867
0.989094
0.989395
0.989711
0.989974
0.990118
0.990087
0.989843
0.989365
0.988647
0.987694
0.986522
0.985156
0.98363
0.981989
0.980285
0.978579
0.976939
0.975435
0.974132
0.973087
0.972339
0.971908
0.971793
0.971976
0.972425
0.973107
0.973985
0.975025
0.976192
0.977447
0.978743
0.980028
0.981246
0.982344
0.983277
0.984017
0.984564
0.984955
0.985271
0.985636
0.986206
0.987141
0.988563
0.990522
0.992977
0.995817
0.998883
1.00202
1.00507
1.00793
1.01052
1.01278
1.01469
1.01623
1.0174
1.01821
1.01867
1.0188
1.01862
1.01815
1.01741
1.01643
1.01522
1.01381
1.01222
1.01047
1.00858
1.00655
1.00439
1.00212
0.999742
0.997264
0.994696
0.992048
0.989332
0.986561
0.98375
0.980918
0.978085
0.975277
0.972525
0.969866
0.967344
0.965006
0.962901
0.961075
0.959569
0.958413
0.957631
0.95723
0.95721
0.957558
0.958249
0.959251
0.960519
0.962005
0.963649
0.965394
0.967179
0.968944
0.970638
0.972211
0.973624
0.974848
0.975862
0.976659
0.977243
0.977631
0.97785
0.977934
0.97792
0.977849
0.977753
0.97766
0.977593
0.977562
0.977576
0.977642
0.977767
0.977965
0.978257
0.978669
0.979232
0.979976
0.980927
0.982103
0.98351
0.985141
0.986973
0.988968
0.991077
0.99324
0.995393
0.997469
0.999408
1.00116
1.00267
1.00393
1.00492
1.00565
1.00612
1.00636
1.00643
1.00634
1.00614
1.00587
1.00555
1.00519
1.00479
1.00436
1.00387
1.00331
1.00267
1.00192
1.00106
1.00007
