1.4
1.39999
1.39997
1.39995
1.39991
1.39987
1.39982
1.39976
1.39969
1.39961
1.39953
1.39943
1.39933
1.39922
1.3991
1.39897
1.39883
1.39869
1.39854
1.39838
1.39821
1.39804
1.39786
1.39767
1.39748
1.39728
1.39707
1.39686
1.39664
1.39641
1.39619
1.39595
1.39572
1.39547
1.39523
1.39498
1.39472
1.39447
1.39421
1.39394
1.39368
1.39341
1.39314
1.39287
1.39259
1.39232
1.39204
1.39177
1.39149
1.39121
1.39093
1.39066
1.39038
1.3901
1.38983
1.38955
1.38928
1.389
1.38873
1.38846
1.38819
1.38793
1.38767
1.3874
1.38715
1.38689
1.38664
1.38639
1.38614
1.3859
1.38566
1.38542
1.38519
1.38496
1.38474
1.38452
1.3843
1.38408
1.38388
1.38367
1.38347
1.38327
1.38308
1.38289
1.3827
1.38252
1.38234
1.38217
1.38199
1.38183
1.38166
1.3815
1.38134
1.38119
1.38104
1.38089
1.38074
1.3806
1.38046
1.38032
1.38019
1.38005
1.37992
1.37979
1.37966
1.37954
1.37941
1.37929
1.37917
1.37905
1.37893
1.37882
1.3787
1.37859
1.37847
1.37836
1.37825
1.37814
1.37803
1.37792
1.37781
1.37771
1.3776
1.3775
1.3774
1.37729
1.37719
1.37709
1.37699
1.37689
1.3768
1.3767
1.3766
1.37651
1.37641
1.37632
1.37623
1.37614
1.37605
1.37596
1.37587
1.37579
1.3757
1.37562
1.37554
1.37545
1.37537
1.37529
1.37522
1.37514
1.37506
1.37499
1.37491
1.37484
1.37477
1.3747
1.37463
1.37456
1.37449
1.37442
1.37436
1.37429
1.37423
1.37416
1.3741
1.37404
1.37398
1.37392
1.37386
1.3738
1.37374
1.37368
1.37363
1.37357
1.37351
1.37346
1.37341
1.37335
1.3733
1.37325
1.3732
1.37315
1.3731
1.37305
1.373
1.37295
1.3729
1.37286
1.37281
1.37277
1.37272
1.37268
1.37264
1.3726
1.37256
1.37252
1.37248
1.37244
1.3724
1.37237
1.37233
1.37229
1.37226
1.37223
1.37219
1.37216
1.37213
1.3721
1.37207
1.37204
1.37202
1.37199
1.37196
1.37194
1.37191
1.37189
1.37186
1.37184
1.37182
1.3718
1.37177
1.37175
1.37173
1.37171
1.37169
1.37167
1.37165
1.37163
1.37161
1.3716
1.37158
1.37156
1.37154
1.37152
1.3715
1.37149
1.37147
1.37145
1.37143
1.37141
1.3714
1.37138
1.37136
1.37134
1.37132
1.37131
1.37129
1.37127
1.37125
1.37123
1.37121
1.3712
1.37118
1.37116
1.37114
1.37113
1.37111
1.37109
1.37107
1.37105
1.37104
1.37102
1.371
1.37099
1.37097
1.37095
1.37094
1.37092
1.37091
1.37089
1.37088
1.37086
1.37085
1.37084
1.37082
1.37081
1.3708
1.37078
1.37077
1.37076
1.37075
1.37074
1.37073
1.37071
1.3707
1.37069
1.37068
1.37068
1.37067
1.37066
1.37065
1.37064
1.37063
1.37062
1.37061
1.37061
1.3706
1.37059
1.37058
1.37057
1.37057
1.37056
1.37055
1.37054
1.37054
1.37053
1.37052
1.37052
1.37051
1.3705
1.37049
1.37049
1.37048
1.37047
1.37047
1.37046
1.37045
1.37045
1.37044
1.37043
1.37043
1.37042
1.37041
1.37041
1.3704
1.3704
1.37039
1.37039
1.37038
1.37038
1.37037
1.37037
1.37036
1.37036
1.37035
1.37035
1.37034
1.37034
1.37034
1.37033
1.37033
1.37032
1.37032
1.37031
1.37031
1.37031
1.3703
1.3703
1.37029
1.37029
1.37028
1.37028
1.37027
1.37027
1.37027
1.37026
1.37026
1.37025
1.37025
1.37024
1.37024
1.37023
1.37023
1.37022
1.37022
1.37022
1.37021
1.37021
1.3702
1.3702
1.37019
1.37019
1.37019
1.37018
1.37018
1.37018
1.37018
1.37017
1.37017
1.37017
1.37017
1.37017
1.37017
1.37017
1.37017
1.37017
1.37017
1.37017
1.37017
1.37017
1.37017
1.37017
1.37017
1.37017
1.37017
1.37018
1.37018
1.37018
1.37018
1.37018
1.37018
1.37018
1.37018
1.37018
1.37017
1.37017
1.37017
1.37017
1.37017
1.37016
1.37016
1.37015
1.37015
1.37014
1.37014
1.37013
1.37012
1.37011
1.3701
1.37009
1.37008
1.37007
1.37006
1.37005
1.37004
1.37002
1.37001
1.37
1.36998
1.36997
1.36995
1.36993
1.36992
1.3699
1.36988
1.36987
1.36985
1.36983
1.36981
1.36979
1.36978
1.36976
1.36974
1.36972
1.3697
1.36968
1.36967
1.36965
1.36963
1.36961
1.3696
1.36958
1.36956
1.36955
1.36953
1.36952
1.3695
1.36949
1.36947
1.36946
1.36944
1.36943
1.36942
1.36941
1.3694
1.36939
1.36938
1.36937
1.36936
1.36935
1.36934
1.36933
1.36933
1.36932
1.36931
1.36931
1.3693
1.3693
1.3693
1.36929
1.36929
1.36929
1.36929
1.36928
1.36928
1.36928
1.36928
1.36928
1.36928
1.36928
1.36928
1.36928
1.36929
1.36929
1.36929
1.36929
1.36929
1.3693
1.3693
1.3693
1.3693
1.36931
1.36931
1.36931
1.36931
1.36932
1.36932
1.36932
1.36932
1.36933
1.36933
1.36933
1.36933
1.36934
1.36934
1.36934
1.36934
1.36935
1.36935
1.36935
1.36936
1.36936
1.36936
1.36937
1.36937
1.36938
1.36938
1.36939
1.36939
1.3694
1.3694
1.36941
1.36942
1.36943
1.36943
1.36944
1.36945
1.36946
1.36948
1.36949
1.3695
1.36952
1.36953
1.36955
1.36956
1.36958
1.3696
1.36962
1.36964
1.36966
1.36968
1.36971
1.36973
1.36976
1.36978
1.36981
1.36984
1.36987
1.3699
1.36993
1.36996
1.36999
1.37003
1.37006
1.37009
1.37013
1.37017
1.3702
1.37024
1.37028
1.37032
1.37036
1.3704
1.37044
1.37048
1.37052
1.37056
1.3706
1.37064
1.37069
1.37073
1.37077
1.37082
1.37086
1.3709
1.37095
1.37099
1.37103
1.37108
1.37112
1.37116
1.37121
1.37125
1.37129
1.37134
1.37138
1.37142
1.37146
1.37151
1.37155
1.37159
1.37163
1.37167
1.37171
1.37175
1.37179
1.37183
1.37187
1.37191
1.37195
1.37198
1.37202
1.37206
1.37209
1.37213
1.37216
1.3722
1.37223
1.37226
1.3723
1.37233
1.37236
1.37239
1.37242
1.37245
1.37248
1.3725
1.37253
1.37256
1.37259
1.37261
1.37264
1.37266
1.37269
1.37271
1.37274
1.37276
1.37278
1.3728
1.37283
1.37285
1.37287
1.37289
1.37291
1.37293
1.37295
1.37297
1.37298
1.373
1.37302
1.37304
1.37305
1.37307
1.37309
1.3731
1.37312
1.37313
1.37315
1.37316
1.37318
1.37319
1.3732
1.37322
1.37323
1.37324
1.37325
1.37326
1.37328
1.37329
1.3733
1.37331
1.37332
1.37333
1.37334
1.37335
1.37336
1.37336
1.37337
1.37338
1.37339
1.3734
1.37341
1.37341
1.37342
1.37343
1.37344
1.37345
1.37345
1.37346
1.37347
1.37348
1.37348
1.37349
1.3735
1.3735
1.37351
1.37352
1.37353
1.37353
1.37354
1.37355
1.37355
1.37356
1.37357
1.37357
1.37358
1.37359
1.37359
1.3736
1.37361
1.37361
1.37362
1.37363
1.37363
1.37364
1.37364
1.37365
1.37366
1.37366
1.37367
1.37367
1.37367
1.37368
1.37368
1.37369
1.37369
1.37369
1.3737
1.3737
1.3737
1.3737
1.3737
1.3737
1.3737
1.3737
1.3737
1.3737
1.3737
1.3737
1.3737
1.3737
1.3737
1.3737
1.37369
1.37369
1.37369
1.37368
1.37368
1.37368
1.37368
1.37367
1.37367
1.37366
1.37366
1.37366
1.37365
1.37365
1.37365
1.37364
1.37364
1.37363
1.37363
1.37363
1.37362
1.37362
1.37362
1.37362
1.37361
1.37361
1.37361
1.37361
1.3736
1.3736
1.3736
1.3736
1.3736
1.3736
1.37359
1.37359
1.37359
1.37359
1.37359
1.37359
1.37359
1.37359
1.3736
1.3736
1.3736
1.3736
1.3736
1.37361
1.37361
1.37361
1.37362
1.37362
1.37363
1.37363
1.37364
1.37364
1.37365
1.37366
1.37366
1.37367
1.37368
1.37368
1.37369
1.3737
1.37371
1.37372
1.37373
1.37374
1.37374
1.37375
1.37376
1.37377
1.37378
1.37379
1.3738
1.37381
1.37382
1.37383
1.37384
1.37385
1.37386
1.37387
1.37388
1.37389
1.3739
1.37391
1.37392
1.37392
1.37393
1.37394
1.37395
1.37396
1.37397
1.37397
1.37398
1.37399
1.374
1.374
1.37401
1.37402
1.37402
1.37403
1.37403
1.37404
1.37404
1.37405
1.37405
1.37405
1.37406
1.37406
1.37406
1.37406
1.37406
1.37407
1.37407
1.37407
1.37406
1.37406
1.37406
1.37406
1.37405
1.37405
1.37405
1.37404
1.37404
1.37403
1.37402
1.37401
1.37401
1.374
1.37399
1.37398
1.37396
1.37395
1.37394
1.37393
1.37391
1.3739
1.37388
1.37387
1.37385
1.37383
1.37381
1.37379
1.37377
1.37375
1.37373
1.37371
1.37369
1.37366
1.37364
1.37361
1.37359
1.37356
1.37353
1.37351
1.37348
1.37345
1.37342
1.37339
1.37336
1.37333
1.37329
1.37326
1.37323
1.37319
1.37316
1.37312
1.37309
1.37305
1.37302
1.37298
1.37295
1.37291
1.37287
1.37283
1.3728
1.37276
1.37272
1.37268
1.37265
1.37261
1.37257
1.37253
1.3725
1.37246
1.37242
1.37238
1.37235
1.37231
1.37227
1.37224
1.3722
1.37217
1.37213
1.37209
1.37206
1.37203
1.37199
1.37196
1.37193
1.37189
1.37186
1.37183
1.3718
1.37177
1.37175
1.37172
1.37169
1.37166
1.37164
1.37162
1.37159
1.37157
1.37155
1.37153
1.37151
1.37149
1.37147
1.37146
1.37144
1.37143
1.37142
1.37141
1.3714
1.37139
1.37138
1.37137
1.37136
1.37136
1.37135
1.37135
1.37135
1.37134
1.37134
1.37134
1.37134
1.37134
1.37134
1.37135
1.37135
1.37135
1.37136
1.37136
1.37137
1.37137
1.37138
1.37138
1.37139
1.37139
1.3714
1.37141
1.37142
1.37142
1.37143
1.37144
1.37144
1.37145
1.37146
1.37146
1.37147
1.37148
1.37148
1.37149
1.3715
1.3715
1.37151
1.37151
1.37152
1.37152
1.37153
1.37153
1.37154
1.37154
1.37155
1.37155
1.37155
1.37156
1.37156
1.37156
1.37156
1.37157
1.37157
1.37157
1.37157
1.37158
1.37158
1.37158
1.37158
1.37158
1.37159
1.37159
1.37159
1.37159
1.37159
1.37159
1.3716
1.3716
1.3716
1.3716
1.3716
1.37161
1.37161
1.37161
1.37162
1.37162
1.37162
1.37163
1.37163
1.37163
1.37164
1.37164
1.37165
1.37165
1.37166
1.37167
1.37167
1.37168
1.37168
1.37169
1.3717
1.37171
1.37171
1.37172
1.37173
1.37174
1.37175
1.37176
1.37177
1.37178
1.37179
1.3718
1.37181
1.37182
1.37183
1.37185
1.37186
1.37187
1.37188
1.3719
1.37191
1.37193
1.37194
1.37195
1.37197
1.37198
1.372
1.37201
1.37203
1.37204
1.37206
1.37207
1.37209
1.3721
1.37212
1.37213
1.37215
1.37216
1.37218
1.37219
1.37221
1.37222
1.37223
1.37225
1.37226
1.37227
1.37228
1.37229
1.37231
1.37232
1.37233
1.37234
1.37235
1.37236
1.37236
1.37237
1.37238
1.37239
1.37239
1.3724
1.3724
1.37241
1.37241
1.37242
1.37242
1.37242
1.37243
1.37243
1.37243
1.37243
1.37243
1.37243
1.37243
1.37243
1.37243
1.37242
1.37242
1.37242
1.37242
1.37241
1.37241
1.3724
1.3724
1.37239
1.37239
1.37238
1.37237
1.37237
1.37236
1.37235
1.37234
1.37234
1.37233
1.37232
1.37231
1.3723
1.37229
1.37228
1.37227
1.37226
1.37226
1.37225
1.37224
1.37223
1.37222
1.37221
1.3722
1.37219
1.37218
1.37217
1.37217
1.37216
1.37215
1.37214
1.37214
1.37213
1.37213
1.37212
1.37212
1.37212
1.37212
1.37212
1.37212
1.37212
1.37212
1.37213
1.37213
1.37214
1.37215
1.37216
1.37217
1.37218
1.37219
1.37221
1.37223
1.37224
1.37226
1.37229
1.37231
1.37233
1.37236
1.37238
1.37241
1.37244
1.37247
1.3725
1.37254
1.37257
1.37261
1.37264
1.37268
1.37272
1.37275
1.37279
1.37283
1.37287
1.37291
1.37295
1.37299
1.37303
1.37307
1.37311
1.37315
1.37319
1.37323
1.37327
1.37331
1.37335
1.37339
1.37342
1.37346
1.3735
1.37353
1.37357
1.3736
1.37363
1.37366
1.3737
1.37373
1.37376
1.37378
1.37381
1.37384
1.37386
1.37389
1.37391
1.37393
1.37395
1.37397
1.37399
1.37401
1.37402
1.37404
1.37405
1.37406
1.37408
1.37409
1.3741
1.3741
1.37411
1.37412
1.37412
1.37413
1.37413
1.37413
1.37413
1.37413
1.37413
1.37413
1.37412
1.37412
1.37411
1.3741
1.3741
1.37409
1.37408
1.37407
1.37406
1.37404
1.37403
1.37402
1.374
1.37398
1.37397
1.37395
1.37393
1.37391
1.37389
1.37387
1.37385
1.37383
1.37381
1.37379
1.37377
1.37374
1.37372
1.3737
1.37367
1.37365
1.37362
1.3736
1.37358
1.37355
1.37353
1.3735
1.37348
1.37345
1.37343
1.37341
1.37338
1.37336
1.37334
1.37331
1.37329
1.37327
1.37325
1.37323
1.37321
1.37319
1.37317
1.37315
1.37314
1.37312
1.3731
1.37309
1.37307
1.37306
1.37304
1.37303
1.37302
1.373
1.37299
1.37298
1.37297
1.37296
1.37295
1.37294
1.37293
1.37293
1.37292
1.37291
1.3729
1.3729
1.37289
1.37288
1.37288
1.37287
1.37287
1.37286
1.37286
1.37286
1.37285
1.37285
1.37285
1.37284
1.37284
1.37284
1.37284
1.37284
1.37284
1.37284
1.37284
1.37284
1.37284
1.37284
1.37285
1.37285
1.37286
1.37286
1.37287
1.37288
1.37288
1.37289
1.3729
1.37291
1.37292
1.37294
1.37295
1.37296
1.37298
1.37299
1.37301
1.37303
1.37305
1.37306
1.37308
1.37311
1.37313
1.37315
1.37317
1.3732
1.37322
1.37325
1.37327
1.3733
1.37332
1.37335
1.37338
1.37341
1.37343
1.37346
1.37349
1.37352
1.37355
1.37358
1.37361
1.37364
1.37367
1.3737
1.37373
1.37375
1.37378
1.37381
1.37384
1.37387
1.37389
1.37392
1.37395
1.37397
1.374
1.37402
1.37405
1.37407
1.37409
1.37411
1.37414
1.37416
1.37418
1.3742
1.37421
1.37423
1.37425
1.37426
1.37428
1.37429
1.37431
1.37432
1.37433
1.37434
1.37435
1.37436
1.37437
1.37438
1.37438
1.37439
1.37439
1.3744
1.3744
1.37441
1.37441
1.37441
1.37441
1.37441
1.37441
1.37441
1.37441
1.37441
1.3744
1.3744
1.3744
1.37439
1.37438
1.37438
1.37437
1.37436
1.37436
1.37435
1.37434
1.37433
1.37432
1.37431
1.37429
1.37428
1.37427
1.37425
1.37424
1.37422
1.37421
1.37419
1.37417
1.37416
1.37414
1.37412
1.3741
1.37408
1.37405
1.37403
1.37401
1.37398
1.37396
1.37393
1.3739
1.37388
1.37385
1.37382
1.37379
1.37376
1.37373
1.3737
1.37366
1.37363
1.3736
1.37356
1.37353
1.37349
1.37346
1.37342
1.37338
1.37334
1.37331
1.37327
1.37323
1.37319
1.37315
1.37311
1.37307
1.37303
1.37299
1.37295
1.37291
1.37287
1.37283
1.37279
1.37275
1.37271
1.37267
1.37263
1.37259
1.37256
1.37252
1.37248
1.37244
1.37241
1.37237
1.37234
1.3723
1.37227
1.37223
1.3722
1.37217
1.37214
1.37211
1.37208
1.37205
1.37203
1.372
1.37198
1.37195
1.37193
1.37191
1.37189
1.37187
1.37186
1.37184
1.37183
1.37181
1.3718
1.37179
1.37179
1.37178
1.37178
1.37177
1.37177
1.37178
1.37178
1.37179
1.37179
1.3718
1.37181
1.37183
1.37184
1.37186
1.37188
1.3719
1.37192
1.37194
1.37197
1.372
1.37203
1.37206
1.37209
1.37212
1.37216
1.3722
1.37224
1.37228
1.37232
1.37236
1.37241
1.37245
1.3725
1.37255
1.37259
1.37264
1.37269
1.37274
1.3728
1.37285
1.3729
1.37295
1.373
1.37306
1.37311
1.37317
1.37322
1.37327
1.37333
1.37338
1.37343
1.37349
1.37354
1.37359
1.37364
1.3737
1.37375
1.3738
1.37385
1.3739
1.37395
1.374
1.37405
1.3741
1.37415
1.37419
1.37424
1.37429
1.37433
1.37438
1.37442
1.37447
1.37451
1.37456
1.3746
1.37464
1.37468
1.37473
1.37477
1.37481
1.37485
1.37489
1.37493
1.37497
1.375
1.37504
1.37508
1.37512
1.37515
1.37519
1.37522
1.37526
1.37529
1.37533
1.37536
1.37539
1.37543
1.37546
1.37549
1.37552
1.37555
1.37558
1.37561
1.37564
1.37567
1.3757
1.37572
1.37575
1.37578
1.3758
1.37582
1.37585
1.37587
1.37589
1.37592
1.37594
1.37596
1.37598
1.376
1.37601
1.37603
1.37605
1.37606
1.37608
1.37609
1.37611
1.37612
1.37613
1.37614
1.37615
1.37616
1.37617
1.37617
1.37618
1.37618
1.37619
1.37619
1.37619
1.37619
1.37619
1.37619
1.37619
1.37619
1.37618
1.37618
1.37617
1.37616
1.37615
1.37614
1.37613
1.37612
1.3761
1.37609
1.37607
1.37605
1.37604
1.37602
1.37599
1.37597
1.37595
1.37592
1.3759
1.37587
1.37584
1.37581
1.37578
1.37575
1.37572
1.37568
1.37565
1.37561
1.37558
1.37554
1.3755
1.37546
1.37543
1.37539
1.37534
1.3753
1.37526
1.37522
1.37517
1.37513
1.37509
1.37504
1.37499
1.37495
1.3749
1.37486
1.37481
1.37476
1.37471
1.37467
1.37462
1.37457
1.37452
1.37447
1.37443
1.37438
1.37433
1.37428
1.37424
1.37419
1.37414
1.3741
1.37405
1.374
1.37396
1.37391
1.37387
1.37383
1.37379
1.37375
1.3737
1.37367
1.37363
1.37359
1.37355
1.37352
1.37349
1.37345
1.37342
1.37339
1.37336
1.37334
1.37331
1.37329
1.37327
1.37325
1.37323
1.37321
1.3732
1.37318
1.37317
1.37316
1.37315
1.37314
1.37314
1.37314
1.37314
1.37314
1.37314
1.37314
1.37315
1.37316
1.37317
1.37318
1.37319
1.37321
1.37322
1.37324
1.37326
1.37328
1.37331
1.37333
1.37336
1.37339
1.37342
1.37345
1.37348
1.37351
1.37355
1.37358
1.37362
1.37365
1.37369
1.37373
1.37377
1.37381
1.37385
1.37389
1.37393
1.37397
1.37401
1.37406
1.3741
1.37414
1.37418
1.37422
1.37426
1.3743
1.37434
1.37438
1.37442
1.37446
1.3745
1.37454
1.37457
1.37461
1.37464
1.37468
1.37471
1.37474
1.37478
1.37481
1.37484
1.37487
1.37489
1.37492
1.37495
1.37497
1.375
1.37502
1.37504
1.37506
1.37508
1.3751
1.37512
1.37514
1.37516
1.37517
1.37519
1.37521
1.37522
1.37523
1.37525
1.37526
1.37527
1.37528
1.3753
1.37531
1.37532
1.37533
1.37534
1.37535
1.37536
1.37537
1.37538
1.37539
1.37539
1.3754
1.37541
1.37542
1.37543
1.37544
1.37545
1.37546
1.37547
1.37548
1.37549
1.3755
1.37551
1.37552
1.37553
1.37554
1.37555
1.37556
1.37558
1.37559
1.3756
1.37562
1.37563
1.37564
1.37566
1.37567
1.37569
1.3757
1.37572
1.37573
1.37575
1.37576
1.37578
1.37579
1.37581
1.37582
1.37584
1.37585
1.37586
1.37588
1.37589
1.3759
1.37592
1.37593
1.37594
1.37595
1.37596
1.37596
1.37597
1.37598
1.37598
1.37599
1.37599
1.37599
1.37599
1.37599
1.37599
1.37598
1.37598
1.37597
1.37597
1.37596
1.37595
1.37593
1.37592
1.3759
1.37589
1.37587
1.37585
1.37583
1.3758
1.37578
1.37575
1.37572
1.37569
1.37566
1.37563
1.37559
1.37556
1.37552
1.37548
1.37544
1.3754
1.37536
1.37531
1.37527
1.37522
1.37518
1.37513
1.37508
1.37503
1.37498
1.37493
1.37488
1.37483
1.37477
1.37472
1.37467
1.37461
1.37456
1.37451
1.37446
1.3744
1.37435
1.3743
1.37425
1.3742
1.37415
1.3741
1.37405
1.374
1.37395
1.37391
1.37386
1.37382
1.37377
1.37373
1.37369
1.37365
1.37361
1.37357
1.37354
1.3735
1.37347
1.37343
1.3734
1.37337
1.37334
1.37331
1.37329
1.37326
1.37323
1.37321
1.37318
1.37316
1.37314
1.37312
1.3731
1.37308
1.37306
1.37304
1.37303
1.37301
1.373
1.37298
1.37297
1.37295
1.37294
1.37293
1.37291
1.3729
1.37289
1.37288
1.37287
1.37286
1.37285
1.37284
1.37283
1.37282
1.37281
1.37281
1.3728
1.37279
1.37278
1.37277
1.37277
1.37276
1.37275
1.37274
1.37273
1.37272
1.37271
1.3727
1.37269
1.37268
1.37267
1.37266
1.37265
1.37264
1.37263
1.37262
1.3726
1.37259
1.37258
1.37256
1.37255
1.37253
1.37252
1.3725
1.37248
1.37247
1.37245
1.37243
1.37242
1.3724
1.37238
1.37236
1.37235
1.37233
1.37231
1.37229
1.37227
1.37225
1.37224
1.37222
1.3722
1.37218
1.37216
1.37215
1.37213
1.37211
1.3721
1.37208
1.37206
1.37205
1.37203
1.37202
1.37201
1.37199
1.37198
1.37197
1.37196
1.37194
1.37193
1.37192
1.37191
1.3719
1.37189
1.37189
1.37188
1.37187
1.37186
1.37186
1.37185
1.37184
1.37184
1.37183
1.37183
1.37182
1.37182
1.37181
1.37181
1.3718
1.3718
1.37179
1.37179
1.37178
1.37178
1.37177
1.37177
1.37176
1.37176
1.37175
1.37175
1.37174
1.37174
1.37173
1.37172
1.37172
1.37171
1.3717
1.3717
1.37169
1.37168
1.37168
1.37167
1.37166
1.37165
1.37165
1.37164
1.37163
1.37162
1.37161
1.3716
1.3716
1.37159
1.37158
1.37157
1.37156
1.37155
1.37155
1.37154
1.37153
1.37152
1.37152
1.37151
1.3715
1.37149
1.37149
1.37148
1.37147
1.37147
1.37146
1.37146
1.37145
1.37144
1.37144
1.37143
1.37143
1.37143
1.37142
1.37142
1.37141
1.37141
1.3714
1.3714
1.3714
1.37139
1.37139
1.37139
1.37138
1.37138
1.37138
1.37138
1.37137
1.37137
1.37136
1.37136
1.37136
1.37135
1.37135
1.37134
1.37134
1.37133
1.37133
1.37132
1.37131
1.3713
1.3713
1.37129
1.37128
1.37127
1.37126
1.37125
1.37124
1.37123
1.37121
1.3712
1.37119
1.37117
1.37116
1.37114
1.37113
1.37111
1.3711
1.37108
1.37106
1.37105
1.37103
1.37101
1.37099
1.37097
1.37095
1.37093
1.37091
1.37089
1.37087
1.37085
1.37083
1.37081
1.37079
1.37077
1.37075
1.37073
1.37071
1.37069
1.37068
1.37066
1.37064
1.37062
1.37061
1.37059
1.37058
1.37057
1.37055
1.37054
1.37053
1.37052
1.37051
1.3705
1.3705
1.37049
1.37049
1.37048
1.37048
1.37048
1.37048
1.37049
1.37049
1.3705
1.3705
1.37051
1.37052
1.37054
1.37055
1.37056
1.37058
1.3706
1.37062
1.37064
1.37066
1.37069
1.37071
1.37074
1.37077
1.3708
1.37083
1.37087
1.3709
1.37094
1.37098
1.37102
1.37106
1.3711
1.37115
1.37119
1.37124
1.37128
1.37133
1.37138
1.37143
1.37148
1.37153
1.37159
1.37164
1.37169
1.37175
1.3718
1.37186
1.37191
1.37197
1.37202
1.37208
1.37213
1.37219
1.37224
1.37229
1.37235
1.3724
1.37245
1.3725
1.37255
1.3726
1.37265
1.3727
1.37274
1.37279
1.37283
1.37287
1.37291
1.37295
1.37298
1.37302
1.37305
1.37309
1.37311
1.37314
1.37317
1.37319
1.37322
1.37324
1.37325
1.37327
1.37328
1.3733
1.37331
1.37331
1.37332
1.37333
1.37333
1.37333
1.37333
1.37332
1.37332
1.37331
1.3733
1.37329
1.37328
1.37327
1.37325
1.37323
1.37321
1.37319
1.37317
1.37315
1.37312
1.3731
1.37307
1.37304
1.37301
1.37298
1.37294
1.37291
1.37287
1.37284
1.3728
1.37276
1.37272
1.37268
1.37264
1.3726
1.37256
1.37252
1.37248
1.37243
1.37239
1.37235
1.3723
1.37226
1.37221
1.37217
1.37212
1.37208
1.37203
1.37199
1.37194
1.3719
1.37185
1.3718
1.37176
1.37171
1.37166
1.37162
1.37157
1.37152
1.37148
1.37143
1.37138
1.37134
1.37129
1.37124
1.3712
1.37115
1.3711
1.37106
1.37101
1.37096
1.37092
1.37087
1.37083
1.37078
1.37073
1.37069
1.37064
1.37059
1.37055
1.3705
1.37046
1.37041
1.37037
1.37032
1.37028
1.37023
1.37019
1.37014
1.3701
1.37006
1.37002
1.36997
1.36993
1.36989
1.36985
1.36981
1.36977
1.36973
1.36969
1.36966
1.36962
1.36958
1.36955
1.36951
1.36948
1.36945
1.36941
1.36938
1.36935
1.36932
1.36929
1.36926
1.36923
1.3692
1.36918
1.36915
1.36912
1.3691
1.36907
1.36905
1.36903
1.369
1.36898
1.36896
1.36894
1.36892
1.3689
1.36888
1.36886
1.36884
1.36883
1.36881
1.3688
1.36878
1.36877
1.36875
1.36874
1.36873
1.36872
1.36871
1.3687
1.36869
1.36868
1.36867
1.36866
1.36866
1.36865
1.36864
1.36864
1.36863
1.36863
1.36863
1.36862
1.36862
1.36862
1.36862
1.36861
1.36861
1.36861
1.36861
1.36861
1.36861
1.36861
1.36861
1.36861
1.36861
1.36862
1.36862
1.36862
1.36862
1.36862
1.36863
1.36863
1.36863
1.36864
1.36864
1.36865
1.36865
1.36865
1.36866
1.36866
1.36867
1.36867
1.36868
1.36869
1.36869
1.3687
1.36871
1.36872
1.36872
1.36873
1.36874
1.36875
1.36876
1.36877
1.36879
1.3688
1.36881
1.36883
1.36884
1.36886
1.36887
1.36889
1.36891
1.36893
1.36895
1.36897
1.36899
1.36902
1.36904
1.36906
1.36909
1.36912
1.36915
1.36918
1.36921
1.36924
1.36927
1.36931
1.36934
1.36938
1.36942
1.36946
1.3695
1.36954
1.36958
1.36962
1.36966
1.36971
1.36975
1.3698
1.36985
1.36989
1.36994
1.36999
1.37004
1.37008
1.37013
1.37018
1.37023
1.37028
1.37033
1.37038
1.37043
1.37048
1.37053
1.37058
1.37062
1.37067
1.37072
1.37077
1.37082
1.37086
1.37091
1.37096
1.371
1.37105
1.37109
1.37114
1.37118
1.37122
1.37127
1.37131
1.37135
1.37139
1.37143
1.37147
1.37151
1.37154
1.37158
1.37162
1.37165
1.37169
1.37172
1.37175
1.37178
1.37181
1.37184
1.37187
1.3719
1.37193
1.37195
1.37198
1.372
1.37202
1.37204
1.37206
1.37208
1.3721
1.37212
1.37214
1.37215
1.37217
1.37218
1.37219
1.3722
1.37221
1.37222
1.37223
1.37224
1.37224
1.37225
1.37225
1.37225
1.37225
1.37226
1.37226
1.37225
1.37225
1.37225
1.37225
1.37224
1.37224
1.37223
1.37223
1.37222
1.37221
1.37221
1.3722
1.37219
1.37218
1.37217
1.37216
1.37215
1.37214
1.37213
1.37212
1.37211
1.37209
1.37208
1.37207
1.37206
1.37204
1.37203
1.37202
1.37201
1.37199
1.37198
1.37196
1.37195
1.37194
1.37192
1.37191
1.37189
1.37188
1.37186
1.37185
1.37183
1.37182
1.3718
1.37179
1.37177
1.37176
1.37174
1.37173
1.37171
1.37169
1.37168
1.37166
1.37165
1.37163
1.37161
1.3716
1.37158
1.37156
1.37155
1.37153
1.37151
1.37149
1.37148
1.37146
1.37144
1.37143
1.37141
1.37139
1.37138
1.37136
1.37135
1.37133
1.37132
1.3713
1.37129
1.37127
1.37126
1.37125
1.37123
1.37122
1.37121
1.3712
1.37119
1.37118
1.37117
1.37116
1.37116
1.37115
1.37114
1.37114
1.37114
1.37113
1.37113
1.37113
1.37113
1.37113
1.37113
1.37113
1.37113
1.37113
1.37114
1.37114
1.37115
1.37115
1.37116
1.37117
1.37117
1.37118
1.37119
1.3712
1.37121
1.37122
1.37124
1.37125
1.37126
1.37128
1.37129
1.37131
1.37132
1.37134
1.37136
1.37138
1.3714
1.37142
1.37144
1.37146
1.37148
1.3715
1.37153
1.37155
1.37158
1.3716
1.37163
1.37166
1.37169
1.37172
1.37175
1.37178
1.37181
1.37184
1.37187
1.37191
1.37194
1.37198
1.37201
1.37205
1.37209
1.37213
1.37217
1.37221
1.37225
1.37229
1.37233
1.37237
1.37241
1.37245
1.3725
1.37254
1.37258
1.37263
1.37267
1.37272
1.37276
1.37281
1.37285
1.3729
1.37294
1.37299
1.37303
1.37308
1.37313
1.37317
1.37322
1.37326
1.37331
1.37335
1.3734
1.37344
1.37349
1.37353
1.37358
1.37362
1.37366
1.37371
1.37375
1.37379
1.37383
1.37388
1.37392
1.37396
1.374
1.37404
1.37408
1.37411
1.37415
1.37419
1.37423
1.37426
1.3743
1.37433
1.37436
1.3744
1.37443
1.37446
1.37449
1.37452
1.37454
1.37457
1.3746
1.37462
1.37464
1.37466
1.37468
1.3747
1.37472
1.37474
1.37475
1.37477
1.37478
1.37479
1.3748
1.37481
1.37481
1.37482
1.37482
1.37482
1.37482
1.37482
1.37482
1.37482
1.37481
1.3748
1.37479
1.37478
1.37477
1.37476
1.37474
1.37473
1.37471
1.37469
1.37467
1.37465
1.37463
1.3746
1.37458
1.37455
1.37452
1.37449
1.37446
1.37443
1.3744
1.37437
1.37433
1.3743
1.37426
1.37423
1.37419
1.37415
1.37411
1.37407
1.37403
1.37399
1.37395
1.37391
1.37387
1.37383
1.37378
1.37374
1.37369
1.37365
1.3736
1.37356
1.37351
1.37347
1.37342
1.37337
1.37333
1.37328
1.37323
1.37319
1.37314
1.37309
1.37304
1.373
1.37295
1.3729
1.37285
1.37281
1.37276
1.37271
1.37267
1.37262
1.37258
1.37253
1.37249
1.37245
1.37241
1.37236
1.37232
1.37228
1.37225
1.37221
1.37217
1.37214
1.3721
1.37207
1.37204
1.372
1.37197
1.37195
1.37192
1.37189
1.37187
1.37184
1.37182
1.3718
1.37178
1.37176
1.37174
1.37172
1.37171
1.37169
1.37168
1.37166
1.37165
1.37164
1.37163
1.37162
1.37161
1.37161
1.3716
1.37159
1.37159
1.37158
1.37158
1.37157
1.37157
1.37157
1.37156
1.37156
1.37156
1.37156
1.37156
1.37156
1.37156
1.37156
1.37156
1.37156
1.37156
1.37157
1.37157
1.37157
1.37157
1.37157
1.37158
1.37158
1.37158
1.37159
1.37159
1.37159
1.3716
1.3716
1.3716
1.37161
1.37161
1.37161
1.37162
1.37162
1.37162
1.37163
1.37163
1.37163
1.37163
1.37163
1.37164
1.37164
1.37164
1.37164
1.37164
1.37164
1.37163
1.37163
1.37163
1.37163
1.37162
1.37162
1.37161
1.3716
1.3716
1.37159
1.37158
1.37157
1.37156
1.37155
1.37154
1.37153
1.37151
1.3715
1.37149
1.37147
1.37146
1.37144
1.37142
1.3714
1.37139
1.37137
1.37135
1.37133
1.37131
1.37129
1.37127
1.37125
1.37122
1.3712
1.37118
1.37116
1.37114
1.37112
1.3711
1.37108
1.37106
1.37104
1.37102
1.371
1.37099
1.37097
1.37095
1.37094
1.37093
1.37091
1.3709
1.37089
1.37088
1.37087
1.37086
1.37086
1.37085
1.37085
1.37085
1.37085
1.37085
1.37085
1.37085
1.37086
1.37087
1.37087
1.37089
1.3709
1.37091
1.37093
1.37094
1.37096
1.37098
1.371
1.37103
1.37105
1.37108
1.3711
1.37113
1.37117
1.3712
1.37123
1.37127
1.3713
1.37134
1.37138
1.37142
1.37146
1.37151
1.37155
1.3716
1.37164
1.37169
1.37174
1.37179
1.37184
1.3719
1.37195
1.372
1.37206
1.37211
1.37217
1.37223
1.37229
1.37235
1.37241
1.37247
1.37253
1.37259
1.37265
1.37272
1.37278
1.37284
1.37291
1.37297
1.37304
1.3731
1.37317
1.37323
1.3733
1.37337
1.37343
1.3735
1.37357
1.37363
1.3737
1.37376
1.37383
1.3739
1.37396
1.37403
1.37409
1.37416
1.37423
1.37429
1.37436
1.37442
1.37449
1.37455
1.37462
1.37468
1.37475
1.37481
1.37488
1.37494
1.375
1.37507
1.37513
1.3752
1.37526
1.37532
1.37539
1.37545
1.37551
1.37558
1.37564
1.3757
1.37576
1.37583
1.37589
1.37595
1.37601
1.37608
1.37614
1.3762
1.37626
1.37632
1.37638
1.37644
1.3765
1.37656
1.37662
1.37668
1.37674
1.3768
1.37685
1.37691
1.37697
1.37702
1.37708
1.37713
1.37719
1.37724
1.37729
1.37734
1.37739
1.37744
1.37749
1.37753
1.37758
1.37762
1.37766
1.37771
1.37775
1.37778
1.37782
1.37786
1.37789
1.37793
1.37796
1.37799
1.37802
1.37804
1.37807
1.37809
1.37812
1.37814
1.37816
1.37818
1.37819
1.37821
1.37822
1.37823
1.37824
1.37825
1.37826
1.37827
1.37827
1.37828
1.37828
1.37828
1.37828
1.37828
1.37828
1.37827
1.37827
1.37826
1.37826
1.37825
1.37824
1.37823
1.37822
1.37821
1.37819
1.37818
1.37816
1.37815
1.37813
1.37811
1.37809
1.37807
1.37805
1.37803
1.37801
1.37798
1.37796
1.37793
1.37791
1.37788
1.37786
1.37783
1.3778
1.37778
1.37775
1.37772
1.37769
1.37766
1.37763
1.3776
1.37757
1.37754
1.37751
1.37748
1.37745
1.37742
1.37739
1.37736
1.37733
1.3773
1.37727
1.37725
1.37722
1.37719
1.37716
1.37713
1.3771
1.37707
1.37704
1.37702
1.37699
1.37696
1.37693
1.37691
1.37688
1.37685
1.37683
1.3768
1.37678
1.37675
1.37673
1.3767
1.37668
1.37666
1.37663
1.37661
1.37659
1.37656
1.37654
1.37652
1.3765
1.37648
1.37646
1.37643
1.37641
1.37639
1.37637
1.37635
1.37633
1.37631
1.37629
1.37627
1.37625
1.37623
1.37622
1.3762
1.37618
1.37616
1.37614
1.37612
1.3761
1.37609
1.37607
1.37605
1.37603
1.37601
1.376
1.37598
1.37596
1.37594
1.37592
1.3759
1.37588
1.37587
1.37585
1.37583
1.37581
1.37579
1.37577
1.37574
1.37572
1.3757
1.37568
1.37566
1.37563
1.37561
1.37558
1.37556
1.37553
1.37551
1.37548
1.37545
1.37542
1.3754
1.37537
1.37534
1.37531
1.37528
1.37524
1.37521
1.37518
1.37515
1.37511
1.37508
1.37505
1.37501
1.37498
1.37494
1.37491
1.37487
1.37484
1.3748
1.37477
1.37474
1.3747
1.37467
1.37463
1.3746
1.37457
1.37454
1.37451
1.37447
1.37444
1.37442
1.37439
1.37436
1.37433
1.37431
1.37429
1.37426
1.37424
1.37422
1.3742
1.37418
1.37417
1.37415
1.37414
1.37413
1.37411
1.37411
1.3741
1.37409
1.37408
1.37408
1.37408
1.37408
1.37408
1.37408
1.37408
1.37408
1.37408
1.37409
1.37409
1.3741
1.37411
1.37411
1.37412
1.37413
1.37414
1.37415
1.37416
1.37417
1.37417
1.37418
1.37419
1.3742
1.37421
1.37422
1.37423
1.37423
1.37424
1.37425
1.37425
1.37426
1.37426
1.37427
1.37427
1.37427
1.37428
1.37428
1.37428
1.37428
1.37428
1.37428
1.37428
1.37428
1.37428
1.37428
1.37428
1.37427
1.37427
1.37427
1.37427
1.37426
1.37426
1.37426
1.37425
1.37425
1.37425
1.37424
1.37424
1.37424
1.37423
1.37423
1.37423
1.37422
1.37422
1.37422
1.37421
1.37421
1.37421
1.3742
1.3742
1.3742
1.37419
1.37419
1.37419
1.37418
1.37418
1.37418
1.37417
1.37417
1.37416
1.37416
1.37415
1.37415
1.37414
1.37413
1.37413
1.37412
1.37411
1.3741
1.37409
1.37409
1.37408
1.37407
1.37405
1.37404
1.37403
1.37402
1.37401
1.37399
1.37398
1.37396
1.37395
1.37393
1.37392
1.3739
1.37388
1.37386
1.37384
1.37382
1.3738
1.37378
1.37376
1.37374
1.37372
1.3737
1.37368
1.37365
1.37363
1.37361
1.37359
1.37356
1.37354
1.37351
1.37349
1.37347
1.37344
1.37342
1.37339
1.37337
1.37334
1.37332
1.3733
1.37327
1.37325
1.37322
1.3732
1.37318
1.37315
1.37313
1.37311
1.37308
1.37306
1.37304
1.37301
1.37299
1.37297
1.37295
1.37293
1.37291
1.37289
1.37287
1.37285
1.37283
1.37281
1.37279
1.37277
1.37275
1.37273
1.37271
1.3727
1.37268
1.37266
1.37265
1.37263
1.37262
1.3726
1.37259
1.37257
1.37256
1.37255
1.37253
1.37252
1.37251
1.3725
1.37249
1.37248
1.37247
1.37246
1.37246
1.37245
1.37244
1.37244
1.37243
1.37243
1.37242
1.37242
1.37241
1.37241
1.37241
1.37241
1.3724
1.3724
1.3724
1.3724
1.3724
1.3724
1.3724
1.3724
1.3724
1.3724
1.3724
1.3724
1.3724
1.3724
1.3724
1.3724
1.37239
1.37239
1.37239
1.37239
1.37239
1.37238
1.37238
1.37238
1.37237
1.37237
1.37236
1.37236
1.37235
1.37234
1.37233
1.37233
1.37232
1.37231
1.3723
1.37229
1.37227
1.37226
1.37225
1.37224
1.37222
1.37221
1.37219
1.37218
1.37216
1.37215
1.37213
1.37212
1.3721
1.37208
1.37207
1.37205
1.37204
1.37202
1.372
1.37199
1.37197
1.37196
1.37195
1.37193
1.37192
1.37191
1.3719
1.37188
1.37187
1.37186
1.37186
1.37185
1.37184
1.37183
1.37183
1.37182
1.37182
1.37182
1.37182
1.37182
1.37182
1.37182
1.37182
1.37182
1.37183
1.37183
1.37184
1.37184
1.37185
1.37186
1.37187
1.37188
1.37189
1.3719
1.37191
1.37193
1.37194
1.37195
1.37197
1.37198
1.372
1.37202
1.37203
1.37205
1.37207
1.37209
1.37211
1.37212
1.37214
1.37216
1.37218
1.3722
1.37222
1.37224
1.37226
1.37229
1.37231
1.37233
1.37235
1.37237
1.37239
1.37241
1.37243
1.37245
1.37247
1.37249
1.37251
1.37253
1.37255
1.37257
1.37259
1.37261
1.37263
1.37265
1.37267
1.37269
1.3727
1.37272
1.37274
1.37276
1.37277
1.37279
1.37281
1.37282
1.37284
1.37286
1.37287
1.37289
1.3729
1.37292
1.37293
1.37295
1.37296
1.37298
1.37299
1.37301
1.37302
1.37303
1.37305
1.37306
1.37307
1.37309
1.3731
1.37311
1.37313
1.37314
1.37315
1.37316
1.37317
1.37319
1.3732
1.37321
1.37322
1.37323
1.37324
1.37325
1.37326
1.37327
1.37328
1.37329
1.3733
1.37331
1.37332
1.37333
1.37334
1.37334
1.37335
1.37336
1.37337
1.37337
1.37338
1.37339
1.37339
1.3734
1.37341
1.37341
1.37341
1.37342
1.37342
1.37342
1.37343
1.37343
1.37343
1.37343
1.37343
1.37343
1.37343
1.37343
1.37343
1.37342
1.37342
1.37342
1.37341
1.37341
1.3734
1.37339
1.37338
1.37338
1.37337
1.37336
1.37335
1.37333
1.37332
1.37331
1.3733
1.37328
1.37327
1.37325
1.37324
1.37322
1.3732
1.37318
1.37316
1.37315
1.37313
1.37311
1.37308
1.37306
1.37304
1.37302
1.373
1.37297
1.37295
1.37293
1.3729
1.37288
1.37286
1.37283
1.37281
1.37279
1.37276
1.37274
1.37272
1.37269
1.37267
1.37265
1.37263
1.3726
1.37258
1.37256
1.37254
1.37252
1.3725
1.37248
1.37246
1.37244
1.37243
1.37241
1.37239
1.37237
1.37236
1.37234
1.37233
1.37231
1.3723
1.37229
1.37228
1.37226
1.37225
1.37224
1.37223
1.37222
1.37221
1.3722
1.37219
1.37219
1.37218
1.37217
1.37216
1.37216
1.37215
1.37214
1.37214
1.37213
1.37212
1.37212
1.37211
1.3721
1.3721
1.37209
1.37209
1.37208
1.37207
1.37207
1.37206
1.37205
1.37204
1.37204
1.37203
1.37202
1.37201
1.372
1.37199
1.37198
1.37197
1.37196
1.37194
1.37193
1.37192
1.3719
1.37189
1.37187
1.37185
1.37184
1.37182
1.3718
1.37178
1.37176
1.37174
1.37171
1.37169
1.37167
1.37164
1.37162
1.37159
1.37156
1.37153
1.3715
1.37147
1.37144
1.37141
1.37137
1.37134
1.3713
1.37126
1.37122
1.37118
1.37114
1.3711
1.37106
1.37101
1.37097
1.37092
1.37087
1.37082
1.37077
1.37072
1.37067
1.37061
1.37055
1.3705
1.37044
1.37038
1.37032
1.37026
1.37019
1.37013
1.37006
1.37
1.36993
1.36986
1.36979
1.36972
1.36965
1.36958
1.36951
1.36944
1.36936
1.36929
1.36921
1.36914
1.36906
1.36898
1.36891
1.36883
1.36875
1.36868
1.3686
1.36852
1.36845
1.36837
1.36829
1.36822
1.36814
1.36807
1.36799
1.36792
1.36785
1.36777
1.3677
1.36763
1.36756
1.36749
1.36743
1.36736
1.3673
1.36723
1.36717
1.36711
1.36705
1.36699
1.36694
1.36688
1.36683
1.36678
1.36673
1.36668
1.36664
1.36659
1.36655
1.36651
1.36647
1.36644
1.3664
1.36637
1.36634
1.36631
1.36629
1.36626
1.36624
1.36622
1.3662
1.36618
1.36617
1.36616
1.36615
1.36614
1.36613
1.36613
1.36613
1.36613
1.36613
1.36613
1.36614
1.36614
1.36615
1.36616
1.36618
1.36619
1.36621
1.36623
1.36624
1.36627
1.36629
1.36631
1.36634
1.36637
1.3664
1.36643
1.36646
1.36649
1.36653
1.36656
1.3666
1.36664
1.36668
1.36672
1.36676
1.3668
1.36685
1.36689
1.36694
1.36699
1.36703
1.36708
1.36713
1.36718
1.36723
1.36728
1.36733
1.36738
1.36744
1.36749
1.36754
1.3676
1.36765
1.3677
1.36776
1.36781
1.36786
1.36792
1.36797
1.36802
1.36808
1.36813
1.36818
1.36824
1.36829
1.36834
1.36839
1.36844
1.3685
1.36855
1.3686
1.36865
1.3687
1.36875
1.3688
1.36885
1.3689
1.36894
1.36899
1.36904
1.36909
1.36913
1.36918
1.36923
1.36927
1.36932
1.36936
1.36941
1.36945
1.3695
1.36954
1.36958
1.36963
1.36967
1.36971
1.36976
1.3698
1.36984
1.36988
1.36993
1.36997
1.37001
1.37005
1.37009
1.37013
1.37017
1.37022
1.37026
1.3703
1.37034
1.37038
1.37042
1.37046
1.37051
1.37055
1.37059
1.37063
1.37067
1.37072
1.37076
1.3708
1.37084
1.37089
1.37093
1.37097
1.37102
1.37106
1.3711
1.37115
1.37119
1.37123
1.37128
1.37132
1.37137
1.37141
1.37145
1.3715
1.37154
1.37158
1.37163
1.37167
1.37171
1.37175
1.3718
1.37184
1.37188
1.37192
1.37196
1.372
1.37204
1.37208
1.37212
1.37215
1.37219
1.37223
1.37226
1.3723
1.37233
1.37237
1.3724
1.37243
1.37246
1.3725
1.37253
1.37256
1.37258
1.37261
1.37264
1.37267
1.37269
1.37272
1.37274
1.37277
1.37279
1.37281
1.37283
1.37285
1.37287
1.37289
1.37291
1.37293
1.37294
1.37296
1.37297
1.37299
1.373
1.37301
1.37302
1.37303
1.37304
1.37305
1.37306
1.37307
1.37307
1.37308
1.37308
1.37308
1.37308
1.37309
1.37309
1.37309
1.37308
1.37308
1.37308
1.37308
1.37307
1.37307
1.37306
1.37306
1.37305
1.37304
1.37304
1.37303
1.37302
1.37301
1.373
1.37299
1.37299
1.37298
1.37297
1.37296
1.37295
1.37294
1.37293
1.37292
1.37291
1.3729
1.37289
1.37288
1.37288
1.37287
1.37286
1.37285
1.37285
1.37284
1.37284
1.37283
1.37283
1.37282
1.37282
1.37282
1.37282
1.37282
1.37282
1.37282
1.37282
1.37283
1.37283
1.37284
1.37284
1.37285
1.37286
1.37287
1.37288
1.37289
1.3729
1.37291
1.37293
1.37294
1.37296
1.37298
1.37299
1.37301
1.37303
1.37305
1.37307
1.37309
1.37312
1.37314
1.37316
1.37319
1.37321
1.37324
1.37327
1.37329
1.37332
1.37334
1.37337
1.3734
1.37343
1.37345
1.37348
1.37351
1.37353
1.37356
1.37358
1.37361
1.37363
1.37366
1.37368
1.3737
1.37372
1.37374
1.37376
1.37378
1.3738
1.37381
1.37383
1.37384
1.37385
1.37387
1.37388
1.37389
1.37389
1.3739
1.37391
1.37391
1.37391
1.37391
1.37391
1.37391
1.37391
1.3739
1.3739
1.37389
1.37388
1.37388
1.37387
1.37386
1.37384
1.37383
1.37382
1.3738
1.37379
1.37377
1.37375
1.37373
1.37371
1.3737
1.37368
1.37366
1.37364
1.37362
1.3736
1.37358
1.37356
1.37354
1.37352
1.3735
1.37348
1.37346
1.37344
1.37343
1.37341
1.3734
1.37338
1.37337
1.37336
1.37335
1.37334
1.37333
1.37332
1.37332
1.37331
1.37331
1.37331
1.37331
1.37331
1.37332
1.37332
1.37333
1.37334
1.37335
1.37336
1.37338
1.37339
1.37341
1.37343
1.37344
1.37347
1.37349
1.37351
1.37353
1.37356
1.37358
1.37361
1.37364
1.37367
1.3737
1.37373
1.37376
1.37379
1.37382
1.37385
1.37389
1.37392
1.37395
1.37399
1.37402
1.37405
1.37409
1.37412
1.37416
1.37419
1.37423
1.37426
1.37429
1.37433
1.37436
1.3744
1.37443
1.37446
1.3745
1.37453
1.37457
1.3746
1.37463
1.37466
1.3747
1.37473
1.37476
1.37479
1.37482
1.37485
1.37488
1.37491
1.37494
1.37497
1.375
1.37502
1.37505
1.37508
1.3751
1.37513
1.37515
1.37517
1.37519
1.37522
1.37524
1.37525
1.37527
1.37529
1.3753
1.37532
1.37533
1.37534
1.37535
1.37536
1.37537
1.37538
1.37538
1.37539
1.37539
1.37539
1.37539
1.37539
1.37538
1.37538
1.37537
1.37536
1.37535
1.37534
1.37533
1.37532
1.3753
1.37529
1.37527
1.37525
1.37523
1.37521
1.37518
1.37516
1.37514
1.37511
1.37508
1.37505
1.37502
1.37499
1.37496
1.37493
1.3749
1.37487
1.37483
1.3748
1.37477
1.37473
1.3747
1.37466
1.37462
1.37459
1.37455
1.37452
1.37448
1.37444
1.37441
1.37437
1.37433
1.3743
1.37426
1.37423
1.37419
1.37416
1.37412
1.37409
1.37405
1.37402
1.37398
1.37395
1.37392
1.37388
1.37385
1.37382
1.37379
1.37375
1.37372
1.37369
1.37366
1.37363
1.3736
1.37357
1.37354
1.37352
1.37349
1.37346
1.37344
1.37341
1.37338
1.37336
1.37333
1.37331
1.37329
1.37327
1.37324
1.37322
1.3732
1.37318
1.37317
1.37315
1.37313
1.37312
1.3731
1.37309
1.37308
1.37306
1.37305
1.37305
1.37304
1.37303
1.37303
1.37302
1.37302
1.37302
1.37302
1.37302
1.37302
1.37303
1.37303
1.37304
1.37305
1.37306
1.37307
1.37308
1.3731
1.37311
1.37313
1.37314
1.37316
1.37318
1.3732
1.37322
1.37325
1.37327
1.37329
1.37332
1.37334
1.37337
1.3734
1.37343
1.37346
1.37349
1.37352
1.37355
1.37358
1.37361
1.37364
1.37367
1.37371
1.37374
1.37377
1.3738
1.37384
1.37387
1.3739
1.37393
1.37397
1.374
1.37403
1.37406
1.37409
1.37412
1.37415
1.37418
1.37421
1.37424
1.37427
1.37429
1.37432
1.37435
1.37437
1.37439
1.37442
1.37444
1.37446
1.37448
1.3745
1.37451
1.37453
1.37454
1.37456
1.37457
1.37458
1.37459
1.3746
1.37461
1.37461
1.37462
1.37462
1.37462
1.37462
1.37462
1.37462
1.37461
1.37461
1.3746
1.37459
1.37458
1.37457
1.37456
1.37455
1.37453
1.37452
1.3745
1.37448
1.37446
1.37444
1.37442
1.3744
1.37437
1.37435
1.37432
1.37429
1.37427
1.37424
1.37421
1.37418
1.37415
1.37411
1.37408
1.37405
1.37402
1.37398
1.37395
1.37391
1.37388
1.37384
1.37381
1.37377
1.37374
1.3737
1.37367
1.37363
1.3736
1.37356
1.37353
1.37349
1.37346
1.37342
1.37339
1.37336
1.37333
1.37329
1.37326
1.37323
1.3732
1.37317
1.37314
1.37311
1.37308
1.37306
1.37303
1.373
1.37298
1.37295
1.37293
1.37291
1.37289
1.37287
1.37285
1.37283
1.37281
1.37279
1.37277
1.37276
1.37274
1.37273
1.37272
1.37271
1.3727
1.37269
1.37268
1.37267
1.37266
1.37266
1.37265
1.37265
1.37265
1.37265
1.37264
1.37264
1.37265
1.37265
1.37265
1.37265
1.37266
1.37266
1.37267
1.37267
1.37268
1.37269
1.3727
1.3727
1.37271
1.37272
1.37273
1.37274
1.37275
1.37276
1.37277
1.37278
1.37279
1.3728
1.3728
1.37281
1.37282
1.37283
1.37284
1.37284
1.37285
1.37286
1.37286
1.37287
1.37287
1.37287
1.37288
1.37288
1.37288
1.37288
1.37288
1.37288
1.37288
1.37287
1.37287
1.37287
1.37286
1.37286
1.37285
1.37284
1.37283
1.37282
1.37281
1.3728
1.37279
1.37278
1.37277
1.37276
1.37274
1.37273
1.37272
1.3727
1.37269
1.37267
1.37265
1.37264
1.37262
1.3726
1.37259
1.37257
1.37255
1.37254
1.37252
1.3725
1.37249
1.37247
1.37245
1.37244
1.37242
1.3724
1.37239
1.37237
1.37236
1.37234
1.37233
1.37232
1.3723
1.37229
1.37228
1.37227
1.37226
1.37225
1.37224
1.37224
1.37223
1.37222
1.37222
1.37222
1.37221
1.37221
1.37221
1.37221
1.37221
1.37222
1.37222
1.37222
1.37223
1.37224
1.37224
1.37225
1.37226
1.37228
1.37229
1.3723
1.37231
1.37233
1.37235
1.37236
1.37238
1.3724
1.37242
1.37244
1.37246
1.37248
1.3725
1.37252
1.37254
1.37256
1.37259
1.37261
1.37263
1.37266
1.37268
1.3727
1.37273
1.37275
1.37277
1.3728
1.37282
1.37284
1.37287
1.37289
1.37291
1.37293
1.37295
1.37297
1.37299
1.37301
1.37303
1.37305
1.37307
1.37308
1.3731
1.37311
1.37313
1.37314
1.37316
1.37317
1.37318
1.37319
1.3732
1.37321
1.37322
1.37323
1.37323
1.37324
1.37325
1.37325
1.37325
1.37326
1.37326
1.37326
1.37326
1.37326
1.37327
1.37327
1.37326
1.37326
1.37326
1.37326
1.37326
1.37326
1.37326
1.37325
1.37325
1.37325
1.37325
1.37324
1.37324
1.37324
1.37324
1.37324
1.37323
1.37323
1.37323
1.37323
1.37323
1.37323
1.37324
1.37324
1.37324
1.37324
1.37325
1.37325
1.37326
1.37326
1.37327
1.37327
1.37328
1.37329
1.3733
1.37331
1.37332
1.37333
1.37334
1.37335
1.37336
1.37338
1.37339
1.3734
1.37342
1.37343
1.37345
1.37346
1.37348
1.3735
1.37351
1.37353
