1.4
1.39997
1.39991
1.39981
1.39969
1.39954
1.39935
1.39914
1.39889
1.39862
1.39832
1.39798
1.39762
1.39723
1.39681
1.39636
1.39588
1.39538
1.39485
1.3943
1.39371
1.39311
1.39247
1.39182
1.39114
1.39043
1.38971
1.38896
1.3882
1.38741
1.3866
1.38578
1.38494
1.38408
1.3832
1.38231
1.38141
1.3805
1.37957
1.37863
1.37768
1.37672
1.37575
1.37478
1.3738
1.37281
1.37182
1.37082
1.36982
1.36882
1.36782
1.36682
1.36582
1.36482
1.36383
1.36284
1.36185
1.36087
1.3599
1.35894
1.35798
1.35704
1.35611
1.35519
1.35428
1.35339
1.35252
1.35166
1.35081
1.34999
1.34919
1.3484
1.34764
1.34689
1.34617
1.34547
1.34479
1.34414
1.3435
1.34289
1.3423
1.34174
1.34119
1.34067
1.34016
1.33968
1.33921
1.33876
1.33833
1.33792
1.33752
1.33713
1.33676
1.3364
1.33606
1.33572
1.33539
1.33507
1.33475
1.33444
1.33414
1.33384
1.33354
1.33325
1.33295
1.33266
1.33237
1.33208
1.33179
1.3315
1.33121
1.33092
1.33062
1.33033
1.33004
1.32974
1.32945
1.32916
1.32886
1.32857
1.32828
1.328
1.32771
1.32743
1.32716
1.32688
1.32662
1.32636
1.3261
1.32585
1.32561
1.32538
1.32515
1.32493
1.32472
1.32452
1.32433
1.32414
1.32397
1.3238
1.32364
1.32349
1.32335
1.32322
1.32309
1.32298
1.32287
1.32276
1.32267
1.32258
1.3225
1.32243
1.32236
1.3223
1.32224
1.32219
1.32214
1.3221
1.32207
1.32204
1.32202
1.322
1.32199
1.32198
1.32198
1.32198
1.32199
1.322
1.32202
1.32204
1.32207
1.32211
1.32214
1.32219
1.32223
1.32228
1.32234
1.3224
1.32247
1.32253
1.3226
1.32268
1.32276
1.32283
1.32292
1.323
1.32308
1.32317
1.32325
1.32333
1.32342
1.3235
1.32358
1.32365
1.32373
1.3238
1.32386
1.32392
1.32398
1.32403
1.32408
1.32412
1.32415
1.32418
1.3242
1.32421
1.32422
1.32421
1.3242
1.32418
1.32415
1.32411
1.32407
1.32401
1.32394
1.32387
1.32378
1.32369
1.32359
1.32347
1.32335
1.32322
1.32308
1.32294
1.32278
1.32262
1.32245
1.32227
1.32209
1.3219
1.32171
1.32151
1.32131
1.32111
1.3209
1.3207
1.32049
1.32029
1.32008
1.31988
1.31968
1.31949
1.31929
1.31911
1.31893
1.31875
1.31858
1.31842
1.31827
1.31813
1.31799
1.31787
1.31775
1.31764
1.31755
1.31746
1.31739
1.31733
1.31727
1.31723
1.31721
1.31719
1.31718
1.31719
1.3172
1.31723
1.31727
1.31732
1.31738
1.31745
1.31753
1.31762
1.31772
1.31783
1.31795
1.31807
1.3182
1.31834
1.31848
1.31863
1.31878
1.31894
1.31911
1.31927
1.31944
1.31961
1.31978
1.31995
1.32013
1.3203
1.32047
1.32065
1.32082
1.32099
1.32115
1.32132
1.32148
1.32163
1.32179
1.32194
1.32208
1.32222
1.32235
1.32248
1.3226
1.32271
1.32282
1.32292
1.32301
1.3231
1.32317
1.32325
1.32331
1.32337
1.32342
1.32346
1.3235
1.32353
1.32355
1.32357
1.32358
1.32359
1.3236
1.3236
1.3236
1.3236
1.32359
1.32359
1.32358
1.32357
1.32357
1.32357
1.32357
1.32357
1.32357
1.32358
1.32359
1.32361
1.32363
1.32366
1.32369
1.32373
1.32377
1.32382
1.32387
1.32393
1.32399
1.32406
1.32413
1.32421
1.32429
1.32437
1.32446
1.32455
1.32464
1.32473
1.32482
1.32491
1.325
1.32509
1.32518
1.32527
1.32536
1.32544
1.32552
1.3256
1.32568
1.32575
1.32582
1.32589
1.32596
1.32603
1.32609
1.32615
1.32621
1.32626
1.32632
1.32638
1.32643
1.32649
1.32654
1.32659
1.32665
1.3267
1.32676
1.32682
1.32687
1.32693
1.32699
1.32705
1.32711
1.32717
1.32723
1.3273
1.32736
1.32742
1.32749
1.32755
1.32762
1.32769
1.32776
1.32782
1.32789
1.32796
1.32804
1.32811
1.32818
1.32826
1.32833
1.32841
1.32849
1.32857
1.32865
1.32873
1.32882
1.3289
1.32899
1.32907
1.32916
1.32924
1.32932
1.32941
1.32949
1.32957
1.32965
1.32972
1.32979
1.32986
1.32992
1.32998
1.33004
1.33009
1.33013
1.33017
1.3302
1.33023
1.33025
1.33026
1.33026
1.33026
1.33025
1.33023
1.3302
1.33017
1.33013
1.33008
1.33002
1.32995
1.32988
1.32979
1.3297
1.3296
1.3295
1.32938
1.32926
1.32913
1.329
1.32886
1.32871
1.32855
1.32839
1.32822
1.32804
1.32786
1.32768
1.32749
1.32729
1.32709
1.32689
1.32668
1.32647
1.32626
1.32605
1.32584
1.32563
1.32542
1.32521
1.325
1.3248
1.3246
1.3244
1.32421
1.32403
1.32386
1.32369
1.32354
1.32339
1.32325
1.32313
1.32301
1.32291
1.32282
1.32274
1.32268
1.32262
1.32258
1.32256
1.32254
1.32253
1.32254
1.32256
1.32259
1.32263
1.32268
1.32273
1.3228
1.32287
1.32295
1.32304
1.32313
1.32323
1.32333
1.32343
1.32354
1.32364
1.32375
1.32386
1.32396
1.32407
1.32417
1.32427
1.32437
1.32446
1.32455
1.32464
1.32471
1.32479
1.32485
1.32491
1.32497
1.32501
1.32505
1.32508
1.32511
1.32512
1.32513
1.32513
1.32513
1.32512
1.3251
1.32508
1.32505
1.32501
1.32497
1.32493
1.32488
1.32483
1.32478
1.32472
1.32466
1.3246
1.32454
1.32448
1.32442
1.32435
1.32429
1.32423
1.32417
1.3241
1.32404
1.32399
1.32393
1.32387
1.32382
1.32377
1.32372
1.32367
1.32363
1.32359
1.32355
1.32352
1.32349
1.32346
1.32344
1.32342
1.32341
1.3234
1.3234
1.3234
1.32341
1.32342
1.32343
1.32345
1.32348
1.32351
1.32354
1.32358
1.32363
1.32367
1.32372
1.32378
1.32383
1.32389
1.32396
1.32402
1.32408
1.32415
1.32422
1.32429
1.32436
1.32443
1.32451
1.32458
1.32466
1.32473
1.32481
1.32488
1.32496
1.32503
1.32511
1.32518
1.32526
1.32533
1.3254
1.32548
1.32555
1.32562
1.32569
1.32576
1.32583
1.32589
1.32595
1.32602
1.32608
1.32613
1.32619
1.32624
1.32629
1.32634
1.32638
1.32643
1.32647
1.32651
1.32654
1.32657
1.32661
1.32664
1.32666
1.32669
1.32671
1.32673
1.32675
1.32677
1.32678
1.3268
1.32681
1.32682
1.32682
1.32683
1.32683
1.32684
1.32684
1.32683
1.32683
1.32682
1.32682
1.32681
1.3268
1.32678
1.32677
1.32675
1.32674
1.32672
1.3267
1.32669
1.32667
1.32665
1.32663
1.32662
1.3266
1.32659
1.32657
1.32656
1.32655
1.32655
1.32654
1.32654
1.32654
1.32655
1.32656
1.32657
1.32659
1.3266
1.32663
1.32665
1.32668
1.32671
1.32675
1.32679
1.32683
1.32687
1.32692
1.32697
1.32702
1.32707
1.32712
1.32717
1.32723
1.32728
1.32733
1.32739
1.32744
1.3275
1.32755
1.3276
1.32765
1.3277
1.32774
1.32779
1.32783
1.32788
1.32792
1.32796
1.32799
1.32803
1.32806
1.32809
1.32812
1.32815
1.32817
1.3282
1.32822
1.32823
1.32825
1.32826
1.32827
1.32827
1.32827
1.32827
1.32826
1.32824
1.32822
1.3282
1.32817
1.32814
1.32809
1.32805
1.32799
1.32793
1.32787
1.32779
1.32771
1.32762
1.32753
1.32743
1.32732
1.32721
1.32709
1.32696
1.32683
1.3267
1.32656
1.32642
1.32627
1.32613
1.32598
1.32582
1.32567
1.32552
1.32537
1.32522
1.32507
1.32492
1.32478
1.32464
1.3245
1.32437
1.32424
1.32412
1.324
1.32389
1.32379
1.32369
1.32361
1.32352
1.32345
1.32338
1.32332
1.32327
1.32322
1.32319
1.32315
1.32313
1.32311
1.3231
1.32309
1.32309
1.32309
1.3231
1.32311
1.32312
1.32314
1.32316
1.32317
1.32319
1.32321
1.32323
1.32325
1.32327
1.32328
1.32329
1.32329
1.3233
1.3233
1.32329
1.32328
1.32326
1.32324
1.32321
1.32317
1.32313
1.32309
1.32303
1.32297
1.32291
1.32284
1.32276
1.32268
1.32259
1.3225
1.3224
1.3223
1.32219
1.32208
1.32197
1.32185
1.32173
1.32161
1.32148
1.32135
1.32122
1.32109
1.32095
1.32082
1.32068
1.32054
1.3204
1.32027
1.32013
1.31999
1.31986
1.31972
1.31959
1.31946
1.31933
1.3192
1.31908
1.31896
1.31885
1.31874
1.31864
1.31854
1.31845
1.31836
1.31828
1.3182
1.31813
1.31807
1.31801
1.31796
1.31792
1.31788
1.31785
1.31782
1.31781
1.31779
1.31779
1.31779
1.31779
1.31781
1.31782
1.31785
1.31788
1.31791
1.31795
1.318
1.31805
1.31811
1.31817
1.31824
1.31832
1.3184
1.31848
1.31857
1.31867
1.31877
1.31887
1.31898
1.3191
1.31921
1.31934
1.31946
1.31959
1.31972
1.31986
1.31999
1.32013
1.32027
1.32041
1.32055
1.32069
1.32083
1.32096
1.3211
1.32123
1.32136
1.32148
1.3216
1.32172
1.32183
1.32193
1.32203
1.32212
1.32221
1.32228
1.32235
1.32241
1.32247
1.32251
1.32255
1.32257
1.32259
1.3226
1.3226
1.32259
1.32257
1.32254
1.3225
1.32246
1.32241
1.32234
1.32227
1.3222
1.32211
1.32202
1.32193
1.32182
1.32172
1.3216
1.32149
1.32137
1.32124
1.32112
1.32099
1.32086
1.32073
1.3206
1.32047
1.32034
1.32021
1.32007
1.31994
1.31982
1.31969
1.31956
1.31944
1.31932
1.3192
1.31908
1.31896
1.31885
1.31874
1.31864
1.31853
1.31843
1.31834
1.31825
1.31816
1.31808
1.318
1.31793
1.31787
1.31781
1.31776
1.31771
1.31767
1.31764
1.31762
1.3176
1.31759
1.31759
1.3176
1.31761
1.31764
1.31767
1.31771
1.31776
1.31782
1.31788
1.31796
1.31804
1.31813
1.31822
1.31833
1.31844
1.31855
1.31868
1.31881
1.31894
1.31908
1.31923
1.31938
1.31953
1.31969
1.31985
1.32001
1.32018
1.32034
1.32051
1.32068
1.32085
1.32102
1.32119
1.32135
1.32152
1.32168
1.32184
1.322
1.32216
1.32231
1.32245
1.32259
1.32273
1.32286
1.32299
1.32311
1.32322
1.32333
1.32343
1.32352
1.3236
1.32368
1.32375
1.32382
1.32387
1.32392
1.32396
1.32399
1.32402
1.32404
1.32405
1.32405
1.32405
1.32404
1.32402
1.324
1.32397
1.32393
1.32389
1.32384
1.32379
1.32373
1.32367
1.3236
1.32353
1.32346
1.32338
1.32329
1.32321
1.32312
1.32303
1.32293
1.32283
1.32273
1.32262
1.32252
1.32241
1.3223
1.32218
1.32207
1.32195
1.32183
1.32172
1.3216
1.32148
1.32136
1.32124
1.32113
1.32101
1.3209
1.32079
1.32068
1.32057
1.32047
1.32037
1.32027
1.32018
1.3201
1.32002
1.31994
1.31987
1.31981
1.31976
1.31971
1.31966
1.31963
1.3196
1.31958
1.31956
1.31955
1.31955
1.31956
1.31958
1.3196
1.31963
1.31967
1.31972
1.31977
1.31983
1.3199
1.31998
1.32006
1.32015
1.32025
1.32035
1.32046
1.32058
1.3207
1.32082
1.32095
1.32109
1.32122
1.32137
1.32151
1.32165
1.3218
1.32195
1.3221
1.32224
1.32239
1.32254
1.32268
1.32282
1.32296
1.32309
1.32322
1.32335
1.32347
1.32358
1.32369
1.32379
1.32389
1.32398
1.32406
1.32414
1.32421
1.32427
1.32432
1.32436
1.3244
1.32442
1.32444
1.32445
1.32446
1.32445
1.32444
1.32442
1.3244
1.32437
1.32433
1.32429
1.32425
1.3242
1.32414
1.32409
1.32403
1.32397
1.32392
1.32386
1.3238
1.32374
1.32369
1.32364
1.32359
1.32354
1.3235
1.32346
1.32343
1.3234
1.32337
1.32335
1.32334
1.32333
1.32333
1.32333
1.32333
1.32335
1.32336
1.32338
1.32341
1.32344
1.32348
1.32352
1.32356
1.32361
1.32366
1.32371
1.32377
1.32383
1.32389
1.32396
1.32402
1.32409
1.32416
1.32423
1.3243
1.32437
1.32444
1.32451
1.32459
1.32465
1.32472
1.32479
1.32486
1.32492
1.32498
1.32504
1.32509
1.32514
1.32519
1.32524
1.32528
1.32531
1.32535
1.32538
1.3254
1.32542
1.32544
1.32545
1.32546
1.32546
1.32546
1.32546
1.32545
1.32544
1.32543
1.32541
1.32539
1.32536
1.32534
1.32531
1.32528
1.32524
1.32521
1.32517
1.32513
1.32509
1.32505
1.325
1.32496
1.32492
1.32487
1.32483
1.32478
1.32474
1.3247
1.32465
1.32461
1.32457
1.32454
1.3245
1.32447
1.32444
1.32441
1.32439
1.32437
1.32435
1.32434
1.32434
1.32434
1.32434
1.32435
1.32436
1.32438
1.3244
1.32443
1.32447
1.32451
1.32456
1.32461
1.32466
1.32472
1.32478
1.32485
1.32492
1.325
1.32508
1.32516
1.32524
1.32532
1.32541
1.3255
1.32559
1.32568
1.32577
1.32586
1.32595
1.32604
1.32614
1.32623
1.32633
1.32642
1.32651
1.32661
1.32671
1.3268
1.3269
1.32699
1.32709
1.32718
1.32728
1.32738
1.32747
1.32757
1.32766
1.32775
1.32785
1.32794
1.32803
1.32812
1.32821
1.32829
1.32837
1.32845
1.32853
1.3286
1.32867
1.32874
1.3288
1.32885
1.32891
1.32895
1.32899
1.32902
1.32905
1.32907
1.32908
1.32908
1.32907
1.32906
1.32904
1.32901
1.32896
1.32891
1.32885
1.32878
1.3287
1.32861
1.32851
1.3284
1.32828
1.32815
1.32801
1.32785
1.32769
1.32752
1.32734
1.32716
1.32696
1.32676
1.32654
1.32632
1.3261
1.32587
1.32563
1.32539
1.32515
1.3249
1.32465
1.3244
1.32415
1.3239
1.32365
1.3234
1.32315
1.32291
1.32267
1.32244
1.3222
1.32198
1.32176
1.32155
1.32135
1.32115
1.32096
1.32078
1.32061
1.32044
1.32029
1.32014
1.32001
1.31988
1.31976
1.31965
1.31955
1.31945
1.31937
1.31929
1.31922
1.31916
1.3191
1.31905
1.319
1.31896
1.31892
1.31889
1.31886
1.31884
1.31881
1.31879
1.31877
1.31876
1.31874
1.31872
1.3187
1.31868
1.31866
1.31864
1.31862
1.3186
1.31858
1.31855
1.31852
1.31849
1.31846
1.31843
1.31839
1.31836
1.31832
1.31829
1.31825
1.31821
1.31817
1.31814
1.3181
1.31806
1.31803
1.31799
1.31796
1.31793
1.3179
1.31788
1.31785
1.31783
1.31781
1.31779
1.31778
1.31776
1.31775
1.31774
1.31774
1.31773
1.31773
1.31773
1.31773
1.31773
1.31773
1.31774
1.31774
1.31774
1.31774
1.31774
1.31774
1.31774
1.31774
1.31773
1.31773
1.31771
1.3177
1.31768
1.31766
1.31763
1.31761
1.31757
1.31754
1.31749
1.31745
1.3174
1.31735
1.31729
1.31723
1.31717
1.31711
1.31704
1.31697
1.3169
1.31682
1.31675
1.31667
1.31659
1.31651
1.31643
1.31635
1.31628
1.3162
1.31612
1.31604
1.31596
1.31588
1.31581
1.31573
1.31565
1.31558
1.3155
1.31542
1.31535
1.31527
1.3152
1.31512
1.31505
1.31498
1.3149
1.31483
1.31476
1.31469
1.31461
1.31454
1.31447
1.3144
1.31434
1.31427
1.3142
1.31414
1.31408
1.31402
1.31396
1.31391
1.31386
1.31381
1.31377
1.31372
1.31369
1.31366
1.31363
1.3136
1.31358
1.31357
1.31356
1.31356
1.31356
1.31357
1.31358
1.31361
1.31363
1.31367
1.31371
1.31375
1.3138
1.31386
1.31393
1.314
1.31407
1.31415
1.31424
1.31433
1.31443
1.31453
1.31463
1.31474
1.31485
1.31496
1.31507
1.31519
1.31531
1.31543
1.31555
1.31567
1.31579
1.31591
1.31603
1.31615
1.31627
1.31639
1.31651
1.31663
1.31675
1.31686
1.31697
1.31709
1.3172
1.3173
1.31741
1.31751
1.31762
1.31772
1.31781
1.31791
1.318
1.31809
1.31818
1.31826
1.31834
1.31841
1.31849
1.31855
1.31862
1.31867
1.31873
1.31877
1.31882
1.31885
1.31888
1.3189
1.31892
1.31893
1.31893
1.31893
1.31891
1.31889
1.31886
1.31883
1.31878
1.31873
1.31867
1.31861
1.31854
1.31846
1.31837
1.31828
1.31818
1.31808
1.31798
1.31787
1.31776
1.31764
1.31753
1.31741
1.3173
1.31718
1.31707
1.31696
1.31685
1.31675
1.31665
1.31655
1.31646
1.31638
1.3163
1.31623
1.31617
1.31611
1.31606
1.31602
1.31599
1.31596
1.31594
1.31593
1.31593
1.31594
1.31595
1.31597
1.316
1.31604
1.31608
1.31613
1.31619
1.31626
1.31633
1.31642
1.31651
1.3166
1.31671
1.31682
1.31694
1.31706
1.3172
1.31734
1.31748
1.31764
1.3178
1.31797
1.31815
1.31833
1.31852
1.31871
1.31891
1.31911
1.31932
1.31954
1.31975
1.31998
1.3202
1.32043
1.32066
1.32089
1.32112
1.32135
1.32159
1.32182
1.32206
1.32229
1.32252
1.32276
1.32299
1.32321
1.32344
1.32366
1.32388
1.3241
1.32431
1.32452
1.32472
1.32492
1.32511
1.3253
1.32548
1.32566
1.32583
1.32599
1.32615
1.3263
1.32645
1.32659
1.32672
1.32685
1.32697
1.32708
1.32719
1.3273
1.32739
1.32748
1.32757
1.32765
1.32772
1.32779
1.32786
1.32792
1.32798
1.32803
1.32808
1.32812
1.32816
1.3282
1.32823
1.32826
1.32828
1.3283
1.32831
1.32832
1.32833
1.32833
1.32833
1.32832
1.3283
1.32828
1.32826
1.32823
1.32819
1.32815
1.3281
1.32804
1.32798
1.32792
1.32784
1.32776
1.32768
1.32759
1.32749
1.32739
1.32728
1.32717
1.32705
1.32692
1.32679
1.32666
1.32653
1.32639
1.32625
1.3261
1.32595
1.32581
1.32566
1.3255
1.32535
1.3252
1.32505
1.32491
1.32476
1.32462
1.32447
1.32434
1.3242
1.32407
1.32395
1.32383
1.32372
1.32361
1.32351
1.32342
1.32333
1.32325
1.32318
1.32312
1.32306
1.32301
1.32297
1.32293
1.32291
1.32289
1.32287
1.32286
1.32285
1.32285
1.32286
1.32286
1.32287
1.32287
1.32288
1.32289
1.3229
1.3229
1.3229
1.3229
1.32289
1.32288
1.32287
1.32284
1.32281
1.32278
1.32273
1.32268
1.32262
1.32256
1.32248
1.3224
1.32231
1.32221
1.3221
1.32199
1.32187
1.32175
1.32161
1.32148
1.32133
1.32119
1.32104
1.32088
1.32073
1.32057
1.32041
1.32025
1.32009
1.31993
1.31978
1.31962
1.31946
1.31931
1.31916
1.31902
1.31888
1.31874
1.3186
1.31848
1.31835
1.31824
1.31813
1.31802
1.31792
1.31783
1.31774
1.31766
1.31758
1.31752
1.31745
1.3174
1.31735
1.3173
1.31726
1.31722
1.31719
1.31716
1.31713
1.31711
1.31709
1.31707
1.31705
1.31704
1.31702
1.31701
1.31699
1.31698
1.31697
1.31696
1.31694
1.31693
1.31692
1.31691
1.3169
1.3169
1.31689
1.31689
1.31689
1.31689
1.3169
1.31691
1.31692
1.31694
1.31697
1.317
1.31704
1.31708
1.31713
1.31718
1.31724
1.31731
1.31739
1.31747
1.31755
1.31765
1.31775
1.31785
1.31796
1.31807
1.31819
1.31832
1.31844
1.31857
1.31871
1.31884
1.31898
1.31912
1.31926
1.3194
1.31954
1.31969
1.31983
1.31997
1.32011
1.32025
1.32038
1.32051
1.32065
1.32077
1.3209
1.32102
1.32114
1.32125
1.32136
1.32146
1.32156
1.32165
1.32174
1.32182
1.3219
1.32196
1.32203
1.32208
1.32213
1.32217
1.3222
1.32223
1.32225
1.32226
1.32226
1.32225
1.32224
1.32222
1.32219
1.32215
1.3221
1.32205
1.32199
1.32192
1.32185
1.32177
1.32168
1.32158
1.32148
1.32138
1.32127
1.32115
1.32104
1.32092
1.32079
1.32067
1.32054
1.32042
1.32029
1.32017
1.32004
1.31992
1.3198
1.31969
1.31958
1.31947
1.31937
1.31928
1.31919
1.31911
1.31903
1.31896
1.3189
1.31885
1.3188
1.31876
1.31873
1.3187
1.31868
1.31867
1.31867
1.31868
1.31869
1.31871
1.31873
1.31877
1.3188
1.31885
1.31889
1.31895
1.319
1.31907
1.31913
1.31919
1.31926
1.31933
1.3194
1.31947
1.31954
1.31961
1.31968
1.31974
1.3198
1.31986
1.31992
1.31997
1.32002
1.32007
1.32011
1.32015
1.32018
1.32021
1.32023
1.32024
1.32026
1.32026
1.32027
1.32026
1.32026
1.32025
1.32023
1.32021
1.32018
1.32016
1.32013
1.32009
1.32006
1.32002
1.31998
1.31994
1.3199
1.31985
1.31981
1.31977
1.31974
1.3197
1.31967
1.31964
1.31961
1.31958
1.31956
1.31955
1.31954
1.31953
1.31953
1.31953
1.31954
1.31956
1.31957
1.3196
1.31963
1.31966
1.3197
1.31974
1.31979
1.31984
1.31989
1.31995
1.32001
1.32007
1.32014
1.32021
1.32028
1.32036
1.32043
1.32051
1.32059
1.32067
1.32075
1.32084
1.32092
1.321
1.32109
1.32117
1.32125
1.32134
1.32142
1.32151
1.32159
1.32167
1.32175
1.32183
1.3219
1.32198
1.32205
1.32212
1.32219
1.32226
1.32232
1.32238
1.32244
1.32249
1.32254
1.32259
1.32263
1.32267
1.32271
1.32274
1.32277
1.32279
1.32281
1.32283
1.32284
1.32285
1.32285
1.32285
1.32285
1.32285
1.32284
1.32282
1.32281
1.32279
1.32277
1.32274
1.32271
1.32268
1.32264
1.3226
1.32256
1.32251
1.32246
1.3224
1.32234
1.32228
1.32221
1.32214
1.32207
1.32199
1.3219
1.32182
1.32173
1.32163
1.32154
1.32144
1.32133
1.32123
1.32112
1.32101
1.32089
1.32077
1.32066
1.32053
1.32041
1.32029
1.32016
1.32004
1.31991
1.31978
1.31965
1.31952
1.31939
1.31926
1.31914
1.31901
1.31889
1.31876
1.31864
1.31853
1.31841
1.3183
1.31819
1.31809
1.31799
1.3179
1.31781
1.31773
1.31766
1.3176
1.31754
1.31749
1.31744
1.31741
1.31739
1.31737
1.31737
1.31737
1.31738
1.31741
1.31744
1.31748
1.31753
1.31759
1.31766
1.31774
1.31783
1.31793
1.31803
1.31814
1.31826
1.31838
1.31852
1.31865
1.31879
1.31894
1.31909
1.31925
1.3194
1.31956
1.31973
1.31989
1.32006
1.32023
1.3204
1.32057
1.32074
1.32091
1.32107
1.32124
1.32141
1.32158
1.32174
1.3219
1.32206
1.32221
1.32237
1.32252
1.32266
1.3228
1.32294
1.32307
1.3232
1.32332
1.32344
1.32355
1.32365
1.32375
1.32384
1.32393
1.32401
1.32408
1.32415
1.32421
1.32426
1.32431
1.32435
1.32438
1.32441
1.32443
1.32445
1.32446
1.32447
1.32447
1.32447
1.32446
1.32445
1.32443
1.32441
1.32439
1.32437
1.32434
1.32431
1.32428
1.32425
1.32421
1.32418
1.32414
1.3241
1.32406
1.32402
1.32398
1.32394
1.3239
1.32385
1.32381
1.32377
1.32372
1.32368
1.32364
1.32359
1.32355
1.3235
1.32346
1.32341
1.32337
1.32332
1.32328
1.32323
1.32319
1.32314
1.3231
1.32305
1.32301
1.32296
1.32292
1.32288
1.32283
1.32279
1.32275
1.32271
1.32267
1.32263
1.32259
1.32255
1.32251
1.32248
1.32244
1.3224
1.32237
1.32233
1.3223
1.32227
1.32224
1.3222
1.32217
1.32215
1.32212
1.32209
1.32207
1.32205
1.32203
1.32201
1.322
1.32199
1.32199
1.32199
1.32199
1.322
1.32202
1.32204
1.32207
1.3221
1.32214
1.32219
1.32224
1.32231
1.32238
1.32246
1.32255
1.32264
1.32274
1.32286
1.32298
1.32311
1.32324
1.32339
1.32354
1.3237
1.32387
1.32404
1.32422
1.32441
1.32461
1.32481
1.32502
1.32523
1.32545
1.32567
1.3259
1.32613
1.32636
1.32659
1.32683
1.32707
1.32731
1.32755
1.32778
1.32802
1.32825
1.32848
1.32871
1.32893
1.32914
1.32935
1.32955
1.32974
1.32992
1.3301
1.33026
1.33041
1.33054
1.33067
1.33078
1.33088
1.33096
1.33103
1.33108
1.33112
1.33114
1.33115
1.33115
1.33113
1.33109
1.33105
1.33099
1.33092
1.33083
1.33073
1.33063
1.33051
1.33039
1.33025
1.33011
1.32996
1.3298
1.32964
1.32947
1.3293
1.32913
1.32895
1.32877
1.32859
1.3284
1.32822
1.32804
1.32786
1.32767
1.3275
1.32732
1.32714
1.32697
1.32681
1.32664
1.32648
1.32633
1.32618
1.32603
1.32589
1.32576
1.32563
1.32551
1.3254
1.32529
1.32519
1.32509
1.32501
1.32492
1.32485
1.32478
1.32473
1.32467
1.32463
1.32459
1.32456
1.32453
1.32451
1.3245
1.32449
1.32449
1.32449
1.3245
1.32451
1.32453
1.32455
1.32458
1.32461
1.32464
1.32468
1.32472
1.32476
1.3248
1.32485
1.3249
1.32495
1.325
1.32506
1.32511
1.32517
1.32523
1.32529
1.32535
1.32541
1.32547
1.32553
1.3256
1.32566
1.32572
1.32579
1.32585
1.32592
1.32598
1.32604
1.32611
1.32617
1.32623
1.32629
1.32635
1.32641
1.32647
1.32653
1.32659
1.32664
1.3267
1.32675
1.3268
1.32685
1.32689
1.32694
1.32698
1.32702
1.32705
1.32709
1.32712
1.32715
1.32718
1.3272
1.32723
1.32725
1.32726
1.32728
1.32729
1.32731
1.32732
1.32733
1.32733
1.32734
1.32735
1.32736
1.32736
1.32737
1.32738
1.32739
1.3274
1.32741
1.32743
1.32744
1.32747
1.32749
1.32751
1.32754
1.32758
1.32761
1.32765
1.3277
1.32774
1.32779
1.32784
1.3279
1.32796
1.32801
1.32808
1.32814
1.3282
1.32827
1.32833
1.3284
1.32847
1.32853
1.3286
1.32866
1.32873
1.32879
1.32885
1.32891
1.32896
1.32902
1.32907
1.32912
1.32916
1.32921
1.32925
1.32928
1.32931
1.32934
1.32937
1.32938
1.3294
1.32941
1.32942
1.32942
1.32941
1.3294
1.32939
1.32937
1.32934
1.32931
1.32927
1.32923
1.32918
1.32912
1.32906
1.32899
1.32892
1.32883
1.32875
1.32865
1.32855
1.32844
1.32833
1.32821
1.32809
1.32796
1.32783
1.32769
1.32755
1.3274
1.32725
1.3271
1.32694
1.32678
1.32662
1.32646
1.3263
1.32614
1.32598
1.32582
1.32566
1.3255
1.32534
1.32519
1.32504
1.3249
1.32475
1.32462
1.32448
1.32436
1.32423
1.32412
1.32401
1.3239
1.3238
1.32371
1.32363
1.32355
1.32348
1.32341
1.32336
1.32331
1.32327
1.32323
1.3232
1.32318
1.32317
1.32316
1.32316
1.32316
1.32317
1.32319
1.32321
1.32324
1.32326
1.3233
1.32334
1.32338
1.32342
1.32347
1.32351
1.32356
1.32361
1.32366
1.32372
1.32377
1.32382
1.32387
1.32391
1.32396
1.324
1.32405
1.32408
1.32412
1.32415
1.32418
1.3242
1.32422
1.32423
1.32424
1.32425
1.32424
1.32424
1.32423
1.32421
1.32419
1.32416
1.32413
1.32409
1.32405
1.32401
1.32396
1.32391
1.32385
1.32379
1.32373
1.32367
1.32361
1.32354
1.32347
1.32341
1.32335
1.32328
1.32322
1.32316
1.32311
1.32306
1.32301
1.32296
1.32293
1.32289
1.32286
1.32284
1.32282
1.3228
1.32279
1.32279
1.32279
1.32279
1.32279
1.3228
1.32281
1.32282
1.32283
1.32284
1.32286
1.32287
1.32288
1.32289
1.3229
1.3229
1.32291
1.32291
1.32291
1.3229
1.3229
1.32289
1.32287
1.32286
1.32284
1.32282
1.32279
1.32276
1.32273
1.3227
1.32266
1.32262
1.32257
1.32252
1.32247
1.32241
1.32235
1.32228
1.32222
1.32214
1.32207
1.32199
1.32191
1.32182
1.32173
1.32164
1.32154
1.32145
1.32135
1.32125
1.32115
1.32104
1.32094
1.32083
1.32073
1.32062
1.32052
1.32042
1.32031
1.32021
1.32011
1.32001
1.31991
1.31981
1.31972
1.31962
1.31953
1.31944
1.31935
1.31927
1.31919
1.31911
1.31903
1.31896
1.31889
1.31882
1.31876
1.31871
1.31866
1.31861
1.31857
1.31854
1.31851
1.31849
1.31848
1.31847
1.31847
1.31848
1.3185
1.31852
1.31856
1.3186
1.31865
1.3187
1.31876
1.31883
1.31891
1.31899
1.31908
1.31918
1.31928
1.31939
1.31951
1.31963
1.31975
1.31989
1.32002
1.32016
1.32031
1.32046
1.32062
1.32077
1.32094
1.3211
1.32127
1.32144
1.32162
1.3218
1.32198
1.32216
1.32234
1.32253
1.32271
1.3229
1.32308
1.32327
1.32345
1.32364
1.32382
1.324
1.32418
1.32436
1.32453
1.3247
1.32487
1.32503
1.32519
1.32535
1.3255
1.32565
1.32579
1.32593
1.32606
1.32619
1.32631
1.32643
1.32654
1.32665
1.32675
1.32685
1.32694
1.32703
1.32711
1.32719
1.32727
1.32734
1.32741
1.32747
1.32753
1.32759
1.32765
1.32771
1.32776
1.32781
1.32786
1.32791
1.32796
1.32801
1.32806
1.3281
1.32815
1.32819
1.32824
1.32829
1.32833
1.32838
1.32842
1.32847
1.32851
1.32856
1.32861
1.32866
1.32871
1.32875
1.32881
1.32886
1.32891
1.32896
1.32902
1.32908
1.32913
1.32919
1.32926
1.32932
1.32938
1.32945
1.32951
1.32958
1.32965
1.32972
1.32979
1.32985
1.32992
1.32999
1.33006
1.33012
1.33018
1.33024
1.3303
1.33036
1.33041
1.33046
1.3305
1.33054
1.33058
1.33061
1.33064
1.33067
1.33069
1.3307
1.33072
1.33073
1.33074
1.33074
1.33074
1.33074
1.33074
1.33074
1.33074
1.33073
1.33073
1.33072
1.33072
1.33072
1.33072
1.33072
1.33072
1.33072
1.33072
1.33072
1.33073
1.33073
1.33074
1.33075
1.33075
1.33076
1.33076
1.33076
1.33076
1.33076
1.33076
1.33075
1.33073
1.33071
1.33069
1.33066
1.33062
1.33058
1.33053
1.33047
1.33041
1.33033
1.33026
1.33017
1.33008
1.32997
1.32987
1.32975
1.32963
1.32951
1.32938
1.32924
1.3291
1.32896
1.32881
1.32866
1.3285
1.32835
1.32819
1.32803
1.32787
1.32771
1.32755
1.32739
1.32722
1.32707
1.32691
1.32675
1.3266
1.32644
1.3263
1.32615
1.32601
1.32587
1.32574
1.32561
1.32549
1.32537
1.32526
1.32516
1.32506
1.32497
1.32488
1.3248
1.32473
1.32466
1.3246
1.32455
1.32451
1.32447
1.32444
1.32441
1.32439
1.32438
1.32437
1.32437
1.32437
1.32438
1.32439
1.32441
1.32443
1.32446
1.32449
1.32452
1.32455
1.32459
1.32463
1.32467
1.32471
1.32476
1.3248
1.32485
1.3249
1.32494
1.32499
1.32504
1.32508
1.32513
1.32517
1.32521
1.32525
1.32529
1.32532
1.32536
1.32539
1.32542
1.32544
1.32546
1.32548
1.3255
1.32551
1.32551
1.32552
1.32552
1.32551
1.3255
1.32549
1.32547
1.32545
1.32542
1.32539
1.32536
1.32532
1.32528
1.32523
1.32518
1.32512
1.32506
1.325
1.32493
1.32487
1.32479
1.32472
1.32465
1.32457
1.32449
1.32441
1.32434
1.32426
1.32418
1.3241
1.32403
1.32396
1.32389
1.32382
1.32376
1.3237
1.32364
1.32359
1.32354
1.32349
1.32344
1.3234
1.32336
1.32333
1.32329
1.32326
1.32323
1.3232
1.32317
1.32314
1.32311
1.32307
1.32304
1.323
1.32296
1.32292
1.32288
1.32284
1.32279
1.32274
1.32268
1.32263
1.32257
1.32251
1.32244
1.32238
1.32231
1.32224
1.32218
1.32211
1.32204
1.32197
1.3219
1.32184
1.32177
1.32171
1.32165
1.32159
1.32153
1.32148
1.32143
1.32138
1.32134
1.32129
1.32125
1.32121
1.32118
1.32114
1.3211
1.32107
1.32104
1.321
1.32097
1.32093
1.3209
1.32086
1.32081
1.32077
1.32072
1.32067
1.32061
1.32055
1.32049
1.32042
1.32034
1.32027
1.32018
1.3201
1.32001
1.31992
1.31982
1.31972
1.31963
1.31953
1.31942
1.31932
1.31922
1.31912
1.31903
1.31893
1.31884
1.31876
1.31868
1.3186
1.31854
1.31848
1.31842
1.31838
1.31834
1.31831
1.31829
1.31828
1.31828
1.31829
1.3183
1.31833
1.31836
1.31841
1.31846
1.31852
1.31858
1.31865
1.31873
1.31881
1.3189
1.31899
1.31909
1.31918
1.31928
1.31938
1.31947
1.31957
1.31967
1.31976
1.31986
1.31995
1.32004
1.32012
1.32021
1.32029
1.32037
1.32044
1.32052
1.32059
1.32067
1.32074
1.32081
1.32088
1.32096
1.32103
1.32111
1.32119
1.32127
1.32136
1.32145
1.32154
1.32164
1.32174
1.32185
1.32196
1.32208
1.3222
1.32232
1.32245
1.32258
1.32271
1.32285
1.32299
1.32313
1.32327
1.32341
1.32355
1.32369
1.32383
1.32397
1.3241
1.32423
1.32436
1.32449
1.32461
1.32472
1.32483
1.32494
1.32503
1.32513
1.32521
1.32529
1.32537
1.32543
1.32549
1.32555
1.3256
1.32564
1.32567
1.32571
1.32573
1.32575
1.32576
1.32577
1.32578
1.32578
1.32578
1.32577
1.32576
1.32574
1.32572
1.3257
1.32568
1.32566
1.32563
1.3256
1.32557
1.32553
1.3255
1.32546
1.32543
1.32539
1.32535
1.32531
1.32527
1.32522
1.32518
1.32514
1.32509
1.32505
1.325
1.32496
1.32491
1.32486
1.32481
1.32477
1.32472
1.32467
1.32461
1.32456
1.32451
1.32445
1.3244
1.32434
1.32429
1.32423
1.32417
1.32411
1.32405
1.32399
1.32393
1.32387
1.3238
1.32374
1.32367
1.3236
1.32353
1.32346
1.32339
1.32331
1.32324
1.32316
1.32308
1.323
1.32292
1.32284
1.32276
1.32268
1.3226
1.32252
1.32244
1.32236
1.32228
1.3222
1.32213
1.32205
1.32198
1.32191
1.32184
1.32178
1.32172
1.32166
1.32161
1.32156
1.32152
1.32147
1.32144
1.3214
1.32137
1.32135
1.32133
1.32131
1.32129
1.32128
1.32128
1.32128
1.32128
1.32128
1.32129
1.3213
1.32131
1.32133
1.32135
1.32137
1.32139
1.32141
1.32143
1.32146
1.32148
1.32151
1.32153
1.32155
1.32158
1.3216
1.32162
1.32164
1.32165
1.32167
1.32168
1.32169
1.3217
1.3217
1.32171
1.32171
1.32171
1.3217
1.32169
1.32168
1.32167
1.32166
1.32164
1.32162
1.3216
1.32157
1.32155
1.32152
1.32149
1.32145
1.32141
1.32138
1.32133
1.32129
1.32124
1.3212
1.32114
1.32109
1.32104
1.32098
1.32092
1.32086
1.32079
1.32073
1.32066
1.32059
1.32052
1.32045
1.32038
1.32031
1.32023
1.32016
1.32009
1.32002
1.31994
1.31987
1.3198
1.31973
1.31966
1.3196
1.31953
1.31947
1.31941
1.31935
1.31929
1.31924
1.31918
1.31913
1.31909
1.31904
1.319
1.31897
1.31893
1.3189
1.31887
1.31885
1.31883
1.31881
1.3188
1.31879
1.31878
1.31877
1.31877
1.31877
1.31878
1.31878
1.31879
1.3188
1.31881
1.31882
1.31883
1.31884
1.31886
1.31887
1.31888
1.31889
1.31889
1.3189
1.3189
1.3189
1.3189
1.3189
1.31889
1.31888
1.31886
1.31885
1.31883
1.3188
1.31877
1.31874
1.31871
1.31867
1.31863
1.31859
1.31854
1.31849
1.31844
1.31839
1.31833
1.31827
1.31821
1.31814
1.31808
1.31801
1.31794
1.31787
1.3178
1.31773
1.31765
1.31758
1.3175
1.31743
1.31736
1.31729
1.31721
1.31715
1.31708
1.31702
1.31696
1.3169
1.31685
1.3168
1.31676
1.31672
1.31669
1.31667
1.31665
1.31664
1.31663
1.31664
1.31665
1.31666
1.31669
1.31672
1.31676
1.31681
1.31687
1.31693
1.317
1.31707
1.31716
1.31725
1.31735
1.31745
1.31756
1.31768
1.3178
1.31793
1.31806
1.3182
1.31834
1.31849
1.31864
1.31879
1.31895
1.31911
1.31928
1.31944
1.31961
1.31978
1.31995
1.32013
1.3203
1.32048
1.32066
1.32084
1.32102
1.3212
1.32138
1.32156
1.32174
1.32192
1.32211
1.32229
1.32247
1.32265
1.32283
1.32301
1.32319
1.32337
1.32354
1.32372
1.32389
1.32406
1.32423
1.3244
1.32456
1.32472
1.32487
1.32502
1.32516
1.3253
1.32544
1.32557
1.32569
1.3258
1.32591
1.32601
1.3261
1.32619
1.32627
1.32634
1.3264
1.32645
1.3265
1.32653
1.32656
1.32658
1.32659
1.32659
1.32659
1.32657
1.32655
1.32651
1.32647
1.32642
1.32637
1.3263
1.32623
1.32616
1.32607
1.32598
1.32588
1.32578
1.32567
1.32555
1.32543
1.3253
1.32517
1.32503
1.32489
1.32474
1.32459
1.32443
1.32426
1.32409
1.32391
1.32373
1.32355
1.32336
1.32316
1.32296
1.32276
1.32255
1.32234
1.32213
1.32192
1.32171
1.32149
1.32128
1.32107
1.32086
1.32065
1.32045
1.32025
1.32005
1.31987
1.31969
1.31951
1.31935
1.31919
1.31904
1.3189
1.31877
1.31865
1.31854
1.31844
1.31835
1.31827
1.3182
1.31814
1.3181
1.31806
1.31803
1.31801
1.318
1.31799
1.318
1.31801
1.31804
1.31806
1.3181
1.31814
1.31819
1.31825
1.31831
1.31838
1.31845
1.31853
1.31861
1.3187
1.31879
1.31888
1.31898
1.31908
1.31919
1.31929
1.31941
1.31952
1.31964
1.31976
1.31988
1.32
1.32013
1.32026
1.32039
1.32053
1.32066
1.3208
1.32095
1.32109
1.32124
1.32139
1.32155
1.32171
1.32187
1.32204
1.32221
1.32238
1.32256
1.32274
1.32292
1.32311
1.3233
1.32349
1.32368
1.32388
1.32408
1.32428
1.32448
1.32468
1.32488
1.32508
1.32527
1.32546
1.32565
1.32584
1.32602
1.32619
1.32636
1.32652
1.32667
1.32681
1.32694
1.32706
1.32717
1.32727
1.32735
1.32742
1.32747
1.32751
1.32754
1.32755
1.32755
1.32753
1.32749
1.32745
1.32738
1.3273
1.32721
1.32711
1.32699
1.32686
1.32671
1.32656
1.3264
1.32622
1.32604
1.32585
1.32566
1.32545
1.32525
1.32504
1.32482
1.32461
1.32439
1.32417
1.32396
1.32374
1.32353
1.32331
1.32311
1.3229
1.3227
1.3225
1.32231
1.32212
1.32194
1.32177
1.3216
1.32144
1.32129
1.32114
1.321
1.32087
1.32075
1.32064
1.32053
1.32043
1.32034
1.32025
1.32017
1.3201
1.32003
1.31997
1.31992
1.31987
1.31982
1.31978
1.31974
1.3197
1.31966
1.31963
1.3196
1.31957
1.31954
1.31951
1.31948
1.31945
1.31942
1.31939
1.31936
1.31933
1.3193
1.31926
1.31923
1.31919
1.31915
1.31912
1.31908
1.31904
1.31899
1.31895
1.3189
1.31885
1.3188
1.31875
1.3187
1.31864
1.31859
1.31853
1.31846
1.3184
1.31833
1.31826
1.31819
1.31811
1.31803
1.31795
1.31787
1.31778
1.31769
1.3176
1.3175
1.3174
1.3173
1.3172
1.31709
1.31698
1.31687
1.31676
1.31665
1.31653
1.31642
1.31631
1.31619
1.31608
1.31597
1.31586
1.31575
1.31565
1.31554
1.31545
1.31535
1.31526
1.31517
1.31509
1.31501
1.31494
1.31488
1.31482
1.31476
1.31472
1.31468
1.31464
1.31461
1.31459
1.31458
1.31457
1.31456
1.31456
1.31457
1.31458
1.3146
1.31462
1.31464
1.31467
1.31471
1.31474
1.31478
1.31482
1.31487
1.31492
1.31497
1.31502
1.31507
1.31513
1.31519
1.31525
1.31531
1.31537
1.31544
1.3155
1.31557
1.31565
1.31572
1.3158
1.31588
1.31596
1.31604
1.31613
1.31622
1.31632
1.31642
1.31652
1.31663
1.31674
1.31685
1.31696
1.31708
1.31721
1.31733
1.31746
1.31758
1.31771
1.31784
1.31797
1.3181
1.31823
1.31835
1.31848
1.3186
1.31872
1.31883
1.31894
1.31904
1.31915
1.31924
1.31933
1.31942
1.31949
1.31957
1.31964
1.3197
1.31976
1.31981
1.31986
1.31991
1.31995
1.31999
1.32002
1.32005
1.32009
1.32012
1.32015
1.32018
1.32021
1.32024
1.32027
1.32031
1.32034
1.32039
1.32043
1.32048
1.32053
1.32059
1.32065
1.32071
1.32078
1.32086
1.32094
1.32103
1.32112
1.32122
1.32133
1.32144
1.32155
1.32167
1.3218
1.32193
1.32207
1.32221
1.32235
1.3225
1.32266
1.32281
1.32298
1.32314
1.32331
1.32348
1.32366
1.32383
1.32401
1.32419
1.32437
1.32456
1.32474
1.32492
1.32511
1.32529
1.32547
1.32566
1.32584
1.32601
1.32619
1.32636
1.32653
1.3267
1.32686
1.32702
1.32717
1.32732
1.32746
1.3276
1.32774
1.32787
1.32799
1.32811
1.32822
1.32833
1.32844
1.32854
1.32863
1.32872
1.32881
1.32889
1.32897
1.32904
1.32911
1.32917
1.32923
1.32929
1.32934
1.32939
1.32944
1.32948
1.32952
1.32955
1.32958
1.32961
1.32963
1.32965
1.32967
1.32968
1.32969
1.32969
1.32969
1.32969
1.32968
1.32967
1.32966
1.32965
1.32963
1.3296
1.32958
1.32955
1.32952
1.32949
1.32945
1.32941
1.32937
1.32933
1.32928
1.32924
1.32919
1.32914
1.32909
1.32903
1.32898
1.32893
1.32887
1.32881
1.32875
1.3287
1.32864
1.32858
1.32852
1.32845
1.32839
1.32833
1.32827
1.32821
1.32815
1.32808
1.32802
1.32796
1.3279
1.32784
1.32778
1.32772
1.32766
1.32761
1.32755
1.3275
1.32745
1.3274
1.32735
1.3273
1.32726
1.32722
1.32718
1.32714
1.32711
1.32708
1.32705
1.32703
1.32701
1.327
1.32699
1.32698
1.32698
1.32698
1.32698
1.32699
1.32701
1.32702
1.32704
1.32707
1.32709
1.32712
1.32715
1.32719
1.32722
1.32725
1.32729
1.32732
1.32736
1.32739
1.32742
1.32745
1.32748
1.3275
1.32753
1.32755
1.32756
1.32758
1.32759
1.32759
1.32759
1.32759
1.32759
1.32758
1.32757
1.32755
1.32753
1.32751
1.32748
1.32745
1.32741
1.32738
1.32733
1.32729
1.32724
1.32719
1.32714
1.32708
1.32702
1.32695
1.32688
1.32681
1.32674
1.32666
1.32658
1.32649
1.3264
1.32631
1.32622
1.32612
1.32602
1.32591
1.3258
1.32569
1.32558
1.32546
1.32534
1.32522
1.32509
1.32497
1.32484
1.32471
1.32458
1.32445
1.32432
1.32418
1.32405
1.32392
1.32379
1.32366
1.32353
1.3234
1.32327
1.32315
1.32303
1.32292
1.3228
1.32269
1.32259
1.32249
1.32239
1.32229
1.3222
1.32211
1.32203
1.32194
1.32186
1.32178
1.3217
1.32162
1.32154
1.32145
1.32137
1.32128
1.32119
1.3211
1.321
1.3209
1.3208
1.32069
1.32057
1.32046
1.32033
1.32021
1.32008
1.31995
1.31982
1.31969
1.31956
1.31943
1.3193
1.31917
1.31905
1.31893
1.31882
1.31871
1.31861
1.31851
1.31843
1.31835
1.31828
1.31823
1.31818
1.31814
1.31811
1.31809
1.31807
1.31807
1.31808
1.31809
1.31811
1.31814
1.31817
1.31821
1.31826
1.3183
1.31836
1.31841
1.31847
1.31853
1.31859
1.31865
1.31871
1.31877
1.31883
1.31889
1.31894
1.319
1.31905
1.3191
1.31914
1.31918
1.31922
1.31925
1.31929
1.31931
1.31934
1.31936
1.31937
1.31939
1.3194
1.3194
1.31941
1.31941
1.31941
1.3194
1.31939
1.31938
1.31937
1.31936
1.31934
1.31932
1.3193
1.31928
1.31925
1.31923
1.3192
1.31917
1.31914
1.31911
1.31908
1.31905
1.31902
1.31899
1.31896
1.31893
1.3189
1.31887
1.31884
1.31882
1.31879
1.31877
1.31876
1.31874
1.31873
1.31872
1.31871
1.3187
1.3187
1.3187
1.31871
1.31872
1.31873
1.31874
1.31875
1.31877
1.31879
1.3188
1.31882
1.31884
1.31886
1.31888
1.3189
1.31892
1.31894
1.31895
1.31896
1.31897
1.31898
1.31898
1.31898
1.31898
1.31897
1.31896
1.31895
1.31893
1.3189
1.31888
1.31885
1.31881
1.31877
1.31873
1.31869
1.31864
1.31859
1.31854
1.31848
1.31843
1.31837
1.31831
1.31825
1.3182
1.31814
1.31808
1.31802
1.31797
1.31791
1.31786
1.31781
1.31776
1.31771
1.31766
1.31761
1.31757
1.31752
1.31748
1.31744
1.3174
1.31736
1.31731
1.31727
1.31723
1.31719
1.31715
1.31712
1.31708
1.31704
1.317
1.31696
1.31691
1.31687
1.31683
1.31679
1.31675
1.31671
1.31668
1.31664
1.3166
1.31656
1.31652
1.31649
1.31645
1.31641
1.31638
1.31634
1.31631
1.31628
1.31624
1.31621
1.31618
1.31615
1.31612
1.31608
1.31605
1.31602
1.31599
1.31596
1.31593
1.3159
1.31586
1.31583
1.3158
1.31576
1.31573
1.3157
1.31566
1.31563
1.31559
1.31555
1.31552
1.31548
1.31544
1.3154
1.31536
1.31532
1.31528
1.31524
1.31519
1.31515
1.31511
1.31506
1.31502
1.31497
1.31493
1.31488
1.31483
1.31478
1.31474
1.31469
1.31463
1.31458
1.31453
1.31447
1.31442
1.31436
1.3143
1.31424
1.31418
1.31411
1.31405
1.31398
1.31392
1.31385
1.31378
1.31372
1.31365
1.31358
1.31352
1.31345
1.31338
1.31332
1.31326
1.3132
1.31314
1.31309
1.31304
1.31299
1.31294
1.3129
1.31286
1.31283
1.3128
1.31277
1.31275
1.31272
1.31271
1.31269
1.31268
1.31268
1.31267
1.31267
1.31267
1.31268
1.31268
1.31269
1.31271
1.31272
1.31274
1.31276
1.31278
1.31281
1.31283
1.31286
1.31289
1.31293
1.31296
1.313
1.31304
1.31308
1.31313
1.31317
1.31322
1.31327
1.31332
1.31337
1.31343
1.31348
1.31354
1.31359
1.31365
1.31371
1.31377
1.31382
1.31388
1.31394
1.31399
1.31405
1.3141
1.31415
1.3142
1.31425
1.3143
1.31434
1.31439
1.31443
1.31447
1.31451
1.31454
1.31458
1.31461
1.31465
1.31468
1.31471
1.31474
1.31477
1.31481
1.31484
1.31487
1.31491
1.31495
1.31498
1.31503
1.31507
1.31511
1.31516
1.31521
1.31527
1.31533
1.31539
1.31545
1.31552
1.31559
1.31566
1.31573
1.31581
1.31589
1.31597
1.31605
1.31614
1.31622
1.31631
1.31639
1.31648
1.31656
1.31665
1.31673
1.31681
1.31688
1.31695
1.31702
1.31709
1.31715
1.3172
1.31725
1.3173
1.31734
1.31737
1.3174
1.31742
1.31744
1.31745
1.31745
1.31745
1.31744
1.31743
1.31741
1.31739
1.31736
1.31733
1.3173
1.31727
1.31723
1.3172
1.31717
1.31713
1.3171
1.31707
1.31704
1.31702
1.317
1.31699
1.31698
1.31698
1.31698
1.317
1.31702
1.31704
1.31708
1.31712
1.31718
1.31724
1.31731
1.31739
1.31748
1.31758
1.31769
1.3178
1.31793
1.31807
1.31821
1.31836
1.31852
1.31869
1.31886
1.31904
1.31923
1.31942
1.31962
1.31982
1.32003
1.32025
1.32046
1.32068
1.32091
1.32113
1.32136
1.32159
1.32182
1.32205
1.32229
1.32252
1.32276
1.32299
1.32323
1.32346
1.32369
1.32392
1.32414
1.32437
1.32459
1.32481
1.32502
1.32522
1.32543
1.32562
1.32581
1.32599
1.32617
1.32633
1.32649
1.32664
1.32678
1.3269
1.32702
1.32713
1.32723
1.32732
1.3274
1.32747
1.32753
1.32758
1.32763
1.32766
1.32768
1.3277
1.32771
1.32772
1.32771
1.3277
1.32769
1.32767
1.32764
1.32762
1.32758
1.32755
1.32751
1.32747
1.32742
1.32738
1.32733
1.32728
1.32723
1.32717
1.32712
1.32706
1.327
1.32694
1.32687
1.32681
1.32674
1.32667
1.3266
1.32652
1.32645
1.32637
1.32629
1.3262
1.32612
1.32603
1.32594
1.32584
1.32575
1.32565
1.32555
1.32544
1.32534
1.32523
1.32511
1.325
1.32488
1.32477
1.32465
1.32452
1.3244
1.32427
1.32414
1.32401
1.32388
1.32375
1.32362
1.32348
1.32335
1.32322
1.32308
1.32295
1.32281
1.32268
1.32255
1.32242
1.32229
1.32217
1.32204
1.32192
1.32181
1.32169
1.32158
1.32148
1.32137
1.32127
1.32118
1.32109
1.321
1.32092
1.32084
1.32077
1.3207
1.32064
1.32058
1.32052
1.32047
1.32043
1.32039
1.32035
1.32032
1.32029
1.32026
1.32024
1.32023
1.32022
1.32021
1.32021
1.32021
1.32021
1.32022
1.32024
1.32026
1.32028
1.32031
1.32035
1.32038
1.32043
1.32048
1.32053
1.32059
1.32065
1.32071
1.32078
1.32086
1.32093
1.32101
1.3211
1.32118
1.32127
1.32136
1.32145
1.32154
1.32163
1.32173
1.32182
1.32191
1.322
1.32209
1.32218
1.32227
1.32235
1.32244
1.32252
1.3226
1.32269
1.32276
1.32284
1.32292
1.323
1.32308
1.32315
1.32323
1.32331
1.32338
1.32346
1.32354
1.32362
1.3237
1.32378
1.32386
1.32394
1.32402
1.3241
1.32418
1.32426
1.32433
1.32441
1.32449
1.32457
1.32464
1.32472
1.32479
1.32486
1.32493
1.32499
1.32506
1.32512
1.32518
1.32523
1.32528
1.32533
1.32538
1.32542
1.32546
1.3255
1.32553
1.32556
1.32559
1.32562
1.32565
1.32567
1.32569
1.32571
1.32573
1.32575
1.32577
1.32579
1.32582
1.32584
1.32586
1.32589
1.32591
1.32594
1.32597
1.32601
1.32604
1.32608
1.32612
1.32617
1.32621
1.32626
1.32631
1.32636
1.32642
1.32647
1.32653
1.32659
1.32665
1.32671
1.32678
1.32684
1.3269
1.32697
1.32703
1.32709
1.32715
1.32721
1.32727
1.32733
1.32739
1.32744
1.3275
1.32755
1.32759
1.32764
1.32768
1.32772
1.32775
1.32778
1.32781
1.32783
1.32785
1.32787
1.32788
1.32789
1.3279
1.32791
1.32791
1.32791
1.3279
1.3279
1.32789
1.32789
1.32788
1.32787
1.32787
1.32786
1.32785
1.32785
1.32785
1.32785
1.32785
1.32786
1.32787
1.32788
1.3279
1.32792
1.32795
1.32798
1.32801
1.32805
1.32809
1.32814
1.32818
1.32824
1.32829
1.32835
1.32841
1.32847
1.32853
1.32859
1.32865
1.32871
1.32877
1.32883
1.32889
1.32894
1.329
1.32904
1.32909
1.32913
1.32917
1.3292
1.32923
1.32925
1.32927
1.32928
1.32928
1.32929
1.32928
1.32927
1.32926
1.32924
1.32921
1.32918
1.32915
1.32911
1.32906
1.32901
1.32896
1.3289
1.32884
1.32877
1.3287
1.32863
