1.4
1.39998
1.39995
1.3999
1.39984
1.39976
1.39967
1.39956
1.39945
1.39931
1.39916
1.399
1.39883
1.39864
1.39843
1.39821
1.39798
1.39774
1.39749
1.39722
1.39694
1.39664
1.39634
1.39602
1.3957
1.39536
1.39501
1.39465
1.39429
1.39391
1.39353
1.39313
1.39273
1.39232
1.39191
1.39148
1.39105
1.39062
1.39018
1.38973
1.38928
1.38882
1.38836
1.3879
1.38743
1.38696
1.38649
1.38601
1.38553
1.38505
1.38457
1.38409
1.38361
1.38313
1.38264
1.38216
1.38168
1.3812
1.38072
1.38025
1.37977
1.3793
1.37883
1.37837
1.37791
1.37745
1.377
1.37655
1.3761
1.37566
1.37523
1.3748
1.37438
1.37396
1.37355
1.37314
1.37275
1.37235
1.37197
1.37159
1.37122
1.37085
1.3705
1.37015
1.36981
1.36947
1.36914
1.36882
1.36851
1.3682
1.3679
1.3676
1.36732
1.36704
1.36676
1.3665
1.36624
1.36598
1.36573
1.36549
1.36525
1.36502
1.3648
1.36457
1.36436
1.36415
1.36394
1.36374
1.36354
1.36335
1.36316
1.36297
1.36279
1.36262
1.36244
1.36227
1.36211
1.36195
1.36179
1.36163
1.36148
1.36133
1.36119
1.36104
1.36091
1.36077
1.36064
1.36051
1.36039
1.36027
1.36015
1.36004
1.35992
1.35982
1.35971
1.35961
1.35952
1.35942
1.35933
1.35925
1.35916
1.35908
1.35901
1.35894
1.35887
1.3588
1.35874
1.35868
1.35862
1.35857
1.35852
1.35847
1.35842
1.35838
1.35834
1.3583
1.35827
1.35824
1.3582
1.35818
1.35815
1.35812
1.3581
1.35807
1.35805
1.35803
1.35801
1.35799
1.35797
1.35795
1.35793
1.35792
1.3579
1.35788
1.35787
1.35785
1.35783
1.35781
1.3578
1.35778
1.35776
1.35774
1.35772
1.3577
1.35769
1.35767
1.35765
1.35763
1.3576
1.35758
1.35756
1.35754
1.35752
1.3575
1.35747
1.35745
1.35743
1.35741
1.35739
1.35736
1.35734
1.35732
1.3573
1.35728
1.35726
1.35724
1.35722
1.3572
1.35718
1.35716
1.35715
1.35713
1.35712
1.3571
1.35709
1.35708
1.35707
1.35706
1.35705
1.35704
1.35703
1.35703
1.35702
1.35702
1.35701
1.35701
1.35701
1.35701
1.35701
1.35701
1.35701
1.35701
1.35701
1.35701
1.35701
1.357
1.357
1.357
1.357
1.357
1.35699
1.35699
1.35698
1.35697
1.35696
1.35695
1.35694
1.35693
1.35691
1.3569
1.35688
1.35686
1.35683
1.35681
1.35678
1.35675
1.35672
1.35669
1.35666
1.35662
1.35658
1.35654
1.3565
1.35646
1.35641
1.35637
1.35632
1.35627
1.35622
1.35616
1.35611
1.35606
1.356
1.35594
1.35589
1.35583
1.35577
1.35571
1.35565
1.35559
1.35553
1.35547
1.35541
1.35535
1.3553
1.35524
1.35518
1.35512
1.35507
1.35501
1.35495
1.3549
1.35485
1.35479
1.35474
1.35469
1.35464
1.35459
1.35454
1.35449
1.35445
1.3544
1.35436
1.35432
1.35427
1.35423
1.35419
1.35416
1.35412
1.35408
1.35405
1.35401
1.35398
1.35395
1.35392
1.35389
1.35386
1.35383
1.3538
1.35378
1.35375
1.35373
1.35371
1.35368
1.35366
1.35364
1.35363
1.35361
1.35359
1.35358
1.35357
1.35355
1.35354
1.35353
1.35352
1.35351
1.35351
1.3535
1.35349
1.35349
1.35349
1.35349
1.35349
1.35349
1.35349
1.35349
1.35349
1.3535
1.3535
1.35351
1.35351
1.35352
1.35353
1.35353
1.35354
1.35355
1.35356
1.35357
1.35358
1.35359
1.3536
1.35362
1.35363
1.35364
1.35365
1.35366
1.35368
1.35369
1.3537
1.35372
1.35373
1.35374
1.35376
1.35377
1.35379
1.3538
1.35382
1.35383
1.35385
1.35387
1.35388
1.3539
1.35392
1.35394
1.35396
1.35398
1.354
1.35402
1.35404
1.35407
1.35409
1.35412
1.35414
1.35417
1.3542
1.35423
1.35426
1.3543
1.35433
1.35437
1.3544
1.35444
1.35448
1.35452
1.35456
1.3546
1.35464
1.35469
1.35473
1.35477
1.35482
1.35487
1.35492
1.35496
1.35501
1.35506
1.35511
1.35516
1.35521
1.35527
1.35532
1.35537
1.35542
1.35547
1.35553
1.35558
1.35563
1.35569
1.35574
1.3558
1.35585
1.3559
1.35596
1.35601
1.35607
1.35612
1.35617
1.35623
1.35628
1.35634
1.35639
1.35644
1.3565
1.35655
1.3566
1.35666
1.35671
1.35676
1.35681
1.35686
1.35692
1.35697
1.35702
1.35707
1.35712
1.35717
1.35721
1.35726
1.35731
1.35736
1.3574
1.35745
1.35749
1.35754
1.35758
1.35762
1.35767
1.35771
1.35775
1.35779
1.35783
1.35787
1.35791
1.35795
1.35798
1.35802
1.35806
1.35809
1.35813
1.35816
1.3582
1.35823
1.35826
1.3583
1.35833
1.35836
1.35839
1.35842
1.35845
1.35848
1.35851
1.35854
1.35856
1.35859
1.35861
1.35864
1.35866
1.35868
1.3587
1.35872
1.35874
1.35876
1.35878
1.35879
1.3588
1.35882
1.35883
1.35883
1.35884
1.35884
1.35885
1.35885
1.35885
1.35884
1.35884
1.35883
1.35883
1.35882
1.3588
1.35879
1.35878
1.35876
1.35874
1.35872
1.3587
1.35868
1.35865
1.35862
1.3586
1.35857
1.35854
1.35851
1.35847
1.35844
1.3584
1.35837
1.35833
1.35829
1.35826
1.35822
1.35818
1.35814
1.3581
1.35806
1.35802
1.35797
1.35793
1.35789
1.35785
1.3578
1.35776
1.35772
1.35767
1.35763
1.35759
1.35754
1.3575
1.35746
1.35741
1.35737
1.35732
1.35728
1.35724
1.35719
1.35715
1.35711
1.35706
1.35702
1.35698
1.35693
1.35689
1.35685
1.3568
1.35676
1.35672
1.35667
1.35663
1.35659
1.35655
1.3565
1.35646
1.35642
1.35638
1.35634
1.3563
1.35626
1.35622
1.35618
1.35615
1.35611
1.35607
1.35604
1.356
1.35597
1.35594
1.35591
1.35588
1.35586
1.35583
1.35581
1.35579
1.35577
1.35575
1.35574
1.35572
1.35571
1.3557
1.3557
1.35569
1.35569
1.35569
1.35569
1.3557
1.3557
1.35571
1.35572
1.35574
1.35576
1.35577
1.3558
1.35582
1.35585
1.35587
1.35591
1.35594
1.35597
1.35601
1.35605
1.35609
1.35613
1.35618
1.35622
1.35627
1.35632
1.35637
1.35642
1.35648
1.35653
1.35658
1.35664
1.3567
1.35676
1.35681
1.35687
1.35693
1.35699
1.35705
1.35712
1.35718
1.35724
1.3573
1.35736
1.35743
1.35749
1.35755
1.35761
1.35767
1.35774
1.3578
1.35786
1.35792
1.35798
1.35804
1.3581
1.35816
1.35822
1.35827
1.35833
1.35839
1.35844
1.3585
1.35855
1.3586
1.35866
1.35871
1.35876
1.35881
1.35886
1.3589
1.35895
1.359
1.35904
1.35908
1.35912
1.35916
1.3592
1.35924
1.35927
1.35931
1.35934
1.35937
1.3594
1.35942
1.35944
1.35946
1.35948
1.3595
1.35951
1.35952
1.35953
1.35954
1.35954
1.35954
1.35954
1.35953
1.35952
1.35951
1.3595
1.35948
1.35946
1.35943
1.35941
1.35938
1.35934
1.35931
1.35927
1.35922
1.35918
1.35913
1.35908
1.35903
1.35897
1.35891
1.35885
1.35879
1.35872
1.35865
1.35858
1.35851
1.35843
1.35836
1.35828
1.3582
1.35812
1.35803
1.35795
1.35786
1.35777
1.35768
1.35759
1.3575
1.3574
1.35731
1.35721
1.35712
1.35702
1.35692
1.35683
1.35673
1.35663
1.35653
1.35643
1.35633
1.35623
1.35614
1.35604
1.35594
1.35584
1.35575
1.35565
1.35556
1.35547
1.35538
1.35529
1.3552
1.35511
1.35502
1.35494
1.35486
1.35478
1.3547
1.35463
1.35456
1.35449
1.35442
1.35436
1.35429
1.35424
1.35418
1.35413
1.35408
1.35403
1.35399
1.35395
1.35391
1.35388
1.35385
1.35382
1.3538
1.35378
1.35376
1.35375
1.35374
1.35373
1.35373
1.35373
1.35373
1.35373
1.35374
1.35375
1.35376
1.35378
1.3538
1.35382
1.35384
1.35387
1.3539
1.35393
1.35396
1.354
1.35404
1.35408
1.35412
1.35416
1.35421
1.35425
1.3543
1.35435
1.3544
1.35445
1.35451
1.35456
1.35461
1.35467
1.35473
1.35478
1.35484
1.3549
1.35496
1.35502
1.35507
1.35513
1.35519
1.35525
1.35531
1.35537
1.35543
1.35549
1.35554
1.3556
1.35566
1.35572
1.35578
1.35583
1.35589
1.35595
1.35601
1.35607
1.35613
1.35619
1.35625
1.35631
1.35637
1.35644
1.3565
1.35657
1.35663
1.3567
1.35677
1.35684
1.35691
1.35698
1.35706
1.35714
1.35722
1.3573
1.35738
1.35746
1.35755
1.35764
1.35773
1.35782
1.35791
1.35801
1.35811
1.3582
1.3583
1.35841
1.35851
1.35861
1.35871
1.35882
1.35892
1.35903
1.35914
1.35924
1.35935
1.35945
1.35956
1.35966
1.35976
1.35986
1.35996
1.36006
1.36016
1.36025
1.36034
1.36043
1.36052
1.3606
1.36069
1.36076
1.36084
1.36091
1.36098
1.36104
1.3611
1.36116
1.36121
1.36126
1.3613
1.36134
1.36137
1.3614
1.36143
1.36145
1.36147
1.36148
1.36149
1.36149
1.36149
1.36149
1.36148
1.36147
1.36145
1.36143
1.3614
1.36137
1.36134
1.36131
1.36126
1.36122
1.36117
1.36112
1.36107
1.36101
1.36095
1.36089
1.36082
1.36075
1.36068
1.36061
1.36053
1.36046
1.36037
1.36029
1.36021
1.36012
1.36003
1.35994
1.35985
1.35975
1.35966
1.35956
1.35946
1.35936
1.35926
1.35916
1.35906
1.35895
1.35885
1.35874
1.35864
1.35853
1.35842
1.35831
1.35821
1.3581
1.35799
1.35788
1.35777
1.35766
1.35755
1.35744
1.35733
1.35722
1.35711
1.357
1.35689
1.35679
1.35668
1.35657
1.35646
1.35636
1.35625
1.35615
1.35604
1.35594
1.35583
1.35573
1.35563
1.35553
1.35543
1.35534
1.35524
1.35515
1.35505
1.35496
1.35487
1.35478
1.35469
1.35461
1.35452
1.35444
1.35436
1.35428
1.3542
1.35413
1.35405
1.35398
1.35391
1.35384
1.35378
1.35371
1.35365
1.35359
1.35353
1.35348
1.35342
1.35337
1.35332
1.35328
1.35323
1.35319
1.35315
1.35311
1.35308
1.35304
1.35301
1.35299
1.35296
1.35294
1.35291
1.35289
1.35288
1.35286
1.35285
1.35284
1.35283
1.35282
1.35281
1.35281
1.3528
1.3528
1.3528
1.3528
1.3528
1.3528
1.3528
1.35281
1.35281
1.35281
1.35282
1.35282
1.35283
1.35283
1.35283
1.35284
1.35284
1.35284
1.35284
1.35284
1.35284
1.35284
1.35284
1.35284
1.35283
1.35283
1.35282
1.35281
1.3528
1.35279
1.35278
1.35276
1.35275
1.35273
1.35271
1.35269
1.35267
1.35265
1.35263
1.3526
1.35258
1.35255
1.35252
1.35249
1.35247
1.35244
1.35241
1.35238
1.35235
1.35231
1.35228
1.35225
1.35222
1.35219
1.35216
1.35213
1.3521
1.35208
1.35205
1.35202
1.352
1.35197
1.35195
1.35193
1.35191
1.35189
1.35188
1.35186
1.35185
1.35184
1.35184
1.35183
1.35183
1.35183
1.35184
1.35184
1.35185
1.35186
1.35187
1.35189
1.35191
1.35193
1.35196
1.35199
1.35202
1.35205
1.35209
1.35213
1.35218
1.35222
1.35227
1.35233
1.35238
1.35244
1.3525
1.35257
1.35263
1.3527
1.35277
1.35284
1.35292
1.353
1.35308
1.35316
1.35324
1.35333
1.35342
1.35351
1.3536
1.35369
1.35378
1.35387
1.35397
1.35407
1.35416
1.35426
1.35436
1.35446
1.35456
1.35465
1.35475
1.35485
1.35495
1.35505
1.35516
1.35526
1.35535
1.35545
1.35555
1.35565
1.35575
1.35585
1.35594
1.35604
1.35613
1.35623
1.35632
1.35641
1.35651
1.35659
1.35668
1.35677
1.35686
1.35694
1.35702
1.3571
1.35718
1.35726
1.35734
1.35741
1.35748
1.35755
1.35762
1.35769
1.35775
1.35782
1.35788
1.35794
1.35799
1.35805
1.3581
1.35815
1.3582
1.35824
1.35829
1.35833
1.35837
1.3584
1.35844
1.35847
1.3585
1.35852
1.35855
1.35857
1.35859
1.3586
1.35862
1.35863
1.35864
1.35864
1.35864
1.35864
1.35864
1.35864
1.35863
1.35862
1.35861
1.3586
1.35858
1.35856
1.35854
1.35852
1.35849
1.35847
1.35844
1.35841
1.35838
1.35835
1.35831
1.35828
1.35824
1.3582
1.35816
1.35813
1.35809
1.35805
1.35801
1.35796
1.35792
1.35788
1.35784
1.3578
1.35776
1.35772
1.35768
1.35764
1.3576
1.35756
1.35753
1.35749
1.35745
1.35742
1.35738
1.35735
1.35732
1.35729
1.35726
1.35723
1.3572
1.35718
1.35715
1.35713
1.35711
1.35709
1.35707
1.35705
1.35703
1.35701
1.357
1.35698
1.35697
1.35695
1.35694
1.35693
1.35692
1.35691
1.3569
1.35689
1.35688
1.35688
1.35687
1.35686
1.35686
1.35685
1.35684
1.35684
1.35683
1.35683
1.35682
1.35682
1.35681
1.35681
1.3568
1.3568
1.35679
1.35679
1.35678
1.35678
1.35677
1.35677
1.35676
1.35675
1.35675
1.35674
1.35674
1.35673
1.35672
1.35672
1.35671
1.35671
1.3567
1.35669
1.35669
1.35668
1.35668
1.35667
1.35667
1.35666
1.35666
1.35666
1.35665
1.35665
1.35665
1.35665
1.35664
1.35664
1.35664
1.35664
1.35664
1.35665
1.35665
1.35665
1.35665
1.35666
1.35666
1.35667
1.35667
1.35668
1.35669
1.35669
1.3567
1.35671
1.35672
1.35673
1.35674
1.35675
1.35676
1.35677
1.35678
1.3568
1.35681
1.35682
1.35683
1.35685
1.35686
1.35687
1.35688
1.3569
1.35691
1.35692
1.35693
1.35694
1.35696
1.35697
1.35698
1.35699
1.357
1.35701
1.35702
1.35703
1.35703
1.35704
1.35705
1.35706
1.35706
1.35707
1.35707
1.35708
1.35708
1.35708
1.35708
1.35709
1.35709
1.35709
1.35708
1.35708
1.35708
1.35708
1.35707
1.35707
1.35706
1.35706
1.35705
1.35704
1.35703
1.35702
1.35701
1.357
1.35698
1.35697
1.35695
1.35694
1.35692
1.3569
1.35688
1.35686
1.35684
1.35681
1.35679
1.35677
1.35674
1.35672
1.35669
1.35666
1.35664
1.35661
1.35658
1.35655
1.35653
1.3565
1.35647
1.35645
1.35642
1.35639
1.35637
1.35634
1.35632
1.3563
1.35627
1.35625
1.35624
1.35622
1.3562
1.35619
1.35617
1.35616
1.35615
1.35614
1.35614
1.35613
1.35613
1.35613
1.35613
1.35614
1.35614
1.35615
1.35617
1.35618
1.3562
1.35622
1.35624
1.35626
1.35629
1.35632
1.35635
1.35638
1.35642
1.35646
1.3565
1.35654
1.35659
1.35663
1.35668
1.35674
1.35679
1.35684
1.3569
1.35696
1.35702
1.35708
1.35714
1.3572
1.35726
1.35733
1.35739
1.35746
1.35752
1.35759
1.35765
1.35772
1.35778
1.35785
1.35791
1.35798
1.35804
1.3581
1.35816
1.35822
1.35828
1.35834
1.3584
1.35845
1.35851
1.35856
1.35862
1.35867
1.35872
1.35876
1.35881
1.35885
1.3589
1.35894
1.35898
1.35901
1.35905
1.35909
1.35912
1.35915
1.35918
1.35921
1.35923
1.35926
1.35928
1.3593
1.35932
1.35934
1.35935
1.35937
1.35938
1.35939
1.3594
1.35941
1.35942
1.35942
1.35943
1.35943
1.35943
1.35944
1.35944
1.35944
1.35944
1.35943
1.35943
1.35943
1.35942
1.35942
1.35941
1.3594
1.3594
1.35939
1.35938
1.35938
1.35937
1.35936
1.35935
1.35935
1.35934
1.35933
1.35932
1.35932
1.35931
1.3593
1.35929
1.35929
1.35928
1.35927
1.35926
1.35926
1.35925
1.35924
1.35923
1.35922
1.35922
1.35921
1.3592
1.35919
1.35918
1.35917
1.35916
1.35915
1.35914
1.35912
1.35911
1.3591
1.35908
1.35907
1.35905
1.35904
1.35902
1.35901
1.35899
1.35897
1.35895
1.35893
1.35891
1.35889
1.35887
1.35885
1.35883
1.35881
1.35878
1.35876
1.35873
1.35871
1.35869
1.35866
1.35863
1.35861
1.35858
1.35855
1.35853
1.3585
1.35847
1.35844
1.35841
1.35838
1.35835
1.35832
1.35829
1.35826
1.35823
1.3582
1.35817
1.35814
1.3581
1.35807
1.35804
1.35801
1.35798
1.35795
1.35793
1.3579
1.35787
1.35784
1.35782
1.35779
1.35777
1.35775
1.35772
1.3577
1.35768
1.35767
1.35765
1.35763
1.35762
1.35761
1.35759
1.35758
1.35757
1.35757
1.35756
1.35755
1.35755
1.35754
1.35754
1.35754
1.35754
1.35754
1.35754
1.35754
1.35754
1.35755
1.35755
1.35755
1.35755
1.35756
1.35756
1.35756
1.35756
1.35756
1.35756
1.35756
1.35756
1.35756
1.35756
1.35755
1.35755
1.35754
1.35753
1.35752
1.35751
1.35749
1.35748
1.35746
1.35744
1.35742
1.35739
1.35737
1.35734
1.35731
1.35728
1.35724
1.35721
1.35717
1.35713
1.35708
1.35704
1.35699
1.35694
1.35689
1.35684
1.35678
1.35673
1.35667
1.35661
1.35655
1.35649
1.35643
1.35636
1.3563
1.35623
1.35617
1.3561
1.35603
1.35596
1.3559
1.35583
1.35576
1.35569
1.35562
1.35556
1.35549
1.35542
1.35535
1.35529
1.35522
1.35516
1.35509
1.35503
1.35497
1.35491
1.35485
1.35479
1.35473
1.35467
1.35462
1.35456
1.35451
1.35446
1.35441
1.35436
1.35431
1.35426
1.35422
1.35418
1.35413
1.3541
1.35406
1.35402
1.35399
1.35396
1.35393
1.3539
1.35387
1.35385
1.35382
1.35381
1.35379
1.35377
1.35376
1.35375
1.35374
1.35373
1.35372
1.35372
1.35372
1.35372
1.35373
1.35373
1.35374
1.35375
1.35377
1.35378
1.3538
1.35382
1.35384
1.35387
1.35389
1.35392
1.35395
1.35399
1.35402
1.35406
1.3541
1.35414
1.35418
1.35423
1.35427
1.35432
1.35437
1.35442
1.35448
1.35453
1.35459
1.35465
1.35471
1.35477
1.35483
1.35489
1.35496
1.35502
1.35509
1.35516
1.35523
1.3553
1.35538
1.35545
1.35553
1.3556
1.35568
1.35576
1.35584
1.35592
1.356
1.35608
1.35616
1.35624
1.35633
1.35641
1.35649
1.35658
1.35666
1.35675
1.35683
1.35692
1.357
1.35709
1.35717
1.35725
1.35734
1.35742
1.3575
1.35758
1.35766
1.35774
1.35782
1.3579
1.35797
1.35805
1.35812
1.35819
1.35826
1.35833
1.3584
1.35847
1.35853
1.3586
1.35866
1.35872
1.35878
1.35883
1.35889
1.35894
1.35899
1.35904
1.35909
1.35914
1.35918
1.35923
1.35927
1.35931
1.35935
1.35939
1.35942
1.35946
1.35949
1.35953
1.35956
1.35959
1.35962
1.35965
1.35968
1.3597
1.35973
1.35975
1.35978
1.3598
1.35983
1.35985
1.35987
1.35989
1.35992
1.35994
1.35996
1.35998
1.36
1.36002
1.36004
1.36005
1.36007
1.36009
1.36011
1.36013
1.36015
1.36016
1.36018
1.3602
1.36022
1.36023
1.36025
1.36027
1.36028
1.3603
1.36032
1.36033
1.36035
1.36036
1.36038
1.36039
1.36041
1.36042
1.36044
1.36045
1.36046
1.36047
1.36049
1.3605
1.36051
1.36052
1.36053
1.36053
1.36054
1.36055
1.36056
1.36056
1.36057
1.36057
1.36058
1.36058
1.36058
1.36059
1.36059
1.36059
1.36059
1.36059
1.36059
1.36059
1.36059
1.36059
1.36059
1.36059
1.36058
1.36058
1.36058
1.36058
1.36057
1.36057
1.36057
1.36056
1.36056
1.36056
1.36055
1.36055
1.36054
1.36054
1.36053
1.36053
1.36052
1.36051
1.36051
1.3605
1.36049
1.36048
1.36047
1.36046
1.36045
1.36044
1.36042
1.36041
1.36039
1.36038
1.36036
1.36034
1.36032
1.36029
1.36027
1.36024
1.36022
1.36019
1.36016
1.36012
1.36009
1.36005
1.36002
1.35998
1.35993
1.35989
1.35985
1.3598
1.35975
1.3597
1.35965
1.3596
1.35954
1.35949
1.35943
1.35937
1.35932
1.35926
1.3592
1.35914
1.35908
1.35902
1.35896
1.3589
1.35884
1.35878
1.35872
1.35866
1.3586
1.35855
1.35849
1.35844
1.35838
1.35833
1.35828
1.35824
1.35819
1.35815
1.3581
1.35806
1.35802
1.35798
1.35795
1.35791
1.35788
1.35785
1.35782
1.35779
1.35777
1.35774
1.35772
1.35769
1.35767
1.35765
1.35763
1.35761
1.35759
1.35757
1.35756
1.35754
1.35752
1.3575
1.35748
1.35747
1.35745
1.35743
1.35741
1.35739
1.35736
1.35734
1.35732
1.35729
1.35726
1.35723
1.3572
1.35717
1.35714
1.35711
1.35707
1.35703
1.357
1.35695
1.35691
1.35687
1.35682
1.35678
1.35673
1.35668
1.35663
1.35658
1.35652
1.35647
1.35641
1.35636
1.3563
1.35624
1.35619
1.35613
1.35607
1.35601
1.35596
1.3559
1.35584
1.35578
1.35573
1.35567
1.35562
1.35556
1.35551
1.35546
1.35541
1.35536
1.35531
1.35526
1.35522
1.35518
1.35514
1.3551
1.35506
1.35502
1.35499
1.35496
1.35493
1.3549
1.35488
1.35485
1.35483
1.35481
1.35479
1.35478
1.35476
1.35475
1.35474
1.35473
1.35473
1.35472
1.35472
1.35471
1.35471
1.35471
1.35471
1.35471
1.35472
1.35472
1.35473
1.35473
1.35474
1.35474
1.35475
1.35476
1.35477
1.35477
1.35478
1.35479
1.3548
1.35481
1.35481
1.35482
1.35483
1.35483
1.35484
1.35484
1.35484
1.35485
1.35485
1.35485
1.35485
1.35484
1.35484
1.35484
1.35483
1.35482
1.35482
1.35481
1.3548
1.35479
1.35477
1.35476
1.35475
1.35473
1.35472
1.3547
1.35468
1.35467
1.35465
1.35463
1.35461
1.35459
1.35458
1.35456
1.35454
1.35452
1.35451
1.35449
1.35447
1.35446
1.35444
1.35443
1.35442
1.35441
1.3544
1.35439
1.35438
1.35438
1.35438
1.35437
1.35437
1.35438
1.35438
1.35439
1.35439
1.3544
1.35441
1.35443
1.35444
1.35446
1.35448
1.3545
1.35453
1.35455
1.35458
1.35461
1.35464
1.35467
1.35471
1.35475
1.35478
1.35482
1.35487
1.35491
1.35496
1.355
1.35505
1.3551
1.35515
1.35521
1.35526
1.35531
1.35537
1.35542
1.35548
1.35554
1.3556
1.35565
1.35571
1.35577
1.35583
1.35589
1.35594
1.356
1.35606
1.35612
1.35617
1.35623
1.35628
1.35633
1.35638
1.35644
1.35649
1.35653
1.35658
1.35663
1.35667
1.35672
1.35676
1.3568
1.35684
1.35688
1.35692
1.35696
1.35699
1.35703
1.35706
1.3571
1.35713
1.35716
1.35719
1.35722
1.35725
1.35728
1.35731
1.35734
1.35737
1.3574
1.35742
1.35745
1.35748
1.35751
1.35754
1.35757
1.35759
1.35762
1.35765
1.35768
1.35771
1.35773
1.35776
1.35779
1.35782
1.35785
1.35788
1.35791
1.35794
1.35797
1.358
1.35803
1.35806
1.35809
1.35812
1.35815
1.35818
1.35821
1.35824
1.35827
1.35829
1.35832
1.35835
1.35838
1.35841
1.35844
1.35846
1.35849
1.35852
1.35854
1.35857
1.35859
1.35861
1.35864
1.35866
1.35868
1.3587
1.35871
1.35873
1.35875
1.35876
1.35877
1.35878
1.35879
1.3588
1.35881
1.35882
1.35882
1.35882
1.35883
1.35883
1.35882
1.35882
1.35882
1.35881
1.3588
1.35879
1.35878
1.35877
1.35876
1.35875
1.35873
1.35872
1.3587
1.35868
1.35866
1.35864
1.35862
1.3586
1.35858
1.35856
1.35853
1.35851
1.35849
1.35846
1.35844
1.35842
1.3584
1.35837
1.35835
1.35833
1.35831
1.35829
1.35826
1.35824
1.35823
1.35821
1.35819
1.35817
1.35815
1.35814
1.35812
1.35811
1.35809
1.35808
1.35806
1.35805
1.35804
1.35803
1.35802
1.35801
1.358
1.35799
1.35798
1.35797
1.35796
1.35795
1.35794
1.35793
1.35792
1.35791
1.3579
1.35789
1.35788
1.35787
1.35786
1.35785
1.35784
1.35783
1.35782
1.35781
1.35779
1.35778
1.35776
1.35775
1.35773
1.35772
1.3577
1.35768
1.35767
1.35765
1.35763
1.35761
1.35759
1.35757
1.35755
1.35753
1.35751
1.35749
1.35747
1.35745
1.35743
1.35741
1.35739
1.35737
1.35735
1.35733
1.35731
1.35729
1.35726
1.35724
1.35722
1.3572
1.35718
1.35716
1.35714
1.35712
1.35711
1.35709
1.35707
1.35705
1.35704
1.35702
1.35701
1.35699
1.35698
1.35697
1.35696
1.35695
1.35694
1.35693
1.35693
1.35692
1.35692
1.35692
1.35692
1.35693
1.35693
1.35694
1.35695
1.35697
1.35698
1.357
1.35702
1.35705
1.35708
1.35711
1.35714
1.35718
1.35722
1.35726
1.35731
1.35736
1.35741
1.35747
1.35753
1.3576
1.35766
1.35773
1.35781
1.35789
1.35797
1.35805
1.35814
1.35823
1.35832
1.35842
1.35852
1.35862
1.35872
1.35883
1.35894
1.35905
1.35917
1.35928
1.3594
1.35952
1.35964
1.35976
1.35988
1.36001
1.36013
1.36025
1.36037
1.3605
1.36062
1.36074
1.36086
1.36098
1.3611
1.36122
1.36133
1.36145
1.36156
1.36167
1.36177
1.36188
1.36198
1.36208
1.36217
1.36226
1.36235
1.36243
1.36251
1.36259
1.36266
1.36273
1.36279
1.36285
1.36291
1.36296
1.36301
1.36305
1.36309
1.36312
1.36315
1.36317
1.36319
1.3632
1.36321
1.36321
1.36321
1.3632
1.36319
1.36318
1.36316
1.36313
1.3631
1.36307
1.36303
1.36298
1.36294
1.36288
1.36283
1.36277
1.3627
1.36263
1.36256
1.36248
1.3624
1.36232
1.36223
1.36214
1.36205
1.36195
1.36185
1.36175
1.36165
1.36154
1.36143
1.36132
1.36121
1.36109
1.36097
1.36085
1.36073
1.36061
1.36048
1.36036
1.36023
1.3601
1.35997
1.35984
1.35971
1.35957
1.35944
1.3593
1.35917
1.35903
1.35889
1.35875
1.35861
1.35847
1.35833
1.35819
1.35805
1.35791
1.35777
1.35763
1.35748
1.35734
1.3572
1.35706
1.35691
1.35677
1.35663
1.35649
1.35635
1.35621
1.35607
1.35593
1.35579
1.35565
1.35551
1.35538
1.35524
1.35511
1.35497
1.35484
1.35471
1.35458
1.35446
1.35433
1.35421
1.35408
1.35396
1.35384
1.35373
1.35361
1.3535
1.35339
1.35328
1.35317
1.35306
1.35296
1.35286
1.35276
1.35266
1.35257
1.35248
1.35239
1.3523
1.35221
1.35213
1.35205
1.35197
1.35189
1.35181
1.35174
1.35167
1.3516
1.35153
1.35147
1.35141
1.35135
1.35129
1.35123
1.35117
1.35112
1.35107
1.35102
1.35097
1.35092
1.35087
1.35083
1.35079
1.35075
1.35071
1.35067
1.35063
1.3506
1.35056
1.35053
1.3505
1.35047
1.35044
1.35041
1.35039
1.35036
1.35034
1.35032
1.35029
1.35028
1.35026
1.35024
1.35023
1.35021
1.3502
1.35019
1.35018
1.35017
1.35017
1.35016
1.35016
1.35016
1.35016
1.35017
1.35017
1.35018
1.35019
1.3502
1.35021
1.35023
1.35024
1.35026
1.35028
1.3503
1.35033
1.35035
1.35038
1.35041
1.35044
1.35048
1.35052
1.35055
1.35059
1.35064
1.35068
1.35073
1.35077
1.35082
1.35088
1.35093
1.35099
1.35104
1.3511
1.35116
1.35122
1.35129
1.35135
1.35142
1.35149
1.35156
1.35163
1.3517
1.35177
1.35184
1.35192
1.35199
1.35206
1.35214
1.35221
1.35229
1.35236
1.35243
1.35251
1.35258
1.35265
1.35272
1.35279
1.35286
1.35293
1.353
1.35306
1.35313
1.35319
1.35325
1.35331
1.35337
1.35343
1.35348
1.35354
1.35359
1.35364
1.35369
1.35373
1.35378
1.35382
1.35386
1.3539
1.35394
1.35398
1.35401
1.35404
1.35408
1.35411
1.35414
1.35417
1.3542
1.35422
1.35425
1.35428
1.3543
1.35432
1.35435
1.35437
1.35439
1.35442
1.35444
1.35446
1.35448
1.3545
1.35452
1.35454
1.35456
1.35459
1.35461
1.35463
1.35465
1.35467
1.35469
1.35472
1.35474
1.35476
1.35479
1.35481
1.35483
1.35486
1.35488
1.35491
1.35493
1.35496
1.35499
1.35502
1.35504
1.35507
1.3551
1.35513
1.35516
1.35519
1.35522
1.35525
1.35528
1.35532
1.35535
1.35538
1.35541
1.35545
1.35548
1.35552
1.35556
1.35559
1.35563
1.35567
1.3557
1.35574
1.35578
1.35582
1.35586
1.3559
1.35594
1.35598
1.35603
1.35607
1.35611
1.35615
1.35619
1.35624
1.35628
1.35632
1.35636
1.35641
1.35645
1.35649
1.35653
1.35657
1.35661
1.35665
1.35669
1.35673
1.35676
1.3568
1.35684
1.35687
1.35691
1.35694
1.35697
1.357
1.35704
1.35706
1.35709
1.35712
1.35715
1.35717
1.3572
1.35722
1.35725
1.35727
1.35729
1.35731
1.35733
1.35735
1.35737
1.35739
1.35741
1.35743
1.35745
1.35747
1.35749
1.35751
1.35753
1.35755
1.35757
1.35759
1.35761
1.35763
1.35766
1.35768
1.35771
1.35773
1.35776
1.35779
1.35782
1.35785
1.35788
1.35791
1.35795
1.35798
1.35802
1.35806
1.35809
1.35813
1.35817
1.35822
1.35826
1.3583
1.35835
1.35839
1.35844
1.35849
1.35853
1.35858
1.35863
1.35868
1.35873
1.35878
1.35883
1.35888
1.35893
1.35898
1.35903
1.35908
1.35913
1.35918
1.35923
1.35928
1.35932
1.35937
1.35942
1.35946
1.35951
1.35955
1.35959
1.35963
1.35967
1.35971
1.35975
1.35979
1.35983
1.35986
1.3599
1.35993
1.35996
1.35999
1.36002
1.36005
1.36008
1.36011
1.36013
1.36016
1.36018
1.36021
1.36023
1.36025
1.36027
1.36029
1.36031
1.36033
1.36035
1.36037
1.36039
1.3604
1.36042
1.36044
1.36045
1.36047
1.36048
1.36049
1.36051
1.36052
1.36053
1.36054
1.36055
1.36056
1.36056
1.36057
1.36058
1.36058
1.36058
1.36058
1.36058
1.36058
1.36058
1.36058
1.36057
1.36056
1.36056
1.36055
1.36053
1.36052
1.3605
1.36049
1.36047
1.36045
1.36042
1.3604
1.36037
1.36034
1.36031
1.36028
1.36025
1.36021
1.36017
1.36014
1.36009
1.36005
1.36001
1.35996
1.35991
1.35986
1.35981
1.35976
1.35971
1.35965
1.3596
1.35954
1.35948
1.35942
1.35936
1.3593
1.35924
1.35917
1.35911
1.35904
1.35898
1.35891
1.35884
1.35877
1.3587
1.35864
1.35857
1.35849
1.35842
1.35835
1.35828
1.3582
1.35813
1.35805
1.35798
1.3579
1.35782
1.35775
1.35767
1.35759
1.35751
1.35742
1.35734
1.35726
1.35717
1.35708
1.35699
1.3569
1.35681
1.35672
1.35663
1.35653
1.35644
1.35634
1.35624
1.35614
1.35603
1.35593
1.35582
1.35571
1.3556
1.35549
1.35538
1.35526
1.35515
1.35503
1.35491
1.35479
1.35467
1.35455
1.35442
1.3543
1.35418
1.35405
1.35393
1.3538
1.35368
1.35355
1.35343
1.3533
1.35318
1.35305
1.35293
1.35281
1.35269
1.35257
1.35245
1.35234
1.35222
1.35211
1.352
1.35189
1.35179
1.35168
1.35158
1.35149
1.35139
1.3513
1.35121
1.35112
1.35104
1.35096
1.35088
1.35081
1.35074
1.35067
1.3506
1.35054
1.35048
1.35043
1.35038
1.35033
1.35029
1.35024
1.3502
1.35017
1.35014
1.35011
1.35008
1.35006
1.35004
1.35002
1.35001
1.35
1.34999
1.34999
1.34999
1.34999
1.34999
1.35
1.35001
1.35003
1.35004
1.35006
1.35008
1.35011
1.35014
1.35017
1.3502
1.35024
1.35028
1.35032
1.35037
1.35042
1.35047
1.35052
1.35057
1.35063
1.35069
1.35075
1.35082
1.35088
1.35095
1.35102
1.35109
1.35116
1.35124
1.35131
1.35139
1.35147
1.35155
1.35163
1.35172
1.3518
1.35188
1.35197
1.35205
1.35214
1.35223
1.35232
1.3524
1.35249
1.35258
1.35267
1.35276
1.35285
1.35294
1.35302
1.35311
1.3532
1.35329
1.35338
1.35346
1.35355
1.35364
1.35372
1.3538
1.35389
1.35397
1.35405
1.35413
1.35421
1.35429
1.35436
1.35444
1.35451
1.35458
1.35465
1.35472
1.35479
1.35485
1.35492
1.35498
1.35503
1.35509
1.35514
1.35519
1.35524
1.35529
1.35533
1.35537
1.35541
1.35545
1.35548
1.35551
1.35554
1.35557
1.35559
1.35561
1.35563
1.35565
1.35567
1.35568
1.3557
1.35571
1.35572
1.35573
1.35573
1.35574
1.35575
1.35575
1.35575
1.35576
1.35576
1.35576
1.35577
1.35577
1.35577
1.35577
1.35578
1.35578
1.35578
1.35579
1.35579
1.3558
1.35581
1.35581
1.35582
1.35583
1.35584
1.35586
1.35587
1.35588
1.3559
1.35592
1.35594
1.35596
1.35598
1.356
1.35603
1.35605
1.35608
1.35611
1.35614
1.35617
1.3562
1.35623
1.35627
1.3563
1.35634
1.35638
1.35642
1.35645
1.35649
1.35653
1.35657
1.35661
1.35665
1.35669
1.35673
1.35677
1.35681
1.35685
1.35689
1.35692
1.35696
1.357
1.35703
1.35707
1.3571
1.35713
1.35716
1.35719
1.35722
1.35724
1.35727
1.35729
1.35732
1.35734
1.35736
1.35737
1.35739
1.3574
1.35742
1.35743
1.35744
1.35745
1.35746
1.35746
1.35747
1.35747
1.35747
1.35747
1.35747
1.35747
1.35747
1.35747
1.35746
1.35746
1.35745
1.35744
1.35743
1.35742
1.35741
1.3574
1.35739
1.35737
1.35736
1.35734
1.35732
1.3573
1.35728
1.35726
1.35724
1.35721
1.35719
1.35716
1.35714
1.35711
1.35708
1.35705
1.35701
1.35698
1.35695
1.35691
1.35687
1.35683
1.3568
1.35676
1.35671
1.35667
1.35663
1.35658
1.35654
1.3565
1.35645
1.3564
1.35636
1.35631
1.35627
1.35622
1.35617
1.35613
1.35608
1.35604
1.35599
1.35595
1.3559
1.35586
1.35582
1.35578
1.35574
1.3557
1.35567
1.35563
1.3556
1.35557
1.35553
1.35551
1.35548
1.35545
1.35543
1.35541
1.35539
1.35537
1.35535
1.35534
1.35533
1.35532
1.35531
1.3553
1.3553
1.35529
1.35529
1.35529
1.35529
1.3553
1.3553
1.3553
1.35531
1.35532
1.35533
1.35533
1.35534
1.35535
1.35536
1.35537
1.35538
1.35539
1.3554
1.35541
1.35542
1.35543
1.35544
1.35545
1.35545
1.35546
1.35547
1.35547
1.35548
1.35548
1.35548
1.35548
1.35549
1.35549
1.35548
1.35548
1.35548
1.35547
1.35547
1.35546
1.35546
1.35545
1.35544
1.35543
1.35542
1.35541
1.3554
1.35539
1.35538
1.35537
1.35536
1.35534
1.35533
1.35532
1.3553
1.35529
1.35528
1.35526
1.35525
1.35524
1.35522
1.35521
1.3552
1.35519
1.35518
1.35516
1.35515
1.35514
1.35513
1.35512
1.35511
1.3551
1.35509
1.35508
1.35507
1.35506
1.35506
1.35505
1.35504
1.35503
1.35502
1.35502
1.35501
1.355
1.35499
1.35499
1.35498
1.35497
1.35496
1.35496
1.35495
1.35494
1.35493
1.35493
1.35492
1.35491
1.3549
1.3549
1.35489
1.35488
1.35488
1.35487
1.35486
1.35486
1.35485
1.35484
1.35484
1.35483
1.35483
1.35482
1.35482
1.35481
1.35481
1.35481
1.3548
1.3548
1.3548
1.35479
1.35479
1.35479
1.35479
1.35479
1.35479
1.35479
1.35479
1.35478
1.35478
1.35478
1.35478
1.35478
1.35477
1.35477
1.35477
1.35476
1.35476
1.35475
1.35475
1.35474
1.35473
1.35473
1.35472
1.35471
1.3547
1.35469
1.35468
1.35467
1.35465
1.35464
1.35463
1.35461
1.3546
1.35458
1.35457
1.35455
1.35453
1.35451
1.3545
1.35448
1.35446
1.35444
1.35442
1.3544
1.35438
1.35435
1.35433
1.35431
1.35429
1.35426
1.35424
1.35421
1.35419
1.35416
1.35414
1.35411
1.35409
1.35406
1.35403
1.354
1.35397
1.35395
1.35392
1.35389
1.35386
1.35383
1.35379
1.35376
1.35373
1.3537
1.35366
1.35363
1.3536
1.35356
1.35353
1.35349
1.35346
1.35342
1.35338
1.35335
1.35331
1.35327
1.35323
1.3532
1.35316
1.35312
1.35308
1.35304
1.353
1.35296
1.35293
1.35289
1.35285
1.35281
1.35277
1.35273
1.35269
1.35266
1.35262
1.35258
1.35254
1.35251
1.35247
1.35243
1.3524
1.35236
1.35233
1.35229
1.35226
1.35223
1.35219
1.35216
1.35213
1.35209
1.35206
1.35203
1.352
1.35197
1.35194
1.35191
1.35188
1.35185
1.35182
1.35179
1.35176
1.35173
1.3517
1.35167
1.35164
1.35161
1.35158
1.35155
1.35153
1.3515
1.35147
1.35144
1.35141
1.35139
1.35136
1.35133
1.35131
1.35128
1.35125
1.35123
1.3512
1.35117
1.35115
1.35112
1.3511
1.35107
1.35105
1.35102
1.351
1.35097
1.35095
1.35093
1.3509
1.35088
1.35086
1.35084
1.35082
1.3508
1.35078
1.35076
1.35074
1.35072
1.3507
1.35069
1.35067
1.35065
1.35064
1.35063
1.35061
1.3506
1.35058
1.35057
1.35056
1.35055
1.35054
1.35053
1.35052
1.35051
1.3505
1.35049
1.35049
1.35048
1.35047
1.35047
1.35046
1.35046
1.35046
1.35045
1.35045
1.35045
1.35045
1.35045
1.35045
1.35045
1.35045
1.35046
1.35046
1.35047
1.35047
1.35048
1.35049
1.3505
1.35051
1.35053
1.35054
1.35055
1.35057
1.35059
1.35061
1.35063
1.35065
1.35067
1.3507
1.35072
1.35075
1.35078
1.35081
1.35084
1.35087
1.35091
1.35094
1.35098
1.35102
1.35105
1.35109
1.35114
1.35118
1.35122
1.35127
1.35131
1.35136
1.3514
1.35145
1.3515
1.35155
1.3516
1.35165
1.35171
1.35176
1.35181
1.35186
1.35192
1.35197
1.35203
1.35208
1.35213
1.35219
1.35224
1.3523
1.35235
1.35241
1.35246
1.35251
1.35257
1.35262
1.35267
1.35273
1.35278
1.35283
1.35288
1.35293
1.35298
1.35303
1.35307
1.35312
1.35317
1.35321
1.35325
1.3533
1.35334
1.35338
1.35341
1.35345
1.35349
1.35352
1.35355
1.35358
1.35361
1.35364
1.35366
1.35369
1.35371
1.35373
1.35375
1.35377
1.35378
1.3538
1.35381
1.35382
1.35383
1.35384
1.35385
1.35385
1.35386
1.35386
1.35386
1.35386
1.35386
1.35386
1.35386
1.35386
1.35385
1.35385
1.35384
1.35383
1.35383
1.35382
1.35381
1.3538
1.35379
1.35378
1.35377
1.35376
1.35374
1.35373
1.35372
1.35371
1.35369
1.35368
1.35367
1.35365
1.35364
1.35363
1.35361
1.3536
1.35359
1.35357
1.35356
1.35355
1.35354
1.35352
1.35351
1.3535
1.35349
1.35348
1.35347
1.35346
1.35345
1.35344
1.35343
1.35342
1.35341
1.3534
1.35339
1.35338
1.35338
1.35337
1.35336
1.35335
1.35335
1.35334
1.35333
1.35332
1.35332
1.35331
1.35331
1.3533
1.35329
1.35329
1.35328
1.35328
1.35328
1.35327
1.35327
1.35327
1.35327
1.35327
1.35326
1.35327
1.35327
1.35327
1.35327
1.35328
1.35328
1.35329
1.35329
1.3533
1.35331
1.35332
1.35333
1.35334
1.35335
1.35336
1.35338
1.35339
1.35341
1.35343
1.35344
1.35346
1.35348
1.3535
1.35352
1.35354
1.35356
1.35358
1.3536
1.35363
1.35365
1.35367
1.35369
1.35371
1.35373
1.35375
1.35378
1.3538
1.35381
1.35383
1.35385
1.35387
1.35389
1.3539
1.35392
1.35393
1.35395
1.35396
1.35397
1.35398
1.35399
1.354
1.35401
1.35402
1.35402
1.35403
1.35403
1.35404
1.35404
1.35404
1.35404
1.35404
1.35404
1.35404
1.35403
1.35403
1.35403
1.35402
1.35401
1.354
1.354
1.35399
1.35398
1.35396
1.35395
1.35394
1.35392
1.35391
1.3539
1.35388
1.35386
1.35385
1.35383
1.35381
1.35379
1.35377
1.35376
1.35374
1.35372
1.3537
1.35368
1.35366
1.35364
1.35363
1.35361
1.35359
1.35357
1.35356
1.35354
1.35353
1.35351
1.3535
1.35349
1.35347
1.35346
1.35345
1.35344
1.35343
1.35343
1.35342
1.35341
1.35341
1.3534
1.3534
1.3534
1.3534
1.35339
1.3534
1.3534
1.3534
1.3534
1.35341
1.35341
1.35342
1.35342
1.35343
1.35344
1.35345
1.35346
1.35347
1.35348
1.35349
1.3535
1.35352
1.35353
1.35355
1.35356
1.35358
1.35359
1.35361
1.35362
1.35364
1.35366
1.35367
1.35369
1.35371
1.35373
1.35374
1.35376
1.35378
1.3538
1.35382
1.35384
1.35386
1.35388
1.3539
1.35392
1.35394
1.35396
1.35398
1.354
1.35402
1.35404
1.35406
1.35409
1.35411
1.35413
1.35416
1.35418
1.35421
1.35423
1.35426
1.35429
1.35432
1.35434
1.35437
1.3544
1.35443
1.35447
1.3545
1.35453
1.35457
1.3546
1.35464
1.35467
1.35471
1.35475
1.35478
1.35482
1.35486
1.3549
1.35494
1.35498
1.35502
1.35505
1.35509
1.35513
1.35517
1.3552
1.35524
1.35528
1.35531
1.35535
1.35538
1.35541
1.35544
1.35547
1.3555
1.35552
1.35555
1.35557
1.35559
1.35561
1.35563
1.35565
1.35566
1.35568
1.35569
1.3557
1.35571
1.35572
1.35572
1.35572
1.35573
1.35572
1.35572
1.35572
1.35571
1.35571
1.3557
1.35569
1.35568
1.35566
1.35565
1.35563
1.35562
1.3556
1.35558
1.35556
1.35554
1.35551
1.35549
1.35547
1.35544
1.35541
1.35539
1.35536
1.35533
1.3553
1.35528
1.35525
1.35522
1.35519
1.35516
1.35513
1.3551
1.35508
1.35505
1.35502
1.355
1.35497
1.35495
1.35492
1.3549
1.35488
1.35485
1.35483
1.35482
1.3548
1.35478
1.35476
1.35475
1.35473
1.35472
1.35471
1.3547
1.35469
1.35468
1.35467
1.35466
1.35466
1.35465
1.35465
1.35464
1.35464
1.35463
1.35463
1.35463
1.35462
1.35462
1.35462
1.35461
1.35461
1.35461
1.3546
1.3546
1.35459
1.35459
1.35458
1.35458
1.35457
1.35456
1.35456
1.35455
1.35454
1.35453
1.35452
1.35451
1.35449
1.35448
1.35447
1.35445
1.35444
1.35442
1.3544
1.35439
1.35437
1.35435
1.35433
1.35432
1.3543
1.35428
1.35426
1.35425
1.35423
1.35421
1.3542
1.35418
1.35417
1.35416
1.35414
1.35413
1.35413
1.35412
1.35411
1.35411
1.35411
1.35411
1.35411
1.35411
1.35411
1.35412
1.35413
1.35414
1.35415
1.35417
1.35418
1.3542
1.35422
1.35424
1.35427
1.35429
1.35432
1.35435
1.35438
1.35441
1.35444
1.35448
1.35451
1.35455
1.35458
1.35462
1.35466
1.3547
1.35474
1.35478
1.35482
1.35486
1.35491
1.35495
1.35499
1.35503
1.35508
1.35512
1.35516
1.35521
1.35525
1.35529
1.35533
1.35538
1.35542
1.35546
1.3555
1.35554
1.35558
1.35562
1.35566
1.3557
1.35573
1.35577
1.35581
1.35584
1.35588
1.35591
1.35595
1.35598
1.35601
1.35604
1.35608
1.35611
1.35614
1.35617
1.35619
1.35622
1.35625
1.35628
1.3563
1.35633
1.35635
1.35638
1.3564
1.35643
1.35645
1.35648
1.3565
1.35652
1.35654
1.35657
1.35659
1.35661
1.35663
1.35665
1.35667
1.35669
1.35671
1.35673
1.35675
1.35677
1.35679
1.35681
1.35683
1.35685
1.35686
1.35688
1.3569
1.35691
1.35693
1.35694
1.35696
1.35697
1.35698
1.357
1.35701
1.35702
1.35703
1.35704
1.35705
1.35706
1.35706
1.35707
1.35707
1.35708
1.35708
1.35708
1.35708
1.35708
1.35708
1.35708
1.35708
1.35707
1.35707
1.35706
1.35705
1.35704
1.35703
1.35702
1.35701
1.35699
1.35698
1.35696
1.35694
1.35692
1.3569
1.35688
1.35686
1.35683
1.35681
1.35678
1.35676
1.35673
1.3567
1.35667
1.35664
1.35661
1.35658
1.35655
1.35652
1.35648
1.35645
1.35642
1.35638
1.35635
1.35631
1.35628
1.35625
1.35621
1.35618
1.35615
1.35612
1.35609
1.35606
1.35603
1.356
1.35598
1.35596
1.35593
1.35591
1.35589
1.35588
1.35586
1.35585
1.35584
1.35583
1.35582
1.35582
1.35582
1.35582
1.35582
1.35583
1.35584
1.35585
1.35587
1.35589
1.35591
1.35594
1.35597
1.356
1.35603
1.35607
1.35611
1.35616
1.35621
1.35626
1.35631
1.35637
1.35643
1.35649
1.35656
1.35663
1.3567
1.35678
1.35686
1.35694
1.35702
1.35711
1.35719
1.35729
1.35738
1.35747
1.35757
1.35767
1.35777
1.35787
1.35797
1.35808
1.35819
1.35829
1.3584
1.35851
1.35862
1.35873
1.35884
1.35895
1.35906
1.35917
1.35929
1.3594
1.35951
1.35962
1.35973
1.35984
1.35994
1.36005
1.36016
1.36026
1.36037
1.36047
1.36057
1.36067
1.36077
1.36086
1.36096
1.36105
1.36114
1.36123
1.36132
1.3614
1.36148
1.36156
1.36164
1.36171
1.36178
1.36185
1.36192
1.36199
1.36205
1.36211
1.36217
1.36222
1.36227
1.36232
1.36237
1.36241
1.36245
1.36249
1.36253
1.36256
1.36259
1.36262
1.36265
1.36267
1.36269
1.36271
1.36273
1.36274
1.36276
1.36277
1.36277
1.36278
1.36279
1.36279
1.36279
1.36279
1.36278
1.36278
1.36277
1.36276
1.36275
1.36274
1.36273
1.36272
1.3627
1.36268
1.36266
1.36264
1.36262
1.36259
1.36257
1.36254
1.36251
1.36248
1.36245
1.36242
1.36239
1.36235
1.36231
1.36228
1.36224
1.3622
1.36216
1.36211
1.36207
1.36202
1.36198
1.36193
1.36189
1.36184
1.36179
1.36174
1.36169
1.36164
1.36159
1.36153
1.36148
1.36143
1.36137
1.36132
1.36127
1.36121
1.36116
1.3611
1.36105
1.36099
1.36094
1.36088
1.36083
1.36077
1.36072
1.36066
1.3606
1.36055
1.36049
1.36044
1.36038
1.36033
1.36027
1.36021
1.36016
1.3601
1.36004
1.35999
1.35993
1.35987
1.35982
1.35976
1.3597
1.35964
1.35958
1.35953
1.35947
1.35941
1.35935
1.35929
1.35923
1.35917
1.35911
1.35905
1.35899
1.35893
1.35887
1.35881
1.35875
1.35869
1.35863
1.35857
1.35851
1.35845
1.35839
1.35833
1.35827
1.35821
1.35815
1.35809
1.35802
1.35796
1.3579
1.35784
1.35778
1.35771
1.35765
1.35759
1.35752
1.35746
1.35739
1.35733
1.35726
1.3572
1.35713
1.35706
1.357
1.35693
1.35686
1.3568
1.35673
1.35666
1.35659
1.35652
1.35645
1.35638
1.35631
1.35624
1.35617
1.3561
1.35602
1.35595
1.35588
1.35581
1.35574
1.35567
1.3556
1.35553
1.35546
1.35539
1.35532
1.35525
1.35518
1.35511
1.35505
1.35498
1.35491
1.35485
1.35479
1.35473
1.35466
1.35461
1.35455
1.35449
1.35443
1.35438
1.35433
1.35427
1.35422
1.35417
1.35413
1.35408
1.35403
1.35399
1.35395
1.35391
1.35387
1.35383
1.35379
1.35376
1.35372
1.35369
1.35366
1.35363
1.3536
1.35357
1.35355
1.35352
1.35349
1.35347
1.35345
1.35343
1.35341
1.35339
1.35337
1.35335
1.35333
1.35331
1.3533
1.35328
1.35326
1.35325
1.35323
1.35322
1.35321
1.35319
1.35318
1.35317
1.35315
1.35314
1.35313
1.35312
1.35311
1.3531
1.35309
1.35307
1.35306
1.35306
1.35305
1.35304
1.35303
1.35302
1.35301
1.35301
1.353
1.35299
1.35299
1.35298
1.35298
1.35297
1.35297
1.35296
1.35296
1.35296
1.35296
1.35296
1.35296
1.35296
1.35296
1.35296
1.35296
1.35296
1.35296
1.35296
1.35297
1.35297
1.35298
1.35298
1.35298
1.35299
1.35299
1.353
1.35301
1.35301
1.35302
1.35302
1.35303
1.35303
1.35304
1.35304
1.35305
1.35305
1.35305
1.35306
1.35306
1.35306
1.35306
1.35306
1.35306
1.35306
1.35306
1.35306
1.35306
1.35305
1.35305
1.35304
1.35304
1.35303
1.35302
1.35301
1.353
1.35299
1.35298
1.35296
1.35295
1.35293
1.35292
1.3529
1.35288
1.35286
1.35284
1.35282
1.3528
1.35278
1.35276
1.35273
1.35271
1.35268
1.35266
1.35263
1.3526
1.35258
1.35255
1.35252
1.35249
1.35246
1.35243
1.3524
1.35237
1.35234
1.35231
1.35228
1.35225
1.35222
1.35219
1.35215
1.35212
1.35209
1.35205
1.35202
1.35199
1.35195
1.35192
1.35188
1.35185
1.35181
1.35178
1.35174
1.35171
1.35167
1.35163
1.35159
1.35156
1.35152
1.35148
1.35144
1.35141
1.35137
1.35133
1.35129
1.35125
1.35121
1.35118
1.35114
1.3511
1.35106
1.35102
1.35099
1.35095
1.35091
1.35088
1.35084
1.35081
1.35078
1.35074
1.35071
1.35068
1.35065
1.35062
1.35059
1.35056
1.35054
1.35051
1.35049
1.35047
1.35045
1.35043
1.35041
1.3504
1.35038
1.35037
1.35036
1.35035
1.35034
1.35033
1.35033
1.35032
1.35032
1.35032
1.35032
1.35032
1.35032
1.35032
1.35032
1.35032
1.35033
1.35033
1.35033
1.35034
1.35034
1.35035
1.35035
1.35035
1.35035
1.35035
1.35035
1.35035
1.35035
1.35035
1.35035
1.35034
1.35034
1.35033
1.35032
1.35031
1.3503
1.35029
1.35028
1.35027
1.35025
1.35024
1.35022
1.3502
1.35019
1.35017
1.35015
1.35013
1.35011
1.35009
1.35007
1.35005
1.35003
1.35002
1.35
1.34998
1.34996
1.34994
1.34992
1.34991
1.34989
1.34987
1.34986
1.34984
1.34983
1.34981
1.3498
1.34978
1.34977
1.34975
1.34974
1.34972
1.34971
1.34969
1.34968
1.34966
1.34964
1.34963
1.34961
1.34959
1.34958
1.34956
1.34954
1.34952
1.3495
1.34948
1.34946
1.34944
1.34941
1.34939
1.34937
1.34934
1.34932
1.3493
1.34927
1.34925
1.34922
1.3492
1.34917
1.34915
1.34913
1.3491
1.34908
1.34905
1.34903
1.34901
1.34899
1.34896
1.34894
1.34892
1.3489
1.34889
1.34887
1.34886
1.34884
1.34883
1.34882
1.34881
1.3488
1.34879
1.34879
1.34879
1.34879
1.34879
1.3488
1.3488
1.34881
