1.4
1.39999
1.39997
1.39994
1.39991
1.39986
1.39981
1.39975
1.39968
1.3996
1.39952
1.39942
1.39932
1.39921
1.39909
1.39896
1.39882
1.39868
1.39853
1.39837
1.3982
1.39802
1.39784
1.39765
1.39745
1.39725
1.39704
1.39682
1.39659
1.39636
1.39612
1.39588
1.39562
1.39537
1.3951
1.39484
1.39456
1.39428
1.394
1.39371
1.39341
1.39312
1.39281
1.39251
1.3922
1.39189
1.39157
1.39125
1.39093
1.39061
1.39028
1.38996
1.38963
1.3893
1.38898
1.38865
1.38832
1.388
1.38768
1.38736
1.38704
1.38673
1.38642
1.38612
1.38582
1.38552
1.38523
1.38495
1.38468
1.38441
1.38415
1.3839
1.38365
1.38342
1.38319
1.38297
1.38276
1.38256
1.38237
1.38218
1.38201
1.38184
1.38169
1.38154
1.3814
1.38127
1.38114
1.38103
1.38092
1.38082
1.38073
1.38064
1.38056
1.38048
1.38041
1.38035
1.38029
1.38024
1.38018
1.38014
1.38009
1.38005
1.38001
1.37998
1.37994
1.37991
1.37988
1.37985
1.37982
1.37979
1.37976
1.37974
1.37971
1.37968
1.37965
1.37963
1.3796
1.37957
1.37954
1.37952
1.37949
1.37946
1.37943
1.3794
1.37938
1.37935
1.37932
1.37929
1.37926
1.37923
1.37921
1.37918
1.37915
1.37912
1.37909
1.37907
1.37904
1.37901
1.37898
1.37895
1.37892
1.3789
1.37887
1.37884
1.37881
1.37878
1.37875
1.37873
1.3787
1.37867
1.37864
1.37861
1.37858
1.37856
1.37853
1.3785
1.37847
1.37844
1.37841
1.37839
1.37836
1.37833
1.37831
1.37828
1.37825
1.37823
1.3782
1.37818
1.37815
1.37813
1.37811
1.37808
1.37806
1.37804
1.37802
1.378
1.37798
1.37796
1.37794
1.37793
1.37791
1.37789
1.37787
1.37786
1.37784
1.37782
1.37781
1.37779
1.37778
1.37776
1.37775
1.37773
1.37772
1.3777
1.37768
1.37767
1.37765
1.37764
1.37762
1.3776
1.37759
1.37757
1.37755
1.37754
1.37752
1.3775
1.37748
1.37747
1.37745
1.37743
1.37742
1.3774
1.37738
1.37737
1.37735
1.37734
1.37733
1.37732
1.3773
1.37729
1.37728
1.37728
1.37727
1.37726
1.37726
1.37725
1.37725
1.37725
1.37725
1.37725
1.37725
1.37725
1.37725
1.37725
1.37725
1.37725
1.37726
1.37726
1.37726
1.37727
1.37727
1.37727
1.37727
1.37727
1.37727
1.37727
1.37727
1.37726
1.37726
1.37726
1.37725
1.37724
1.37724
1.37723
1.37722
1.3772
1.37719
1.37718
1.37716
1.37715
1.37713
1.37711
1.37709
1.37707
1.37705
1.37703
1.37701
1.37698
1.37696
1.37693
1.37691
1.37688
1.37685
1.37682
1.37679
1.37676
1.37673
1.3767
1.37666
1.37663
1.3766
1.37656
1.37653
1.3765
1.37646
1.37643
1.37639
1.37636
1.37632
1.37629
1.37626
1.37622
1.37619
1.37616
1.37613
1.3761
1.37607
1.37604
1.37601
1.37598
1.37596
1.37594
1.37591
1.37589
1.37587
1.37585
1.37584
1.37582
1.37581
1.3758
1.37579
1.37578
1.37577
1.37577
1.37576
1.37576
1.37576
1.37576
1.37576
1.37577
1.37578
1.37579
1.3758
1.37581
1.37582
1.37584
1.37586
1.37588
1.3759
1.37593
1.37595
1.37598
1.37601
1.37604
1.37608
1.37612
1.37615
1.37619
1.37624
1.37628
1.37633
1.37637
1.37642
1.37647
1.37652
1.37658
1.37663
1.37668
1.37674
1.3768
1.37685
1.37691
1.37697
1.37703
1.37709
1.37715
1.37721
1.37726
1.37732
1.37738
1.37744
1.3775
1.37756
1.37762
1.37768
1.37774
1.3778
1.37785
1.37791
1.37797
1.37802
1.37808
1.37814
1.37819
1.37825
1.3783
1.37836
1.37841
1.37846
1.37852
1.37857
1.37862
1.37867
1.37872
1.37877
1.37882
1.37887
1.37892
1.37896
1.37901
1.37906
1.3791
1.37914
1.37919
1.37923
1.37927
1.37931
1.37934
1.37938
1.37941
1.37945
1.37948
1.37951
1.37954
1.37957
1.37959
1.37961
1.37964
1.37965
1.37967
1.37969
1.3797
1.37971
1.37972
1.37973
1.37974
1.37974
1.37974
1.37974
1.37974
1.37973
1.37973
1.37972
1.37971
1.3797
1.37969
1.37968
1.37966
1.37964
1.37963
1.37961
1.37959
1.37956
1.37954
1.37952
1.37949
1.37947
1.37944
1.37942
1.37939
1.37936
1.37933
1.37931
1.37928
1.37925
1.37922
1.37919
1.37916
1.37912
1.37909
1.37906
1.37903
1.379
1.37897
1.37894
1.37891
1.37888
1.37885
1.37882
1.37879
1.37876
1.37873
1.3787
1.37867
1.37865
1.37862
1.3786
1.37857
1.37855
1.37852
1.3785
1.37848
1.37846
1.37844
1.37842
1.3784
1.37838
1.37836
1.37835
1.37833
1.37831
1.37829
1.37828
1.37826
1.37825
1.37823
1.37821
1.3782
1.37818
1.37817
1.37815
1.37813
1.37812
1.3781
1.37809
1.37807
1.37805
1.37804
1.37802
1.378
1.37799
1.37797
1.37796
1.37794
1.37792
1.37791
1.37789
1.37788
1.37786
1.37784
1.37783
1.37781
1.3778
1.37778
1.37777
1.37775
1.37774
1.37772
1.37771
1.37769
1.37768
1.37766
1.37765
1.37763
1.37762
1.3776
1.37759
1.37757
1.37756
1.37754
1.37752
1.3775
1.37749
1.37747
1.37745
1.37743
1.37741
1.37739
1.37737
1.37735
1.37733
1.37731
1.37729
1.37727
1.37724
1.37722
1.3772
1.37718
1.37716
1.37714
1.37712
1.3771
1.37708
1.37707
1.37705
1.37704
1.37702
1.37701
1.377
1.37699
1.37698
1.37697
1.37696
1.37696
1.37695
1.37695
1.37695
1.37695
1.37695
1.37695
1.37695
1.37695
1.37696
1.37696
1.37697
1.37697
1.37697
1.37698
1.37698
1.37699
1.37699
1.37699
1.37699
1.377
1.377
1.377
1.377
1.377
1.377
1.377
1.377
1.37699
1.37699
1.37699
1.37698
1.37698
1.37697
1.37696
1.37696
1.37695
1.37694
1.37694
1.37693
1.37692
1.37691
1.3769
1.37689
1.37689
1.37688
1.37687
1.37686
1.37685
1.37684
1.37683
1.37682
1.37681
1.3768
1.37679
1.37678
1.37677
1.37676
1.37675
1.37674
1.37672
1.37671
1.3767
1.37669
1.37668
1.37666
1.37665
1.37664
1.37662
1.37661
1.3766
1.37658
1.37656
1.37655
1.37653
1.37651
1.3765
1.37648
1.37646
1.37644
1.37642
1.3764
1.37638
1.37636
1.37633
1.37631
1.37629
1.37626
1.37624
1.37622
1.37619
1.37617
1.37615
1.37612
1.3761
1.37608
1.37606
1.37604
1.37602
1.376
1.37598
1.37596
1.37595
1.37593
1.37592
1.37591
1.3759
1.37589
1.37588
1.37587
1.37587
1.37586
1.37586
1.37586
1.37585
1.37585
1.37585
1.37585
1.37585
1.37586
1.37586
1.37586
1.37587
1.37587
1.37587
1.37588
1.37588
1.37588
1.37589
1.37589
1.37589
1.3759
1.3759
1.3759
1.3759
1.37591
1.37591
1.37591
1.37591
1.3759
1.3759
1.3759
1.37589
1.37589
1.37588
1.37588
1.37587
1.37586
1.37585
1.37584
1.37583
1.37581
1.3758
1.37579
1.37577
1.37575
1.37573
1.37571
1.37569
1.37567
1.37565
1.37563
1.3756
1.37558
1.37555
1.37552
1.37549
1.37546
1.37543
1.3754
1.37537
1.37533
1.3753
1.37526
1.37522
1.37518
1.37515
1.3751
1.37506
1.37502
1.37498
1.37493
1.37489
1.37484
1.3748
1.37475
1.3747
1.37465
1.37461
1.37456
1.37451
1.37446
1.37442
1.37437
1.37432
1.37428
1.37423
1.37419
1.37414
1.3741
1.37406
1.37402
1.37398
1.37394
1.37391
1.37387
1.37384
1.37381
1.37377
1.37374
1.37372
1.37369
1.37366
1.37364
1.37361
1.37359
1.37357
1.37355
1.37353
1.37351
1.37349
1.37347
1.37346
1.37344
1.37343
1.37341
1.3734
1.37339
1.37338
1.37337
1.37336
1.37335
1.37334
1.37333
1.37333
1.37333
1.37332
1.37332
1.37332
1.37332
1.37333
1.37333
1.37334
1.37335
1.37336
1.37337
1.37338
1.3734
1.37342
1.37344
1.37346
1.37348
1.3735
1.37353
1.37355
1.37358
1.37361
1.37364
1.37367
1.3737
1.37373
1.37377
1.3738
1.37384
1.37387
1.37391
1.37394
1.37398
1.37401
1.37404
1.37408
1.37411
1.37415
1.37418
1.37421
1.37425
1.37428
1.37431
1.37434
1.37437
1.3744
1.37443
1.37446
1.37449
1.37451
1.37454
1.37456
1.37459
1.37461
1.37463
1.37465
1.37467
1.37469
1.37471
1.37473
1.37474
1.37476
1.37477
1.37478
1.37479
1.37481
1.37482
1.37483
1.37484
1.37484
1.37485
1.37486
1.37487
1.37487
1.37488
1.37489
1.3749
1.3749
1.37491
1.37492
1.37493
1.37494
1.37495
1.37496
1.37497
1.37498
1.37499
1.37501
1.37502
1.37503
1.37505
1.37506
1.37508
1.37509
1.37511
1.37513
1.37514
1.37516
1.37518
1.3752
1.37522
1.37523
1.37525
1.37527
1.37529
1.37531
1.37533
1.37535
1.37537
1.37539
1.3754
1.37542
1.37544
1.37546
1.37548
1.37549
1.37551
1.37552
1.37554
1.37555
1.37557
1.37558
1.3756
1.37561
1.37562
1.37563
1.37564
1.37565
1.37566
1.37567
1.37568
1.37568
1.37569
1.3757
1.3757
1.37571
1.37571
1.37572
1.37572
1.37573
1.37573
1.37573
1.37574
1.37574
1.37575
1.37575
1.37576
1.37576
1.37577
1.37577
1.37578
1.37579
1.37579
1.3758
1.37581
1.37582
1.37583
1.37584
1.37585
1.37586
1.37588
1.37589
1.37591
1.37592
1.37594
1.37596
1.37598
1.376
1.37602
1.37604
1.37606
1.37609
1.37611
1.37614
1.37617
1.3762
1.37623
1.37626
1.37629
1.37632
1.37636
1.37639
1.37643
1.37646
1.3765
1.37654
1.37657
1.37661
1.37665
1.37669
1.37673
1.37676
1.3768
1.37684
1.37688
1.37692
1.37695
1.37699
1.37702
1.37706
1.37709
1.37713
1.37716
1.37719
1.37722
1.37725
1.37727
1.3773
1.37732
1.37735
1.37737
1.37739
1.37741
1.37742
1.37744
1.37745
1.37746
1.37747
1.37748
1.37748
1.37749
1.37749
1.37749
1.37749
1.37749
1.37748
1.37748
1.37747
1.37746
1.37745
1.37744
1.37742
1.37741
1.37739
1.37738
1.37736
1.37734
1.37732
1.3773
1.37728
1.37726
1.37724
1.37721
1.37719
1.37717
1.37715
1.37713
1.3771
1.37708
1.37706
1.37704
1.37702
1.377
1.37698
1.37696
1.37694
1.37693
1.37691
1.3769
1.37688
1.37687
1.37685
1.37684
1.37683
1.37682
1.3768
1.37679
1.37678
1.37677
1.37676
1.37675
1.37675
1.37674
1.37673
1.37672
1.37671
1.3767
1.37669
1.37668
1.37667
1.37665
1.37664
1.37663
1.37662
1.3766
1.37659
1.37657
1.37655
1.37653
1.37651
1.37649
1.37647
1.37645
1.37643
1.37641
1.37638
1.37636
1.37633
1.37631
1.37628
1.37625
1.37623
1.3762
1.37617
1.37615
1.37612
1.3761
1.37607
1.37604
1.37602
1.37599
1.37597
1.37595
1.37592
1.3759
1.37588
1.37586
1.37583
1.37581
1.37579
1.37577
1.37576
1.37574
1.37572
1.3757
1.37568
1.37567
1.37565
1.37563
1.37562
1.3756
1.37558
1.37557
1.37555
1.37553
1.37552
1.3755
1.37548
1.37547
1.37545
1.37543
1.37542
1.3754
1.37538
1.37537
1.37535
1.37533
1.37532
1.3753
1.37529
1.37527
1.37526
1.37524
1.37523
1.37521
1.3752
1.37519
1.37518
1.37517
1.37516
1.37515
1.37514
1.37513
1.37512
1.37511
1.37511
1.3751
1.3751
1.3751
1.37509
1.37509
1.37509
1.37509
1.3751
1.3751
1.37511
1.37511
1.37512
1.37513
1.37513
1.37515
1.37516
1.37517
1.37518
1.3752
1.37522
1.37523
1.37525
1.37527
1.3753
1.37532
1.37534
1.37536
1.37539
1.37541
1.37544
1.37547
1.37549
1.37552
1.37554
1.37557
1.3756
1.37563
1.37565
1.37568
1.3757
1.37573
1.37575
1.37578
1.3758
1.37583
1.37585
1.37587
1.37589
1.37592
1.37594
1.37596
1.37598
1.376
1.37602
1.37604
1.37606
1.37608
1.3761
1.37612
1.37614
1.37616
1.37618
1.3762
1.37622
1.37624
1.37626
1.37628
1.3763
1.37632
1.37634
1.37636
1.37638
1.3764
1.37643
1.37645
1.37647
1.37649
1.37652
1.37654
1.37656
1.37658
1.37661
1.37663
1.37665
1.37667
1.37669
1.37671
1.37673
1.37675
1.37677
1.37679
1.37681
1.37682
1.37684
1.37685
1.37687
1.37688
1.37689
1.37691
1.37692
1.37693
1.37694
1.37695
1.37695
1.37696
1.37697
1.37698
1.37698
1.37699
1.37699
1.377
1.377
1.37701
1.37701
1.37702
1.37702
1.37702
1.37703
1.37703
1.37703
1.37704
1.37704
1.37704
1.37705
1.37705
1.37705
1.37705
1.37706
1.37706
1.37706
1.37706
1.37707
1.37707
1.37707
1.37707
1.37707
1.37708
1.37708
1.37708
1.37709
1.37709
1.37709
1.3771
1.3771
1.37711
1.37712
1.37713
1.37714
1.37715
1.37716
1.37717
1.37718
1.3772
1.37722
1.37723
1.37725
1.37727
1.3773
1.37732
1.37734
1.37737
1.3774
1.37743
1.37746
1.37749
1.37752
1.37755
1.37758
1.37762
1.37765
1.37768
1.37772
1.37775
1.37779
1.37782
1.37786
1.37789
1.37792
1.37796
1.37799
1.37802
1.37805
1.37808
1.37811
1.37813
1.37816
1.37818
1.3782
1.37822
1.37824
1.37825
1.37827
1.37828
1.37829
1.37829
1.3783
1.3783
1.3783
1.3783
1.37829
1.37829
1.37828
1.37827
1.37826
1.37825
1.37823
1.37822
1.3782
1.37818
1.37817
1.37815
1.37813
1.3781
1.37808
1.37806
1.37804
1.37801
1.37799
1.37796
1.37794
1.37791
1.37789
1.37786
1.37784
1.37781
1.37779
1.37776
1.37774
1.37771
1.37768
1.37766
1.37763
1.3776
1.37757
1.37754
1.37752
1.37749
1.37746
1.37743
1.37739
1.37736
1.37733
1.3773
1.37726
1.37723
1.37719
1.37715
1.37712
1.37708
1.37704
1.37699
1.37695
1.37691
1.37687
1.37682
1.37677
1.37673
1.37668
1.37663
1.37658
1.37652
1.37647
1.37642
1.37636
1.3763
1.37625
1.37619
1.37613
1.37606
1.376
1.37594
1.37587
1.37581
1.37574
1.37568
1.37561
1.37554
1.37547
1.3754
1.37533
1.37526
1.37519
1.37511
1.37504
1.37497
1.3749
1.37482
1.37475
1.37468
1.37461
1.37453
1.37446
1.37439
1.37432
1.37425
1.37418
1.37412
1.37405
1.37398
1.37392
1.37386
1.37379
1.37373
1.37368
1.37362
1.37356
1.37351
1.37346
1.37341
1.37336
1.37331
1.37327
1.37323
1.37319
1.37315
1.37312
1.37309
1.37306
1.37304
1.37301
1.37299
1.37298
1.37296
1.37295
1.37294
1.37294
1.37293
1.37293
1.37293
1.37294
1.37295
1.37296
1.37297
1.37298
1.373
1.37302
1.37304
1.37307
1.37309
1.37312
1.37315
1.37318
1.37321
1.37324
1.37327
1.37331
1.37335
1.37338
1.37342
1.37346
1.3735
1.37354
1.37358
1.37362
1.37366
1.3737
1.37375
1.37379
1.37383
1.37387
1.37391
1.37396
1.374
1.37404
1.37408
1.37413
1.37417
1.37421
1.37425
1.37429
1.37434
1.37438
1.37442
1.37446
1.3745
1.37455
1.37459
1.37463
1.37468
1.37472
1.37476
1.37481
1.37485
1.37489
1.37494
1.37498
1.37503
1.37507
1.37512
1.37516
1.37521
1.37525
1.3753
1.37534
1.37538
1.37543
1.37547
1.37551
1.37555
1.37559
1.37564
1.37567
1.37571
1.37575
1.37579
1.37583
1.37586
1.3759
1.37593
1.37596
1.37599
1.37602
1.37605
1.37608
1.37611
1.37614
1.37617
1.37619
1.37622
1.37624
1.37626
1.37629
1.37631
1.37633
1.37635
1.37638
1.3764
1.37642
1.37644
1.37646
1.37648
1.3765
1.37652
1.37654
1.37656
1.37658
1.3766
1.37662
1.37664
1.37666
1.37668
1.37671
1.37673
1.37675
1.37678
1.3768
1.37682
1.37685
1.37687
1.3769
1.37693
1.37695
1.37698
1.37701
1.37703
1.37706
1.37709
1.37712
1.37714
1.37717
1.3772
1.37723
1.37725
1.37728
1.3773
1.37733
1.37735
1.37738
1.3774
1.37742
1.37744
1.37746
1.37748
1.3775
1.37751
1.37753
1.37754
1.37755
1.37756
1.37757
1.37758
1.37758
1.37758
1.37759
1.37759
1.37758
1.37758
1.37757
1.37757
1.37756
1.37755
1.37753
1.37752
1.37751
1.37749
1.37747
1.37745
1.37743
1.37741
1.37739
1.37737
1.37734
1.37732
1.3773
1.37727
1.37725
1.37723
1.3772
1.37718
1.37716
1.37714
1.37712
1.3771
1.37709
1.37707
1.37706
1.37704
1.37703
1.37702
1.37701
1.37701
1.377
1.377
1.377
1.377
1.377
1.37701
1.37701
1.37702
1.37703
1.37705
1.37706
1.37708
1.37709
1.37711
1.37713
1.37715
1.37718
1.3772
1.37723
1.37726
1.37729
1.37732
1.37735
1.37738
1.37741
1.37745
1.37748
1.37752
1.37756
1.3776
1.37763
1.37767
1.37772
1.37776
1.3778
1.37784
1.37789
1.37793
1.37798
1.37802
1.37807
1.37812
1.37816
1.37821
1.37826
1.37831
1.37835
1.3784
1.37845
1.3785
1.37854
1.37859
1.37863
1.37868
1.37872
1.37876
1.37881
1.37885
1.37889
1.37892
1.37896
1.37899
1.37903
1.37906
1.37909
1.37912
1.37914
1.37917
1.37919
1.37921
1.37923
1.37925
1.37926
1.37928
1.37929
1.3793
1.37931
1.37931
1.37931
1.37932
1.37931
1.37931
1.37931
1.3793
1.37929
1.37928
1.37927
1.37926
1.37924
1.37923
1.37921
1.37919
1.37917
1.37915
1.37913
1.37911
1.37908
1.37906
1.37903
1.37901
1.37898
1.37896
1.37893
1.37891
1.37888
1.37886
1.37884
1.37881
1.37879
1.37877
1.37875
1.37873
1.37871
1.37869
1.37867
1.37866
1.37864
1.37863
1.37861
1.3786
1.37859
1.37858
1.37857
1.37856
1.37855
1.37855
1.37854
1.37854
1.37853
1.37853
1.37852
1.37852
1.37852
1.37851
1.37851
1.37851
1.37851
1.37851
1.3785
1.3785
1.3785
1.3785
1.3785
1.3785
1.3785
1.3785
1.37849
1.37849
1.37849
1.37849
1.37849
1.37849
1.37849
1.37849
1.37849
1.37849
1.37849
1.37849
1.37849
1.37849
1.37849
1.37849
1.3785
1.3785
1.3785
1.3785
1.3785
1.3785
1.3785
1.3785
1.3785
1.3785
1.37851
1.37851
1.37851
1.37851
1.37851
1.37851
1.37851
1.37851
1.37851
1.37851
1.37851
1.3785
1.3785
1.3785
1.3785
1.3785
1.37849
1.37849
1.37849
1.37848
1.37848
1.37847
1.37847
1.37846
1.37845
1.37844
1.37843
1.37842
1.37841
1.37839
1.37838
1.37836
1.37834
1.37832
1.3783
1.37828
1.37826
1.37823
1.3782
1.37817
1.37814
1.37811
1.37807
1.37804
1.378
1.37796
1.37792
1.37788
1.37784
1.37779
1.37775
1.3777
1.37765
1.3776
1.37755
1.37751
1.37746
1.37741
1.37736
1.37731
1.37726
1.37721
1.37716
1.37712
1.37707
1.37703
1.37699
1.37695
1.37691
1.37687
1.37684
1.37681
1.37678
1.37676
1.37674
1.37672
1.3767
1.37669
1.37668
1.37668
1.37668
1.37668
1.37669
1.3767
1.37671
1.37673
1.37675
1.37678
1.3768
1.37684
1.37687
1.37691
1.37695
1.37699
1.37704
1.37709
1.37713
1.37719
1.37724
1.37729
1.37735
1.3774
1.37746
1.37752
1.37757
1.37763
1.37769
1.37774
1.3778
1.37785
1.3779
1.37795
1.378
1.37805
1.3781
1.37814
1.37819
1.37823
1.37827
1.37831
1.37834
1.37837
1.3784
1.37843
1.37846
1.37848
1.3785
1.37852
1.37854
1.37855
1.37857
1.37857
1.37858
1.37859
1.37859
1.37859
1.37859
1.37859
1.37858
1.37857
1.37856
1.37855
1.37854
1.37853
1.37851
1.37849
1.37848
1.37846
1.37843
1.37841
1.37839
1.37837
1.37834
1.37831
1.37829
1.37826
1.37823
1.3782
1.37817
1.37815
1.37812
1.37808
1.37805
1.37802
1.37799
1.37796
1.37792
1.37789
1.37786
1.37782
1.37779
1.37775
1.37771
1.37768
1.37764
1.3776
1.37756
1.37752
1.37748
1.37744
1.3774
1.37735
1.37731
1.37726
1.37722
1.37717
1.37712
1.37708
1.37703
1.37698
1.37693
1.37688
1.37683
1.37678
1.37673
1.37669
1.37664
1.37659
1.37654
1.37649
1.37645
1.3764
1.37635
1.37631
1.37627
1.37622
1.37618
1.37614
1.3761
1.37607
1.37603
1.376
1.37596
1.37593
1.3759
1.37587
1.37584
1.37582
1.3758
1.37577
1.37575
1.37574
1.37572
1.3757
1.37569
1.37568
1.37567
1.37566
1.37565
1.37565
1.37564
1.37564
1.37564
1.37563
1.37563
1.37563
1.37563
1.37563
1.37563
1.37563
1.37563
1.37563
1.37563
1.37563
1.37563
1.37563
1.37562
1.37562
1.37562
1.37561
1.37561
1.37561
1.3756
1.3756
1.37559
1.37559
1.37558
1.37558
1.37558
1.37557
1.37557
1.37557
1.37557
1.37557
1.37557
1.37557
1.37557
1.37557
1.37558
1.37558
1.37559
1.37559
1.3756
1.37561
1.37562
1.37563
1.37565
1.37566
1.37567
1.37569
1.3757
1.37572
1.37573
1.37575
1.37577
1.37578
1.3758
1.37582
1.37583
1.37585
1.37587
1.37589
1.37591
1.37593
1.37594
1.37596
1.37598
1.376
1.37602
1.37604
1.37606
1.37608
1.37611
1.37613
1.37615
1.37617
1.37619
1.37622
1.37624
1.37626
1.37628
1.37631
1.37633
1.37635
1.37637
1.3764
1.37642
1.37644
1.37646
1.37648
1.3765
1.37652
1.37654
1.37656
1.37657
1.37659
1.3766
1.37662
1.37663
1.37665
1.37666
1.37667
1.37668
1.37669
1.3767
1.37671
1.37671
1.37672
1.37673
1.37673
1.37673
1.37674
1.37674
1.37674
1.37674
1.37674
1.37674
1.37673
1.37673
1.37673
1.37672
1.37671
1.37671
1.3767
1.37669
1.37669
1.37668
1.37667
1.37666
1.37665
1.37664
1.37663
1.37662
1.37661
1.3766
1.37659
1.37657
1.37656
1.37655
1.37654
1.37653
1.37652
1.37651
1.3765
1.3765
1.37649
1.37648
1.37647
1.37647
1.37646
1.37645
1.37645
1.37644
1.37644
1.37643
1.37643
1.37643
1.37642
1.37642
1.37642
1.37642
1.37642
1.37642
1.37643
1.37643
1.37643
1.37644
1.37645
1.37645
1.37646
1.37647
1.37649
1.3765
1.37651
1.37653
1.37655
1.37657
1.37659
1.37661
1.37664
1.37666
1.37669
1.37672
1.37675
1.37678
1.37681
1.37685
1.37688
1.37691
1.37695
1.37699
1.37702
1.37706
1.3771
1.37713
1.37717
1.3772
1.37724
1.37727
1.37731
1.37734
1.37737
1.3774
1.37743
1.37746
1.37749
1.37752
1.37754
1.37756
1.37758
1.3776
1.37762
1.37764
1.37766
1.37767
1.37768
1.3777
1.37771
1.37772
1.37773
1.37773
1.37774
1.37775
1.37775
1.37776
1.37776
1.37777
1.37777
1.37778
1.37778
1.37779
1.37779
1.3778
1.3778
1.37781
1.37781
1.37782
1.37783
1.37784
1.37784
1.37785
1.37786
1.37787
1.37788
1.37789
1.3779
1.37791
1.37792
1.37793
1.37794
1.37795
1.37796
1.37797
1.37798
1.37799
1.378
1.37801
1.37802
1.37802
1.37803
1.37804
1.37805
1.37805
1.37806
1.37807
1.37807
1.37808
1.37808
1.37809
1.3781
1.3781
1.37811
1.37812
1.37812
1.37813
1.37813
1.37814
1.37815
1.37815
1.37816
1.37817
1.37817
1.37818
1.37819
1.37819
1.3782
1.3782
1.37821
1.37822
1.37822
1.37823
1.37823
1.37823
1.37824
1.37824
1.37824
1.37824
1.37825
1.37825
1.37825
1.37825
1.37824
1.37824
1.37824
1.37824
1.37823
1.37823
1.37823
1.37822
1.37821
1.37821
1.3782
1.37819
1.37819
1.37818
1.37817
1.37816
1.37815
1.37815
1.37814
1.37813
1.37812
1.37811
1.3781
1.37809
1.37808
1.37808
1.37807
1.37806
1.37805
1.37804
1.37803
1.37803
1.37802
1.37801
1.378
1.37799
1.37798
1.37797
1.37796
1.37795
1.37794
1.37793
1.37792
1.3779
1.37789
1.37787
1.37786
1.37784
1.37782
1.3778
1.37778
1.37776
1.37774
1.37772
1.3777
1.37767
1.37765
1.37762
1.37759
1.37757
1.37754
1.37751
1.37748
1.37745
1.37742
1.37739
1.37736
1.37734
1.3773
1.37727
1.37724
1.37721
1.37718
1.37715
1.37712
1.37709
1.37706
1.37703
1.377
1.37696
1.37693
1.3769
1.37686
1.37683
1.3768
1.37676
1.37673
1.37669
1.37665
1.37662
1.37658
1.37654
1.37651
1.37647
1.37643
1.37639
1.37635
1.37631
1.37627
1.37623
1.37619
1.37616
1.37612
1.37608
1.37605
1.37601
1.37598
1.37594
1.37591
1.37588
1.37585
1.37583
1.3758
1.37578
1.37576
1.37574
1.37573
1.37572
1.37571
1.3757
1.3757
1.37569
1.3757
1.3757
1.37571
1.37572
1.37573
1.37575
1.37577
1.37579
1.37582
1.37584
1.37587
1.37591
1.37594
1.37598
1.37602
1.37606
1.3761
1.37615
1.37619
1.37624
1.37628
1.37633
1.37638
1.37643
1.37647
1.37652
1.37657
1.37661
1.37665
1.3767
1.37674
1.37677
1.37681
1.37684
1.37687
1.3769
1.37692
1.37694
1.37696
1.37698
1.37699
1.377
1.377
1.377
1.377
1.377
1.37699
1.37698
1.37697
1.37695
1.37694
1.37692
1.3769
1.37687
1.37685
1.37682
1.37679
1.37676
1.37673
1.3767
1.37667
1.37664
1.37661
1.37657
1.37654
1.37651
1.37648
1.37644
1.37641
1.37638
1.37635
1.37632
1.37629
1.37626
1.37623
1.37621
1.37618
1.37615
1.37613
1.3761
1.37608
1.37606
1.37604
1.37601
1.37599
1.37598
1.37596
1.37594
1.37592
1.37591
1.37589
1.37588
1.37587
1.37586
1.37585
1.37584
1.37583
1.37582
1.37582
1.37581
1.37581
1.37581
1.3758
1.3758
1.3758
1.37581
1.37581
1.37581
1.37582
1.37582
1.37583
1.37583
1.37584
1.37585
1.37586
1.37587
1.37588
1.37589
1.3759
1.37591
1.37593
1.37594
1.37595
1.37596
1.37598
1.37599
1.37601
1.37602
1.37604
1.37606
1.37607
1.37609
1.37611
1.37613
1.37614
1.37616
1.37618
1.37621
1.37623
1.37625
1.37627
1.37629
1.37632
1.37634
1.37637
1.37639
1.37642
1.37644
1.37647
1.37649
1.37652
1.37654
1.37657
1.37659
1.37662
1.37664
1.37667
1.37669
1.37672
1.37674
1.37676
1.37678
1.3768
1.37682
1.37684
1.37685
1.37687
1.37688
1.37689
1.3769
1.37691
1.37692
1.37693
1.37693
1.37694
1.37694
1.37694
1.37694
1.37695
1.37694
1.37694
1.37694
1.37694
1.37693
1.37693
1.37693
1.37692
1.37691
1.37691
1.3769
1.3769
1.37689
1.37689
1.37688
1.37687
1.37687
1.37686
1.37686
1.37685
1.37685
1.37684
1.37684
1.37683
1.37683
1.37682
1.37682
1.37682
1.37681
1.37681
1.3768
1.3768
1.3768
1.3768
1.37679
1.37679
1.37679
1.37679
1.37678
1.37678
1.37678
1.37678
1.37677
1.37677
1.37677
1.37677
1.37676
1.37676
1.37676
1.37676
1.37675
1.37675
1.37675
1.37674
1.37674
1.37674
1.37673
1.37673
1.37672
1.37672
1.37672
1.37671
1.37671
1.3767
1.37669
1.37669
1.37668
1.37667
1.37666
1.37666
1.37665
1.37664
1.37663
1.37662
1.37661
1.3766
1.37659
1.37658
1.37656
1.37655
1.37654
1.37653
1.37652
1.37651
1.37649
1.37648
1.37647
1.37646
1.37645
1.37644
1.37643
1.37642
1.37641
1.37641
1.3764
1.37639
1.37638
1.37638
1.37637
1.37637
1.37636
1.37636
1.37636
1.37636
1.37635
1.37635
1.37635
1.37635
1.37635
1.37636
1.37636
1.37636
1.37636
1.37637
1.37637
1.37638
1.37638
1.37639
1.3764
1.37641
1.37641
1.37642
1.37643
1.37644
1.37645
1.37646
1.37647
1.37648
1.37649
1.3765
1.37651
1.37652
1.37653
1.37654
1.37655
1.37655
1.37656
1.37656
1.37657
1.37657
1.37657
1.37657
1.37657
1.37657
1.37656
1.37656
1.37655
1.37654
1.37653
1.37652
1.37651
1.37649
1.37648
1.37647
1.37645
1.37643
1.37642
1.3764
1.37638
1.37637
1.37635
1.37633
1.37632
1.3763
1.37629
1.37628
1.37626
1.37625
1.37624
1.37623
1.37623
1.37622
1.37622
1.37622
1.37621
1.37622
1.37622
1.37623
1.37623
1.37624
1.37625
1.37627
1.37628
1.3763
1.37631
1.37633
1.37636
1.37638
1.3764
1.37643
1.37645
1.37648
1.37651
1.37654
1.37656
1.37659
1.37662
1.37665
1.37669
1.37672
1.37675
1.37678
1.37681
1.37683
1.37686
1.37689
1.37692
1.37694
1.37697
1.37699
1.37701
1.37703
1.37705
1.37707
1.37708
1.3771
1.37711
1.37712
1.37713
1.37714
1.37715
1.37715
1.37715
1.37716
1.37716
1.37715
1.37715
1.37715
1.37714
1.37714
1.37713
1.37713
1.37712
1.37711
1.3771
1.37709
1.37708
1.37707
1.37706
1.37705
1.37704
1.37703
1.37702
1.37701
1.377
1.37699
1.37699
1.37698
1.37697
1.37696
1.37695
1.37694
1.37693
1.37692
1.37691
1.37691
1.3769
1.37689
1.37688
1.37687
1.37687
1.37686
1.37685
1.37684
1.37684
1.37683
1.37683
1.37682
1.37682
1.37682
1.37682
1.37681
1.37681
1.37681
1.37682
1.37682
1.37682
1.37683
1.37683
1.37684
1.37685
1.37686
1.37687
1.37688
1.37689
1.3769
1.37691
1.37693
1.37694
1.37695
1.37696
1.37698
1.37699
1.377
1.37701
1.37702
1.37703
1.37704
1.37704
1.37705
1.37705
1.37706
1.37706
1.37706
1.37706
1.37705
1.37704
1.37704
1.37703
1.37701
1.377
1.37698
1.37696
1.37694
1.37692
1.3769
1.37687
1.37684
1.37681
1.37678
1.37674
1.37671
1.37667
1.37663
1.37658
1.37654
1.3765
1.37645
1.3764
1.37635
1.3763
1.37625
1.37619
1.37614
1.37608
1.37602
1.37597
1.37591
1.37585
1.37579
1.37573
1.37567
1.3756
1.37554
1.37548
1.37542
1.37536
1.37529
1.37523
1.37517
1.37511
1.37505
1.37499
1.37493
1.37487
1.37481
1.37475
1.37469
1.37464
1.37458
1.37453
1.37447
1.37442
1.37437
1.37432
1.37427
1.37423
1.37418
1.37414
1.3741
1.37406
1.37402
1.37398
1.37394
1.37391
1.37388
1.37385
1.37382
1.37379
1.37377
1.37375
1.37373
1.37371
1.37369
1.37368
1.37366
1.37365
1.37364
1.37363
1.37363
1.37363
1.37362
1.37362
1.37362
1.37363
1.37363
1.37364
1.37365
1.37366
1.37367
1.37369
1.3737
1.37372
1.37374
1.37376
1.37378
1.3738
1.37382
1.37385
1.37387
1.3739
1.37393
1.37396
1.37398
1.37401
1.37404
1.37407
1.3741
1.37414
1.37417
1.3742
1.37423
1.37426
1.37429
1.37432
1.37435
1.37437
1.3744
1.37443
1.37445
1.37448
1.3745
1.37453
1.37455
1.37457
1.37459
1.37461
1.37463
1.37465
1.37466
1.37468
1.3747
1.37471
1.37473
1.37474
1.37475
1.37477
1.37478
1.3748
1.37481
1.37482
1.37484
1.37485
1.37486
1.37488
1.37489
1.3749
1.37492
1.37493
1.37495
1.37496
1.37498
1.37499
1.375
1.37502
1.37503
1.37504
1.37506
1.37507
1.37508
1.37509
1.37511
1.37512
1.37513
1.37514
1.37515
1.37515
1.37516
1.37517
1.37518
1.37518
1.37519
1.37519
1.37519
1.3752
1.3752
1.3752
1.3752
1.3752
1.3752
1.37519
1.37519
1.37519
1.37518
1.37518
1.37517
1.37516
1.37515
1.37514
1.37513
1.37512
1.37511
1.3751
1.37508
1.37507
1.37505
1.37504
1.37502
1.37501
1.37499
1.37498
1.37496
1.37495
1.37494
1.37492
1.37491
1.3749
1.37489
1.37488
1.37487
1.37487
1.37487
1.37487
1.37487
1.37487
1.37488
1.37489
1.3749
1.37492
1.37494
1.37496
1.37499
1.37502
1.37505
1.37509
1.37513
1.37517
1.37522
1.37527
1.37532
1.37537
1.37543
1.37549
1.37556
1.37562
1.37569
1.37576
1.37583
1.37591
1.37598
1.37606
1.37614
1.37621
1.37629
1.37637
1.37645
1.37653
1.37661
1.37669
1.37677
1.37684
1.37692
1.377
1.37707
1.37714
1.37721
1.37728
1.37735
1.37741
1.37747
1.37753
1.37759
1.37764
1.37769
1.37774
1.37778
1.37783
1.37786
1.3779
1.37793
1.37796
1.37798
1.37801
1.37802
1.37804
1.37805
1.37806
1.37806
1.37807
1.37807
1.37806
1.37806
1.37805
1.37804
1.37802
1.37801
1.37799
1.37797
1.37795
1.37792
1.3779
1.37787
1.37784
1.37781
1.37778
1.37775
1.37771
1.37768
1.37764
1.37761
1.37757
1.37754
1.3775
1.37747
1.37743
1.3774
1.37736
1.37733
1.3773
1.37727
1.37724
1.37721
1.37718
1.37715
1.37713
1.3771
1.37708
1.37706
1.37704
1.37703
1.37701
1.377
1.37699
1.37698
1.37697
1.37696
1.37696
1.37696
1.37696
1.37696
1.37696
1.37697
1.37698
1.37698
1.37699
1.377
1.37701
1.37703
1.37704
1.37706
1.37707
1.37709
1.3771
1.37712
1.37714
1.37716
1.37718
1.3772
1.37722
1.37724
1.37726
1.37728
1.3773
1.37733
1.37735
1.37737
1.37739
1.37742
1.37744
1.37746
1.37749
1.37751
1.37753
1.37756
1.37758
1.3776
1.37763
1.37765
1.37767
1.3777
1.37772
1.37774
1.37776
1.37778
1.3778
1.37782
1.37784
1.37786
1.37788
1.3779
1.37791
1.37793
1.37794
1.37796
1.37797
1.37798
1.37799
1.378
1.37801
1.37802
1.37803
1.37804
1.37805
1.37805
1.37806
1.37807
1.37807
1.37807
1.37808
1.37808
1.37809
1.37809
1.37809
1.37809
1.3781
1.3781
1.3781
1.37811
1.37811
1.37812
1.37812
1.37813
1.37813
1.37814
1.37814
1.37815
1.37816
1.37817
1.37818
1.3782
1.37821
1.37822
1.37824
1.37826
1.37828
1.3783
1.37832
1.37834
1.37837
1.37839
1.37842
1.37845
1.37848
1.37852
1.37855
1.37859
1.37863
1.37867
1.37871
1.37875
1.3788
1.37884
1.37889
1.37894
1.37899
1.37904
1.37909
1.37915
1.3792
1.37926
1.37931
1.37937
1.37942
1.37948
1.37954
1.37959
1.37965
1.37971
1.37976
1.37982
1.37987
1.37993
1.37998
1.38004
1.38009
1.38014
1.38019
1.38024
1.38028
1.38033
1.38037
1.38041
1.38045
1.38049
1.38053
1.38056
1.38059
1.38062
1.38065
1.38067
1.38069
1.38071
1.38073
1.38075
1.38076
1.38077
1.38078
1.38078
1.38079
1.38079
1.38078
1.38078
1.38077
1.38076
1.38075
1.38073
1.38072
1.3807
1.38068
1.38066
1.38063
1.38061
1.38058
1.38055
1.38052
1.38048
1.38045
1.38041
1.38038
1.38034
1.3803
1.38026
1.38022
1.38018
1.38014
1.3801
1.38006
1.38002
1.37998
1.37994
1.3799
1.37986
1.37982
1.37978
1.37974
1.3797
1.37967
1.37963
1.37959
1.37955
1.37952
1.37948
1.37945
1.37941
1.37938
1.37934
1.37931
1.37928
1.37924
1.37921
1.37917
1.37914
1.37911
1.37907
1.37904
1.37901
1.37897
1.37894
1.3789
1.37887
1.37883
1.37879
1.37876
1.37872
1.37868
1.37864
1.3786
1.37856
1.37851
1.37847
1.37842
1.37838
1.37833
1.37828
1.37823
1.37817
1.37812
1.37806
1.37801
1.37795
1.37789
1.37783
1.37777
1.3777
1.37764
1.37758
1.37751
1.37745
1.37738
1.37732
1.37725
1.37718
1.37712
1.37705
1.37699
1.37693
1.37686
1.3768
1.37674
1.37668
1.37663
1.37657
1.37652
1.37647
1.37642
1.37637
1.37632
1.37628
1.37624
1.3762
1.37616
1.37613
1.3761
1.37607
1.37604
1.37601
1.37599
1.37597
1.37595
1.37593
1.37591
1.3759
1.37588
1.37587
1.37586
1.37585
1.37584
1.37583
1.37583
1.37582
1.37581
1.37581
1.3758
1.3758
1.3758
1.37579
1.37579
1.37579
1.37579
1.37579
1.37579
1.37579
1.37579
1.37579
1.37579
1.37579
1.3758
1.3758
1.3758
1.37581
1.37581
1.37582
1.37582
1.37583
1.37584
1.37585
1.37586
1.37587
1.37588
1.37589
1.3759
1.37592
1.37593
1.37595
1.37597
1.37598
1.376
1.37602
1.37604
1.37606
1.37609
1.37611
1.37613
1.37615
1.37618
1.3762
1.37623
1.37625
1.37627
1.3763
1.37632
1.37635
1.37637
1.3764
1.37642
1.37645
1.37647
1.3765
1.37652
1.37654
1.37656
1.37659
1.37661
1.37663
1.37665
1.37667
1.37669
1.37671
1.37673
1.37675
1.37677
1.37679
1.37681
1.37683
1.37684
1.37686
1.37688
1.3769
1.37691
1.37693
1.37695
1.37697
1.37698
1.377
1.37701
1.37703
1.37704
1.37706
1.37707
1.37709
1.3771
1.37711
1.37712
1.37713
1.37714
1.37715
1.37716
1.37717
1.37717
1.37718
1.37718
1.37718
1.37719
1.37719
1.37719
1.37719
1.37719
1.37719
1.37719
1.37718
1.37718
1.37718
1.37717
1.37717
1.37716
1.37716
1.37715
1.37715
1.37714
1.37714
1.37713
1.37713
1.37712
1.37712
1.37711
1.37711
1.37711
1.3771
1.3771
1.37709
1.37709
1.37709
1.37708
1.37708
1.37707
1.37707
1.37707
1.37706
1.37706
1.37705
1.37705
1.37704
1.37704
1.37703
1.37702
1.37701
1.37701
1.377
1.37699
1.37698
1.37697
1.37696
1.37695
1.37694
1.37692
1.37691
1.3769
1.37688
1.37687
1.37685
1.37683
1.37681
1.37679
1.37677
1.37675
1.37673
1.37671
1.37668
1.37665
1.37663
1.3766
1.37657
1.37654
1.3765
1.37647
1.37643
1.3764
1.37636
1.37632
1.37628
1.37624
1.3762
1.37616
1.37611
1.37607
1.37602
1.37598
1.37593
1.37589
1.37584
1.3758
1.37576
1.37571
1.37567
1.37563
1.37559
1.37555
1.37552
1.37548
1.37545
1.37541
1.37538
1.37536
1.37533
1.37531
1.37529
1.37527
1.37525
1.37524
1.37522
1.37521
1.37521
1.3752
1.3752
1.37519
1.37519
1.3752
1.3752
1.37521
1.37521
1.37522
1.37523
1.37525
1.37526
1.37528
1.37529
1.37531
1.37533
1.37535
1.37537
1.37539
1.37541
1.37544
1.37546
1.37548
1.37551
1.37553
1.37556
1.37559
1.37561
1.37564
1.37567
1.3757
1.37573
1.37576
1.37579
1.37582
1.37585
1.37588
1.37591
1.37594
1.37597
1.376
1.37604
1.37607
1.3761
1.37614
1.37617
1.3762
1.37624
1.37627
1.37631
1.37634
1.37638
1.37641
1.37645
1.37648
1.37652
1.37655
1.37659
1.37662
1.37666
1.3767
1.37673
1.37677
1.3768
1.37684
1.37687
1.37691
1.37694
1.37698
1.37701
1.37704
1.37708
1.37711
1.37714
1.37718
1.37721
1.37724
1.37727
1.3773
1.37733
1.37736
1.37739
1.37742
1.37745
1.37747
1.3775
1.37752
1.37755
1.37757
1.37759
1.37761
1.37763
1.37765
1.37767
1.37769
1.3777
1.37772
1.37773
1.37774
1.37775
1.37776
1.37777
1.37777
1.37778
1.37778
1.37778
1.37779
1.37779
1.37778
1.37778
1.37778
1.37778
1.37777
1.37777
1.37776
1.37775
1.37775
1.37774
1.37773
1.37772
1.37771
1.3777
1.37769
1.37768
1.37767
1.37766
1.37765
1.37764
1.37762
1.37761
1.3776
1.37759
1.37757
1.37756
1.37755
1.37754
1.37753
1.37751
1.3775
1.37749
1.37748
1.37747
1.37746
1.37744
1.37743
1.37742
1.37741
1.3774
1.37739
1.37738
1.37738
1.37737
1.37736
1.37735
1.37734
1.37734
1.37733
1.37733
1.37732
1.37732
1.37731
1.37731
1.3773
1.3773
1.3773
1.37729
1.37729
1.37729
1.37729
1.37729
1.37729
1.37729
1.37729
1.37729
1.37729
1.37729
1.37729
1.37729
1.37729
1.37729
1.37729
1.37729
1.37729
1.37729
1.37729
1.37729
1.37729
1.37729
1.37728
1.37728
1.37728
1.37728
1.37727
1.37727
1.37727
1.37726
1.37725
1.37725
1.37724
1.37723
1.37722
1.37721
1.37719
1.37718
1.37717
1.37715
1.37713
1.37712
1.3771
1.37708
1.37705
1.37703
1.37701
1.37698
1.37695
1.37693
1.3769
1.37687
1.37684
1.37681
1.37677
1.37674
1.37671
1.37668
1.37664
1.37661
1.37658
1.37654
1.37651
1.37648
1.37645
1.37642
1.37638
1.37635
1.37632
1.37629
1.37627
1.37624
1.37621
1.37619
1.37616
1.37614
1.37612
1.3761
1.37608
1.37606
1.37604
1.37602
1.37601
1.37599
1.37598
1.37597
1.37596
1.37595
1.37594
1.37594
1.37593
1.37593
1.37593
1.37593
1.37593
1.37593
1.37594
1.37595
1.37595
1.37596
1.37597
1.37599
1.376
1.37602
1.37603
1.37605
1.37607
1.37609
1.37612
1.37614
1.37616
1.37619
1.37622
1.37624
1.37627
1.3763
1.37632
1.37635
1.37638
1.37641
1.37644
1.37647
1.37649
1.37652
1.37655
1.37658
1.3766
1.37663
1.37665
1.37668
1.3767
1.37672
1.37675
1.37677
1.37679
1.37681
1.37682
1.37684
1.37686
1.37687
1.37689
1.3769
1.37691
1.37692
1.37693
1.37694
1.37695
1.37696
1.37697
1.37698
1.37698
1.37699
1.37699
1.377
1.377
1.377
1.37701
1.37701
1.37701
1.37701
1.37702
1.37702
1.37702
1.37702
1.37702
1.37703
1.37703
1.37703
1.37703
1.37704
1.37704
1.37704
1.37705
1.37705
1.37706
1.37707
1.37707
1.37708
1.37709
1.3771
1.37711
1.37712
1.37713
1.37715
1.37716
1.37718
1.3772
1.37721
1.37723
1.37725
1.37727
1.37729
1.37732
1.37734
1.37736
1.37739
1.37741
1.37743
1.37746
1.37748
1.37751
1.37753
1.37756
1.37758
1.3776
1.37762
1.37764
1.37766
1.37768
1.3777
1.37771
1.37773
1.37774
1.37775
1.37775
1.37776
1.37776
1.37776
1.37776
1.37776
1.37776
1.37775
1.37774
1.37773
1.37772
1.37771
1.37769
1.37768
1.37766
1.37764
1.37762
1.3776
1.37758
1.37756
1.37754
1.37752
1.3775
1.37748
1.37745
1.37743
1.37741
1.37739
1.37737
1.37735
1.37734
1.37732
1.3773
1.37728
1.37727
1.37726
1.37724
1.37723
1.37722
1.3772
1.37719
1.37718
1.37717
1.37717
1.37716
1.37715
1.37714
1.37713
1.37712
1.37712
1.37711
1.3771
1.37709
1.37709
1.37708
1.37707
1.37707
1.37706
1.37705
1.37704
1.37703
1.37703
1.37702
1.37701
1.37701
1.377
1.37699
1.37698
1.37698
1.37697
1.37697
1.37696
1.37696
1.37696
1.37695
1.37695
1.37695
1.37695
1.37695
1.37695
1.37696
1.37696
1.37696
1.37697
1.37697
1.37698
1.37699
1.377
1.377
1.37701
1.37702
1.37703
1.37704
1.37705
1.37707
1.37708
1.37709
1.3771
1.37711
1.37712
1.37713
1.37714
1.37715
1.37716
1.37717
1.37718
1.37719
1.3772
1.37721
1.37722
1.37723
1.37723
1.37724
1.37725
1.37725
1.37726
1.37727
1.37727
1.37728
1.37728
1.37729
1.37729
1.3773
1.3773
1.3773
1.37731
1.37731
1.37731
1.37732
1.37732
1.37732
1.37733
1.37733
1.37733
1.37733
1.37734
1.37734
1.37734
1.37734
1.37734
1.37734
1.37735
1.37735
1.37735
1.37735
1.37735
1.37735
1.37736
1.37736
1.37736
1.37736
1.37736
1.37736
1.37736
1.37737
1.37737
1.37737
1.37737
1.37737
1.37737
1.37737
1.37737
1.37737
1.37737
1.37738
1.37738
1.37738
1.37738
1.37738
1.37738
1.37738
1.37738
1.37738
1.37738
1.37738
1.37738
1.37738
1.37738
1.37738
1.37738
1.37738
1.37738
1.37737
1.37737
1.37737
1.37737
1.37736
1.37736
1.37735
1.37735
1.37734
1.37733
1.37732
1.37731
1.3773
1.37729
1.37728
1.37727
1.37726
1.37724
1.37723
1.37721
1.3772
1.37718
1.37716
1.37714
1.37713
1.37711
1.37709
1.37707
1.37705
1.37703
1.37702
1.377
1.37698
1.37696
1.37695
1.37693
1.37692
1.3769
1.37689
1.37688
1.37687
1.37686
1.37685
1.37685
1.37684
1.37684
1.37684
1.37684
1.37684
1.37684
1.37684
1.37685
1.37685
1.37686
1.37687
1.37688
1.37689
1.3769
1.37691
1.37693
1.37694
1.37695
1.37697
1.37698
1.377
1.37701
1.37702
1.37704
1.37705
1.37706
1.37707
1.37708
1.37709
1.3771
1.37711
1.37712
1.37712
1.37713
1.37714
1.37714
1.37714
1.37714
1.37715
1.37715
1.37715
1.37715
1.37715
1.37715
1.37714
1.37714
1.37714
1.37714
1.37714
1.37714
1.37713
1.37713
1.37713
1.37713
1.37713
1.37714
1.37714
1.37714
1.37715
1.37715
1.37716
1.37716
1.37717
1.37718
1.37719
1.3772
1.37722
1.37723
1.37725
1.37726
1.37728
1.3773
1.37732
1.37734
1.37736
1.37739
1.37741
1.37743
1.37746
1.37749
1.37752
1.37755
1.37757
1.37761
1.37764
1.37767
1.3777
1.37773
1.37777
1.3778
1.37784
1.37787
1.37791
1.37794
1.37798
1.37801
1.37805
1.37809
1.37812
1.37816
1.37819
1.37823
1.37826
1.3783
1.37833
1.37836
1.3784
1.37843
1.37846
1.3785
1.37853
1.37856
1.37859
1.37862
1.37865
1.37868
1.37871
1.37873
1.37876
1.37879
1.37881
1.37884
1.37886
1.37888
1.37891
1.37893
1.37895
1.37897
1.37899
1.37901
1.37903
1.37905
1.37907
1.37908
1.3791
1.37912
1.37913
1.37915
1.37916
1.37917
1.37919
1.3792
1.37921
1.37923
1.37924
1.37925
1.37926
1.37927
1.37928
1.37929
1.3793
1.37931
1.37931
1.37932
1.37933
1.37933
1.37934
1.37934
1.37935
1.37935
1.37935
1.37935
1.37935
1.37935
1.37935
1.37934
1.37934
1.37933
1.37933
1.37932
1.37931
1.3793
1.3793
1.37928
1.37927
1.37926
1.37925
1.37924
1.37922
1.37921
1.37919
1.37918
1.37916
1.37914
1.37913
1.37911
1.37909
1.37907
1.37906
1.37904
1.37902
1.37901
1.37899
1.37897
1.37896
1.37894
1.37893
1.37891
1.3789
1.37888
1.37887
1.37886
1.37884
1.37883
1.37882
1.37881
1.3788
1.3788
1.37879
1.37878
1.37878
1.37877
1.37877
1.37876
1.37876
1.37876
1.37876
1.37876
1.37876
1.37876
1.37876
1.37877
1.37877
1.37877
1.37878
1.37878
1.37879
1.37879
1.3788
1.37881
1.37882
1.37882
1.37883
1.37884
1.37885
1.37886
1.37887
1.37889
1.3789
1.37891
1.37892
1.37894
1.37895
1.37897
1.37898
1.379
1.37901
1.37903
1.37905
1.37907
1.37909
1.3791
1.37912
1.37914
1.37916
1.37918
1.3792
1.37922
1.37924
1.37927
1.37929
1.37931
1.37933
1.37935
1.37937
1.37939
1.37941
1.37942
1.37944
1.37946
1.37947
1.37949
1.3795
1.37952
1.37953
1.37954
1.37955
1.37955
1.37956
1.37956
1.37957
1.37957
1.37957
1.37956
1.37956
1.37955
1.37955
1.37954
1.37953
1.37951
1.3795
1.37948
1.37946
1.37944
1.37942
1.3794
1.37938
1.37935
1.37932
1.3793
1.37927
1.37924
1.3792
1.37917
1.37914
1.3791
1.37907
1.37903
1.379
1.37896
1.37892
1.37889
1.37885
1.37881
1.37877
1.37874
1.3787
1.37866
1.37863
1.37859
1.37855
1.37852
1.37849
1.37845
1.37842
1.37839
1.37835
1.37832
1.37829
1.37827
1.37824
1.37821
1.37819
1.37816
1.37814
1.37811
1.37809
1.37807
1.37805
1.37804
1.37802
1.378
1.37799
1.37797
1.37796
1.37795
1.37794
1.37793
1.37792
1.37791
1.3779
1.37789
1.37789
1.37788
1.37788
1.37787
1.37787
1.37786
1.37786
1.37786
1.37785
1.37785
1.37785
1.37785
1.37784
1.37784
1.37784
1.37784
1.37784
1.37783
1.37783
1.37783
1.37782
1.37782
1.37781
1.37781
1.3778
1.37779
1.37779
1.37778
1.37777
1.37776
1.37775
1.37774
1.37772
1.37771
1.3777
1.37768
1.37766
1.37765
1.37763
1.37761
1.37759
1.37757
1.37755
1.37753
1.37751
1.37748
1.37746
1.37743
1.37741
1.37738
1.37735
1.37732
1.37729
1.37726
1.37723
1.3772
1.37717
1.37714
1.37711
1.37708
1.37704
1.37701
1.37698
1.37695
1.37692
1.37689
1.37686
1.37683
1.3768
1.37677
1.37674
1.37671
1.37669
1.37666
1.37664
1.37662
1.37659
1.37657
1.37655
1.37654
1.37652
1.3765
1.37649
1.37647
1.37646
1.37645
1.37643
1.37642
1.37641
1.3764
1.37639
1.37638
1.37637
1.37636
1.37635
1.37635
1.37634
1.37633
1.37632
1.37632
1.37631
1.3763
1.3763
1.37629
1.37629
1.37628
1.37628
1.37628
1.37628
1.37627
1.37627
1.37627
1.37627
1.37627
1.37627
1.37628
1.37628
1.37628
1.37629
1.37629
1.3763
1.3763
1.37631
1.37632
1.37633
1.37634
1.37634
1.37635
1.37636
1.37637
1.37638
1.3764
1.37641
1.37642
1.37643
1.37644
1.37645
1.37646
1.37647
1.37648
1.37649
1.3765
1.3765
1.37651
1.37652
1.37652
1.37653
1.37653
1.37654
1.37654
1.37654
1.37654
1.37654
1.37654
1.37653
1.37653
1.37652
1.37652
1.37651
1.3765
1.37649
1.37648
1.37647
1.37646
1.37644
1.37643
1.37641
1.3764
1.37638
1.37637
1.37635
1.37633
1.37631
1.3763
1.37628
1.37626
1.37624
1.37622
1.3762
1.37618
1.37616
1.37614
1.37612
1.3761
1.37607
1.37605
1.37603
1.37601
1.37599
1.37597
1.37594
1.37592
1.3759
1.37587
1.37585
1.37582
1.3758
1.37577
1.37575
1.37572
1.37569
1.37567
1.37564
1.37561
1.37558
1.37555
1.37553
1.3755
1.37547
1.37544
1.3754
