0.00820313
4.2
4.19984
4.19954
4.19909
4.19848
4.19773
4.19683
4.19577
4.19457
4.19322
4.19171
4.19006
4.18826
4.1863
4.1842
4.18196
4.17956
4.17702
4.17433
4.1715
4.16853
4.16541
4.16216
4.15877
4.15524
4.15157
4.14778
4.14385
4.13979
4.13561
4.13131
4.12689
4.12235
4.11769
4.11292
4.10804
4.10305
4.09796
4.09277
4.08748
4.08209
4.07661
4.07105
4.06539
4.05965
4.05383
4.04793
4.04195
4.0359
4.02978
4.02359
4.01733
4.01101
4.00464
3.9982
3.99171
3.98517
3.97858
3.97196
3.96529
3.9586
3.95187
3.94513
3.93838
3.93162
3.92487
3.91813
3.91141
3.90472
3.89808
3.89148
3.88495
3.87848
3.8721
3.86581
3.85962
3.85354
3.84758
3.84174
3.83603
3.83046
3.82502
3.81973
3.81458
3.80958
3.80472
3.80001
3.79543
3.79099
3.78669
3.78251
3.77845
3.7745
3.77066
3.7669
3.76323
3.75964
3.75611
3.75263
3.74919
3.74578
3.74239
3.739
3.73562
3.73221
3.72879
3.72533
3.72182
3.71827
3.71465
3.71097
3.70722
3.70339
3.69948
3.69548
3.69139
3.68722
3.68296
3.67861
3.67416
3.66964
3.66503
3.66034
3.65557
3.65073
3.64583
3.64087
3.63585
3.63079
3.62568
3.62055
3.61538
3.6102
3.60501
3.59982
3.59463
3.58945
3.58429
3.57915
3.57405
3.56898
3.56395
3.55897
3.55404
3.54916
3.54435
3.53959
3.53489
3.53026
3.5257
3.5212
3.51677
3.5124
3.5081
3.50386
3.49968
3.49556
3.4915
3.48749
3.48353
3.47962
3.47575
3.47192
3.46813
3.46436
3.46063
3.45691
3.45322
3.44954
3.44587
3.4422
3.43854
3.43487
3.43121
3.42753
3.42384
3.42013
3.41641
3.41266
3.40889
3.40509
3.40127
3.39741
3.39352
3.3896
3.38564
3.38164
3.37761
3.37353
3.36942
3.36527
3.36109
3.35686
3.3526
3.3483
3.34397
3.3396
3.3352
3.33077
3.32631
3.32182
3.31731
3.31278
3.30823
3.30366
3.29908
3.29449
3.28989
3.28529
3.28067
3.27606
3.27145
3.26684
3.26224
3.25764
3.25305
3.24847
3.2439
3.23934
3.2348
3.23026
3.22574
3.22124
3.21675
3.21228
3.20783
3.20339
3.19897
3.19456
3.19018
3.18582
3.18147
3.17715
3.17284
3.16856
3.1643
3.16006
3.15584
3.15164
3.14746
3.14331
3.13918
3.13507
3.13098
3.12691
3.12286
3.11884
3.11483
3.11084
3.10687
3.10292
3.09898
3.09505
3.09114
3.08723
3.08334
3.07945
3.07557
3.07169
3.06782
3.06394
3.06006
3.05618
3.05229
3.04839
3.04448
3.04057
3.03664
3.03269
3.02874
3.02477
3.02078
3.01678
3.01277
3.00874
3.00469
3.00063
2.99655
2.99247
2.98836
2.98425
2.98013
2.976
2.97186
2.96771
2.96356
2.9594
2.95524
2.95107
2.94691
2.94274
2.93858
2.93441
2.93025
2.92609
2.92194
2.91779
2.91365
2.90951
2.90539
2.90127
2.89715
2.89305
2.88897
2.88489
2.88083
2.87678
2.87274
2.86873
2.86473
2.86076
2.8568
2.85287
2.84896
2.84507
2.84121
2.83737
2.83356
2.82977
2.82601
2.82227
2.81856
2.81487
2.8112
2.80755
2.80392
2.80032
2.79673
2.79315
2.78959
2.78604
2.7825
2.77897
2.77545
2.77194
2.76844
2.76494
2.76144
2.75795
2.75446
2.75097
2.74748
2.744
2.74051
2.73703
2.73354
2.73006
2.72657
2.72309
2.7196
2.71611
2.71263
2.70914
2.70564
2.70215
2.69865
2.69515
2.69165
2.68814
2.68463
2.68111
2.67758
2.67405
2.67051
2.66696
2.6634
2.65983
2.65626
2.65267
2.64908
2.64548
2.64187
2.63825
2.63463
2.631
2.62736
2.62372
2.62007
2.61642
2.61277
2.60911
2.60545
2.60179
2.59813
2.59447
2.59081
2.58715
2.58348
2.57982
2.57615
2.57248
2.56882
2.56515
2.56148
2.55781
2.55414
2.55047
2.5468
2.54314
2.53947
2.53581
2.53216
2.52852
2.52488
2.52125
2.51764
2.51404
2.51046
2.50689
2.50334
2.49982
2.49631
2.49283
2.48936
2.48593
2.48251
2.47913
2.47576
2.47242
2.4691
2.4658
2.46253
2.45927
2.45604
2.45282
2.44961
2.44642
2.44324
2.44008
2.43692
2.43377
2.43063
2.42749
2.42435
2.42121
2.41808
2.41494
2.4118
2.40866
2.40551
2.40236
2.3992
2.39603
2.39286
2.38968
2.38649
2.38329
2.38009
2.37688
2.37366
2.37044
2.36721
2.36397
2.36074
2.3575
2.35426
2.35102
2.34778
2.34454
2.3413
2.33807
2.33485
2.33163
2.32842
2.32521
2.32201
2.31882
2.31564
2.31247
2.3093
2.30614
2.30299
2.29985
2.29671
2.29357
2.29045
2.28732
2.2842
2.28108
2.27796
2.27484
2.27172
2.2686
2.26548
2.26235
2.25923
2.25609
2.25296
2.24982
2.24667
2.24352
2.24036
2.23719
2.23401
2.23083
2.22763
2.22442
2.22119
2.21795
2.2147
2.21143
2.20814
2.20482
2.20149
2.19814
2.19476
2.19136
2.18793
2.18448
2.18099
2.17748
2.17394
2.17038
2.16678
2.16315
2.1595
2.15582
2.15211
2.14837
2.1446
2.14081
2.137
2.13317
2.12931
2.12544
2.12154
2.11764
2.11372
2.10979
2.10585
2.10191
2.09796
2.09401
2.09007
2.08612
2.08218
2.07825
2.07433
2.07042
2.06652
2.06263
2.05876
2.05491
2.05107
2.04725
2.04344
2.03966
2.03589
2.03214
2.0284
2.02468
2.02098
2.01729
2.01362
2.00996
2.00631
2.00267
1.99905
1.99544
1.99184
1.98825
1.98468
1.98112
1.97758
1.97405
1.97055
1.96706
1.9636
1.96016
1.95675
1.95338
1.95003
1.94673
1.94347
1.94025
1.93708
1.93396
1.9309
1.9279
1.92496
1.92208
1.91927
1.91653
1.91386
1.91126
1.90874
1.90629
1.90392
1.90162
1.8994
1.89725
1.89516
1.89314
1.89119
1.88929
1.88744
1.88564
1.88388
1.88216
1.88047
1.8788
1.87715
1.8755
1.87386
1.87222
1.87058
1.86892
1.86724
1.86555
1.86382
1.86207
1.86029
1.85848
1.85663
1.85475
1.85283
1.85087
1.84888
1.84685
1.84478
1.84267
1.84053
1.83835
1.83614
1.8339
1.83162
1.82931
1.82697
1.8246
1.82221
1.81978
1.81734
1.81486
1.81237
1.80985
1.80731
1.80475
1.80218
1.79959
1.79699
1.79438
1.79175
1.78912
1.78647
1.78383
1.78118
1.77852
1.77586
1.7732
1.77055
1.76789
1.76523
1.76257
1.75992
1.75727
1.75462
1.75197
1.74933
1.74668
1.74404
1.74141
1.73878
1.73615
1.73352
1.73089
1.72827
1.72565
1.72304
1.72042
1.71781
1.7152
1.71259
1.70999
1.70738
1.70477
1.70216
1.69955
1.69695
1.69433
1.69172
1.6891
1.68648
1.68386
1.68124
1.67861
1.67598
1.67335
1.67072
1.66809
1.66545
1.66282
1.66019
1.65756
1.65494
1.65232
1.64971
1.64711
1.64451
1.64192
1.63934
1.63678
1.63422
1.63168
1.62916
1.62664
1.62414
1.62165
1.61918
1.61673
1.61428
1.61185
1.60944
1.60703
1.60464
1.60227
1.5999
1.59754
1.59519
1.59286
1.59052
1.5882
1.58588
1.58357
1.58127
1.57896
1.57667
1.57437
1.57208
1.56979
1.5675
1.56522
1.56293
1.56065
1.55837
1.55609
1.55381
1.55154
1.54927
1.547
1.54473
1.54247
1.54022
1.53797
1.53572
1.53349
1.53126
1.52904
1.52684
1.52464
1.52246
1.52029
1.51814
1.516
1.51388
1.51178
1.5097
1.50763
1.50559
1.50357
1.50157
1.49959
1.49763
1.4957
1.4938
1.49191
1.49005
1.48822
1.48642
1.48464
1.48289
1.48117
1.47948
1.47782
1.47619
1.4746
1.47304
1.47151
1.47002
1.46856
1.46715
1.46577
1.46443
1.46312
1.46186
1.46063
1.45944
1.45828
1.45716
1.45607
1.45501
1.45397
1.45297
1.45198
1.45101
1.45006
1.44912
1.44819
1.44726
1.44634
1.44541
1.44447
1.44353
1.44257
1.4416
1.44061
1.4396
1.43857
1.43751
1.43643
1.43533
1.43419
1.43303
1.43185
1.43064
1.4294
1.42814
1.42686
1.42555
1.42423
1.42288
1.42152
1.42014
1.41875
1.41735
1.41593
1.4145
1.41306
1.41161
1.41015
1.40868
1.4072
1.40571
1.40421
1.4027
1.40117
1.39964
1.39809
1.39652
1.39494
1.39335
1.39174
1.39011
1.38847
1.38682
1.38515
1.38346
1.38176
1.38005
1.37833
1.37659
1.37484
1.37309
1.37132
1.36955
1.36777
1.36599
1.3642
1.36241
1.36062
1.35883
1.35704
1.35525
1.35346
1.35167
1.34989
1.34812
1.34635
1.34458
1.34283
1.34107
1.33933
1.33759
1.33585
1.33412
1.3324
1.33068
1.32896
1.32725
1.32554
1.32383
1.32213
1.32042
1.31871
1.31701
1.3153
1.3136
1.31189
1.31018
1.30847
1.30677
1.30506
1.30335
1.30164
1.29993
1.29822
1.29651
1.2948
1.29309
1.29138
1.28967
1.28796
1.28625
1.28453
1.28282
1.28111
1.27939
1.27768
1.27596
1.27424
1.27251
1.27079
1.26906
1.26733
1.2656
1.26387
1.26214
1.26041
1.25868
1.25695
1.25523
1.2535
1.25179
1.25008
1.24838
1.24669
1.24501
1.24335
1.2417
1.24007
1.23846
1.23687
1.2353
1.23375
1.23223
1.23074
1.22927
1.22782
1.22641
1.22501
1.22364
1.2223
1.22097
1.21967
1.21838
1.2171
1.21584
1.21459
1.21335
1.21211
1.21087
1.20963
1.20839
1.20714
1.20588
1.20462
1.20335
1.20206
1.20077
1.19946
1.19813
1.19679
1.19544
1.19407
1.19269
1.19129
1.18988
1.18845
1.187
1.18554
1.18407
1.18258
1.18107
1.17955
1.17802
1.17646
1.17489
1.17331
1.17171
1.17009
1.16846
1.1668
1.16513
1.16344
1.16173
1.16
1.15825
1.15648
1.15469
1.15288
1.15104
1.14919
1.14732
1.14542
1.14351
1.14157
1.13962
1.13764
1.13565
1.13364
1.13162
1.12958
1.12753
1.12547
1.1234
1.12132
1.11923
1.11714
1.11504
1.11294
1.11084
1.10874
1.10664
1.10454
1.10244
1.10035
1.09826
1.09618
1.09409
1.09202
1.08994
1.08787
1.0858
1.08373
1.08166
1.07959
1.07753
1.07546
1.07339
1.07132
1.06924
1.06717
1.06509
1.06301
1.06093
1.05884
1.05675
1.05466
1.05256
1.05046
1.04837
1.04627
1.04417
1.04207
1.03998
1.03788
1.03579
1.03371
1.03163
1.02956
1.0275
1.02544
1.0234
1.02137
1.01936
1.01736
1.01537
1.01341
1.01146
1.00954
1.00764
1.00576
1.00391
1.00208
1.00029
0.998521
0.996785
0.995079
0.993405
0.991764
0.990156
0.98858
0.987039
0.985531
0.984056
0.982614
0.981204
0.979827
0.978482
0.977168
0.975884
0.974631
0.973407
0.972211
0.971044
0.969905
0.968793
0.967708
0.96665
0.965618
0.964614
0.963635
0.962683
0.961758
0.960859
0.959986
0.959141
0.958321
0.957528
0.95676
0.956019
0.955302
0.95461
0.953941
0.953295
0.952671
0.952067
0.951483
0.950916
0.950365
0.949828
0.949304
0.948791
0.948287
0.947789
0.947297
0.946806
0.946317
0.945825
0.94533
0.94483
0.944321
0.943802
0.943272
0.942727
0.942168
0.941591
0.940996
0.940382
0.939747
0.939091
0.938413
0.937714
0.936993
0.936251
0.935489
0.934708
0.933911
0.933097
0.932271
0.931434
0.93059
0.929741
0.928892
0.928044
0.927203
0.926372
0.925554
0.924755
0.923976
0.923223
0.922499
0.921807
0.92115
0.920531
0.919953
0.919418
0.918926
0.918481
0.918081
0.917728
0.91742
0.917158
0.916939
0.916762
0.916625
0.916524
0.916457
0.916419
0.916408
0.91642
0.916449
0.916493
0.916547
0.916606
0.916668
0.916729
0.916785
0.916833
0.91687
0.916895
0.916905
0.916899
0.916876
0.916835
0.916776
0.916698
0.916602
0.916489
0.916358
0.916211
0.916049
0.915872
0.915682
0.91548
0.915266
0.915041
0.914806
0.914563
0.914311
0.914051
0.913783
0.913508
0.913226
0.912936
0.91264
0.912336
0.912024
0.911705
0.911377
0.91104
0.910694
0.910337
0.909969
0.909589
0.909196
0.908789
0.908367
0.907929
0.907474
0.907
0.906507
0.905993
0.905458
0.904899
0.904317
0.903709
0.903076
0.902417
0.901731
0.901017
0.900276
0.899508
0.898713
0.897891
0.897043
0.896169
0.89527
0.894348
0.893403
0.892436
0.891448
0.890441
0.889415
0.888372
0.887312
0.886236
0.885145
0.884039
0.882919
0.881785
0.880638
0.879478
0.878305
0.877121
0.875924
0.874716
0.873497
0.872268
0.87103
0.869783
0.86853
0.86727
0.866005
0.864737
0.863468
0.862199
0.860932
0.859668
0.85841
0.857158
0.855914
0.854679
0.853454
0.85224
0.851036
0.849843
0.84866
0.847486
0.846319
0.845159
0.844002
0.842846
0.841689
0.840528
0.839359
0.838179
0.836986
0.835776
0.834546
0.833294
0.832016
0.830712
0.829378
0.828014
0.826618
0.825189
0.823727
0.822233
0.820705
0.819146
0.817554
0.815933
0.814282
0.812604
0.810899
0.809171
0.807419
0.805647
0.803855
0.802047
0.800223
0.798386
0.796538
0.79468
0.792815
0.790944
0.789068
0.78719
0.785311
0.783434
0.781559
0.779688
0.777823
0.775966
0.774118
0.77228
0.770455
0.768643
0.766845
0.765064
0.7633
0.761555
0.75983
0.758125
0.756442
0.754782
0.753145
0.751533
0.749945
0.748384
0.746849
0.745341
0.74386
0.742408
0.740984
0.739589
0.738223
0.736887
0.73558
0.734304
0.733057
0.731841
0.730654
0.729498
0.728371
0.727273
0.726205
0.725164
0.724152
0.723167
0.722209
0.721276
0.720369
0.719484
0.718623
0.717784
0.716964
0.716164
0.715382
0.714617
0.713866
0.71313
0.712405
0.711691
0.710986
0.710289
0.709598
0.708911
0.708226
0.707543
0.706858
0.706172
0.705482
0.704786
0.704083
0.703372
0.702651
0.701919
0.701174
0.700417
0.699646
0.69886
0.698058
0.697241
0.696408
0.695559
0.694695
0.693815
0.692921
0.692012
0.691091
0.690158
0.689215
0.688263
0.687303
0.686337
0.685368
0.684396
0.683425
0.682455
0.681488
0.680527
0.679574
0.678628
0.677693
0.67677
0.675859
0.674962
0.674079
0.67321
0.672357
0.671518
0.670694
0.669885
0.66909
0.668308
0.667539
0.666782
0.666036
0.6653
0.664573
0.663855
0.663145
0.662442
0.661745
0.661053
0.660366
0.659683
0.659003
0.658325
0.657649
0.656972
0.656295
0.655614
0.654929
0.654238
0.653539
0.652829
0.652107
0.651369
0.650613
0.649837
0.649037
0.648211
0.647356
0.64647
0.645549
0.644591
0.643594
0.642556
0.641474
0.640346
0.639171
0.637949
0.636677
0.635355
0.633982
0.632559
0.631085
0.629562
0.627989
0.626368
0.624699
0.622985
0.621226
0.619425
0.617584
0.615705
0.61379
0.611842
0.609864
0.607858
0.605827
0.603775
0.601704
0.599617
0.597519
0.595412
0.593301
0.591188
0.589077
0.586973
0.584878
0.582797
0.580733
0.578691
0.576672
0.574681
0.572721
0.570794
0.568904
0.567052
0.56524
0.563471
0.561744
0.56006
0.558421
0.556825
0.555272
0.55376
0.55229
0.550858
0.549463
0.548103
0.546776
0.545479
0.544209
0.542965
0.541744
0.540544
0.539363
0.538199
0.537051
0.535917
0.534798
0.533691
0.532597
0.531516
0.530449
0.529396
0.528358
0.527336
0.526332
0.525346
0.524382
0.52344
0.522522
0.52163
0.520765
0.519929
0.519124
0.518349
0.517608
0.516899
0.516225
0.515585
0.51498
0.51441
0.513874
0.513373
0.512905
0.512471
0.512069
0.511699
0.511359
0.511049
0.510767
0.510512
0.510284
0.51008
0.509899
0.50974
0.509602
0.509482
0.509379
0.509291
0.509218
0.509156
0.509103
0.509059
0.509021
0.508986
0.508953
0.50892
0.508884
0.508844
0.508797
0.508742
0.508677
0.508599
0.508509
0.508403
0.508281
0.508143
0.507987
0.507813
0.507621
0.50741
0.507182
0.506936
0.506674
0.506396
0.506102
0.505795
0.505475
0.505143
0.5048
0.504448
0.504088
0.503719
0.503344
0.502963
0.502578
0.502188
0.501795
0.501399
0.501001
0.500603
0.500205
0.499807
0.499412
0.499019
0.498631
0.498249
0.497873
0.497505
0.497147
0.496799
0.496464
0.496142
0.495834
0.495542
0.495266
0.495007
0.494766
0.494542
0.494337
0.494149
0.493979
0.493826
0.493688
0.493566
0.493457
0.49336
0.493273
0.493195
0.493123
0.493056
0.492991
0.492926
0.49286
0.492789
0.492711
0.492626
0.492531
0.492424
0.492304
0.492169
0.492018
0.49185
0.491664
0.491459
0.491235
0.490992
0.490728
0.490444
0.49014
0.489816
0.489471
0.489107
0.488722
0.488319
0.487896
0.487455
0.486995
0.486518
0.486024
0.485514
0.484988
0.484447
0.483892
0.483324
0.482742
0.482149
0.481544
0.480928
0.480302
0.479667
0.479023
0.47837
0.477708
0.477038
0.47636
0.475674
0.474979
0.474275
0.473562
0.472839
0.472107
0.471364
0.470611
0.469847
0.469071
0.468284
0.467484
0.466674
0.465851
0.465017
0.464172
0.463316
0.46245
0.461574
0.46069
0.459798
0.458899
0.457994
0.457084
0.45617
0.455252
0.454332
0.45341
0.452489
0.451568
0.450649
0.449733
0.448821
0.447914
0.447014
0.446122
0.445238
0.444365
0.443503
0.442654
0.441818
0.440997
0.440191
0.439401
0.438627
0.43787
0.43713
0.436405
0.435696
0.435002
0.434322
0.433655
0.432999
0.432353
0.431717
0.431087
0.430463
0.429844
0.429228
0.428613
0.427999
0.427386
0.426771
0.426155
0.425538
0.424919
0.424299
0.423679
0.423058
0.422439
0.421822
0.421209
0.420602
0.420002
0.419411
0.418832
0.418266
0.417717
0.417185
0.416674
0.416184
0.415718
0.415277
0.414863
0.414475
0.414114
0.41378
0.413473
0.413191
0.412932
0.412696
0.412478
0.412278
0.412091
0.411916
0.411748
0.411585
0.411424
0.411262
0.411097
0.410925
0.410747
0.410558
0.41036
0.41015
0.409927
0.409692
0.409444
0.409182
0.408908
0.408619
0.408318
0.408003
0.407675
0.407335
0.406981
0.406615
0.406236
0.405845
0.405442
0.405027
0.4046
0.404162
0.403712
0.403253
0.402783
0.402303
0.401814
0.401316
0.40081
0.400296
0.399776
0.39925
0.398718
0.398182
0.397641
0.397098
0.396552
0.396005
0.395458
0.394911
0.394364
0.39382
0.393279
0.392742
0.392209
0.391681
0.39116
0.390646
0.39014
0.389644
0.389157
0.388681
0.388217
0.387766
0.387329
0.386907
0.386501
0.386112
0.385742
0.385391
0.385061
0.384753
0.384468
0.384206
0.383969
0.383758
0.383574
0.383417
0.383288
0.383188
0.383116
0.383073
0.38306
0.383075
0.383119
0.383191
0.383291
0.383418
0.383571
0.38375
0.383952
0.384176
0.384422
0.384688
0.384972
0.385272
0.385588
0.385916
0.386255
0.386603
0.386959
0.38732
0.387685
0.388051
0.388418
0.388783
0.389145
0.389503
0.389854
0.390199
0.390535
0.390861
0.391177
0.391483
0.391776
0.392058
0.392326
0.392582
0.392824
0.393052
0.393267
0.393468
0.393654
0.393826
0.393985
0.394128
0.394258
0.394372
0.394473
0.394558
0.394628
0.394684
0.394724
0.394749
0.394758
0.394751
0.394727
0.394688
0.394632
0.394559
0.394468
0.39436
0.394234
0.39409
0.393927
0.393745
0.393543
0.393321
0.393078
0.392814
0.392529
0.39222
0.391889
0.391533
0.391153
0.390748
0.390317
0.389859
0.389374
0.388862
0.388322
0.387753
0.387156
0.38653
0.385876
0.385192
0.384481
0.383742
0.382975
0.382181
0.381361
0.380515
0.379645
0.378751
0.377834
0.376896
0.375937
0.374958
0.373961
0.372948
0.371918
0.370874
0.369816
0.368747
0.367667
0.366579
0.365484
0.364383
0.363278
0.362172
0.361067
0.359964
0.358865
0.357773
0.356691
0.35562
0.354563
0.353522
0.3525
0.351498
0.35052
0.349566
0.34864
0.347744
0.346878
0.346044
0.345245
0.344481
0.343754
0.343065
0.342415
0.341805
0.341236
0.340707
0.34022
0.339775
0.339371
0.33901
0.338689
0.33841
0.338171
0.337972
0.337811
0.337686
0.337597
0.337541
0.337517
0.337523
0.337557
0.337616
0.3377
0.337805
0.337931
0.338074
0.338235
0.33841
0.338599
0.3388
0.339012
0.339234
0.339464
0.339702
0.339946
0.340196
0.340451
0.34071
0.340972
0.341236
0.341502
0.341769
0.342035
0.342302
0.342566
0.342829
0.343089
0.343345
0.343598
0.343846
0.344089
0.344326
0.344557
0.344782
0.344999
0.345209
0.345411
0.345605
0.345789
0.345964
0.346129
0.346284
0.346427
0.346558
0.346676
0.346781
0.346872
0.346947
0.347005
0.347047
0.34707
0.347074
0.347057
0.34702
0.34696
0.346876
0.346769
0.346637
0.34648
0.346297
0.346087
0.345851
0.345588
0.345298
0.344982
0.344639
0.344269
0.343874
0.343454
0.343009
0.34254
0.342048
0.341533
0.340997
0.340441
0.339866
0.339272
0.338662
0.338035
0.337394
0.336739
0.336072
0.335393
0.334705
0.334009
0.333305
0.332595
0.33188
0.331162
0.330442
0.329721
0.328999
0.328279
0.327561
0.326847
0.326136
0.325431
0.324731
0.324038
0.323351
0.322673
0.322002
0.321339
0.320686
0.32004
0.319404
0.318776
0.318158
0.317548
0.316948
0.316356
0.315773
0.315199
0.314634
0.314079
0.313532
0.312995
0.312468
0.31195
0.311442
0.310944
0.310456
0.309978
0.30951
0.309052
0.308604
0.308165
0.307735
0.307314
0.3069
0.306494
0.306093
0.305698
0.305308
0.30492
0.304536
0.304152
0.30377
0.303386
0.303001
0.302614
0.302223
0.301828
0.301428
0.301023
0.300611
0.300192
0.299765
0.29933
0.298887
0.298435
0.297973
0.297501
0.29702
0.296528
0.296025
0.295512
0.294988
0.294452
0.293906
0.293349
0.292781
0.292202
0.291612
0.291011
0.2904
0.289778
0.289146
0.288503
0.28785
0.287186
0.286513
0.285829
0.285135
0.284431
0.283717
0.282992
0.282255
0.281508
0.280749
0.279978
0.279194
0.278397
0.277587
0.276761
0.275921
0.275064
0.274191
0.273299
0.272389
0.271458
0.270507
0.269534
0.268537
0.267517
0.266471
0.2654
0.264302
0.263177
0.262023
0.260842
0.259632
0.258394
0.257127
0.255833
0.254512
0.253164
0.251792
0.250395
0.248976
0.247536
0.246076
0.244598
0.243104
0.241595
0.240072
0.238539
0.236996
0.235445
0.233887
0.232326
0.230762
0.229197
0.227634
0.226074
0.22452
0.222973
0.221436
0.219911
0.2184
0.216905
0.215428
0.213971
0.212535
0.211123
0.209737
0.208377
0.207045
0.205742
0.204469
0.203227
0.202016
0.200837
0.19969
0.198574
0.197491
0.196438
0.195416
0.194424
0.193461
0.192526
0.191618
0.190736
0.189878
0.189044
0.188231
0.187438
0.186664
0.185906
0.185164
0.184435
0.183718
0.183011
0.182312
0.181621
0.180934
0.180251
0.17957
0.178891
0.178211
0.17753
0.176848
0.176163
0.175475
0.174785
0.174093
0.173398
0.172702
0.172004
0.171307
0.170611
0.169917
0.169227
0.168541
0.167862
0.167191
0.16653
0.165879
0.16524
0.164616
0.164007
0.163415
0.162842
0.162288
0.161754
0.161243
0.160754
0.160288
0.159846
0.159429
0.159036
0.158668
0.158324
0.158005
0.157709
0.157437
0.157186
0.156957
0.156747
0.156555
0.156379
0.156218
0.156069
0.15593
0.155799
0.155672
0.155549
0.155424
0.155296
0.155162
0.155019
0.154863
0.154693
0.154505
0.154297
0.154067
0.153812
0.153532
0.153225
0.152891
0.152529
0.152138
0.15172
0.151276
0.150806
0.150312
0.149797
0.149261
0.148708
0.148139
0.147558
0.146966
0.146365
0.145758
0.145148
0.144535
0.143922
0.143312
0.142704
0.142102
0.141506
0.140918
0.140339
0.13977
0.139214
0.13867
0.138141
0.137627
0.13713
0.136651
0.136191
0.13575
0.135331
0.134933
0.134557
0.134205
0.133876
0.133571
0.13329
0.133033
0.1328
0.132591
0.132405
0.132243
0.132103
0.131985
0.131888
0.131811
0.131754
0.131715
0.131693
0.131688
0.131697
0.13172
0.131756
0.131802
0.131857
0.13192
0.131989
0.132061
0.132137
0.132212
0.132286
0.132356
0.132421
0.132478
0.132526
0.132562
0.132584
0.132591
0.132581
0.132551
0.132502
0.13243
0.132335
0.132216
0.132072
0.131902
0.131706
0.131483
0.131233
0.130958
0.130657
0.130332
0.129983
0.129612
0.129222
0.128813
0.128389
0.127951
0.127503
0.127048
0.126587
0.126125
0.125664
0.125206
0.124753
0.124309
0.123875
0.123451
0.12304
0.12264
0.122254
0.12188
0.121517
0.121165
0.120822
0.120487
0.120158
0.119833
0.119511
0.11919
0.118869
0.118545
0.118218
0.117886
0.117548
0.117205
0.116854
0.116496
0.116131
0.11576
0.115381
0.114997
0.114607
0.114213
0.113815
0.113416
0.113015
0.112614
0.112215
0.111819
0.111428
0.111044
0.110667
0.1103
0.109945
0.109602
0.109274
0.108962
0.108668
0.108393
0.10814
0.107908
0.107701
0.107519
0.107364
0.107236
0.107137
0.107067
0.107028
0.107019
0.107043
0.107097
0.107184
0.107303
0.107453
0.107635
0.107847
0.10809
0.108363
0.108664
0.108992
0.109347
0.109726
0.11013
0.110555
0.111
0.111465
0.111946
0.112442
0.112951
0.113472
0.114001
0.114538
0.115081
0.115627
0.116176
0.116724
0.11727
0.117814
0.118352
0.118885
0.11941
0.119927
0.120434
0.120931
0.121416
0.12189
0.122352
0.122802
0.123238
0.123662
0.124073
0.124472
0.124859
0.125233
0.125597
0.12595
0.126293
0.126627
0.126953
0.127271
0.127584
0.127891
0.128193
0.128494
0.128792
0.12909
0.129388
0.129689
0.129992
0.1303
0.130613
0.130933
0.13126
0.131596
0.13194
0.132295
0.13266
0.133036
0.133423
0.133822
0.134232
0.134654
0.135087
0.135531
0.135986
0.136451
0.136926
0.13741
0.137903
0.138403
0.13891
0.139424
0.139943
0.140467
0.140995
0.141526
0.142059
0.142593
0.143127
0.143661
0.144193
0.144722
0.145248
0.145769
0.146283
0.146791
0.14729
0.147779
0.148257
0.148724
0.149177
0.149615
0.150038
0.150444
0.150832
0.151201
0.151551
0.151881
0.152191
0.152479
0.152746
0.152992
0.153217
0.153421
0.153605
0.153769
0.153915
0.154042
0.154154
0.154249
0.154331
0.1544
0.154458
0.154506
0.154546
0.154579
0.154607
0.154631
0.154653
0.154673
0.154693
0.154714
0.154736
0.15476
0.154787
0.154816
0.154849
0.154885
0.154925
0.154966
0.15501
0.155056
0.155103
0.155151
0.155198
0.155245
0.155289
0.155332
0.15537
0.155405
0.155435
0.15546
0.155478
0.155491
0.155496
0.155494
0.155485
0.155467
0.155442
0.155409
0.155368
0.155319
0.155261
0.155196
0.155123
0.155043
0.154956
0.154862
0.154761
0.154654
0.154541
0.154423
0.1543
0.154171
0.154039
0.153903
0.153763
0.153619
0.153473
0.153325
0.153175
0.153023
0.15287
0.152715
0.152561
0.152407
0.152253
0.1521
0.151949
0.1518
0.151652
0.151508
0.151367
0.151229
0.151095
0.150965
0.150838
0.150715
0.150597
0.150481
0.150369
0.150259
0.150151
0.150044
0.149938
0.149831
0.149722
0.149611
0.149495
0.149375
0.149248
0.149114
0.148971
0.148818
0.148654
0.148479
0.148292
0.148091
0.147878
0.147652
0.147412
0.14716
0.146896
0.14662
0.146334
0.146038
0.145734
0.145422
0.145103
0.144778
0.144448
0.144114
0.143776
0.143435
0.14309
0.14274
0.142387
0.142028
0.141664
0.141292
0.140911
0.14052
0.140117
0.1397
0.139268
0.138818
0.138349
0.137858
0.137344
0.136806
0.136241
0.135649
0.135029
0.134379
0.133699
0.132989
0.132247
0.131475
0.130673
0.129841
0.128979
0.128089
0.127171
0.126228
0.12526
0.124268
0.123255
0.122222
0.121172
0.120105
0.119024
0.117931
0.116827
0.115715
0.114597
0.113474
0.112348
0.111221
0.110095
0.10897
0.10785
0.106734
0.105624
0.104522
0.103429
0.102345
0.101272
0.10021
0.09916
0.0981225
0.097098
0.096087
0.0950899
0.0941068
0.0931381
0.0921841
0.0912449
0.0903208
0.0894119
0.0885184
0.0876406
0.0867788
0.0859331
0.0851038
0.0842912
0.0834954
0.0827167
0.0819553
0.0812114
0.0804851
0.0797765
0.0790856
0.0784125
0.0777569
0.0771189
0.076498
0.0758941
0.0753068
0.0747355
0.07418
0.0736395
0.0731136
0.0726017
0.0721032
0.0716174
0.0711439
0.0706819
0.070231
0.0697905
0.06936
0.0689389
0.0685268
0.0681234
0.0677281
0.0673406
0.0669606
0.0665878
0.0662218
0.0658624
0.0655093
0.0651622
0.064821
0.0644853
0.0641549
0.0638297
0.0635094
0.0631939
0.0628828
0.0625761
0.0622735
0.061975
0.0616803
0.0613895
0.0611025
0.0608192
0.0605397
0.060264
0.0599922
0.0597246
0.0594612
0.0592024
0.0589483
0.0586994
0.0584559
0.0582182
0.0579866
0.0577616
0.0575435
0.0573328
0.0571297
0.0569347
0.056748
0.0565699
0.0564005
0.0562402
0.0560889
0.0559466
0.0558133
0.0556889
0.055573
0.0554652
0.0553653
0.0552725
0.0551862
0.0551056
0.05503
0.0549582
0.0548893
0.0548223
0.0547559
0.0546888
0.0546198
0.0545475
0.0544708
0.0543881
0.0542982
0.0541995
0.054091
0.0539711
0.0538385
0.0536919
0.0535299
0.0533512
0.0531544
0.0529382
0.0527012
0.0524422
0.0521598
0.0518528
0.05152
0.0511603
0.0507729
0.0503568
0.0499114
0.0494363
0.0489312
0.0483961
0.0478314
0.0472376
0.0466155
0.0459663
0.0452913
0.0445925
0.0438716
0.0431311
0.0423733
0.041601
0.0408171
0.0400247
0.0392269
0.0384269
0.0376279
0.0368331
0.0360458
0.0352688
0.0345051
0.0337575
0.0330285
0.0323203
0.0316352
0.030975
0.0303412
0.0297354
0.0291585
0.0286116
0.0280954
0.0276102
0.0271565
0.0267342
0.0263433
0.0259836
0.0256547
0.0253562
0.0250874
0.0248476
0.0246359
0.0244513
0.0242927
0.024159
0.0240488
0.0239606
0.0238929
0.023844
0.023812
0.023795
0.0237911
0.0237979
0.0238135
0.0238356
0.0238619
0.0238901
0.0239183
0.0239441
0.0239656
0.0239808
0.0239879
0.0239853
0.0239714
0.0239447
0.0239042
0.0238488
0.0237775
0.0236896
0.0235846
0.023462
0.0233216
0.023163
0.0229862
0.0227913
0.0225785
0.0223479
0.0220999
0.0218348
0.0215531
0.0212552
0.0209416
0.0206128
0.0202692
0.0199114
0.0195398
0.0191546
0.0187563
0.018345
0.0179209
0.0174841
0.0170346
0.0165724
0.0160974
0.0156093
0.0151081
0.0145936
0.0140656
0.013524
0.0129687
0.0123999
0.0118175
0.0112218
0.0106133
0.00999248
0.00935995
0.00871656
0.00806328
0.0074012
0.00673155
0.00605572
0.00537509
0.00469119
0.00400562
0.00332001
0.00263601
0.00195531
0.00127955
0.00061036
-5.06198e-05
-0.000701813
-0.00134166
-0.00196867
-0.00258137
-0.00317835
-0.0037582
-0.0043196
-0.00486123
-0.00538181
-0.00588015
-0.00635506
-0.0068054
-0.00723013
-0.00762823
-0.00799875
-0.00834089
-0.00865393
-0.00893729
-0.00919054
-0.0094134
-0.00960581
-0.00976786
-0.00989982
-0.0100023
-0.0100759
-0.0101218
-0.010141
-0.0101348
-0.010105
-0.0100531
-0.00998124
-0.00989128
-0.00978544
-0.0096659
-0.00953497
-0.00939498
-0.00924829
-0.00909726
-0.0089442
-0.0087914
-0.00864109
-0.00849544
-0.00835655
-0.00822644
-0.00810707
-0.00800028
-0.0079079
-0.00783161
-0.00777303
-0.00773374
-0.00771518
-0.00771871
-0.00774563
-0.00779712
-0.00787426
-0.007978
-0.00810921
-0.00826859
-0.00845675
-0.00867416
-0.00892107
-0.00919773
-0.00950412
-0.00984017
-0.0102056
-0.0106001
-0.0110231
-0.0114741
-0.0119524
-0.0124571
-0.0129874
-0.0135424
-0.0141213
-0.0147229
-0.0153465
-0.0159911
-0.0166558
-0.0173397
-0.0180421
-0.0187621
-0.0194991
-0.0202524
-0.0210214
-0.0218056
-0.0226042
-0.0234167
-0.0242425
-0.0250806
-0.0259303
-0.0267905
-0.0276601
-0.0285378
-0.0294221
-0.0303112
-0.0312033
-0.0320964
-0.0329884
-0.0338772
-0.0347607
-0.0356368
-0.0365037
-0.0373594
-0.0382026
-0.039032
-0.0398467
-0.040646
-0.0414297
-0.0421977
-0.0429504
-0.0436884
-0.0444123
-0.0451231
-0.0458218
-0.0465094
-0.0471869
-0.0478553
-0.0485154
-0.0491679
-0.0498132
-0.0504517
-0.0510835
-0.0517084
-0.0523262
-0.0529363
-0.0535379
-0.0541304
-0.0547125
-0.0552832
-0.0558413
-0.0563853
-0.0569141
-0.0574263
-0.0579204
-0.0583953
-0.0588498
-0.0592828
-0.0596933
-0.0600807
-0.0604443
-0.0607838
-0.0610991
-0.0613902
-0.0616574
-0.0619014
-0.0621228
-0.0623227
-0.0625023
-0.0626629
-0.0628062
-0.0629337
-0.0630473
-0.0631488
-0.0632401
-0.0633232
-0.0634002
-0.063473
-0.0635436
-0.0636138
-0.0636855
-0.0637606
-0.0638405
-0.0639269
-0.0640212
-0.0641245
-0.0642381
-0.0643628
-0.0644994
-0.0646486
-0.0648106
-0.0649858
-0.0651744
-0.0653762
-0.0655911
-0.0658188
-0.066059
-0.0663111
-0.0665746
-0.066849
-0.0671335
-0.0674274
-0.06773
-0.0680405
-0.0683582
-0.0686822
-0.0690117
-0.0693456
-0.0696832
-0.0700232
-0.0703647
-0.0707066
-0.0710476
-0.0713865
-0.0717221
-0.072053
-0.072378
-0.0726956
-0.0730046
-0.0733037
-0.0735915
-0.0738671
-0.0741293
-0.074377
-0.0746096
-0.074826
-0.0750258
-0.0752084
-0.0753735
-0.0755209
-0.0756506
-0.0757626
-0.0758572
-0.0759348
-0.075996
-0.0760414
-0.0760719
-0.0760884
-0.0760919
-0.0760836
-0.0760647
-0.0760366
-0.0760006
-0.0759582
-0.0759108
-0.0758599
-0.075807
-0.0757536
-0.075701
-0.0756507
-0.0756039
-0.0755617
-0.0755253
-0.0754956
-0.0754733
-0.0754593
-0.075454
-0.0754578
-0.0754708
-0.0754932
-0.0755249
-0.0755656
-0.0756148
-0.0756723
-0.0757371
-0.0758087
-0.0758861
-0.0759685
-0.0760548
-0.076144
-0.0762349
-0.0763263
-0.076417
-0.0765058
-0.0765915
-0.0766728
-0.0767484
-0.0768171
-0.0768777
-0.0769289
-0.0769696
-0.0769988
-0.0770154
-0.0770185
-0.0770072
-0.0769808
-0.0769388
-0.0768807
-0.0768062
-0.076715
-0.0766074
-0.0764836
-0.0763438
-0.0761887
-0.0760191
-0.0758357
-0.0756398
-0.0754324
-0.075215
-0.0749889
-0.0747557
-0.0745168
-0.074274
-0.0740287
-0.0737827
-0.0735375
-0.0732945
-0.0730554
-0.0728213
-0.0725938
-0.072374
-0.0721631
-0.071962
-0.0717718
-0.0715933
-0.0714273
-0.0712745
-0.0711356
-0.071011
-0.0709014
-0.0708071
-0.0707286
-0.0706662
-0.0706202
-0.0705908
-0.0705782
-0.0705826
-0.070604
-0.0706426
-0.0706981
-0.0707704
-0.0708594
-0.0709646
-0.0710856
-0.0712218
-0.0713726
-0.0715371
-0.0717143
-0.0719032
-0.0721024
-0.0723104
-0.0725259
-0.0727471
-0.072972
-0.0731987
-0.0734253
-0.0736494
-0.0738689
-0.0740813
-0.0742844
-0.0744758
-0.0746532
-0.0748144
-0.0749571
-0.0750794
-0.0751794
-0.0752555
-0.0753061
-0.0753301
-0.0753266
-0.0752949
-0.0752347
-0.0751459
-0.0750288
-0.0748838
-0.0747119
-0.0745138
-0.0742909
-0.0740444
-0.0737757
-0.0734862
-0.0731774
-0.0728506
-0.0725071
-0.0721483
-0.0717752
-0.0713889
-0.0709903
-0.0705801
-0.0701591
-0.0697282
-0.0692883
-0.0688401
-0.0683851
-0.0679243
-0.0674595
-0.0669924
-0.0665251
-0.06606
-0.0655995
-0.0651464
-0.0647034
-0.0642735
-0.0638597
-0.0634648
-0.0630918
-0.0627434
-0.0624223
-0.0621311
-0.0618722
-0.0616478
-0.0614599
-0.0613106
-0.0612017
-0.0611347
-0.0611111
-0.0611322
-0.0611991
-0.0613127
-0.0614739
-0.0616831
-0.0619406
-0.0622467
-0.0626012
-0.0630039
-0.0634542
-0.0639516
-0.0644951
-0.0650837
-0.0657163
-0.0663914
-0.0671076
-0.0678633
-0.0686567
-0.069486
-0.0703494
-0.0712449
-0.0721707
-0.0731245
-0.0741045
-0.0751086
-0.0761348
-0.0771811
-0.0782455
-0.0793259
-0.0804205
-0.0815273
-0.0826443
-0.0837698
-0.0849017
-0.0860382
-0.0871775
-0.0883177
-0.0894569
-0.0905934
-0.0917252
-0.0928506
-0.0939675
-0.0950742
-0.0961688
-0.0972495
-0.0983144
-0.0993615
-0.100389
-0.101395
-0.102379
-0.103337
-0.104268
-0.105171
-0.106044
-0.106886
-0.107694
-0.108468
-0.109206
-0.109907
-0.11057
-0.111194
-0.111779
-0.112323
-0.112825
-0.113287
-0.113707
-0.114085
-0.114421
-0.114717
-0.114971
-0.115184
-0.115358
-0.115493
-0.11559
-0.115649
-0.115672
-0.11566
-0.115615
-0.115538
-0.11543
-0.115292
-0.115128
-0.114938
-0.114724
-0.114488
-0.114232
-0.113958
-0.113669
-0.113366
-0.113051
-0.112727
-0.112396
-0.11206
-0.111721
-0.111382
-0.111043
-0.110706
-0.110374
-0.110047
-0.109727
-0.109414
-0.109109
-0.108812
-0.108523
-0.108242
-0.107968
-0.1077
-0.107437
-0.107177
-0.106919
-0.106661
-0.106401
-0.106136
-0.105864
-0.105584
-0.105292
-0.104986
-0.104664
-0.104324
-0.103963
-0.10358
-0.103173
-0.10274
-0.102281
-0.101793
-0.101276
-0.10073
-0.100155
-0.0995504
-0.0989173
-0.0982566
-0.0975694
-0.0968574
-0.0961224
-0.0953666
-0.0945926
-0.093803
-0.0930008
-0.092189
-0.091371
-0.0905499
-0.0897292
-0.088912
-0.0881015
-0.0873008
-0.0865128
-0.0857402
-0.0849854
-0.0842507
-0.0835379
-0.0828489
-0.0821849
-0.0815473
-0.0809369
-0.0803544
-0.0798004
-0.0792751
-0.078779
-0.0783119
-0.0778739
-0.0774649
-0.0770847
-0.0767329
-0.0764093
-0.0761135
-0.0758449
-0.0756031
-0.0753875
-0.0751975
-0.0750323
-0.0748912
-0.0747732
-0.0746775
-0.0746029
-0.0745485
-0.074513
-0.0744953
-0.0744941
-0.0745081
-0.0745359
-0.074576
-0.0746272
-0.0746879
-0.0747567
-0.0748322
-0.074913
-0.0749978
-0.0750852
-0.0751739
-0.0752629
-0.075351
-0.0754371
-0.0755204
-0.0755999
-0.0756748
-0.0757446
-0.0758085
-0.0758661
-0.0759169
-0.0759606
-0.0759969
-0.0760256
-0.0760465
-0.0760596
-0.0760648
-0.0760622
-0.076052
-0.0760342
-0.0760092
-0.0759771
-0.0759384
-0.0758934
-0.0758425
-0.0757862
-0.075725
-0.0756593
-0.0755896
-0.0755164
-0.0754403
-0.0753615
-0.0752807
-0.0751981
-0.0751141
-0.075029
-0.0749429
-0.0748562
-0.074769
-0.0746812
-0.074593
-0.0745044
-0.0744154
-0.074326
-0.0742361
-0.0741457
-0.0740548
-0.0739635
-0.0738718
-0.0737798
-0.0736876
-0.0735956
-0.0735039
-0.0734129
-0.073323
-0.0732347
-0.0731486
-0.0730651
-0.072985
-0.0729088
-0.0728373
-0.0727711
-0.0727108
-0.0726571
-0.0726103
-0.0725711
-0.0725398
-0.0725166
-0.0725016
-0.0724949
-0.0724965
-0.0725062
-0.0725237
-0.0725488
-0.072581
-0.07262
-0.0726653
-0.0727165
-0.0727733
-0.0728353
-0.0729022
-0.0729739
-0.0730503
-0.0731312
-0.0732167
-0.073307
-0.0734021
-0.0735023
-0.0736079
-0.073719
-0.0738362
-0.0739598
-0.0740901
-0.0742274
-0.0743721
-0.0745244
-0.0746845
-0.0748526
-0.0750288
-0.0752133
-0.075406
-0.0756068
-0.0758155
-0.076032
-0.0762558
-0.0764867
-0.076724
-0.0769674
-0.0772162
-0.0774698
-0.0777275
-0.0779887
-0.0782527
-0.0785186
-0.0787859
-0.0790539
-0.079322
-0.0795895
-0.0798561
-0.0801213
-0.0803848
-0.0806464
-0.0809058
-0.0811631
-0.0814183
-0.0816715
-0.0819229
-0.0821729
-0.0824219
-0.0826703
-0.0829188
-0.0831678
-0.0834181
-0.0836704
-0.0839255
-0.0841843
-0.0844475
-0.0847162
-0.0849914
-0.0852742
-0.0855657
-0.0858673
-0.0861802
-0.0865059
-0.086846
-0.087202
-0.0875755
-0.0879684
-0.0883824
-0.0888192
-0.0892807
-0.0897687
-0.0902849
-0.0908309
-0.0914082
-0.0920182
-0.0926621
-0.0933408
-0.0940551
-0.0948056
-0.0955923
-0.0964152
-0.097274
-0.098168
-0.0990963
-0.100058
-0.101051
-0.102074
-0.103125
-0.104202
-0.105303
-0.106425
-0.107566
-0.108724
-0.109896
-0.111079
-0.11227
-0.113468
-0.114669
-0.115872
-0.117074
-0.118272
-0.119464
-0.120649
-0.121825
-0.122991
-0.124143
-0.125283
-0.126408
-0.127517
-0.128611
-0.129689
-0.13075
-0.131794
-0.132822
-0.133834
-0.134829
-0.135809
-0.136774
-0.137723
-0.138657
-0.139576
-0.14048
-0.14137
-0.142245
-0.143105
-0.14395
-0.144778
-0.14559
-0.146386
-0.147163
-0.147922
-0.148661
-0.14938
-0.150077
-0.150752
-0.151404
-0.152032
-0.152635
-0.153212
-0.153762
-0.154285
-0.15478
-0.155247
-0.155685
-0.156094
-0.156473
-0.156823
-0.157144
-0.157436
-0.1577
-0.157936
-0.158144
-0.158326
-0.158483
-0.158615
-0.158725
-0.158813
-0.15888
-0.158928
-0.158958
-0.158972
-0.15897
-0.158953
-0.158922
-0.158879
-0.158823
-0.158756
-0.158677
-0.158587
-0.158485
-0.158373
-0.15825
-0.158117
-0.157973
-0.157819
-0.157655
-0.157481
-0.157298
-0.157107
-0.156908
-0.156702
-0.15649
-0.156273
-0.156051
-0.155825
-0.155598
-0.155368
-0.155139
-0.15491
-0.154683
-0.154458
-0.154238
-0.154022
-0.153812
-0.15361
-0.153415
-0.15323
-0.153056
-0.152893
-0.152743
-0.152607
-0.152486
-0.152382
-0.152296
-0.152229
-0.152182
-0.152156
-0.152154
-0.152175
-0.152222
-0.152296
-0.152396
-0.152525
-0.152684
-0.152872
-0.153091
-0.15334
-0.153621
-0.153934
-0.154277
-0.154651
-0.155055
-0.155489
-0.155951
-0.15644
-0.156956
-0.157496
-0.158059
-0.158643
-0.159247
-0.159868
-0.160504
-0.161154
-0.161815
-0.162485
-0.163162
-0.163844
-0.164528
-0.165214
-0.165899
-0.166581
-0.167258
-0.16793
-0.168593
-0.169247
-0.16989
-0.170522
-0.17114
-0.171743
-0.17233
-0.172901
-0.173454
-0.173989
-0.174505
-0.175
-0.175475
-0.17593
-0.176363
-0.176775
-0.177166
-0.177535
-0.177882
-0.178208
-0.178513
-0.178796
-0.179058
-0.1793
-0.17952
-0.17972
-0.1799
-0.180061
-0.180203
-0.180328
-0.180436
-0.180529
-0.18061
-0.180679
-0.18074
-0.180795
-0.180847
-0.180899
-0.180953
-0.181014
-0.181084
-0.181165
-0.18126
-0.181372
-0.181502
-0.181652
-0.181824
-0.182018
-0.182235
-0.182475
-0.182737
-0.183022
-0.183328
-0.183653
-0.183997
-0.184358
-0.184734
-0.185122
-0.185521
-0.185927
-0.18634
-0.186756
-0.187173
-0.18759
-0.188003
-0.188412
-0.188814
-0.189209
-0.189594
-0.18997
-0.190335
-0.190688
-0.191031
-0.191362
-0.191682
-0.191991
-0.19229
-0.192579
-0.192857
-0.193127
-0.193388
-0.19364
-0.193883
-0.194118
-0.194344
-0.194561
-0.194769
-0.194966
-0.195151
-0.195325
-0.195485
-0.195631
-0.195762
-0.195875
-0.195971
-0.196048
-0.196105
-0.196142
-0.196158
-0.196153
-0.196126
-0.196078
-0.196009
-0.19592
-0.195812
-0.195685
-0.19554
-0.195379
-0.195203
-0.195013
-0.194811
-0.194596
-0.194372
-0.194137
-0.193894
-0.193643
-0.193384
-0.193119
-0.192847
-0.192568
-0.192284
-0.191994
-0.191699
-0.191399
-0.191095
-0.190787
-0.190477
-0.190166
-0.189854
-0.189543
-0.189235
-0.188931
-0.188633
-0.188344
-0.188065
-0.187797
-0.187545
-0.187308
-0.187089
-0.18689
-0.186712
-0.186557
-0.186426
-0.18632
-0.186239
-0.186184
-0.186156
-0.186153
-0.186177
-0.186226
-0.1863
-0.186399
-0.18652
-0.186663
-0.186826
-0.187008
-0.187208
-0.187424
-0.187653
-0.187895
-0.188148
-0.188409
-0.188676
-0.188948
-0.189222
-0.189496
-0.189769
-0.190038
-0.190301
-0.190556
-0.190801
-0.191034
-0.191254
-0.191459
-0.191647
-0.191817
-0.191967
-0.192096
-0.192205
-0.192291
-0.192355
-0.192396
-0.192415
-0.192411
-0.192386
-0.19234
-0.192273
-0.192187
-0.192084
-0.191964
-0.19183
-0.191683
-0.191525
-0.191357
-0.191183
-0.191002
-0.190819
-0.190633
-0.190448
-0.190265
-0.190084
-0.189909
-0.189739
-0.189577
-0.189422
-0.189276
-0.189139
-0.189011
-0.188893
-0.188783
-0.188682
-0.188589
-0.188503
-0.188422
-0.188347
-0.188274
-0.188203
-0.188133
-0.18806
-0.187985
-0.187905
-0.187818
-0.187723
-0.187618
-0.187502
-0.187375
-0.187234
-0.187079
-0.186909
-0.186724
-0.186524
-0.186308
-0.186077
-0.18583
-0.185569
-0.185293
-0.185004
-0.184702
-0.184389
-0.184065
-0.183732
-0.18339
-0.183043
-0.18269
-0.182334
-0.181976
-0.181618
-0.181261
-0.180908
-0.18056
-0.18022
-0.179888
-0.179567
-0.179259
-0.178966
-0.178688
-0.178429
-0.178189
-0.17797
-0.177774
-0.177601
-0.177454
-0.177333
-0.17724
-0.177174
-0.177137
-0.17713
-0.177153
-0.177206
-0.177289
-0.177403
-0.177548
-0.177724
-0.17793
-0.178166
-0.178432
-0.178727
-0.179051
-0.179404
-0.179784
-0.180192
-0.180626
-0.181086
-0.181572
-0.182081
-0.182615
-0.183171
-0.183749
-0.184349
-0.184969
-0.185608
-0.186266
-0.186942
-0.187634
-0.188343
-0.189066
-0.189803
-0.190554
-0.191316
-0.19209
-0.192874
-0.193668
-0.19447
-0.19528
-0.196097
-0.19692
-0.197749
-0.198582
-0.19942
-0.200262
-0.201106
-0.201954
-0.202804
-0.203657
-0.204512
-0.205369
-0.206228
-0.207089
-0.207953
-0.208819
-0.209689
-0.210561
-0.211438
-0.212317
-0.213201
-0.214089
-0.21498
-0.215875
-0.216773
-0.217674
-0.218576
-0.219479
-0.220381
-0.221281
-0.222178
-0.223069
-0.223952
-0.224825
-0.225687
-0.226536
-0.227368
-0.228182
-0.228977
-0.22975
-0.230499
-0.231224
-0.231924
-0.232596
-0.233242
-0.23386
-0.234451
-0.235014
-0.23555
-0.236061
-0.236546
-0.237008
-0.237448
-0.237868
-0.238268
-0.238652
-0.239021
-0.239377
-0.239723
-0.24006
-0.240391
-0.240718
-0.241043
-0.241367
-0.241693
-0.242022
-0.242355
-0.242695
-0.243041
-0.243395
-0.243757
-0.244128
-0.244507
-0.244895
-0.245291
-0.245694
-0.246103
-0.246517
-0.246934
-0.247354
-0.247774
-0.248193
-0.248608
-0.249018
-0.249421
-0.249814
-0.250197
-0.250568
-0.250924
-0.251265
-0.25159
-0.251897
-0.252186
-0.252457
-0.252707
-0.252939
-0.253151
-0.253343
-0.253517
-0.253671
-0.253808
-0.253926
-0.254026
-0.25411
-0.254176
-0.254227
-0.254261
-0.254279
-0.254281
-0.254266
-0.254235
-0.254186
-0.25412
-0.254034
-0.253928
-0.253801
-0.25365
-0.253476
-0.253276
-0.253049
-0.252792
-0.252505
-0.252186
-0.251834
-0.251447
-0.251025
-0.250566
-0.250069
-0.249535
-0.248963
-0.248352
-0.247704
-0.247018
-0.246294
-0.245534
-0.244738
-0.243908
-0.243045
-0.24215
-0.241224
-0.24027
-0.239288
-0.238282
-0.237253
-0.236203
-0.235134
-0.234048
-0.232948
-0.231836
-0.230714
-0.229585
-0.228451
-0.227315
-0.226178
-0.225044
-0.223915
-0.222794
-0.221682
-0.220583
-0.219499
-0.218431
-0.217384
-0.216357
-0.215355
-0.214379
-0.213431
-0.212512
-0.211624
-0.210769
-0.209947
-0.209159
-0.208406
-0.207689
-0.207006
-0.206358
-0.205743
-0.205162
-0.204612
-0.204093
-0.203602
-0.203137
-0.202697
-0.202279
-0.201881
-0.201501
-0.201136
-0.200786
-0.200446
-0.200117
-0.199795
-0.19948
-0.19917
-0.198863
-0.19856
-0.198257
-0.197956
-0.197655
-0.197353
-0.19705
-0.196746
-0.196438
-0.196128
-0.195813
-0.195493
-0.195168
-0.194835
-0.194495
-0.194145
-0.193784
-0.193411
-0.193025
-0.192624
-0.192206
-0.191771
-0.191317
-0.190843
-0.190347
-0.18983
-0.18929
-0.188727
-0.188141
-0.187531
-0.186897
-0.18624
-0.185561
-0.18486
-0.184137
-0.183394
-0.182632
-0.181852
-0.181055
-0.180243
-0.179417
-0.178579
-0.17773
-0.176872
-0.176006
-0.175135
-0.174259
-0.173382
-0.172504
-0.171628
-0.170756
-0.169888
-0.169028
-0.168176
-0.167335
-0.166506
-0.165691
-0.164891
-0.164106
-0.16334
-0.162592
-0.161863
-0.161155
-0.160468
-0.159802
-0.159159
-0.158537
-0.157939
-0.157363
-0.156811
-0.156282
-0.155777
-0.155295
-0.154838
-0.154405
-0.153997
-0.153614
-0.153255
-0.152922
-0.152613
-0.152329
-0.152069
-0.151833
-0.15162
-0.151429
-0.151259
-0.151109
-0.150978
-0.150863
-0.150762
-0.150674
-0.150597
-0.150529
-0.150467
-0.150409
-0.150355
-0.150301
-0.150246
-0.150189
-0.150129
-0.150064
-0.149994
-0.149917
-0.149835
-0.149746
-0.14965
-0.149548
-0.149441
-0.149328
-0.149211
-0.149091
-0.148967
-0.148842
-0.148716
-0.148591
-0.148466
-0.148343
-0.148222
-0.148104
-0.147989
-0.147878
-0.147769
-0.147663
-0.147559
-0.147458
-0.147357
-0.147255
-0.147153
-0.147049
-0.146941
-0.146829
-0.146711
-0.146587
-0.146454
-0.146312
-0.14616
-0.145996
-0.145822
-0.145634
-0.145434
-0.145221
-0.144994
-0.144754
-0.1445
-0.144233
-0.143953
-0.143661
-0.143356
-0.14304
-0.142713
-0.142375
-0.142027
-0.141669
-0.141302
-0.140926
-0.14054
-0.140146
-0.139743
-0.139331
-0.13891
-0.13848
-0.138041
-0.137593
-0.137135
-0.136667
-0.13619
-0.135703
-0.135206
-0.1347
-0.134183
-0.133656
-0.13312
-0.132572
-0.132014
-0.131444
-0.130863
-0.13027
-0.129665
-0.129046
-0.128413
-0.127767
-0.127106
-0.126431
-0.125741
-0.125037
-0.124318
-0.123585
-0.12284
-0.122082
-0.121314
-0.120536
-0.119751
-0.11896
-0.118165
-0.117368
-0.116571
-0.115777
-0.114987
-0.114203
-0.113427
-0.11266
-0.111903
-0.111158
-0.110425
-0.109704
-0.108996
-0.1083
-0.107615
-0.106942
-0.106279
-0.105625
-0.104978
-0.104337
-0.103701
-0.103068
-0.102437
-0.101805
-0.101171
-0.100535
-0.099893
-0.0992455
-0.0985907
-0.0979278
-0.0972557
-0.0965739
-0.0958818
-0.0951791
-0.0944655
-0.0937411
-0.093006
-0.0922604
-0.091505
-0.0907403
-0.0899669
-0.0891858
-0.0883977
-0.0876037
-0.0868048
-0.0860021
-0.0851965
-0.0843891
-0.0835809
-0.082773
-0.0819662
-0.0811613
-0.080359
-0.07956
-0.0787647
-0.0779736
-0.0771869
-0.0764045
-0.0756266
-0.0748527
-0.0740826
-0.0733158
-0.0725514
-0.0717888
-0.0710269
-0.0702645
-0.0695004
-0.0687335
-0.0679621
-0.0671848
-0.0664001
-0.0656064
-0.0648021
-0.0639857
-0.0631557
-0.0623105
-0.0614487
-0.0605691
-0.0596703
-0.0587513
-0.0578111
-0.0568488
-0.0558638
-0.0548554
-0.0538233
-0.0527672
-0.0516868
-0.0505824
-0.0494539
-0.0483018
-0.0471263
-0.0459283
-0.0447083
-0.0434673
-0.0422062
-0.0409262
-0.0396287
-0.038315
-0.0369869
-0.035646
-0.0342942
-0.0329335
-0.0315659
-0.0301936
-0.0288191
-0.0274445
-0.0260723
-0.024705
-0.0233449
-0.0219944
-0.0206558
-0.0193315
-0.0180236
-0.0167343
-0.0154654
-0.0142188
-0.0129961
-0.0117987
-0.0106279
-0.00948459
-0.00836967
-0.00728373
-0.00622721
-0.00520031
-0.00420301
-0.00323511
-0.00229628
-0.00138604
-0.000503771
0.000351243
0.00117978
0.0019827
0.00276082
0.003515
0.00424603
0.00495466
0.00564153
0.00630721
0.0069522
0.00757689
0.00818152
0.0087663
0.00933126
0.00987639
0.0104016
0.0109068
0.0113919
0.0118565
0.0123007
0.0127242
0.0131271
0.0135093
0.0138709
0.0142122
0.0145334
0.0148351
0.0151178
0.0153821
0.0156288
0.0158588
0.0160729
0.0162721
0.0164571
0.0166291
0.0167889
0.0169373
0.0170751
0.0172031
0.0173218
0.017432
0.017534
0.0176284
0.0177154
0.0177955
0.0178689
0.0179358
0.0179966
0.0180515
0.0181007
0.0181446
0.0181834
0.0182175
0.0182472
0.0182729
0.018295
0.0183139
0.0183299
0.0183435
0.0183549
0.0183643
0.0183721
0.0183783
0.018383
0.0183862
0.0183879
0.018388
0.0183863
0.0183825
0.0183764
0.0183676
0.018356
0.018341
0.0183225
0.0183001
0.0182734
0.0182421
0.018206
0.0181647
0.0181179
0.0180654
0.0180068
0.017942
0.0178707
0.0177924
0.0177071
0.0176143
0.0175139
0.0174055
0.017289
0.0171641
0.0170306
0.0168884
0.0167374
0.0165774
0.0164086
0.0162308
0.0160442
0.0158489
0.0156452
0.0154331
0.0152128
0.0149846
0.0147486
0.0145052
0.0142543
0.0139962
0.013731
0.0134588
0.0131795
0.012893
0.0125994
0.0122984
0.01199
0.0116741
0.0113506
0.0110194
0.0106807
0.0103346
0.00998132
0.00962135
0.00925532
0.00888397
0.00850822
0.0081292
0.00774815
0.00736645
0.00698562
0.0066073
0.00623313
0.00586481
0.00550402
0.00515244
0.00481162
0.004483
0.00416785
0.00386726
0.00358209
0.00331299
0.00306032
0.00282425
0.00260464
0.00240111
0.00221304
0.00203961
0.00187973
0.00173218
0.00159554
0.00146828
0.00134873
0.00123512
0.00112561
0.00101833
0.000911412
0.000802925
0.000691018
0.000573827
0.00044962
0.000316623
0.00017323
1.79294e-05
-0.000150718
-0.000333977
-0.000533003
-0.000748795
-0.000982153
-0.0012337
-0.00150391
-0.00179306
-0.00210119
-0.00242815
-0.00277353
-0.00313673
-0.00351699
-0.00391333
-0.00432459
-0.00474952
-0.0051867
-0.00563464
-0.0060918
-0.00655661
-0.00702754
-0.00750306
-0.00798174
-0.00846222
-0.00894324
-0.00942379
-0.00990288
-0.0103797
-0.0108537
-0.0113243
-0.0117912
-0.0122542
-0.0127133
-0.0131684
-0.0136196
-0.0140672
-0.0145113
-0.0149522
-0.0153901
-0.0158254
-0.0162581
-0.0166885
-0.0171168
-0.0175429
-0.0179671
-0.0183891
-0.0188091
-0.0192267
-0.019642
-0.0200545
-0.020464
-0.0208703
-0.021273
-0.0216717
-0.0220661
-0.0224559
-0.0228407
-0.0232201
-0.023594
-0.0239622
-0.0243243
-0.0246805
-0.0250305
-0.0253744
-0.0257123
-0.0260443
-0.0263707
-0.0266916
-0.0270073
-0.0273182
-0.0276246
-0.0279269
-0.0282256
-0.0285209
-0.0288134
-0.0291035
-0.0293916
-0.0296783
-0.0299641
-0.0302494
-0.0305348
-0.030821
-0.0311084
-0.0313978
-0.0316899
-0.0319854
-0.0322852
-0.0325901
-0.0329009
-0.0332188
-0.0335447
-0.0338799
-0.0342255
-0.0345831
-0.0349541
-0.0353399
-0.0357424
-0.0361632
-0.0366043
-0.0370676
-0.0375551
-0.0380688
-0.0386108
-0.039183
-0.0397875
-0.0404261
