0.00820313
4.20006
4.19887
4.19643
4.19274
4.18776
4.18147
4.17383
4.1648
4.15433
4.14236
4.12882
4.11362
4.0967
4.07795
4.05727
4.03455
4.00969
3.98256
3.95305
3.92103
3.88641
3.84909
3.80898
3.76603
3.72024
3.67162
3.62026
3.5663
3.50991
3.45134
3.3909
3.32891
3.26571
3.20165
3.13707
3.07226
3.00747
2.94289
2.87865
2.81483
2.75146
2.68854
2.62607
2.56406
2.50257
2.44168
2.3815
2.32218
2.26383
2.20654
2.15034
2.09525
2.04126
1.98833
1.93645
1.88561
1.83581
1.78707
1.73941
1.69286
1.64746
1.60324
1.56022
1.51841
1.47781
1.43842
1.40023
1.36322
1.32735
1.29261
1.25895
1.22635
1.19477
1.16416
1.1345
1.10575
1.07788
1.05084
1.02463
0.999223
0.974602
0.950765
0.927718
0.905471
0.884041
0.86345
0.843719
0.82487
0.806923
0.789895
0.773798
0.758642
0.744431
0.731168
0.718852
0.707477
0.697032
0.687505
0.678873
0.671111
0.664185
0.658056
0.652677
0.647994
0.643946
0.640465
0.637477
0.634904
0.632666
0.630682
0.628874
0.627167
0.625493
0.623795
0.622026
0.62016
0.618186
0.616117
0.61398
0.611817
0.609675
0.607602
0.605642
0.603827
0.602183
0.60072
0.599441
0.598339
0.597395
0.596588
0.595887
0.595262
0.59468
0.594113
0.593533
0.592921
0.592263
0.591553
0.590787
0.589965
0.589086
0.588145
0.587132
0.586031
0.584814
0.583448
0.581894
0.580112
0.578069
0.575741
0.573126
0.570249
0.567159
0.563931
0.560651
0.557403
0.554251
0.551234
0.548359
0.545602
0.542918
0.540242
0.537504
0.534628
0.531542
0.528182
0.524499
0.520459
0.516051
0.511284
0.506183
0.500789
0.495147
0.489306
0.483307
0.477188
0.470981
0.464714
0.458407
0.452073
0.445716
0.439327
0.432887
0.42637
0.419738
0.412955
0.405983
0.398789
0.391346
0.383639
0.375662
0.367422
0.358939
0.350246
0.341385
0.332408
0.323368
0.314323
0.305323
0.29641
0.287615
0.278957
0.270442
0.262063
0.253809
0.245663
0.237608
0.22963
0.221716
0.213863
0.206075
0.198365
0.190757
0.183288
0.176001
0.168944
0.162165
0.155699
0.149569
0.143781
0.138324
0.133179
0.12832
0.123723
0.119369
0.11524
0.111324
0.10761
0.104084
0.100732
0.0975361
0.0944768
0.0915351
0.0886948
0.0859452
0.0832848
0.0807226
0.0782799
0.07599
0.0738966
0.0720508
0.0705077
0.0693225
0.0685471
0.0682276
0.0684015
0.0690969
0.0703306
0.0721076
0.0744198
0.077246
0.0805503
0.0842827
0.0883781
0.0927573
0.0973288
0.101991
0.106637
0.111158
0.115454
0.11943
0.123008
0.126125
0.128733
0.1308
0.132309
0.133255
0.133647
0.133504
0.132853
0.131729
0.13017
0.128217
0.125908
0.123276
0.120348
0.117144
0.113675
0.109948
0.105962
0.101712
0.0971893
0.0923798
0.0872697
0.0818466
0.0761036
0.0700432
0.0636796
0.0570409
0.0501677
0.0431116
0.035931
0.0286865
0.0214377
0.014239
0.00713823
0.000175836
-0.00661436
-0.0132035
-0.019565
-0.0256718
-0.0314942
-0.0369989
-0.0421509
-0.0469162
-0.0512669
-0.0551846
-0.0586633
-0.0617098
-0.0643419
-0.0665846
-0.0684662
-0.0700137
-0.0712504
-0.0721941
-0.0728577
-0.07325
-0.0733774
-0.0732461
-0.0728628
-0.0722365
-0.0713785
-0.0703036
-0.0690297
-0.0675782
-0.0659733
-0.064242
-0.0624135
-0.0605181
-0.0585877
-0.0566539
-0.0547485
-0.0529012
-0.0511391
-0.049484
-0.0479511
-0.0465466
-0.0452678
-0.0441025
-0.0430309
-0.0420274
-0.0410625
-0.0401053
-0.0391247
-0.0380912
-0.0369767
-0.0357564
-0.0344086
-0.0329161
-0.0312664
-0.0294507
-0.0274628
-0.0252959
-0.0229392
-0.0203739
-0.0175705
-0.014488
-0.0110765
-0.00728476
-0.00307315
0.00156928
0.0066076
0.0119514
0.0174602
0.0229651
0.0283
0.0333287
0.0379594
0.0421453
0.0458759
0.0491659
0.0520456
0.0545538
0.0567324
0.0586226
0.0602623
0.0616836
0.0629111
0.0639617
0.0648453
0.0655671
0.0661297
0.0665366
0.0667936
0.0669107
0.0669013
0.0667824
0.066573
0.0662934
0.0659636
0.0656034
0.0652308
0.0648627
0.0645134
0.0641954
0.0639185
0.0636897
0.0635138
0.0633932
0.0633288
0.0633208
0.0633692
0.0634745
0.0636382
0.0638621
0.0641487
0.0645009
0.0649211
0.0654118
0.0659748
0.0666113
0.0673214
0.0681037
0.0689543
0.0698672
0.0708334
0.0718415
0.0728783
0.0739304
0.0749858
0.0760357
0.0770766
0.0781104
0.079145
0.0801919
0.0812638
0.0823711
0.0835196
0.0847081
0.0859279
0.0871642
0.0883977
0.0896075
0.0907746
0.091885
0.0929324
0.0939197
0.0948598
0.0957732
0.0966859
0.0976254
0.0986166
0.0996791
0.100825
0.10206
0.103379
0.104773
0.106224
0.10771
0.1092
0.110664
0.112066
0.113367
0.114532
0.115527
0.116322
0.116894
0.117225
0.117303
0.117119
0.11667
0.115955
0.114974
0.113728
0.112221
0.110456
0.108435
0.106165
0.103649
0.100897
0.0979218
0.0947393
0.0913728
0.087852
0.0842131
0.0804982
0.0767542
0.0730302
0.0693746
0.0658312
0.0624358
0.0592128
0.056174
0.0533192
0.0506405
0.0481272
0.045773
0.0435806
0.0415652
0.039754
0.038183
0.0368919
0.0359187
0.0352948
0.0350419
0.0351715
0.0356843
0.0365719
0.0378182
0.0394012
0.0412943
0.0434687
0.0458952
0.048547
0.0514019
0.0544447
0.0576681
0.0610724
0.0646636
0.0684507
0.0724416
0.076641
0.0810483
0.0856569
0.0904547
0.0954249
0.100547
0.105797
0.11115
0.116579
0.12206
0.127567
0.133081
0.138581
0.144053
0.149482
0.154857
0.160163
0.165388
0.170519
0.175541
0.180443
0.185213
0.189845
0.194338
0.198693
0.202915
0.207013
0.210992
0.214861
0.218621
0.222273
0.225809
0.229222
0.232496
0.235619
0.238575
0.241352
0.243942
0.246341
0.248548
0.250567
0.252401
0.254053
0.255522
0.256805
0.257896
0.258785
0.259462
0.259915
0.260133
0.260104
0.259823
0.259282
0.258481
0.257419
0.256097
0.254517
0.252682
0.250594
0.248256
0.245672
0.242849
0.239798
0.236537
0.233088
0.229482
0.225752
0.221932
0.21806
0.21417
0.210293
0.20646
0.202702
0.199047
0.195527
0.192171
0.189009
0.186069
0.183375
0.180946
0.178793
0.17692
0.175322
0.173986
0.172893
0.172014
0.171312
0.170745
0.170264
0.169816
0.16935
0.168815
0.168169
0.167374
0.166403
0.165237
0.163865
0.162285
0.160503
0.158527
0.156372
0.154054
0.151588
0.148992
0.146282
0.143478
0.1406
0.137671
0.134719
0.131773
0.128864
0.126023
0.123272
0.120631
0.118107
0.115702
0.113408
0.111212
0.109097
0.107041
0.105021
0.103017
0.101006
0.0989707
0.0968933
0.0947603
0.0925602
0.090284
0.0879243
0.0854753
0.0829316
0.0802887
0.0775427
0.0746899
0.0717278
0.0686547
0.06547
0.0621746
0.0587711
0.0552637
0.0516594
0.0479681
0.0442036
0.0403845
0.0365337
0.0326784
0.0288487
0.0250767
0.0213947
0.0178341
0.0144243
0.0111915
0.00815834
0.00534292
0.00275819
0.000411542
-0.00169517
-0.00356513
-0.00520534
-0.00662496
-0.00783341
-0.00883885
-0.00964739
-0.0102631
-0.0106889
-0.0109273
-0.010981
-0.0108539
-0.0105501
-0.0100741
-0.00942991
-0.00862147
-0.00765202
-0.00652442
-0.00524143
-0.00380612
-0.0022226
-0.00049692
0.00136164
0.00333911
0.00541537
0.00756299
0.00974666
0.0119235
0.0140442
0.0160553
0.0179023
0.0195323
0.0208983
0.0219617
0.0226955
0.0230861
0.0231336
0.0228519
0.0222657
0.0214067
0.0203096
0.0190079
0.017532
0.0159107
0.0141748
0.0123635
0.0105274
0.0087269
0.00702402
0.00547145
0.00410377
0.00293544
0.00196595
0.00118945
0.000604479
0.000220587
6.05032e-05
0.000158254
0.000554575
0.00129124
0.0024055
0.00392539
0.00586645
0.00822992
0.0110024
0.0141564
0.017652
0.0214386
0.0254579
0.0296464
0.0339383
0.0382684
0.0425743
0.046799
0.050893
0.0548173
0.0585443
0.0620591
0.0653584
0.0684484
0.0713421
0.074057
0.0766135
0.079033
0.0813377
0.0835506
0.0856954
0.0877963
0.0898781
0.0919655
0.0940825
0.096251
0.0984902
0.100815
0.103238
0.105764
0.108395
0.111129
0.113954
0.116846
0.119766
0.122653
0.125425
0.127982
0.130224
0.132066
0.133446
0.134333
0.134722
0.134632
0.134093
0.133144
0.131832
0.130205
0.128313
0.126205
0.123932
0.121541
0.119075
0.116569
0.114051
0.111543
0.109058
0.106603
0.104186
0.101816
0.0995013
0.0972555
0.0950924
0.0930248
0.0910631
0.0892124
0.0874718
0.0858335
0.0842831
0.0828011
0.0813656
0.0799554
0.0785551
0.0771585
0.0757726
0.0744187
0.0731309
0.0719527
0.0709309
0.0701091
0.0695219
0.0691912
0.0691237
0.0693116
0.0697335
0.0703561
0.0711371
0.0720268
0.0729703
0.0739098
0.0747859
0.0755396
0.076114
0.0764553
0.0765145
0.0762491
0.0756241
0.074614
0.0732027
0.071383
0.0691551
0.0665245
0.0635018
0.0601029
0.0563502
0.0522737
0.0479101
0.0433012
0.0384913
0.0335251
0.0284452
0.0232913
0.0181
0.012905
0.00773827
0.00263095
-0.0023855
-0.00727864
-0.0120145
-0.0165576
-0.0208705
-0.0249147
-0.0286506
-0.0320383
-0.0350378
-0.0376103
-0.0397183
-0.0413272
-0.0424056
-0.0429271
-0.042871
-0.0422241
-0.0409827
-0.0391553
-0.0367648
-0.0338515
-0.0304738
-0.0267073
-0.0226415
-0.0183736
-0.0140021
-0.00962051
-0.00531199
-0.00114662
0.00282015
0.00654749
0.010008
0.0131853
0.0160705
0.0186586
0.0209454
0.0229253
0.0245916
0.0259381
0.0269613
0.0276627
0.0280499
0.028137
0.0279439
0.0274942
0.0268135
0.0259284
0.0248643
0.0236443
0.022289
0.0208151
0.0192354
0.0175586
0.0157901
0.0139321
0.0119851
0.00994899
0.00782395
0.00561147
0.00331494
0.000940028
-0.00150524
-0.00401051
-0.00656341
-0.00915001
-0.0117556
-0.0143655
-0.0169664
-0.0195469
-0.0220989
-0.0246175
-0.0271014
-0.0295522
-0.0319736
-0.0343696
-0.036743
-0.0390926
-0.0414113
-0.0436842
-0.045888
-0.0479915
-0.0499589
-0.0517542
-0.0533467
-0.0547162
-0.0558556
-0.0567724
-0.0574864
-0.0580268
-0.058428
-0.0587263
-0.0589568
-0.0591523
-0.0593426
-0.0595544
-0.0598119
-0.0601371
-0.0605499
-0.0610663
-0.0616959
-0.062438
-0.0632762
-0.064175
-0.0650782
-0.0659137
-0.0666027
-0.0670726
-0.0672683
-0.0671594
-0.0667408
-0.0660291
-0.0650565
-0.063865
-0.0625011
-0.0610127
-0.0594463
-0.0578447
-0.056245
-0.0546759
-0.0531545
-0.0516844
-0.0502542
-0.048838
-0.0473976
-0.0458857
-0.0442502
-0.0424385
-0.0404018
-0.0380992
-0.0355014
-0.0325937
-0.029379
-0.0258788
-0.0221329
-0.0181965
-0.0141351
-0.0100179
-0.00591021
-0.00186791
0.00206726
0.00586963
0.0095302
0.0130559
0.016468
0.0197997
0.0230929
0.0263942
0.0297498
0.0332016
0.0367814
0.040508
0.0443839
0.0483938
0.0525061
0.0566761
0.060852
0.064981
0.0690156
0.0729171
0.0766568
0.0802146
0.0835768
0.0867332
0.0896766
0.0924009
0.0949026
0.0971807
0.0992377
0.101079
0.102714
0.104152
0.105401
0.106467
0.107353
0.108059
0.108585
0.108929
0.109095
0.109084
0.108903
0.108556
0.108047
0.107376
0.106542
0.10554
0.104368
0.103026
0.101521
0.0998669
0.098085
0.0962017
0.0942444
0.0922356
0.0901884
0.0881039
0.0859722
0.0837767
0.0815004
0.0791322
0.0766708
0.0741253
0.0715131
0.0688562
0.066177
0.0634951
0.0608251
0.0581761
0.0555516
0.05295
0.0503659
0.0477899
0.0452097
0.0426096
0.0399722
0.0372802
0.034521
0.0316924
0.0288092
0.0259079
0.0230471
0.0203019
0.0177542
0.0154805
0.0135415
0.0119752
0.0107932
0.00998144
0.00950327
0.00930517
0.00932289
0.00948746
0.00973016
0.00998595
0.0101956
0.0103064
0.0102725
0.0100546
0.00962013
0.00894393
0.00800988
0.00681248
0.00535803
0.00366449
0.00175911
-0.000325683
-0.00255741
-0.00490816
-0.00735764
-0.00989445
-0.0125156
-0.0152253
-0.0180328
-0.0209501
-0.0239895
-0.0271604
-0.0304668
-0.0339041
-0.0374576
-0.0411017
-0.0447996
-0.0485062
-0.0521703
-0.0557389
-0.0591607
-0.0623903
-0.0653903
-0.0681331
-0.0706013
-0.0727869
-0.0746906
-0.0763199
-0.0776873
-0.0788088
-0.0797022
-0.0803854
-0.0808756
-0.0811874
-0.0813329
-0.0813206
-0.0811556
-0.08084
-0.0803738
-0.079756
-0.0789865
-0.078068
-0.0770072
-0.075816
-0.0745127
-0.0731207
-0.0716685
-0.0701872
-0.0687093
-0.0672664
-0.0658888
-0.0646041
-0.0634381
-0.0624152
-0.0615596
-0.0608959
-0.0604505
-0.0602519
-0.0603311
-0.0607213
-0.0614569
-0.062572
-0.0640972
-0.0660554
-0.0684569
-0.0712929
-0.0745314
-0.0781142
-0.0819596
-0.0859685
-0.0900345
-0.094054
-0.0979327
-0.10159
-0.104961
-0.107992
-0.110644
-0.112887
-0.114705
-0.116092
-0.117057
-0.117623
-0.117836
-0.117763
-0.117492
-0.117125
-0.116768
-0.116518
-0.116447
-0.116595
-0.116975
-0.117571
-0.118351
-0.119269
-0.120281
-0.12134
-0.122405
-0.123438
-0.124402
-0.125258
-0.125966
-0.12648
-0.126753
-0.12674
-0.126402
-0.125715
-0.124672
-0.123287
-0.12159
-0.119628
-0.117444
-0.115077
-0.112552
-0.109877
-0.107053
-0.104073
-0.100929
-0.0976161
-0.09413
-0.0904696
-0.0866349
-0.0826268
-0.0784469
-0.0740973
-0.0695805
-0.0649006
-0.0600638
-0.0550791
-0.0499592
-0.0447209
-0.0393859
-0.0339798
-0.0285321
-0.023075
-0.0176416
-0.0122647
-0.0069745
-0.00179688
0.00324791
0.00814608
0.0128904
0.0174794
0.0219164
0.0262079
0.0303622
0.0343875
0.0382902
0.0420722
0.0457285
0.0492459
0.0526015
0.055764
0.058696
0.0613573
0.0637085
0.0657149
0.0673489
0.0685923
0.0694371
0.0698865
0.0699542
0.0696639
0.0690483
0.0681468
0.0670038
0.0656659
0.0641786
0.0625837
0.0609177
0.0592104
0.0574853
0.0557609
0.0540516
0.0523685
0.0507197
0.049111
0.0475452
0.0460225
0.0445407
0.0430957
0.0416829
0.0402974
0.0389355
0.0375949
0.0362757
0.0349803
0.0337133
0.0324814
0.0312926
0.0301553
0.0290781
0.0280682
0.0271314
0.0262704
0.0254846
0.0247684
0.0241111
0.0234954
0.0228977
0.0222885
0.0216333
0.0208951
0.0200371
0.0190255
0.0178331
0.0164413
0.0148425
0.0130411
0.0110533
0.00890695
0.00663977
0.00429772
0.00193213
-0.000403278
-0.00265557
-0.00477576
-0.00672157
-0.00845967
-0.00996715
-0.0112321
-0.0122534
-0.0130392
-0.0136054
-0.0139732
-0.0141669
-0.0142114
-0.014131
-0.0139474
-0.0136781
-0.0133361
-0.0129291
-0.01246
-0.011928
-0.0113303
-0.0106635
-0.00992397
-0.00910738
-0.0082074
-0.00721439
-0.00611493
-0.00489256
-0.00352943
-0.00200839
-0.000315009
0.00156091
0.00362435
0.00587482
0.00830665
0.0109099
0.0136715
0.0165772
0.0196136
0.0227702
0.0260417
0.0294302
0.0329451
0.036604
0.0404299
0.0444487
0.0486854
0.0531611
0.0578893
0.0628736
0.0681059
0.0735643
0.079213
0.0850018
0.090868
0.096738
0.10253
0.108158
0.113535
0.118577
0.123208
0.12736
0.130979
0.134029
0.136487
0.138351
0.139636
0.140374
0.140611
0.140405
0.139822
0.13893
0.137799
0.136492
0.135072
0.133591
0.132097
0.130631
0.129229
0.127922
0.126737
0.125703
0.124843
0.124182
0.123739
0.123531
0.123567
0.123848
0.124363
0.125094
0.126014
0.127086
0.128271
0.129525
0.130804
0.132068
0.13328
0.134406
0.135423
0.136309
0.137048
0.137632
0.138053
0.138309
0.138399
0.138332
0.138122
0.137796
0.137395
0.136972
0.136586
0.136296
0.136143
0.136155
0.136335
0.136672
0.137145
0.137724
0.138379
0.139078
0.139788
0.140474
0.141102
0.141632
0.142024
0.142239
0.142238
0.141985
0.141448
0.140602
0.139428
0.137912
0.136047
0.133831
0.131267
0.128361
0.125125
0.121569
0.117709
0.113562
0.109144
0.104476
0.0995808
0.0944846
0.0892169
0.0838117
0.0783061
0.0727396
0.0671526
0.0615846
0.056073
0.0506514
0.0453499
0.0401948
0.0352084
0.0304098
0.0258141
0.0214316
0.0172674
0.0133205
0.00958358
0.00604373
0.0026845
-0.000511479
-0.0035591
-0.00646732
-0.00923639
-0.0118563
-0.014307
-0.0165603
-0.0185833
-0.0203431
-0.0218106
-0.0229648
-0.0237953
-0.0243024
-0.0244969
-0.024397
-0.0240253
-0.0234061
-0.0225624
-0.021515
-0.0202813
-0.0188761
-0.0173121
-0.0156007
-0.0137537
-0.0117845
-0.00970906
-0.00754682
-0.0053207
-0.00305581
-0.000777586
0.00149007
0.00372574
0.00591003
0.00802437
0.0100496
0.0119654
0.0137497
0.0153799
0.0168337
0.0180902
0.0191311
0.0199413
0.0205103
0.0208318
0.020904
0.0207297
0.0203162
0.019675
0.0188222
0.0177781
0.0165676
0.0152193
0.013765
0.0122392
0.0106774
0.00911572
0.00758966
0.00613353
0.00477985
0.00355887
0.00249805
0.00162155
0.00094955
0.000497588
0.000275995
0.000289573
0.000537666
0.00101474
0.00171138
0.00261564
0.00371433
0.00499416
0.00644224
0.00804611
0.00979333
0.0116708
0.013664
0.0157569
0.0179322
0.0201718
0.0224583
0.0247762
0.0271122
0.0294557
0.0317985
0.0341347
0.036461
0.0387765
0.0410836
0.0433878
0.0456977
0.0480236
0.0503769
0.0527682
0.0552056
0.057693
0.060229
0.0628057
0.0654093
0.0680207
0.0706165
0.0731712
0.0756588
0.078055
0.0803379
0.0824898
0.0844968
0.0863493
0.088041
0.0895688
0.0909321
0.092133
0.0931762
0.0940693
0.0948227
0.0954497
0.0959651
0.0963845
0.0967226
0.0969912
0.0971973
0.097342
0.0974196
0.0974177
0.0973181
0.0970985
0.0967341
0.0962002
0.0954743
0.0945379
0.0933784
0.0919906
0.0903766
0.0885468
0.0865185
0.0843153
0.0819646
0.0794959
0.0769379
0.0743164
0.0716525
0.0689609
0.0662501
0.063522
0.0607735
0.057998
0.0551872
0.0523329
0.0494298
0.046476
0.0434747
0.0404343
0.0373678
0.0342928
0.0312297
0.028201
0.0252306
0.0223429
0.0195633
0.0169177
0.0144334
0.0121386
0.0100627
0.0082352
0.00668498
0.00543827
0.00451692
0.00393632
0.00370341
0.00381544
0.00425964
0.00501428
0.00605107
0.00733833
0.00884425
0.0105395
0.012399
0.0144026
0.0165357
0.0187895
0.0211613
0.0236549
0.0262806
0.0290552
0.0320007
0.0351428
0.0385075
0.0421168
0.045983
0.050104
0.0544588
0.0590062
0.0636858
0.0684226
0.0731328
0.0777296
0.0821297
0.0862579
0.0900505
0.0934574
0.0964421
0.0989808
0.10106
0.102673
0.10382
0.104503
0.104728
0.104499
0.103822
0.102704
0.101153
0.0991773
0.0967886
0.0940005
0.0908301
0.0872974
0.0834253
0.0792391
0.0747657
0.0700328
0.065068
0.0598977
0.0545462
0.0490351
0.0433825
0.0376026
0.0317051
0.0256953
0.0195747
0.0133417
0.00699491
0.000537573
-0.00601639
-0.0126353
-0.019264
-0.0258217
-0.0322058
-0.0383022
-0.0439997
-0.049204
-0.053848
-0.0578956
-0.0613407
-0.0642018
-0.0665163
-0.0683347
-0.0697156
-0.0707218
-0.071418
-0.0718685
-0.0721354
-0.0722769
-0.0723458
-0.072388
-0.0724409
-0.0725322
-0.0726799
-0.0728917
-0.0731663
-0.0734947
-0.0738621
-0.0742497
-0.0746369
-0.0750026
-0.0753264
-0.0755891
-0.0757724
-0.075859
-0.0758321
-0.0756757
-0.0753755
-0.0749195
-0.0742994
-0.0735117
-0.0725578
-0.0714442
-0.070181
-0.0687807
-0.0672562
-0.0656192
-0.0638786
-0.062039
-0.0601004
-0.058058
-0.0559029
-0.0536242
-0.0512109
-0.048656
-0.0459597
-0.0431328
-0.0401984
-0.0371927
-0.034163
-0.0311649
-0.0282576
-0.0254998
-0.0229449
-0.0206384
-0.0186157
-0.016902
-0.0155124
-0.014452
-0.0137168
-0.0132929
-0.0131565
-0.0132736
-0.0136015
-0.0140924
-0.0146981
-0.0153765
-0.0160967
-0.0168431
-0.0176171
-0.0184367
-0.0193363
-0.0203647
-0.0215829
-0.02306
-0.0248678
-0.0270752
-0.0297415
-0.0329125
-0.0366178
-0.0408709
-0.0456703
-0.0510021
-0.0568424
-0.06316
-0.0699187
-0.0770781
-0.084595
-0.0924227
-0.10051
-0.108802
-0.117235
-0.125739
-0.134236
-0.142644
-0.150873
-0.158837
-0.166454
-0.17365
-0.18037
-0.186579
-0.192266
-0.197441
-0.202132
-0.206375
-0.210201
-0.213637
-0.216696
-0.219387
-0.221714
-0.223686
-0.225315
-0.226623
-0.227636
-0.228389
-0.228916
-0.229252
-0.229429
-0.229472
-0.2294
-0.229226
-0.228957
-0.228598
-0.228152
-0.227623
-0.227018
-0.226345
-0.225616
-0.224838
-0.224011
-0.223123
-0.222143
-0.221023
-0.219702
-0.218112
-0.216188
-0.213879
-0.211154
-0.208005
-0.20445
-0.200526
-0.196289
-0.191802
-0.187134
-0.182351
-0.177514
-0.172676
-0.167881
-0.163167
-0.158562
-0.154085
-0.149748
-0.145553
-0.141496
-0.137564
-0.133737
-0.129993
-0.126306
-0.122651
-0.119007
-0.115361
-0.111705
-0.108043
-0.104383
-0.100742
-0.0971382
-0.0935937
-0.0901304
-0.0867697
-0.0835316
-0.0804345
-0.0774941
-0.0747235
-0.0721325
-0.0697273
-0.0675102
-0.0654791
-0.0636277
-0.0619457
-0.0604186
-0.059029
-0.0577575
-0.0565844
-0.0554916
-0.0544654
-0.0534981
-0.0525898
-0.0517485
-0.050988
-0.0503248
-0.0497732
-0.0493411
-0.0490261
-0.0488135
-0.0486766
-0.0485774
-0.0484702
-0.0483053
-0.0480328
-0.0476076
-0.0469927
-0.0461618
-0.045101
-0.0438093
-0.0422978
-0.0405889
-0.038714
-0.0367124
-0.0346285
-0.0325097
-0.0304039
-0.0283572
-0.0264117
-0.0246038
-0.0229634
-0.021513
-0.0202683
-0.019238
-0.0184246
-0.0178253
-0.0174325
-0.0172356
-0.0172217
-0.0173772
-0.017689
-0.0181457
-0.0187381
-0.0194595
-0.0203053
-0.0212721
-0.0223569
-0.0235553
-0.0248615
-0.0262678
-0.0277648
-0.029342
-0.0309888
-0.0326947
-0.0344499
-0.0362451
-0.038071
-0.0399179
-0.0417744
-0.0436268
-0.0454583
-0.0472478
-0.0489701
-0.050596
-0.0520933
-0.053429
-0.0545722
-0.0554971
-0.0561866
-0.0566353
-0.0568506
-0.0568531
-0.0566745
-0.0563537
-0.0559327
-0.055452
-0.0549469
-0.0544454
-0.0539674
-0.0535251
-0.053124
-0.0527642
-0.0524415
-0.0521489
-0.0518767
-0.0516132
-0.0513448
-0.0510564
-0.0507315
-0.0503533
-0.0499059
-0.0493759
-0.0487538
-0.0480352
-0.0472203
-0.0463128
-0.0453189
-0.0442457
-0.0431001
-0.0418882
-0.0406147
-0.039283
-0.0378946
-0.0364485
-0.0349414
-0.0333669
-0.0317155
-0.0299753
-0.028133
-0.0261747
-0.0240894
-0.0218716
-0.0195256
-0.0170682
-0.0145304
-0.0119552
-0.00939364
-0.00689862
-0.00451967
-0.00229889
-0.000268566
0.00155012
0.00314742
0.00452449
0.00569191
0.00666744
0.00747335
0.00813371
0.00867203
0.00910922
0.00946201
0.0097419
0.00995454
0.0100998
0.0101725
0.0101633
0.0100609
0.0098529
0.00952821
0.00907791
0.00849628
0.00778119
0.00693409
0.00595961
0.00486492
0.00365885
0.00235081
0.000949712
-0.000537045
-0.00210435
-0.00374964
-0.00547262
-0.00727419
-0.00915498
-0.0111135
-0.0131444
-0.0152371
-0.0173752
-0.0195366
-0.0216936
-0.0238144
-0.0258641
-0.0278065
-0.0296065
-0.0312334
-0.0326648
-0.0338898
-0.034912
-0.0357503
-0.0364378
-0.0370188
-0.0375446
-0.038068
-0.0386387
-0.0392988
-0.0400806
-0.0410048
-0.0420814
-0.0433101
-0.0446825
-0.0461833
-0.0477922
-0.0494847
-0.0512339
-0.0530113
-0.0547885
-0.0565385
-0.058238
-0.0598686
-0.0614198
-0.0628897
-0.0642861
-0.0656255
-0.0669313
-0.0682306
-0.0695514
-0.0709189
-0.072354
-0.0738715
-0.0754786
-0.0771743
-0.078948
-0.0807784
-0.0826337
-0.0844722
-0.0862452
-0.0879019
-0.0893947
-0.0906851
-0.0917474
-0.0925704
-0.0931562
-0.0935168
-0.0936697
-0.0936335
-0.0934246
-0.0930558
-0.0925345
-0.0918637
-0.0910419
-0.0900649
-0.0889285
-0.0876318
-0.0861809
-0.084592
-0.082892
-0.0811161
-0.0793032
-0.0774885
-0.0756985
-0.0739481
-0.072241
-0.0705731
-0.0689364
-0.0673233
-0.065729
-0.0641519
-0.0625926
-0.0610521
-0.0595292
-0.0580199
-0.0565154
-0.055003
-0.0534659
-0.0518837
-0.0502337
-0.0484914
-0.0466315
-0.0446291
-0.0424615
-0.0401092
-0.0375575
-0.0347981
-0.03183
-0.02866
-0.0253034
-0.0217841
-0.0181338
-0.0143914
-0.0106008
-0.00680783
-0.00305644
0.000615773
0.00418151
0.00762587
0.0109458
0.0141462
0.0172341
0.0202117
0.0230708
0.0257908
0.0283405
0.0306824
0.032779
0.0345984
0.0361175
0.0373246
0.0382198
0.038814
0.039127
0.0391845
0.0390142
0.0386433
0.0380963
0.0373952
0.0365607
0.0356158
0.0345874
0.033509
0.032421
0.0313698
0.0304058
0.0295804
0.0289425
0.0285361
0.0283977
0.0285557
0.0290303
0.0298338
0.0309712
0.032441
0.0342354
0.0363407
0.0387387
0.0414074
0.0443229
0.0474607
0.050797
0.05431
0.0579803
0.0617903
0.0657237
0.0697636
0.0738916
0.0780856
0.0823191
0.0865604
0.0907738
0.0949193
0.0989543
0.102834
0.106514
0.109951
0.113113
0.115975
0.118529
0.120784
0.122758
0.124479
0.125972
0.127264
0.128371
0.129308
0.130086
0.130717
0.131218
0.131614
0.13194
0.132238
0.132552
0.13293
0.133417
0.134047
0.134845
0.135823
0.136979
0.138295
0.139743
0.141281
0.142861
0.144428
0.145926
0.1473
0.148498
0.149476
0.150195
0.150623
0.150733
0.150504
0.149923
0.148981
0.147676
0.146014
0.144007
0.141676
0.139046
0.136149
0.13302
0.129697
0.126219
0.122626
0.118954
0.115237
0.111504
0.107779
0.104078
0.100412
0.0967851
0.0931965
0.0896426
0.0861188
0.0826224
0.0791544
0.0757219
0.0723389
0.0690268
0.0658133
0.0627297
0.0598081
0.0570769
0.0545574
0.052262
0.0501944
0.0483511
0.0467243
0.0453043
0.0440801
0.043039
0.0421657
0.0414402
0.0408366
0.0403229
0.0398612
0.0394093
0.0389237
0.0383634
0.0376938
0.036891
0.0359465
0.0348692
0.0336857
0.0324357
0.0311633
0.029906
0.0286852
0.0275013
0.0263352
0.0251537
0.0239172
0.0225874
0.0211321
0.0195283
0.0177625
0.0158293
0.0137299
0.0114695
0.00905547
0.00649584
0.0037983
0.000969632
-0.00198438
-0.00505859
-0.00824781
-0.0115459
-0.0149451
-0.0184348
-0.0220013
-0.0256279
-0.0292948
-0.0329797
-0.0366583
-0.0403048
-0.0438926
-0.0473941
-0.0507816
-0.054028
-0.0571078
-0.0599987
-0.0626826
-0.0651469
-0.0673852
-0.0693974
-0.0711896
-0.072773
-0.0741631
-0.0753783
-0.0764382
-0.077362
-0.0781668
-0.0788654
-0.0794655
-0.0799688
-0.0803711
-0.0806636
-0.0808349
-0.080873
-0.0807672
-0.0805105
-0.0801002
-0.0795394
-0.0788373
-0.0780096
-0.0770785
-0.0760716
-0.0750213
-0.0739629
-0.0729325
-0.0719646
-0.0710902
-0.0703351
-0.0697188
-0.069254
-0.0689466
-0.068797
-0.0688006
-0.0689487
-0.0692302
-0.069632
-0.0701397
-0.0707379
-0.0714101
-0.0721383
-0.0729016
-0.073676
-0.074433
-0.0751398
-0.0757594
-0.0762521
-0.0765775
-0.0766968
-0.0765759
-0.0761879
-0.0755154
-0.0745514
-0.0733005
-0.0717772
-0.0700044
-0.068011
-0.0658285
-0.0634881
-0.0610183
-0.0584432
-0.0557817
-0.0530475
-0.0502504
-0.0473972
-0.0444938
-0.0415463
-0.0385633
-0.0355558
-0.0325387
-0.0295301
-0.026551
-0.0236243
-0.0207732
-0.0180202
-0.0153852
-0.0128841
-0.0105283
-0.00832417
-0.00627393
-0.00437637
-0.00262806
-0.00102449
0.00043907
0.00176695
0.00296261
0.00402836
0.00496515
0.00577235
0.00644751
0.00698617
0.00738173
0.00762561
0.00770774
0.00761742
0.00734444
0.00688033
0.00621932
0.00535893
0.00429987
0.00304543
0.00160045
-2.97027e-05
-0.00183985
-0.00382516
-0.00598068
-0.00830045
-0.0107764
-0.0133975
-0.0161485
-0.0190094
-0.0219545
-0.0249515
-0.0279605
-0.0309345
-0.0338187
-0.0365523
-0.0390698
-0.0413031
-0.0431842
-0.0446477
-0.0456333
-0.0460885
-0.0459718
-0.0452547
-0.043925
-0.0419892
-0.0394742
-0.0364288
-0.0329226
-0.0290439
-0.0248951
-0.0205865
-0.0162286
-0.011926
-0.00777146
-0.00384253
-0.00019982
0.00311261
0.00606589
0.00864411
0.0108419
0.0126618
0.0141123
0.0152056
0.0159571
0.016384
0.0165067
0.0163494
0.0159419
0.015321
0.0145317
0.0136269
0.0126665
0.0117155
0.0108411
0.0101088
0.00957867
0.00930016
0.00930795
0.00961828
0.0102274
0.0111124
0.0122355
0.01355
0.0150075
0.0165645
0.0181862
0.0198488
0.0215383
0.023249
0.0249796
0.0267309
0.0285016
0.0302867
0.0320747
0.0338475
0.0355799
0.037241
0.0387963
0.0402099
0.0414473
0.042478
0.0432776
0.0438289
0.044123
0.0441582
0.0439399
0.0434782
0.0427868
0.0418807
0.0407749
0.0394829
0.0380161
0.036384
0.0345954
0.0326592
0.0305869
0.0283937
0.0261002
0.0237326
0.0213224
0.0189061
0.0165234
0.0142165
0.0120288
0.0100036
0.00818323
0.0066067
0.00530659
0.00430502
0.00360924
0.00320844
0.00307353
0.00316083
0.00341894
0.00379656
0.00424841
0.00473763
0.0052351
0.00571709
0.00616299
0.00655419
0.00687435
0.00711067
0.00725572
0.00730895
0.00727757
0.00717641
0.00702648
0.00685242
0.00667909
0.006528
0.00641411
0.00634379
0.00631436
0.0063152
0.00633004
0.00633971
0.00632464
0.00626632
0.00614771
0.00595264
0.00566517
0.00526939
0.00475029
0.0040951
0.00329484
0.00234504
0.00124592
1.86867e-06
-0.00137922
-0.00288673
-0.00450815
-0.00622993
-0.0080384
-0.0099207
-0.0118657
-0.0138646
-0.0159109
-0.0179994
-0.0201245
-0.0222763
-0.024438
-0.0265821
-0.0286696
-0.0306526
-0.0324787
-0.0340977
-0.0354674
-0.0365579
-0.0373536
-0.0378525
-0.0380657
-0.0380148
-0.03773
-0.0372469
-0.0366039
-0.0358397
-0.0349907
-0.0340894
-0.0331629
-0.0322329
-0.0313142
-0.0304159
-0.0295403
-0.0286843
-0.0278395
-0.0269934
-0.0261307
-0.0252352
-0.0242919
-0.0232895
-0.0222226
-0.0210936
-0.0199135
-0.0187021
-0.0174864
-0.0162979
-0.0151694
-0.0141304
-0.0132032
-0.0123998
-0.0117192
-0.0111475
-0.0106584
-0.0102155
-0.00977496
-0.00928902
-0.00871032
-0.00799636
-0.0071141
-0.00604341
-0.00477889
-0.00332975
-0.0017182
2.32788e-05
0.00185498
0.00373312
0.00561279
0.00745069
0.00920739
0.0108491
0.012349
0.0136871
0.0148506
0.0158322
0.0166293
0.017242
0.0176718
0.01792
0.0179873
0.017873
0.0175751
0.017091
0.0164182
0.0155551
0.0145011
0.0132576
0.0118267
0.0102114
0.00841484
0.00643973
0.00428866
0.00196425
-0.000530352
-0.00319087
-0.00601142
-0.00898399
-0.012098
-0.0153401
-0.0186933
-0.0221376
-0.0256499
-0.0292043
-0.0327733
-0.0363287
-0.0398427
-0.0432893
-0.0466462
-0.0498966
-0.0530328
-0.0560577
-0.0589878
-0.0618518
-0.0646866
-0.0675281
-0.0703993
-0.0732974
-0.0761852
-0.0789879
-0.081599
-0.0838932
-0.0857443
-0.0870429
-0.0877106
-0.0877066
-0.0870272
-0.0857002
-0.0837757
-0.0813171
-0.0783933
-0.0750737
-0.0714253
-0.0675118
-0.0633933
-0.0591254
-0.0547596
-0.050342
-0.045914
-0.0415123
-0.0371702
-0.032918
-0.0287846
-0.0247975
-0.0209829
-0.0173643
-0.0139612
-0.0107869
-0.00784691
-0.00513889
-0.00265412
-0.000380831
0.00169168
0.00356931
0.00525089
0.00672733
0.00798212
0.00899259
0.00973199
0.0101728
0.0102917
0.010077
0.00953658
0.00870463
0.00764227
0.00642991
0.00515157
0.00387686
0.00264773
0.00147415
0.000338595
-0.000794278
-0.00196666
-0.00321783
-0.00457688
-0.00605835
-0.0076607
-0.00936735
-0.0111496
-0.0129711
-0.014792
-0.0165736
-0.0182816
-0.0198887
-0.021376
-0.0227332
-0.0239589
-0.025058
-0.0260404
-0.0269174
-0.0276991
-0.0283913
-0.0289944
-0.0295019
-0.0299008
-0.0301731
-0.0302973
-0.0302507
-0.0300115
-0.029561
-0.0288845
-0.0279723
-0.0268196
-0.0254265
-0.0237977
-0.0219431
-0.0198784
-0.0176271
-0.0152222
-0.0127077
-0.0101379
-0.00757515
-0.00508516
-0.00273088
-0.00056671
0.0013666
0.00304562
0.00446646
0.00564547
0.00661782
0.00743286
0.00814655
0.00881214
0.00947278
0.0101584
0.0108879
0.0116736
0.012527
0.0134621
0.0144964
0.0156509
0.016947
0.0184038
0.0200347
0.021844
0.0238255
0.0259611
0.0282218
0.03057
0.0329618
0.0353506
0.0376893
0.0399328
0.0420379
0.0439647
0.0456765
0.0471407
0.0483302
0.0492256
0.0498164
0.0501029
0.0500964
0.0498193
0.0493036
0.0485898
0.0477244
0.0467581
0.0457444
0.0447376
0.0437917
0.04296
0.0422935
0.0418404
0.0416443
0.041743
0.0421666
0.0429353
0.0440579
0.0455299
0.0473327
0.0494333
0.0517853
0.0543303
0.0570007
0.0597237
0.062425
0.0650332
0.0674846
0.0697269
0.0717224
0.07345
0.0749061
0.076103
0.0770671
0.0778339
0.0784447
0.0789411
0.0793618
0.0797393
0.0800986
0.0804558
0.0808191
0.0811892
0.0815603
0.081922
0.0822603
0.0825599
0.0828048
0.0829803
0.0830737
0.0830744
0.0829744
0.0827675
0.0824491
0.0820162
0.0814673
0.0808028
0.0800255
0.0791414
0.0781588
0.0770883
0.0759414
0.0747297
0.0734642
0.0721557
0.0708159
0.0694577
0.068096
0.0667456
0.0654204
0.06413
0.0628786
0.0616641
0.0604787
0.0593108
0.0581477
0.0569793
0.0558001
0.0546108
0.0534183
0.0522345
0.0510748
0.0499562
0.0488957
0.0479095
0.0470126
0.0462188
0.0455411
0.0449916
0.0445828
0.0443271
0.0442384
0.0443317
0.0446243
0.0451357
0.0458859
0.0468937
0.0481705
0.0497151
0.0515067
0.0535037
0.0556484
0.0578787
0.0601406
0.0623979
0.0646341
0.06685
0.0690581
0.0712763
0.0735246
0.0758217
0.0781844
0.0806274
0.0831644
0.0858084
0.0885735
0.091474
0.0945241
0.0977355
0.101115
0.104662
0.108367
0.112208
0.116153
0.120164
0.124196
0.128199
0.132126
0.135932
0.139577
0.143028
0.14626
0.149256
0.152004
0.154504
0.156759
0.158778
0.160577
0.162176
0.1636
0.164874
0.166027
0.167083
0.168064
0.168982
0.169839
0.170625
0.171318
0.171886
0.172292
0.1725
0.172478
0.172203
0.171663
0.170858
0.169797
0.168497
0.16698
0.165269
0.163388
0.161361
0.159206
0.156945
0.154594
0.152174
0.1497
0.147186
0.144643
0.142079
0.1395
0.13691
0.134318
0.131735
0.129175
0.126657
0.124205
0.121841
0.119595
0.117493
0.115566
0.113837
0.112325
0.111035
0.109967
0.109114
0.108471
0.108035
0.107809
0.107799
0.108015
0.108465
0.109155
0.110091
0.111274
0.112704
0.114378
0.11629
0.118431
0.120792
0.12336
0.126123
0.129067
0.132178
0.13544
0.138833
0.142337
0.145925
0.149567
0.153227
0.15687
0.160453
0.163938
0.167282
0.170448
0.173401
0.176106
0.178537
0.180669
0.182487
0.183978
0.185139
0.185974
0.186494
0.186713
0.186652
0.186331
0.18577
0.184986
0.183993
0.182797
0.181402
0.179807
0.178011
0.176012
0.17381
0.17141
0.168817
0.166044
0.163101
0.160006
0.156775
0.15343
0.149993
0.146489
0.142943
0.139385
0.135843
0.132344
0.128912
0.125569
0.12233
0.119205
0.116196
0.113302
0.110516
0.107826
0.105218
0.102676
0.100186
0.0977354
0.0953141
0.0929179
0.090548
0.0882123
0.0859244
0.0837034
0.0815719
0.0795539
0.0776723
0.0759453
0.0743837
0.0729887
0.0717502
0.0706473
0.0696497
0.0687209
0.0678224
0.0669186
0.0659802
0.0649869
0.0639287
0.0628048
0.0616211
0.0603875
0.0591143
0.0578089
0.0564742
0.0551069
0.0536979
0.0522327
0.0506929
0.0490567
0.047299
0.0453906
0.0432969
0.040978
0.0383895
0.0354855
0.0322242
0.0285753
0.0245284
0.020102
0.0153509
0.0103704
0.00529151
0.000264566
-0.00456779
-0.00909723
-0.0132651
-0.0170618
-0.020514
-0.0236677
-0.0265725
-0.0292706
-0.0317897
-0.0341395
-0.0363125
-0.0382879
-0.0400379
-0.0415366
-0.0427673
-0.0437282
-0.0444342
-0.044916
-0.0452161
-0.0453852
-0.0454771
-0.0455464
-0.0456455
-0.0458243
-0.0461294
-0.0466044
-0.04729
-0.0482226
-0.0494335
-0.0509462
-0.0527756
-0.0549264
-0.0573926
-0.0601589
-0.0632007
-0.0664857
-0.0699754
-0.0736264
-0.0773924
-0.0812264
-0.0850833
-0.0889217
-0.0927064
-0.0964097
-0.100011
-0.103499
-0.106867
-0.110113
-0.11324
-0.116251
-0.119148
-0.121934
-0.124607
-0.127166
-0.129611
-0.131942
-0.134159
-0.13627
-0.138281
-0.1402
-0.142035
-0.143793
-0.145475
-0.147079
-0.148599
-0.150022
-0.151335
-0.152522
-0.153566
-0.154448
-0.155146
-0.155637
-0.155893
-0.155881
-0.155571
-0.154932
-0.153941
-0.152585
-0.150868
-0.148817
-0.146479
-0.143923
-0.141233
-0.138503
-0.135821
-0.133262
-0.130882
-0.128706
-0.126735
-0.124946
-0.123301
-0.121755
-0.12026
-0.118775
-0.117269
-0.115726
-0.114139
-0.112517
-0.11088
-0.109253
-0.107671
-0.106168
-0.104779
-0.103535
-0.102457
-0.101559
-0.100841
-0.100293
-0.0998918
-0.0996074
-0.0994039
-0.0992437
-0.0990903
-0.0989115
-0.0986811
-0.0983797
-0.0979937
-0.0975144
-0.0969355
-0.0962521
-0.0954599
-0.094556
-0.0935398
-0.0924147
-0.091188
-0.0898714
-0.0884796
-0.0870292
-0.0855375
-0.0840207
-0.0824939
-0.0809696
-0.0794577
-0.0779645
-0.0764927
-0.0750411
-0.0736051
-0.0721778
-0.070751
-0.0693167
-0.0678677
-0.0663984
-0.0649053
-0.0633867
-0.0618428
-0.0602758
-0.0586895
-0.0570886
-0.0554779
-0.0538616
-0.0522415
-0.0506167
-0.0489826
-0.0473313
-0.0456524
-0.0439341
-0.0421651
-0.0403364
-0.0384425
-0.0364829
-0.0344621
-0.0323899
-0.030281
-0.0281535
-0.0260282
-0.0239272
-0.0218726
-0.0198856
-0.0179851
-0.0161871
-0.0145039
-0.0129439
-0.0115117
-0.0102081
-0.00903144
-0.00797799
-0.00704296
-0.00622067
-0.00550435
-0.00488563
-0.00435405
-0.00389693
-0.00349967
-0.00314622
-0.0028196
-0.00250211
-0.00217544
-0.0018208
-0.00141938
-0.000953032
-0.000405295
0.00023746
0.000984998
0.00184226
0.00280852
0.00387667
0.00503251
0.00625447
0.00751383
0.0087758
0.0100014
0.0111497
0.0121802
0.0130547
0.0137386
0.0142025
0.0144237
0.014388
0.014093
0.0135503
0.0127879
0.0118499
0.0107935
0.00968305
0.00858326
0.00755193
0.00663535
0.00586643
0.00526549
0.00484279
0.00460141
0.00453976
0.00465329
0.00493546
0.00537822
0.00597223
0.00670708
0.00757149
0.00855355
0.00964096
0.0108213
0.0120822
0.0134115
0.0147969
0.0162262
0.0176861
0.0191627
0.02064
0.0221005
0.0235244
0.0248899
0.0261736
0.0273511
0.0283985
0.0292944
0.0300237
0.030581
0.0309759
0.0312341
0.031397
0.0315144
0.0316349
0.0317962
0.0320189
0.0323058
0.0326445
0.0330123
0.0333803
0.0337166
0.033988
0.0341615
0.0342051
0.0340897
0.0337911
0.0332923
0.0325858
0.031674
0.0305696
0.0292953
0.0278822
0.0263688
0.0247998
0.023224
0.0216919
0.0202526
0.0189504
0.0178222
0.0168943
0.0161812
0.0156847
0.0153949
0.0152914
0.0153463
0.0155274
0.0158013
0.0161371
0.0165085
0.0168956
0.0172854
0.0176716
0.0180531
0.0184333
0.0188183
0.0192163
0.0196363
0.0200867
0.0205741
0.0210994
0.021655
0.0222216
0.0227664
0.0232443
0.0236017
0.0237815
0.0237303
0.0234028
0.0227662
0.0218016
0.0205037
0.0188804
0.0169498
0.0147386
0.0122787
0.00960492
0.00675339
0.00376019
0.000661578
-0.00250527
-0.0057013
-0.00888535
-0.0120152
-0.0150503
-0.0179557
-0.0207052
-0.0232843
-0.02569
-0.0279304
-0.0300218
-0.0319862
-0.0338469
-0.0356243
-0.037332
-0.0389744
-0.0405467
-0.0420372
-0.0434306
-0.0447105
-0.0458616
-0.046869
-0.047719
-0.0483983
-0.0488945
-0.0491965
-0.0492952
-0.0491845
-0.0488628
-0.0483337
-0.0476073
-0.0466999
-0.0456341
-0.0444368
-0.0431375
-0.0417658
-0.0403492
-0.0389108
-0.0374681
-0.0360321
-0.0346072
-0.0331914
-0.0317771
-0.0303515
-0.0288981
-0.0273976
-0.0258305
-0.024179
-0.0224303
-0.0205804
-0.0186373
-0.0166233
-0.0145762
-0.0125474
-0.0105989
-0.00879709
-0.00720707
-0.00588592
-0.00487749
-0.00420858
-0.00388693
-0.00390085
-0.00422042
-0.00480003
-0.00558207
-0.0065015
-0.0074911
-0.00848686
-0.0094331
-0.0102867
-0.0110197
-0.0116205
-0.0120925
-0.0124528
-0.0127287
-0.0129554
-0.0131731
-0.0134234
-0.0137466
-0.0141784
-0.0147462
-0.0154673
-0.0163467
-0.0173772
-0.0185397
-0.0198053
-0.0211367
-0.022492
-0.0238271
-0.0250992
-0.0262701
-0.0273088
-0.0281942
-0.0289154
-0.0294724
-0.029875
-0.0301404
-0.0302909
-0.030351
-0.0303444
-0.0302917
-0.0302085
-0.0301044
-0.0299822
-0.0298386
-0.0296642
-0.0294449
-0.0291625
-0.0287964
-0.0283243
-0.0277237
-0.0269724
-0.0260501
-0.0249389
-0.0236243
-0.022096
-0.0203482
-0.0183804
-0.0161973
-0.0138084
-0.0112279
-0.00847346
-0.00556371
-0.00251608
0.000656474
0.00394824
0.00736241
0.010911
0.014613
0.0184903
0.022563
0.0268449
0.0313391
0.0360357
0.0409115
0.0459315
0.0510515
0.0562222
0.0613936
0.0665188
0.0715572
0.0764765
0.0812534
0.0858727
0.0903256
0.0946073
0.0987145
0.102644
0.106388
0.109938
0.11328
0.116395
0.119262
0.12186
0.124167
0.126167
0.127853
0.129226
0.130303
0.131112
0.131693
0.132091
0.132352
0.132515
0.13261
0.13265
0.132635
0.132548
0.132361
0.132038
0.131538
0.130822
0.129855
0.12861
0.12707
0.125231
0.123101
0.120699
0.118057
0.115207
0.112187
0.109032
0.105768
0.102413
0.098972
0.0954419
0.0918094
0.0880562
0.0841622
0.0801094
0.0758851
0.0714847
0.0669131
0.0621856
0.057327
0.052371
0.0473578
0.042332
0.0373402
0.0324283
0.0276389
0.0230084
0.0185652
0.0143278
0.0103042
0.00649143
0.00287739
-0.000557594
-0.00383777
-0.00698917
-0.010037
-0.0130041
-0.0159102
-0.0187726
-0.0216066
-0.0244268
-0.0272476
-0.0300828
-0.0329455
-0.0358468
-0.0387952
-0.0417956
-0.0448499
-0.0479567
-0.0511127
-0.0543141
-0.0575571
-0.0608388
-0.0641554
-0.0675014
-0.0708662
-0.074233
-0.0775774
-0.0808686
-0.0840727
-0.087157
-0.0900944
-0.0928669
-0.0954665
-0.097895
-0.100161
-0.102279
-0.104264
-0.10613
-0.107889
-0.10955
-0.111117
-0.112588
-0.113959
-0.11522
-0.116356
-0.117348
-0.118176
-0.118817
-0.119246
-0.119442
-0.119388
-0.119069
-0.118478
-0.117615
-0.116486
-0.115102
-0.11348
-0.111641
-0.109609
-0.107409
-0.105068
-0.102612
-0.100069
-0.097464
-0.0948212
-0.0921619
-0.0895045
-0.0868629
-0.0842464
-0.0816595
-0.0791021
-0.0765705
-0.0740584
-0.071558
-0.0690617
-0.0665626
-0.0640557
-0.0615376
-0.0590076
-0.0564671
-0.0539207
-0.051376
-0.048843
-0.0463333
-0.0438574
-0.0414223
-0.0390295
-0.0366738
-0.0343435
-0.0320217
-0.0296876
-0.0273178
-0.0248875
-0.0223707
-0.0197402
-0.0169677
-0.0140242
-0.0108819
-0.00751643
-0.0039104
-5.66282e-05
0.00403974
0.00836099
0.0128786
0.0175567
0.0223555
0.0272344
0.0321543
0.0370779
0.04197
0.0467972
0.0515272
0.0561291
0.0605727
0.0648285
0.0688682
0.0726641
0.07619
0.0794209
0.0823354
0.0849172
0.0871593
0.0890686
0.0906709
0.0920148
0.0931709
0.0942248
0.0952651
0.0963666
0.0975777
0.0989127
0.100354
0.101862
0.103387
0.104878
0.106296
0.107615
0.108819
0.109905
0.110874
0.11173
0.112472
0.113101
0.113609
0.113989
0.114234
0.114336
0.114294
0.114108
0.113787
0.113339
0.112779
0.11212
0.11138
0.110573
0.109718
0.10883
0.107926
0.107022
0.106133
0.105272
0.104448
0.103667
0.102933
0.102248
0.101616
0.10104
0.100528
0.100088
0.0997255
0.0994457
0.0992462
0.0991159
0.0990342
0.0989698
0.0988824
0.0987243
0.0984431
0.0979846
0.0972962
0.0963294
0.095043
0.0934049
0.0913946
0.0890041
0.08624
0.0831231
0.0796891
0.0759866
0.0720748
0.0680185
0.0638824
0.0597249
0.0555929
0.0515182
0.0475175
0.0435948
0.0397462
0.0359653
0.032249
0.028601
0.0250348
0.0215732
0.0182467
0.0150902
0.0121386
0.00942248
0.00696497
0.00477928
0.00286798
0.00122348
-0.000170643
-0.0013377
-0.00230588
-0.0031063
-0.00377129
-0.00433306
-0.00482269
-0.00526946
-0.00570046
-0.00614034
-0.00661112
-0.00713208
-0.00771963
-0.00838738
-0.00914626
-0.0100049
-0.0109704
-0.0120488
-0.0132461
-0.0145688
-0.016024
-0.0176199
-0.0193654
-0.0212694
-0.0233403
-0.0255854
-0.0280098
-0.030616
-0.033403
-0.0363658
-0.0394954
-0.0427787
-0.0461988
-0.0497349
-0.0533622
-0.0570524
-0.0607724
-0.0644849
-0.0681484
-0.0717184
-0.0751496
-0.0783988
-0.0814281
-0.0842073
-0.0867147
-0.0889368
-0.0908664
-0.0925001
-0.0938354
-0.094869
-0.0955954
-0.0960062
-0.0960914
-0.0958392
-0.0952383
-0.0942787
-0.092954
-0.0912634
-0.0892141
-0.0868228
-0.0841169
-0.0811337
-0.0779198
-0.0745283
-0.071016
-0.0674394
-0.0638517
-0.0602979
-0.0568126
-0.0534179
-0.0501233
-0.0469273
-0.0438191
-0.0407816
-0.0377929
-0.0348284
-0.0318617
-0.0288651
-0.02581
-0.0226677
-0.0194095
-0.0160081
-0.0124398
-0.00868593
-0.00473627
-0.000590502
0.0037405
0.00823492
0.0128616
0.0175824
0.0223551
0.0271359
0.031881
0.0365484
0.041099
0.045497
0.0497111
0.0537143
0.0574844
0.061003
0.0642545
0.0672242
0.0698964
0.0722528
0.0742715
0.0759269
0.0771922
0.0780411
0.0784527
0.0784144
0.0779262
0.0770024
0.0756723
0.0739788
0.0719753
0.0697207
0.0672747
0.0646929
0.0620238
0.0593066
0.0565716
0.0538414
0.0511331
0.0484604
0.0458355
0.04327
0.0407752
0.0383624
0.0360428
0.0338271
0.0317256
0.0297484
0.0279051
0.0262046
0.0246552
0.0232642
0.022037
0.0209775
0.0200873
0.0193656
0.0188089
0.0184107
0.0181618
0.0180496
0.018058
0.0181674
0.0183543
0.0185918
0.0188497
0.0190958
0.0192964
0.0194179
0.0194275
0.0192948
0.0189927
0.0184988
0.0177963
0.0168749
0.0157314
0.0143698
0.012801
0.0110419
0.00911464
0.00704537
0.00486335
0.00260017
0.000289067
-0.00203565
-0.00433922
-0.0065873
-0.00874699
-0.0107882
-0.0126852
-0.0144188
-0.0159776
-0.0173596
-0.0185733
-0.0196364
-0.0205748
-0.0214188
-0.0221988
-0.0229404
-0.0236601
-0.0243631
-0.0250437
-0.0256879
-0.026277
-0.0267917
-0.0272143
-0.0275292
-0.0277219
-0.0277783
-0.0276829
-0.0274191
-0.0269685
-0.0263116
-0.0254286
-0.0243
-0.0229073
-0.0212348
-0.0192703
-0.017008
-0.0144503
-0.0116109
-0.00851607
-0.00520531
-0.00172918
0.00185453
0.00548575
0.00910689
0.0126663
0.0161198
0.0194309
0.0225707
0.0255167
0.0282533
0.0307707
0.0330648
0.0351354
0.0369847
0.0386152
0.0400294
0.0412283
0.042212
0.0429783
0.0435222
0.0438334
0.0438946
0.0436806
0.0431593
0.0422949
0.0410538
0.0394099
0.0373501
0.0348768
0.0320089
0.0287804
0.0252386
0.0214414
0.0174539
0.0133453
0.00918589
0.00504331
0.000979794
-0.00295038
-0.00670264
-0.0102432
-0.0135495
-0.0166111
-0.0194297
-0.0220202
-0.024412
-0.0266497
-0.0287935
-0.0309178
-0.0331043
-0.0354281
-0.0379356
-0.0406153
-0.0433789
-0.046068
-0.0484964
-0.0505057
-0.0520036
-0.0529665
-0.0534185
-0.0534031
-0.052964
-0.0521344
-0.0509343
-0.0493718
-0.0474465
-0.0451535
-0.0424879
-0.0394498
-0.0360488
-0.0323093
-0.0282728
-0.0240001
-0.0195683
-0.0150665
-0.0105889
-0.00622687
-0.0020638
0.0018291
0.00539394
0.00858587
0.0113724
0.0137335
0.0156619
0.0171644
0.018261
0.0189837
0.0193719
0.0194692
0.0193187
0.0189599
0.0184265
0.017745
0.0169343
0.0160065
0.0149667
0.0138153
0.0125489
0.0111626
0.0096521
0.00801575
0.006256
0.00437981
0.0023978
0.000322376
-0.00183441
-0.00406245
-0.00635418
-0.00870387
-0.0111063
-0.0135551
-0.0160414
-0.0185536
-0.0210772
-0.0235961
-0.0260943
-0.0285576
-0.0309757
-0.0333443
-0.0356662
-0.0379518
-0.0402191
-0.0424915
-0.0447958
-0.0471579
-0.0495994
-0.0521333
-0.0547619
-0.0574753
-0.0602512
-0.0630572
-0.0658539
-0.0685994
-0.0712533
-0.0737803
-0.076152
-0.0783472
-0.080351
-0.0821532
-0.0837463
-0.0851245
-0.0862816
-0.08721
-0.0878997
-0.0883369
-0.0885042
-0.0883805
-0.0879427
-0.0871674
-0.0860335
-0.0845248
-0.0826318
-0.080354
-0.0777002
-0.0746893
-0.0713496
-0.0677189
-0.0638426
-0.0597729
-0.0555669
-0.0512853
-0.0469901
-0.0427431
-0.0386039
-0.0346278
-0.0308651
-0.0273597
-0.0241495
-0.0212666
-0.0187377
-0.0165848
-0.0148255
-0.0134725
-0.0125337
-0.0120114
-0.0119021
-0.0121966
-0.0128801
-0.013933
-0.0153319
-0.0170505
-0.0190611
-0.021335
-0.0238437
-0.0265586
-0.0294519
-0.0324967
-0.0356674
-0.0389402
-0.0422939
-0.0457104
-0.0491752
-0.0526776
-0.0562106
-0.0597706
-0.0633558
-0.0669653
-0.0705969
-0.0742451
-0.0778993
-0.0815421
-0.085148
-0.0886843
-0.0921111
-0.0953838
-0.0984552
-0.101278
-0.103807
-0.106004
-0.107832
-0.109268
-0.110295
-0.110905
-0.111102
-0.110902
-0.110326
-0.109407
-0.10818
-0.106686
-0.104967
-0.103066
-0.101021
-0.0988684
-0.0966333
-0.0943319
-0.0919676
-0.0895319
-0.0870085
-0.0843791
-0.0816298
-0.0787556
-0.0757617
-0.0726619
-0.0694754
-0.0662229
-0.062923
-0.0595902
-0.056233
-0.0528543
-0.0494513
-0.0460183
-0.0425481
-0.0390347
-0.0354756
-0.0318739
-0.0282386
-0.0245854
-0.0209354
-0.0173139
-0.0137477
-0.0102632
-0.00688433
-0.00363012
-0.000514314
0.002455
0.00527458
0.00794429
0.0104649
0.0128355
0.015051
0.0171009
0.0189681
0.0206303
0.0220622
0.0232392
0.0241406
0.0247531
0.0250719
0.0251022
0.0248582
0.0243628
0.0236462
0.0227442
0.0216966
0.020544
0.0193253
0.0180742
0.0168169
0.0155698
0.0143391
0.0131213
0.0119043
0.0106698
0.00939569
0.00805774
0.0066321
0.00509667
0.00343252
0.00162518
-0.000334146
-0.00244723
-0.00470744
-0.00709861
-0.00959451
-0.0121592
-0.014749
-0.0173146
-0.019805
-0.0221701
-0.0243631
-0.026342
-0.0280698
-0.0295142
-0.0306471
-0.0314437
-0.0318824
-0.031945
-0.0316179
-0.030894
-0.0297752
-0.0282757
-0.0264249
-0.0242688
-0.0218699
-0.0193032
-0.0166501
-0.0139907
-0.0113967
-0.00892673
-0.00662596
-0.00452767
-0.00265726
-0.001036
0.000316377
0.00138069
0.00213878
0.00257475
0.00267644
0.00243661
0.00185372
0.000932508
-0.000315716
-0.00187283
-0.00371378
-0.00580663
-0.00811291
-0.0105883
-0.0131833
-0.0158451
-0.0185183
-0.0211476
-0.0236794
-0.0260643
-0.0282584
-0.0302256
-0.0319374
-0.0333741
-0.0345233
-0.0353804
-0.0359481
-0.0362368
-0.0362655
-0.0360621
-0.0356628
-0.0351102
-0.0344506
-0.0337301
-0.0329913
-0.0322703
-0.0315954
-0.0309869
-0.0304579
-0.0300158
-0.0296646
-0.0294061
-0.0292413
-0.0291697
-0.0291877
-0.029286
-0.0294454
-0.0296343
-0.029807
-0.0299051
-0.0298611
-0.0296045
-0.0290696
-0.0282027
-0.0269695
-0.0253591
-0.0233871
-0.0210947
-0.0185468
-0.0158273
-0.0130324
-0.0102621
-0.00761136
-0.00516104
-0.00297255
-0.00108525
0.000482209
0.00172827
0.00266439
0.00331182
0.00369955
0.00386289
0.00384144
0.00367633
0.00340635
0.00306425
0.00267453
0.00225438
0.00181844
0.00138687
0.000994126
0.000694959
0.000563768
0.000685901
0.00114312
0.00199849
0.00328611
0.00500827
0.00713885
0.00963022
0.0124206
0.0154399
0.0186141
0.0218676
0.0251252
0.0283135
0.0313628
0.0342094
0.036798
0.0390845
0.0410382
0.0426433
0.0438991
0.0448192
0.0454293
0.0457641
0.0458642
0.0457714
0.0455263
0.0451642
0.0447134
0.0441937
0.0436159
0.0429823
0.042288
0.0415223
0.0406711
0.0397178
0.0386461
0.0374409
0.0360899
0.0345849
0.0329231
0.0311071
0.0291462
0.0270559
0.0248583
0.0225812
0.0202581
0.0179262
0.0156257
0.0133968
0.0112777
0.00930189
0.00749492
0.00587297
0.00444175
0.00319673
0.00212439
0.00120357
0.00040665
-0.000299736
-0.000953984
-0.00159821
-0.00227601
-0.00302958
-0.00389665
-0.0049078
-0.00608453
-0.00743799
-0.00896853
-0.0106658
-0.0125097
-0.0144725
-0.0165216
-0.0186231
-0.0207452
-0.0228617
-0.0249535
-0.0270089
-0.0290229
-0.0309946
-0.0329246
-0.0348121
-0.0366529
-0.038438
-0.0401526
-0.0417755
-0.0432796
-0.0446314
-0.0457926
-0.0467224
-0.0473806
-0.047731
-0.0477436
-0.0473964
-0.0466758
-0.0455779
-0.0441104
-0.0422944
-0.0401658
-0.0377747
-0.0351821
-0.0324545
-0.0296587
-0.0268556
-0.0240964
-0.0214205
-0.0188545
-0.0164134
-0.0141018
-0.0119156
-0.00984479
-0.00787465
-0.00598815
-0.00416736
-0.002395
-0.00065573
0.00106239
0.00276669
0.00445891
0.00613479
0.00778443
0.0093935
0.010945
0.0124212
0.013806
0.0150865
0.0162549
0.0173096
0.0182558
0.0191063
0.0198807
0.0206045
0.0213068
0.0220174
0.0227639
0.0235689
0.0244474
0.0254063
0.026444
0.0275508
0.0287108
0.0299023
0.0310995
0.0322736
0.0333944
0.0344321
0.0353583
0.0361484
0.0367823
0.0372454
0.037529
0.0376308
0.0375546
0.0373107
0.0369161
0.0363948
0.0357772
0.0351
0.0344044
0.0337349
0.0331364
0.0326522
0.0323208
0.0321742
0.0322352
0.0325166
0.0330206
0.0337393
0.0346566
0.0357495
0.0369919
0.0383567
0.0398188
0.0413571
0.0429559
0.0446051
0.0463004
0.0480426
0.0498367
0.0516917
0.05362
0.0556366
0.0577588
0.0600043
0.0623892
0.0649258
0.0676193
0.0704653
0.0734474
0.076537
0.0796946
0.0828719
0.0860169
0.0890776
0.0920055
0.0947583
0.0973004
0.0996029
0.101642
0.103401
0.104863
0.106018
0.106855
0.107367
0.107551
0.107403
0.106925
0.10612
0.104996
0.103564
0.101838
0.099836
0.0975796
0.0950931
0.0924042
0.0895438
0.086546
0.0834471
0.0802849
0.0770969
0.073919
0.0707837
0.0677202
0.0647533
0.0619049
0.0591936
0.0566354
0.0542429
0.0520235
0.049978
0.048098
0.0463645
0.044747
0.0432042
0.041686
0.0401375
0.0385043
0.0367402
0.0348155
0.0327237
0.0304859
0.0281486
0.0257759
0.0234374
0.0211967
0.0191042
0.0171938
0.0154837
0.0139786
0.0126717
0.011547
0.0105802
0.0097398
0.00898848
0.0082841
0.00758152
0.00683471
0.00599958
0.00503714
0.00391681
0.00261915
0.00113718
-0.000523888
-0.0023486
-0.0043144
-0.00639491
-0.00856294
-0.0107926
-0.0130602
-0.015345
-0.017629
-0.0198966
-0.0221348
-0.0243327
-0.026481
-0.0285718
-0.0305974
-0.0325489
-0.0344155
-0.0361836
-0.0378359
-0.0393523
-0.0407101
-0.0418848
-0.042852
-0.0435878
-0.0440712
-0.0442845
-0.0442151
-0.0438567
-0.043209
-0.0422781
-0.0410753
-0.0396159
-0.0379184
-0.0360034
-0.0338938
-0.0316147
-0.0291936
-0.0266597
-0.0240436
-0.0213754
-0.0186832
-0.0159918
-0.0133218
-0.0106883
-0.00810095
-0.005564
-0.00307617
-0.000630968
0.00178303
0.0041818
0.00658523
0.00901628
0.0114997
0.0140601
0.0167201
0.0194979
0.0224055
0.0254467
0.0286167
0.0319026
0.0352842
0.0387367
0.042233
0.0457459
0.0492496
0.0527189
0.0561293
0.0594551
0.0626697
0.0657462
0.0686597
0.0713898
0.0739232
0.0762551
0.0783895
0.0803381
0.0821186
0.0837513
0.0852567
0.0866518
0.0879485
0.0891515
0.0902582
0.0912588
0.092137
0.0928712
0.093435
0.0937987
0.0939301
0.0937969
0.093369
0.0926217
0.0915375
0.0901089
0.0883383
0.0862381
0.0838298
0.0811426
0.0782122
0.0750795
0.0717894
0.0683887
0.0649242
0.0614402
0.0579757
0.054563
0.051226
0.0479801
0.0448326
0.0417844
0.0388308
0.035964
0.0331744
0.0304522
0.0277894
0.0251807
0.0226253
0.0201271
0.0176949
0.0153416
0.0130831
0.0109362
0.00891799
0.00704336
0.0053243
0.0037682
0.00237669
0.00114474
6.05259e-05
-0.000893627
-0.00173907
-0.00249782
-0.0031894
-0.00382851
-0.00442386
-0.00497844
-0.0054909
-0.00595743
-0.00637369
-0.0067363
-0.00704377
-0.00729684
-0.00749835
-0.00765281
-0.00776594
-0.00784428
-0.00789502
-0.00792624
-0.00794751
-0.00797062
-0.00801045
-0.00808545
-0.0082176
-0.00843163
-0.00875338
-0.00920759
-0.00981559
-0.0105933
-0.0115501
-0.0126888
-0.0140064
-0.0154961
-0.0171489
-0.0189561
-0.0209098
-0.023004
-0.0252342
-0.0275973
-0.0300903
-0.0327101
-0.0354523
-0.0383108
-0.0412767
-0.0443381
-0.0474791
-0.05068
-0.053917
-0.0571626
-0.060387
-0.0635584
-0.0666445
-0.0696134
-0.0724333
-0.075073
-0.077501
-0.0796844
-0.0815881
-0.0831748
-0.0844058
-0.0852433
-0.0856536
-0.0856103
-0.0850979
-0.0841142
-0.0826725
-0.0808022
-0.0785483
-0.0759688
-0.0731317
-0.0701094
-0.0669736
-0.0637899
-0.0606134
-0.0574867
-0.0544385
-0.0514861
-0.0486371
-0.0458932
-0.0432532
-0.0407161
-0.038283
-0.0359583
-0.0337499
-0.0316676
-0.029721
-0.0279169
-0.0262559
-0.0247308
-0.0233261
-0.0220184
-0.0207793
-0.0195786
-0.01839
-0.0171956
-0.0159898
-0.0147791
-0.0135784
-0.0124062
-0.0112783
-0.0102037
-0.00918267
-0.00820607
-0.00725674
-0.00631167
-0.00534442
-0.00432774
-0.00323576
-0.00204601
-0.000741105
0.000689671
0.00224896
