0.00820312
4.2
4.19995
4.19986
4.19972
4.19953
4.1993
4.19903
4.19871
4.19834
4.19793
4.19747
4.19697
4.19643
4.19584
4.19521
4.19453
4.19382
4.19306
4.19226
4.19143
4.19055
4.18963
4.18868
4.18769
4.18666
4.1856
4.1845
4.18337
4.18221
4.18102
4.1798
4.17855
4.17727
4.17597
4.17464
4.17328
4.17191
4.17051
4.16909
4.16765
4.1662
4.16473
4.16324
4.16174
4.16023
4.1587
4.15717
4.15563
4.15408
4.15252
4.15096
4.1494
4.14783
4.14627
4.14471
4.14315
4.14159
4.14004
4.13849
4.13696
4.13544
4.13392
4.13242
4.13094
4.12947
4.12802
4.12659
4.12519
4.1238
4.12244
4.1211
4.11979
4.1185
4.11725
4.11602
4.11482
4.11365
4.11252
4.11141
4.11033
4.10928
4.10826
4.10727
4.10631
4.10538
4.10447
4.10359
4.10273
4.1019
4.10109
4.10029
4.09952
4.09876
4.09802
4.09729
4.09657
4.09586
4.09517
4.09447
4.09379
4.09311
4.09243
4.09175
4.09108
4.09041
4.08973
4.08905
4.08838
4.08769
4.08701
4.08632
4.08563
4.08494
4.08424
4.08355
4.08284
4.08214
4.08144
4.08073
4.08003
4.07933
4.07862
4.07792
4.07723
4.07653
4.07585
4.07517
4.07449
4.07382
4.07317
4.07252
4.07187
4.07124
4.07062
4.07001
4.06942
4.06883
4.06825
4.06769
4.06714
4.0666
4.06607
4.06555
4.06504
4.06454
4.06405
4.06358
4.06311
4.06265
4.06221
4.06177
4.06134
4.06092
4.0605
4.0601
4.0597
4.05931
4.05893
4.05856
4.05819
4.05783
4.05748
4.05714
4.0568
4.05647
4.05615
4.05584
4.05553
4.05524
4.05495
4.05466
4.05439
4.05412
4.05385
4.0536
4.05335
4.05311
4.05287
4.05264
4.05241
4.05219
4.05197
4.05176
4.05155
4.05134
4.05113
4.05093
4.05072
4.05051
4.0503
4.05009
4.04988
4.04966
4.04944
4.04921
4.04898
4.04874
4.04849
4.04823
4.04797
4.04769
4.04741
4.04711
4.0468
4.04649
4.04615
4.04581
4.04545
4.04509
4.0447
4.0443
4.04389
4.04347
4.04302
4.04257
4.0421
4.04161
4.04111
4.04059
4.04006
4.03951
4.03895
4.03838
4.03779
4.03719
4.03658
4.03595
4.03532
4.03467
4.03402
4.03335
4.03268
4.03201
4.03133
4.03064
4.02995
4.02926
4.02857
4.02788
4.02719
4.02651
4.02583
4.02515
4.02448
4.02382
4.02317
4.02252
4.02189
4.02126
4.02065
4.02005
4.01946
4.01888
4.01832
4.01777
4.01724
4.01672
4.01621
4.01573
4.01525
4.01479
4.01435
4.01393
4.01352
4.01312
4.01274
4.01238
4.01203
4.0117
4.01138
4.01107
4.01078
4.0105
4.01023
4.00998
4.00973
4.00949
4.00927
4.00905
4.00884
4.00863
4.00843
4.00824
4.00805
4.00786
4.00768
4.0075
4.00732
4.00714
4.00696
4.00678
4.0066
4.00641
4.00623
4.00604
4.00584
4.00564
4.00544
4.00523
4.00501
4.00479
4.00456
4.00432
4.00407
4.00381
4.00355
4.00328
4.00299
4.0027
4.0024
4.00209
4.00177
4.00144
4.0011
4.00075
4.00039
4.00002
3.99965
3.99926
3.99888
3.99848
3.99808
3.99768
3.99727
3.99686
3.99644
3.99603
3.99561
3.9952
3.99479
3.99438
3.99398
3.99358
3.99318
3.99279
3.99241
3.99204
3.99167
3.99132
3.99097
3.99063
3.9903
3.98999
3.98968
3.98938
3.98908
3.9888
3.98853
3.98826
3.988
3.98775
3.9875
3.98726
3.98703
3.98679
3.98656
3.98633
3.9861
3.98587
3.98564
3.98541
3.98518
3.98495
3.98471
3.98447
3.98423
3.98398
3.98373
3.98348
3.98322
3.98296
3.98269
3.98242
3.98215
3.98188
3.9816
3.98132
3.98104
3.98075
3.98047
3.98019
3.9799
3.97962
3.97933
3.97904
3.97876
3.97847
3.97819
3.9779
3.97762
3.97733
3.97705
3.97677
3.97648
3.9762
3.97592
3.97563
3.97535
3.97507
3.97479
3.97451
3.97423
3.97395
3.97367
3.9734
3.97312
3.97285
3.97258
3.97231
3.97205
3.97178
3.97152
3.97127
3.97101
3.97076
3.9705
3.97025
3.97001
3.96976
3.96951
3.96926
3.96902
3.96877
3.96852
3.96827
3.96801
3.96775
3.96749
3.96722
3.96695
3.96667
3.96639
3.96609
3.96579
3.96549
3.96517
3.96484
3.96451
3.96416
3.96381
3.96344
3.96307
3.96268
3.96228
3.96187
3.96145
3.96102
3.96058
3.96012
3.95965
3.95918
3.95869
3.95818
3.95767
3.95715
3.95661
3.95607
3.95551
3.95495
3.95437
3.95378
3.95318
3.95258
3.95196
3.95134
3.9507
3.95006
3.94941
3.94876
3.9481
3.94743
3.94676
3.94608
3.94541
3.94473
3.94405
3.94338
3.9427
3.94203
3.94136
3.9407
3.94005
3.9394
3.93877
3.93814
3.93753
3.93693
3.93634
3.93577
3.93521
3.93467
3.93414
3.93363
3.93314
3.93267
3.93221
3.93177
3.93135
3.93094
3.93055
3.93018
3.92982
3.92947
3.92914
3.92882
3.92852
3.92822
3.92794
3.92766
3.92739
3.92713
3.92688
3.92663
3.92638
3.92614
3.9259
3.92566
3.92542
3.92518
3.92494
3.92469
3.92445
3.92419
3.92393
3.92367
3.92339
3.92311
3.92283
3.92253
3.92222
3.9219
3.92158
3.92124
3.92089
3.92053
3.92016
3.91978
3.91939
3.91899
3.91859
3.91817
3.91774
3.91731
3.91687
3.91642
3.91597
3.91551
3.91505
3.91458
3.91411
3.91364
3.91316
3.91269
3.91221
3.91173
3.91125
3.91077
3.9103
3.90982
3.90934
3.90887
3.90839
3.90792
3.90745
3.90698
3.90652
3.90606
3.9056
3.90514
3.90469
3.90425
3.9038
3.90337
3.90293
3.9025
3.90208
3.90167
3.90125
3.90085
3.90045
3.90006
3.89967
3.89929
3.89891
3.89854
3.89817
3.89781
3.89746
3.8971
3.89676
3.89641
3.89607
3.89573
3.89539
3.89505
3.89472
3.89438
3.89405
3.89372
3.89339
3.89306
3.89272
3.89239
3.89206
3.89173
3.8914
3.89107
3.89074
3.89041
3.89007
3.88974
3.88941
3.88907
3.88874
3.8884
3.88807
3.88773
3.88739
3.88705
3.88671
3.88636
3.88602
3.88567
3.88532
3.88497
3.88462
3.88426
3.8839
3.88354
3.88318
3.88281
3.88245
3.88208
3.88171
3.88133
3.88096
3.88058
3.8802
3.87983
3.87945
3.87906
3.87868
3.8783
3.87791
3.87753
3.87714
3.87676
3.87637
3.87598
3.87559
3.8752
3.87481
3.87442
3.87403
3.87363
3.87324
3.87284
3.87245
3.87205
3.87165
3.87125
3.87086
3.87046
3.87006
3.86966
3.86927
3.86887
3.86848
3.86809
3.8677
3.86731
3.86693
3.86655
3.86617
3.8658
3.86543
3.86507
3.86471
3.86436
3.86401
3.86367
3.86333
3.863
3.86267
3.86235
3.86203
3.86172
3.86142
3.86112
3.86082
3.86053
3.86024
3.85996
3.85967
3.8594
3.85912
3.85885
3.85857
3.8583
3.85803
3.85776
3.85749
3.85722
3.85696
3.85669
3.85642
3.85615
3.85587
3.8556
3.85533
3.85506
3.85478
3.85451
3.85423
3.85395
3.85367
3.8534
3.85311
3.85283
3.85255
3.85226
3.85198
3.85169
3.8514
3.8511
3.85081
3.8505
3.8502
3.84989
3.84958
3.84926
3.84894
3.84861
3.84827
3.84793
3.84758
3.84722
3.84686
3.84649
3.84611
3.84572
3.84532
3.84492
3.84451
3.84409
3.84367
3.84324
3.8428
3.84236
3.84191
3.84145
3.841
3.84054
3.84008
3.83961
3.83915
3.83869
3.83822
3.83776
3.83731
3.83685
3.8364
3.83596
3.83552
3.83509
3.83467
3.83425
3.83384
3.83345
3.83306
3.83268
3.83231
3.83196
3.83161
3.83127
3.83095
3.83063
3.83033
3.83003
3.82975
3.82947
3.82921
3.82895
3.8287
3.82846
3.82822
3.82799
3.82777
3.82754
3.82733
3.82711
3.8269
3.82668
3.82647
3.82626
3.82604
3.82582
3.82559
3.82536
3.82513
3.82489
3.82464
3.82438
3.82411
3.82384
3.82356
3.82326
3.82296
3.82264
3.82232
3.82198
3.82164
3.82128
3.82091
3.82054
3.82015
3.81976
3.81936
3.81894
3.81852
3.8181
3.81766
3.81722
3.81677
3.81632
3.81586
3.81539
3.81492
3.81445
3.81397
3.81349
3.813
3.81252
3.81202
3.81153
3.81104
3.81054
3.81004
3.80954
3.80905
3.80855
3.80805
3.80756
3.80707
3.80658
3.80609
3.80561
3.80513
3.80465
3.80418
3.80372
3.80326
3.80281
3.80237
3.80193
3.8015
3.80108
3.80066
3.80026
3.79986
3.79946
3.79908
3.7987
3.79833
3.79797
3.79762
3.79727
3.79693
3.7966
3.79627
3.79595
3.79564
3.79533
3.79504
3.79474
3.79446
3.79418
3.79391
3.79364
3.79339
3.79313
3.79289
3.79265
3.79242
3.79219
3.79198
3.79176
3.79156
3.79136
3.79116
3.79097
3.79079
3.79061
3.79043
3.79026
3.79009
3.78993
3.78976
3.7896
3.78944
3.78928
3.78912
3.78896
3.78879
3.78863
3.78845
3.78828
3.7881
3.78792
3.78772
3.78753
3.78732
3.78711
3.78688
3.78665
3.78641
3.78616
3.7859
3.78563
3.78535
3.78506
3.78475
3.78444
3.78411
3.78377
3.78343
3.78307
3.7827
3.78232
3.78192
3.78152
3.78112
3.7807
3.78027
3.77984
3.7794
3.77895
3.7785
3.77804
3.77758
3.77711
3.77664
3.77617
3.7757
3.77522
3.77475
3.77427
3.7738
3.77332
3.77285
3.77238
3.77191
3.77144
3.77097
3.7705
3.77004
3.76958
3.76912
3.76866
3.7682
3.76775
3.76729
3.76684
3.7664
3.76595
3.76551
3.76507
3.76463
3.7642
3.76377
3.76335
3.76293
3.76251
3.7621
3.7617
3.7613
3.76091
3.76053
3.76016
3.75979
3.75943
3.75908
3.75874
3.75841
3.75809
3.75777
3.75747
3.75717
3.75688
3.75661
3.75634
3.75608
3.75583
3.75559
3.75535
3.75513
3.75491
3.75469
3.75449
3.75429
3.7541
3.75391
3.75373
3.75355
3.75337
3.7532
3.75303
3.75287
3.7527
3.75253
3.75237
3.7522
3.75203
3.75186
3.75169
3.75151
3.75133
3.75114
3.75095
3.75076
3.75055
3.75034
3.75013
3.7499
3.74967
3.74943
3.74918
3.74892
3.74865
3.74838
3.74809
3.74779
3.74749
3.74717
3.74685
3.74651
3.74617
3.74581
3.74545
3.74507
3.74469
3.7443
3.7439
3.74349
3.74308
3.74265
3.74222
3.74178
3.74134
3.74089
3.74044
3.73997
3.73951
3.73904
3.73856
3.73808
3.7376
3.73711
3.73662
3.73613
3.73564
3.73514
3.73464
3.73414
3.73363
3.73313
3.73262
3.73212
3.73161
3.7311
3.73059
3.73008
3.72957
3.72907
3.72856
3.72806
3.72755
3.72705
3.72656
3.72606
3.72557
3.72509
3.72461
3.72413
3.72366
3.7232
3.72274
3.72229
3.72184
3.72141
3.72098
3.72056
3.72015
3.71974
3.71935
3.71896
3.71858
3.71821
3.71785
3.7175
3.71716
3.71683
3.7165
3.71619
3.71588
3.71559
3.7153
3.71503
3.71476
3.7145
3.71426
3.71402
3.71379
3.71356
3.71335
3.71314
3.71294
3.71275
3.71257
3.71238
3.71221
3.71204
3.71187
3.7117
3.71154
3.71137
3.71121
3.71105
3.71088
3.71072
3.71055
3.71037
3.71019
3.71001
3.70982
3.70962
3.70942
3.7092
3.70898
3.70875
3.70851
3.70826
3.70799
3.70772
3.70743
3.70713
3.70682
3.70649
3.70616
3.70581
3.70544
3.70507
3.70468
3.70428
3.70387
3.70344
3.70301
3.70256
3.70211
3.70165
3.70118
3.7007
3.70022
3.69973
3.69924
3.69874
3.69824
3.69775
3.69725
3.69675
3.69625
3.69576
3.69526
3.69478
3.69429
3.69381
3.69334
3.69287
3.69241
3.69196
3.69151
3.69107
3.69063
3.69021
3.68979
3.68937
3.68897
3.68857
3.68818
3.6878
3.68742
3.68705
3.68669
3.68633
3.68598
3.68564
3.6853
3.68496
3.68463
3.68431
3.68399
3.68368
3.68336
3.68306
3.68275
3.68245
3.68215
3.68185
3.68155
3.68126
3.68096
3.68067
3.68037
3.68007
3.67977
3.67947
3.67916
3.67886
3.67854
3.67823
3.67791
3.67758
3.67725
3.67691
3.67657
3.67622
3.67587
3.67551
3.67514
3.67476
3.67438
3.67399
3.6736
3.6732
3.67279
3.67238
3.67196
3.67153
3.6711
3.67066
3.67022
3.66977
3.66932
3.66886
3.6684
3.66793
3.66746
3.66699
3.66652
3.66604
3.66556
3.66508
3.6646
3.66411
3.66363
3.66315
3.66266
3.66218
3.6617
3.66122
3.66074
3.66027
3.65979
3.65932
3.65886
3.6584
3.65795
3.6575
3.65705
3.65661
3.65618
3.65576
3.65534
3.65493
3.65453
3.65413
3.65374
3.65336
3.65299
3.65262
3.65226
3.65191
3.65156
3.65122
3.65089
3.65056
3.65024
3.64992
3.64961
3.64931
3.649
3.64871
3.64842
3.64813
3.64785
3.64757
3.64729
3.64702
3.64676
3.6465
3.64624
3.64599
3.64574
3.6455
3.64526
3.64503
3.6448
3.64458
3.64436
3.64415
3.64393
3.64373
3.64352
3.64332
3.64313
3.64293
3.64274
3.64255
3.64236
3.64217
3.64198
3.64179
3.6416
3.64141
3.64122
3.64102
3.64082
3.64061
3.6404
3.64018
3.63996
3.63972
3.63948
3.63924
3.63898
3.63871
3.63843
3.63813
3.63783
3.63751
3.63718
3.63683
3.63647
3.63609
3.6357
3.63529
3.63487
3.63442
3.63397
3.63349
3.633
3.63249
3.63196
3.63141
3.63085
3.63028
3.62968
3.62908
3.62845
3.62782
3.62717
3.6265
3.62583
3.62514
3.62445
3.62375
3.62304
3.62232
3.6216
3.62087
3.62014
3.61941
3.61868
3.61795
3.61723
3.61651
3.61579
3.61508
3.61438
3.61368
3.61299
3.61232
3.61165
3.611
3.61036
3.60973
3.60911
3.60851
3.60792
3.60735
3.60678
3.60624
3.6057
3.60518
3.60468
3.60418
3.6037
3.60323
3.60277
3.60232
3.60188
3.60145
3.60102
3.60061
3.6002
3.59979
3.59939
3.599
3.5986
3.59821
3.59782
3.59743
3.59703
3.59664
3.59624
3.59584
3.59543
3.59503
3.59461
3.59419
3.59377
3.59334
3.59291
3.59247
3.59202
3.59157
3.59112
3.59066
3.59019
3.58972
3.58925
3.58877
3.58829
3.58781
3.58733
3.58684
3.58636
3.58587
3.58538
3.5849
3.58441
3.58392
3.58344
3.58296
3.58248
3.582
3.58153
3.58105
3.58058
3.58011
3.57965
3.57918
3.57872
3.57825
3.57779
3.57733
3.57687
3.57641
3.57595
3.57548
3.57502
3.57455
3.57408
3.57361
3.57313
3.57265
3.57216
3.57167
3.57117
3.57066
3.57015
3.56963
3.56911
3.56857
3.56803
3.56749
3.56693
3.56637
3.5658
3.56523
3.56465
3.56406
3.56347
3.56287
3.56227
3.56167
3.56106
3.56045
3.55984
3.55923
3.55862
3.55801
3.55739
3.55678
3.55617
3.55556
3.55495
3.55434
3.55374
3.55314
3.55254
3.55194
3.55134
3.55075
3.55016
3.54957
3.54899
3.54841
3.54783
3.54725
3.54667
3.5461
3.54553
3.54496
3.54439
3.54383
3.54327
3.54271
3.54216
3.5416
3.54105
3.54051
3.53997
3.53943
3.53889
3.53837
3.53784
3.53732
3.53681
3.5363
3.53579
3.53529
3.5348
3.53432
3.53384
3.53337
3.53291
3.53246
3.53201
3.53157
3.53114
3.53072
3.53031
3.52991
3.52952
3.52914
3.52876
3.5284
3.52804
3.5277
3.52736
3.52703
3.52671
3.5264
3.5261
3.5258
3.52551
3.52522
3.52495
3.52467
3.5244
3.52413
3.52387
3.52361
3.52335
3.52309
3.52283
3.52257
3.52232
3.52206
3.5218
3.52154
3.52128
3.52102
3.52075
3.52049
3.52022
3.51995
3.51968
3.5194
3.51912
3.51884
3.51856
3.51827
3.51799
3.5177
3.5174
3.5171
3.5168
3.5165
3.51619
3.51588
3.51557
3.51525
3.51492
3.51459
3.51426
3.51391
3.51357
3.51321
3.51285
3.51248
3.51211
3.51172
3.51133
3.51093
3.51052
3.5101
3.50968
3.50924
3.5088
3.50835
3.50789
3.50742
3.50694
3.50646
3.50597
3.50548
3.50498
3.50447
3.50396
3.50345
3.50293
3.50242
3.5019
3.50138
3.50087
3.50035
3.49984
3.49934
3.49884
3.49834
3.49785
3.49737
3.49689
3.49643
3.49597
3.49552
3.49508
3.49465
3.49423
3.49381
3.49341
3.49302
3.49264
3.49226
3.4919
3.49154
3.4912
3.49086
3.49052
3.4902
3.48988
3.48958
3.48927
3.48898
3.48869
3.48841
3.48814
3.48788
3.48762
3.48737
3.48713
3.48689
3.48666
3.48645
3.48624
3.48603
3.48584
3.48565
3.48548
3.48531
3.48515
3.48499
3.48485
3.48471
3.48458
3.48446
3.48434
3.48423
3.48413
3.48403
3.48393
3.48385
3.48376
3.48368
3.4836
3.48352
3.48345
3.48338
3.48331
3.48324
3.48317
3.4831
3.48303
3.48295
3.48288
3.4828
3.48272
3.48264
3.48255
3.48246
3.48237
3.48227
3.48216
3.48205
3.48193
3.4818
3.48167
3.48153
3.48138
3.48123
3.48107
3.4809
3.48072
3.48054
3.48034
3.48014
3.47993
3.47972
3.4795
3.47926
3.47903
3.47878
3.47853
3.47827
3.47801
3.47773
3.47746
3.47717
3.47688
3.47658
3.47628
3.47597
3.47565
3.47533
3.47499
3.47466
3.47431
3.47396
3.4736
3.47323
3.47286
3.47248
3.47209
3.47169
3.47128
3.47086
3.47043
3.47
3.46955
3.4691
3.46863
3.46816
3.46767
3.46718
3.46667
3.46616
3.46564
3.4651
3.46456
3.46401
3.46345
3.46289
3.46231
3.46173
3.46114
3.46055
3.45995
3.45934
3.45873
3.45812
3.45751
3.45689
3.45627
3.45565
3.45503
3.45441
3.4538
3.45318
3.45257
3.45197
3.45137
3.45077
3.45018
3.44961
3.44903
3.44847
3.44792
3.44738
3.44685
3.44633
3.44582
3.44532
3.44483
3.44436
3.4439
3.44345
3.44301
3.44258
3.44216
3.44175
3.44135
3.44096
3.44057
3.44019
3.43982
3.43945
3.43909
3.43872
3.43836
3.438
3.43764
3.43728
3.43691
3.43654
3.43617
3.4358
3.43541
3.43503
3.43463
3.43423
3.43383
3.43342
3.433
3.43257
3.43213
3.43169
3.43125
3.43079
3.43033
3.42987
3.4294
3.42892
3.42845
3.42796
3.42748
3.42699
3.4265
3.42601
3.42552
3.42503
3.42454
3.42405
3.42357
3.42308
3.4226
3.42212
3.42164
3.42117
3.4207
3.42024
3.41978
3.41932
3.41887
3.41843
3.41799
3.41756
3.41713
3.41671
3.41629
3.41588
3.41548
3.41508
3.41468
3.41429
3.41391
3.41352
3.41314
3.41277
3.41239
3.41202
3.41165
3.41128
3.41091
3.41055
3.41018
3.40981
3.40944
3.40907
3.4087
3.40833
3.40796
3.40759
3.40723
3.40686
3.40649
3.40612
3.40576
3.40539
3.40504
3.40468
3.40433
3.40399
3.40365
3.40332
3.403
3.40268
3.40238
3.40208
3.40179
3.40151
3.40125
3.40099
3.40074
3.40051
3.40028
3.40007
3.39986
3.39966
3.39948
3.3993
3.39913
3.39897
3.39882
3.39867
3.39853
3.39839
3.39826
3.39813
3.39801
3.39788
3.39776
3.39765
3.39753
3.39741
3.39729
3.39717
3.39705
3.39692
3.39679
3.39666
3.39652
3.39638
3.39623
3.39608
3.39592
3.39575
3.39557
3.39539
3.3952
3.395
3.39479
3.39457
3.39434
3.3941
3.39384
3.39358
3.39331
3.39302
3.39272
3.39241
3.39209
3.39175
3.3914
3.39104
3.39067
3.39028
3.38988
3.38947
3.38904
3.38861
3.38816
3.38769
3.38722
3.38674
3.38624
3.38574
3.38523
3.38471
3.38418
3.38364
3.3831
3.38256
3.38201
3.38145
3.3809
3.38035
3.37979
3.37924
3.37869
3.37814
3.3776
3.37706
3.37653
3.376
3.37548
3.37497
3.37447
3.37397
3.37349
3.37301
3.37254
3.37209
3.37164
3.3712
3.37078
3.37036
3.36995
3.36955
3.36916
3.36879
3.36842
3.36805
3.3677
3.36735
3.36702
3.36668
3.36636
3.36604
3.36572
3.36541
3.3651
3.36479
3.36449
3.36418
3.36388
3.36358
3.36327
3.36297
3.36266
3.36235
3.36203
3.36171
3.36139
3.36107
3.36073
3.3604
3.36006
3.35971
3.35936
3.359
3.35863
3.35826
3.35789
3.35751
3.35712
3.35673
3.35633
3.35593
3.35552
3.35511
3.3547
3.35428
3.35386
3.35343
3.35301
3.35258
3.35216
3.35173
3.35131
3.35088
3.35046
3.35004
3.34963
3.34922
3.34881
3.34841
3.34802
3.34763
3.34725
3.34687
3.3465
3.34614
3.34578
3.34543
3.34508
3.34475
3.34441
3.34408
3.34376
3.34344
3.34313
3.34282
3.34251
3.3422
3.3419
3.34159
3.34129
3.34099
3.34069
3.34039
3.34008
3.33978
3.33947
3.33917
3.33885
3.33854
3.33822
3.3379
3.33758
3.33726
3.33692
3.33659
3.33625
3.33591
3.33556
3.33521
3.33486
3.3345
3.33413
3.33377
3.33339
3.33301
3.33263
3.33224
3.33185
3.33145
3.33105
3.33064
3.33023
3.32981
3.32939
3.32896
3.32853
3.32809
3.32764
3.3272
3.32674
3.32629
3.32583
3.32536
3.32489
3.32442
3.32394
3.32346
3.32298
3.32249
3.322
3.32151
3.32101
3.32051
3.32001
3.3195
3.31899
3.31847
3.31796
3.31743
3.31691
3.31638
3.31585
3.31531
3.31477
3.31422
3.31367
3.31311
3.31255
3.31199
3.31142
3.31085
3.31027
3.30969
3.30911
3.30852
3.30793
3.30733
3.30674
3.30614
3.30553
3.30493
3.30432
3.30372
3.30311
3.3025
3.3019
3.30129
3.30069
3.30008
3.29948
3.29889
3.29829
3.2977
3.29712
3.29654
3.29596
3.2954
3.29484
3.29429
3.29375
3.29321
3.29269
3.29218
3.29167
3.29118
3.29071
3.29024
3.28979
3.28935
3.28892
3.28851
3.28811
3.28772
3.28735
3.28699
3.28665
3.28632
3.286
3.2857
3.28541
3.28513
3.28486
3.28461
3.28437
3.28413
3.28391
3.2837
3.2835
3.28331
3.28312
3.28294
3.28277
3.28261
3.28245
3.2823
3.28215
3.28201
3.28188
3.28175
3.28162
3.2815
3.28138
3.28126
3.28115
3.28104
3.28093
3.28083
3.28073
3.28063
3.28053
3.28043
3.28033
3.28024
3.28014
3.28005
3.27996
3.27986
3.27976
3.27966
3.27956
3.27946
3.27936
3.27925
3.27913
3.27902
3.2789
3.27877
3.27864
3.2785
3.27836
3.27821
3.27806
3.2779
3.27773
3.27756
3.27738
3.2772
3.27701
3.27682
3.27662
3.27641
3.2762
3.27599
3.27577
3.27555
3.27533
3.2751
3.27487
3.27464
3.27441
3.27417
3.27394
3.2737
3.27347
3.27323
3.273
3.27276
3.27253
3.27229
3.27206
3.27182
3.27159
3.27136
3.27113
3.2709
3.27067
3.27044
3.27021
3.26998
3.26975
3.26952
3.26929
3.26906
3.26884
3.26861
3.26838
3.26814
3.26791
3.26768
3.26745
3.26721
3.26698
3.26674
3.2665
3.26626
3.26602
3.26578
3.26553
3.26528
3.26504
3.26479
3.26453
3.26428
3.26402
3.26377
3.26351
3.26324
3.26298
3.26271
3.26244
3.26217
3.2619
3.26162
3.26135
3.26107
3.26079
3.26051
3.26024
3.25996
3.25968
3.2594
3.25912
3.25885
3.25858
3.25831
3.25804
3.25778
3.25752
3.25726
3.25702
3.25677
3.25654
3.25631
3.25608
3.25587
3.25566
3.25546
3.25527
3.25508
3.25491
3.25474
3.25458
3.25444
3.2543
3.25417
3.25405
3.25393
3.25383
3.25374
3.25365
3.25358
3.25351
3.25345
3.2534
3.25336
3.25332
3.25329
3.25327
3.25326
3.25325
3.25325
3.25325
3.25325
3.25326
3.25327
3.25329
3.2533
3.25332
3.25333
3.25334
3.25335
3.25336
3.25336
3.25336
3.25335
3.25333
3.25331
3.25327
3.25322
3.25316
3.25309
3.25301
3.25291
3.2528
3.25268
3.25254
3.25238
3.25222
3.25203
3.25183
3.25162
3.25139
3.25114
3.25088
3.25061
3.25033
3.25003
3.24973
3.24941
3.24908
3.24874
3.24839
3.24804
3.24768
3.24731
3.24694
3.24656
3.24618
3.2458
3.24541
3.24502
3.24463
3.24424
3.24385
3.24346
3.24307
3.24268
3.24229
3.24191
3.24153
3.24115
3.24077
3.2404
3.24003
3.23966
3.2393
3.23894
3.23859
3.23824
3.23789
3.23755
3.23721
3.23688
3.23656
3.23623
3.23592
3.23561
3.2353
3.235
3.23471
3.23442
3.23413
3.23385
3.23358
3.2333
3.23304
3.23278
3.23252
3.23227
3.23202
3.23177
3.23153
3.23129
3.23106
3.23083
3.2306
3.23037
3.23015
3.22993
3.22971
3.2295
3.22928
3.22907
3.22886
3.22866
3.22845
3.22824
3.22804
3.22784
3.22764
3.22743
3.22723
3.22704
3.22684
3.22664
3.22644
3.22624
3.22604
3.22584
3.22564
3.22544
3.22524
3.22504
3.22484
3.22463
3.22443
3.22422
3.22401
3.2238
3.22359
3.22337
3.22315
3.22293
3.22271
3.22248
3.22225
3.22202
3.22178
3.22154
3.22129
3.22105
3.22079
3.22054
3.22028
3.22001
3.21975
3.21948
3.2192
3.21892
3.21864
3.21835
3.21806
3.21777
3.21748
3.21718
3.21688
3.21658
3.21628
3.21598
3.21568
3.21538
3.21508
3.21479
3.21449
3.2142
3.21391
3.21362
3.21333
3.21305
3.21276
3.21249
3.21221
3.21194
3.21167
3.2114
3.21113
3.21086
3.2106
3.21034
3.21007
3.20981
3.20955
3.20928
3.20902
3.20875
3.20848
3.20821
3.20794
3.20767
3.20739
3.20711
3.20683
3.20654
3.20626
3.20597
3.20567
3.20537
3.20507
3.20477
3.20446
3.20415
3.20384
3.20352
3.2032
3.20288
3.20255
3.20222
3.20188
3.20154
3.2012
3.20085
3.2005
3.20014
3.19978
3.19942
3.19905
3.19867
3.19829
3.19791
3.19752
3.19713
3.19673
3.19633
3.19592
3.19551
3.19509
3.19467
3.19425
3.19382
3.19339
3.19296
3.19252
3.19208
3.19164
3.1912
3.19076
3.19032
3.18988
3.18944
3.189
3.18856
3.18812
3.18769
3.18727
3.18684
3.18643
3.18601
3.18561
3.18521
3.18482
3.18444
3.18406
3.18369
3.18333
3.18299
3.18265
3.18232
3.182
3.18169
3.18139
3.18111
3.18083
3.18057
3.18032
3.18008
3.17985
3.17964
3.17943
3.17924
3.17906
3.1789
3.17874
3.1786
3.17847
3.17835
3.17824
3.17814
3.17806
3.17798
3.17792
3.17786
3.17781
3.17778
3.17775
3.17772
3.17771
3.1777
3.1777
3.17771
3.17772
3.17774
3.17776
3.17778
3.1778
3.17783
3.17786
3.17789
3.17792
3.17794
3.17797
3.17799
3.17801
3.17802
3.17803
3.17804
3.17804
3.17803
3.17802
3.178
3.17797
3.17793
3.17788
3.17782
3.17776
3.17768
3.1776
3.1775
3.17739
3.17728
3.17716
3.17702
3.17688
3.17673
3.17657
3.1764
3.17623
3.17605
3.17586
3.17567
3.17547
3.17527
3.17506
3.17485
3.17464
3.17443
3.17421
3.174
3.17378
3.17356
3.17333
3.17311
3.17288
3.17265
3.17241
3.17218
3.17193
3.17169
3.17143
3.17117
3.17091
3.17063
3.17035
3.17007
3.16977
3.16946
3.16915
3.16883
3.16849
3.16815
3.1678
3.16744
3.16707
3.16669
3.16631
3.16591
3.16551
3.1651
3.16468
3.16425
3.16381
3.16337
3.16292
3.16246
3.162
3.16153
3.16106
3.16057
3.16009
3.1596
3.1591
3.1586
3.15809
3.15758
3.15707
3.15656
3.15604
3.15553
3.15501
3.15449
3.15397
3.15345
3.15294
3.15243
3.15192
3.15141
3.15091
3.15041
3.14992
3.14943
3.14895
3.14847
3.148
3.14754
3.14709
3.14664
3.1462
3.14576
3.14534
3.14492
3.14451
3.1441
3.14371
3.14332
3.14295
3.14258
3.14222
3.14186
3.14152
3.14119
3.14087
3.14055
3.14025
3.13996
3.13967
3.1394
3.13914
3.13888
3.13864
3.13841
3.13818
3.13797
3.13777
3.13757
3.13739
3.13721
3.13704
3.13688
3.13673
3.13659
3.13645
3.13632
3.1362
3.13608
3.13597
3.13587
3.13577
3.13568
3.1356
3.13552
3.13544
3.13537
3.13531
3.13525
3.1352
3.13515
3.1351
3.13506
3.13502
3.13498
3.13495
3.13491
3.13488
3.13485
3.13483
3.1348
3.13477
3.13474
3.13471
3.13468
3.13465
3.13461
3.13457
3.13453
3.13449
3.13444
3.13439
3.13433
3.13427
3.1342
3.13413
3.13405
3.13397
3.13388
3.13378
3.13368
3.13357
3.13346
3.13334
3.13322
3.13309
3.13295
3.13281
3.13266
3.13251
3.13236
3.1322
3.13204
3.13187
3.1317
3.13153
3.13135
3.13118
3.131
3.13081
3.13063
3.13045
3.13026
3.13007
3.12988
3.12969
3.1295
3.12931
3.12912
3.12893
3.12874
3.12855
3.12836
3.12817
3.12797
3.12778
3.12759
3.1274
3.12721
3.12702
3.12683
3.12664
3.12645
3.12627
3.12608
3.12589
3.12571
3.12552
3.12534
3.12515
3.12497
3.12478
3.1246
3.12442
3.12423
3.12405
3.12386
3.12368
3.12349
3.1233
3.12311
3.12291
3.12271
3.12252
3.12231
3.12211
3.1219
3.12168
3.12146
3.12124
3.12102
3.12079
3.12055
3.12031
3.12007
3.11983
3.11958
3.11933
3.11908
3.11883
3.11857
3.11832
3.11806
3.11781
3.11756
3.1173
3.11705
3.1168
3.11655
3.11631
3.11607
3.11583
3.11559
3.11536
3.11513
3.1149
3.11467
3.11445
3.11423
3.11401
3.11379
3.11357
3.11335
3.11313
3.11291
3.11268
3.11245
3.11222
3.11198
3.11173
3.11148
3.11122
3.11095
3.11068
3.11039
3.11009
3.10979
3.10947
3.10915
3.10881
3.10846
3.1081
3.10773
3.10735
3.10696
3.10656
3.10615
3.10574
3.10531
3.10487
3.10443
3.10398
3.10352
3.10306
3.10259
3.10212
3.10164
3.10116
3.10068
3.10019
3.09971
3.09922
3.09873
3.09824
3.09776
3.09727
3.09679
3.09631
3.09584
3.09537
3.0949
3.09444
3.09399
3.09354
3.0931
3.09267
3.09224
3.09183
3.09142
3.09102
3.09063
3.09024
3.08987
3.0895
3.08915
3.0888
3.08846
3.08813
3.0878
3.08749
3.08718
3.08687
3.08658
3.08629
3.086
3.08573
3.08545
3.08518
3.08492
3.08466
3.0844
3.08414
3.08389
3.08364
3.08339
3.08314
3.08289
3.08263
3.08238
3.08213
3.08188
3.08162
3.08136
3.0811
3.08083
3.08056
3.08029
3.08001
3.07972
3.07944
3.07914
3.07884
3.07853
3.07822
3.0779
3.07758
3.07725
3.07691
3.07657
3.07622
3.07586
3.0755
3.07513
3.07476
3.07438
3.07399
3.0736
3.0732
3.0728
3.07239
3.07198
3.07156
3.07114
3.07071
3.07029
3.06986
3.06942
3.06899
3.06856
3.06812
3.06769
3.06725
3.06682
3.06639
3.06596
3.06554
3.06512
3.0647
3.06429
3.06388
3.06348
3.06309
3.0627
3.06231
3.06194
3.06157
3.0612
3.06084
3.06049
3.06014
3.0598
3.05946
3.05912
3.05879
3.05846
3.05813
3.05781
3.05748
3.05716
3.05684
3.05651
3.05619
3.05587
3.05555
3.05522
3.0549
3.05458
3.05425
3.05393
3.05361
3.05328
3.05296
3.05264
3.05232
3.052
3.05169
3.05137
3.05107
3.05076
3.05046
3.05016
3.04987
3.04958
3.0493
3.04902
3.04874
3.04848
3.04821
3.04795
3.0477
3.04744
3.0472
3.04695
3.04671
3.04647
3.04623
3.04599
3.04575
3.04551
3.04527
3.04503
3.04479
3.04454
3.04429
3.04403
3.04377
3.0435
3.04322
3.04294
3.04266
3.04236
3.04206
3.04176
3.04144
3.04112
3.0408
3.04046
3.04012
3.03978
3.03943
3.03908
3.03873
3.03837
3.03802
3.03766
3.0373
3.03695
3.03659
3.03624
3.0359
3.03556
3.03522
3.03489
3.03457
3.03426
3.03395
3.03365
3.03336
3.03308
3.03281
3.03255
3.0323
3.03206
3.03182
3.0316
3.03138
3.03117
3.03096
3.03076
3.03057
3.03038
3.03019
3.03001
3.02982
3.02964
3.02946
3.02928
3.0291
3.02892
3.02873
3.02854
3.02835
3.02816
3.02796
3.02776
3.02755
3.02734
3.02713
3.02692
3.0267
3.02648
3.02626
3.02604
3.02582
3.0256
3.02538
3.02515
3.02494
3.02472
3.0245
3.02429
3.02408
3.02387
3.02367
3.02347
3.02327
3.02308
3.02289
3.0227
3.02252
3.02234
3.02216
3.02198
3.0218
3.02163
3.02145
3.02127
3.0211
3.02092
3.02074
3.02055
3.02037
3.02018
3.01998
3.01978
3.01958
3.01937
3.01915
3.01893
3.0187
3.01847
3.01822
3.01798
3.01772
3.01746
3.01719
3.01691
3.01663
3.01634
3.01605
3.01575
3.01544
3.01513
3.01482
3.01449
3.01417
3.01384
3.01351
3.01317
3.01283
3.01248
3.01214
3.01179
3.01144
3.01108
3.01073
3.01037
3.01001
3.00965
3.00929
3.00893
3.00856
3.0082
3.00784
3.00747
3.00711
3.00674
3.00638
3.00602
3.00565
3.00529
3.00493
3.00457
3.00421
3.00385
3.0035
3.00314
3.00279
3.00244
3.00209
3.00174
3.0014
3.00106
3.00072
3.00039
3.00005
2.99973
2.9994
2.99908
2.99876
2.99844
2.99813
2.99782
2.99752
2.99722
2.99692
2.99662
2.99633
2.99604
2.99575
2.99547
2.99519
2.99491
2.99464
2.99437
2.9941
2.99384
2.99358
2.99332
2.99307
2.99282
2.99257
2.99233
2.9921
2.99187
2.99164
2.99142
2.99121
2.991
2.9908
2.9906
2.99041
2.99022
2.99004
2.98986
2.98969
2.98953
2.98937
2.98921
2.98906
2.98892
2.98878
2.98864
2.9885
2.98837
2.98824
2.98811
2.98799
2.98786
2.98774
2.98761
2.98749
2.98736
2.98723
2.9871
2.98697
2.98683
2.9867
2.98655
2.9864
2.98625
2.98609
2.98593
2.98576
2.98558
2.98539
2.9852
2.985
2.98479
2.98458
2.98436
2.98412
2.98389
2.98364
2.98339
2.98313
2.98286
2.98258
2.9823
2.98201
2.98172
2.98142
2.98112
2.98081
2.98049
2.98017
2.97985
2.97952
2.97919
2.97885
2.97852
2.97818
2.97783
2.97749
2.97714
2.97678
2.97643
2.97607
2.97571
2.97535
2.97499
2.97462
2.97425
2.97388
2.9735
2.97312
2.97274
2.97236
2.97198
2.97159
2.9712
2.9708
2.97041
2.97001
2.96961
2.96921
2.9688
2.9684
2.96799
2.96758
2.96717
2.96676
2.96635
2.96594
2.96553
2.96512
2.96472
2.96431
2.96391
2.96351
2.96311
2.96272
2.96233
2.96194
2.96156
2.96119
2.96082
2.96045
2.9601
2.95974
2.9594
2.95906
2.95872
2.95839
2.95807
2.95775
2.95744
2.95713
2.95682
2.95652
2.95621
2.95591
2.95561
2.95531
2.95501
2.95471
2.95441
2.9541
2.9538
2.95348
2.95317
2.95285
2.95252
2.95219
2.95185
2.95151
2.95116
2.9508
2.95043
2.95006
2.94968
2.94929
2.9489
2.94849
2.94808
2.94766
2.94723
2.94679
2.94635
2.94589
2.94543
2.94496
2.94448
2.94399
2.94349
2.94299
2.94248
2.94196
2.94143
2.9409
2.94036
2.93982
2.93927
2.93871
2.93815
2.93759
2.93702
2.93646
2.93589
2.93532
2.93475
2.93419
2.93363
2.93307
2.93251
2.93196
2.93142
2.93088
2.93035
2.92983
2.92931
2.92881
2.92831
2.92783
2.92735
2.92689
2.92643
2.92599
2.92557
2.92515
2.92474
2.92435
2.92397
2.9236
2.92325
2.9229
2.92257
2.92225
2.92194
2.92164
2.92135
2.92108
2.92081
2.92055
2.9203
2.92007
2.91984
2.91962
2.91941
2.9192
2.919
2.91881
2.91863
2.91846
2.91829
2.91812
2.91796
2.91781
2.91767
2.91752
2.91739
2.91726
2.91713
2.91701
2.91689
2.91678
2.91667
2.91656
2.91646
2.91636
2.91627
2.91617
2.91608
2.91599
2.91591
2.91582
2.91573
2.91565
2.91556
2.91547
2.91538
2.91529
2.9152
2.9151
2.915
2.9149
2.91479
2.91468
2.91456
2.91443
2.9143
2.91416
2.91402
2.91387
2.91371
2.91354
2.91336
2.91318
2.91298
2.91278
2.91257
2.91235
2.91211
2.91187
2.91162
2.91137
2.9111
2.91082
2.91053
2.91024
2.90993
2.90962
2.9093
2.90897
2.90864
2.90829
2.90794
2.90758
2.90721
2.90684
2.90646
2.90607
2.90568
2.90528
2.90488
2.90446
2.90405
2.90362
2.90319
2.90275
2.90231
2.90187
2.90142
2.90096
2.9005
2.90004
2.89957
2.8991
2.89863
2.89816
2.89769
2.89722
2.89675
2.89628
2.89582
2.89536
2.8949
2.89445
2.89401
2.89357
2.89314
2.89272
2.8923
2.8919
2.8915
2.89111
2.89074
2.89037
2.89002
2.88967
2.88934
2.88901
2.8887
2.88839
2.8881
2.88782
2.88754
2.88728
2.88702
2.88677
2.88654
2.88631
2.88608
2.88587
2.88566
2.88546
2.88527
2.88508
2.8849
2.88473
2.88456
2.8844
2.88424
2.88409
2.88394
2.8838
2.88366
2.88352
2.88339
2.88327
2.88314
2.88303
2.88291
2.8828
2.88269
2.88259
2.88249
2.88239
2.8823
2.88221
2.88213
2.88205
2.88197
2.8819
2.88183
2.88177
2.88172
2.88166
2.88162
2.88157
2.88154
2.88151
2.88148
2.88146
2.88144
2.88142
2.88141
2.88141
2.88141
2.88141
2.88141
2.88141
2.88142
2.88142
2.88143
2.88143
2.88143
2.88143
2.88142
2.88141
2.88139
2.88136
2.88133
2.88128
2.88123
2.88116
2.88108
2.88099
2.88089
2.88077
2.88064
2.88049
2.88033
2.88015
2.87995
2.87974
2.87951
2.87927
2.87901
2.87874
2.87845
2.87815
2.87783
2.87751
2.87717
2.87681
2.87645
2.87608
2.8757
2.87531
2.87491
2.87451
2.8741
2.87368
2.87326
2.87284
2.87241
2.87198
2.87155
2.87112
2.87069
2.87025
2.86982
2.86938
2.86895
2.86851
2.86808
2.86765
2.86723
2.8668
2.86638
2.86596
2.86555
2.86514
2.86473
2.86433
2.86393
2.86354
2.86315
2.86277
2.8624
2.86203
2.86166
2.8613
2.86094
2.86059
2.86025
2.8599
2.85956
2.85923
2.8589
2.85857
2.85824
2.85792
2.85759
2.85727
2.85695
2.85663
2.85631
2.85599
2.85567
2.85535
2.85503
2.85471
2.85438
2.85406
2.85373
2.8534
2.85306
2.85273
2.85239
2.85205
2.8517
2.85135
2.851
2.85064
2.85028
2.84992
2.84955
2.84918
2.8488
2.84842
2.84803
2.84764
2.84725
2.84685
2.84644
2.84603
2.84562
2.8452
2.84477
2.84434
2.84391
2.84346
2.84302
2.84256
2.84211
2.84165
2.84118
2.84071
2.84023
2.83976
2.83927
2.83879
2.8383
2.83782
2.83733
2.83684
2.83635
2.83586
2.83537
2.83488
2.8344
2.83392
2.83344
2.83297
2.8325
2.83204
2.83158
2.83113
2.83068
2.83024
2.82981
2.82939
2.82897
2.82856
2.82815
2.82776
2.82737
2.82698
2.82661
2.82624
2.82587
2.82551
2.82516
2.82481
2.82447
2.82413
2.8238
2.82347
2.82314
2.82282
2.8225
2.82218
2.82187
2.82156
2.82125
2.82095
2.82064
2.82034
2.82005
2.81975
2.81946
2.81917
2.81889
2.81861
2.81833
2.81805
2.81778
2.81751
2.81725
2.81699
2.81673
2.81648
2.81624
2.81599
2.81576
2.81552
2.81529
2.81507
2.81484
2.81462
2.81441
2.81419
2.81398
2.81377
2.81356
2.81335
2.81313
2.81292
2.8127
2.81249
2.81227
2.81204
2.81181
2.81158
2.81134
2.8111
2.81085
2.8106
2.81034
2.81007
2.8098
2.80952
2.80923
2.80894
2.80865
2.80835
2.80804
2.80774
2.80742
2.80711
2.80679
2.80646
2.80614
2.80582
2.80549
2.80517
2.80484
2.80452
2.80419
2.80387
2.80356
2.80324
2.80293
2.80263
2.80233
2.80203
2.80174
2.80146
2.80118
2.80091
2.80064
2.80038
2.80013
2.79989
2.79965
2.79942
2.7992
2.79898
2.79877
2.79857
2.79837
2.79818
2.798
2.79782
2.79764
2.79747
2.79731
2.79715
2.79699
2.79684
2.79669
2.79655
2.7964
2.79626
2.79611
2.79597
2.79583
2.79568
2.79554
2.79539
2.79524
2.79509
2.79494
2.79478
2.79461
2.79445
2.79428
2.7941
2.79392
2.79373
2.79354
2.79334
2.79313
2.79292
2.79271
2.79248
2.79225
2.79202
2.79178
2.79153
2.79128
2.79102
2.79076
2.79049
2.79021
2.78994
2.78965
2.78936
2.78907
2.78877
2.78846
2.78815
2.78784
2.78752
2.78719
2.78686
2.78653
2.78619
2.78585
2.7855
2.78514
2.78478
2.78442
2.78405
2.78367
2.78329
2.78291
2.78252
2.78213
2.78173
2.78133
2.78092
2.78051
2.7801
2.77968
2.77926
2.77883
2.7784
2.77797
2.77754
2.7771
2.77666
2.77621
2.77577
2.77532
2.77487
2.77442
2.77397
2.77351
2.77305
2.7726
2.77213
2.77167
2.7712
2.77074
2.77027
2.76979
2.76932
2.76884
2.76837
2.76789
2.7674
2.76692
2.76643
2.76595
2.76546
2.76497
2.76448
2.76398
2.76349
2.763
2.7625
2.76201
2.76152
2.76103
2.76054
2.76005
2.75957
2.75909
2.75861
2.75814
2.75767
2.75721
2.75675
2.7563
2.75586
2.75542
2.75499
2.75456
2.75415
2.75374
2.75334
2.75294
2.75256
2.75218
2.75181
2.75144
2.75108
2.75073
2.75038
2.75004
2.7497
2.74936
2.74903
2.7487
2.74837
2.74804
2.74771
2.74738
2.74706
2.74673
2.7464
2.74606
2.74573
2.74539
2.74505
2.74471
2.74437
2.74402
2.74367
2.74332
2.74296
2.7426
2.74224
2.74187
2.74151
2.74114
2.74077
2.74039
2.74001
2.73963
2.73925
2.73887
2.73848
2.73809
2.7377
2.73731
2.73691
2.73652
2.73612
2.73571
2.73531
2.7349
2.73448
2.73407
2.73365
2.73323
2.7328
2.73238
2.73195
2.73151
2.73108
2.73064
2.7302
2.72975
2.7293
2.72885
2.7284
2.72795
2.7275
2.72704
2.72658
2.72612
2.72567
2.72521
2.72475
2.72429
2.72384
2.72338
2.72293
2.72247
2.72202
2.72158
2.72113
2.72069
2.72024
2.71981
2.71937
2.71893
2.7185
2.71806
2.71763
2.7172
2.71676
2.71633
2.71589
2.71546
2.71502
2.71457
2.71413
2.71368
2.71322
2.71276
2.7123
2.71183
2.71136
2.71088
2.7104
2.70992
2.70943
2.70894
2.70845
2.70796
2.70747
2.70697
2.70648
2.70599
2.70551
2.70503
2.70455
2.70409
2.70363
2.70317
2.70273
2.70229
2.70187
2.70146
2.70105
2.70066
2.70028
2.69991
2.69955
2.69921
2.69887
2.69854
2.69823
2.69792
2.69762
2.69733
2.69704
2.69676
2.69649
2.69621
2.69595
2.69568
2.69542
2.69516
2.6949
2.69464
2.69437
2.69411
2.69384
2.69357
2.6933
2.69302
2.69274
2.69245
2.69216
2.69186
2.69156
2.69126
2.69094
2.69063
2.6903
2.68998
2.68964
2.68931
2.68896
2.68862
2.68826
2.68791
2.68755
2.68718
2.68681
2.68644
2.68607
2.68569
2.68531
2.68492
2.68453
2.68414
2.68375
2.68335
2.68296
2.68256
2.68216
2.68175
2.68135
2.68094
2.68054
2.68013
2.67973
2.67932
2.67892
2.67851
2.67811
2.67771
2.67732
2.67692
2.67653
2.67614
2.67576
2.67538
2.675
2.67463
2.67427
2.67391
2.67355
2.6732
2.67286
2.67252
2.67219
2.67186
2.67154
2.67122
2.6709
2.67059
2.67028
2.66997
2.66967
2.66936
2.66906
2.66876
2.66846
2.66816
2.66786
2.66755
2.66724
2.66693
2.66662
2.6663
2.66598
2.66566
2.66532
2.66499
2.66465
2.6643
2.66395
2.66359
2.66323
2.66286
2.66249
2.66211
2.66172
2.66133
2.66094
2.66054
2.66013
2.65972
2.65931
2.65889
2.65847
2.65805
2.65762
2.65719
2.65676
2.65633
2.65589
2.65545
2.65501
2.65456
2.65412
2.65367
2.65323
2.65278
2.65233
2.65188
2.65142
2.65097
2.65052
2.65007
2.64962
2.64917
2.64872
2.64827
2.64782
2.64738
2.64694
2.6465
2.64606
2.64562
2.64519
2.64476
2.64434
2.64391
2.6435
2.64308
2.64267
2.64226
2.64186
2.64146
2.64106
2.64067
2.64028
2.6399
2.63951
2.63913
2.63876
2.63839
2.63802
2.63765
2.63728
2.63692
2.63656
2.63621
2.63585
2.6355
2.63515
2.6348
2.63445
2.6341
2.63376
2.63342
2.63308
2.63273
2.63239
2.63206
2.63172
2.63138
2.63104
2.63071
2.63037
2.63004
2.6297
2.62937
2.62903
2.62869
2.62836
2.62802
2.62768
2.62734
2.627
2.62666
2.62631
2.62596
2.62561
2.62525
2.62489
2.62453
2.62416
2.62379
2.62341
2.62303
2.62265
2.62225
2.62186
2.62145
2.62105
2.62063
2.62022
2.6198
2.61937
2.61895
2.61852
2.61809
2.61766
2.61722
2.61679
2.61636
2.61593
2.6155
2.61507
2.61465
2.61423
2.61382
2.61341
2.61301
2.61261
2.61222
2.61183
2.61145
2.61108
2.61071
2.61035
2.61
2.60965
2.60931
2.60897
2.60864
2.60832
2.608
2.60768
2.60737
2.60707
2.60677
2.60647
2.60618
2.60589
2.6056
2.60532
2.60504
2.60476
2.60448
2.60421
2.60394
2.60368
2.60341
2.60315
2.60289
2.60263
2.60237
2.60212
2.60186
2.60161
2.60136
2.60111
2.60086
2.60061
2.60037
2.60012
2.59987
2.59963
2.59938
2.59914
2.5989
2.59865
2.59841
2.59817
2.59793
2.59769
2.59745
2.59721
2.59698
2.59674
2.59651
2.59628
2.59605
2.59583
2.59561
2.59539
2.59517
2.59496
2.59476
2.59455
2.59436
2.59416
2.59398
2.59379
2.59362
2.59345
2.59328
2.59312
2.59296
2.59281
2.59266
2.59252
2.59238
2.59225
2.59212
2.59199
2.59187
2.59174
2.59162
2.5915
2.59139
2.59127
2.59115
2.59103
2.59091
2.59079
2.59067
2.59054
2.59042
2.59029
2.59016
2.59002
2.58988
2.58973
2.58959
2.58943
2.58927
2.58911
2.58894
2.58877
2.58859
2.58841
2.58822
2.58803
2.58783
2.58762
2.58742
2.58721
2.58699
2.58677
2.58655
2.58633
2.5861
2.58588
2.58565
2.58542
2.5852
2.58497
2.58474
2.58452
2.5843
2.58408
2.58386
2.58365
2.58344
2.58324
2.58304
2.58285
2.58266
2.58248
2.58231
2.58214
2.58198
2.58183
2.58168
2.58154
2.58141
2.58129
2.58117
2.58106
2.58096
2.58087
2.58078
2.5807
2.58063
2.58056
2.5805
2.58044
2.58039
2.58034
2.5803
2.58026
2.58023
2.58019
2.58017
2.58014
2.58012
2.58009
2.58007
2.58005
2.58004
2.58002
2.58
2.57998
2.57997
2.57995
2.57993
2.57992
2.5799
2.57988
2.57986
2.57983
2.57981
2.57978
2.57975
2.57971
2.57967
2.57963
2.57958
2.57953
2.57947
2.57941
2.57934
2.57926
2.57918
2.57909
2.57899
2.57889
2.57877
2.57865
2.57853
2.57839
2.57825
2.5781
2.57794
2.57777
2.57759
2.57741
2.57722
2.57702
2.57682
2.57661
2.57639
2.57616
2.57593
2.57569
2.57545
2.57519
2.57493
2.57467
2.57439
2.57411
2.57383
2.57353
2.57323
2.57292
2.57261
2.57229
2.57195
2.57162
2.57127
2.57091
2.57055
2.57018
2.56981
2.56942
2.56903
2.56863
2.56822
2.5678
2.56738
2.56695
2.56652
2.56608
2.56563
2.56518
2.56472
2.56426
2.5638
2.56333
2.56286
2.56238
2.56191
2.56143
2.56095
2.56047
2.55999
2.55951
2.55902
2.55854
2.55807
2.55759
2.55711
2.55664
2.55617
2.5557
2.55524
2.55478
2.55432
2.55387
2.55342
2.55298
2.55255
2.55212
2.5517
2.55128
2.55087
2.55047
2.55008
2.54969
2.54931
2.54894
2.54857
2.54822
2.54787
2.54753
2.54719
2.54686
2.54654
2.54623
2.54593
2.54563
2.54534
2.54505
2.54477
2.5445
2.54424
2.54398
2.54373
2.54348
2.54324
2.54301
2.54278
2.54256
2.54235
2.54214
2.54194
2.54174
2.54155
2.54136
2.54118
2.54101
2.54084
2.54068
2.54052
2.54036
2.54021
2.54007
2.53992
2.53978
2.53964
2.53951
2.53937
2.53924
2.53911
2.53897
2.53884
2.5387
2.53857
2.53843
2.53828
2.53814
2.53799
2.53784
2.53768
2.53753
2.53736
2.5372
2.53703
2.53685
2.53667
2.53649
2.53631
2.53612
2.53593
2.53573
2.53553
2.53533
2.53513
2.53492
2.53471
2.5345
2.53428
2.53406
2.53384
2.53361
2.53338
2.53315
2.53291
2.53267
2.53242
2.53217
2.53191
2.53165
2.53138
2.5311
2.53082
2.53054
2.53024
2.52994
2.52963
2.52932
2.529
2.52867
2.52834
2.528
2.52765
2.5273
2.52694
2.52657
2.5262
2.52582
2.52544
2.52505
2.52466
2.52427
2.52388
2.52348
2.52309
2.52269
2.52229
2.5219
2.52151
2.52112
2.52073
2.52035
2.51997
2.5196
2.51923
2.51886
2.51851
2.51816
2.51781
2.51748
2.51715
2.51682
2.5165
2.51619
2.51588
2.51558
2.51529
2.51499
2.51471
2.51443
2.51415
2.51387
2.5136
2.51333
2.51306
2.51279
2.51252
2.51226
2.51199
2.51172
2.51145
2.51118
2.51091
2.51064
2.51036
2.51009
2.5098
2.50952
2.50923
2.50894
2.50865
2.50835
2.50805
2.50774
2.50743
2.50712
2.50681
2.50649
2.50616
2.50584
2.50551
2.50518
2.50485
2.50452
2.50418
2.50385
2.50351
2.50318
2.50284
2.50251
2.50218
2.50185
2.50152
2.5012
2.50088
2.50057
2.50026
2.49995
2.49965
2.49936
2.49907
2.49879
2.49851
2.49824
2.49797
2.49771
2.49745
2.4972
2.49695
2.49671
2.49647
2.49624
2.496
2.49577
2.49554
2.49531
2.49508
2.49486
2.49463
2.4944
2.49416
2.49393
2.49369
2.49345
2.49321
2.49297
2.49272
2.49246
2.4922
2.49194
2.49167
2.4914
2.49113
2.49085
2.49056
2.49027
2.48998
2.48968
2.48938
2.48908
2.48877
2.48846
2.48815
2.48784
2.48752
2.4872
2.48688
