0.00820312
4.2
4.19993
4.19981
4.19962
4.19938
4.19907
4.1987
4.19827
4.19778
4.19723
4.19661
4.19593
4.19519
4.19439
4.19352
4.19259
4.19159
4.19053
4.1894
4.18821
4.18696
4.18564
4.18425
4.1828
4.18129
4.17971
4.17806
4.17635
4.17458
4.17274
4.17084
4.16888
4.16686
4.16477
4.16263
4.16043
4.15817
4.15585
4.15348
4.15106
4.14859
4.14606
4.1435
4.14089
4.13824
4.13554
4.13282
4.13006
4.12727
4.12446
4.12162
4.11876
4.11589
4.113
4.11011
4.10722
4.10432
4.10143
4.09855
4.09568
4.09283
4.09001
4.08721
4.08445
4.08172
4.07904
4.0764
4.07381
4.07128
4.0688
4.06639
4.06404
4.06176
4.05955
4.05741
4.05534
4.05334
4.05142
4.04957
4.04778
4.04607
4.04443
4.04285
4.04133
4.03987
4.03847
4.03712
4.03581
4.03455
4.03333
4.03215
4.031
4.02989
4.0288
4.02773
4.02669
4.02567
4.02466
4.02367
4.02269
4.02173
4.02077
4.01983
4.01889
4.01796
4.01703
4.01611
4.01519
4.01426
4.01334
4.01241
4.01148
4.01055
4.0096
4.00864
4.00767
4.00669
4.00568
4.00466
4.00362
4.00255
4.00146
4.00035
3.9992
3.99803
3.99683
3.99559
3.99433
3.99303
3.99171
3.99035
3.98897
3.98755
3.98611
3.98464
3.98315
3.98164
3.98011
3.97856
3.97699
3.97541
3.97382
3.97223
3.97063
3.96902
3.96742
3.96582
3.96423
3.96264
3.96107
3.95952
3.95798
3.95646
3.95496
3.95348
3.95203
3.95061
3.94921
3.94784
3.9465
3.94518
3.9439
3.94263
3.94139
3.94018
3.93897
3.93779
3.93662
3.93546
3.9343
3.93315
3.932
3.93084
3.92968
3.92851
3.92733
3.92613
3.92492
3.92369
3.92245
3.92119
3.9199
3.9186
3.91728
3.91594
3.91458
3.91321
3.91181
3.91041
3.90899
3.90756
3.90611
3.90466
3.9032
3.90174
3.90027
3.89879
3.89732
3.89585
3.89438
3.89291
3.89144
3.88998
3.88853
3.88709
3.88565
3.88422
3.8828
3.88139
3.87999
3.87859
3.87721
3.87583
3.87446
3.87309
3.87173
3.87037
3.869
3.86764
3.86627
3.8649
3.86352
3.86213
3.86073
3.85932
3.85789
3.85645
3.85499
3.85351
3.85201
3.85049
3.84895
3.84739
3.84581
3.84421
3.84258
3.84094
3.83927
3.83759
3.83588
3.83416
3.83242
3.83066
3.82889
3.8271
3.8253
3.82349
3.82168
3.81985
3.81803
3.8162
3.81438
3.81255
3.81074
3.80893
3.80714
3.80537
3.80361
3.80188
3.80017
3.79849
3.79685
3.79524
3.79366
3.79213
3.79064
3.7892
3.7878
3.78645
3.78515
3.78389
3.78269
3.78154
3.78043
3.77937
3.77836
3.77739
3.77646
3.77557
3.77472
3.7739
3.77311
3.77235
3.77161
3.77089
3.77019
3.7695
3.76882
3.76815
3.76749
3.76683
3.76617
3.76551
3.76484
3.76418
3.76351
3.76283
3.76215
3.76146
3.76076
3.76006
3.75935
3.75864
3.75793
3.75721
3.75649
3.75576
3.75504
3.75431
3.75358
3.75285
3.75213
3.7514
3.75068
3.74996
3.74924
3.74852
3.7478
3.74709
3.74638
3.74567
3.74496
3.74426
3.74355
3.74284
3.74214
3.74143
3.74072
3.74
3.73928
3.73855
3.73782
3.73708
3.73633
3.73557
3.73479
3.73401
3.73321
3.73239
3.73156
3.73071
3.72984
3.72895
3.72804
3.72711
3.72616
3.72519
3.72419
3.72317
3.72212
3.72105
3.71996
3.71884
3.7177
3.71654
3.71536
3.71416
3.71294
3.71169
3.71044
3.70916
3.70787
3.70657
3.70526
3.70394
3.70262
3.70129
3.69995
3.69861
3.69728
3.69595
3.69462
3.6933
3.69198
3.69068
3.68938
3.6881
3.68683
3.68558
3.68434
3.68311
3.6819
3.68071
3.67953
3.67836
3.67722
3.67608
3.67497
3.67386
3.67277
3.67169
3.67062
3.66956
3.66851
3.66746
3.66641
3.66537
3.66433
3.66329
3.66224
3.66119
3.66014
3.65908
3.658
3.65692
3.65583
3.65473
3.65362
3.6525
3.65137
3.65022
3.64907
3.6479
3.64673
3.64555
3.64436
3.64317
3.64197
3.64077
3.63956
3.63836
3.63716
3.63596
3.63477
3.63358
3.6324
3.63123
3.63007
3.62892
3.62778
3.62665
3.62554
3.62444
3.62336
3.62229
3.62123
3.6202
3.61917
3.61816
3.61716
3.61618
3.61521
3.61425
3.6133
3.61236
3.61143
3.6105
3.60958
3.60867
3.60775
3.60684
3.60593
3.60502
3.6041
3.60319
3.60227
3.60134
3.60041
3.59947
3.59853
3.59757
3.59661
3.59564
3.59466
3.59367
3.59267
3.59166
3.59064
3.58961
3.58856
3.58751
3.58644
3.58536
3.58426
3.58316
3.58204
3.58091
3.57976
3.57861
3.57744
3.57626
3.57507
3.57387
3.57266
3.57144
3.57022
3.56898
3.56775
3.56651
3.56526
3.56402
3.56278
3.56154
3.5603
3.55907
3.55785
3.55664
3.55545
3.55427
3.5531
3.55195
3.55083
3.54972
3.54864
3.54758
3.54654
3.54554
3.54456
3.5436
3.54268
3.54179
3.54092
3.54008
3.53927
3.53849
3.53774
3.53702
3.53632
3.53564
3.535
3.53437
3.53377
3.53319
3.53263
3.53209
3.53157
3.53106
3.53057
3.53009
3.52962
3.52916
3.52871
3.52827
3.52783
3.52739
3.52695
3.52651
3.52606
3.52561
3.52515
3.52468
3.5242
3.52371
3.52319
3.52266
3.52211
3.52154
3.52095
3.52033
3.51968
3.51901
3.51831
3.51758
3.51681
3.51602
3.51519
3.51434
3.51344
3.51252
3.51155
3.51056
3.50953
3.50846
3.50736
3.50622
3.50506
3.50386
3.50262
3.50136
3.50006
3.49874
3.49739
3.49601
3.49461
3.49318
3.49174
3.49027
3.48878
3.48728
3.48576
3.48422
3.48268
3.48112
3.47956
3.47799
3.47641
3.47484
3.47325
3.47167
3.47009
3.46852
3.46694
3.46538
3.46382
3.46226
3.46072
3.45919
3.45767
3.45617
3.45468
3.45321
3.45175
3.45031
3.44889
3.44749
3.4461
3.44474
3.44339
3.44207
3.44076
3.43947
3.4382
3.43695
3.43572
3.4345
3.4333
3.43212
3.43095
3.42979
3.42865
3.42752
3.4264
3.42529
3.42419
3.42311
3.42203
3.42096
3.41989
3.41884
3.41779
3.41674
3.4157
3.41467
3.41363
3.4126
3.41157
3.41055
3.40952
3.40849
3.40746
3.40642
3.40539
3.40435
3.4033
3.40225
3.4012
3.40015
3.39909
3.39802
3.39695
3.39588
3.3948
3.39372
3.39264
3.39156
3.39048
3.38939
3.38831
3.38723
3.38616
3.38509
3.38403
3.38297
3.38193
3.38089
3.37986
3.37885
3.37785
3.37686
3.37589
3.37493
3.37399
3.37306
3.37214
3.37124
3.37035
3.36947
3.36861
3.36775
3.3669
3.36607
3.36523
3.36441
3.36358
3.36277
3.36195
3.36113
3.36032
3.3595
3.35868
3.35786
3.35703
3.3562
3.35536
3.35452
3.35367
3.35282
3.35195
3.35108
3.3502
3.34932
3.34842
3.34752
3.34661
3.34569
3.34476
3.34383
3.34289
3.34194
3.34099
3.34004
3.33908
3.33812
3.33717
3.33621
3.33525
3.3343
3.33335
3.3324
3.33146
3.33053
3.32961
3.32869
3.32779
3.32689
3.326
3.32512
3.32425
3.32339
3.32254
3.32169
3.32086
3.32003
3.31921
3.3184
3.31759
3.31679
3.316
3.31521
3.31443
3.31365
3.31288
3.31212
3.31136
3.31061
3.30987
3.30914
3.30841
3.30769
3.30698
3.30628
3.30559
3.30491
3.30424
3.30358
3.30293
3.30229
3.30165
3.30102
3.3004
3.29979
3.29918
3.29857
3.29797
3.29737
3.29676
3.29616
3.29554
3.29493
3.2943
3.29366
3.29301
3.29235
3.29167
3.29097
3.29025
3.28952
3.28876
3.28798
3.28717
3.28635
3.28549
3.28461
3.28371
3.28277
3.28182
3.28083
3.27983
3.27879
3.27774
3.27666
3.27556
3.27444
3.2733
3.27214
3.27097
3.26977
3.26857
3.26735
3.26612
3.26488
3.26363
3.26237
3.2611
3.25982
3.25854
3.25725
3.25595
3.25464
3.25332
3.252
3.25067
3.24933
3.24799
3.24663
3.24527
3.24391
3.24254
3.24116
3.23978
3.23839
3.237
3.23561
3.23422
3.23283
3.23145
3.23006
3.22869
3.22732
3.22596
3.22461
3.22327
3.22194
3.22063
3.21933
3.21805
3.21679
3.21554
3.21431
3.21311
3.21192
3.21075
3.2096
3.20847
3.20736
3.20628
3.20521
3.20416
3.20313
3.20213
3.20114
3.20017
3.19922
3.19828
3.19737
3.19647
3.19559
3.19472
3.19387
3.19304
3.19221
3.1914
3.1906
3.18981
3.18903
3.18825
3.18748
3.18671
3.18595
3.18518
3.18441
3.18364
3.18287
3.18208
3.18129
3.18049
3.17968
3.17886
3.17802
3.17717
3.17631
3.17543
3.17453
3.17362
3.17269
3.17175
3.17078
3.16981
3.16882
3.16781
3.16679
3.16576
3.16472
3.16366
3.1626
3.16153
3.16045
3.15937
3.15828
3.15719
3.15609
3.155
3.1539
3.15281
3.15172
3.15063
3.14955
3.14847
3.1474
3.14633
3.14528
3.14424
3.14321
3.14219
3.14119
3.14021
3.13924
3.1383
3.13737
3.13646
3.13558
3.13472
3.13389
3.13308
3.1323
3.13154
3.13081
3.1301
3.12941
3.12875
3.12811
3.12749
3.12688
3.12629
3.12571
3.12515
3.12459
3.12404
3.12349
3.12294
3.1224
3.12184
3.12129
3.12072
3.12014
3.11955
3.11895
3.11832
3.11768
3.11702
3.11634
3.11563
3.1149
3.11414
3.11335
3.11253
3.11169
3.1108
3.10989
3.10894
3.10796
3.10695
3.1059
3.10481
3.10369
3.10254
3.10136
3.10014
3.09889
3.09761
3.09631
3.09498
3.09362
3.09225
3.09085
3.08944
3.08801
3.08657
3.08512
3.08367
3.0822
3.08074
3.07928
3.07782
3.07636
3.07492
3.07348
3.07204
3.07063
3.06922
3.06783
3.06645
3.06509
3.06375
3.06242
3.06111
3.05982
3.05856
3.05731
3.05608
3.05487
3.05368
3.05251
3.05136
3.05023
3.04912
3.04803
3.04696
3.04591
3.04487
3.04385
3.04285
3.04187
3.0409
3.03994
3.039
3.03808
3.03717
3.03626
3.03538
3.0345
3.03363
3.03278
3.03193
3.03109
3.03027
3.02945
3.02865
3.02785
3.02706
3.02628
3.02551
3.02475
3.024
3.02326
3.02252
3.0218
3.02108
3.02038
3.01968
3.01898
3.01829
3.01761
3.01693
3.01624
3.01556
3.01487
3.01418
3.01348
3.01276
3.01204
3.0113
3.01054
3.00976
3.00896
3.00814
3.00729
3.00641
3.0055
3.00456
3.00359
3.00259
3.00155
3.00048
2.99938
2.99824
2.99707
2.99587
2.99463
2.99336
2.99207
2.99074
2.98939
2.98801
2.98661
2.98519
2.98375
2.98229
2.98082
2.97934
2.97785
2.97636
2.97486
2.97337
2.97188
2.9704
2.96892
2.96746
2.96601
2.96457
2.96314
2.96173
2.96034
2.95896
2.9576
2.95626
2.95493
2.95362
2.95232
2.95104
2.94977
2.94851
2.94727
2.94604
2.94482
2.94361
2.94242
2.94123
2.94005
2.93889
2.93773
2.93659
2.93546
2.93433
2.93322
2.93212
2.93103
2.92995
2.92888
2.92783
2.92679
2.92576
2.92474
2.92373
2.92274
2.92176
2.9208
2.91984
2.9189
2.91797
2.91705
2.91615
2.91526
2.91438
2.91351
2.91265
2.91181
2.91098
2.91015
2.90934
2.90854
2.90776
2.90698
2.90621
2.90546
2.90472
2.90399
2.90327
2.90256
2.90186
2.90117
2.9005
2.89983
2.89918
2.89853
2.89789
2.89727
2.89665
2.89604
2.89543
2.89483
2.89424
2.89365
2.89307
2.89249
2.89191
2.89134
2.89077
2.8902
2.88962
2.88905
2.88848
2.88791
2.88733
2.88675
2.88617
2.88559
2.885
2.88441
2.88382
2.88322
2.88262
2.88202
2.88141
2.88081
2.8802
2.87959
2.87898
2.87837
2.87776
2.87715
2.87655
2.87595
2.87535
2.87476
2.87418
2.8736
2.87303
2.87247
2.87191
2.87137
2.87084
2.87031
2.8698
2.86931
2.86882
2.86835
2.86788
2.86743
2.86699
2.86657
2.86615
2.86574
2.86534
2.86495
2.86457
2.86419
2.86381
2.86343
2.86306
2.86268
2.8623
2.86191
2.86152
2.86112
2.8607
2.86028
2.85983
2.85937
2.8589
2.8584
2.85788
2.85734
2.85677
2.85618
2.85557
2.85493
2.85426
2.85357
2.85284
2.8521
2.85132
2.85052
2.84969
2.84884
2.84796
2.84706
2.84614
2.84519
2.84422
2.84324
2.84223
2.84121
2.84017
2.83912
2.83805
2.83697
2.83588
2.83478
2.83367
2.83256
2.83144
2.83031
2.82918
2.82804
2.8269
2.82576
2.82462
2.82348
2.82233
2.82119
2.82006
2.81892
2.81778
2.81666
2.81553
2.81441
2.81329
2.81219
2.81108
2.80999
2.8089
2.80783
2.80676
2.8057
2.80465
2.80361
2.80258
2.80156
2.80055
2.79955
2.79856
2.79758
2.7966
2.79564
2.79468
2.79372
2.79277
2.79182
2.79087
2.78992
2.78897
2.78802
2.78707
2.78612
2.78516
2.7842
2.78324
2.78227
2.78131
2.78034
2.77937
2.77841
2.77744
2.77649
2.77553
2.77459
2.77365
2.77273
2.77182
2.77092
2.77004
2.76917
2.76832
2.76749
2.76668
2.76588
2.76509
2.76432
2.76357
2.76282
2.76209
2.76136
2.76064
2.75992
2.7592
2.75848
2.75775
2.75702
2.75628
2.75553
2.75477
2.75399
2.7532
2.7524
2.75158
2.75074
2.74988
2.74901
2.74812
2.74721
2.74629
2.74534
2.74439
2.74341
2.74243
2.74143
2.74041
2.73939
2.73836
2.73731
2.73626
2.73521
2.73414
2.73308
2.73201
2.73094
2.72987
2.7288
2.72773
2.72667
2.72561
2.72455
2.72349
2.72244
2.7214
2.72036
2.71933
2.7183
2.71728
2.71627
2.71527
2.71427
2.71328
2.71229
2.71132
2.71035
2.70939
2.70844
2.70749
2.70656
2.70564
2.70473
2.70383
2.70294
2.70206
2.70119
2.70034
2.6995
2.69867
2.69785
2.69705
2.69627
2.69549
2.69473
2.69399
2.69325
2.69253
2.69182
2.69113
2.69044
2.68977
2.68911
2.68845
2.6878
2.68717
2.68653
2.68591
2.68529
2.68467
2.68406
2.68346
2.68285
2.68225
2.68165
2.68105
2.68046
2.67987
2.67927
2.67868
2.67809
2.67751
2.67692
2.67633
2.67575
2.67517
2.67458
2.674
2.67342
2.67284
2.67226
2.67168
2.6711
2.67052
2.66994
2.66935
2.66877
2.66818
2.6676
2.66701
2.66642
2.66583
2.66523
2.66463
2.66403
2.66343
2.66282
2.66221
2.6616
2.66098
2.66037
2.65974
2.65912
2.65849
2.65786
2.65723
2.65659
2.65595
2.65531
2.65467
2.65403
2.65338
2.65273
2.65208
2.65143
2.65078
2.65012
2.64947
2.64881
2.64815
2.64749
2.64683
2.64616
2.6455
2.64483
2.64415
2.64348
2.6428
2.64212
2.64143
2.64074
2.64004
2.63933
2.63862
2.63791
2.63718
2.63645
2.63572
2.63497
2.63422
2.63346
2.63269
2.63191
2.63112
2.63033
2.62953
2.62872
2.62791
2.62709
2.62626
2.62543
2.62459
2.62375
2.62291
2.62206
2.62121
2.62036
2.6195
2.61865
2.6178
2.61694
2.61608
2.61523
2.61437
2.61352
2.61267
2.61181
2.61096
2.61011
2.60926
2.60841
2.60756
2.6067
2.60585
2.605
2.60415
2.60329
2.60243
2.60157
2.60071
2.59984
2.59897
2.5981
2.59722
2.59633
2.59544
2.59453
2.59362
2.59271
2.59178
2.59084
2.5899
2.58894
2.58797
2.587
2.586
2.585
2.58399
2.58296
2.58192
2.58087
2.5798
2.57872
2.57763
2.57653
2.57542
2.57429
2.57315
2.572
2.57084
2.56968
2.5685
2.56732
2.56613
2.56494
2.56375
2.56255
2.56136
2.56016
2.55897
2.55779
2.55661
2.55543
2.55427
2.55311
2.55197
2.55084
2.54973
2.54863
2.54754
2.54648
2.54543
2.54441
2.54341
2.54243
2.54147
2.54054
2.53964
2.53877
2.53793
2.53711
2.53633
2.53558
2.53486
2.53417
2.53352
2.5329
2.53232
2.53177
2.53125
2.53076
2.5303
2.52988
2.52948
2.52911
2.52876
2.52844
2.52813
2.52785
2.52757
2.52731
2.52706
2.52682
2.52658
2.52634
2.5261
2.52585
2.5256
2.52534
2.52507
2.52479
2.5245
2.5242
2.52388
2.52355
2.5232
2.52284
2.52246
2.52206
2.52165
2.52122
2.52077
2.52031
2.51982
2.51932
2.5188
2.51827
2.51771
2.51714
2.51655
2.51594
2.51532
2.51468
2.51402
2.51335
2.51267
2.51198
2.51127
2.51056
2.50983
2.50911
2.50837
2.50764
2.5069
2.50616
2.50542
2.50469
2.50396
2.50323
2.50252
2.50181
2.50112
2.50043
2.49976
2.49911
2.49847
2.49786
2.49726
2.49668
2.49613
2.49559
2.49508
2.4946
2.49414
2.4937
2.49329
2.49291
2.49255
2.49221
2.4919
2.49161
2.49134
2.49109
2.49087
2.49065
2.49046
2.49028
2.49011
2.48994
2.48979
2.48963
2.48948
2.48933
2.48917
2.48901
2.48884
2.48865
2.48845
2.48824
2.48801
2.48776
2.48748
2.48718
2.48686
2.48651
2.48613
2.48572
2.48528
2.4848
2.4843
2.48376
2.48318
2.48257
2.48191
2.48123
2.4805
2.47973
2.47893
2.47809
2.4772
2.47628
2.47532
2.47432
2.47329
2.47222
2.47111
2.46997
2.4688
2.4676
2.46637
2.46512
2.46384
2.46254
2.46122
2.45988
2.45853
2.45717
2.45581
2.45443
2.45306
2.45168
2.4503
2.44894
2.44757
2.44622
2.44489
2.44356
2.44226
2.44097
2.4397
2.43845
2.43723
2.43603
2.43486
2.43371
2.43259
2.43149
2.43042
2.42937
2.42834
2.42734
2.42636
2.4254
2.42447
2.42355
2.42265
2.42178
2.42092
2.42009
2.41927
2.41847
2.4177
2.41695
2.41622
2.41551
2.41482
2.41416
2.41353
2.41292
2.41234
2.41178
2.41126
2.41076
2.41029
2.40985
2.40944
2.40906
2.4087
2.40838
2.40807
2.4078
2.40755
2.40733
2.40712
2.40694
2.40678
2.40664
2.40651
2.4064
2.40631
2.40623
2.40616
2.40611
2.40606
2.40602
2.40599
2.40597
2.40595
2.40593
2.40591
2.4059
2.40588
2.40587
2.40585
2.40583
2.4058
2.40577
2.40573
2.40568
2.40563
2.40557
2.4055
2.40542
2.40533
2.40523
2.40512
2.405
2.40486
2.40472
2.40456
2.40439
2.40421
2.40401
2.40381
2.40359
2.40337
2.40313
2.40288
2.40263
2.40236
2.40208
2.4018
2.40151
2.40122
2.40091
2.40061
2.4003
2.4
2.39969
2.39938
2.39909
2.39879
2.39851
2.39823
2.39797
2.39771
2.39748
2.39725
2.39705
2.39686
2.39668
2.39652
2.39638
2.39625
2.39614
2.39603
2.39594
2.39586
2.39578
2.39572
2.39566
2.3956
2.39554
2.39549
2.39543
2.39538
2.39532
2.39526
2.39519
2.39512
2.39504
2.39495
2.39486
2.39475
2.39463
2.39449
2.39434
2.39417
2.39399
2.39378
2.39355
2.3933
2.39303
2.39273
2.39241
2.39207
2.39169
2.39129
2.39086
2.3904
2.38992
2.38941
2.38887
2.3883
2.3877
2.38707
2.38642
2.38575
2.38504
2.38431
2.38356
2.38279
2.38199
2.38117
2.38033
2.37947
2.37859
2.3777
2.37679
2.37586
2.37493
2.37399
2.37304
2.37208
2.37112
2.37015
2.36919
2.36823
2.36727
2.36632
2.36537
2.36444
2.36352
2.36261
2.36171
2.36083
2.35997
2.35913
2.35831
2.35751
2.35673
2.35597
2.35524
2.35452
2.35383
2.35316
2.3525
2.35187
2.35126
2.35066
2.35007
2.34951
2.34895
2.3484
2.34786
2.34733
2.3468
2.34627
2.34575
2.34522
2.34469
2.34415
2.3436
2.34305
2.34249
2.34192
2.34133
2.34073
2.34011
2.33949
2.33884
2.33818
2.33751
2.33681
2.33611
2.33539
2.33465
2.3339
2.33314
2.33237
2.33159
2.3308
2.33
2.32919
2.32838
2.32757
2.32675
2.32594
2.32513
2.32433
2.32353
2.32275
2.32197
2.32121
2.32047
2.31974
2.31903
2.31834
2.31768
2.31703
2.31641
2.31581
2.31523
2.31467
2.31414
2.31363
2.31313
2.31266
2.3122
2.31176
2.31134
2.31093
2.31053
2.31014
2.30977
2.3094
2.30905
2.3087
2.30836
2.30802
2.30769
2.30736
2.30704
2.30672
2.30641
2.30609
2.30578
2.30548
2.30517
2.30487
2.30456
2.30426
2.30396
2.30367
2.30337
2.30307
2.30276
2.30246
2.30215
2.30183
2.30151
2.30118
2.30084
2.30049
2.30013
2.29975
2.29936
2.29895
2.29853
2.29809
2.29763
2.29715
2.29665
2.29614
2.2956
2.29504
2.29446
2.29387
2.29325
2.29262
2.29196
2.29129
2.2906
2.2899
2.28918
2.28844
2.2877
2.28693
2.28616
2.28537
2.28457
2.28377
2.28295
2.28212
2.28129
2.28045
2.2796
2.27874
2.27788
2.27701
2.27614
2.27527
2.2744
2.27352
2.27265
2.27178
2.27091
2.27005
2.2692
2.26835
2.26751
2.26669
2.26588
2.26508
2.26431
2.26355
2.26281
2.26209
2.26139
2.26072
2.26007
2.25944
2.25884
2.25826
2.2577
2.25717
2.25665
2.25616
2.25568
2.25522
2.25478
2.25435
2.25393
2.25352
2.25312
2.25273
2.25234
2.25195
2.25157
2.25119
2.25081
2.25043
2.25004
2.24966
2.24927
2.24887
2.24847
2.24807
2.24767
2.24725
2.24684
2.24642
2.246
2.24557
2.24514
2.2447
2.24426
2.24382
2.24337
2.24293
2.24247
2.24202
2.24156
2.2411
2.24064
2.24018
2.23971
2.23924
2.23877
2.2383
2.23782
2.23734
2.23686
2.23638
2.23589
2.2354
2.23491
2.23441
2.23391
2.23341
2.2329
2.23239
2.23188
2.23136
2.23084
2.23031
2.22978
2.22925
2.22871
2.22817
2.22762
2.22707
2.22652
2.22597
2.22542
2.22486
2.2243
2.22374
2.22318
2.22262
2.22205
2.22149
2.22092
2.22036
2.21979
2.21922
2.21865
2.21809
2.21752
2.21694
2.21637
2.2158
2.21522
2.21465
2.21407
2.21349
2.21291
2.21232
2.21174
2.21116
2.21057
2.20998
2.20939
2.2088
2.20821
2.20762
2.20702
2.20643
2.20584
2.20524
2.20465
2.20405
2.20346
2.20286
2.20227
2.20167
2.20108
2.20049
2.19989
2.1993
2.19871
2.19812
2.19753
2.19694
2.19636
2.19577
2.19519
2.19461
2.19403
2.19345
2.19288
2.19231
2.19175
2.19118
2.19062
2.19007
2.18951
2.18896
2.18842
2.18787
2.18733
2.1868
2.18626
2.18572
2.18519
2.18465
2.18411
2.18357
2.18303
2.18248
2.18193
2.18137
2.1808
2.18022
2.17963
2.17903
2.17841
2.17778
2.17713
2.17647
2.17579
2.17509
2.17437
2.17364
2.17288
2.17211
2.17131
2.1705
2.16967
2.16883
2.16797
2.16709
2.16621
2.16531
2.16441
2.1635
2.16258
2.16167
2.16075
2.15983
2.15892
2.15802
2.15712
2.15623
2.15535
2.15449
2.15363
2.15279
2.15197
2.15116
2.15037
2.14959
2.14883
2.14809
2.14736
2.14664
2.14594
2.14525
2.14458
2.14391
2.14326
2.14262
2.14199
2.14137
2.14076
2.14015
2.13956
2.13897
2.13838
2.1378
2.13723
2.13666
2.13609
2.13553
2.13497
2.13441
2.13385
2.13329
2.13273
2.13217
2.13161
2.13105
2.13049
2.12992
2.12934
2.12877
2.12818
2.1276
2.127
2.1264
2.12579
2.12518
2.12456
2.12393
2.12329
2.12265
2.122
2.12133
2.12066
2.11999
2.1193
2.11861
2.1179
2.11719
2.11647
2.11575
2.11502
2.11428
2.11353
2.11278
2.11203
2.11127
2.11051
2.10974
2.10898
2.10821
2.10744
2.10667
2.1059
2.10513
2.10436
2.10359
2.10283
2.10207
2.1013
2.10054
2.09978
2.09902
2.09826
2.0975
2.09675
2.09598
2.09522
2.09446
2.09369
2.09292
2.09214
2.09136
2.09058
2.08979
2.08899
2.08819
2.08739
2.08657
2.08576
2.08493
2.08411
2.08327
2.08244
2.08159
2.08075
2.07989
2.07904
2.07818
2.07731
2.07644
2.07557
2.07469
2.07381
2.07293
2.07204
2.07116
2.07027
2.06938
2.0685
2.06761
2.06674
2.06586
2.065
2.06415
2.0633
2.06247
2.06166
2.06085
2.06007
2.05929
2.05853
2.05779
2.05706
2.05634
2.05563
2.05493
2.05424
2.05355
2.05287
2.05219
2.0515
2.05081
2.05012
2.04942
2.04871
2.048
2.04727
2.04654
2.0458
2.04504
2.04428
2.0435
2.04271
2.04192
2.04111
2.0403
2.03948
2.03864
2.0378
2.03696
2.0361
2.03524
2.03437
2.0335
2.03263
2.03174
2.03086
2.02998
2.02909
2.0282
2.02731
2.02643
2.02554
2.02466
2.02378
2.02291
2.02204
2.02118
2.02032
2.01947
2.01863
2.01779
2.01696
2.01614
2.01532
2.01451
2.01371
2.01292
2.01213
2.01135
2.01057
2.0098
2.00904
2.00828
2.00752
2.00677
2.00602
2.00528
2.00454
2.0038
2.00306
2.00232
2.00159
2.00085
2.00011
1.99937
1.99863
1.99788
1.99713
1.99638
1.99562
1.99486
1.99409
1.99331
1.99253
1.99174
1.99094
1.99013
1.98932
1.98849
1.98766
1.98682
1.98598
1.98512
1.98426
1.9834
1.98253
1.98165
1.98077
1.97989
1.97901
1.97812
1.97724
1.97635
1.97547
1.97459
1.97371
1.97283
1.97195
1.97108
1.9702
1.96933
1.96846
1.96759
1.96671
1.96584
1.96496
1.96408
1.9632
1.96231
1.96141
1.96051
1.95961
1.9587
1.95778
1.95686
1.95593
1.955
1.95406
1.95312
1.95217
1.95122
1.95027
1.94932
1.94837
1.94741
1.94646
1.94552
1.94458
1.94364
1.94271
1.94179
1.94087
1.93997
1.93907
1.93819
1.93732
1.93646
1.93561
1.93478
1.93396
1.93315
1.93235
1.93157
1.9308
1.93004
1.92929
1.92856
1.92783
1.92711
1.92641
1.92571
1.92502
1.92433
1.92366
1.92298
1.92231
1.92164
1.92098
1.92031
1.91964
1.91897
1.9183
1.91762
1.91694
1.91625
1.91555
1.91484
1.91411
1.91338
1.91263
1.91186
1.91108
1.91028
1.90946
1.90862
1.90777
1.90689
1.906
1.90509
1.90416
1.90321
1.90225
1.90128
1.90029
1.89929
1.89829
1.89727
1.89625
1.89523
1.89421
1.89318
1.89216
1.89114
1.89013
1.88912
1.88812
1.88712
1.88614
1.88516
1.88419
1.88323
1.88227
1.88132
1.88038
1.87944
1.8785
1.87756
1.87663
1.8757
1.87476
1.87382
1.87288
1.87194
1.87098
1.87003
1.86906
1.86809
1.86711
1.86612
1.86512
1.86411
1.8631
1.86208
1.86105
1.86001
1.85896
1.85791
1.85685
1.85579
1.85473
1.85366
1.85259
1.85152
1.85045
1.84938
1.84831
1.84724
1.84618
1.84512
1.84407
1.84302
1.84198
1.84094
1.83991
1.83889
1.83788
1.83687
1.83587
1.83488
1.8339
1.83292
1.83195
1.83099
1.83004
1.8291
1.82816
1.82724
1.82632
1.82541
1.82451
1.82362
1.82275
1.82188
1.82102
1.82018
1.81934
1.81852
1.81772
1.81692
1.81615
1.81538
1.81464
1.81391
1.8132
1.8125
1.81183
1.81118
1.81054
1.80992
1.80933
1.80875
1.8082
1.80766
1.80715
1.80665
1.80618
1.80572
1.80528
1.80486
1.80445
1.80407
1.8037
1.80335
1.80301
1.80269
1.80238
1.8021
1.80182
1.80156
1.80132
1.80109
1.80087
1.80067
1.80048
1.8003
1.80013
1.79997
1.79981
1.79966
1.79952
1.79938
1.79923
1.79909
1.79894
1.79878
1.79861
1.79843
1.79824
1.79804
1.79781
1.79757
1.79731
1.79703
1.79672
1.79639
1.79604
1.79566
1.79525
1.79482
1.79436
1.79388
1.79337
1.79284
1.79228
1.79169
1.79109
1.79045
1.7898
1.78913
1.78843
1.78771
1.78698
1.78623
1.78546
1.78467
1.78387
1.78306
1.78223
1.7814
1.78055
1.77969
1.77883
1.77795
1.77707
1.77619
1.7753
1.77441
1.77351
1.77261
1.77172
1.77082
1.76992
1.76903
1.76814
1.76726
1.76638
1.7655
1.76463
1.76377
1.76292
1.76208
1.76125
1.76043
1.75962
1.75882
1.75804
1.75727
1.75651
1.75577
1.75505
1.75433
1.75364
1.75296
1.75229
1.75164
1.751
1.75037
1.74976
1.74917
1.74858
1.74801
1.74745
1.7469
1.74636
1.74583
1.74531
1.7448
1.74429
1.7438
1.74331
1.74282
1.74235
1.74188
1.74141
1.74095
1.7405
1.74005
1.7396
1.73917
1.73873
1.73831
1.73789
1.73747
1.73706
1.73666
1.73626
1.73587
1.73549
1.7351
1.73473
1.73436
1.73399
1.73363
1.73328
1.73293
1.73258
1.73223
1.73189
1.73156
1.73122
1.73089
1.73056
1.73023
1.7299
1.72957
1.72925
1.72892
1.7286
1.72827
1.72794
1.72761
1.72728
1.72694
1.7266
1.72626
1.72591
1.72556
1.7252
1.72484
1.72447
1.72409
1.72371
1.72333
1.72294
1.72254
1.72214
1.72173
1.72132
1.7209
1.72048
1.72006
1.71963
1.7192
1.71876
1.71833
1.71789
1.71745
1.71701
1.71657
1.71612
1.71568
1.71524
1.71479
1.71435
1.71391
1.71346
1.71302
1.71258
1.71215
1.71172
1.71129
1.71086
1.71044
1.71002
1.70961
1.7092
1.7088
1.7084
1.70801
1.70763
1.70725
1.70687
1.7065
1.70614
1.70578
1.70542
1.70506
1.70471
1.70435
1.704
1.70364
1.70329
1.70293
1.70256
1.7022
1.70182
1.70144
1.70105
1.70066
1.70025
1.69984
1.69942
1.69898
1.69853
1.69808
1.6976
1.69712
1.69662
1.69611
1.69559
1.69505
1.6945
1.69394
1.69336
1.69277
1.69217
1.69155
1.69092
1.69028
1.68962
1.68895
1.68826
1.68757
1.68686
1.68613
1.68539
1.68464
1.68388
1.6831
1.68231
1.68151
1.6807
1.67987
1.67903
1.67818
1.67731
1.67644
1.67555
1.67465
1.67375
1.67283
1.67191
1.67098
1.67004
1.6691
1.66816
1.66721
1.66626
1.66532
1.66438
1.66344
1.66251
1.66159
1.66069
1.65979
1.65892
1.65806
1.65722
1.65641
1.65562
1.65486
1.65412
1.65341
1.65273
1.65207
1.65145
1.65085
1.65028
1.64974
1.64922
1.64872
1.64825
1.6478
1.64736
1.64695
1.64654
1.64616
1.64578
1.64542
1.64506
1.64472
1.64438
1.64404
1.64371
1.64339
1.64306
1.64274
1.64243
1.64211
1.64179
1.64147
1.64116
1.64084
1.64052
1.64019
1.63986
1.63953
1.63919
1.63885
1.6385
1.63815
1.63779
1.63742
1.63704
1.63665
1.63626
1.63586
1.63545
1.63503
1.6346
1.63416
1.63372
1.63327
1.63281
1.63235
1.63188
1.6314
1.63092
1.63044
1.62995
1.62946
1.62897
1.62847
1.62797
1.62747
1.62697
1.62647
1.62597
1.62547
1.62496
1.62445
1.62395
1.62343
1.62292
1.62241
1.62189
1.62137
1.62085
1.62032
1.61979
1.61926
1.61872
1.61818
1.61764
1.61709
1.61654
1.61598
1.61542
1.61486
1.61429
1.61372
1.61315
1.61258
1.612
1.61143
1.61085
1.61027
1.60969
1.60911
1.60852
1.60794
1.60736
1.60678
1.6062
1.60561
1.60503
1.60445
1.60387
1.60329
1.60271
1.60214
1.60156
1.60099
1.60042
1.59985
1.59928
1.59872
1.59815
1.59759
1.59704
1.59648
1.59593
1.59538
1.59484
1.59429
1.59375
1.59321
1.59268
1.59214
1.59161
1.59108
1.59055
1.59002
1.5895
1.58897
1.58844
1.58792
1.5874
1.58688
1.58636
1.58585
1.58534
1.58483
1.58433
1.58383
1.58334
1.58286
1.58238
1.58192
1.58146
1.58102
1.58059
1.58017
1.57976
1.57937
1.579
1.57864
1.5783
1.57797
1.57767
1.57737
1.5771
1.57684
1.57659
1.57636
1.57615
1.57594
1.57575
1.57557
1.57539
1.57523
1.57507
1.57492
1.57477
1.57463
1.57449
1.57434
1.5742
1.57406
1.57391
1.57376
1.5736
1.57344
1.57326
1.57308
1.57289
1.57268
1.57246
1.57222
1.57197
1.5717
1.57142
1.57111
1.57079
1.57044
1.57008
1.56969
1.56928
1.56884
1.56838
1.5679
1.5674
1.56687
1.56631
1.56574
1.56514
1.56451
1.56386
1.56319
1.56249
1.56177
1.56103
1.56027
1.55948
1.55868
1.55785
1.55701
1.55615
1.55527
1.55438
1.55347
1.55255
1.55161
1.55066
1.5497
1.54873
1.54774
1.54675
1.54575
1.54474
1.54372
1.5427
1.54168
1.54064
1.53961
1.53858
1.53754
1.53651
1.53548
1.53445
1.53343
1.53241
1.53141
1.53041
1.52943
1.52845
1.5275
1.52655
1.52562
1.52471
1.52381
1.52294
1.52207
1.52123
1.5204
1.51959
1.51879
1.51801
1.51725
1.51649
1.51575
1.51503
1.51431
1.51361
1.51291
1.51222
1.51154
1.51086
1.51019
1.50952
1.50886
1.5082
1.50755
1.50689
1.50624
1.50559
1.50494
1.50429
1.50365
1.503
1.50236
1.50171
1.50107
1.50043
1.49978
1.49914
1.4985
1.49786
1.49723
1.49659
1.49595
1.49531
1.49468
1.49404
1.4934
1.49277
1.49213
1.49149
1.49086
1.49022
1.48958
1.48894
1.48831
1.48767
1.48703
1.48639
1.48575
1.48512
1.48448
1.48384
1.48321
1.48258
1.48195
1.48132
1.4807
1.48008
1.47946
1.47885
1.47823
1.47763
1.47702
1.47643
1.47583
1.47524
1.47466
1.47407
1.4735
1.47293
1.47237
1.47181
1.47126
1.47071
1.47017
1.46964
1.46912
1.4686
1.4681
1.4676
1.46711
1.46663
1.46616
1.4657
1.46525
1.46481
1.46439
1.46397
1.46357
1.46318
1.4628
1.46243
1.46208
1.46174
1.46141
1.46109
1.46079
1.4605
1.46022
1.45995
1.45969
1.45944
1.4592
1.45896
1.45874
1.45851
1.4583
1.45808
1.45787
1.45765
1.45744
1.45722
1.457
1.45677
1.45654
1.4563
1.45605
1.45579
1.45552
1.45524
1.45495
1.45465
1.45433
1.454
1.45365
1.45329
1.45292
1.45254
1.45213
1.45172
1.45129
1.45085
1.45039
1.44992
1.44944
1.44895
1.44845
1.44794
1.44741
1.44688
1.44635
1.44581
1.44526
1.44471
1.44416
1.44361
1.44306
1.44252
1.44197
1.44143
1.44089
1.44036
1.43983
1.43931
1.43879
1.43829
1.43778
1.43729
1.4368
1.43632
1.43585
1.43538
1.43492
1.43447
1.43402
1.43358
1.43315
1.43273
1.43231
1.43189
1.43149
1.43109
1.43069
1.43031
1.42992
1.42955
1.42918
1.42881
1.42845
1.42809
1.42774
1.42738
1.42703
1.42668
1.42634
1.42599
1.42565
1.4253
1.42496
1.42461
1.42426
1.42392
1.42357
1.42322
1.42287
1.42252
1.42217
1.42183
1.42148
1.42113
1.42079
1.42044
1.4201
1.41977
1.41943
1.4191
1.41878
1.41847
1.41815
1.41785
1.41756
1.41727
1.41699
1.41672
1.41647
1.41622
1.41598
1.41575
1.41553
1.41532
1.41512
1.41493
1.41474
1.41457
1.41439
1.41423
1.41406
1.4139
1.41374
1.41358
1.41342
1.41325
1.41309
1.41291
1.41273
1.41255
1.41236
1.41216
1.41195
1.41173
1.41151
1.41127
1.41103
1.41078
1.41052
1.41026
1.40998
1.4097
1.40942
1.40912
1.40883
1.40852
1.40822
1.4079
1.40759
1.40727
1.40695
1.40662
1.4063
1.40597
1.40564
1.40531
1.40497
1.40463
1.4043
1.40396
1.40362
1.40328
1.40293
1.40259
1.40224
1.40189
1.40154
1.40119
1.40084
1.40048
1.40012
1.39976
1.39939
1.39902
1.39865
1.39828
1.39789
1.39751
1.39712
1.39673
1.39633
1.39593
1.39552
1.39511
1.3947
1.39428
1.39386
1.39343
1.39299
1.39256
1.39211
1.39166
1.39121
1.39075
1.39028
1.38981
1.38933
1.38885
1.38836
1.38786
1.38735
1.38684
1.38632
1.38579
1.38526
1.38471
1.38416
1.3836
1.38304
1.38246
1.38188
1.38128
1.38068
1.38007
1.37946
1.37884
1.37821
1.37757
1.37692
1.37627
1.37562
1.37496
1.37429
1.37362
1.37294
1.37227
1.37159
1.3709
1.37022
1.36953
1.36884
1.36816
1.36747
1.36678
1.3661
1.36541
1.36473
1.36404
1.36336
1.36268
1.362
1.36132
1.36064
1.35997
1.3593
1.35862
1.35795
1.35729
1.35662
1.35595
1.35529
1.35463
1.35397
1.35331
1.35265
1.35199
1.35133
1.35068
1.35002
1.34936
1.34871
1.34805
1.34739
1.34673
1.34607
1.34541
1.34474
1.34408
1.34341
1.34274
1.34206
1.34139
1.34071
1.34003
1.33935
1.33866
1.33798
1.3373
1.33661
1.33593
1.33525
1.33458
1.33391
1.33324
1.33257
1.33192
1.33127
1.33063
1.32999
1.32937
1.32875
1.32815
1.32755
1.32697
1.3264
1.32584
1.32529
1.32476
1.32423
1.32372
1.32322
1.32273
1.32225
1.32178
1.32132
1.32087
1.32043
1.32
1.31957
1.31915
1.31874
1.31833
1.31793
1.31753
1.31714
1.31674
1.31635
1.31596
1.31558
1.31519
1.3148
1.31441
1.31403
1.31364
1.31325
1.31285
1.31246
1.31207
1.31167
1.31127
1.31087
1.31047
1.31007
1.30967
1.30926
1.30886
1.30845
1.30804
1.30764
1.30723
1.30682
1.30641
1.306
1.30559
1.30518
1.30477
1.30435
1.30394
1.30352
1.30311
1.30269
1.30227
1.30184
1.30142
1.30099
1.30057
1.30014
1.29972
1.29929
1.29887
1.29845
1.29803
1.29761
1.2972
1.2968
1.2964
1.29601
1.29563
1.29525
1.29488
1.29451
1.29416
1.2938
1.29346
1.29312
1.29278
1.29245
1.29213
1.29181
1.29149
1.29118
1.29088
1.29057
1.29028
1.28999
1.28971
1.28944
1.28917
1.28892
1.28868
1.28844
1.28822
1.28801
1.28781
1.28762
1.28745
1.28729
1.28714
1.28701
1.28689
1.28678
1.28669
1.28661
1.28655
1.28649
1.28645
1.28642
1.28641
1.2864
1.28641
1.28642
1.28645
1.28648
1.28653
1.28658
1.28663
1.28669
1.28676
1.28682
1.28689
1.28696
1.28703
1.2871
1.28716
1.28722
1.28728
1.28734
1.28738
1.28743
1.28746
1.2875
1.28752
1.28754
1.28756
1.28757
1.28757
1.28757
1.28756
1.28755
1.28754
1.28752
1.28749
1.28746
1.28743
1.28739
1.28735
1.28731
1.28726
1.2872
1.28715
1.28708
1.28702
1.28694
1.28687
1.28678
1.2867
1.2866
1.2865
1.2864
1.28628
1.28617
1.28604
1.28591
1.28577
1.28562
1.28546
1.2853
1.28513
1.28495
1.28476
1.28456
1.28436
1.28414
1.28392
1.28369
1.28345
1.28321
1.28296
1.2827
1.28243
1.28216
1.28188
1.2816
1.28131
1.28101
1.28071
1.2804
1.28008
1.27976
1.27944
1.2791
1.27876
1.27842
1.27806
1.2777
1.27733
1.27695
1.27656
1.27616
1.27575
1.27534
1.27491
1.27448
1.27403
1.27358
1.27312
1.27264
1.27217
1.27168
1.27119
1.27069
1.27019
1.26968
1.26917
1.26865
1.26814
1.26762
1.2671
1.26658
1.26606
1.26555
1.26503
1.26452
1.26402
1.26351
1.26302
1.26253
1.26204
1.26156
1.26109
1.26062
1.26016
1.25971
1.25927
1.25883
1.2584
1.25798
1.25757
1.25715
1.25675
1.25635
1.25595
1.25556
1.25516
1.25477
1.25438
1.25399
1.25359
1.25319
1.25279
1.25238
1.25197
1.25155
1.25112
1.25069
1.25024
1.24979
1.24933
1.24887
1.24839
1.24791
1.24742
1.24693
1.24642
1.24592
1.24541
1.24489
1.24438
1.24386
1.24334
1.24283
1.24231
1.2418
1.2413
1.2408
1.2403
1.23981
1.23934
1.23887
1.2384
1.23795
1.23751
1.23708
1.23666
1.23625
1.23585
1.23547
1.23509
1.23472
1.23436
1.23401
1.23367
1.23333
1.233
1.23268
1.23236
1.23205
1.23174
1.23143
1.23113
1.23082
1.23051
1.23021
1.2299
1.22958
1.22927
1.22894
1.22861
1.22828
1.22794
1.22759
1.22724
1.22687
1.2265
1.22612
1.22573
1.22533
1.22492
1.22451
1.22408
1.22365
1.22321
1.22275
1.22229
1.22183
1.22135
1.22087
1.22038
1.21989
1.21939
1.21889
1.21838
1.21787
1.21735
1.21684
1.21632
1.21581
1.21529
1.21478
1.21427
1.21377
1.21326
1.21277
1.21227
1.21179
1.2113
1.21083
1.21036
1.2099
1.20944
1.20899
1.20854
1.2081
1.20767
1.20723
1.20681
1.20638
1.20596
1.20554
1.20512
1.2047
1.20429
1.20388
1.20346
1.20305
1.20264
1.20223
1.20182
1.20141
1.201
1.20059
1.20018
1.19977
1.19936
1.19896
1.19855
1.19815
1.19774
1.19734
1.19694
1.19654
1.19614
1.19574
1.19534
1.19495
1.19455
1.19416
1.19377
1.19337
1.19298
1.1926
1.19221
1.19182
1.19144
1.19106
1.19068
1.19031
1.18993
1.18957
1.1892
1.18885
1.18849
1.18815
1.18781
1.18748
1.18716
1.18684
1.18654
1.18625
1.18597
1.1857
1.18545
1.18521
1.18498
1.18477
1.18458
1.18439
1.18423
1.18408
1.18394
1.18382
1.18371
1.18362
1.18354
1.18347
1.18341
1.18337
1.18333
1.18331
1.18329
1.18328
1.18327
1.18328
1.18328
1.18329
1.18331
1.18332
1.18334
1.18335
1.18337
1.18339
1.1834
1.18342
1.18343
1.18345
1.18346
1.18347
1.18349
1.1835
1.18351
1.18352
1.18354
1.18355
1.18357
1.18358
1.1836
1.18362
1.18365
1.18367
1.18369
1.18372
1.18375
1.18377
1.1838
1.18382
1.18384
1.18386
1.18388
1.18389
1.18389
1.18389
1.18389
1.18388
1.18386
1.18384
1.18381
1.18377
1.18373
1.18368
1.18362
1.18356
1.18349
1.18342
1.18334
1.18326
1.18317
1.18308
1.18298
1.18289
1.18279
1.18269
1.18259
1.18249
1.18239
1.18228
1.18218
1.18207
1.18197
1.18186
1.18175
1.18165
1.18154
1.18143
1.18132
1.18121
1.1811
1.181
1.18089
1.18078
1.18067
1.18056
1.18045
1.18034
1.18023
1.18012
1.18001
1.17991
1.1798
1.1797
1.1796
1.1795
1.1794
1.1793
1.17921
1.17912
1.17903
1.17894
1.17886
1.17878
1.1787
1.17863
1.17856
1.17849
1.17843
1.17838
1.17833
1.17829
1.17825
1.17822
1.1782
1.17818
1.17818
1.17817
1.17818
1.1782
1.17822
1.17826
1.1783
1.17835
1.17841
1.17847
1.17855
1.17864
1.17873
1.17883
1.17894
1.17906
1.17918
1.17931
1.17945
1.1796
1.17975
1.1799
1.18007
1.18023
1.1804
1.18057
1.18075
1.18092
1.1811
1.18127
1.18145
1.18162
1.18179
1.18195
1.18211
1.18226
1.1824
1.18253
1.18265
1.18276
1.18286
1.18294
1.183
1.18305
1.18308
1.18309
1.18307
1.18304
1.18299
1.18292
1.18282
1.18269
1.18255
1.18238
1.18218
1.18196
1.18171
1.18144
1.18114
1.18082
1.18047
1.1801
1.17971
1.17929
1.17885
1.17838
1.1779
1.1774
1.17687
1.17633
1.17577
1.1752
1.17461
1.174
1.17339
1.17276
1.17212
1.17147
1.17081
1.17014
1.16947
1.16879
1.1681
1.16741
1.16671
1.16601
1.16531
1.16461
1.16391
1.16321
1.16251
1.16182
1.16113
1.16045
1.15977
1.1591
1.15844
1.15778
1.15714
1.1565
1.15588
1.15526
1.15465
1.15405
1.15346
1.15288
1.1523
1.15173
1.15117
1.15061
1.15006
1.14951
1.14896
1.14842
1.14788
1.14734
1.1468
1.14626
1.14573
1.1452
1.14467
1.14414
1.14361
1.14308
1.14256
1.14204
1.14152
1.14101
1.1405
1.13999
1.13949
1.13899
1.1385
1.13801
1.13753
1.13705
1.13658
1.13612
1.13565
1.1352
1.13475
1.1343
1.13386
1.13343
1.133
1.13258
1.13216
1.13175
1.13134
1.13093
1.13053
1.13014
1.12975
1.12936
1.12897
1.12859
1.1282
1.12782
1.12743
1.12705
1.12666
1.12628
1.12589
1.1255
1.12511
1.12472
1.12432
1.12393
1.12354
1.12315
1.12276
1.12238
1.122
1.12163
1.12127
1.12092
1.12059
1.12027
1.11996
1.11968
1.11941
1.11917
1.11894
1.11874
1.11856
1.11841
1.11827
1.11816
1.11808
1.11801
1.11796
1.11793
1.11792
1.11792
1.11793
1.11795
1.11799
1.11803
1.11807
1.11812
1.11817
1.11822
1.11828
1.11833
1.11838
1.11843
1.11848
1.11853
1.11857
1.11861
1.11865
1.11869
1.11872
1.11876
1.11878
1.11881
1.11883
1.11885
1.11887
1.11888
1.11889
1.11888
1.11888
1.11886
1.11884
1.1188
1.11876
1.11871
1.11864
1.11856
1.11846
1.11836
1.11823
1.11809
1.11794
1.11776
1.11757
1.11736
1.11713
1.11689
1.11662
1.11633
1.11603
1.1157
1.11536
1.11499
1.11461
1.11421
1.11379
1.11336
1.1129
1.11243
1.11195
1.11146
1.11095
1.11043
1.10991
1.10938
1.10884
1.10831
1.10777
1.10723
1.1067
1.10617
1.10564
1.10513
1.10462
1.10412
1.10364
1.10316
1.1027
1.10225
1.10182
1.1014
1.10099
1.1006
1.10021
1.09985
1.09949
1.09915
1.09882
1.09851
1.0982
1.09791
1.09763
1.09737
1.09711
1.09687
1.09665
1.09643
1.09624
1.09605
1.09588
1.09573
1.09558
1.09546
1.09535
1.09525
1.09516
1.09509
1.09503
1.09498
1.09494
1.09491
1.09488
1.09487
1.09486
1.09485
1.09485
1.09485
1.09485
1.09486
1.09486
1.09486
1.09486
1.09486
1.09485
1.09484
1.09482
1.0948
1.09477
1.09474
1.09469
1.09464
1.09458
1.0945
1.09442
1.09433
1.09422
1.09411
1.09398
1.09384
1.0937
1.09353
1.09336
1.09318
1.09299
1.09279
1.09258
1.09236
1.09213
1.0919
1.09166
1.09142
1.09118
1.09093
1.09069
1.09044
1.0902
1.08996
1.08972
1.08949
1.08926
1.08904
1.08882
1.08862
1.08842
1.08822
1.08804
1.08786
1.08769
1.08752
1.08736
1.0872
1.08704
1.08689
1.08673
1.08658
1.08642
1.08625
1.08609
1.08591
1.08573
1.08554
1.08533
1.08512
1.08489
1.08465
1.0844
1.08413
1.08384
1.08354
1.08323
1.0829
1.08255
1.0822
1.08182
1.08144
1.08104
1.08063
1.08021
1.07978
1.07935
1.0789
1.07845
1.07799
1.07753
1.07706
1.07659
1.07611
1.07563
1.07514
1.07466
1.07417
1.07367
1.07317
1.07267
1.07216
1.07165
1.07114
1.07062
1.07009
1.06956
1.06903
1.06849
1.06794
1.06739
1.06684
1.06628
1.06572
1.06515
1.06458
1.06401
1.06344
1.06288
1.06231
1.06175
1.06119
1.06064
1.0601
1.05957
1.05904
1.05853
1.05803
1.05753
1.05705
1.05659
1.05613
1.05568
1.05525
1.05482
1.0544
1.05399
1.05359
1.05319
1.0528
1.05241
1.05203
1.05164
1.05126
1.05087
1.05049
1.0501
1.04971
1.04932
1.04893
1.04853
1.04813
1.04773
1.04733
1.04692
1.04652
1.04611
1.0457
1.04529
1.04489
1.04448
1.04408
1.04368
1.04329
1.04291
1.04253
1.04216
1.0418
1.04145
1.04111
1.04078
1.04046
1.04016
1.03986
1.03959
1.03932
1.03907
1.03883
1.03861
1.0384
1.0382
1.03801
1.03783
1.03767
1.03751
1.03736
1.03722
1.03709
1.03697
1.03685
1.03674
1.03662
1.03652
1.03641
1.0363
1.0362
1.03609
1.03598
1.03587
1.03576
1.03565
1.03553
1.0354
1.03527
1.03514
1.035
1.03486
1.03471
1.03455
1.03439
1.03422
1.03404
1.03385
1.03366
1.03346
1.03326
1.03304
1.03282
1.03259
1.03235
1.0321
1.03185
1.03158
1.03131
1.03103
1.03074
1.03044
1.03013
1.02982
1.02949
1.02916
1.02882
1.02848
1.02813
1.02777
1.02741
1.02704
1.02667
1.0263
1.02592
1.02555
1.02517
1.02479
1.02441
1.02403
1.02366
1.02329
1.02292
1.02255
1.0222
1.02184
1.02149
1.02115
1.02081
1.02048
1.02015
1.01983
1.01951
1.0192
1.01888
1.01857
1.01826
1.01795
1.01764
1.01732
1.017
1.01667
1.01633
1.01598
1.01562
1.01524
1.01485
1.01445
1.01402
1.01358
1.01312
1.01264
1.01214
1.01162
1.01108
1.01052
1.00994
1.00934
1.00872
1.00809
1.00743
1.00677
1.00609
1.0054
1.00469
1.00398
1.00326
1.00254
1.00181
1.00109
1.00036
0.999634
0.998914
0.998198
0.99749
0.996791
0.996102
0.995425
0.994759
0.994107
0.99347
0.992847
0.992239
0.991647
0.991071
0.99051
0.989966
0.989437
0.988923
0.988424
0.98794
0.987469
0.987011
0.986566
0.986133
0.98571
0.985297
0.984894
0.984498
0.98411
0.983728
0.983352
0.98298
0.982612
0.982246
0.981883
0.981522
0.981161
0.9808
0.98044
0.980079
0.979717
0.979354
0.978991
0.978626
0.978261
0.977896
0.97753
0.977165
0.9768
0.976435
0.976072
0.97571
0.975349
0.97499
0.974634
0.974279
0.973926
0.973575
0.973226
0.972879
0.972534
0.97219
0.971848
0.971508
0.971168
0.97083
0.970493
0.970156
0.969821
0.969486
0.969153
0.968821
0.96849
0.968161
0.967833
0.967508
0.967186
0.966866
0.96655
0.966239
0.965932
0.96563
0.965333
0.965044
0.96476
0.964484
0.964216
0.963956
0.963705
0.963463
0.963231
0.963008
0.962796
0.962594
0.962403
0.962223
0.962054
0.961896
0.96175
0.961616
0.961493
0.961383
0.961285
0.9612
0.961126
0.961066
0.961019
0.960985
0.960964
0.960957
0.960964
0.960984
0.961019
0.961069
0.961133
0.961212
0.961306
0.961415
0.961538
0.961675
0.961827
0.961992
0.96217
0.962361
0.962563
0.962775
0.962997
0.963228
0.963465
0.963708
0.963955
0.964205
0.964456
0.964708
0.964958
0.965206
0.965449
0.965688
0.96592
0.966146
0.966363
0.966572
0.966772
0.966962
0.967143
0.967314
0.967476
0.967629
0.967773
0.967909
0.968038
0.96816
0.968276
0.968388
0.968496
0.968601
0.968705
0.968808
0.968913
0.969019
0.969128
0.969241
0.969358
0.969481
0.969609
0.969744
0.969886
0.970034
0.970189
0.970351
0.97052
0.970694
0.970874
0.97106
0.971249
0.971442
0.971637
0.971834
0.972031
0.972228
0.972424
0.972617
0.972807
0.972992
0.973172
0.973346
