0.00820313
4.2
4.19999
4.19998
4.19995
4.19992
4.19988
4.19983
4.19977
4.1997
4.19963
4.19955
4.19946
4.19937
4.19926
4.19915
4.19903
4.19891
4.19878
4.19864
4.19849
4.19834
4.19818
4.19802
4.19785
4.19767
4.19749
4.19731
4.19711
4.19692
4.19671
4.19651
4.1963
4.19608
4.19586
4.19564
4.19541
4.19518
4.19494
4.1947
4.19446
4.19422
4.19397
4.19372
4.19346
4.19321
4.19295
4.19269
4.19242
4.19216
4.19189
4.19162
4.19135
4.19108
4.19081
4.19054
4.19027
4.18999
4.18972
4.18944
4.18917
4.1889
4.18863
4.18836
4.18809
4.18782
4.18755
4.18729
4.18703
4.18677
4.18652
4.18627
4.18602
4.18577
4.18553
4.1853
4.18507
4.18485
4.18463
4.18441
4.1842
4.184
4.18381
4.18362
4.18343
4.18325
4.18308
4.18292
4.18276
4.18261
4.18247
4.18233
4.1822
4.18207
4.18195
4.18184
4.18173
4.18163
4.18153
4.18144
4.18136
4.18127
4.1812
4.18113
4.18106
4.181
4.18094
4.18088
4.18083
4.18078
4.18073
4.18069
4.18065
4.18061
4.18057
4.18054
4.18051
4.18048
4.18045
4.18042
4.18039
4.18037
4.18034
4.18032
4.1803
4.18028
4.18026
4.18023
4.18022
4.1802
4.18018
4.18016
4.18014
4.18013
4.18011
4.18009
4.18008
4.18006
4.18005
4.18003
4.18002
4.18
4.17999
4.17998
4.17997
4.17996
4.17994
4.17993
4.17992
4.17991
4.17991
4.1799
4.17989
4.17988
4.17987
4.17987
4.17986
4.17985
4.17985
4.17984
4.17984
4.17983
4.17983
4.17983
4.17982
4.17982
4.17982
4.17981
4.17981
4.17981
4.17981
4.17981
4.1798
4.1798
4.1798
4.1798
4.1798
4.17979
4.17979
4.17979
4.17979
4.17978
4.17978
4.17977
4.17977
4.17977
4.17976
4.17975
4.17975
4.17974
4.17973
4.17973
4.17972
4.17971
4.1797
4.17969
4.17968
4.17966
4.17965
4.17964
4.17963
4.17961
4.1796
4.17958
4.17957
4.17955
4.17954
4.17952
4.17951
4.17949
4.17948
4.17946
4.17945
4.17943
4.17942
4.17941
4.17939
4.17938
4.17937
4.17936
4.17934
4.17933
4.17932
4.17931
4.1793
4.1793
4.17929
4.17928
4.17927
4.17926
4.17926
4.17925
4.17924
4.17924
4.17923
4.17923
4.17922
4.17922
4.17921
4.1792
4.1792
4.17919
4.17919
4.17918
4.17917
4.17916
4.17916
4.17915
4.17914
4.17913
4.17912
4.17911
4.1791
4.17909
4.17907
4.17906
4.17904
4.17903
4.17901
4.179
4.17898
4.17896
4.17894
4.17892
4.1789
4.17888
4.17885
4.17883
4.17881
4.17878
4.17876
4.17873
4.17871
4.17868
4.17866
4.17863
4.1786
4.17858
4.17855
4.17852
4.1785
4.17847
4.17844
4.17842
4.17839
4.17837
4.17835
4.17832
4.1783
4.17828
4.17825
4.17823
4.17821
4.17819
4.17817
4.17815
4.17813
4.17811
4.17809
4.17807
4.17805
4.17803
4.17801
4.17799
4.17798
4.17796
4.17794
4.17792
4.1779
4.17788
4.17786
4.17784
4.17782
4.1778
4.17778
4.17775
4.17773
4.17771
4.17769
4.17766
4.17764
4.17761
4.17759
4.17756
4.17754
4.17751
4.17748
4.17746
4.17743
4.1774
4.17738
4.17735
4.17732
4.17729
4.17726
4.17723
4.17721
4.17718
4.17715
4.17712
4.17709
4.17706
4.17704
4.17701
4.17698
4.17695
4.17692
4.17689
4.17687
4.17684
4.17681
4.17678
4.17675
4.17673
4.1767
4.17667
4.17664
4.17662
4.17659
4.17656
4.17654
4.17651
4.17648
4.17646
4.17643
4.17641
4.17639
4.17636
4.17634
4.17632
4.1763
4.17628
4.17626
4.17624
4.17623
4.17621
4.1762
4.17618
4.17617
4.17616
4.17616
4.17615
4.17614
4.17614
4.17614
4.17614
4.17614
4.17614
4.17614
4.17615
4.17615
4.17616
4.17617
4.17618
4.17619
4.1762
4.17622
4.17623
4.17625
4.17626
4.17628
4.1763
4.17631
4.17633
4.17635
4.17637
4.17638
4.1764
4.17642
4.17644
4.17646
4.17647
4.17649
4.17651
4.17652
4.17654
4.17655
4.17656
4.17657
4.17659
4.1766
4.1766
4.17661
4.17662
4.17662
4.17663
4.17663
4.17663
4.17663
4.17663
4.17662
4.17662
4.17661
4.1766
4.17659
4.17658
4.17657
4.17655
4.17653
4.17652
4.1765
4.17648
4.17645
4.17643
4.1764
4.17638
4.17635
4.17632
4.17629
4.17626
4.17622
4.17619
4.17615
4.17612
4.17608
4.17604
4.176
4.17596
4.17592
4.17588
4.17584
4.1758
4.17575
4.17571
4.17567
4.17563
4.17558
4.17554
4.1755
4.17546
4.17542
4.17538
4.17534
4.1753
4.17526
4.17522
4.17518
4.17514
4.17511
4.17507
4.17504
4.175
4.17497
4.17493
4.1749
4.17487
4.17484
4.17481
4.17477
4.17474
4.17471
4.17468
4.17465
4.17461
4.17458
4.17455
4.17452
4.17448
4.17445
4.17441
4.17438
4.17434
4.1743
4.17426
4.17422
4.17418
4.17414
4.1741
4.17405
4.17401
4.17396
4.17391
4.17386
4.17382
4.17377
4.17372
4.17366
4.17361
4.17356
4.17351
4.17346
4.17341
4.17335
4.1733
4.17325
4.1732
4.17315
4.1731
4.17305
4.173
4.17295
4.17291
4.17286
4.17282
4.17278
4.17274
4.1727
4.17267
4.17263
4.1726
4.17257
4.17254
4.17252
4.17249
4.17247
4.17245
4.17244
4.17243
4.17241
4.17241
4.1724
4.1724
4.1724
4.1724
4.1724
4.17241
4.17241
4.17242
4.17244
4.17245
4.17247
4.17249
4.17251
4.17253
4.17255
4.17257
4.1726
4.17262
4.17265
4.17268
4.17271
4.17274
4.17277
4.17279
4.17282
4.17285
4.17288
4.17291
4.17294
4.17296
4.17299
4.17302
4.17304
4.17307
4.17309
4.17311
4.17314
4.17316
4.17318
4.1732
4.17322
4.17323
4.17325
4.17326
4.17328
4.17329
4.17331
4.17332
4.17333
4.17334
4.17335
4.17336
4.17337
4.17338
4.17339
4.17339
4.1734
4.17341
4.17341
4.17342
4.17343
4.17343
4.17344
4.17344
4.17344
4.17345
4.17345
4.17345
4.17346
4.17346
4.17346
4.17346
4.17346
4.17346
4.17346
4.17346
4.17346
4.17346
4.17346
4.17346
4.17346
4.17346
4.17345
4.17345
4.17345
4.17344
4.17344
4.17343
4.17343
4.17342
4.17341
4.1734
4.1734
4.17339
4.17338
4.17337
4.17336
4.17335
4.17334
4.17333
4.17331
4.1733
4.17329
4.17327
4.17326
4.17324
4.17323
4.17321
4.1732
4.17318
4.17316
4.17314
4.17312
4.1731
4.17308
4.17306
4.17304
4.17302
4.17299
4.17297
4.17295
4.17292
4.1729
4.17287
4.17284
4.17282
4.17279
4.17276
4.17273
4.1727
4.17268
4.17265
4.17262
4.17259
4.17256
4.17253
4.1725
4.17247
4.17244
4.17241
4.17238
4.17235
4.17232
4.17229
4.17226
4.17224
4.17221
4.17218
4.17216
4.17213
4.17211
4.17208
4.17206
4.17204
4.17201
4.17199
4.17197
4.17196
4.17194
4.17192
4.1719
4.17189
4.17188
4.17186
4.17185
4.17184
4.17183
4.17182
4.17181
4.17181
4.1718
4.17179
4.17179
4.17178
4.17178
4.17178
4.17177
4.17177
4.17177
4.17177
4.17176
4.17176
4.17176
4.17175
4.17175
4.17174
4.17174
4.17173
4.17173
4.17172
4.17171
4.1717
4.17169
4.17168
4.17166
4.17165
4.17163
4.17161
4.17159
4.17157
4.17155
4.17152
4.1715
4.17147
4.17144
4.17141
4.17138
4.17135
4.17131
4.17127
4.17124
4.1712
4.17115
4.17111
4.17107
4.17102
4.17097
4.17092
4.17087
4.17082
4.17077
4.17071
4.17066
4.1706
4.17054
4.17048
4.17042
4.17036
4.17029
4.17023
4.17016
4.1701
4.17003
4.16996
4.16989
4.16982
4.16975
4.16968
4.16961
4.16953
4.16946
4.16939
4.16932
4.16924
4.16917
4.1691
4.16903
4.16896
4.16888
4.16881
4.16874
4.16868
4.16861
4.16854
4.16847
4.16841
4.16835
4.16828
4.16822
4.16816
4.1681
4.16805
4.16799
4.16794
4.16788
4.16783
4.16778
4.16773
4.16769
4.16764
4.1676
4.16755
4.16751
4.16747
4.16743
4.1674
4.16736
4.16733
4.16729
4.16726
4.16723
4.1672
4.16717
4.16714
4.16712
4.16709
4.16707
4.16705
4.16703
4.16701
4.16699
4.16697
4.16695
4.16694
4.16692
4.16691
4.1669
4.16689
4.16688
4.16687
4.16686
4.16685
4.16684
4.16683
4.16683
4.16682
4.16682
4.16681
4.16681
4.16681
4.1668
4.1668
4.1668
4.16679
4.16679
4.16679
4.16679
4.16679
4.16679
4.16678
4.16678
4.16678
4.16678
4.16678
4.16678
4.16678
4.16678
4.16677
4.16677
4.16677
4.16677
4.16677
4.16677
4.16676
4.16676
4.16676
4.16676
4.16675
4.16675
4.16674
4.16674
4.16674
4.16673
4.16673
4.16672
4.16671
4.16671
4.1667
4.16669
4.16668
4.16667
4.16666
4.16665
4.16664
4.16663
4.16662
4.16661
4.1666
4.16658
4.16657
4.16656
4.16654
4.16653
4.16651
4.1665
4.16648
4.16647
4.16645
4.16644
4.16642
4.16641
4.16639
4.16637
4.16636
4.16634
4.16633
4.16632
4.1663
4.16629
4.16627
4.16626
4.16625
4.16624
4.16622
4.16621
4.1662
4.16619
4.16619
4.16618
4.16617
4.16616
4.16616
4.16615
4.16615
4.16615
4.16614
4.16614
4.16614
4.16614
4.16614
4.16615
4.16615
4.16615
4.16616
4.16617
4.16617
4.16618
4.16619
4.1662
4.16621
4.16622
4.16623
4.16625
4.16626
4.16627
4.16628
4.1663
4.16631
4.16633
4.16634
4.16636
4.16637
4.16639
4.1664
4.16641
4.16643
4.16644
4.16646
4.16647
4.16648
4.16649
4.16651
4.16652
4.16653
4.16654
4.16655
4.16656
4.16657
4.16658
4.16659
4.1666
4.1666
4.16661
4.16662
4.16662
4.16663
4.16664
4.16664
4.16665
4.16665
4.16666
4.16666
4.16666
4.16667
4.16667
4.16668
4.16668
4.16668
4.16668
4.16669
4.16669
4.16669
4.16669
4.16669
4.16669
4.16669
4.16669
4.16669
4.16669
4.16669
4.16669
4.16669
4.16669
4.16669
4.16668
4.16668
4.16668
4.16668
4.16667
4.16667
4.16667
4.16666
4.16666
4.16665
4.16665
4.16664
4.16664
4.16663
4.16663
4.16662
4.16662
4.16661
4.1666
4.1666
4.16659
4.16659
4.16658
4.16657
4.16657
4.16656
4.16656
4.16655
4.16654
4.16654
4.16653
4.16653
4.16653
4.16652
4.16652
4.16651
4.16651
4.16651
4.16651
4.16651
4.16651
4.16651
4.16651
4.16651
4.16651
4.16651
4.16652
4.16652
4.16652
4.16653
4.16653
4.16654
4.16654
4.16655
4.16656
4.16657
4.16657
4.16658
4.16659
4.1666
4.16661
4.16662
4.16663
4.16663
4.16664
4.16665
4.16666
4.16667
4.16668
4.16669
4.1667
4.16671
4.16672
4.16673
4.16673
4.16674
4.16675
4.16676
4.16676
4.16677
4.16678
4.16678
4.16679
4.16679
4.1668
4.1668
4.1668
4.16681
4.16681
4.16681
4.16681
4.1668
4.1668
4.1668
4.16679
4.16679
4.16678
4.16677
4.16676
4.16675
4.16674
4.16672
4.16671
4.16669
4.16667
4.16665
4.16663
4.16661
4.16658
4.16655
4.16653
4.1665
4.16646
4.16643
4.1664
4.16636
4.16632
4.16628
4.16624
4.16619
4.16615
4.1661
4.16606
4.16601
4.16596
4.1659
4.16585
4.1658
4.16574
4.16569
4.16563
4.16557
4.16551
4.16545
4.16539
4.16533
4.16527
4.16521
4.16515
4.16509
4.16503
4.16497
4.16491
4.16485
4.16479
4.16473
4.16467
4.16462
4.16456
4.16451
4.16445
4.1644
4.16435
4.1643
4.16425
4.1642
4.16416
4.16412
4.16407
4.16403
4.164
4.16396
4.16393
4.1639
4.16387
4.16384
4.16381
4.16379
4.16377
4.16375
4.16374
4.16373
4.16372
4.16371
4.1637
4.1637
4.1637
4.1637
4.16371
4.16372
4.16373
4.16374
4.16376
4.16378
4.1638
4.16382
4.16384
4.16387
4.1639
4.16393
4.16397
4.164
4.16404
4.16408
4.16412
4.16416
4.1642
4.16425
4.16429
4.16434
4.16439
4.16444
4.16449
4.16454
4.16459
4.16464
4.16469
4.16474
4.16479
4.16484
4.16489
4.16494
4.16498
4.16503
4.16508
4.16513
4.16517
4.16522
4.16526
4.1653
4.16535
4.16539
4.16543
4.16546
4.1655
4.16554
4.16557
4.1656
4.16563
4.16566
4.16569
4.16572
4.16574
4.16577
4.16579
4.16581
4.16583
4.16584
4.16586
4.16587
4.16589
4.1659
4.16591
4.16591
4.16592
4.16592
4.16593
4.16593
4.16593
4.16593
4.16593
4.16592
4.16592
4.16591
4.16591
4.1659
4.16589
4.16588
4.16587
4.16586
4.16585
4.16584
4.16582
4.16581
4.1658
4.16578
4.16577
4.16575
4.16573
4.16572
4.1657
4.16569
4.16567
4.16565
4.16564
4.16562
4.1656
4.16558
4.16557
4.16555
4.16553
4.16552
4.1655
4.16548
4.16547
4.16545
4.16543
4.16542
4.1654
4.16539
4.16537
4.16535
4.16534
4.16532
4.16531
4.16529
4.16528
4.16526
4.16524
4.16523
4.16521
4.1652
4.16518
4.16517
4.16515
4.16513
4.16512
4.1651
4.16508
4.16507
4.16505
4.16503
4.16501
4.16499
4.16498
4.16496
4.16494
4.16492
4.1649
4.16488
4.16486
4.16484
4.16482
4.16481
4.16479
4.16477
4.16475
4.16473
4.16471
4.16469
4.16467
4.16465
4.16464
4.16462
4.1646
4.16458
4.16457
4.16455
4.16454
4.16452
4.1645
4.16449
4.16448
4.16446
4.16445
4.16444
4.16443
4.16442
4.16441
4.1644
4.16439
4.16438
4.16437
4.16436
4.16436
4.16435
4.16435
4.16435
4.16434
4.16434
4.16434
4.16434
4.16434
4.16434
4.16434
4.16434
4.16434
4.16435
4.16435
4.16435
4.16436
4.16436
4.16437
4.16437
4.16437
4.16438
4.16438
4.16438
4.16438
4.16439
4.16439
4.16439
4.16439
4.16438
4.16438
4.16438
4.16437
4.16436
4.16436
4.16435
4.16433
4.16432
4.16431
4.16429
4.16427
4.16425
4.16423
4.16421
4.16418
4.16416
4.16413
4.1641
4.16407
4.16404
4.164
4.16397
4.16393
4.16389
4.16385
4.16381
4.16376
4.16372
4.16367
4.16363
4.16358
4.16353
4.16348
4.16343
4.16338
4.16333
4.16328
4.16323
4.16317
4.16312
4.16307
4.16301
4.16296
4.16291
4.16285
4.1628
4.16274
4.16269
4.16264
4.16259
4.16253
4.16248
4.16243
4.16238
4.16233
4.16228
4.16223
4.16218
4.16213
4.16208
4.16204
4.16199
4.16195
4.1619
4.16186
4.16182
4.16178
4.16174
4.1617
4.16166
4.16162
4.16159
4.16155
4.16152
4.16148
4.16145
4.16142
4.16139
4.16136
4.16133
4.16131
4.16128
4.16125
4.16123
4.16121
4.16119
4.16117
4.16115
4.16113
4.16111
4.16109
4.16108
4.16106
4.16105
4.16104
4.16102
4.16101
4.161
4.161
4.16099
4.16098
4.16097
4.16097
4.16096
4.16096
4.16096
4.16096
4.16096
4.16096
4.16096
4.16096
4.16096
4.16097
4.16097
4.16098
4.16098
4.16099
4.161
4.16101
4.16102
4.16103
4.16104
4.16105
4.16107
4.16108
4.16109
4.16111
4.16112
4.16114
4.16116
4.16118
4.1612
4.16121
4.16123
4.16126
4.16128
4.1613
4.16132
4.16134
4.16137
4.16139
4.16142
4.16145
4.16147
4.1615
4.16153
4.16156
4.16159
4.16162
4.16165
4.16168
4.16171
4.16175
4.16178
4.16182
4.16185
4.16189
4.16192
4.16196
4.16199
4.16203
4.16207
4.1621
4.16214
4.16218
4.16221
4.16225
4.16229
4.16232
4.16236
4.16239
4.16242
4.16246
4.16249
4.16252
4.16255
4.16258
4.1626
4.16263
4.16266
4.16268
4.1627
4.16272
4.16274
4.16276
4.16277
4.16279
4.1628
4.16281
4.16282
4.16283
4.16283
4.16284
4.16284
4.16284
4.16284
4.16284
4.16284
4.16283
4.16283
4.16282
4.16281
4.16281
4.1628
4.16279
4.16278
4.16277
4.16276
4.16274
4.16273
4.16272
4.16271
4.1627
4.16268
4.16267
4.16266
4.16265
4.16264
4.16263
4.16261
4.1626
4.16259
4.16258
4.16257
4.16256
4.16255
4.16254
4.16253
4.16253
4.16252
4.16251
4.1625
4.16249
4.16248
4.16248
4.16247
4.16246
4.16245
4.16244
4.16244
4.16243
4.16242
4.16241
4.1624
4.1624
4.16239
4.16238
4.16237
4.16236
4.16235
4.16234
4.16233
4.16232
4.16231
4.1623
4.16229
4.16227
4.16226
4.16225
4.16224
4.16222
4.16221
4.1622
4.16218
4.16217
4.16215
4.16214
4.16212
4.16211
4.16209
4.16208
4.16206
4.16204
4.16202
4.16201
4.16199
4.16197
4.16195
4.16193
4.16191
4.16189
4.16187
4.16185
4.16183
4.16181
4.16179
4.16176
4.16174
4.16171
4.16169
4.16166
4.16163
4.1616
4.16158
4.16155
4.16152
4.16148
4.16145
4.16142
4.16138
4.16135
4.16131
4.16128
4.16124
4.1612
4.16116
4.16112
4.16109
4.16104
4.161
4.16096
4.16092
4.16088
4.16084
4.1608
4.16075
4.16071
4.16067
4.16063
4.16058
4.16054
4.1605
4.16046
4.16042
4.16037
4.16033
4.16029
4.16025
4.16021
4.16017
4.16014
4.1601
4.16006
4.16002
4.15998
4.15995
4.15991
4.15988
4.15984
4.15981
4.15977
4.15974
4.15971
4.15968
4.15965
4.15962
4.15959
4.15956
4.15953
4.1595
4.15948
4.15945
4.15943
4.1594
4.15938
4.15936
4.15933
4.15931
4.15929
4.15927
4.15926
4.15924
4.15922
4.15921
4.15919
4.15918
4.15917
4.15915
4.15914
4.15913
4.15912
4.15912
4.15911
4.1591
4.1591
4.15909
4.15909
4.15909
4.15909
4.15908
4.15908
4.15908
4.15908
4.15908
4.15909
4.15909
4.15909
4.15909
4.15909
4.15909
4.15909
4.15909
4.15909
4.15909
4.15909
4.15908
4.15908
4.15907
4.15906
4.15906
4.15905
4.15904
4.15902
4.15901
4.15899
4.15898
4.15896
4.15894
4.15892
4.1589
4.15887
4.15885
4.15882
4.1588
4.15877
4.15874
4.15871
4.15868
4.15865
4.15862
4.15859
4.15855
4.15852
4.15849
4.15846
4.15843
4.15839
4.15836
4.15833
4.1583
4.15827
4.15824
4.15821
4.15818
4.15815
4.15812
4.15809
4.15807
4.15804
4.15802
4.15799
4.15797
4.15795
4.15792
4.1579
4.15788
4.15786
4.15784
4.15783
4.15781
4.1578
4.15778
4.15777
4.15776
4.15774
4.15773
4.15773
4.15772
4.15771
4.15771
4.1577
4.1577
4.15769
4.15769
4.15769
4.15769
4.15769
4.15769
4.15769
4.15769
4.1577
4.1577
4.1577
4.1577
4.15771
4.15771
4.15772
4.15772
4.15772
4.15773
4.15773
4.15774
4.15774
4.15774
4.15775
4.15775
4.15775
4.15776
4.15776
4.15776
4.15776
4.15776
4.15776
4.15776
4.15776
4.15776
4.15776
4.15776
4.15776
4.15775
4.15775
4.15775
4.15774
4.15774
4.15774
4.15773
4.15773
4.15772
4.15772
4.15771
4.15771
4.1577
4.1577
4.15769
4.15769
4.15768
4.15768
4.15768
4.15767
4.15767
4.15767
4.15767
4.15767
4.15767
4.15767
4.15767
4.15767
4.15768
4.15768
4.15769
4.15769
4.1577
4.15771
4.15772
4.15773
4.15774
4.15775
4.15776
4.15778
4.15779
4.1578
4.15782
4.15784
4.15785
4.15787
4.15789
4.1579
4.15792
4.15794
4.15795
4.15797
4.15799
4.158
4.15802
4.15803
4.15804
4.15806
4.15807
4.15808
4.15809
4.15809
4.1581
4.1581
4.15811
4.15811
4.15811
4.15811
4.1581
4.15809
4.15809
4.15808
4.15807
4.15805
4.15804
4.15802
4.15801
4.15799
4.15797
4.15795
4.15793
4.1579
4.15788
4.15786
4.15783
4.15781
4.15778
4.15776
4.15773
4.15771
4.15769
4.15766
4.15764
4.15762
4.1576
4.15758
4.15756
4.15754
4.15752
4.15751
4.15749
4.15748
4.15747
4.15745
4.15744
4.15743
4.15743
4.15742
4.15741
4.15741
4.1574
4.1574
4.15739
4.15739
4.15739
4.15738
4.15738
4.15738
4.15738
4.15738
4.15738
4.15737
4.15737
4.15737
4.15737
4.15737
4.15736
4.15736
4.15736
4.15735
4.15735
4.15734
4.15734
4.15733
4.15733
4.15732
4.15731
4.15731
4.1573
4.15729
4.15728
4.15727
4.15726
4.15725
4.15724
4.15723
4.15721
4.1572
4.15719
4.15717
4.15716
4.15714
4.15713
4.15711
4.15709
4.15708
4.15706
4.15704
4.15703
4.15701
4.15699
4.15697
4.15696
4.15694
4.15692
4.1569
4.15689
4.15687
4.15685
4.15684
4.15682
4.15681
4.1568
4.15678
4.15677
4.15676
4.15675
4.15674
4.15673
4.15672
4.15671
4.15671
4.1567
4.15669
4.15669
4.15668
4.15668
4.15667
4.15667
4.15666
4.15666
4.15665
4.15665
4.15665
4.15664
4.15664
4.15663
4.15663
4.15662
4.15662
4.15661
4.1566
4.1566
4.15659
4.15658
4.15657
4.15656
4.15655
4.15653
4.15652
4.15651
4.15649
4.15647
4.15646
4.15644
4.15642
4.1564
4.15637
4.15635
4.15632
4.1563
4.15627
4.15624
4.15621
4.15618
4.15615
4.15611
4.15608
4.15604
4.156
4.15597
4.15593
4.15589
4.15584
4.1558
4.15576
4.15571
4.15566
4.15562
4.15557
4.15552
4.15547
4.15542
4.15537
4.15532
4.15527
4.15522
4.15517
4.15511
4.15506
4.15501
4.15495
4.1549
4.15485
4.15479
4.15474
4.15468
4.15463
4.15458
4.15452
4.15447
4.15441
4.15436
4.15431
4.15425
4.1542
4.15415
4.1541
4.15404
4.15399
4.15394
4.15389
4.15384
4.15379
4.15374
4.15369
4.15364
4.15359
4.15355
4.1535
4.15345
4.15341
4.15336
4.15332
4.15327
4.15323
4.15319
4.15314
4.1531
4.15306
4.15302
4.15298
4.15294
4.15291
4.15287
4.15283
4.1528
4.15276
4.15273
4.1527
4.15267
4.15264
4.15261
4.15258
4.15255
4.15252
4.15249
4.15247
4.15244
4.15242
4.1524
4.15238
4.15236
4.15234
4.15232
4.1523
4.15228
4.15227
4.15225
4.15223
4.15222
4.15221
4.1522
4.15218
4.15217
4.15216
4.15216
4.15215
4.15214
4.15213
4.15213
4.15212
4.15212
4.15211
4.15211
4.15211
4.1521
4.1521
4.1521
4.1521
4.1521
4.1521
4.1521
4.15209
4.15209
4.15209
4.15209
4.15209
4.15209
4.15209
4.15209
4.15208
4.15208
4.15208
4.15207
4.15207
4.15206
4.15206
4.15205
4.15204
4.15203
4.15202
4.15201
4.152
4.15199
4.15197
4.15195
4.15194
4.15192
4.1519
4.15188
4.15186
4.15183
4.15181
4.15178
4.15175
4.15172
4.15169
4.15166
4.15163
4.15159
4.15156
4.15152
4.15148
4.15145
4.1514
4.15136
4.15132
4.15128
4.15123
4.15119
4.15114
4.1511
4.15105
4.151
4.15095
4.15091
4.15086
4.15081
4.15076
4.15071
4.15066
4.15061
4.15056
4.15051
4.15045
4.1504
4.15035
4.1503
4.15025
4.1502
4.15015
4.1501
4.15005
4.15
4.14996
4.14991
4.14986
4.14981
4.14976
4.14972
4.14967
4.14963
4.14958
4.14954
4.14949
4.14945
4.14941
4.14937
4.14933
4.14929
4.14926
4.14922
4.14919
4.14916
4.14913
4.1491
4.14907
4.14904
4.14902
4.149
4.14898
4.14896
4.14895
4.14893
4.14892
4.14891
4.14891
4.1489
4.1489
4.1489
4.14891
4.14891
4.14892
4.14893
4.14895
4.14896
4.14898
4.149
4.14902
4.14905
4.14907
4.1491
4.14914
4.14917
4.1492
4.14924
4.14928
4.14932
4.14936
4.1494
4.14945
4.14949
4.14954
4.14959
4.14964
4.14969
4.14973
4.14979
4.14984
4.14989
4.14994
4.14999
4.15004
4.15009
4.15014
4.15019
4.15024
4.15029
4.15034
4.15039
4.15044
4.15049
4.15054
4.15058
4.15063
4.15067
4.15072
4.15076
4.1508
4.15085
4.15089
4.15093
4.15096
4.151
4.15104
4.15107
4.15111
4.15114
4.15118
4.15121
4.15124
4.15127
4.1513
4.15132
4.15135
4.15137
4.1514
4.15142
4.15144
4.15146
4.15148
4.1515
4.15151
4.15153
4.15154
4.15156
4.15157
4.15158
4.15159
4.15159
4.1516
4.1516
4.1516
4.1516
4.1516
4.1516
4.1516
4.15159
4.15159
4.15158
4.15157
4.15156
4.15155
4.15154
4.15152
4.15151
4.15149
4.15147
4.15145
4.15143
4.15142
4.15139
4.15137
4.15135
4.15133
4.15131
4.15129
4.15126
4.15124
4.15122
4.1512
4.15118
4.15116
4.15114
4.15112
4.1511
4.15108
4.15106
4.15105
4.15103
4.15102
4.15101
4.151
4.15099
4.15098
4.15097
4.15097
4.15096
4.15096
4.15096
4.15096
4.15096
4.15096
4.15096
4.15097
4.15097
4.15098
4.15099
4.151
4.15101
4.15102
4.15103
4.15104
4.15105
4.15107
4.15108
4.15109
4.15111
4.15112
4.15114
4.15115
4.15117
4.15118
4.1512
4.15121
4.15123
4.15124
4.15125
4.15127
4.15128
4.15129
4.15131
4.15132
4.15133
4.15134
4.15135
4.15136
4.15138
4.15139
4.1514
4.15141
4.15142
4.15143
4.15143
4.15144
4.15145
4.15146
4.15147
4.15148
4.15149
4.1515
4.1515
4.15151
4.15152
4.15153
4.15154
4.15154
4.15155
4.15156
4.15157
4.15157
4.15158
4.15159
4.15159
4.1516
4.15161
4.15161
4.15162
4.15163
4.15163
4.15164
4.15164
4.15165
4.15166
4.15166
4.15167
4.15167
4.15167
4.15168
4.15168
4.15168
4.15168
4.15169
4.15169
4.15169
4.15168
4.15168
4.15168
4.15167
4.15166
4.15166
4.15165
4.15164
4.15162
4.15161
4.15159
4.15157
4.15155
4.15153
4.1515
4.15147
4.15144
4.15141
4.15138
4.15134
4.1513
4.15126
4.15121
4.15116
4.15111
4.15106
4.15101
4.15095
4.15089
4.15083
4.15076
4.15069
4.15063
4.15055
4.15048
4.15041
4.15033
4.15025
4.15017
4.15009
4.15001
4.14993
4.14984
4.14976
4.14967
4.14959
4.1495
4.14942
4.14933
4.14925
4.14916
4.14908
4.149
4.14891
4.14883
4.14875
4.14867
4.14859
4.14852
4.14844
4.14837
4.1483
4.14823
4.14817
4.1481
4.14804
4.14798
4.14792
4.14787
4.14782
4.14777
4.14772
4.14767
4.14763
4.14759
4.14755
4.14752
4.14749
4.14746
4.14743
4.1474
4.14738
4.14736
4.14734
4.14733
4.14731
4.1473
4.14729
4.14729
4.14728
4.14728
4.14728
4.14728
4.14729
4.14729
4.1473
4.14731
4.14732
4.14734
4.14735
4.14737
4.14739
4.14741
4.14744
4.14746
4.14749
4.14751
4.14754
4.14757
4.1476
4.14764
4.14767
4.1477
4.14774
4.14778
4.14781
4.14785
4.14789
4.14793
4.14797
4.148
4.14804
4.14808
4.14812
4.14816
4.14819
4.14823
4.14827
4.1483
4.14834
4.14837
4.1484
4.14843
4.14846
4.14849
4.14852
4.14855
4.14857
4.14859
4.14862
4.14864
4.14866
4.14867
4.14869
4.1487
4.14872
4.14873
4.14874
4.14875
4.14875
4.14876
4.14877
4.14877
4.14877
4.14878
4.14878
4.14878
4.14878
4.14878
4.14878
4.14878
4.14878
4.14877
4.14877
4.14877
4.14876
4.14876
4.14876
4.14875
4.14875
4.14875
4.14874
4.14874
4.14873
4.14873
4.14872
4.14872
4.14871
4.14871
4.1487
4.1487
4.14869
4.14869
4.14868
4.14867
4.14866
4.14866
4.14865
4.14864
4.14863
4.14862
4.14861
4.1486
4.14859
4.14858
4.14857
4.14856
4.14855
4.14853
4.14852
4.14851
4.14849
4.14848
4.14846
4.14845
4.14843
4.14842
4.1484
4.14839
4.14837
4.14836
4.14834
4.14833
4.14831
4.1483
4.14828
4.14827
4.14826
4.14824
4.14823
4.14822
4.14821
4.1482
4.14819
4.14818
4.14817
4.14816
4.14816
4.14815
4.14814
4.14814
4.14814
4.14813
4.14813
4.14813
4.14813
4.14813
4.14813
4.14814
4.14814
4.14814
4.14815
4.14815
4.14816
4.14816
4.14817
4.14818
4.14818
4.14819
4.1482
4.1482
4.14821
4.14822
4.14822
4.14823
4.14824
4.14824
4.14825
4.14826
4.14826
4.14827
4.14827
4.14827
4.14828
4.14828
4.14828
4.14828
4.14828
4.14828
4.14827
4.14827
4.14826
4.14826
4.14825
4.14824
4.14823
4.14822
4.1482
4.14819
4.14817
4.14815
4.14813
4.14811
4.14809
4.14806
4.14804
4.14801
4.14798
4.14796
4.14792
4.14789
4.14786
4.14783
4.14779
4.14776
4.14772
4.14768
4.14764
4.14761
4.14757
4.14753
4.14749
4.14744
4.1474
4.14736
4.14732
4.14728
4.14723
4.14719
4.14715
4.1471
4.14706
4.14701
4.14697
4.14693
4.14688
4.14684
4.14679
4.14675
4.1467
4.14666
4.14662
4.14657
4.14653
4.14649
4.14644
4.1464
4.14636
4.14632
4.14628
4.14624
4.1462
4.14616
4.14612
4.14609
4.14605
4.14602
4.14599
4.14595
4.14592
4.14589
4.14587
4.14584
4.14581
4.14579
4.14577
4.14574
4.14572
4.1457
4.14569
4.14567
4.14565
4.14564
4.14563
4.14561
4.1456
4.14559
4.14559
4.14558
4.14557
4.14557
4.14556
4.14556
4.14556
4.14556
4.14556
4.14556
4.14556
4.14557
4.14557
4.14558
4.14558
4.14559
4.14559
4.1456
4.14561
4.14562
4.14562
4.14563
4.14564
4.14565
4.14565
4.14566
4.14567
4.14567
4.14568
4.14568
4.14569
4.14569
4.14569
4.1457
4.1457
4.1457
4.14569
4.14569
4.14569
4.14568
4.14568
4.14567
4.14567
4.14566
4.14565
4.14564
4.14563
4.14562
4.14561
4.1456
4.14558
4.14557
4.14556
4.14555
4.14554
4.14552
4.14551
4.1455
4.14549
4.14548
4.14547
4.14546
4.14545
4.14544
4.14543
4.14542
4.14542
4.14541
4.14541
4.14541
4.1454
4.1454
4.1454
4.14541
4.14541
4.14542
4.14542
4.14543
4.14544
4.14545
4.14546
4.14547
4.14549
4.14551
4.14552
4.14554
4.14556
4.14559
4.14561
4.14563
4.14566
4.14568
4.14571
4.14574
4.14577
4.1458
4.14583
4.14587
4.1459
4.14593
4.14597
4.146
4.14604
4.14607
4.14611
4.14614
4.14618
4.14622
4.14625
4.14629
4.14632
4.14636
4.14639
4.14643
4.14646
4.14649
4.14652
4.14655
4.14658
4.14661
4.14663
4.14666
4.14668
4.1467
4.14672
4.14674
4.14676
4.14677
4.14679
4.1468
4.1468
4.14681
4.14681
4.14681
4.14681
4.14681
4.1468
4.14679
4.14678
4.14677
4.14675
4.14673
4.14671
4.14669
4.14666
4.14664
4.14661
4.14658
4.14655
4.14651
4.14648
4.14644
4.1464
4.14636
4.14632
4.14628
4.14624
4.1462
4.14615
4.14611
4.14607
4.14602
4.14598
4.14594
4.14589
4.14585
4.14581
4.14577
4.14572
4.14568
4.14564
4.1456
4.14556
4.14552
4.14548
4.14545
4.14541
4.14537
4.14534
4.1453
4.14527
4.14523
4.1452
4.14516
4.14513
4.1451
4.14507
4.14504
4.14501
4.14498
4.14495
4.14492
4.1449
4.14487
4.14484
4.14482
4.14479
4.14477
4.14474
4.14472
4.14469
4.14467
4.14465
4.14463
4.1446
4.14458
4.14456
4.14454
4.14452
4.1445
4.14448
4.14446
4.14444
4.14442
4.14441
4.14439
4.14437
4.14436
4.14434
4.14432
4.14431
4.14429
4.14428
4.14427
4.14425
4.14424
4.14422
4.14421
4.1442
4.14419
4.14417
4.14416
4.14415
4.14414
4.14413
4.14412
4.14411
4.1441
4.14409
4.14408
4.14407
4.14406
4.14405
4.14404
4.14403
4.14402
4.14401
4.144
4.144
4.14399
4.14398
4.14397
4.14397
4.14396
4.14396
4.14395
4.14395
4.14394
4.14394
4.14393
4.14393
4.14393
4.14393
4.14393
4.14393
4.14393
4.14393
4.14393
4.14393
4.14393
4.14393
4.14393
4.14394
4.14394
4.14394
4.14394
4.14395
4.14395
4.14395
4.14395
4.14396
4.14396
4.14396
4.14396
4.14396
4.14396
4.14396
4.14396
4.14396
4.14396
4.14396
4.14396
4.14396
4.14396
4.14396
4.14396
4.14396
4.14396
4.14396
4.14395
4.14395
4.14395
4.14395
4.14395
4.14395
4.14395
4.14395
4.14395
4.14395
4.14396
4.14396
4.14396
4.14397
4.14397
4.14398
4.14398
4.14399
4.144
4.144
4.14401
4.14402
4.14403
4.14404
4.14405
4.14407
4.14408
4.14409
4.14411
4.14412
4.14414
4.14415
4.14417
4.14418
4.1442
4.14421
4.14423
4.14425
4.14426
4.14428
4.14429
4.14431
4.14432
4.14434
4.14435
4.14437
4.14438
4.14439
4.14441
4.14442
4.14443
4.14444
4.14445
4.14446
4.14446
4.14447
4.14448
4.14448
4.14449
4.14449
4.1445
4.1445
4.1445
4.1445
4.1445
4.14449
4.14449
4.14449
4.14448
4.14447
4.14447
4.14446
4.14445
4.14444
4.14442
4.14441
4.1444
4.14438
4.14437
4.14435
4.14433
4.14431
4.14429
4.14427
4.14425
4.14423
4.14421
4.14419
4.14417
4.14414
4.14412
4.1441
4.14407
4.14405
4.14403
4.14401
4.14398
4.14396
4.14394
4.14392
4.1439
4.14388
4.14386
4.14384
4.14382
4.1438
4.14378
4.14376
4.14375
4.14373
4.14372
4.1437
4.14369
4.14368
4.14367
4.14366
4.14365
4.14364
4.14363
4.14362
4.14362
4.14361
4.14361
4.1436
4.1436
4.1436
4.14359
4.14359
4.14359
4.14359
4.14359
4.14359
4.14359
4.14359
4.14359
4.14359
4.1436
4.1436
4.1436
4.1436
4.1436
4.14361
4.14361
4.14361
4.14361
4.14361
4.14361
4.14361
4.14361
4.14361
4.14361
4.14361
4.14361
4.1436
4.1436
4.1436
4.14359
4.14359
4.14358
4.14358
4.14357
4.14356
4.14355
4.14354
4.14354
4.14353
4.14352
4.1435
4.14349
4.14348
4.14347
4.14346
4.14344
4.14343
4.14341
4.1434
4.14338
4.14336
4.14334
4.14333
4.14331
4.14329
4.14327
4.14325
4.14322
4.1432
4.14318
4.14316
4.14313
4.14311
4.14308
4.14305
4.14303
4.143
4.14297
4.14294
4.14291
4.14288
4.14285
4.14281
4.14278
4.14275
4.14271
4.14268
4.14264
4.14261
4.14257
4.14253
4.1425
4.14246
4.14242
4.14238
4.14235
4.14231
4.14227
4.14224
4.1422
4.14216
4.14213
4.14209
4.14206
4.14202
4.14199
4.14196
4.14192
4.14189
4.14186
4.14183
4.1418
4.14177
4.14175
4.14172
4.14169
4.14167
4.14164
4.14162
4.1416
4.14157
4.14155
4.14153
4.1415
4.14148
4.14146
4.14144
4.14141
4.14139
4.14137
4.14134
4.14132
4.1413
4.14127
4.14125
4.14122
4.1412
4.14117
4.14114
4.14112
4.14109
4.14106
4.14103
4.141
4.14097
4.14095
4.14092
4.14089
4.14086
4.14083
4.1408
4.14077
4.14074
4.14071
4.14069
4.14066
4.14063
4.1406
4.14058
4.14055
4.14052
4.1405
4.14047
4.14045
4.14042
4.1404
4.14037
4.14035
4.14032
4.1403
4.14027
4.14025
4.14023
4.1402
4.14018
4.14016
4.14013
4.14011
4.14008
4.14006
4.14003
4.14001
4.13999
4.13996
4.13993
4.13991
4.13988
4.13986
4.13983
4.1398
4.13978
4.13975
4.13972
4.1397
4.13967
4.13964
4.13961
4.13959
4.13956
4.13953
4.13951
4.13948
4.13945
4.13942
4.1394
4.13937
4.13934
4.13932
4.13929
4.13927
4.13924
4.13922
4.13919
4.13917
4.13915
4.13913
4.1391
4.13908
4.13906
4.13904
4.13902
4.13901
4.13899
4.13898
4.13896
4.13895
4.13894
4.13892
4.13891
4.13891
4.1389
4.13889
4.13889
4.13889
4.13889
4.13889
4.13889
4.13889
4.1389
4.1389
4.13891
4.13892
4.13893
4.13895
4.13896
4.13898
4.13899
4.13901
4.13903
4.13906
4.13908
4.1391
4.13913
4.13915
4.13918
4.13921
4.13924
4.13927
4.1393
4.13933
4.13936
4.13939
4.13942
4.13945
4.13948
4.13951
4.13954
4.13957
4.13959
4.13962
4.13965
4.13967
4.13969
4.13971
4.13973
4.13975
4.13977
4.13978
4.1398
4.13981
4.13982
4.13982
4.13983
4.13983
4.13983
4.13983
4.13983
4.13983
4.13982
4.13981
4.1398
4.13979
4.13978
4.13977
4.13976
4.13974
4.13973
4.13971
4.13969
4.13968
4.13966
4.13964
4.13963
4.13961
4.13959
4.13958
4.13956
4.13955
4.13953
4.13952
4.1395
4.13949
4.13948
4.13947
4.13946
4.13945
4.13944
4.13943
4.13942
4.13941
4.13941
4.1394
4.1394
4.13939
4.13939
4.13939
4.13938
4.13938
4.13938
4.13938
4.13938
4.13937
4.13937
4.13937
4.13937
4.13938
4.13938
4.13938
4.13938
4.13938
4.13938
4.13939
4.13939
4.13939
4.13939
4.1394
4.1394
4.13941
4.13941
4.13942
4.13942
4.13943
4.13943
4.13944
4.13944
4.13945
4.13945
4.13946
4.13946
4.13946
4.13947
4.13947
4.13947
4.13948
4.13948
4.13948
4.13948
4.13947
4.13947
4.13947
4.13946
4.13946
4.13945
4.13944
4.13943
4.13942
4.13941
4.1394
4.13938
4.13937
4.13935
4.13933
4.13931
4.13929
4.13927
4.13925
4.13923
4.13921
4.13919
4.13916
4.13914
4.13911
4.13909
4.13906
4.13904
4.13901
4.13898
4.13896
4.13893
4.1389
4.13888
4.13885
4.13882
4.13879
4.13876
4.13873
4.13871
4.13868
4.13865
4.13862
4.13859
4.13856
4.13853
4.1385
4.13847
4.13843
4.1384
4.13837
4.13834
4.13831
4.13828
4.13825
4.13822
4.13819
4.13816
4.13813
4.1381
4.13807
4.13804
4.13802
4.13799
4.13796
4.13794
4.13792
4.1379
4.13788
4.13786
4.13784
4.13783
4.13781
4.1378
4.13779
4.13779
4.13778
4.13778
4.13778
4.13778
4.13779
4.13779
4.1378
4.13781
4.13783
4.13784
4.13786
4.13788
4.13791
4.13793
4.13796
4.13799
4.13802
4.13805
4.13808
4.13812
4.13815
4.13819
4.13823
4.13827
4.1383
4.13834
4.13838
4.13842
4.13846
4.1385
4.13854
4.13858
4.13862
4.13865
4.13869
4.13872
4.13876
4.13879
4.13882
4.13885
4.13887
4.1389
4.13892
4.13894
4.13896
4.13898
4.13899
4.139
4.13901
4.13902
4.13903
4.13903
4.13903
4.13903
4.13903
4.13902
4.13902
4.13901
4.139
4.13898
4.13897
4.13895
4.13893
4.13892
4.13889
4.13887
4.13885
4.13882
4.13879
4.13877
4.13874
4.13871
4.13868
4.13865
4.13861
4.13858
4.13854
4.13851
4.13847
4.13844
4.1384
4.13837
4.13833
4.13829
4.13825
4.13822
4.13818
4.13814
4.1381
4.13807
4.13803
4.13799
4.13796
4.13792
4.13788
4.13785
4.13781
4.13778
4.13775
4.13771
4.13768
4.13765
4.13761
4.13758
4.13755
4.13752
4.13749
4.13746
4.13743
4.1374
4.13737
4.13734
4.13731
4.13728
4.13725
4.13722
4.1372
4.13717
4.13714
4.13711
4.13707
4.13704
4.13701
4.13698
4.13695
4.13691
4.13688
4.13685
4.13681
4.13677
4.13674
4.1367
4.13666
4.13663
4.13659
4.13655
4.13651
4.13647
4.13644
4.1364
4.13636
4.13632
4.13628
4.13625
4.13621
4.13618
4.13614
4.13611
4.13608
4.13605
4.13602
4.13599
4.13596
4.13593
4.13591
4.13589
4.13587
4.13585
4.13583
4.13581
4.13579
4.13578
4.13577
4.13575
4.13574
4.13573
4.13572
4.13572
4.13571
4.1357
4.1357
4.13569
4.13569
4.13568
4.13568
4.13567
4.13567
4.13567
4.13566
4.13566
4.13566
4.13565
4.13565
4.13565
4.13564
4.13564
4.13564
4.13564
4.13563
4.13563
4.13563
4.13562
4.13562
4.13561
4.13561
4.13561
4.1356
4.1356
4.13559
4.13559
4.13558
4.13558
4.13557
4.13556
4.13556
4.13555
4.13554
4.13553
4.13553
4.13552
4.13551
4.1355
4.13549
4.13548
4.13547
4.13545
4.13544
4.13543
4.13542
4.1354
4.13539
4.13538
4.13536
4.13535
4.13533
4.13532
4.13531
4.13529
4.13528
4.13526
4.13525
4.13523
4.13522
4.1352
4.13519
4.13518
4.13516
4.13515
4.13514
4.13513
4.13512
4.13511
4.1351
4.13509
4.13508
4.13508
4.13507
4.13506
4.13506
4.13506
4.13505
4.13505
4.13505
4.13505
4.13505
4.13505
4.13506
4.13506
4.13506
4.13507
4.13507
4.13508
4.13508
4.13509
4.1351
4.1351
4.13511
4.13512
4.13513
4.13514
4.13515
4.13516
4.13517
4.13518
4.13519
4.1352
4.13521
4.13522
4.13522
4.13523
4.13524
4.13525
4.13526
4.13527
4.13528
4.13529
4.1353
4.13531
4.13531
4.13532
4.13533
4.13533
4.13534
4.13534
4.13535
4.13535
4.13535
4.13536
4.13536
4.13536
4.13536
4.13536
4.13536
4.13536
4.13536
4.13535
4.13535
4.13535
4.13534
4.13534
4.13534
4.13533
4.13533
4.13532
4.13531
4.13531
4.1353
4.1353
4.13529
4.13529
4.13528
4.13527
4.13527
4.13526
4.13526
4.13525
4.13525
4.13525
4.13524
4.13524
4.13524
4.13523
4.13523
4.13523
4.13523
4.13523
4.13522
4.13522
4.13522
4.13522
4.13522
4.13522
4.13522
4.13522
4.13522
4.13522
4.13523
4.13523
4.13523
4.13523
4.13523
4.13523
4.13523
4.13523
4.13524
4.13524
4.13524
4.13524
4.13524
4.13525
4.13525
4.13525
4.13525
4.13526
4.13526
4.13526
4.13527
4.13527
4.13527
4.13528
4.13528
4.13529
4.13529
4.13529
4.1353
4.1353
4.1353
4.13531
4.13531
4.13531
4.13532
4.13532
4.13532
4.13532
4.13533
4.13533
4.13533
4.13533
4.13533
4.13533
4.13532
4.13532
4.13532
4.13532
4.13531
4.13531
4.1353
4.1353
4.13529
4.13529
4.13528
4.13527
4.13526
4.13526
4.13525
4.13524
4.13523
4.13522
4.13521
4.1352
4.13518
4.13517
4.13516
4.13515
4.13514
4.13512
4.13511
4.1351
4.13509
4.13507
4.13506
4.13504
4.13503
4.13502
4.135
4.13499
4.13497
4.13496
4.13494
4.13493
4.13491
4.13489
4.13488
4.13486
4.13484
4.13483
4.13481
4.13479
4.13477
4.13475
4.13473
4.13472
4.1347
4.13468
4.13466
4.13464
4.13462
4.1346
4.13458
4.13456
4.13455
4.13453
4.13451
4.13449
4.13447
4.13446
4.13444
4.13442
4.1344
4.13439
4.13437
4.13435
4.13433
4.13432
4.1343
4.13428
4.13426
4.13425
4.13423
4.13421
4.13419
4.13417
4.13415
4.13413
4.13411
4.13409
4.13407
4.13404
4.13402
4.134
4.13397
4.13395
4.13392
4.13389
4.13387
4.13384
4.13381
4.13378
4.13375
4.13372
4.13369
4.13365
4.13362
4.13359
4.13355
4.13352
4.13348
4.13344
4.13341
4.13337
4.13333
4.1333
4.13326
4.13322
4.13318
4.13314
4.1331
4.13306
4.13302
4.13298
4.13293
4.13289
4.13285
4.13281
4.13276
4.13272
4.13268
4.13263
4.13259
4.13254
4.1325
4.13245
4.1324
4.13236
4.13231
4.13226
4.13221
4.13217
4.13212
4.13207
4.13202
4.13197
4.13192
4.13187
4.13181
4.13176
4.13171
4.13166
4.1316
4.13155
4.1315
4.13144
4.13139
4.13134
4.13128
4.13123
4.13117
4.13112
4.13107
4.13101
4.13096
4.13091
4.13086
4.13081
4.13076
4.13071
4.13066
4.13061
4.13057
4.13052
4.13048
4.13044
4.1304
4.13036
4.13032
4.13028
4.13025
4.13021
4.13018
4.13015
4.13012
4.1301
4.13007
4.13005
4.13003
4.13001
4.12999
4.12998
4.12996
4.12995
4.12994
4.12993
4.12992
4.12991
4.12991
4.1299
4.1299
4.1299
4.12989
4.12989
4.12989
4.12989
4.12989
4.12988
4.12988
4.12988
4.12988
4.12988
4.12988
4.12987
4.12987
4.12987
4.12986
4.12986
4.12985
4.12984
4.12984
4.12983
4.12982
4.12981
4.1298
4.12979
4.12978
4.12976
4.12975
4.12974
4.12973
4.12972
4.1297
4.12969
4.12968
4.12967
4.12966
4.12965
4.12964
4.12963
4.12963
4.12962
4.12962
4.12962
4.12962
4.12962
4.12962
4.12963
4.12964
4.12965
4.12966
4.12967
4.12969
4.12971
4.12973
4.12975
4.12977
4.1298
4.12983
4.12986
4.12989
4.12992
4.12995
4.12999
4.13003
4.13006
4.1301
4.13014
4.13018
4.13022
4.13026
4.1303
4.13034
4.13038
4.13041
4.13045
4.13049
4.13053
4.13056
4.13059
4.13063
4.13066
4.13069
4.13072
4.13075
4.13077
4.1308
4.13082
4.13084
4.13086
4.13088
4.1309
4.13091
4.13093
4.13094
4.13095
4.13096
4.13097
4.13098
4.13099
4.13099
4.131
4.131
4.13101
4.13101
4.13101
4.13101
4.13101
4.13101
4.13101
4.13101
4.13101
4.13101
4.13101
4.131
4.131
4.131
4.13099
4.13098
4.13098
4.13097
4.13096
4.13095
4.13094
4.13093
4.13092
4.13091
4.13089
4.13088
4.13086
4.13084
4.13082
4.1308
4.13078
4.13076
4.13074
4.13071
4.13068
4.13066
4.13063
4.1306
4.13057
4.13054
4.1305
4.13047
4.13044
4.1304
4.13037
4.13033
4.1303
4.13026
4.13022
4.13019
4.13015
4.13011
4.13008
4.13004
4.13
4.12997
4.12993
4.12989
4.12986
4.12982
4.12979
4.12975
4.12972
4.12969
4.12965
4.12962
4.12959
4.12956
4.12952
4.12949
4.12946
4.12944
4.12941
4.12938
4.12935
4.12932
4.1293
4.12927
4.12925
4.12922
4.1292
4.12918
4.12916
4.12913
4.12911
4.12909
4.12908
4.12906
4.12904
4.12903
4.12901
4.129
4.12899
4.12897
4.12896
4.12896
4.12895
4.12894
4.12894
4.12893
4.12893
4.12893
4.12893
4.12893
4.12893
4.12893
4.12893
4.12894
4.12894
4.12895
4.12896
4.12897
4.12898
4.12899
4.129
4.12901
4.12902
4.12903
4.12904
4.12906
4.12907
4.12908
4.1291
4.12911
4.12913
4.12914
4.12915
4.12917
4.12918
4.1292
4.12921
4.12922
4.12923
4.12925
4.12926
4.12927
4.12928
4.12929
4.1293
4.12931
4.12932
4.12932
4.12933
4.12934
4.12934
4.12935
4.12935
4.12936
4.12936
4.12936
4.12936
4.12936
4.12936
4.12936
4.12936
4.12936
4.12936
4.12936
4.12936
4.12935
4.12935
4.12935
4.12934
4.12934
4.12933
4.12933
4.12932
4.12932
4.12931
4.12931
4.1293
4.1293
4.12929
4.12929
4.12928
4.12927
4.12927
4.12926
4.12925
4.12924
4.12923
4.12922
4.12922
4.1292
4.12919
4.12918
4.12917
4.12916
4.12914
4.12913
4.12911
4.12909
4.12907
4.12905
4.12903
4.12901
4.12899
4.12896
4.12894
4.12891
4.12888
4.12885
4.12882
4.12879
4.12876
4.12872
4.12869
4.12865
4.12862
4.12858
4.12854
4.12851
4.12847
4.12843
4.12839
4.12835
4.12831
4.12828
4.12824
4.1282
4.12816
4.12813
4.12809
4.12805
4.12802
4.12798
4.12795
4.12792
4.12789
4.12786
4.12783
4.1278
4.12777
4.12775
4.12772
4.1277
4.12768
4.12766
4.12765
4.12763
4.12762
4.1276
4.12759
4.12758
4.12758
4.12757
4.12757
4.12756
4.12756
4.12756
4.12757
4.12757
4.12757
4.12758
4.12759
4.1276
4.1276
4.12761
4.12762
4.12764
4.12765
4.12766
4.12767
4.12768
4.1277
4.12771
4.12772
4.12773
4.12774
4.12775
4.12777
4.12778
4.12779
4.1278
4.1278
4.12781
4.12782
4.12783
4.12783
4.12784
4.12784
4.12784
4.12785
4.12785
4.12785
4.12785
4.12785
4.12784
4.12784
4.12784
4.12783
4.12783
4.12782
4.12781
4.1278
4.12779
4.12778
4.12776
4.12775
4.12773
4.12772
4.1277
4.12768
4.12766
4.12764
4.12762
4.1276
4.12758
4.12755
4.12753
4.1275
4.12748
4.12745
4.12742
4.12739
4.12737
4.12734
4.12731
4.12728
4.12725
4.12721
4.12718
4.12715
4.12712
4.12709
4.12706
4.12703
4.127
4.12697
4.12694
4.12691
4.12688
4.12685
4.12682
4.12679
4.12676
4.12674
4.12671
4.12668
4.12666
4.12664
4.12661
4.12659
4.12657
4.12655
4.12653
4.1265
4.12649
4.12647
4.12645
4.12643
4.12641
4.12639
4.12637
4.12635
4.12633
4.12632
4.1263
4.12628
4.12626
4.12624
4.12622
4.12619
4.12617
4.12615
4.12612
4.1261
4.12607
4.12605
4.12602
4.12599
4.12597
4.12594
4.12591
4.12588
4.12585
4.12582
4.12579
4.12575
4.12572
4.12569
4.12566
4.12562
4.12559
4.12556
4.12553
4.12549
4.12546
4.12543
4.12539
4.12536
4.12533
4.12529
4.12526
4.12522
4.12519
4.12515
4.12512
4.12508
4.12505
4.12501
4.12497
4.12494
4.1249
4.12486
4.12482
4.12478
4.12474
4.12469
4.12465
4.12461
4.12456
4.12452
4.12447
4.12443
4.12438
4.12433
4.12429
4.12424
4.12419
4.12414
4.1241
4.12405
4.124
4.12395
4.1239
4.12386
4.12381
4.12376
4.12372
4.12367
4.12363
4.12358
4.12354
4.1235
4.12345
4.12341
4.12337
4.12334
4.1233
4.12326
4.12323
4.12319
4.12316
4.12313
4.1231
4.12307
4.12304
4.12301
4.12299
4.12296
4.12293
4.12291
4.12289
4.12286
4.12284
4.12282
4.1228
4.12278
4.12276
4.12274
4.12272
4.1227
4.12268
4.12266
4.12264
4.12262
4.1226
4.12259
4.12257
4.12255
4.12253
4.12251
4.12249
4.12247
4.12245
4.12243
4.12241
4.12239
4.12237
4.12235
4.12233
4.12231
4.12229
4.12227
4.12225
4.12222
4.1222
4.12218
4.12216
4.12214
4.12211
4.12209
4.12207
4.12205
4.12202
4.122
4.12198
4.12196
4.12193
4.12191
4.12189
4.12187
4.12185
4.12183
4.12181
4.12179
4.12177
4.12175
4.12173
4.12172
4.1217
4.12169
4.12167
4.12166
4.12165
4.12164
4.12163
4.12162
4.12162
4.12161
4.12161
4.12161
