-nan(ind)
0
0
0
0
0
0
0
0
0
0
0
0
0
0
3.88484e-05
0.0101446
0.144183
0.543608
1.03013
1.35239
1.49025
1.5069
1.4637
1.3921
1.31831
1.23732
1.16631
1.10333
1.05045
1.0035
0.973112
0.952688
0.936824
0.94077
0.947954
0.950917
0.962257
0.978338
0.997274
1.01681
1.03217
1.04289
1.04504
1.04309
1.04183
1.03576
1.03175
1.02899
1.0247
1.02123
1.01329
1.01024
1.00827
1.00733
1.01401
1.00896
1.00452
1.00595
1.0084
1.0118
1.01719
1.01358
1.01286
1.01279
1.01127
1.01215
1.00987
1.00833
1.01026
1.00992
1.00846
1.00685
1.00671
1.00807
1.01205
1.0094
1.00853
1.00981
1.01009
1.00715
1.00868
1.01041
1.01024
1.00864
1.00807
1.00801
1.0075
1.00619
1.00546
1.00588
1.00588
1.00567
1.00858
1.0054
1.00408
1.00237
1.0047
1.00301
1.00359
5.59417e-05
