-nan(ind)
0
0
0
0
0
0
1.98206e-05
0.00166927
0.0168823
0.0728699
0.203497
0.395411
0.594858
0.771513
0.897796
0.99952
1.04129
1.07758
1.07978
1.08883
1.08366
1.07182
1.06668
1.05637
1.04942
1.03394
1.02937
1.03083
1.02651
1.01948
1.02224
1.03005
1.03245
1.02897
1.03221
1.02211
1.01852
1.01656
1.01655
1.01506
1.01745
1.01578
1.02173
1.01474
1.01558
1.01505
1.01334
1.01537
1.01703
1.0111
1.00843
1.01424
1.01114
1.01551
1.01489
1.01427
1.01586
1.01512
1.01702
1.01699
1.01882
1.01322
1.01082
1.00889
1.00731
1.0078
1.00509
1.00391
1.00444
1.00364
1.00457
1.00681
1.00857
1.01196
1.01323
1.01031
1.00747
1.01002
1.01071
1.00993
1.00687
1.00903
1.00959
1.00683
1.00572
1.00449
1.0046
1.00568
1.00675
1.0081
1.00603
1.0068
1.00821
1.00659
1.00448
1.00307
1.0032
1.00308
1.00289
5.59417e-05
