inf
2.04051
1.42549
1.29851
1.14615
1.11211
1.07338
1.04835
1.023
1.01592
1.02451
1.0231
1.02081
1.01637
1.02504
1.03092
1.03431
1.04756
1.04425
1.03034
1.02963
1.03779
1.04407
1.03887
1.03984
1.03795
1.03883
1.03285
1.02936
1.01968
1.01899
1.02299
1.01993
1.02606
1.02549
1.02637
1.02409
1.02226
1.02051
1.01674
1.01895
1.01676
1.01536
1.01914
1.01625
1.00917
1.00752
1.01038
1.01065
1.01565
1.01639
1.01333
1.01401
1.01354
1.01437
1.01991
1.01805
1.01689
1.01502
1.01297
1.00878
1.01197
1.00529
1.00371
1.00206
1.00159
0.999443
1.00029
1.00274
1.00526
1.00649
1.00641
1.00436
1.00595
1.01094
1.01064
1.00936
1.00869
1.00945
1.00844
1.00597
1.00827
1.00738
1.00831
1.00727
1.00381
1.00527
1.00343
1.00506
1.00571
1.0054
1.00418
1.00765
1.01018
1.00676
1.00378
1.00086
1.0003
1.00095
1.00059
5.59417e-05
