35.4311
2.09952
2.0994
2.09928
2.09916
2.09904
2.09892
2.0988
2.09868
2.09856
2.09843
2.09831
2.09819
2.09806
2.09793
2.0978
2.09768
2.09755
2.09741
2.09728
2.09715
2.09702
2.09688
2.09675
2.09661
2.09648
2.09634
2.09621
2.09608
2.09594
2.09581
2.09568
2.09555
2.09543
2.09531
2.09519
2.09507
2.09496
2.09485
2.09475
2.09466
2.09457
2.09449
2.09441
2.09434
2.09428
2.09423
2.09419
2.09416
2.09413
2.09412
2.09412
2.09412
2.09414
2.09417
2.09421
2.09427
2.09433
2.09441
2.0945
2.0946
2.09471
2.09483
2.09497
2.09511
2.09527
2.09544
2.09561
2.09579
2.09598
2.09618
2.09638
2.09659
2.09679
2.09701
2.09722
2.09743
2.09764
2.09785
2.09805
2.09825
2.09845
2.09864
2.09882
2.099
2.09917
2.09933
2.09948
2.09962
2.09975
2.09987
2.09998
2.10008
2.10017
2.10025
2.10031
2.10037
2.10042
2.10046
2.10049
2.10051
2.10052
2.10053
2.10052
2.10051
2.10049
2.10047
2.10044
2.1004
2.10036
2.10031
2.10026
2.1002
2.10014
2.10008
2.10002
2.09996
2.0999
2.09983
2.09977
2.09971
2.09966
2.09961
2.09956
2.09951
2.09947
2.09944
2.0994
2.09938
2.09936
2.09934
2.09932
2.09931
2.09931
2.09931
2.09931
2.09931
2.09932
2.09933
2.09934
2.09936
2.09938
2.0994
2.09943
2.09946
2.09949
2.09953
2.09957
2.09962
2.09967
2.09971
2.09977
2.09982
2.09987
2.09992
2.09997
2.10002
2.10007
2.10012
2.10016
2.1002
2.10024
2.10028
2.10031
2.10034
2.10037
2.10039
2.10041
2.10042
2.10044
2.10045
2.10046
2.10046
2.10046
2.10046
2.10046
2.10046
2.10045
2.10045
2.10045
2.10044
2.10044
2.10044
2.10044
2.10044
2.10045
2.10045
2.10046
2.10048
2.10049
2.10051
2.10053
2.10056
2.10059
2.10062
2.10065
2.10068
2.10071
2.10075
2.10078
2.10082
2.10085
2.10089
2.10092
2.10096
2.10099
2.10102
2.10105
2.10108
2.1011
2.10113
2.10114
2.10115
2.10116
2.10116
2.10115
2.10114
2.10112
2.10108
2.10104
2.10099
2.10094
2.10087
2.10079
2.10071
2.10062
2.10053
2.10043
2.10033
2.10022
2.10011
2.10001
2.0999
2.0998
2.0997
2.09961
2.09952
2.09944
2.09937
2.09931
2.09925
2.09921
2.09917
2.09914
2.09912
2.09911
2.09911
2.09911
2.09912
2.09913
2.09914
2.09916
2.09918
2.0992
2.09923
2.09925
2.09927
2.09929
2.09931
2.09932
2.09933
2.09934
2.09935
2.09936
2.09936
2.09937
2.09937
2.09937
2.09937
2.09937
2.09938
2.09938
2.09939
2.0994
2.09941
2.09943
2.09944
2.09945
2.09947
2.09948
2.0995
2.09951
2.09951
2.09952
2.09952
2.09951
2.0995
2.09949
2.09947
2.09945
2.09942
2.09939
2.09936
2.09933
2.09929
2.09926
2.09923
2.0992
2.09917
2.09915
2.09914
2.09913
2.09913
2.09913
2.09915
2.09917
2.0992
2.09924
2.0993
2.09936
2.09943
2.09951
2.09959
2.09969
2.09979
2.09989
2.1
2.1001
2.10021
2.10031
2.10041
2.10051
2.1006
2.10069
2.10076
2.10083
2.10089
2.10095
2.101
2.10104
2.10108
2.10111
2.10113
2.10116
2.10118
2.10119
2.10121
2.10123
2.10124
2.10126
2.10127
2.10129
2.10131
2.10132
2.10134
2.10136
2.10137
2.10139
2.1014
2.10142
2.10143
2.10144
2.10144
2.10145
2.10145
2.10145
2.10145
2.10145
2.10144
2.10144
2.10143
2.10142
2.1014
2.10139
2.10137
2.10135
2.10132
2.10129
2.10125
2.10121
2.10116
2.1011
2.10104
2.10097
2.10089
2.10081
2.10072
2.10062
2.10053
2.10042
2.10032
2.10022
2.10011
2.10001
2.09992
2.09983
2.09975
2.09967
2.09961
2.09955
2.09951
2.09948
2.09946
2.09945
2.09945
2.09945
2.09947
2.09949
2.09953
2.09956
2.09961
2.09966
2.09971
2.09977
2.09984
2.0999
2.09997
2.10004
2.10011
2.10018
2.10025
2.10031
2.10037
2.10043
2.10048
2.10052
2.10056
2.10059
2.10061
2.10062
2.10063
2.10062
2.10061
2.10059
2.10057
2.10053
2.10049
2.10045
2.1004
2.10034
2.10028
2.10022
2.10016
2.1001
2.10004
2.09997
2.09991
2.09986
2.0998
2.09975
2.0997
2.09966
2.09962
2.09958
2.09954
2.0995
2.09947
2.09944
2.0994
2.09937
2.09934
2.09931
2.09927
2.09924
2.09921
2.09919
2.09917
2.09915
2.09913
2.09912
2.09912
2.09912
2.09914
2.09915
2.09918
2.09921
2.09925
2.09929
2.09934
2.09939
2.09944
2.09949
2.09954
2.09958
2.09963
2.09967
2.09971
2.09974
2.09977
2.09979
2.0998
2.09981
2.09981
2.09981
2.0998
2.09979
2.09977
2.09975
2.09972
2.09968
2.09964
2.0996
2.09955
2.0995
2.09945
2.09939
2.09933
2.09928
2.09922
2.09917
2.09912
2.09907
2.09903
2.09899
2.09896
2.09894
2.09892
2.09891
2.09891
2.09892
2.09893
2.09895
2.09898
2.09902
2.09907
2.09912
2.09919
2.09926
2.09933
2.09941
2.0995
2.09959
2.09969
2.09979
2.09989
2.09999
2.10008
2.10018
2.10027
2.10036
2.10045
2.10053
2.1006
2.10067
2.10073
2.10078
2.10083
2.10087
2.1009
2.10093
2.10095
2.10096
2.10096
2.10096
2.10095
2.10093
2.1009
2.10087
2.10083
2.10078
2.10073
2.10067
2.10061
2.10054
2.10046
2.10038
2.1003
2.10021
2.10012
2.10003
2.09994
2.09984
2.09975
2.09965
2.09956
2.09947
2.09938
2.0993
2.09922
2.09915
2.09908
2.09903
2.09898
2.09894
2.09891
2.0989
2.09889
2.09889
2.0989
2.09893
2.09896
2.09899
2.09904
2.09909
2.09914
2.0992
2.09925
2.09931
2.09936
2.09942
2.09947
2.09952
2.09957
2.09961
2.09966
2.0997
2.09973
2.09977
2.0998
2.09984
2.09987
2.0999
2.09993
2.09997
2.1
2.10004
2.10007
2.10011
2.10015
2.10019
2.10023
2.10027
2.10031
2.10035
2.10039
2.10043
2.10046
2.1005
2.10054
2.10058
2.10062
2.10066
2.1007
2.10073
2.10077
2.10081
2.10084
2.10087
2.10089
2.10091
2.10093
2.10094
2.10094
2.10093
2.10092
2.10089
2.10086
2.10082
2.10076
2.10071
2.10064
2.10057
2.1005
2.10043
2.10035
2.10028
2.10022
2.10016
2.10011
2.10007
2.10005
2.10003
2.10003
2.10004
2.10005
2.10008
2.10011
2.10015
2.1002
2.10024
2.10029
2.10033
2.10037
2.10041
2.10044
2.10046
2.10048
2.10049
2.10049
2.10049
2.10047
2.10045
2.10042
2.10038
2.10034
2.10028
2.10022
2.10015
2.10008
2.1
2.09992
2.09983
2.09973
2.09964
2.09954
2.09945
2.09935
2.09925
2.09916
2.09907
2.09898
2.0989
2.09882
2.09875
2.09868
2.09862
2.09857
2.09853
2.0985
2.09849
2.09848
2.09849
2.09851
2.09855
2.0986
2.09867
2.09875
2.09884
2.09894
2.09905
2.09916
2.09927
2.09938
2.09949
2.0996
2.09969
2.09978
2.09985
2.09992
2.09997
2.10002
2.10005
2.10008
2.1001
2.10011
2.10012
2.10013
2.10013
2.10012
2.10012
2.10011
2.1001
2.1001
2.10009
2.10008
2.10008
2.10008
2.10008
2.10009
2.1001
2.10012
2.10014
2.10017
2.1002
2.10025
2.10029
2.10035
2.1004
2.10046
2.10052
2.10059
2.10065
2.10071
2.10077
2.10082
2.10087
2.10091
2.10094
2.10096
2.10098
2.10098
2.10098
2.10097
2.10095
2.10092
2.10089
2.10086
2.10081
2.10077
2.10072
2.10067
2.10061
2.10056
2.1005
2.10045
2.10039
2.10033
2.10028
2.10023
2.10017
2.10012
2.10008
2.10003
2.09999
2.09995
2.09992
2.09989
2.09987
2.09984
2.09983
2.09982
2.09981
2.0998
2.0998
2.0998
2.09981
2.09982
2.09983
2.09984
2.09985
2.09987
2.09988
2.0999
2.09991
2.09992
2.09993
2.09994
2.09994
2.09994
2.09994
2.09994
2.09993
2.09992
2.09991
2.09989
2.09987
2.09985
2.09983
2.09981
2.09979
2.09977
2.09975
2.09974
2.09973
2.09972
2.09972
2.09972
2.09973
2.09975
2.09977
2.0998
2.09983
2.09987
2.09992
2.09997
2.10003
2.10009
2.10016
2.10023
2.1003
2.10037
2.10044
2.10051
2.10057
2.10064
2.1007
2.10076
2.10081
2.10085
2.10089
2.10093
2.10095
2.10097
2.10099
2.101
2.101
2.101
2.10099
2.10098
2.10096
2.10094
2.10091
2.10088
2.10085
2.10081
2.10077
2.10073
2.10069
2.10065
2.10061
2.10057
2.10052
2.10048
2.10044
2.10039
2.10035
2.1003
2.10026
2.10022
2.10017
2.10013
2.10008
2.10004
2.09999
2.09994
2.0999
2.09985
2.0998
2.09975
2.0997
2.09965
2.0996
2.09955
2.09951
2.09946
2.09941
2.09936
2.09931
2.09927
2.09922
2.09917
2.09913
2.09908
2.09904
2.099
2.09896
2.09893
2.0989
2.09888
2.09886
2.09884
2.09883
2.09883
2.09884
2.09886
2.09888
2.09891
2.09895
2.099
2.09905
2.09911
2.09918
2.09925
2.09933
2.09941
2.09949
2.09958
2.09966
2.09975
2.09983
2.09991
2.09998
2.10005
2.10012
2.10018
2.10023
2.10028
2.10033
2.10037
2.1004
2.10043
2.10045
2.10048
2.1005
2.10051
2.10053
2.10054
2.10056
2.10057
2.10059
2.10061
2.10063
2.10065
2.10067
2.1007
2.10072
2.10075
2.10079
2.10082
2.10085
2.10089
2.10092
2.10095
2.10098
2.101
2.10101
2.10102
2.10102
2.10101
2.101
2.10097
2.10093
2.10088
2.10083
2.10076
2.10069
2.10061
2.10052
2.10042
2.10033
2.10023
2.10013
2.10004
2.09995
2.09986
2.09978
2.09971
2.09965
2.09959
2.09955
2.09951
2.09949
2.09947
2.09946
2.09946
2.09946
2.09947
2.09949
2.0995
2.09952
2.09954
2.09957
2.09959
2.09961
2.09964
2.09966
2.09968
2.09971
2.09973
2.09975
2.09978
2.09981
2.09983
2.09986
2.09989
2.09993
2.09996
2.1
2.10003
2.10007
2.10011
2.10015
2.10018
2.10022
2.10025
2.10028
2.1003
2.10032
2.10033
2.10034
2.10034
2.10033
2.10032
2.1003
2.10028
2.10025
2.10021
2.10017
2.10012
2.10008
2.10003
2.09998
2.09994
2.09989
2.09985
2.09982
2.09979
2.09976
2.09974
2.09973
2.09972
2.09972
2.09973
2.09974
2.09976
2.09978
2.0998
2.09983
2.09985
2.09988
2.09991
2.09994
2.09997
2.1
2.10002
2.10005
2.10007
2.10009
2.10011
2.10012
2.10014
2.10015
2.10017
2.10018
2.10019
2.1002
2.10022
2.10023
2.10025
2.10026
2.10028
2.10029
2.1003
2.10031
2.10032
2.10032
2.10031
2.10031
2.10029
2.10027
2.10025
2.10021
2.10018
2.10013
2.10008
2.10002
2.09996
2.0999
2.09983
2.09976
2.09969
2.09962
2.09954
2.09946
2.09939
2.09931
2.09924
2.09917
2.0991
2.09904
2.09898
2.09893
2.09888
2.09884
2.09881
2.09879
2.09877
2.09876
2.09876
2.09876
2.09877
2.09878
2.0988
2.09881
2.09883
2.09885
2.09886
2.09888
2.09889
2.0989
2.09891
2.09892
2.09893
2.09893
2.09894
2.09894
2.09895
2.09895
2.09895
2.09896
2.09897
2.09897
2.09898
2.099
2.09901
2.09903
2.09905
2.09908
2.0991
2.09913
2.09916
2.0992
2.09923
2.09927
2.0993
2.09934
2.09937
2.09941
2.09944
2.09947
2.0995
2.09953
2.09956
2.09959
2.09962
2.09965
2.09967
2.0997
2.09972
2.09974
2.09977
2.09979
2.09981
2.09982
2.09984
2.09986
2.09987
2.09988
2.0999
2.09991
2.09993
2.09994
2.09996
2.09997
2.09999
2.10001
2.10003
2.10005
2.10008
2.1001
2.10014
2.10017
2.10021
2.10025
2.1003
2.10034
2.10039
2.10045
2.1005
2.10055
2.10061
2.10066
2.10072
2.10077
2.10082
2.10087
2.10092
2.10097
2.10101
2.10105
2.10109
2.10113
2.10116
2.10119
2.10121
2.10123
2.10124
2.10125
2.10125
2.10124
2.10123
2.10121
2.10118
2.10114
2.10109
2.10103
2.10097
2.1009
2.10082
2.10073
2.10064
2.10055
2.10044
2.10034
2.10023
2.10012
2.10001
2.09989
2.09978
2.09967
2.09956
2.09946
2.09936
2.09926
2.09916
2.09907
2.09899
2.0989
2.09883
2.09876
2.09869
2.09862
2.09856
2.09851
2.09846
2.09842
2.09838
2.09835
2.09832
2.0983
2.09829
2.09828
2.09829
2.0983
2.09832
2.09835
2.0984
2.09846
2.09852
2.0986
2.09869
2.0988
2.09891
2.09904
2.09917
2.09931
2.09946
2.09961
2.09977
2.09992
2.10007
2.10023
2.10037
2.10051
2.10065
2.10077
2.10089
2.10099
2.10109
2.10118
2.10126
2.10132
2.10138
2.10142
2.10146
2.10149
2.10151
2.10151
2.10151
2.1015
2.10149
2.10146
2.10143
2.10139
2.10134
2.10128
2.10122
2.10115
2.10107
2.10099
2.10091
2.10082
2.10072
2.10062
2.10053
2.10043
2.10033
2.10023
2.10013
2.10004
2.09995
2.09987
2.09979
2.09972
2.09966
2.09961
2.09957
2.09953
2.0995
2.09948
2.09947
2.09946
2.09946
2.09946
2.09947
2.09948
2.0995
2.09951
2.09953
2.09956
2.09958
2.09961
2.09965
2.09968
2.09972
2.09977
2.09982
2.09987
2.09993
2.09999
2.10006
2.10012
2.10019
2.10027
2.10034
2.10041
2.10048
2.10055
2.10062
2.10069
2.10075
2.10081
2.10087
2.10092
2.10096
2.10101
2.10104
2.10108
2.10111
2.10113
2.10115
2.10116
2.10117
2.10117
2.10117
2.10116
2.10115
2.10112
2.1011
2.10106
2.10103
2.10098
2.10093
2.10087
2.10081
2.10075
2.10068
2.10061
2.10054
2.10047
2.1004
2.10033
2.10027
2.1002
2.10014
2.10009
2.10004
2.09999
2.09995
2.09992
2.09989
2.09986
2.09985
2.09983
2.09983
2.09983
2.09983
2.09984
2.09986
2.09988
2.0999
2.09993
2.09996
2.09999
2.10003
2.10007
2.10011
2.10015
2.10019
2.10024
2.10028
2.10032
2.10036
2.10039
2.10043
2.10046
2.10048
2.1005
2.10052
2.10054
2.10054
2.10055
2.10054
2.10053
2.10052
2.1005
2.10048
2.10046
2.10043
2.1004
2.10037
2.10033
2.10029
2.10025
2.10021
2.10017
2.10013
2.10008
2.10003
2.09998
2.09993
2.09987
2.09981
2.09976
2.0997
2.09964
2.09957
2.09951
2.09945
2.0994
2.09934
2.09929
2.09924
2.09919
2.09915
2.09912
2.0991
2.09908
2.09906
2.09906
2.09907
2.09908
2.0991
2.09913
2.09917
2.09922
2.09927
2.09933
2.09939
2.09945
2.09952
2.09959
2.09965
2.09971
2.09977
2.09983
2.09988
2.09992
2.09995
2.09998
2.1
2.1
2.1
2.09999
2.09997
2.09994
2.0999
2.09986
2.09981
2.09976
2.0997
2.09965
2.09959
2.09954
2.09948
2.09943
2.09938
2.09934
2.0993
2.09926
2.09923
2.0992
2.09918
2.09916
2.09914
2.09913
2.09912
2.09912
2.09912
2.09912
2.09913
2.09915
2.09917
2.09919
2.09923
2.09926
2.0993
2.09934
2.09939
2.09944
2.0995
2.09956
2.09961
2.09967
2.09972
2.09978
2.09983
2.09987
2.09992
2.09995
2.09998
2.1
2.10002
2.10003
2.10003
2.10002
2.10001
2.1
2.09998
2.09996
2.09994
2.09992
2.0999
2.09988
2.09987
2.09986
2.09986
2.09987
2.09989
2.09991
2.09994
2.09998
2.10003
2.10008
2.10014
2.1002
2.10027
2.10034
2.1004
2.10047
2.10054
2.1006
2.10066
2.10071
2.10076
2.10081
2.10085
2.10088
2.10091
2.10093
2.10095
2.10096
2.10097
2.10097
2.10097
2.10096
2.10095
2.10094
2.10092
2.10089
2.10087
2.10083
2.1008
2.10076
2.10072
2.10068
2.10063
2.10059
2.10054
2.10049
2.10044
2.1004
2.10035
2.10031
2.10027
2.10023
2.10019
2.10016
2.10013
2.1001
2.10008
2.10005
2.10004
2.10002
2.10001
2.1
2.09999
2.09998
2.09997
2.09996
2.09995
2.09994
2.09993
2.09992
2.0999
2.09988
2.09987
2.09985
2.09982
2.0998
2.09977
2.09974
2.09971
2.09968
2.09965
2.09963
2.0996
2.09957
2.09955
2.09952
2.09951
2.09949
2.09949
2.09949
2.09949
2.09951
2.09953
2.09956
2.0996
2.09965
2.0997
2.09976
2.09983
2.0999
2.09998
2.10006
2.10014
2.10021
2.10029
2.10036
2.10042
2.10047
2.10052
2.10055
2.10058
2.10059
2.10059
2.10057
2.10055
2.10052
2.10047
2.10042
2.10036
2.10029
2.10022
2.10015
2.10007
2.09999
2.09991
2.09983
2.09975
2.09968
2.0996
2.09953
2.09947
2.0994
2.09934
2.09929
2.09923
2.09919
2.09914
2.0991
2.09907
2.09904
2.09902
2.099
2.09898
2.09897
2.09896
2.09896
2.09897
2.09897
2.09898
2.099
2.09901
2.09903
2.09905
2.09907
2.0991
2.09913
2.09915
2.09919
2.09922
2.09925
2.09929
2.09933
2.09937
2.09941
2.09945
2.0995
2.09955
2.0996
2.09965
2.0997
2.09976
2.09981
2.09987
2.09993
2.09999
2.10006
2.10012
2.10019
2.10026
2.10033
2.1004
2.10048
2.10055
2.10063
2.1007
2.10078
2.10085
2.10092
2.10098
2.10104
2.10109
2.10114
2.10118
2.10121
2.10123
2.10125
2.10125
2.10125
2.10124
2.10123
2.10121
2.10118
2.10115
2.10111
2.10107
2.10102
2.10098
2.10092
2.10087
2.10081
2.10075
2.10069
2.10063
2.10056
2.10049
2.10041
2.10033
2.10025
2.10016
2.10007
2.09998
2.09989
2.0998
2.09971
2.09962
2.09953
2.09945
2.09937
2.09931
2.09925
2.0992
2.09917
2.09915
2.09915
2.09916
2.09918
2.09922
2.09927
2.09933
2.09941
2.09949
2.09959
2.09968
2.09978
2.09989
2.09999
2.10009
2.10018
2.10027
2.10035
2.10042
2.10048
2.10052
2.10056
2.10058
2.10059
2.1006
2.10059
2.10057
2.10054
2.10051
2.10047
2.10043
2.10038
2.10033
2.10028
2.10023
2.10018
2.10013
2.10009
2.10004
2.1
2.09996
2.09992
2.09989
2.09986
2.09983
2.09981
2.09979
2.09978
2.09977
2.09977
2.09978
2.0998
2.09983
2.09987
2.09992
2.09998
2.10005
2.10013
2.10021
2.10031
2.1004
2.1005
2.1006
2.1007
2.10079
2.10088
2.10096
2.10103
2.1011
2.10115
2.10118
2.10121
2.10122
2.10121
2.10119
2.10116
2.10112
2.10106
2.10099
2.10091
2.10082
2.10072
2.10061
2.1005
2.10039
2.10027
2.10016
2.10004
2.09993
2.09983
2.09973
2.09964
2.09955
2.09948
2.09942
2.09937
2.09933
2.0993
2.09927
2.09926
2.09926
2.09927
2.09928
2.0993
2.09932
2.09935
2.09938
2.09941
2.09944
2.09947
2.0995
2.09952
2.09955
2.09957
2.09958
2.0996
2.0996
2.09961
2.09961
2.09961
2.09961
2.0996
2.0996
2.09959
2.09958
2.09958
2.09957
2.09957
2.09957
2.09957
2.09957
2.09957
2.09958
2.09959
2.0996
2.09961
2.09962
2.09963
2.09965
2.09966
2.09968
2.0997
2.09972
2.09974
2.09976
2.09979
2.09981
2.09984
2.09986
2.09989
2.09992
2.09996
2.09999
2.10003
2.10007
2.10012
2.10017
2.10022
2.10027
2.10033
2.10039
2.10045
2.1005
2.10056
2.10062
2.10067
2.10072
2.10076
2.1008
2.10084
2.10087
2.10089
2.10091
2.10093
2.10093
2.10093
2.10093
2.10092
2.10091
2.10088
2.10086
2.10083
2.1008
2.10076
2.10072
2.10067
2.10062
2.10057
2.10052
2.10047
2.10042
2.10036
2.10031
2.10025
2.1002
2.10015
2.10009
2.10004
2.09999
2.09994
2.09989
2.09984
2.09979
2.09974
2.09969
2.09964
2.09959
2.09954
2.09949
2.09944
2.09939
2.09933
2.09928
2.09923
2.09917
2.09912
2.09907
2.09901
2.09896
2.09892
2.09887
2.09883
2.0988
2.09878
2.09876
2.09875
2.09875
2.09875
2.09877
2.0988
2.09884
2.09889
2.09894
2.09901
2.09908
2.09916
2.09924
2.09933
2.09941
2.0995
2.09959
2.09968
2.09977
2.09985
2.09993
2.10001
2.10008
2.10015
2.10021
2.10027
2.10033
2.10038
2.10042
2.10046
2.1005
2.10053
2.10056
2.10058
2.1006
2.10061
2.10062
2.10063
2.10063
2.10062
2.10062
2.10061
2.10059
2.10058
2.10056
2.10054
2.10051
2.10049
2.10046
2.10044
2.10041
2.10039
2.10037
2.10034
2.10032
2.1003
2.10028
2.10026
2.10025
2.10023
2.10022
2.10021
2.1002
2.10019
2.10019
2.10019
2.10019
2.10019
2.10019
2.10019
2.10019
2.1002
2.1002
2.1002
2.1002
2.10019
2.10018
2.10017
2.10016
2.10014
2.10012
2.10009
2.10006
2.10003
2.09999
2.09995
2.0999
2.09986
2.09981
2.09976
2.0997
2.09965
2.0996
2.09955
2.0995
2.09946
2.09942
2.09939
2.09937
2.09935
2.09934
2.09934
2.09935
2.09936
2.09939
2.09943
2.09948
2.09953
2.09959
2.09966
2.09974
2.09982
2.09991
2.09999
2.10008
2.10017
2.10026
2.10034
2.10042
2.10049
2.10056
2.10062
2.10067
2.10071
2.10075
2.10077
2.10079
2.1008
2.1008
2.10079
2.10077
2.10075
2.10073
2.1007
2.10066
2.10063
2.10059
2.10056
2.10052
2.10049
2.10046
2.10043
2.1004
2.10038
2.10036
2.10034
2.10033
2.10032
2.10031
2.1003
2.10029
2.10028
2.10028
2.10027
2.10026
2.10025
2.10024
2.10022
2.1002
2.10019
2.10016
2.10014
2.10012
2.10009
2.10006
2.10003
2.1
2.09997
2.09994
2.09991
2.09988
2.09985
2.09982
2.09979
2.09977
2.09975
2.09973
2.09971
2.09969
2.09968
2.09967
2.09966
2.09966
2.09965
2.09965
2.09964
2.09964
2.09964
2.09964
2.09964
2.09964
2.09963
2.09963
2.09963
2.09962
2.09962
2.09961
2.09961
2.0996
2.0996
2.09959
2.09959
2.09959
2.0996
2.0996
2.09961
2.09962
2.09964
2.09965
2.09967
2.09969
2.09971
2.09974
2.09976
2.09978
2.0998
2.09982
2.09983
2.09985
2.09987
2.09988
2.09989
2.09991
2.09992
2.09994
2.09995
2.09997
2.09999
2.10001
2.10002
2.10004
2.10005
2.10007
2.10008
2.10009
2.10009
2.1001
2.10009
2.10009
2.10009
2.10008
2.10007
2.10006
2.10005
2.10004
2.10004
2.10004
2.10004
2.10005
2.10006
2.10007
2.10009
2.10011
2.10014
2.10016
2.10019
2.10021
2.10024
2.10026
2.10027
2.10029
2.10029
2.1003
2.1003
2.10029
2.10028
2.10027
2.10025
2.10023
2.10021
2.10019
2.10017
2.10015
2.10013
2.10011
2.10009
2.10007
2.10005
2.10003
2.10001
2.09999
2.09997
2.09994
2.09991
2.09988
2.09984
2.09981
2.09978
2.09974
2.09972
2.09969
2.09968
2.09967
2.09967
2.09968
2.0997
2.09972
2.09976
2.09981
2.09986
2.09991
2.09996
2.10002
2.10007
2.10012
2.10017
2.10021
2.10024
2.10026
2.10027
2.10027
2.10027
2.10025
2.10023
2.10021
2.10018
2.10014
2.10011
2.10007
2.10003
2.09999
2.09995
2.09991
2.09988
2.09984
2.0998
2.09977
2.09973
2.0997
2.09967
2.09964
2.09961
2.09958
2.09956
2.09953
2.09951
2.09949
2.09948
2.09947
2.09946
2.09945
2.09945
2.09945
2.09946
2.09947
2.09948
2.0995
2.09952
2.09955
2.09958
2.09961
2.09965
2.09968
2.09972
2.09976
2.09981
2.09985
2.09989
2.09994
2.09998
2.10003
2.10007
2.10011
2.10014
2.10018
2.1002
2.10023
2.10024
2.10026
2.10026
2.10026
2.10025
2.10024
2.10022
2.1002
2.10017
2.10014
2.10011
2.10008
2.10005
2.10003
2.1
2.09998
2.09997
2.09997
2.09997
2.09998
2.1
2.10002
2.10005
2.10008
2.10011
2.10015
2.10019
2.10022
2.10026
2.10028
2.10031
2.10032
2.10033
2.10034
2.10033
2.10032
2.1003
2.10027
2.10024
2.1002
2.10016
2.10012
2.10008
2.10003
2.09999
2.09995
2.09991
2.09987
2.09984
2.0998
2.09977
2.09973
2.0997
2.09967
2.09963
2.0996
2.09956
2.09953
2.09949
2.09945
2.09941
2.09937
2.09933
2.09929
2.09926
2.09922
2.09919
2.09916
2.09914
2.09912
2.09911
2.09911
2.09911
2.09912
2.09913
2.09915
2.09918
2.09921
2.09925
2.09929
2.09934
2.0994
2.09946
2.09952
2.09959
2.09966
2.09974
2.09982
2.0999
2.09998
2.10007
2.10016
2.10024
2.10033
2.10041
2.10049
2.10056
2.10062
2.10068
2.10073
2.10076
2.10079
2.1008
2.1008
2.10079
2.10078
2.10075
2.10072
2.10068
2.10063
2.10058
2.10053
2.10048
2.10042
2.10037
2.10033
2.10028
2.10025
2.10022
2.1002
2.10018
2.10018
2.10019
2.10022
2.10025
2.10029
2.10034
2.1004
2.10047
2.10054
2.10062
2.10069
2.10077
2.10084
2.1009
2.10096
2.101
2.10104
2.10106
2.10107
2.10107
2.10105
2.10101
2.10096
2.1009
2.10082
2.10073
2.10064
2.10053
2.10041
2.10029
2.10017
2.10005
2.09993
2.09982
2.09971
2.09962
2.09953
2.09947
2.09941
2.09937
2.09934
2.09933
2.09932
2.09933
2.09935
2.09937
2.09939
2.09942
2.09945
2.09947
2.09949
2.09951
2.09952
2.09953
2.09953
2.09953
2.09952
2.09952
2.09951
2.0995
2.0995
2.0995
2.0995
2.09952
2.09954
2.09956
2.0996
2.09964
2.0997
2.09975
2.09982
2.09989
2.09996
2.10004
2.10011
2.10019
2.10026
2.10033
2.10039
2.10044
2.10049
2.10053
2.10055
2.10057
2.10058
2.10058
2.10056
2.10054
2.10051
2.10047
2.10042
2.10037
2.10031
2.10025
2.10019
2.10012
2.10005
2.09999
2.09992
2.09986
2.09981
2.09976
2.09972
2.09969
2.09967
2.09965
2.09965
2.09966
2.09967
2.0997
2.09973
2.09977
2.09982
2.09987
2.09992
2.09999
2.10005
2.10011
2.10018
2.10024
2.10031
2.10037
2.10043
2.10048
2.10052
2.10056
2.10059
2.10061
2.10062
2.10061
2.1006
2.10057
2.10053
2.10048
2.10042
2.10035
2.10027
2.10019
2.1001
2.10001
2.09992
2.09983
2.09975
2.09967
2.09959
2.09952
2.09947
2.09942
2.09938
2.09936
2.09935
2.09935
2.09936
2.09939
2.09943
2.09948
2.09953
2.0996
2.09967
2.09974
2.09982
2.0999
2.09998
2.10005
2.10013
2.1002
2.10026
2.10032
2.10038
2.10043
2.10048
2.10053
2.10057
2.1006
2.10063
2.10066
2.10068
2.1007
2.10072
2.10074
2.10075
2.10076
2.10076
2.10077
2.10077
2.10076
2.10076
2.10075
2.10074
2.10073
2.10071
2.10069
2.10067
2.10064
2.10061
2.10059
2.10056
2.10052
2.10049
2.10046
2.10043
2.1004
2.10037
2.10035
2.10032
2.1003
2.10027
2.10025
2.10023
2.10021
2.10019
2.10017
2.10015
2.10013
2.10011
2.10008
2.10005
2.10003
2.1
2.09997
2.09994
2.09991
2.09988
2.09985
2.09982
2.09979
2.09977
2.09975
2.09973
2.09972
2.09971
2.09971
2.09971
2.09971
2.09972
2.09974
2.09976
2.09978
2.0998
2.09983
2.09985
2.09988
2.09991
2.09993
2.09995
2.09997
2.09999
2.10001
2.10002
2.10003
2.10003
2.10004
2.10004
2.10004
2.10003
2.10003
2.10003
2.10002
2.10002
2.10002
2.10002
2.10002
2.10003
2.10004
2.10005
2.10006
2.10007
2.10008
2.1001
2.10011
2.10013
2.10014
2.10015
2.10016
2.10017
2.10017
2.10017
2.10017
2.10016
2.10015
2.10014
2.10012
2.10011
2.10009
2.10007
2.10005
2.10003
2.10002
2.1
2.09998
2.09996
2.09995
2.09994
2.09992
2.09991
2.0999
2.09989
2.09989
2.09988
2.09987
2.09987
2.09986
2.09985
2.09984
2.09984
2.09983
2.09982
2.09981
2.0998
2.0998
2.09979
2.09979
2.09979
2.09979
2.0998
2.09981
2.09982
2.09984
2.09986
2.09989
2.09993
2.09997
2.10001
2.10006
2.1001
2.10015
2.1002
2.10024
2.10029
2.10032
2.10036
2.10039
2.10041
2.10042
2.10043
2.10043
2.10042
2.10041
2.10039
2.10037
2.10034
2.1003
2.10027
2.10022
2.10018
2.10013
2.10008
2.10002
2.09997
2.09991
2.09985
2.09979
2.09973
2.09967
2.0996
2.09954
2.09948
2.09943
2.09937
2.09932
2.09926
2.09922
2.09917
2.09913
2.0991
2.09907
2.09905
2.09904
2.09903
2.09903
2.09903
2.09905
2.09907
2.0991
2.09914
2.09918
2.09923
2.09928
2.09934
2.0994
2.09947
2.09953
2.09959
2.09966
2.09972
2.09978
2.09983
2.09988
2.09993
2.09998
2.10002
2.10006
2.1001
2.10013
2.10016
2.10018
2.10021
2.10022
2.10024
2.10025
2.10026
2.10027
2.10027
2.10027
2.10027
2.10027
2.10026
2.10026
2.10025
2.10024
2.10024
2.10023
2.10022
2.10022
2.10021
2.10021
2.1002
2.10019
2.10018
2.10017
2.10015
2.10013
2.10011
2.10009
2.10006
2.10002
2.09998
2.09994
2.0999
2.09986
2.09981
2.09976
2.09971
2.09967
2.09963
2.09959
2.09956
2.09954
2.09952
2.09951
2.09951
2.09952
2.09954
2.09957
2.09961
2.09966
2.09971
2.09977
2.09984
2.0999
2.09997
2.10004
2.1001
2.10017
2.10023
2.10028
2.10033
2.10037
2.10041
2.10043
2.10045
2.10046
2.10047
2.10047
2.10046
2.10045
2.10043
2.1004
2.10037
2.10034
2.10031
2.10027
2.10023
2.10019
2.10015
2.10012
2.10008
2.10005
2.10002
2.1
2.09998
2.09997
2.09996
2.09996
2.09997
2.09998
2.09999
2.10002
2.10004
2.10007
2.1001
2.10014
2.10018
2.10021
2.10025
2.10029
2.10033
2.10037
2.1004
2.10044
2.10047
2.1005
2.10053
2.10056
2.10059
2.10062
2.10064
2.10066
2.10068
2.10069
2.10071
2.10072
2.10073
2.10073
2.10073
2.10073
2.10073
2.10072
2.10071
2.1007
2.10069
2.10068
2.10067
2.10066
2.10064
2.10063
2.10061
2.1006
2.10058
2.10057
2.10055
2.10053
2.10051
2.10049
2.10047
2.10044
2.10041
2.10038
2.10034
2.1003
2.10026
2.10022
2.10017
2.10012
2.10007
2.10002
2.09997
2.09991
2.09986
2.0998
2.09974
2.09969
2.09963
2.09958
2.09952
2.09947
2.09941
2.09936
2.09932
2.09927
2.09922
2.09918
2.09915
2.09911
2.09908
2.09905
2.09903
2.09901
2.099
2.09899
2.09899
2.09899
2.099
2.09901
2.09903
2.09906
2.09909
2.09913
2.09917
2.09922
2.09928
2.09934
2.0994
2.09947
2.09954
2.09961
2.09968
2.09975
2.09982
2.09989
2.09995
2.10001
2.10007
2.10012
2.10016
2.1002
2.10023
2.10024
2.10026
2.10026
2.10025
2.10024
2.10022
2.10019
2.10016
2.10013
2.1001
2.10007
2.10004
2.10002
2.1
2.09999
2.09999
2.1
2.10002
2.10004
2.10006
2.10008
2.10011
2.10013
2.10014
2.10015
2.10015
2.10014
2.10013
2.10011
2.10008
2.10004
2.1
2.09996
2.09992
2.09987
2.09983
2.09979
2.09975
2.09971
2.09968
2.09965
2.09963
2.09961
2.0996
2.0996
2.0996
2.0996
2.09961
2.09963
2.09964
2.09966
2.09969
2.09971
2.09973
2.09976
2.09978
2.0998
2.09981
2.09982
2.09983
2.09983
2.09983
2.09983
2.09982
2.09981
2.09979
2.09977
2.09975
2.09973
2.0997
2.09968
2.09965
2.09962
2.09959
2.09955
2.09952
2.09949
2.09945
2.09942
2.09938
2.09934
2.0993
2.09926
2.09922
2.09918
2.09914
2.0991
2.09905
2.09901
2.09896
2.09892
2.09887
2.09882
2.09878
2.09873
2.09868
2.09864
2.09859
2.09855
2.09852
2.09848
2.09845
2.09843
2.09842
2.09841
2.09841
2.09842
2.09844
2.09848
2.09853
2.09859
2.09867
2.09876
2.09887
2.09898
2.09911
2.09925
2.0994
2.09955
2.0997
2.09986
2.10002
2.10017
2.10031
2.10045
2.10058
2.1007
2.10082
2.10092
2.10101
2.1011
2.10117
2.10124
2.1013
2.10135
2.1014
2.10145
2.10148
2.10152
2.10155
2.10157
2.1016
2.10161
2.10163
2.10164
2.10164
2.10164
2.10164
2.10162
2.10161
2.10158
2.10156
2.10152
2.10148
2.10144
2.10139
2.10134
2.10128
2.10123
2.10117
2.10111
2.10105
2.101
2.10095
2.10091
2.10087
2.10084
2.10082
2.10081
2.10081
2.10082
2.10084
2.10087
2.10091
2.10095
2.101
2.10105
2.10111
2.10116
2.10121
2.10125
2.10129
2.10132
2.10134
2.10135
2.10135
2.10134
2.10132
2.10129
2.10124
2.10119
2.10113
2.10106
2.10098
2.10089
2.1008
2.10071
2.10061
2.10051
2.10041
2.1003
2.10019
2.10008
2.09997
2.09986
2.09976
2.09965
2.09955
2.09945
2.09935
2.09925
2.09917
2.09908
2.099
2.09893
2.09886
2.09881
2.09875
2.09871
2.09867
2.09864
2.09861
2.0986
2.09859
2.09859
2.09859
2.0986
2.09862
2.09864
2.09867
2.0987
2.09874
2.09879
2.09883
2.09889
2.09894
2.099
2.09906
2.09912
2.09918
2.09925
2.09931
2.09937
2.09943
2.09948
2.09953
2.09958
2.09963
2.09967
2.09971
2.09975
2.09978
2.09981
2.09984
2.09987
2.09989
2.09991
2.09993
2.09995
2.09996
2.09998
2.09999
2.1
2.10001
2.10002
2.10003
2.10003
2.10004
2.10004
2.10004
2.10004
2.10004
2.10003
2.10003
2.10003
2.10002
2.10001
2.10001
2.1
2.09999
2.09999
2.09998
2.09997
2.09996
2.09995
2.09994
2.09993
2.09993
2.09992
2.09992
2.09991
2.09991
2.09991
2.09992
2.09993
2.09994
2.09995
2.09997
2.09999
2.10001
2.10003
2.10006
2.10009
2.10012
2.10015
2.10018
2.10022
2.10025
2.10028
2.10031
2.10035
2.10038
2.1004
2.10043
2.10045
2.10047
2.10049
2.1005
2.1005
2.1005
2.10049
2.10048
2.10046
2.10043
2.10039
2.10035
2.1003
2.10024
2.10018
2.10012
2.10005
2.09997
2.0999
2.09982
2.09975
2.09967
2.0996
2.09953
2.09947
2.09941
2.09935
2.09931
2.09927
2.09924
2.09922
2.0992
2.0992
2.0992
2.09921
2.09922
2.09925
2.09927
2.0993
2.09934
2.09937
2.09941
2.09944
2.09948
2.09951
2.09954
2.09957
2.0996
2.09963
2.09965
2.09967
2.09968
2.0997
2.09971
2.09973
2.09974
2.09975
2.09977
2.09978
2.0998
2.09983
2.09985
2.09988
2.09992
2.09996
2.1
2.10004
2.10008
2.10013
2.10017
2.10021
2.10025
2.10029
2.10032
2.10034
2.10036
2.10037
2.10038
2.10038
2.10037
2.10036
2.10034
2.10032
2.10029
2.10026
2.10024
2.10021
2.10018
2.10015
2.10012
2.1001
2.10008
2.10006
2.10005
2.10004
2.10003
2.10003
2.10003
2.10004
2.10005
2.10007
2.10009
2.10011
2.10014
2.10018
2.10022
2.10026
2.10031
2.10036
2.10042
2.10048
2.10054
2.10061
2.10067
2.10074
2.10081
2.10088
2.10095
2.10102
2.10108
2.10114
2.10119
2.10124
2.10128
2.10131
2.10133
2.10134
2.10135
2.10134
2.10133
2.1013
2.10127
2.10123
2.10118
2.10112
2.10105
2.10097
2.10089
2.10081
2.10071
2.10062
2.10052
2.10041
2.10031
2.1002
2.1001
2.09999
2.09989
2.09979
2.0997
2.09961
2.09953
2.09946
2.09939
2.09934
2.09929
2.09925
2.09923
2.09921
2.0992
2.0992
2.09921
2.09923
2.09926
2.09929
2.09933
2.09937
2.09941
2.09946
2.09951
2.09956
2.09961
2.09966
2.09971
2.09976
2.0998
2.09984
2.09988
2.09992
2.09995
2.09997
2.1
2.10002
2.10003
2.10005
2.10006
2.10007
2.10008
2.10009
2.1001
2.10011
2.10012
2.10013
2.10015
2.10017
2.10019
2.10021
2.10023
2.10026
2.10029
2.10031
2.10034
2.10036
2.10039
2.10041
2.10043
2.10045
2.10046
2.10047
2.10048
2.10049
2.1005
2.1005
2.1005
2.10051
2.10051
2.10051
2.10052
2.10052
2.10053
2.10053
2.10054
2.10055
2.10055
2.10056
2.10056
2.10056
2.10056
2.10056
2.10055
2.10053
2.10051
2.10049
2.10046
2.10042
2.10038
2.10033
2.10027
2.1002
2.10013
2.10005
2.09997
2.09988
2.09978
2.09967
2.09957
2.09945
2.09934
2.09922
2.09909
2.09897
2.09884
2.09872
2.09859
2.09847
2.09835
2.09824
2.09813
2.09803
2.09794
2.09786
2.09779
2.09773
2.09769
2.09766
2.09765
2.09765
2.09767
2.09771
2.09776
2.09782
2.09789
2.09798
2.09807
2.09817
2.09827
2.09838
2.09849
2.09859
2.09869
2.09879
2.09889
2.09897
2.09905
2.09912
2.09918
2.09923
2.09928
2.09932
2.09936
2.09939
2.09942
2.09944
2.09948
2.09951
2.09955
2.0996
2.09966
2.09973
2.0998
2.09989
2.09998
2.10008
2.10018
2.10029
2.1004
2.10051
2.10062
2.10072
2.10082
2.1009
2.10098
2.10104
2.10109
2.10112
2.10115
2.10115
2.10115
2.10113
2.10111
2.10107
2.10102
2.10097
2.10091
2.10084
2.10077
2.1007
2.10063
2.10056
2.1005
2.10043
2.10037
2.10032
2.10027
2.10022
2.10018
2.10014
2.10011
2.10009
2.10007
2.10006
2.10004
2.10004
2.10003
2.10003
2.10003
2.10003
2.10004
2.10004
2.10004
2.10005
2.10005
2.10005
2.10005
2.10004
2.10003
2.10002
2.10001
2.1
2.09998
2.09996
2.09993
2.0999
2.09988
2.09985
2.09981
2.09978
2.09975
2.09973
2.0997
2.09968
2.09966
2.09964
2.09963
2.09963
2.09963
2.09963
2.09964
2.09966
2.09968
2.0997
2.09974
2.09978
2.09982
2.09987
2.09993
2.09999
2.10006
2.10014
2.10022
2.1003
2.10039
2.10048
2.10057
2.10066
2.10074
2.10083
2.1009
2.10098
2.10104
2.1011
2.10116
2.1012
2.10124
2.10127
2.10129
2.10131
2.10132
2.10132
2.10132
2.10131
2.1013
2.10128
2.10125
2.10122
2.10119
2.10115
2.10111
2.10107
2.10102
2.10097
2.10092
2.10087
2.10081
2.10075
2.1007
2.10064
2.10058
2.10053
2.10047
2.10042
2.10037
2.10032
2.10027
2.10023
2.10019
2.10015
2.10012
2.10009
2.10007
2.10005
2.10004
2.10004
2.10003
2.10004
2.10005
2.10006
2.10008
2.1001
2.10013
2.10015
2.10018
2.10021
2.10024
2.10027
2.10029
2.10031
2.10033
2.10034
2.10034
2.10034
2.10033
2.10031
2.10028
2.10025
2.10021
2.10016
2.1001
2.10004
2.09997
2.0999
2.09982
2.09973
2.09965
2.09956
2.09947
2.09938
2.09929
2.0992
2.09912
2.09904
2.09897
2.09891
2.09886
2.09882
2.0988
2.09879
2.0988
2.09882
2.09886
2.0989
2.09896
2.09902
2.09908
2.09915
2.09921
2.09928
2.09934
2.09939
2.09944
2.09947
2.09951
2.09953
2.09955
2.09956
2.09956
2.09956
2.09955
2.09954
2.09952
2.09951
2.09949
2.09947
2.09945
2.09944
2.09943
2.09943
2.09943
2.09943
2.09945
2.09947
2.0995
2.09953
2.09957
2.09961
2.09966
2.09972
2.09978
2.09984
2.0999
2.09996
2.10003
2.10009
2.10015
2.10021
2.10027
2.10033
2.10038
2.10043
2.10047
2.1005
2.10053
2.10055
2.10056
2.10056
2.10055
2.10053
2.1005
2.10046
2.10041
2.10036
2.10029
2.10022
2.10015
2.10007
2.09999
2.09991
2.09983
2.09975
2.09968
2.09961
2.09955
2.0995
2.09945
2.09942
2.09939
2.09937
2.09937
2.09938
2.09939
2.09942
2.09945
2.0995
2.09955
2.0996
2.09966
2.09972
2.09978
2.09985
2.09991
2.09996
2.10001
2.10006
2.1001
2.10014
2.10016
2.10019
2.10021
2.10022
2.10024
2.10025
2.10027
2.10029
2.10031
2.10034
2.10037
2.10041
2.10046
2.10052
2.10058
2.10065
2.10072
2.1008
2.10088
2.10096
2.10103
2.10111
2.10118
2.10125
2.10131
2.10137
2.10142
2.10147
2.10151
2.10154
2.10157
2.10159
2.1016
2.10161
2.10161
2.1016
2.10158
2.10156
2.10152
2.10148
2.10143
2.10137
2.1013
2.10123
2.10114
2.10105
2.10096
2.10086
2.10075
2.10065
2.10054
2.10043
2.10032
2.10021
2.1001
2.1
2.0999
2.09981
2.09972
2.09963
2.09956
2.09949
2.09943
2.09937
2.09932
2.09928
2.09924
2.09921
2.09919
2.09917
2.09916
2.09915
2.09914
2.09913
2.09912
2.09912
2.09911
2.0991
2.09908
2.09906
2.09904
2.09901
2.09897
2.09894
2.0989
2.09885
2.0988
2.09876
2.09871
2.09866
2.09862
2.09858
2.09855
2.09853
2.09851
2.09851
2.09851
2.09853
2.09856
2.0986
2.09865
2.09871
2.09878
2.09886
2.09894
2.09903
2.09911
2.0992
2.09929
2.09938
2.09946
2.09954
2.09961
2.09967
2.09973
2.09978
2.09982
2.09986
2.0999
2.09992
2.09995
2.09997
2.09999
2.1
2.10002
2.10003
2.10005
2.10007
2.10009
2.10011
2.10013
2.10016
2.10019
2.10022
2.10025
2.10029
2.10032
2.10036
2.10039
2.10042
2.10045
2.10048
2.10051
2.10053
2.10055
2.10057
2.10058
2.10059
2.1006
2.10061
2.10061
2.10062
2.10062
2.10062
2.10063
2.10063
2.10063
2.10064
2.10064
2.10065
2.10065
2.10066
2.10066
2.10066
2.10066
2.10065
2.10064
2.10063
2.10061
2.10059
2.10057
2.10054
2.10051
2.10047
2.10044
2.1004
2.10036
2.10032
2.10028
2.10024
2.1002
2.10017
2.10014
2.1001
2.10008
2.10005
2.10003
2.10001
2.1
2.09999
2.09998
2.09998
2.09998
2.09999
2.1
2.10001
2.10002
2.10004
2.10006
2.10007
2.10009
2.10011
2.10013
2.10014
2.10016
2.10017
2.10018
2.10019
2.1002
2.1002
2.10021
2.10021
2.10021
2.10021
2.10021
2.10021
2.10021
2.10021
2.10021
2.10022
2.10022
2.10023
2.10024
2.10026
2.10027
2.10029
2.10032
2.10034
2.10037
2.1004
2.10042
2.10046
2.10049
2.10052
2.10054
2.10057
2.10059
2.1006
2.10061
2.10062
2.10062
2.10061
2.10059
2.10057
2.10054
2.1005
2.10046
2.10041
2.10035
2.10029
2.10024
2.10017
2.10011
2.10006
2.1
2.09995
2.0999
2.09985
2.09982
2.09979
2.09976
2.09975
2.09974
2.09973
2.09974
2.09975
2.09976
2.09978
2.09981
2.09983
2.09986
2.09989
2.09992
2.09995
2.09997
2.09999
2.1
2.10001
2.10001
2.1
2.09999
2.09998
2.09995
2.09993
2.0999
2.09987
2.09984
2.0998
2.09976
2.09972
2.09968
2.09963
2.09959
2.09954
2.09949
2.09943
2.09938
2.09932
2.09926
2.09919
2.09913
2.09907
2.099
2.09894
2.09887
2.09881
2.09875
2.0987
2.09865
2.0986
2.09856
2.09853
2.09851
2.0985
2.0985
2.09851
2.09853
2.09856
2.09861
2.09866
2.09872
2.0988
2.09888
2.09897
2.09906
2.09915
2.09925
2.09935
2.09945
2.09955
2.09964
2.09973
2.09982
2.0999
2.09999
2.10006
2.10014
2.10021
2.10029
2.10035
2.10042
2.10049
2.10055
2.10062
2.10067
2.10073
2.10078
2.10083
2.10088
2.10092
2.10095
2.10098
2.10101
2.10102
2.10104
2.10105
2.10105
2.10105
2.10105
2.10104
2.10104
2.10103
2.10102
2.10101
2.10099
2.10098
2.10097
2.10095
2.10094
2.10093
2.10091
2.1009
2.10089
2.10087
2.10086
2.10085
2.10084
2.10083
2.10083
2.10082
2.10082
2.10081
2.10081
2.10081
2.10081
2.10081
2.10081
2.10081
2.1008
2.1008
2.10079
2.10077
2.10076
2.10073
2.1007
2.10067
2.10063
2.10059
2.10054
2.10048
2.10042
2.10036
2.10029
2.10022
2.10015
2.10007
2.1
2.09993
2.09986
2.09979
2.09972
2.09966
2.09959
2.09953
2.09948
2.09942
2.09937
2.09932
2.09927
2.09923
2.09918
2.09914
2.0991
2.09906
2.09902
2.09899
2.09897
2.09895
2.09894
2.09894
2.09895
2.09897
2.09899
2.09903
2.09907
2.09912
2.09917
2.09923
2.09928
2.09934
2.09939
2.09945
2.0995
2.09955
2.0996
2.09965
2.09971
2.09976
2.09982
2.09988
2.09994
2.1
2.10006
2.10012
2.10017
2.10022
2.10026
2.10029
2.10031
2.10033
2.10033
2.10033
2.10031
2.10029
2.10026
2.10023
2.1002
2.10016
2.10012
2.10008
2.10004
2.10001
2.09997
2.09994
2.09992
2.0999
2.09988
2.09987
2.09986
2.09985
2.09985
2.09985
2.09985
2.09986
2.09986
2.09987
2.09988
2.09989
2.0999
2.09991
2.09993
2.09994
2.09996
2.09997
2.09999
2.10001
2.10003
2.10006
2.10008
2.10011
2.10013
2.10016
2.10019
2.10021
2.10024
2.10026
2.10028
2.1003
2.10031
2.10032
2.10033
2.10033
2.10033
2.10033
2.10032
2.1003
2.10029
2.10027
2.10025
2.10023
2.10021
2.10019
2.10017
2.10016
2.10015
2.10014
2.10014
2.10015
2.10015
2.10017
2.10018
2.1002
2.10022
2.10025
2.10027
2.1003
2.10032
2.10034
2.10036
2.10038
2.1004
2.10042
2.10043
2.10044
2.10045
2.10046
2.10046
2.10047
2.10047
2.10047
2.10047
2.10047
2.10047
2.10046
2.10046
2.10045
2.10044
2.10043
2.10042
2.10041
2.1004
2.10038
2.10037
2.10035
2.10033
2.10031
2.10029
2.10026
2.10024
2.10021
2.10018
2.10016
2.10013
2.1001
2.10007
2.10004
2.10001
2.09997
2.09994
2.09991
2.09988
2.09985
2.09982
2.09979
2.09976
2.09972
2.09969
2.09966
2.09963
2.09959
2.09956
2.09952
2.09948
2.09944
2.0994
2.09935
2.09931
2.09926
2.09922
2.09918
2.09913
2.09909
2.09906
2.09902
2.09899
2.09896
2.09894
2.09892
2.0989
2.09889
2.09889
2.09889
2.09889
2.0989
2.09891
2.09892
2.09893
2.09895
2.09897
2.099
2.09903
2.09905
2.09909
2.09912
2.09916
2.09921
2.09925
2.09931
2.09937
2.09943
2.09949
2.09956
2.09964
2.09972
2.0998
2.09988
2.09996
2.10004
2.10013
2.10021
2.10029
2.10036
2.10043
2.1005
2.10056
2.10061
2.10066
2.1007
2.10073
2.10075
2.10077
2.10077
2.10076
2.10074
2.10072
2.10068
2.10064
2.10058
2.10052
2.10046
2.10039
2.10031
2.10023
2.10015
2.10007
2.09999
2.09991
2.09983
2.09976
2.09969
2.09962
2.09955
2.0995
2.09944
2.09939
2.09935
2.09931
2.09928
2.09925
2.09922
2.09921
2.09919
2.09918
2.09918
2.09919
2.09919
2.09921
2.09922
2.09925
2.09928
2.09931
2.09934
2.09938
2.09942
2.09946
2.0995
2.09954
2.09958
2.09962
2.09965
2.09968
2.0997
2.09971
2.09972
2.09972
2.09972
2.09971
2.09969
2.09966
2.09963
2.0996
2.09956
2.09951
2.09947
2.09942
2.09937
2.09932
2.09927
2.09923
2.09918
2.09914
2.0991
2.09906
2.09903
2.099
2.09897
2.09895
2.09893
2.09892
2.09892
2.09892
2.09893
2.09896
2.09899
2.09903
2.09908
2.09914
2.09921
2.09929
2.09938
2.09947
2.09956
2.09965
2.09974
2.09984
2.09992
2.1
2.10008
2.10015
2.1002
2.10025
2.10029
2.10032
2.10034
2.10035
2.10036
2.10035
2.10034
2.10033
2.10031
2.10028
2.10026
2.10023
2.1002
2.10017
2.10014
2.10012
2.1001
2.10009
2.10008
2.10007
2.10008
2.10009
2.10011
2.10014
2.10018
2.10022
2.10028
2.10033
2.1004
2.10047
2.10054
2.10061
2.10068
2.10075
2.10082
2.10089
2.10095
2.101
2.10105
2.1011
2.10113
2.10116
2.10118
2.1012
2.1012
2.1012
2.1012
2.10119
2.10118
2.10116
2.10114
2.10112
2.10109
2.10107
2.10105
2.10103
2.10101
2.10099
2.10097
2.10095
2.10094
2.10093
2.10092
2.10091
2.10091
2.10091
2.10091
2.10091
2.10091
2.10092
2.10092
2.10093
2.10093
2.10094
2.10095
2.10095
2.10096
2.10096
2.10097
2.10097
2.10097
2.10097
2.10096
2.10095
2.10094
2.10093
2.10091
2.10089
2.10087
2.10084
2.10081
2.10077
2.10073
2.10069
2.10064
2.1006
2.10055
2.10049
2.10044
2.10039
2.10033
2.10028
2.10023
2.10018
2.10013
2.10008
2.10003
2.09999
2.09995
2.09991
2.09987
2.09984
2.09981
2.09979
2.09977
2.09975
2.09973
2.09972
2.0997
2.09969
2.09968
2.09967
2.09966
2.09965
2.09964
2.09963
2.09961
2.09959
2.09958
2.09956
2.09954
2.09952
2.0995
2.09948
2.09947
2.09945
2.09944
2.09944
2.09943
2.09943
2.09944
2.09944
2.09945
2.09947
2.09948
2.0995
2.09951
2.09953
2.09954
2.09956
2.09957
2.09958
2.09959
2.0996
2.0996
2.0996
2.0996
2.0996
2.09959
2.09959
2.09959
2.09959
2.09959
2.0996
2.09961
2.09963
2.09965
2.09968
2.09972
2.09975
2.0998
2.09985
2.0999
2.09996
2.10002
2.10008
2.10015
2.10021
2.10028
2.10035
2.10041
2.10047
2.10053
2.10059
2.10065
2.1007
2.10075
2.1008
2.10084
2.10088
2.10091
2.10094
2.10096
2.10098
2.10099
2.101
2.101
2.10099
2.10098
2.10096
2.10094
2.10091
2.10087
2.10083
2.10079
2.10074
2.10069
2.10064
2.10059
2.10054
2.1005
2.10045
2.1004
2.10036
2.10031
2.10027
2.10023
2.10019
2.10016
2.10012
2.10009
2.10005
2.10002
2.09998
2.09994
2.0999
2.09986
2.09981
2.09976
2.0997
2.09964
2.09958
2.09951
2.09944
2.09936
2.09928
2.0992
2.09912
2.09904
2.09896
2.09889
2.09883
2.09877
2.09872
2.09868
2.09865
2.09863
2.09863
2.09863
2.09865
2.09867
2.09871
2.09875
2.09879
2.09884
