4.77983
0.22348
0.727915
8.72796
3.57628
3.01748
5.84769
1.37463
0.0324281
4.15304
7.87364
8.87739
1.11793
3.89147
9.43333
2.46883
8.30945
7.93373
9.08912
2.49255
1.82168
0.191913
6.13485
9.91675
2.61144
6.73301
3.32114
3.79272
2.64237
9.00398
9.593
0.123089
8.60513
6.99436
0.733146
0.330282
3.10199
6.12229
4.33827
1.98024
7.1895
0.455232
9.80683
4.00535
2.12857
8.30747
4.10523
2.86024
8.21241
5.90538
5.22936
8.32459
1.5463
3.67715
3.07776
0.177275
1.45746
0.240951
7.67508
2.95695
3.37174
8.93885
2.0197
3.1175
4.26489
0.947914
6.12228
1.98494
1.07347
1.32145
8.3765
4.85661
4.84679
2.60346
3.55174
8.64939
6.83911
7.37092
6.27067
8.05483
8.20488
6.59361
1.49515
9.38669
7.73262
9.31732
1.01237
2.86251
0.260132
4.48732
0.445652
1.82789
8.99068
2.45853
1.0431
8.45853
0.344799
1.38343
2.28312
0.410765
9.12185
5.47399
9.41912
6.06254
9.5528
9.60632
0.814907
3.72305
9.63159
5.79307
5.80681
6.19638
9.56511
6.1078
2.06121
3.35994
2.4174
8.1322
5.52536
4.59466
5.12138
7.85501
6.51725
9.46353
1.86038
8.0002
2.59022
9.96008
7.07306
9.33709
3.26302
3.16727
1.04868
1.70255
6.05865
8.53806
1.21092
8.10889
4.86629
3.7107
2.57582
5.24542
5.72111
3.26365
7.98265
0.89619
1.6101
3.24056
4.90564
3.75561
7.54681
2.60148
0.600464
8.43282
1.60984
9.0755
5.52653
5.2596
2.53128
6.17892
0.557087
2.61428
7.42664
5.20209
5.5531
3.29604
8.34789
5.20571
1.66203
5.76289
0.797115
4.2748
6.30225
4.96883
0.757727
0.305779
4.2522
6.62952
1.43927
5.69265
8.88127
7.67056
5.34251
5.26867
2.80301
6.30665
5.84463
4.40677
4.3785
5.52355
8.9729
5.0171
4.09439
0.244199
0.836006
7.55709
1.08481
6.38931
2.88145
6.60684
6.98885
2.67268
0.338069
1.97999
5.67243
7.20801
1.62046
5.52504
5.20557
1.66365
5.66202
5.81331
2.28247
3.10673
8.28089
1.12519
7.61872
8.04083
8.80028
8.18408
3.55728
2.92323
4.16104
9.96767
7.18323
4.48437
0.498225
7.78515
5.13
1.39036
6.89495
10.0726
7.82943
6.93624
8.49435
6.629
6.96354
1.7284
5.65512
7.90478
7.76105
0.91835
0.530759
4.55424
2.60956
6.40065
8.26024
5.10609
9.76597
4.45753
3.13484
6.92264
9.28754
8.09547
7.66461
2.17818
8.5693
6.1474
5.67921
3.66542
7.20805
3.0826
7.45653
5.68111
9.10463
1.82925
5.22459
2.1507
9.16521
1.98325
7.18666
8.27514
6.42043
7.55331
0.202512
2.07622
2.71627
9.57651
9.23385
9.70893
7.9085
9.17044
0.381105
5.17548
5.10153
4.15223
3.52832
9.35984
5.78889
9.61042
8.83213
1.68124
8.17366
10.0339
7.2629
7.78571
2.55239
9.56833
3.58957
1.20044
8.71647
7.194
5.69658
6.21342
7.68866
4.00672
4.60455
8.08385
2.72223
7.87905
1.26906
3.2672
0.218848
6.60416
3.05831
3.06984
9.66145
4.49797
8.53008
1.42012
7.06089
4.80122
8.55954
6.68642
1.15114
6.17888
9.88085
2.70792
1.93041
2.12823
4.06107
1.76249
2.50872
6.37431
4.82812
6.3144
7.44361
0.341772
5.36983
2.56113
9.31486
4.27003
7.61198
3.25381
4.92693
0.55626
6.96579
7.93797
2.64283
6.67284
6.65813
1.68514
1.93348
9.13578
0.327523
7.98015
3.84505
1.91256
7.55461
6.53377
7.40063
2.34846
2.61995
6.94502
9.49433
1.30297
2.72197
1.75349
5.47229
4.56488
9.55943
6.77571
6.94036
7.34907
2.00215
4.90736
7.20342
9.70291
7.40774
0.479187
4.61023
7.85387
8.03628
1.86241
0.610277
5.78751
10.0091
1.95128
0.463962
6.38798
0.946226
6.80171
0.585782
3.44653
6.16037
7.05097
5.01026
4.66978
6.73414
1.13812
9.07889
9.53236
9.89766
1.17498
9.60307
6.90539
1.41381
8.80156
6.40676
5.25805
8.04586
5.74763
9.80558
1.17318
8.4002
5.67335
3.28127
5.18535
0.520491
7.0581
10.0098
9.96003
9.93211
8.84652
9.98363
9.22032
4.31301
5.87111
1.22496
8.13564
3.20933
1.58968
4.80848
1.71651
2.68576
1.01095
7.22129
2.49339
1.70753
4.15022
2.29025
3.69426
5.37086
3.27832
4.4196
3.84934
4.94955
4.65834
3.04955
5.02795
7.86622
0.472407
1.97053
8.01632
3.46413
6.52908
7.59686
9.9668
7.28943
8.42465
8.29307
4.41227
0.633148
4.73378
1.90019
8.11831
4.55776
7.04195
0.614768
8.74157
0.800242
7.99804
0.357567
6.35599
9.53503
2.82691
0.361289
3.99362
6.17682
3.31662
4.0891
1.60512
4.63199
4.40345
0.648023
4.92076
0.49408
5.66401
3.35682
7.67685
6.25998
2.97079
5.30476
8.84854
1.2292
3.80839
6.10194
1.54306
0.868232
4.84231
9.22074
9.30181
4.06496
0.442901
4.43803
3.11985
5.468
2.83309
2.23448
6.26206
9.1782
7.0807
