6.2455
3.13518
5.74053
2.67347
0.0228937
6.49295
2.44452
6.4588
5.71035
1.77061
1.30775
5.26639
0.222997
6.57088
0.999576
3.27717
3.91546
9.425
9.28658
4.81199
0.73349
7.63936
8.19424
6.37844
1.40006
0.189877
0.0350254
1.58401
4.58989
1.81728
7.88032
2.59736
4.99973
1.61285
2.41509
8.81923
1.01956
9.84804
3.3933
1.79504
1.51154
4.64414
8.49262
6.15064
1.23971
9.30355
5.46211
7.12387
6.35104
6.54706
9.25407
6.77275
5.57427
4.01812
6.38095
7.31993
3.26717
2.39217
8.23988
3.55022
5.66451
4.0318
3.09793
8.41288
9.83487
8.55739
4.19449
9.88384
0.767904
5.28685
1.77866
0.904847
9.53908
6.02575
8.246
1.48093
1.06729
1.84048
5.75341
4.25057
9.64867
8.26093
8.11431
6.37099
3.33986
6.9455
1.15902
0.230031
0.506898
7.61862
4.41608
3.20241
3.06466
7.3328
4.78572
3.95806
3.63183
9.72096
6.8182
7.9042
2.64334
1.71526
1.26857
0.45705
3.35719
8.76081
9.95637
6.41398
1.73687
9.86366
3.62788
6.50292
3.20146
2.59309
3.86478
0.556042
4.33012
6.22248
3.81543
0.730027
5.46915
7.06353
2.33315
3.54888
7.64354
1.87727
2.17161
8.45262
1.65363
9.1192
8.82499
8.77416
2.70449
6.2838
1.58899
4.55767
8.91906
5.40048
7.48119
9.56079
4.2582
0.426972
2.61449
0.148265
0.0986352
5.83152
7.51834
7.13682
9.36962
5.33558
5.3018
6.02378
5.52263
4.20276
5.8637
3.51072
1.37562
4.81359
1.81925
1.50342
9.76313
3.43925
3.73037
7.99841
7.38212
4.96475
4.37661
6.94798
6.28552
4.61297
9.72643
7.07195
0.284513
2.5529
5.0947
7.04508
9.42149
6.63109
8.91733
5.47117
7.22835
4.60095
1.97184
3.94774
7.70498
1.69647
4.33826
2.59149
8.32805
9.20361
4.91803
7.80699
1.88774
8.58144
7.36017
6.48216
7.10918
8.39228
5.00815
4.62045
6.79445
9.04564
1.54804
7.17906
2.31595
5.44249
0.319373
6.51443
9.3144
2.41233
8.62515
6.35344
6.9887
7.28442
0.739674
1.13587
8.29485
2.77169
3.9214
3.22942
1.27764
3.31636
0.550671
3.6513
0.426272
8.82413
0.803952
8.01293
7.76617
2.40478
7.50269
8.45616
5.46529
7.82281
4.41966
0.654298
2.89778
3.54651
5.84208
3.23004
7.70871
6.86598
0.710379
6.51459
1.494
8.78181
4.26701
7.04352
5.78365
1.51975
1.48702
6.54406
5.24298
6.91821
8.58177
3.7136
6.06523
7.89564
2.51191
9.49298
2.64959
5.74917
0.19572
0.0707696
3.31498
4.70483
7.89883
1.83465
3.86213
4.07322
1.77874
6.76169
2.94637
4.01083
3.29426
3.30687
4.02957
5.43835
9.64038
5.29665
9.04199
6.86711
7.17905
1.51331
6.8068
5.0478
9.96889
9.81378
9.01543
1.86383
7.93632
4.78027
6.30205
8.70617
1.53949
7.43073
3.48727
2.19092
7.90947
4.5118
4.43441
9.37853
8.56727
8.35241
0.268385
1.23966
3.69034
4.95137
8.30625
5.02963
1.60551
3.10809
7.08328
5.97345
9.13958
3.81528
6.51413
0.727041
1.0686
7.09212
3.66972
1.09039
8.52145
9.6435
7.47456
2.67632
2.96554
8.00283
6.49184
4.72582
7.34358
5.81481
8.84605
4.81875
0.0813724
0.174624
9.46132
9.08674
3.74948
3.16586
5.87354
0.52931
5.8888
1.83966
6.4494
3.20244
8.8917
4.07505
5.14838
8.17023
3.7497
8.38061
7.49542
8.33498
3.49361
1.49591
3.90091
0.844936
3.67122
8.47277
3.0478
8.47446
4.25755
6.98631
5.03671
4.13374
7.82079
7.29853
7.38787
2.66332
2.26598
2.52744
5.65856
3.75292
5.76799
1.50903
9.71481
1.72698
5.49631
8.3162
0.189355
5.14386
1.01059
2.17032
6.74044
3.36655
9.92394
1.99448
5.16198
2.95495
2.80656
3.35219
0.415055
1.72453
2.27393
8.40167
6.45208
7.06538
8.43711
8.15878
0.387972
3.02751
0.410299
2.33391
5.94293
2.56104
7.99856
1.49171
1.67392
7.71252
9.92824
0.371324
9.92081
6.51675
8.89209
1.18678
2.3804
2.83161
6.05456
3.46635
2.30767
1.815
2.59234
9.79039
2.94931
5.81678
3.16159
5.84939
9.64683
1.27166
7.01464
4.08435
4.032
6.35565
6.48251
6.8812
7.63743
4.28838
2.94612
1.16401
6.33175
5.7638
1.20089
1.25579
5.96504
2.29443
6.801
4.7075
2.54089
9.88506
0.508827
6.54226
8.72568
8.80122
9.32056
0.152325
0.817989
1.06061
5.15579
6.4189
8.0143
3.5273
7.46193
4.24606
7.63773
9.57769
0.840217
9.90609
3.96518
7.04514
1.01237
8.23658
8.47089
7.72378
2.77264
6.25529
3.90267
0.610291
2.56872
0.919583
5.07212
1.50476
9.60615
8.2619
8.07827
3.44663
4.65591
0.687947
6.7253
2.88471
1.23823
6.49512
10.0314
2.81272
6.272
1.42441
0.610837
9.96603
9.37803
7.60111
7.19105
8.24895
9.87127
6.97772
1.58143
5.92664
3.01137
4.40222
9.52583
4.12822
9.52093
7.05531
