-0.245995
-0.592987
-1.21772
-0.0899334
-0.0897447
0.514538
-0.728955
-0.0960217
1.42062
1.01198
-0.646488
-0.422654
0.157159
0.104494
-0.390683
0.0798112
0.968373
0.953429
0.621685
-0.305524
0.281917
-0.00125455
1.50031
0.608929
0.390763
1.11426
-0.986396
0.955223
-0.730987
1.50108
-2.12887
1.20013
0.0659022
-1.35634
-2.04852
-0.094694
-3.04825
-0.216431
0.562205
0.858925
1.72555
-2.60339
1.52369
1.97369
-1.47537
-1.40391
0.101263
1.24817
-1.54403
0.814351
-0.441057
-0.748031
0.824747
1.93054
2.04034
-0.964442
0.279601
-0.398273
0.395862
-0.251377
1.60544
-1.44018
-0.106879
1.59414
1.84907
0.706843
1.93515
1.02962
0.309265
0.452392
-1.5434
-3.1763
0.90377
-3.01106
-2.57942
0.791519
0.72381
0.0764862
-0.71478
0.707374
0.809097
-0.967487
0.745388
-0.150791
0.233054
1.37826
-1.26296
0.183974
2.51306
-1.84821
1.5852
0.624305
1.13698
0.90986
-0.636265
0.668283
0.76727
2.98173
-0.824221
-0.890702
-0.217512
0.245261
0.811085
0.356832
1.44388
-1.41191
-2.01598
0.913908
0.413643
-1.1849
1.99656
0.0561221
0.937397
0.928094
1.48297
-1.12994
1.13018
-0.615485
0.614847
0.815157
-0.399449
-1.32868
-0.619601
-0.712863
-1.97834
0.0357862
-2.85552
-2.64131
1.32889
0.193159
1.43634
-0.154999
-0.468543
1.16214
-0.666493
0.872558
0.464827
-0.644179
-0.312568
-0.199287
-0.188884
2.72903
-0.745243
-0.344043
-0.246816
1.28524
-0.0333257
-1.25186
-0.152701
-1.34588
-1.56065
0.641027
0.872938
3.25037
1.58862
-2.00889
0.33056
-0.623558
-0.145759
-0.697268
-0.451768
1.09612
-0.283471
0.187261
0.528768
0.228363
0.0922357
-1.06723
0.088519
-1.05336
0.610392
0.791571
-0.263207
-0.583612
1.86324
-0.757419
-1.80678
-1.62015
2.39706
1.57217
0.757857
-2.06571
-0.0781974
1.08919
-0.384968
1.45073
0.743243
-0.617088
-0.188334
-1.44515
0.902177
-0.363566
1.3514
-1.10717
0.23671
-0.720035
1.40542
-0.166721
3.02287
-0.766277
0.423134
1.63379
0.176541
0.107948
1.25426
-1.45954
-0.724669
1.05645
-0.773956
-0.864024
0.900671
-0.0170496
-1.05393
-0.386723
1.51785
2.41309
1.90584
-0.0167636
-2.71655
0.202543
-0.206723
1.46287
0.372094
1.46583
0.700895
-1.36102
-0.350498
0.539029
-1.86032
-1.44536
1.56159
0.798913
-1.32858
-0.608708
0.650632
-1.08724
0.0035111
-2.09063
-1.85248
-1.87259
1.36698
-0.0483016
-1.42718
0.540956
0.757032
1.7685
1.41899
0.654343
-0.858506
0.0588483
-0.351655
0.404327
0.877034
0.677631
0.706142
0.478466
1.02691
-0.417354
-0.65645
-0.814282
-1.8446
-0.540516
-0.177344
-1.64625
0.703403
-0.542798
-1.01947
-1.31864
0.286373
1.93632
0.557277
2.11017
0.850487
-0.579028
0.652781
-0.806056
1.0284
-0.37124
-1.24693
0.860096
-0.132572
-0.562795
-2.414
-2.71409
-0.194173
0.131445
1.88333
0.037469
-0.87815
-1.70088
0.14837
-1.54637
-0.316489
-1.19039
-1.32658
0.273582
-2.90944
-1.18432
-0.196619
-0.652974
-0.401362
0.230447
-0.795275
1.09839
-2.49237
0.708058
1.8526
2.01123
0.593141
-1.34266
-1.28066
0.38963
-0.574681
-0.263948
-1.22034
-0.0908783
2.38754
0.443692
-0.296144
-0.370099
-1.15045
-0.18301
0.255211
-2.21213
0.213105
0.225595
0.121969
2.75525
-0.906577
1.95222
-0.064023
1.75675
-0.549708
0.50482
0.853078
2.25373
1.2099
1.68771
-1.00646
0.917916
-2.81873
-0.0438081
0.90806
1.07635
-1.23017
-0.72384
-0.0117099
-0.67157
1.15263
-2.71454
-1.24825
-1.0544
-1.49315
-0.0127032
0.868881
1.87555
-1.98499
-0.470967
1.57968
-0.0134996
0.918584
-0.287621
-1.12449
2.25682
-0.124364
-0.810053
-0.90217
1.74349
1.3271
-1.59404
-1.55066
-1.56397
1.28274
2.20321
-1.15208
-1.32612
-1.108
0.770899
1.20469
-0.942911
0.632827
-1.16468
1.41029
-0.179116
-1.71634
1.07321
-2.14604
-0.0301651
0.131266
2.53725
-0.0655367
-0.174263
-0.811149
-1.31239
1.3046
0.850322
1.43328
1.84292
-0.599046
1.4115
-1.01511
-0.0843955
0.203888
-2.00002
-1.3962
0.22848
0.70236
-2.00786
-1.2863
0.57796
0.248849
-1.63873
0.843946
1.54578
0.49676
0.179338
0.604455
-1.43348
0.226683
0.26106
-1.52425
-0.500734
-0.133044
-0.463331
-0.631898
0.0589722
-1.39274
-0.772201
-2.02989
-0.509352
1.3341
-1.32502
0.391804
-0.235859
1.04298
0.015501
-2.95485
-1.40403
1.91084
0.793483
1.06089
0.449116
-0.327852
0.668638
-1.28849
0.410174
1.05763
-0.53156
-1.06226
-1.13126
0.479181
-0.312864
-0.79584
-2.00634
-0.806196
-1.28847
1.56528
-0.213171
0.433435
1.28538
-0.907248
-0.424036
-2.31153
-0.404164
2.54186
-1.82776
0.590274
0.831922
0.132036
-1.05848
1.01507
-0.539367
-1.08957
1.00638
-0.804807
1.40655
-1.00143
1.45207
0.315314
2.09272
-0.506469
1.01611
0.760109
1.28473
0.52572
1.05995
0.448862
1.67433
-1.52727
1.41624
0.483401
-0.0598774
-0.599419
1.72245
0.0463075
-0.638441
-1.01075
-0.124263
1.06026
-0.638992
0.382608
-1.05096
0.2317
0.582394
-0.862142
-0.26833
0.764414
-1.17947
0.399451
-0.0189378
0.369608
1.55846
