8.08805
7.42932
2.01989
2.09564
6.24208
8.86998
5.57265
3.09767
3.40074
2.12249
6.74686
1.19684
9.57121
9.64456
8.1822
2.37029
9.29146
8.89538
1.49191
9.42999
6.80842
7.06025
9.93987
0.909131
3.72167
3.87037
9.44591
6.83181
7.81658
4.90217
6.50331
9.80468
6.71656
6.70188
0.931142
3.74832
7.34703
7.02407
8.98122
9.31398
2.70046
8.58921
1.54434
5.83243
4.43601
3.39922
4.58882
0.267948
0.564361
3.22903
4.53406
4.42642
8.55319
1.9687
2.83161
0.834772
9.90188
1.04017
6.02288
4.21631
3.47769
2.94312
9.83671
9.12191
7.96269
6.55582
0.845151
8.78231
7.43031
3.01352
2.23667
4.08729
3.78057
9.50925
4.54882
6.68627
0.424402
1.62615
9.1482
2.77524
10.0779
2.99801
8.7095
4.73668
3.19829
7.9484
3.06329
7.41306
1.16944
7.42529
2.129
8.09548
1.88534
4.78803
4.12234
3.05409
0.888008
1.55155
0.530074
4.12751
7.5026
1.31996
5.02591
8.74234
5.77289
7.12367
4.02302
2.49167
7.04866
1.22123
7.23056
1.73555
9.69823
8.24783
4.15841
10.0389
6.59556
9.73348
3.44325
7.31848
3.82039
5.50108
0.797573
6.98037
7.83898
5.08649
5.30494
9.96197
2.27324
2.55444
7.20601
9.24815
0.102044
9.85112
7.39455
4.98441
4.65615
3.52134
9.82327
5.05986
6.29265
5.76274
1.10126
9.2135
6.15879
1.9957
2.35544
7.56609
8.68674
1.04831
0.360976
1.16238
4.59458
3.08419
0.855539
6.98055
4.03627
1.7092
5.38124
7.00135
1.47486
7.95808
8.45917
0.374998
8.06895
6.21174
2.55493
0.118482
8.32569
5.09764
9.11093
2.68022
8.79291
4.28512
5.79955
5.80536
3.21691
1.35695
8.56311
5.1887
8.79763
0.450731
5.84331
3.50966
0.781133
9.23712
4.04281
5.15178
9.99895
8.54735
3.84905
2.62587
4.26949
2.88712
3.58312
5.41422
6.64971
5.90916
2.12798
1.0104
1.74916
4.12477
0.675398
7.31392
3.58502
6.74134
2.79807
7.97405
4.84076
4.44817
3.29529
6.26831
7.86803
1.84726
6.55666
4.37991
1.38459
8.86953
4.16371
0.84367
8.43821
6.3922
8.37075
1.92659
1.81231
2.33026
7.05118
7.08593
8.2131
6.67592
0.336435
9.9345
0.223169
4.59641
9.21484
1.56325
6.1431
1.48689
9.81243
9.14075
5.23583
0.619299
5.49718
1.537
7.26901
1.94729
2.99147
6.68258
0.552646
8.91282
8.31075
9.65082
8.15643
8.07599
6.98647
1.37583
7.81373
9.10543
3.12856
4.82935
7.93336
2.7409
8.52466
0.907185
7.31831
4.35098
7.80825
2.32329
6.2036
4.29757
0.900066
9.9079
1.77792
6.38545
0.821603
7.29751
0.171026
5.7717
10.0396
9.90324
1.59477
4.77539
5.21631
3.25696
7.39497
6.59824
6.40156
2.72389
4.5654
0.650929
5.42344
9.3689
0.562839
2.50638
3.88688
5.7887
0.113137
7.25989
2.63294
9.258
0.784464
3.17278
9.83982
9.91603
6.8139
3.72185
4.41889
5.99876
2.37662
3.15172
8.34053
8.29616
3.6194
6.38857
4.40548
2.11706
7.30944
9.46551
0.859101
5.50142
3.10548
0.661731
2.4268
8.95104
4.69616
2.64672
7.26935
6.32454
3.52753
4.98695
4.16825
4.0391
9.18184
6.10398
4.84776
5.94141
4.56033
1.17171
0.370249
4.48862
0.42809
5.61081
9.98605
7.31929
2.37388
2.10971
1.28891
5.14328
2.45327
2.67682
0.378588
8.59538
7.77658
3.88218
5.72914
4.35612
5.6558
9.29492
5.5145
0.763811
8.96001
8.0181
8.43075
7.53904
4.09343
8.51779
0.432684
0.768538
1.83913
8.42729
8.45627
5.88406
3.68842
9.76496
2.34083
1.17823
6.92592
9.23307
2.69695
3.82725
8.09351
1.22809
1.0773
2.20418
0.345222
6.90466
1.18416
7.04314
3.54212
7.08374
10.0099
8.12888
9.20507
5.08763
6.57629
5.90076
6.16461
3.05725
7.25891
7.66467
1.80802
6.47778
7.72455
0.132842
4.32097
9.23139
2.42363
1.41892
3.9345
9.95119
8.65939
2.79767
1.91336
6.16982
4.13929
9.75512
0.990288
7.5591
5.92758
2.01971
1.81559
5.26016
5.28922
0.714532
5.23809
3.65047
9.87463
8.42902
8.76508
1.15582
0.01455
5.56842
9.36072
5.9565
0.0145114
1.71894
8.1306
7.8016
4.5953
7.27655
7.46379
2.93493
1.83035
5.01332
3.35382
5.42134
4.67565
7.11445
2.13619
5.20848
2.50345
0.636622
9.51713
3.8108
1.0139
6.19686
0.506432
7.8591
2.73219
7.49171
4.99159
2.05256
9.00466
1.47722
0.65411
1.49341
3.33874
4.32049
0.245748
9.70492
5.82697
8.05431
5.85462
1.73199
9.47528
3.03614
7.80432
3.19663
6.6824
2.53069
2.36309
3.31576
0.0270045
8.06843
8.51064
1.70202
2.48956
5.69189
8.13077
8.79252
0.259572
3.41523
7.31128
3.22154
1.68115
0.131929
9.97902
7.62217
2.78319
8.57966
1.03545
7.54825
4.68918
9.09584
0.538291
6.71875
4.69997
8.1322
2.63025
1.39202
4.55858
7.3962
