0.285255
0.524156
5.30478
1.96019
8.83614
6.07732
0.550583
0.427934
8.25665
7.64025
2.79217
4.5686
5.57506
0.663873
8.98932
3.24923
2.219
4.13477
2.92416
5.17827
10.0512
0.416066
4.35139
6.10305
9.56266
4.54594
9.32753
6.68588
5.49384
8.19735
8.20029
7.33937
2.57833
0.306389
8.09036
3.41967
3.76344
9.34929
9.08696
3.59039
3.5009
1.16815
4.69432
9.46046
1.61558
5.30842
8.20603
4.14564
1.39132
9.06526
2.53006
4.42721
1.14128
7.79586
9.13368
0.106172
0.139457
1.17646
5.34388
7.51833
10.055
1.82916
5.30645
7.70084
0.824741
6.38857
8.0106
1.14295
9.44812
5.10342
8.81793
3.109
7.00819
0.942668
0.083544
5.03781
3.2239
6.72966
1.96613
9.10787
7.74863
3.62073
7.97644
1.60186
9.58934
1.48643
3.81192
8.42427
8.79819
1.25553
0.00665748
3.7608
0.567892
7.39507
7.04634
9.10858
4.46936
5.90246
8.37656
5.22611
2.83698
0.988688
3.73167
3.24084
4.08089
5.46135
6.10957
3.36058
8.95457
6.96537
6.25845
9.01437
1.3844
6.45283
2.83777
8.07268
8.60607
2.74377
5.59593
3.64944
7.21658
4.25309
0.712916
2.02535
4.70651
5.4729
9.70004
5.35547
2.90296
7.57471
1.88106
9.10559
6.31246
3.744
9.92908
3.58416
3.20959
8.0579
9.06139
7.95119
3.94288
9.70406
7.84298
7.67469
4.18803
9.58297
8.52039
0.114305
3.99598
1.13056
1.99072
6.14618
8.46049
4.57988
5.27439
3.75126
8.10493
3.52769
2.79107
9.78262
0.794104
4.88138
9.28786
4.1516
4.15385
6.56063
9.61794
9.41157
8.93454
6.44662
6.22634
3.00285
7.60236
3.51289
3.17011
6.33273
2.15297
1.24118
7.48566
4.65363
1.61604
6.99872
6.34341
4.64193
6.06357
2.40445
6.83447
1.14272
3.84776
6.17161
1.22033
8.73043
0.317858
2.41406
3.73907
2.76795
9.75145
3.2195
10.0442
6.77506
4.65075
3.50882
2.06881
6.77588
9.31064
8.68937
5.91236
2.27613
5.47344
0.242165
9.66969
6.36352
2.39639
3.29758
7.13169
2.34541
4.63265
10.0192
8.24046
2.87838
2.6496
5.0323
7.34818
4.33124
1.35116
5.78908
5.04102
4.36008
4.03034
9.25311
6.5383
3.56145
7.30587
10.0655
3.84387
7.83657
6.10909
5.02721
0.966045
8.93894
9.95956
1.69004
2.33987
1.72414
4.23687
1.75626
4.1498
4.06047
5.02877
0.267698
1.31946
3.41148
5.68416
5.54785
4.20584
8.75662
5.41257
5.40005
8.6556
4.78943
2.54847
7.21026
0.466827
2.87826
8.03361
0.411056
1.32251
4.30699
1.7281
9.41665
8.53826
5.6685
6.69239
2.04969
8.39266
4.01436
4.28277
8.01105
4.06814
1.4262
5.51177
4.90572
8.72975
5.42365
0.466846
2.69708
5.86445
8.09109
7.20451
9.43165
7.82253
6.96517
3.2067
9.30505
7.52525
0.381974
4.64622
2.852
6.01394
0.967626
8.09591
8.15419
4.20676
3.06796
7.74829
7.42339
0.525731
0.782591
8.85817
5.48155
4.78288
3.41617
1.01953
3.49711
7.54283
0.596601
8.63669
7.27441
5.65161
8.25859
4.54897
2.09141
1.54524
5.46989
3.09241
7.35371
0.299431
4.10877
5.45919
2.68791
2.10491
7.39729
7.325
1.99108
9.95496
4.85708
7.63405
0.84835
9.82808
6.94074
0.120327
2.80629
8.54422
2.02415
1.83889
7.91925
2.06503
3.81554
9.13792
2.38802
1.74429
0.900744
6.85417
5.87344
2.4824
2.57407
4.52014
3.98963
4.57571
9.16925
9.95895
2.17411
3.44272
0.870738
1.37628
7.01736
8.07473
3.71864
0.408337
5.0867
4.79276
1.67907
9.12253
0.497855
3.02655
1.63214
7.71345
1.41213
3.66656
2.58015
6.46419
6.70248
5.06451
6.18302
5.05797
5.80584
0.54941
2.33305
2.99715
9.93937
9.56743
6.06842
3.02883
8.82904
5.76504
9.3957
6.11189
1.0784
0.564677
1.5682
8.3764
2.26679
8.39056
4.51157
2.12461
0.85607
3.45017
9.3629
6.85222
6.81908
1.08506
5.12132
5.56049
4.75747
4.09569
4.14536
8.35875
4.14764
5.99751
0.0335171
8.41597
9.37909
7.99205
6.79351
5.27792
1.41575
0.387344
0.8001
4.16621
8.62591
1.3466
5.19922
0.916088
4.22212
7.49466
7.3692
2.04218
2.06529
4.908
8.77174
9.97192
4.96763
3.07683
2.64834
8.02542
6.74906
7.88837
9.02306
3.16831
9.01965
3.95975
0.752706
1.77951
9.62534
5.00244
0.643928
1.78382
1.30786
10.0387
7.6798
8.3256
9.87626
6.53481
6.59678
8.35885
3.72445
4.22441
4.18076
3.03058
1.27995
3.52791
8.95602
4.74353
5.74027
7.307
0.866224
2.85213
9.76704
7.71257
0.675645
8.70385
3.61792
7.32493
0.325031
1.35919
4.52074
8.27848
0.850287
1.98891
9.35545
1.48867
4.33243
6.15052
3.05792
7.637
2.15725
0.375259
0.0991634
4.57922
9.01473
6.48681
8.22592
6.91249
0.916971
9.81628
8.13811
4.83982
5.94791
0.0925502
4.76806
5.49001
0.195228
