1.48778
9.27298
8.31203
8.62206
3.52558
8.82123
2.59442
0.863403
2.90141
6.19554
5.47978
7.81189
7.63463
7.86588
1.28717
0.558785
9.33883
3.84721
1.86113
10.0253
1.58286
2.539
0.157138
8.64549
6.14365
0.00160024
8.48029
2.47299
1.1622
8.60175
2.72551
0.598866
5.58508
1.53529
5.46322
4.37485
0.713671
2.82696
6.25057
6.68994
0.0484202
7.89074
5.94291
2.51986
3.335
2.05613
4.15947
3.97466
8.4887
7.1374
6.43469
7.2106
6.86306
8.429
9.4157
6.77413
0.633097
1.39248
6.25608
2.40384
0.724441
8.6174
0.89085
7.06873
7.16982
6.65041
5.82374
8.61728
1.77916
7.90302
4.66559
8.43133
2.87076
5.46615
6.20794
4.9138
9.00311
0.953589
7.47828
8.52052
10.0336
9.95985
3.97593
0.258224
9.68396
2.78495
3.30642
0.218819
5.31476
7.66716
4.56537
9.45857
9.02499
1.46898
5.32027
8.95284
6.10837
1.32058
3.47642
7.07503
6.04892
3.42005
4.8118
7.43348
1.68908
1.27891
7.62044
2.86942
9.98733
1.89292
2.56248
1.53733
2.91843
7.51659
4.28487
4.56242
8.27724
3.24594
4.43545
1.287
5.17238
3.99227
0.538047
3.30918
6.18339
0.127951
0.778235
7.7845
7.36614
3.87941
7.60985
0.96539
3.64192
8.25002
9.7999
4.08172
9.10223
4.46491
3.99416
1.76081
1.26648
0.757352
2.33747
0.444422
9.90478
9.64599
4.29942
5.18547
4.10573
8.50369
6.16173
3.16028
3.7328
0.41585
2.24403
9.10272
8.31722
2.61871
4.02486
2.4195
7.23641
2.85302
9.73297
0.0694705
5.44522
6.3308
7.11194
4.81036
7.24552
1.4071
0.265055
0.164145
2.66207
3.65709
1.59546
5.20566
1.42895
9.46709
8.10805
9.19194
0.172035
4.93015
2.51053
7.31082
10.0723
9.22246
9.61562
3.40005
7.75657
7.44195
7.43014
1.91025
0.770455
9.31754
8.05518
3.54736
2.45144
8.70126
2.13489
3.70605
6.9516
2.42177
9.29988
8.92962
4.40079
2.95357
7.87657
8.70889
1.79024
1.91072
8.25078
8.8695
1.3816
6.97661
1.67635
4.93574
9.26319
2.55264
5.76762
3.89201
9.2823
6.22492
8.42133
6.95683
7.73416
2.21772
5.16179
6.84586
0.339354
0.0820988
7.34913
8.33503
1.87852
5.20157
1.9869
1.47184
2.2264
9.9895
6.79455
8.0485
2.53622
8.12867
3.09903
5.63778
7.02436
7.20073
4.73976
9.23945
3.1613
0.509292
6.79439
1.38279
6.23794
6.29737
3.95604
1.58276
8.75579
9.02402
6.74677
7.22825
6.42811
8.25073
0.322431
0.382335
5.97909
6.22277
1.18025
3.61278
0.992442
8.05729
5.4037
4.63949
0.362458
8.10942
6.91284
0.392271
2.96743
1.81775
1.44123
7.9051
3.09743
7.3507
3.95179
8.87108
6.81987
7.99059
1.177
6.73234
3.40977
7.10553
2.97635
6.00926
3.483
8.2153
4.4455
4.88267
0.057928
0.343378
1.76412
0.714868
2.19821
5.19578
6.42536
7.68631
2.06252
7.88944
4.94157
7.64164
7.75978
0.242035
8.002
5.03555
7.84647
2.64216
10.0785
0.528745
6.36114
7.27506
6.67482
5.01703
8.66451
7.79975
7.31672
4.33451
3.99751
0.0798927
1.0927
6.41099
6.98356
2.02428
6.8222
0.276452
2.22917
2.0687
5.29397
9.41062
1.89934
5.6445
4.44882
5.39873
4.17204
7.31969
2.46902
2.31101
5.99867
0.986314
5.84975
4.62431
7.3454
5.65783
3.60301
5.75724
6.49501
7.51696
8.23186
2.11157
3.28109
7.44028
6.39587
1.91638
2.08971
5.75533
4.93417
4.73551
9.7305
4.95152
1.48186
4.43315
7.11622
2.34475
3.05165
4.07659
5.11173
0.444818
0.0702454
7.66666
6.78548
5.79741
0.00844648
1.06916
2.231
4.52306
7.37064
1.64951
9.90321
7.52265
5.84167
4.70096
8.11253
9.86162
9.48383
6.26863
1.90614
5.17917
4.66126
3.5858
7.0609
3.67244
4.83973
2.16948
0.0253659
7.41165
9.20977
7.02582
3.97384
8.50654
3.54181
9.07733
0.0228789
4.98345
1.01072
3.46319
1.82038
5.06501
6.49757
3.52748
8.35901
4.19589
3.25892
6.89454
6.9345
3.46998
7.8824
6.7929
3.87598
4.97825
3.30889
9.92007
1.68825
0.138702
6.43871
5.87857
8.90199
2.98619
4.27222
7.80203
2.62039
7.47585
1.26845
4.63974
5.43406
2.89888
8.16953
6.74834
4.66837
4.90707
0.293197
5.87367
9.16256
9.68932
5.07051
3.35016
8.70597
5.38223
5.8131
8.8859
5.64293
7.79837
5.18553
4.65739
4.97883
6.77203
2.14123
1.87178
4.4542
7.45713
2.30712
9.32779
7.43426
8.88893
8.59216
3.69281
6.36223
8.39688
4.97296
3.873
1.13663
0.793502
3.13148
4.94491
9.34465
4.98241
7.36067
2.52194
4.48626
8.44991
0.887433
5.93138
8.16303
3.00204
6.28184
7.22394
4.05016
5.4468
2.24475
9.8236
3.11644
1.49469
1.05424
5.03693
8.66051
1.5178
1.06849
2.96116
5.11054
6.56797
6.18901
2.00968
4.2611
9.83969
4.40634
3.23879
