-0.470316
-1.42106
-0.728107
0.283281
-2.38333
1.56014
0.324356
-0.605719
-1.72173
-1.26483
-1.53288
1.13038
-2.54076
0.543388
0.311177
-0.64648
-0.139322
-0.825732
-0.390069
1.45696
1.00598
0.239996
0.946377
0.834753
-0.459219
-0.288821
1.51031
0.722972
-0.481722
-0.920534
0.822991
1.28268
1.39809
0.494527
0.909871
0.890688
-0.460709
-0.740803
0.032784
0.50676
1.14715
-1.4063
0.124598
-0.538559
1.1185
0.00579583
2.41634
1.76581
0.772246
-0.179182
0.492045
2.05578
0.775136
0.251168
-0.657527
-1.55118
-0.78884
-0.383074
-0.768986
-0.171776
0.777701
-0.713344
-0.827111
-2.37868
0.457003
-0.104275
1.6689
0.0817305
0.325214
-0.868811
1.40916
0.625649
-0.105131
1.86136
0.942733
-1.08119
0.40117
-1.02141
-1.00403
-0.513729
-0.597372
0.249424
-0.6244
1.935
-0.7151
-0.192866
0.734502
0.495436
1.45405
-0.348304
0.921099
-1.5896
0.708511
2.6797
-1.61504
-1.04238
1.3783
0.947483
0.107464
-0.183087
-0.296266
0.92739
1.43943
1.92801
-2.17449
0.106984
0.489902
0.301047
-0.663616
1.13763
-1.25768
-0.400355
-2.09802
0.148137
2.60495
-0.895397
1.68554
-1.80974
1.69479
0.800233
-0.383198
1.00266
-2.61412
-0.0961802
0.804664
-0.677137
-0.548127
0.807039
-0.749842
-0.1254
-1.54207
-0.0358825
1.81174
-1.94801
0.616978
2.75225
-1.52717
1.23642
2.54521
0.129473
-0.23922
-0.222374
0.80012
-1.68539
-1.19004
1.12254
1.40548
0.448269
0.232034
-1.23784
0.306324
1.51109
-0.412125
-0.578942
1.04858
0.262627
1.21185
0.108203
0.764878
1.6842
-1.99693
0.209044
-0.11936
-0.538091
-1.31509
0.308855
0.00145408
-0.187044
-0.517584
0.304743
0.261551
-1.06013
-1.87103
-0.0726773
-1.83531
-0.522298
0.439803
-0.311632
0.522694
0.469885
0.701865
-0.387381
-0.656206
-1.03462
-0.195919
-0.708835
1.51642
0.15643
-2.43168
0.7326
-0.535747
0.439169
-0.308265
1.36679
1.78057
1.66716
1.65015
-1.31468
0.595774
0.70394
0.502458
-0.195886
0.365984
-0.213328
1.12777
1.7986
2.54868
-0.805233
0.998728
0.629241
1.38574
0.415701
0.145073
-0.70056
0.635373
0.641203
1.31436
-1.93208
-1.69025
1.47468
-0.668054
-2.04664
0.972168
-1.06571
-2.40481
0.788433
0.301157
1.9467
-1.77411
1.30582
1.94272
-0.566046
-2.41383
1.07441
-0.781178
-1.82047
0.0818286
-2.12406
-0.215651
-0.084975
-0.667013
0.45768
-0.358323
-1.00421
0.805254
0.909737
-0.851518
1.76162
1.3515
1.14479
-0.702405
-2.36382
0.420609
0.751369
-1.72244
-2.13931
-1.02605
-0.471009
0.027451
-0.0414748
0.946756
-3.09331
0.868369
-1.12618
0.482148
1.80199
0.53886
-0.736448
0.381873
0.189906
0.750851
0.120901
0.376869
-1.1312
-0.707719
1.31447
-1.40807
-0.692588
-1.24313
-0.646023
0.249515
0.86625
1.84469
1.59083
-1.38266
-0.75655
-0.100185
-1.86772
-1.1686
0.874063
-1.20942
-0.036292
-1.04652
1.58529
1.39779
0.803281
-0.708784
-2.03301
0.524187
-1.6228
0.195342
-0.987255
-0.203738
-0.997136
0.415963
-1.27437
0.245074
1.54019
-0.399121
-0.0541557
1.10947
0.530726
-0.185244
0.575418
-0.494779
0.660802
0.835098
1.22039
0.565243
-0.15049
-0.272696
1.56978
0.280819
-1.32154
0.657606
0.02176
-0.496091
1.06682
-1.12615
0.373481
0.497171
0.613181
-0.0460486
1.49558
-1.63651
1.32439
0.0876111
0.0481858
1.17869
1.14975
-0.266251
-0.363421
-0.714988
-0.516829
0.975851
-1.22843
0.268156
0.634252
1.80469
0.329897
1.17765
0.355702
1.31294
0.836753
0.329295
0.714892
-0.153184
1.31784
0.960595
0.551519
-1.13064
0.655742
1.16469
-1.04376
0.116735
-0.824503
2.75896
1.1766
0.502839
0.930967
-0.974214
1.56348
-2.38496
0.211315
-1.04039
0.490457
-0.674639
0.463922
-0.514015
1.0534
2.66583
0.506239
1.81637
-0.714492
0.799848
0.969444
-2.09238
-0.99796
-1.94653
0.64474
0.446498
-1.19096
-0.73903
1.32102
-0.590288
0.642515
1.18533
0.280781
-0.560292
1.89207
-0.748897
-0.471476
2.176
0.444429
-2.2183
-2.35645
-1.38172
0.0262262
0.474449
-0.0290101
0.445968
1.2604
-0.0532422
0.755274
-0.766615
0.954289
0.370646
-0.340085
-0.163707
0.318097
-0.408147
-1.10241
-1.10939
-0.161796
-1.19145
-2.42817
-0.722413
0.00800171
-0.659061
-0.640367
0.305775
-0.0446908
-1.28969
1.37478
-0.537307
0.711837
0.115994
-0.573946
0.441838
-0.399389
1.89088
-1.62498
-1.79117
-1.5669
-1.53145
-0.415748
-0.331038
-0.0639976
-1.1567
-0.353606
-0.209163
-0.31069
-0.881267
1.86529
-0.0167418
0.38891
-1.25144
0.93692
-0.741983
-0.713158
1.66691
0.538008
1.35693
-0.968204
-1.06823
-2.23382
1.20905
-0.0227423
-1.35515
2.75742
-2.27457
-2.72773
-0.383065
2.42008
0.375077
-0.357294
-1.79907
-0.479795
-1.11062
-0.0206683
-1.65449
0.572833
-0.949009
-1.82414
0.728674
0.607111
-0.538255
-0.455616
0.450655
-0.970633
-3.11821
-0.696222
-1.57226
0.0579075
0.813312
-1.03722
0.406467
-0.98179
0.0146723
-1.03219
0.066318
1.91074
1.44757
0.143215
1.06708
0.286349
1.1978
-1.40562
-2.53311
1.45951
-0.302286
-0.616437
