0.939889
8.25704
4.56855
7.17341
6.5291
6.15585
3.44733
9.9926
4.34285
8.71686
6.26814
3.95606
0.262396
9.77034
2.77407
1.37175
5.22372
3.30118
2.22735
0.667519
7.58774
5.01617
3.00226
4.53425
7.24072
8.55043
3.65688
8.47435
0.499313
4.20657
4.52217
7.26323
1.78645
6.40766
9.54507
5.32438
6.42247
1.27665
2.6661
6.23469
3.91629
7.27601
9.68232
2.89597
9.56252
0.839774
6.3792
0.748582
4.95707
4.65675
1.91426
1.66717
3.76957
3.75447
2.93871
5.21618
4.49506
7.46863
7.10244
7.27093
8.89378
5.91988
9.04938
9.36032
1.29756
7.0916
8.80583
6.76772
5.98325
5.69952
8.45075
4.63294
8.54985
8.62026
8.8353
7.14714
0.500406
6.6701
5.63324
2.6285
0.462057
5.2727
2.47723
0.543857
3.7139
9.31911
2.84961
0.795613
6.73545
5.99286
0.0261896
5.6307
4.31337
0.711254
0.40526
6.06561
6.11749
3.23956
2.29279
7.52968
2.89203
7.23972
5.00855
0.150136
3.68731
0.128261
2.44468
3.91985
7.50204
1.70693
0.447921
6.73463
9.28649
9.20328
3.5006
1.45492
2.97168
2.67689
7.76199
9.51411
0.0556297
2.4829
7.7339
4.80673
6.54749
9.93023
5.40425
5.19502
8.5964
9.18535
4.39518
7.08212
5.89812
1.72384
5.60263
2.79153
2.65456
7.44854
2.45521
5.81642
4.30051
0.794793
1.91373
2.60375
8.66328
7.0762
4.88408
3.12671
5.63636
7.6381
2.00535
3.42448
3.71923
4.86807
5.679
6.88408
0.36599
1.89993
1.49376
0.237322
2.75446
0.755953
3.87072
10.0567
0.691034
0.555328
8.46213
2.09325
0.916107
5.7938
8.68911
4.04608
2.45686
5.72224
8.88536
2.59742
3.64396
8.55663
0.521822
4.25931
8.22861
5.30996
9.44015
2.3737
9.79839
5.97452
8.37448
10.0474
1.11371
9.11121
0.579007
8.35786
9.22528
7.938
6.89526
8.96257
7.12847
7.8884
4.09508
2.89224
0.0612779
6.47009
5.38244
2.01406
0.369284
5.39171
6.82765
9.6385
0.167198
5.47624
7.44242
8.17988
1.59651
4.60885
3.28214
7.66497
0.738352
7.82418
0.675574
1.77315
2.82529
4.05417
8.6838
1.70481
5.41369
0.513968
2.37012
9.33412
3.31977
8.53703
6.34223
2.93605
2.78968
3.00806
5.99992
4.23855
6.00042
8.14905
3.0597
9.53044
1.22718
1.07035
2.66263
2.54997
3.69805
3.95479
4.82917
9.71413
8.60728
5.90996
7.91172
4.48147
3.29997
5.0797
7.79717
9.6348
4.56193
4.01296
9.09939
4.91844
0.845579
2.25162
1.35941
7.34768
4.57339
5.95984
8.04457
8.62838
8.14788
3.95095
3.99209
7.98149
4.5763
1.44638
1.03588
3.7293
7.06713
1.57165
7.25197
0.113144
6.87553
5.05413
3.12126
2.71492
0.996494
5.17369
0.594676
5.04876
5.92033
9.99849
8.02116
8.15327
9.98986
1.12397
7.98403
1.65418
1.98327
7.38528
6.17295
2.34215
2.27006
4.41456
3.82048
6.75488
8.55925
6.16173
8.2459
0.513649
1.16618
3.90687
9.3819
2.80309
9.61755
3.67344
9.38498
10.0274
4.64177
1.91649
7.50562
3.1475
3.08848
4.79938
4.03613
2.0043
4.54772
4.16087
2.48545
1.2324
1.23209
2.0945
5.33071
9.02295
2.27054
7.35605
3.18572
1.65791
1.35735
7.76465
4.02685
4.4405
4.69785
9.56092
9.03714
3.20873
5.26318
6.97552
9.47619
0.236745
3.48439
4.73863
9.70201
0.339005
2.89236
9.9049
9.01637
8.668
9.47607
9.12218
4.92381
2.44151
6.99579
6.50057
6.82618
3.57919
9.28446
2.92788
9.25531
7.75224
1.34582
5.14943
6.12813
1.27718
3.35446
8.89784
2.2078
7.37264
5.49908
6.63177
6.95691
6.17612
9.58259
4.90078
2.65766
7.19724
7.73479
9.47489
5.44253
1.65611
6.97239
10.0333
3.87409
5.97478
1.13605
9.15517
1.31671
1.26562
8.08265
8.86355
5.06477
4.56913
6.37379
1.23838
7.61941
9.82302
9.39223
6.45975
0.845336
0.447538
0.221673
4.53468
7.27767
2.5368
4.75624
8.83683
10.0193
9.46846
7.84232
9.89585
4.45705
2.71292
1.70926
6.77204
0.666202
9.99876
6.07022
3.8887
0.283909
5.04856
2.82764
5.29968
7.11254
4.04787
7.26438
8.91961
3.1294
5.69404
2.38196
0.0786442
7.57579
1.75428
0.383128
4.88468
4.5191
9.82119
5.24317
1.498
0.996446
7.53231
8.3042
7.94792
5.93419
6.06947
1.15958
9.82806
4.49604
0.803521
6.75529
5.2364
9.24158
6.7002
8.68956
7.10749
1.9672
2.78965
5.90489
0.969251
6.68926
2.82135
3.52835
3.5863
9.5044
7.06719
9.51552
6.5178
6.54967
0.455522
6.51321
1.1455
2.02213
2.96907
0.0152118
1.86853
6.0785
1.52056
7.18644
8.9658
1.95138
9.9735
8.34683
1.16039
1.90035
8.89325
5.62428
3.86654
8.61772
7.88669
6.56352
8.78329
1.94348
7.06554
5.44888
5.26728
0.564782
5.64428
1.79117
2.02165
7.27245
8.65111
1.40301
7.20466
1.48973
8.52809
