9.65238
9.96735
1.44239
6.99304
6.64077
2.38711
4.15042
9.38212
7.20383
1.73493
4.40801
6.7328
5.90199
8.99074
4.5726
2.41642
7.91004
0.891957
5.46864
3.19408
3.41522
0.241707
0.91838
5.61972
0.480226
5.3239
1.79899
7.44103
3.22559
1.9977
3.73968
3.28035
2.03964
1.61571
5.04304
0.989063
4.53538
4.70641
7.41694
4.64453
1.50555
7.9486
7.72439
9.21711
3.11613
6.19703
4.61972
2.44497
3.47019
1.57494
10.06
2.91877
6.57048
9.63254
8.34275
3.32999
9.43702
5.96385
9.69882
3.29569
0.49162
5.40344
0.491398
0.375505
5.43745
5.67786
3.48796
0.16552
1.52636
1.34955
1.82258
3.93364
3.84927
8.01002
8.65193
6.93163
7.17638
1.53178
7.51667
7.34831
7.88916
0.00229518
2.24248
0.048927
2.67102
0.899613
7.90629
5.24422
1.2245
2.89938
2.38425
1.54785
6.89011
6.76044
6.06582
5.75686
3.25925
3.61841
3.29846
9.18851
9.29304
0.190705
8.00253
4.59388
2.54397
5.44224
9.38901
8.78048
3.45208
9.87419
5.39566
7.82738
3.23953
2.60358
6.14661
9.1764
4.18424
5.40865
3.36814
2.10258
0.585987
5.84718
1.29481
1.80339
2.59935
1.65644
0.466646
7.77082
4.64418
5.82399
0.618489
4.25786
8.99053
9.79783
7.08036
2.45328
2.49497
6.8396
5.80169
9.01806
6.18882
4.33777
8.27718
8.65594
5.23991
6.08862
5.96032
1.95845
0.854892
2.25489
1.92849
7.65598
7.45404
3.98035
3.22978
2.0553
6.29888
1.0189
9.24183
1.01119
0.292129
6.60023
2.60013
2.36024
2.89751
6.7707
6.84984
2.36231
6.17898
5.38351
6.25111
9.09595
5.6142
5.99617
2.98245
2.00461
4.32568
5.66266
6.46398
2.3821
0.205744
2.9013
1.15533
6.99904
0.81698
2.95189
3.67803
6.67388
0.983918
7.2219
4.38055
3.78962
7.52062
2.50057
2.43153
2.28451
9.38693
6.62807
7.99711
7.44101
0.744343
6.56287
8.25031
7.71791
8.5313
6.57026
3.76807
1.70755
1.13475
9.86617
8.84104
5.16052
4.99693
2.96902
8.93403
3.34773
3.39969
2.42187
3.51576
3.67882
6.34279
5.32182
3.08688
0.222817
4.9976
8.8359
9.40015
7.32566
7.61601
3.93322
4.08408
4.87566
1.04012
3.54196
7.77786
6.80174
7.23425
7.89818
0.662971
6.20498
1.14548
3.06011
0.927771
9.88466
5.30906
7.55453
5.78191
6.68928
4.2763
0.0315014
2.25918
3.25796
6.66431
7.69513
1.14918
8.15558
7.35834
2.98081
3.27891
3.39378
9.53995
3.81129
3.9017
3.76289
0.20242
6.73524
1.12822
0.673889
4.62481
2.67883
1.92512
9.33857
4.48137
3.25707
8.1809
5.68021
3.61247
1.42436
4.05233
8.06714
0.794396
1.95779
5.74986
9.92043
6.12401
1.9601
8.13128
9.46421
7.72188
8.71764
7.15314
2.69067
8.67447
9.86723
4.02484
5.54538
8.93186
1.90102
3.08585
8.17955
6.7128
4.98897
3.50716
6.77273
4.69222
8.22849
5.34881
1.04075
3.07291
1.75456
8.09102
1.58099
9.17189
7.58068
6.73105
5.52792
0.469765
4.13086
0.617674
5.04304
4.7832
8.7638
3.48685
0.149431
6.75384
8.53962
2.64983
7.50001
3.95733
6.08811
0.264442
5.23609
0.478059
6.8978
7.79856
1.91961
3.5652
5.69716
5.00314
6.25023
0.194321
1.83855
1.7635
0.908364
1.63908
4.59607
8.12772
4.03956
5.76906
1.75659
2.18339
3.64041
2.12441
1.56594
5.71026
4.25109
4.32431
0.332434
5.48077
5.57838
8.43258
8.85179
7.04421
5.69709
4.78196
5.78797
5.22383
6.0191
8.80281
2.56189
7.97706
6.07878
3.60939
8.88908
7.42425
9.74828
8.63958
5.59011
7.85625
1.31659
9.97828
3.44746
2.98694
7.58038
4.41737
5.66949
6.47693
3.01682
8.83531
6.06534
9.89168
7.66429
6.09161
7.98289
2.24988
10.0135
2.62972
8.39441
5.13589
0.828572
4.08911
2.30658
5.56354
4.37906
4.22256
6.09018
7.20942
7.00864
3.20636
7.29786
8.92369
4.61334
9.79879
3.83114
6.08499
2.90303
5.94064
8.97183
5.76541
8.47642
7.46461
9.99742
5.51411
5.72282
0.87333
6.20947
9.22709
7.68613
2.43798
3.76445
5.65214
2.78454
0.325776
3.63293
0.00837242
4.39166
5.80401
5.81571
9.27119
2.19984
4.2461
4.78228
5.00333
1.81544
7.75663
2.15927
4.38252
6.62539
7.26767
5.96382
1.50839
2.40277
4.45998
5.32963
8.1329
1.38136
5.06737
6.8419
0.328451
1.31276
7.20897
0.0669999
8.68715
7.19339
9.20567
1.9013
1.90375
7.52109
2.54291
9.86022
1.61827
0.0681039
4.90457
2.95397
9.82579
8.25194
2.0095
3.57092
6.28417
3.78063
7.37049
1.46463
5.17544
9.20685
3.65547
9.72479
9.89849
0.718267
9.53987
1.90768
3.40537
8.06806
2.30394
0.961101
7.73042
3.32038
3.25533
9.5152
6.89691
2.30459
0.857265
6.5517
9.00743
7.74385
0.392581
5.31539
2.85425
8.77
2.726
7.08965
8.52088
5.6494
