1.5259
-0.824524
0.991476
2.1499
-1.08011
-1.89618
-1.44561
-1.03906
-1.33206
1.13993
-1.65432
1.15757
0.0259316
0.53538
-1.03752
-1.78746
0.947661
-1.36115
-0.417857
-2.13178
1.95337
1.30224
-0.210298
-0.148276
1.62076
0.399442
-1.51113
0.621761
1.20373
-0.556039
0.223703
0.0783202
0.384983
-0.332553
-0.912145
0.386684
-2.19123
-0.253993
1.50982
-1.41452
1.81174
1.71876
0.236266
1.78543
0.547694
1.00938
1.86909
-0.970052
0.20952
0.988928
1.07718
-1.77568
-1.59921
0.362294
1.85617
0.825644
1.89408
1.51224
0.358931
-0.292511
-1.47225
-1.49817
-2.08861
-0.983823
-0.344503
-1.52196
-1.29622
-1.98215
1.15712
2.03563
0.29303
0.503815
-1.29906
1.17236
0.327956
1.21804
-0.904339
1.47725
-1.33819
-1.20042
-0.0689829
-1.81609
1.11876
1.4869
1.65368
1.38802
0.0916993
1.37902
-0.461751
-0.0519164
2.313
-0.631981
0.609753
-1.85657
0.312215
-1.0028
-1.5326
1.72054
-1.38448
-0.71258
-1.25459
-0.871817
-0.505628
1.6767
-0.703691
-1.87245
0.915049
-0.968968
-1.84138
-1.27639
0.0542364
-1.05164
1.64021
1.55453
1.14628
-0.179662
1.19344
-0.804815
-0.790801
0.495745
0.635187
-0.508423
0.180984
-0.809997
0.150221
-1.64821
-0.378861
-1.13858
0.57159
0.0688506
1.991
-1.69617
1.66366
1.85194
-0.709886
-1.57176
1.89973
-0.976438
1.71697
0.76729
0.0187012
-1.47037
-1.52567
-1.79873
-0.555743
0.51456
-1.34848
-0.657371
1.54707
0.831122
-0.530027
0.112039
-0.167775
-1.61932
1.6009
0.920091
1.35891
-2.03142
-1.41201
-1.11971
1.01589
0.631825
-0.820153
0.0465132
-0.729314
0.279155
0.443834
-1.89139
-1.26121
0.509371
0.692375
-0.0539797
-1.50787
0.624155
-1.62018
1.17506
1.31159
0.865217
0.461194
-1.28761
0.86942
0.154124
1.38274
1.01516
0.412849
-0.0015184
1.13909
0.111759
-1.80423
0.530798
-0.771215
-0.731376
-1.45086
-0.380027
-0.845096
1.6141
1.33539
-1.62859
1.16652
-0.577097
0.691348
-0.905078
0.410541
0.983187
-1.36016
-0.697481
1.12775
-1.6224
-0.40464
1.5521
-1.63297
-1.56386
0.855724
0.389541
0.697154
-1.05768
2.12873
-0.288783
1.78879
-0.618798
-1.44115
1.57574
-0.00538818
1.12546
-0.25889
-1.77983
1.49853
1.67458
1.21576
-1.68685
-0.691875
-0.0722498
-0.849189
-1.60044
-1.34887
-1.61846
1.89571
-0.092775
1.13992
1.75471
-1.78449
0.428266
0.208737
-1.07068
0.413875
0.811521
-1.70185
2.24746
-1.14763
1.3201
0.3466
0.575401
0.785878
-0.367627
-1.29337
0.353993
1.97107
1.71846
0.428233
-0.0318475
-1.80179
-1.48321
-1.15164
-0.634737
-1.51488
-1.29361
-0.177461
-0.344292
0.538792
0.268292
1.44864
1.28994
-1.44683
-0.538062
-1.91958
0.0108324
1.33995
-0.403127
-0.956402
-0.238327
0.605698
-1.25473
0.753047
1.31703
-0.932652
-0.480953
1.29648
0.342458
-1.0965
0.539964
1.36796
1.58729
0.00393288
-0.318868
-1.29454
0.00760546
-0.484368
1.5939
-0.396743
-1.60193
-0.872164
1.16456
-0.395233
-1.51332
-1.60276
-1.56886
1.36216
-0.942648
-0.631996
0.892977
1.8714
1.56282
1.70966
2.04987
0.546342
1.48697
-1.81094
0.0484415
1.07133
1.37217
0.526975
-0.364855
-1.18602
0.523414
-1.5973
-0.399232
-1.81963
-1.41815
1.12795
-1.7346
-1.04513
-1.48354
1.80705
1.3927
1.55898
0.889839
1.6979
-1.25001
0.661363
-1.93011
1.05155
0.155312
-0.278859
0.553982
-0.745623
0.715701
-1.32102
0.83012
-1.90508
1.92732
0.919842
-0.476394
-1.59603
0.742285
-0.192369
-0.73322
1.06263
-1.18867
-0.110287
2.11951
-1.35852
-0.929554
-1.3626
1.23618
0.0579099
-0.876556
-2.09241
0.0437912
1.79251
0.473511
1.91381
-1.53459
1.31969
0.259692
1.0985
-0.113155
-1.92784
-0.384435
0.664266
0.183084
0.648094
0.172644
-1.9055
1.01178
-1.89439
1.69366
1.19776
-0.911252
0.733997
-0.403477
0.00233244
-0.331587
-0.0119594
-0.291418
0.723123
0.0412122
0.483534
-0.924725
-0.293257
-1.69272
-1.26834
1.58575
-0.739394
-0.90901
1.90253
0.96089
1.56769
0.0239632
-0.538181
-1.75119
-1.39395
0.00755103
0.875226
-0.325452
-1.58892
0.805773
-1.21253
0.843737
1.81977
1.24691
1.07918
-1.06989
1.08528
0.398262
1.4871
-1.59868
-0.143822
-1.04298
-0.238066
0.668354
-0.617166
-1.23738
1.04144
1.57004
1.32427
-0.723276
1.01317
-1.90154
0.628779
0.230778
-0.849031
2.16631
-0.466578
1.71545
-1.28192
0.617614
-1.28807
-0.666469
1.05656
-0.144171
-0.204488
-1.2714
-0.299097
0.798211
-1.20897
-1.88463
-0.421645
-0.777921
-0.464558
0.871988
1.09948
1.42586
-1.52735
0.30524
-0.360333
-0.669649
0.993958
1.44293
-0.932715
-0.575275
0.0127921
-0.81048
1.44139
1.20249
0.561537
-0.328153
0.67211
-0.900236
-0.512863
1.54255
-0.258369
2.20525
0.260909
0.463217
0.621324
-0.81303
-1.76177
1.18601
-1.3835
-0.0142589
-0.804321
0.87467
1.41743
0.41624
-1.65022
0.0947277
1.52338
-0.714289
1.61273
2.07958
-2.14626
1.20322
1.75622
0.721441
1.53692
-1.85994
1.61856
0.221698
-1.97275
0.528022
-1.43004
-1.50889
