4.38468
9.67667
0.730578
1.88004
2.37824
9.47912
3.89075
1.20853
5.13
5.78273
7.90684
7.3251
1.34286
6.18134
6.53787
0.160619
3.10591
5.79445
6.33004
1.13122
8.92004
3.6105
5.31356
4.00518
3.7137
1.1563
0.713865
8.75469
8.09735
4.59482
8.94371
2.8104
0.312755
9.70811
5.07171
6.29479
7.75288
7.04986
1.49896
8.78772
1.6799
6.67741
1.72993
7.0114
9.73327
8.81136
3.0385
1.26301
6.91597
5.80378
0.125351
2.34167
5.39667
3.66352
0.271087
8.17488
3.75514
0.420692
4.90111
1.63012
7.72056
3.46794
5.22808
3.25199
4.60236
7.51024
7.93074
6.10752
1.93778
2.56306
2.91809
3.06591
9.88725
4.27942
5.24915
6.72168
1.17979
0.640982
1.26992
7.76919
6.38816
7.68769
4.68298
0.251597
4.1421
3.14732
7.6138
2.36742
2.73236
6.18255
1.77984
0.689717
1.39064
6.51581
2.26961
0.514955
0.782361
5.08526
1.77116
2.47519
8.37798
5.90004
8.68716
9.71728
2.62161
5.95524
2.07027
1.48222
8.27178
8.20891
6.46483
0.894106
5.81623
4.43011
7.99964
7.30952
0.98889
1.15703
9.77959
10.0313
3.07098
1.74615
2.06587
0.726395
5.64721
1.04245
1.29306
3.25908
6.53598
1.53889
6.34379
2.40694
2.6677
1.9875
1.95735
7.80412
5.18879
6.32441
8.6517
6.40761
6.25863
9.01078
0.318726
9.95887
9.28851
8.2939
8.47614
9.25763
3.74126
4.59863
6.72095
3.41337
8.0282
6.37472
5.64924
7.16969
5.0468
2.72993
9.51616
4.43898
5.63077
6.83385
0.0559103
2.1842
9.12383
2.40839
2.87976
10.073
3.06203
8.48541
2.47768
2.43002
8.63695
1.05086
7.40767
9.47072
1.77432
0.656891
1.57226
3.13668
3.62258
4.98637
7.7496
8.97567
3.64426
4.47544
5.84235
3.30867
3.71019
7.26322
5.81885
7.59829
0.1826
1.52022
9.64718
9.01782
1.30032
9.08959
8.81076
1.91573
0.652321
7.70645
0.656515
4.37478
5.4924
4.45288
7.56731
9.3565
4.30618
9.52999
9.79365
3.05576
5.40617
5.34766
9.39988
4.9579
6.78322
9.76762
7.14808
0.408896
1.29683
6.54642
9.90441
2.66089
3.11033
10.0461
2.39001
5.75862
7.99747
5.27083
1.49697
2.91486
4.88024
5.48498
3.3914
2.89347
8.23368
0.0811932
2.68434
0.69601
3.28757
4.85853
5.59085
3.89581
9.84698
6.52352
5.75033
4.42337
0.212804
9.9832
6.27205
8.09218
7.33716
2.3633
1.66486
4.47227
0.409098
4.97712
1.01173
9.05591
6.01789
7.14587
3.18253
2.99038
0.628579
7.3948
7.36605
7.17827
0.0479279
6.86918
0.836249
6.09015
3.07328
2.50655
2.03246
3.98376
5.57746
4.0717
6.56134
2.81747
3.885
7.55297
0.92617
9.95136
8.95286
0.584079
8.40621
1.22507
7.70107
5.44271
0.600948
8.82612
8.26396
0.557058
4.63736
2.33175
0.857786
1.14724
8.8817
6.76905
3.18033
8.24591
8.44097
1.64225
8.66506
9.80232
1.01496
3.5275
2.94463
8.4313
1.50376
3.00504
2.24933
2.22092
0.141383
1.65012
9.98866
2.69671
3.69989
2.24342
0.793578
6.77791
3.45991
6.14986
4.68217
3.37539
0.885288
6.66054
4.66247
0.771343
1.00256
4.12048
7.14998
3.75864
1.77996
8.76332
0.782927
9.01461
4.69291
2.93389
3.64992
4.47807
9.81109
8.22646
8.06621
7.9801
5.40472
4.07866
4.42837
6.70087
4.61235
1.28595
2.99259
6.88082
8.64329
7.87975
10.0274
4.91303
4.03378
7.78526
3.31426
7.32317
5.21509
3.93491
3.48486
4.89152
8.48233
6.90607
3.38515
5.66133
1.75453
8.63396
5.15097
5.28074
5.01206
9.61021
1.50497
2.35635
2.78655
5.02097
4.72692
0.661935
0.015141
7.88447
6.3857
0.9367
3.25333
5.99818
1.06763
7.73325
1.32033
3.79958
4.2055
8.77363
7.78032
2.27588
8.47437
2.82601
1.92113
8.04143
1.48963
8.59775
3.25702
2.26936
3.87425
9.5377
1.84358
3.63097
7.65992
8.22072
7.57857
3.47784
0.684497
0.159189
6.12709
4.40489
5.97328
0.70912
9.27057
2.48196
6.44832
8.45084
2.3554
1.25552
2.61475
7.03253
8.82692
1.93837
9.35564
2.5468
2.94334
2.69068
4.96189
0.00700747
8.39684
5.7766
9.66722
9.35595
8.19732
0.747314
3.15671
1.54452
4.55586
5.71011
2.92811
1.06073
9.70397
3.26844
1.74935
4.92064
4.42527
3.98069
4.89556
5.63159
6.7636
9.45843
4.66936
9.68487
2.80732
8.11769
7.00148
2.45548
7.40356
5.79915
5.61521
6.35333
9.97329
8.94627
7.78774
1.02564
0.284739
3.39037
5.04504
6.28945
0.876537
5.15034
0.841297
1.17068
5.58055
2.98388
7.4034
7.47911
6.11998
8.92637
3.03124
0.362609
0.346992
5.5018
8.82398
4.9685
6.03683
9.00816
0.565848
3.94093
6.48073
5.81358
9.14002
3.00933
5.52455
5.01974
1.38208
4.18437
7.88671
7.65018
7.76034
3.68504
10.0182
0.0377586
1.28528
9.39631
3.08669
1.30018
