-0.885739
0.87745
-1.27609
1.47185
0.478968
0.458574
-1.1769
0.658871
1.44703
-1.04437
1.97069
-0.0877967
-1.19773
1.09487
-0.826513
-1.81789
0.677959
1.79818
1.74567
1.44525
0.70481
1.17221
-0.0540536
1.76916
-1.91297
-0.769181
-1.4254
1.70713
-0.509146
0.659014
-1.61215
-1.82115
0.729215
1.29503
-1.93804
-1.1444
1.59429
-1.06343
-0.525079
1.98345
-0.601467
-0.947714
-1.77104
0.608659
1.89261
-1.41588
1.99639
-1.89391
1.75066
-1.25636
-0.878548
-0.413555
1.58146
1.36039
-0.344955
-1.82712
-0.997707
0.0286625
-0.639377
1.52078
0.771268
0.70177
0.854143
0.356
-0.0236026
-1.22769
-1.25038
1.456
1.18402
-0.865619
-1.56002
-1.81281
-0.921842
-1.30797
-0.289012
1.05379
-0.227469
1.67944
-1.40487
1.97242
-1.05407
-1.09587
-0.941334
1.86081
0.543091
1.92743
-0.44924
0.210981
-0.26993
-1.57519
-1.86094
-0.69121
0.983595
0.74035
1.27067
-1.82796
-1.23976
1.07696
-0.152665
1.30651
0.924885
1.4619
1.59956
0.413101
0.62544
0.67824
-0.29328
-0.910385
-1.89507
1.2143
-1.42406
-1.97883
1.92239
-0.946592
-0.0181019
-1.15598
-1.91218
-0.712752
-0.246503
0.484352
-1.67249
0.43203
1.56698
1.63471
-1.51979
1.79753
1.57285
-0.285436
-1.50343
-1.93204
-0.90864
-0.306866
0.0670645
-1.65382
-0.688049
-1.04176
-0.0459419
1.90639
-1.8712
1.8175
0.076501
0.255262
0.0105068
2.03086
-0.0855274
-1.85725
-1.04437
-1.54823
0.307791
-1.83743
1.06198
-1.16299
0.543384
1.9542
-1.16346
-0.00343556
1.34896
0.954877
0.0604155
0.000550243
0.282687
1.80924
0.99403
-1.02649
-0.5056
-1.39344
-1.2576
-0.844624
0.539555
1.45857
1.54963
1.33446
-1.5683
-1.91618
1.66074
0.456505
1.91094
1.30901
-0.283818
1.62875
-1.12348
-0.767357
0.85914
-1.74824
-0.490095
1.06143
1.92847
-0.836981
-0.926167
-0.493286
-0.0931665
1.34175
0.792843
-1.61456
0.464994
-1.30868
1.81196
-1.07123
-0.340053
1.58662
1.45011
0.502003
-0.918564
-1.09108
-0.326176
1.97905
-1.15158
-0.778089
0.283945
-0.304601
0.583823
-1.73344
-0.84533
-0.660047
1.19788
0.827909
0.288898
-1.94134
1.17613
1.0486
-0.962492
-1.19779
0.789225
1.05891
0.342031
0.189431
-0.829113
-0.564548
-0.940622
0.314596
-1.67259
1.79251
1.45885
-1.6953
-1.42724
1.01619
-0.191583
-0.662373
-0.340349
-0.761756
-0.770215
-1.32451
-1.51569
-0.22737
0.137284
-0.566702
0.686869
-0.353759
-0.670646
-0.662749
1.77196
0.497474
2.0435
0.418582
-1.05229
-0.416256
-1.09145
1.49273
1.4628
-1.0383
1.13319
-0.339095
-0.214677
-1.40853
-1.13908
0.398048
-1.55606
-0.922879
0.536032
1.84604
0.742879
0.531828
-1.48029
1.72704
1.09431
-1.69685
-1.61606
0.666059
-1.34004
-0.84456
0.878259
1.38551
-0.577977
1.66094
-1.47053
1.92493
-0.578563
0.625439
0.0416203
-1.14445
-1.90329
0.162383
-0.683933
-1.72622
1.5622
1.93592
-0.302604
-1.75221
-0.255346
1.8937
1.15327
1.05434
-0.739991
-1.78246
1.57097
-1.66224
-1.53772
-0.641116
0.0903676
0.216354
-0.932679
-1.24855
0.652837
-1.25629
0.529047
1.78698
0.721897
1.07917
-0.277817
-1.14787
-1.05913
-1.04986
-1.26626
-1.01582
-1.26312
1.37907
1.95112
0.726822
1.56956
1.6178
-1.86091
-0.89494
-1.44414
0.850043
1.14662
-1.29413
-0.679676
0.352642
-0.424283
1.55674
1.1252
-0.559329
-1.61699
1.07841
-1.91427
0.211159
-1.98235
-0.919163
-1.70901
-0.238129
-1.965
0.1607
-1.53882
-1.4718
-0.572562
0.621979
2.06371
-1.65051
-0.287044
-0.848458
1.65513
-1.85009
-0.0555663
1.73536
-0.586064
1.2183
0.873437
-0.654341
-1.58254
1.5113
-0.17468
0.442708
-1.11081
-0.165504
1.81905
-0.25047
0.299618
0.671312
-0.417466
1.21123
-1.34244
0.0224479
1.24209
1.52837
1.03403
0.499734
-1.04007
-0.738062
1.41001
-1.20509
-1.59948
0.502315
0.85339
1.98929
-1.94516
1.72219
-0.199434
-1.88252
1.58971
0.676016
1.21526
1.81046
1.3004
0.931659
0.598772
-1.00278
-0.971587
-0.371906
1.90118
1.07109
-0.575331
0.653524
-1.19218
-0.030711
0.703049
-1.00357
0.6818
1.93393
-1.24792
-1.71145
-1.23593
0.373469
-1.92743
-0.859568
-0.391239
1.0159
0.096792
0.240034
1.5986
-0.122129
-0.977932
-1.61147
1.48957
-0.694146
0.631329
0.908529
-1.16925
-1.37981
0.556313
0.670216
1.15257
0.514988
-1.61381
-0.90818
1.35821
1.85032
0.487566
-0.0964575
-0.831595
1.86354
-1.18898
-1.76593
1.76058
0.801253
-0.521591
0.632507
-1.97089
1.48226
0.134707
-0.405861
0.14195
-1.25155
1.62418
-0.711083
0.743949
-1.7692
1.28012
-0.528249
0.0429811
0.646181
1.43271
1.97536
-0.0165805
0.299955
-0.0320368
-0.571171
-1.50696
0.0337588
1.33699
-1.49186
1.82753
1.63548
1.77888
0.750334
-0.621379
-1.94859
-0.0896699
1.55083
-0.0661633
-0.346615
-0.959327
-0.814065
0.62071
-0.863952
-1.71976
1.29258
0.210413
0.979441
1.10684
0.8078
0.0904667
-1.08495
1.23099
1.69722
-0.037542
-0.25447
-1.71111
1.70142
0.191512
1.08485
0.533215
0.392819
