7.11166
4.6102
4.66324
0.94034
0.91314
4.09535
5.72265
6.71953
9.26734
8.13038
4.75875
0.439724
3.41876
2.31514
8.27773
6.3294
6.29102
10.017
6.07661
9.08723
7.06625
3.79807
3.56205
7.68569
5.18596
4.66276
4.16098
9.11317
2.07124
8.68825
1.92297
6.03829
6.86976
8.67909
6.80824
9.75944
7.90191
2.54162
3.26599
3.142
6.70714
9.49887
3.2459
4.10079
1.08348
5.36463
2.26201
7.24124
3.4487
8.8107
6.48659
1.25217
5.67907
2.55411
0.78258
7.95523
0.737528
7.37741
9.90854
7.96006
1.84842
8.31792
6.86118
3.76559
4.65932
2.40302
2.78584
5.45225
10.003
3.63385
1.23067
3.17716
9.76429
9.36492
2.81502
9.41247
1.10487
1.13023
9.61014
6.05512
3.17465
7.53028
7.43791
6.89286
7.74527
3.95266
9.48022
7.57527
5.15927
8.25129
3.92939
0.287365
2.94239
5.65857
5.1238
7.69525
8.54747
7.68948
3.37517
7.53474
0.968314
6.627
1.23989
6.00966
2.0657
6.88108
3.39098
4.4582
4.20808
2.21056
5.09576
0.438855
8.49669
1.94206
8.79712
6.43025
8.99738
5.27889
6.69226
7.00321
0.670807
3.43152
7.17045
1.47065
0.635723
9.88114
0.485035
5.76162
5.90669
4.6665
8.76491
3.89292
0.0180466
6.74619
8.31514
8.54304
2.02432
7.04341
5.94069
5.05363
8.51932
5.93835
9.20932
6.56133
0.200493
1.78401
2.16668
0.908797
9.62815
0.0967974
10.0483
4.58781
3.91639
3.49616
2.31608
7.533
0.813145
4.13313
6.91811
0.188502
1.68401
2.87369
1.41464
7.62601
4.50493
4.89854
9.31431
9.96941
7.9492
6.89006
9.92211
8.99708
3.35185
2.53636
4.82048
7.95756
8.49975
4.8341
0.990285
4.30326
6.1004
7.02049
1.65469
4.35106
3.6503
6.55856
3.43745
9.59837
7.05053
1.64202
7.63263
2.16857
3.22856
5.9188
8.93725
10.0177
9.02885
2.33766
7.69634
9.68812
1.13001
4.50951
8.84146
0.242098
2.65903
5.50472
1.75208
5.42836
1.2166
2.20114
6.01975
4.26745
6.68369
4.6006
2.08127
1.25962
8.58
6.39846
5.72975
2.7311
7.24795
8.29125
8.34126
7.4906
2.51521
1.2573
4.95478
5.66482
1.3451
0.766503
1.62598
7.24169
3.71278
9.70284
2.93185
5.46466
4.21647
0.568669
3.22095
8.69263
3.67472
9.03884
2.10298
1.63527
1.71546
0.842817
6.99489
7.68186
7.82484
4.11308
4.43846
1.90922
7.36494
0.846806
4.12103
5.03052
5.40444
7.65395
3.25323
8.52103
1.80163
7.89344
2.56807
8.00435
8.04326
4.66546
9.93272
2.29507
5.2674
4.47327
1.18529
7.02511
6.76291
6.07039
8.71027
8.31292
8.99798
8.04327
0.598751
8.95931
5.10272
8.50539
5.05266
5.05519
3.83169
2.05072
4.85682
1.90617
4.63535
7.67029
3.13059
8.44298
6.88917
2.79555
4.55192
0.756896
6.68758
4.0493
0.927786
3.23026
1.01429
1.18714
0.47218
0.690145
2.8696
2.56631
4.61448
1.78394
6.96648
4.15675
9.20578
9.32266
4.83364
0.0412718
7.02491
0.645006
7.66957
0.619717
9.0523
1.33724
7.54019
0.994938
6.10719
8.62217
6.01621
6.31159
3.28542
7.38792
6.0278
8.64926
8.14071
6.62389
2.21661
0.0170105
7.35482
1.91408
7.18149
8.84137
1.05379
4.48559
2.25107
7.07822
8.41793
0.549364
7.76492
1.31099
5.01083
0.931663
2.21987
7.99089
9.50077
9.94127
6.38882
9.95363
2.5611
3.10554
4.0775
3.1928
6.13746
3.37497
1.26014
4.41405
8.66336
5.57008
6.48403
3.61965
2.79563
6.61452
8.142
2.28856
2.52561
5.91031
0.8568
8.31806
2.22013
8.69037
4.05792
3.79988
5.11976
5.31787
4.0879
1.89704
2.62218
3.36724
7.67435
7.50238
0.0696704
3.52548
1.08777
2.96797
3.34064
2.51936
0.475501
2.15426
0.138371
5.8562
3.59321
7.31056
3.87831
10.076
8.72111
1.67805
10.0587
2.57706
8.57912
9.56398
9.95145
4.91088
5.45399
5.7842
9.57401
2.41461
5.35607
0.330266
9.9362
4.50856
2.66038
8.68976
7.13468
9.42785
0.0422328
5.20603
4.91301
2.30704
7.63908
1.82225
5.36251
2.73343
4.05724
5.57736
3.0534
8.96432
5.84076
0.975893
4.70906
6.71231
8.75498
6.57383
8.29919
1.26265
0.597318
1.85346
5.87317
9.99281
2.29865
5.17802
5.13015
1.43906
2.01243
9.70947
0.40145
7.74463
5.53898
1.54115
1.23826
8.19941
2.46808
8.91104
2.29995
5.4118
9.50948
4.66547
7.29085
5.74892
9.86837
4.15887
6.88326
8.57682
1.88859
2.8146
7.73844
5.34439
8.34849
1.81694
9.40487
1.21936
0.0691847
7.09525
2.71212
9.56654
9.98613
5.94635
2.11556
2.56931
9.63848
9.95628
0.793292
8.93498
2.09227
7.06713
7.61209
9.29271
9.19982
0.161248
9.56458
7.59391
7.75538
6.90213
4.86502
0.722765
4.56329
7.10757
6.33351
3.05377
8.46437
0.701399
9.3164
8.28971
9.79662
7.89514
9.28733
8.42397
