1.25999
-1.34398
-0.726419
-0.753026
1.75147
0.00703257
-1.9501
-0.0461303
1.25535
1.1245
1.56346
0.574951
-0.836982
-0.930305
1.75279
-0.189351
-1.44282
-0.779822
-0.904938
-1.63635
-0.980048
2.0356
-1.90611
-0.992347
1.05634
0.437808
1.50734
1.33274
1.06628
0.582269
-0.122103
1.59883
-1.5051
-1.55945
0.369968
-1.74127
1.14791
1.21731
-0.385244
1.77802
1.9524
-0.788085
-1.48997
1.98633
0.679654
-0.216109
1.50058
0.218869
-1.86896
-1.32509
-1.00764
0.00247782
0.811148
-1.20052
-1.07569
1.05648
1.71093
-0.421212
1.49268
-1.03931
1.51658
0.87406
-1.32218
-1.63015
-1.87187
1.8828
-1.20062
0.632454
0.937821
-0.0762531
1.88676
-0.9143
-1.90539
-0.325697
1.17111
-1.23772
-1.15614
1.36929
-1.22313
2.13888
0.230193
-1.88907
1.19278
1.31139
1.26644
-0.844668
-0.586045
0.863282
-0.631548
-1.91193
0.410851
-1.4422
1.4304
-1.40314
-1.40749
0.835875
0.843576
1.72306
-1.39836
-0.697525
-0.435579
-0.377435
1.61994
0.0312213
-0.264756
0.186828
0.623979
0.261533
-0.283637
-1.46021
-0.502761
0.623761
0.061071
1.49185
-0.100926
-1.36867
0.84914
-0.505368
0.43202
0.351217
-0.144652
1.54178
1.82968
-1.21832
1.69843
-1.81507
-0.307691
1.19338
-0.568012
0.14183
-0.0136635
1.96838
-1.075
1.43656
1.25603
1.05222
1.78223
0.511696
0.50655
1.57713
0.0382052
-1.25304
-1.63175
0.558209
0.375186
-1.00831
0.873703
-1.76327
-1.87295
1.54111
1.19039
-1.83396
-1.26504
1.17225
0.36343
-0.071873
-1.34895
-1.58589
0.266817
-1.07775
-0.319069
0.683868
-2.05476
1.7886
-1.08538
-1.05606
0.0956038
-1.4687
-1.02154
0.298603
0.0565662
0.21246
-1.12355
-1.25869
0.0128318
1.37357
1.36182
0.633381
1.20293
0.304889
-1.20062
-0.915792
-1.03612
0.716197
0.0097543
0.362117
-0.500612
0.0609668
-0.977082
-1.78269
0.227
-1.83876
0.0916587
-1.15264
0.103005
-1.7869
-1.71711
-0.176057
0.0252702
1.25033
-0.0721122
-1.35422
1.42191
-0.515781
-1.89958
0.444672
-0.731831
-0.482209
-0.315109
-0.665064
-1.95894
-0.458055
-1.47127
0.305586
-0.247922
-1.1278
-0.871006
1.12561
0.994856
0.0275899
-0.309145
-1.9588
0.0117512
-0.59385
-1.09663
1.21017
1.33676
0.964827
-1.57316
-0.164481
0.54282
-2.05246
0.94694
0.966393
-1.19561
1.11216
-1.59577
-0.853546
-0.292109
-0.773954
0.588644
-0.903658
0.521819
1.00434
0.0899143
1.73761
-1.01335
-0.388363
1.42061
1.10986
-0.899184
-1.54771
0.557304
-0.382843
-0.834818
-1.08411
0.479405
1.12334
-0.158259
1.68065
-0.81333
0.657204
1.53556
1.49139
-0.994843
-0.395268
-1.65592
0.801646
-1.13369
-1.39344
-0.227158
0.668546
1.78645
-1.33992
-0.0188061
-1.16764
1.11478
1.51037
-1.29323
1.60931
0.186458
0.352908
-0.478387
0.374057
0.363959
1.51166
1.63738
0.955176
0.459421
-0.657268
1.74303
-1.83455
-0.509612
0.382882
2.05025
0.868018
0.23646
-0.506663
1.32742
0.753907
1.19259
0.174792
1.82901
1.01722
1.87524
0.706265
0.751612
-1.70231
1.30757
-1.60122
-1.92922
-0.0415157
1.56135
-1.62681
-0.450569
0.232127
-0.222934
-0.424763
2.01713
-1.55074
-0.415331
-0.0251359
0.498782
-1.40663
0.312306
-1.36697
1.73648
1.25438
-1.31772
-1.1184
0.71924
0.482234
1.88795
-1.79668
-0.915585
0.323995
-0.13112
-1.36057
-1.91913
-1.57976
-1.05095
0.778331
1.78881
1.87639
0.461981
-1.68514
-0.0945682
-0.123758
-1.43276
-1.12599
-0.555858
-0.125931
-0.541589
1.58202
1.59657
1.20574
1.57421
0.583109
-1.5424
-0.00913268
2.0603
0.676919
1.63296
-1.20877
-0.206663
0.410883
-1.50632
-0.643443
-0.454438
0.999349
-0.782541
0.614592
-0.293384
1.76651
0.324035
-1.36156
0.0721712
1.52188
1.04951
-1.9165
-0.644637
1.27977
-0.221974
-1.68263
-1.57251
-1.70576
1.82777
1.94406
1.76924
-0.41031
-0.95849
-2.11381
1.24382
1.78418
-0.464216
-0.707221
1.03311
-0.86487
-0.263339
-0.668242
1.3895
-1.22606
-0.753266
-0.204362
-1.10498
0.096062
1.78884
1.74294
0.658609
0.944868
-0.538436
0.118101
-0.962384
-1.99336
1.55404
-1.43098
-1.5368
-0.163183
-2.04209
-0.856839
1.96975
-1.13215
0.805306
1.34262
1.42159
-1.1253
-0.939204
0.962763
0.961294
0.335956
0.738343
1.33874
1.91225
-0.444139
0.0447036
1.58775
-0.643966
-1.58115
-0.23316
-1.20181
-1.3953
0.885761
-1.62975
1.48693
0.987423
1.66054
1.79133
1.74939
-0.772023
1.76973
-1.91578
1.51204
-2.03506
-1.58522
-2.04656
-0.689764
-1.09833
-0.504617
-0.237423
-0.073139
-0.387978
-1.2154
0.687652
-1.75776
-0.810938
0.942074
-0.359601
1.47311
1.75982
-1.46841
1.62126
1.55408
-0.935194
0.174627
1.98078
-0.123602
-0.70006
1.1122
-1.71842
0.937414
0.700538
-0.173865
2.03088
-0.557484
0.142802
-0.591372
-1.03391
2.1498
-0.700392
-1.50668
0.732326
-1.13442
1.61148
-1.74851
0.947319
-0.40901
-0.787671
-0.260275
-0.382762
1.14973
-1.87976
1.5068
0.264
1.78538
0.371361
1.47797
0.316882
-1.11678
-0.845215
-0.637657
-0.747814
2.00128
