5.51183
8.04843
8.07778
2.89566
4.2331
6.15303
9.11565
4.14446
5.35995
8.237
6.98431
8.53343
6.07796
2.15785
5.14206
1.49366
4.30219
6.18767
7.76454
5.00421
5.35699
2.20743
1.78732
1.69314
4.17526
5.73974
5.82878
9.88262
3.99385
10.0286
6.32785
3.85721
9.43382
9.62157
5.12113
6.72639
4.63577
7.39466
10.0138
9.52948
2.64099
2.61964
7.381
5.56458
9.713
4.5183
3.10245
8.69722
4.11856
2.14012
5.12876
1.82539
6.23009
6.08011
7.19117
2.2482
0.186481
2.44814
6.54227
7.76535
6.4964
5.47474
5.66958
6.37254
3.12115
1.10025
4.36451
4.20313
7.14264
7.08578
1.51341
4.60712
3.13491
0.111516
1.20047
8.5061
9.23162
6.57988
0.255359
8.00631
0.643885
0.662475
4.39387
6.89408
7.07473
8.98048
4.51085
2.90146
5.18846
0.612556
5.92249
2.23679
2.73461
4.21869
6.56182
4.2188
3.52948
7.97531
8.92835
6.96844
4.38529
4.42744
1.60033
8.21362
0.34821
0.898958
3.52146
4.11279
8.36898
0.623497
1.3176
8.81111
9.09187
8.99627
5.29804
5.50311
6.04312
6.23097
0.435849
6.29896
7.77798
7.79216
6.80912
3.6381
9.67276
0.996977
7.88182
4.77732
9.99728
8.6004
8.84522
9.19901
7.41149
2.07398
6.78881
4.2852
0.370018
9.95577
5.45629
6.67564
5.85376
2.46613
1.0141
5.65344
2.18919
2.341
0.543263
0.268214
9.13853
5.19911
0.774785
9.39295
7.87794
0.327505
4.3733
1.50858
9.33724
3.17761
4.15678
8.24937
4.36291
7.98069
8.92573
2.9677
0.563977
7.38352
2.90604
7.24203
0.339548
3.51815
0.101542
8.10055
2.5848
4.22707
4.83172
9.11176
9.422
4.04416
8.8241
8.01206
2.32237
3.01189
0.907457
10.0208
8.26518
6.76299
8.98283
1.49075
3.69383
2.67616
3.93951
5.87985
7.65108
7.85505
7.49961
9.04759
0.963691
0.628969
6.81171
5.89243
0.836819
4.09929
1.2713
6.26532
7.5812
1.65942
0.890335
9.52217
5.70068
4.86209
9.10226
5.52917
0.873475
0.01965
9.92428
4.13673
7.55227
6.57035
9.70351
3.2414
0.358658
1.09072
9.1971
5.52729
0.327938
1.81731
8.18217
3.15624
4.03064
8.56402
6.34124
6.63975
8.49834
3.99042
1.53858
1.06491
8.54395
2.61268
1.30059
5.1582
2.57926
0.86231
1.30853
4.18459
8.17469
0.107694
8.26106
6.52923
6.53678
3.65652
7.61661
3.57159
2.5395
1.62986
3.43613
2.34086
1.2665
1.28244
8.63229
4.16572
1.37401
5.95528
5.55885
7.23045
8.17818
5.96461
4.69435
3.49656
2.43607
1.5396
8.73553
2.81776
0.908383
3.36764
3.42858
9.62567
1.24382
9.16985
7.90868
4.44005
6.7901
7.47189
8.56698
4.42391
3.83832
0.934298
4.24962
0.645131
4.81303
3.15504
6.33441
1.50979
2.47962
5.96926
0.858415
0.466936
4.02607
0.0434974
5.37657
7.94663
6.77121
3.8995
4.3657
5.9406
1.22719
7.65146
8.82416
6.45106
7.54683
7.30416
7.2529
9.41038
9.49459
5.52649
0.972393
3.56103
3.23162
6.01333
7.90275
1.01012
0.762079
1.05098
7.11881
5.20722
4.94611
6.30536
3.59148
7.98894
5.96327
2.73294
8.29029
7.76516
3.63062
8.99807
6.89952
6.80664
1.31856
1.12401
0.706749
4.72396
1.59446
9.46344
6.1253
8.25982
5.07171
8.69094
2.46705
4.83244
1.62002
2.20137
2.93133
2.20803
2.44051
6.90161
8.32299
5.83801
9.51319
8.03571
3.0532
6.3289
0.212756
8.69447
2.25917
3.75195
1.55188
8.33935
7.93695
8.71657
2.1285
3.02228
8.70342
1.47447
1.02356
3.00767
3.93416
2.75214
4.95949
2.93715
1.08886
5.32928
3.16449
4.65396
5.34254
4.69212
6.60084
0.0206974
9.55805
0.261747
0.342823
8.14864
1.08318
0.0557205
0.0939084
8.02792
3.08131
0.391232
8.55739
8.77166
9.36751
5.23216
2.74232
0.89023
1.70077
6.6996
8.03519
4.98585
1.17118
4.39416
5.15921
2.08981
2.19963
6.85606
1.30566
0.379571
0.300872
6.47567
7.05956
8.51016
2.50681
4.41883
3.49379
7.09697
4.60868
7.51743
4.11808
0.868842
1.92171
8.79852
6.08703
6.19684
7.26868
8.85324
1.91589
8.76709
7.15908
9.95769
9.1665
5.04613
0.717317
4.01661
5.32768
5.95129
7.63391
4.08519
5.72065
3.33057
9.3521
8.68445
2.64073
8.61577
2.73972
5.44283
6.94703
1.15911
3.87401
9.35785
0.392338
4.34282
6.72345
9.67673
8.5837
9.0645
4.59798
1.5731
5.48958
9.26158
0.0551662
7.6203
8.4016
0.0824209
6.77444
5.04963
3.37536
4.31194
5.98298
8.32373
3.51552
8.92723
8.56893
10.0527
2.57305
7.83577
0.226493
0.438611
8.12935
2.56794
7.22433
9.96323
4.2882
0.151077
10.0598
3.99178
9.84154
1.34675
3.63244
9.20546
9.80411
1.15444
2.58566
8.11015
0.845285
6.79119
8.70711
3.96853
5.88723
6.44174
4.43555
0.321425
6.55655
4.15576
7.82111
7.24516
