0.968605
-1.89641
0.167995
0.697852
1.40231
0.474019
1.30972
1.87473
0.206962
-1.52709
-0.972971
-1.75169
1.28093
1.75002
-1.18841
0.949526
-1.39223
1.30419
0.169434
-1.01612
0.817216
1.18908
0.483843
0.81639
-1.14629
-0.936729
0.258111
-1.24179
-1.76685
-1.12852
-0.111612
-1.79869
0.74009
-0.445058
0.361622
-0.951636
0.356162
1.54102
0.233209
0.363344
-1.65902
-1.55028
0.563477
2.06035
0.668905
1.56132
-1.60218
0.484811
1.96738
1.70125
-1.72065
1.7645
-1.25049
-1.84639
0.786215
0.810022
0.263521
-0.513457
0.448387
0.268229
-0.577902
0.625061
-0.565812
1.41851
-1.26199
1.48632
-1.98101
0.386706
0.660572
-0.955585
-1.83515
0.979629
-0.722143
-0.0330402
-0.101795
1.69088
-1.58516
0.207774
0.93527
1.35396
-1.0232
1.81912
0.133884
-0.677397
-1.42758
-0.829087
-1.46702
-1.733
-0.44613
0.54372
0.325047
1.25475
-0.167726
0.72465
-1.04932
-1.20676
-1.15083
1.75345
-1.54613
-1.45021
2.03862
-0.557675
-1.36227
0.279709
1.17154
-0.29571
0.802114
0.998586
1.90195
-1.39494
1.61882
1.99728
1.44293
0.392129
-1.72889
0.321243
-1.10252
-1.18869
0.129607
-0.115001
0.801531
-1.77136
0.477818
1.7354
-0.0738414
2.11506
-1.70592
0.182452
0.739305
0.274438
1.2938
1.01301
1.63418
1.2632
-1.78158
-1.04718
1.98065
1.09719
0.516351
1.35839
0.3275
1.99928
0.87598
-0.209979
0.488017
-1.40202
-0.328525
-1.48429
-0.187339
-0.218448
0.269342
-0.429867
-0.170479
-1.54432
0.449624
-0.50709
1.74099
-0.285924
1.85016
-1.27254
-0.951796
-0.926581
1.10227
-0.0593172
-1.71115
-0.736791
-1.9249
0.200185
-0.950359
0.611164
0.085771
0.525782
0.569898
-0.810292
-0.696343
-0.547125
-0.946794
-0.776745
-1.86331
1.00411
-1.16287
0.741199
-1.54592
-1.74631
-0.32167
1.41226
1.73507
1.27302
0.72689
1.26549
-1.31422
-1.02621
0.801029
-1.75304
-1.48261
1.13477
0.902486
0.126525
-0.300269
-1.5259
1.61656
1.80198
-1.42197
2.04176
-1.07219
0.00338769
-1.75578
0.953807
-0.433889
-0.0639207
1.92315
-0.269337
-0.556336
0.482573
-1.4122
-0.0827141
-0.686803
1.2491
1.07237
-1.28015
-1.81773
1.75736
-1.48599
-0.105109
0.196607
0.205544
1.47156
-1.06619
-0.893749
-1.26391
1.83627
-0.481461
-1.60846
1.69598
1.71647
-1.92266
1.6554
1.34476
-0.100074
-0.8939
0.526595
-0.493276
1.95235
-0.23299
-1.24214
2.10649
1.43138
-0.178961
1.57364
-1.50913
1.33751
1.0434
1.28651
0.820829
-0.186472
-0.023695
-0.904116
1.27176
0.348414
1.27088
1.19789
-1.80139
-0.945807
0.138062
1.7893
-0.147437
2.01792
-1.59359
0.27167
1.29384
-1.39337
0.115031
-0.674249
-0.232462
-0.138955
-0.269882
-0.956501
0.490517
0.245762
0.421099
0.335608
-0.554073
0.52259
-1.70496
-1.83176
-1.98095
1.20998
1.0551
-0.695673
-0.0925251
-0.325141
0.799452
0.0514631
1.827
-0.801185
0.286985
-0.409132
2.06748
-1.66761
1.65073
0.254844
1.15455
1.8339
0.726555
1.48745
0.220346
-0.050397
-1.24104
0.610754
-0.922397
0.857735
-1.23859
1.39745
0.854731
-1.13658
1.72441
-0.967703
1.29475
-1.46712
-0.309702
1.8637
0.795366
-0.734504
-0.216825
-0.80651
0.621698
-1.66345
-1.46592
-0.495233
-0.378917
0.620342
-0.558066
0.361487
-1.09819
1.48781
1.56171
-0.0635761
-1.44112
0.883145
1.5631
1.49687
1.26024
1.98441
-0.0268708
-1.75341
1.32425
-0.682949
-0.559696
-0.242155
-1.69123
-0.248474
-0.113375
-0.346231
-1.29738
1.28206
1.20269
-1.21336
-1.93547
1.33268
1.57415
0.891191
-1.58132
1.08579
0.823525
1.09171
0.475
1.90353
-1.97474
-0.694279
-1.42105
0.230696
1.86576
0.928095
-1.82689
-1.42071
-0.65373
-0.0272616
1.77709
-0.472835
1.08433
1.54132
1.3465
1.8886
0.611286
1.1593
-1.45057
-1.87917
1.23505
1.5557
1.95884
1.80038
-1.66878
-1.63388
-1.36083
-1.62077
-0.282894
0.900024
-0.082444
0.268258
0.632303
0.0809627
-1.67135
2.00166
-1.69367
0.119748
1.86931
-1.46211
-0.0582552
-0.902987
1.3131
-0.169734
1.28092
-0.518613
-1.90044
-1.83206
-0.173675
-1.86554
-0.520005
1.65521
1.29152
-0.779796
-0.504794
1.65778
1.46176
-1.40698
-1.93431
-1.57382
-0.742064
-0.654314
-0.348085
-1.67083
-0.901079
1.89284
1.8159
0.817406
-0.911031
1.79331
-0.242511
-1.674
-0.395966
0.207744
0.970759
-0.951604
-0.348921
-1.86913
1.39352
-1.12475
-1.17488
-1.1466
-1.67277
1.6184
0.122901
1.18387
-1.21414
-0.266027
-1.81924
-0.312799
0.925576
1.26282
-0.0420212
2.10745
1.69851
-1.47493
-1.99088
0.2271
-0.777931
-1.81035
0.914788
-1.81992
-0.195035
-1.23745
-0.711442
-1.18103
-0.0383633
-1.49583
1.11918
-0.114455
-0.880598
-1.46293
1.99438
-1.8921
-1.31471
-1.35166
0.987003
-1.41741
-0.141018
-0.635804
-0.621732
-0.785793
1.7566
1.83961
-1.14739
-0.11359
0.393699
-0.0115865
1.6964
-1.61472
-0.965642
-1.90435
-1.68928
-0.764383
1.94856
1.85419
-0.400972
-1.25447
-0.408087
-1.6406
-0.443202
0.299775
0.0167818
0.606421
0.86958
