7.71782
4.73198
2.74264
7.10545
1.9581
1.94477
4.20234
3.52123
9.95833
2.76343
9.94073
8.76575
0.463011
3.83506
7.8689
7.05855
5.36095
5.17419
9.75519
6.14106
2.31768
4.48163
8.71619
3.22954
1.77485
4.58675
1.13904
6.10107
2.28291
2.48885
7.86981
3.02017
8.41932
5.82339
5.46672
9.92108
7.17466
5.57804
6.93776
3.7129
1.30437
5.68256
10.0174
4.12442
5.99211
5.13517
2.29609
5.68012
7.20306
1.71385
2.47382
9.8147
3.34656
10.0035
4.6447
8.97983
4.58219
5.35188
7.11838
5.61073
8.44146
9.07744
6.75826
3.69481
5.58418
2.18222
6.44625
1.56589
5.98471
6.14178
9.41076
1.2837
0.577626
3.77262
7.4452
5.06256
1.94852
3.09912
9.6908
1.45461
7.81229
7.65107
6.14724
8.79344
3.75518
8.31708
7.02522
3.84395
7.22487
2.80111
1.66757
7.41155
3.64193
7.7631
7.78521
0.808154
7.06882
3.10644
8.56348
7.29704
2.96311
4.96164
2.2409
5.85492
9.08853
9.74559
4.16885
5.69411
0.667221
1.38501
0.200151
8.12217
7.16322
5.12397
2.78913
3.88358
6.24688
6.93148
1.54891
4.13342
2.51
7.44542
2.00615
4.23188
6.14016
3.16087
1.54959
2.25462
0.969989
0.423647
5.47618
1.08193
3.33951
5.2787
4.08507
5.14444
4.41382
4.36879
6.1271
9.09154
10.0153
2.20611
6.95496
8.70231
0.154882
9.12962
0.822153
9.79889
0.548335
8.82725
3.71048
8.35829
9.0453
4.71358
6.22447
6.47794
5.4454
4.68539
6.58691
0.260426
9.27036
2.11553
2.76043
1.02718
9.63091
7.11893
7.42312
1.78555
0.130542
7.11339
9.24733
8.9206
3.11013
4.66613
8.09531
9.79732
4.8458
2.25027
7.68893
4.17111
7.30997
3.03549
9.72956
0.521564
7.25634
6.41809
4.6245
9.51889
8.30846
4.03509
0.619279
6.61269
8.97397
4.54551
3.31217
6.27509
2.669
9.61633
4.68485
3.37624
6.66178
3.85389
1.97212
8.40033
4.72136
5.49885
4.64288
4.95866
5.30564
8.68632
9.09855
8.04979
2.75137
0.847632
8.31738
4.04471
2.94743
9.62235
7.88524
8.68274
4.14985
2.13308
2.01898
9.05447
5.20871
1.87274
3.63314
0.577445
0.102233
5.76013
4.32236
7.25824
7.16739
9.80713
2.1263
2.06062
6.79498
5.54381
9.28879
5.30835
2.55493
3.96869
4.32246
6.28337
8.4564
0.776953
8.87457
0.0341079
0.335428
1.93283
7.96324
1.43889
4.40457
6.62329
0.611764
0.371783
8.20247
5.24202
3.18477
1.90895
4.28526
1.07077
7.29856
3.10962
9.6446
0.491704
8.45505
5.28616
3.8782
4.60243
8.49374
7.83835
9.1596
8.15496
9.84428
2.83031
7.58227
9.21587
3.23735
1.80558
5.86598
0.477586
3.09912
8.69469
10.036
4.82299
6.66573
2.32053
7.78505
1.19398
5.54224
7.24353
8.00669
7.19714
4.38544
9.47055
5.14658
2.34059
9.15822
3.16023
9.96097
1.19171
3.38088
0.0699888
1.51002
1.14264
6.99087
5.03172
3.09435
7.28828
8.62061
2.90019
2.59993
8.09778
4.3961
6.22335
9.19652
8.13619
0.386191
4.58916
5.1125
8.51832
4.83848
5.21502
3.49087
6.3497
1.27834
1.8048
7.29178
3.87826
9.31716
6.65633
0.177067
6.27664
2.22269
9.46038
7.8947
1.76244
6.61994
5.83684
6.37541
0.901762
1.45677
8.60914
2.8207
7.21084
8.11381
1.39163
5.942
2.04479
8.3243
4.76392
6.42797
7.09157
2.63982
7.90908
5.99936
4.82067
1.5334
8.1438
6.46191
8.44179
2.08087
4.12894
1.62406
1.22671
6.70716
8.87905
1.51373
7.22815
5.68994
9.20224
7.94871
3.68171
7.78759
4.84239
6.22804
0.851259
1.04287
8.31572
2.92543
1.6369
3.92259
1.39703
5.72068
2.24478
0.0317479
5.52064
4.95167
3.86114
4.37536
3.77099
9.19061
4.00769
8.16279
4.22653
4.18018
6.69646
7.65865
5.73015
6.10541
6.00422
6.63657
7.31111
1.77302
7.61055
3.43674
7.5041
5.72141
6.2938
2.67726
0.161817
9.69472
4.13632
9.27841
0.965891
9.7351
10.0313
4.85975
0.426367
9.93096
4.63865
4.92484
9.98115
7.84877
6.0721
6.46122
7.92989
0.27289
9.90083
3.97188
0.129023
8.65401
7.46296
4.12997
4.88401
8.24869
6.90965
4.44641
8.26189
3.34712
5.64929
1.3491
0.953911
2.63846
8.8002
5.12811
0.00903593
0.488082
8.26891
2.39191
0.778329
6.42449
6.20439
1.92112
9.68577
1.1993
8.41757
1.6935
1.4146
6.71109
1.34094
2.76726
9.81819
2.8789
5.69419
4.87825
1.05198
0.104996
8.37532
5.39373
7.68794
5.62463
3.51179
8.95324
9.59477
5.01697
8.96847
8.67151
3.94035
6.38058
7.12785
4.95897
3.6229
8.28583
0.332587
0.212009
8.44848
8.80982
3.86747
7.62096
7.94555
3.78071
0.726052
6.23162
0.770759
7.62296
5.38619
1.36822
5.4135
3.83129
3.58552
9.95199
1.43929
7.81565
1.41394
5.43018
1.80705
9.94653
6.64099
7.83843
7.60988
