-0.419137
0.168385
1.52708
-0.234846
-1.48916
0.714391
0.567692
-0.0272467
1.40997
-0.0796318
-2.12922
0.0336996
-1.13968
1.12858
1.91547
1.39125
1.26415
-0.543684
0.882268
0.88185
1.13646
0.738201
1.99857
0.0800304
-2.22413
-1.7172
0.221298
1.09917
-1.66251
0.254866
-0.0273328
2.07307
-2.06494
0.490155
0.516609
-1.01339
0.299654
0.0996785
-1.28021
-0.177811
-0.379916
1.53406
-0.0887319
-1.42584
-0.632471
0.397301
0.416711
2.358
0.176103
-0.200548
0.922933
-1.76728
0.850451
1.18752
-1.53456
0.554767
1.38298
1.24479
0.080325
-0.720332
-0.851821
-1.95329
-1.14833
1.99514
1.22174
-0.535149
-0.120826
-1.50789
-1.84186
0.328168
2.46831
1.56615
-1.68533
-1.20169
0.559513
0.528576
1.86567
1.74934
1.4468
0.58897
-0.10571
-0.432015
1.05599
0.644838
0.880078
-0.721969
-0.343216
-1.87847
-1.11915
0.00264314
-0.166131
-0.493667
-0.752658
1.37672
1.23447
-0.474581
-0.762824
0.63311
-1.61628
-1.4684
-0.96227
-0.696601
-0.706662
-1.88173
1.62741
0.912382
-1.08106
0.223401
0.429001
1.5345
-1.60403
0.448129
0.964708
-0.108917
-2.02843
1.55552
1.47428
0.614449
-0.945748
0.873089
1.55066
-0.508102
0.0293653
0.994441
1.14115
1.03622
-0.759795
-1.59792
-1.30009
1.47694
1.47047
-1.43601
-0.0129334
-0.735579
1.02685
1.20079
-1.08325
1.41584
-1.82064
-2.10178
-0.509039
0.349309
1.69187
1.61025
0.201418
1.58894
1.19206
-2.1849
-1.8847
-0.957024
0.884095
0.986393
1.82048
-1.88296
-1.11622
-1.70051
0.976167
0.224491
1.82392
0.103106
1.32779
-0.29962
-2.42393
-1.34779
0.265027
2.1037
-1.22467
-1.16289
-0.419946
0.4365
-0.939655
-0.387379
-0.733849
1.38247
1.07783
-1.35841
-0.742175
0.311409
-1.65875
-0.446578
0.103933
-0.233948
-0.965195
0.69557
-1.60912
-0.396167
0.883905
-1.49955
1.94913
-0.124932
-0.632557
0.873106
-0.925596
-0.360715
-1.58035
-0.963783
-0.226073
2.00854
0.752257
1.44553
-2.09151
1.18168
-0.0958454
-0.52307
-0.80348
-0.407461
0.62198
0.970546
0.583849
-0.595881
-1.82093
-1.60336
0.743925
-0.613218
0.426327
0.828393
1.15235
1.9658
0.702838
-0.158411
-0.532359
1.32503
-0.535479
-1.47229
-0.826633
0.654229
-0.866881
2.03701
-1.29789
1.14485
-1.6125
0.229009
1.48882
1.54991
-0.854144
1.20291
0.204257
0.952331
-0.965638
-1.56029
0.283561
-1.45155
1.22986
0.608001
0.383606
-0.0234367
-0.702368
-0.63772
0.253453
0.0834753
0.512481
1.32611
1.6809
-1.86928
2.43442
1.56161
0.584703
-1.32605
-2.46339
-0.730043
0.34483
-0.888009
-1.59545
0.226432
-0.570876
-0.677892
-1.80317
-1.37599
-0.652981
0.0137487
0.669098
0.390427
1.42147
-1.64639
-0.486073
-0.385523
1.25241
-0.159253
0.710179
-0.448719
-2.34027
-1.46875
0.480184
-0.679211
-1.80592
0.309444
0.805069
-0.739192
0.207005
0.717493
0.603454
-0.863531
0.453291
-1.25593
-0.0832987
-0.57055
-1.50737
0.612261
-1.84126
-0.50098
-1.83359
-1.81064
0.996463
-0.25118
-0.112512
1.01076
-0.0959829
1.27659
-1.49154
1.27494
-0.110965
-1.07317
-0.946338
1.37586
-1.0032
1.0097
-1.01095
1.18911
-0.648144
0.259776
-0.00767958
-0.0664662
0.77261
-1.84932
-1.67794
0.525366
-0.544888
0.172077
-0.233885
-2.91304
0.126158
-0.663092
1.09623
-1.40035
0.02062
1.58517
0.0974662
-1.70186
0.0477862
-0.330979
1.50922
0.92665
1.99744
-0.791292
-0.726946
-2.07006
2.49233
-1.82047
-0.786425
0.793474
-1.52356
-0.465846
-0.123832
0.835786
0.675045
-0.623702
-0.970738
1.16835
-0.954577
0.531944
-1.3947
0.369397
1.31276
1.86977
-0.150956
1.40441
0.225401
1.56068
-0.70126
0.978831
1.54312
-0.621067
-0.61435
1.19656
2.221
0.00420863
0.974123
2.22951
0.512735
-0.0898497
1.57596
-1.56084
0.836289
1.67431
-1.51276
0.650634
1.83617
1.50522
-2.06069
-2.34897
-1.52071
-1.0571
-2.04762
-0.343397
-1.13082
1.49536
-0.872609
0.363581
-0.782479
-0.374879
0.820457
0.57446
0.108159
0.651382
1.77466
1.04007
-0.19652
0.00996786
0.937702
-0.688072
-0.17444
-0.214707
0.103715
1.23303
0.578646
-0.416946
0.00184057
1.66315
-0.987391
-0.14108
-1.63752
-1.55689
0.021138
-0.599961
-0.786182
0.509974
-0.260515
0.0344532
-0.586571
1.41415
-0.586688
0.00366546
0.917992
2.40841
-0.00486036
1.04431
-1.71237
1.57538
0.275667
1.63517
0.51777
-0.383181
-0.571398
1.52093
0.726542
-0.836065
0.469679
0.592455
0.681251
0.264646
-0.917067
0.624591
0.478316
1.12147
-1.45607
0.624166
-1.78505
-1.0611
0.381096
-1.48957
1.45257
-1.07815
-0.0359378
1.61459
0.819891
0.654799
-2.26692
-0.458885
1.23327
0.751733
0.170509
1.05034
-2.0555
0.000691038
0.00207616
-0.838159
-0.232953
1.73485
1.80962
-1.29612
-0.0751742
-0.0437314
-1.69953
0.853298
0.163855
-0.42908
-0.981231
1.51615
0.565141
0.253935
-1.37524
0.373604
0.0688637
-0.439969
1.61511
2.58707
-3.49259
-1.16588
-2.18474
0.298805
0.230024
-1.11807
0.486455
1.3419
0.0100724
0.475895
-0.7541
0.501916
-0.385378
2.43973
-1.8544
0.488706
