2.66392
2.57943
10.0704
4.42389
6.61563
4.12046
2.88283
2.31541
9.90372
3.27363
5.40923
8.16174
1.1777
8.8987
2.94144
5.36201
7.61837
4.99604
5.36941
7.7158
0.634911
7.84929
0.791642
3.86351
10.0277
4.41053
5.84433
6.2608
7.55792
4.75772
3.45891
4.57336
9.98072
7.15525
9.87046
4.03655
2.48145
1.71139
2.80158
4.24526
6.59975
6.23835
4.44963
0.394522
1.28794
7.71525
1.83819
7.42098
9.78077
1.74083
0.922629
9.27358
1.33884
4.91469
5.7359
9.5013
1.07798
3.93413
4.49265
1.70225
8.52838
6.22211
5.53838
6.29621
8.59386
5.47898
5.14544
0.402566
1.52793
9.05761
0.615563
3.29758
9.63947
0.788277
4.74896
7.2182
6.90528
2.94423
6.56605
8.79249
0.962918
3.5847
5.82845
8.24526
4.5256
0.794417
5.31117
1.81882
3.82322
4.99124
2.93106
4.68134
9.46727
2.27566
5.25635
1.34269
8.18191
9.0265
3.44367
2.35245
9.4637
7.30164
4.80682
2.46215
9.40597
0.633194
4.46409
7.54413
6.85963
5.71398
9.6452
7.33297
1.19635
0.547256
4.39481
3.90713
9.12036
4.83316
7.95473
2.15689
9.26792
6.9226
0.377315
1.61299
9.80196
8.09096
6.09851
1.3223
4.68979
1.88736
3.55899
7.63401
2.42067
7.67977
2.99972
3.77564
8.97144
5.65762
0.975492
7.96205
1.65291
7.69315
6.69884
0.121032
8.07856
9.56466
4.18244
8.72617
2.35107
8.43143
9.21297
2.7579
0.399936
4.01167
4.01731
1.23252
8.27668
7.87463
4.10576
0.438193
10.0591
4.79381
0.456359
3.43912
4.4524
0.702279
1.70749
6.30121
8.98872
8.79507
6.18213
8.19385
6.22198
5.57712
3.69703
2.68874
6.5363
9.96365
8.92645
6.02
7.08134
8.49359
6.08217
9.68282
0.0830331
3.94576
2.90977
4.60807
2.18474
4.15121
8.98446
0.262168
8.56318
1.64189
2.0269
9.15357
0.397799
0.825122
4.12392
7.62114
2.01714
9.81672
5.73315
4.99454
3.83741
0.478473
8.22819
8.44911
0.784909
8.23558
0.657754
8.90822
2.86111
3.44778
2.67068
2.4497
3.51405
5.33781
1.73858
7.01224
0.44253
9.33327
8.31995
9.1806
5.2236
4.08481
9.86419
6.60148
3.77105
9.59773
3.65427
8.92724
0.676723
0.828504
9.79906
8.25084
5.15226
0.413584
1.23135
3.01409
8.51571
2.31321
3.0508
3.84471
3.6585
4.32858
6.91671
5.63673
4.43636
6.00868
0.595692
2.43811
6.62785
2.93041
3.12935
9.20848
2.41811
3.2645
9.09457
9.13518
1.60797
0.84144
1.67864
2.3673
6.2597
1.99592
9.13619
9.3778
7.12087
3.80001
6.96133
0.352518
6.92681
7.92644
4.57488
3.85553
3.57219
6.1947
4.84393
9.25587
6.3189
8.48607
2.6442
5.85059
5.89908
9.74497
0.85658
7.09448
7.4673
2.65874
5.27011
6.64256
0.493136
4.89437
5.36772
6.54161
0.302647
7.4627
0.348368
3.57185
5.59611
1.1265
5.11394
2.82254
2.8542
1.73998
4.27253
7.25961
6.89208
6.33922
9.77514
6.0697
5.51791
0.739227
8.80304
10.0158
0.0622573
3.82734
1.16472
7.89881
1.17832
1.54359
5.72948
5.84463
6.12608
8.68977
4.82142
8.5224
6.381
7.42007
6.80824
0.146415
0.600064
9.92762
3.85216
10.0379
4.7065
8.02549
5.43608
1.81623
8.38104
0.507459
7.65268
5.31623
0.740162
7.98766
6.25427
9.00447
8.88959
4.40746
9.67138
3.66245
0.27587
3.43184
9.28942
2.49951
3.63321
8.2651
2.1297
4.3643
0.382247
2.20372
8.99742
1.08494
0.74903
8.04814
5.66054
5.75161
2.51329
1.63723
3.06668
9.85812
9.85588
8.13118
1.89654
4.7313
8.99357
6.04241
6.67115
7.39465
3.02475
5.29879
7.09228
2.12849
6.62585
1.79433
1.65005
7.78844
9.13706
2.87705
6.51656
0.670222
7.28082
6.37263
2.55833
3.48104
9.38363
3.56792
7.05058
9.03728
0.977545
4.47759
5.94369
3.4502
2.66687
1.44418
3.51854
5.11458
4.17644
9.95365
1.22687
1.87743
4.97038
4.6112
9.04009
9.974
4.88092
9.27684
2.71629
5.59708
6.29011
5.73322
5.05906
3.04839
8.54593
9.05398
3.69832
2.29471
0.751651
9.64976
10.0693
5.47206
9.04301
0.119325
2.48104
6.5362
7.21689
4.91363
4.49666
8.50974
5.75818
8.68722
6.95842
7.69276
9.57327
3.89871
8.24269
0.27656
7.85831
3.25301
1.95041
3.6263
5.22838
8.8824
4.44547
1.23239
5.28749
2.32819
8.4163
8.60569
2.25226
6.73824
3.80533
4.38915
3.47777
8.00854
2.32181
9.10017
3.06666
3.18297
4.13475
6.7958
5.77694
5.6106
1.96217
5.60381
6.94339
1.2851
3.83954
8.62129
4.50829
4.61494
9.32634
2.99474
2.31598
9.23323
0.658035
7.69616
4.41991
4.43472
2.02188
1.84321
4.34732
4.51688
1.7557
9.49202
7.34713
7.51795
7.80388
9.52606
9.64108
1.02675
3.14796
4.36991
7.72326
0.268815
9.68646
3.12612
6.61435
9.0316
6.49333
8.47384
