0.00181345
0.00279117
0.00397889
0.0053766
0.00698432
0.00880203
0.0108297
0.0130674
0.0155151
0.0181728
0.0210405
0.0241182
0.0274059
0.0309035
0.0346112
0.0385289
0.0426565
0.0469941
0.0515418
0.0562994
0.061267
0.0664446
0.0718322
0.0774298
0.0832374
0.0892549
0.0954825
0.10192
0.108568
0.115425
0.122493
0.12977
0.137258
0.144955
0.152863
0.16098
0.169307
0.177845
0.186592
0.19555
0.204717
0.214094
0.223682
0.233479
0.243487
0.253704
0.264131
0.274769
0.285616
0.296673
0.30794
0.319418
0.331105
0.343002
0.35511
0.367427
0.379954
0.392691
0.405639
0.418796
0.432163
0.44574
0.459527
0.473525
0.487732
0.502149
0.516776
0.531613
0.54666
0.561918
0.577385
0.593062
0.608949
0.625046
0.641353
0.657871
0.674598
0.691535
0.708682
0.726039
0.743606
0.761383
0.779371
0.797568
0.815975
0.834592
0.853419
0.872456
0.891703
0.91116
0.930828
0.950705
0.970792
0.991089
1.0116
1.03231
1.05324
1.07438
1.09572
1.11728
1.13905
1.16103
1.18321
1.20561
1.22822
1.25103
1.27406
1.2973
1.32075
1.3444
1.36827
1.39235
1.41663
1.44113
1.46584
1.49076
1.51588
1.54122
1.56677
1.59252
1.61849
1.64467
1.67106
1.69765
1.72446
1.75148
1.7787
1.80614
1.83379
1.86164
1.88971
1.91799
1.94648
1.97517
2.00408
2.0332
2.06252
2.09206
2.12181
2.15176
2.18193
2.21231
2.2429
2.27369
2.3047
2.33592
2.36734
2.39898
2.43083
2.46288
2.49515
2.52763
2.56031
2.59321
2.62632
2.65963
2.69316
2.7269
2.76084
2.795
2.82937
2.86394
2.89873
2.93373
2.96893
3.00435
3.03998
3.07581
3.11186
3.14812
3.18458
3.22126
3.25815
3.29524
3.33255
3.37007
3.40779
3.44573
3.48388
3.52223
3.5608
3.59958
3.63856
3.67776
3.71716
3.75678
3.79661
3.83664
3.87689
3.91735
3.95801
3.99889
4.03997
4.08127
4.12278
4.16449
4.20642
4.24856
4.2909
4.33346
4.37622
4.4192
4.46239
4.50578
4.54939
4.5932
4.63723
4.68147
4.72591
4.77057
4.81543
4.86051
4.9058
4.95129
4.997
5.04291
5.08904
5.13537
5.18192
5.22868
5.27564
5.32282
5.3702
5.4178
5.4656
5.51362
5.56185
5.61028
5.65893
5.70778
5.75685
5.80612
5.85561
5.9053
5.95521
6.00532
6.05565
6.10619
6.15693
6.20789
6.25905
6.31043
6.36201
6.41381
6.46581
6.51803
6.57045
6.62309
6.67593
6.72899
6.78225
6.83573
6.88941
6.94331
6.99741
7.05173
7.10625
7.16098
7.21593
7.27108
7.32645
7.38202
7.43781
7.4938
7.55001
7.60642
7.66305
7.71988
7.77692
7.83418
7.89164
7.94932
8.0072
8.0653
8.1236
8.18211
8.24084
8.29977
8.35892
8.41827
8.47783
8.53761
8.59759
8.65778
8.71819
8.7788
8.83963
8.90066
8.9619
9.02336
9.08502
9.14689
9.20898
9.27127
9.33377
9.39649
9.45941
9.52254
9.58589
9.64944
9.7132
9.77718
9.84136
9.90575
9.97036
10.0352
10.1002
10.1654
10.2309
10.2965
10.3624
10.4285
10.4947
10.5612
10.6279
10.6948
10.762
10.8293
10.8968
10.9646
11.0326
11.1007
11.1691
11.2377
11.3065
11.3755
11.4447
11.5142
11.5838
11.6537
11.7237
11.794
11.8645
11.9352
12.0061
12.0772
12.1485
12.22
12.2918
12.3637
12.4359
12.5083
12.5808
12.6536
12.7266
12.7998
12.8733
12.9469
13.0207
13.0948
13.1691
13.2435
13.3182
13.3931
13.4682
13.5435
13.619
13.6948
13.7707
13.8468
13.9232
13.9998
14.0766
14.1535
14.2307
14.3082
14.3858
14.4636
14.5416
14.6199
14.6984
14.777
14.8559
14.935
15.0143
15.0938
15.1735
15.2535
15.3336
15.4139
15.4945
15.5753
15.6563
15.7374
15.8188
15.9004
15.9823
16.0643
16.1465
16.229
16.3116
16.3945
16.4776
16.5609
16.6444
16.7281
16.812
16.8961
16.9805
17.065
17.1498
17.2348
17.3199
17.4053
17.4909
17.5767
17.6627
17.749
17.8354
17.9221
18.0089
18.096
18.1833
18.2707
18.3584
18.4464
18.5345
18.6228
18.7113
18.8001
18.889
18.9782
19.0676
19.1572
19.247
19.337
19.4272
19.5176
19.6083
19.6991
19.7902
19.8814
19.9729
20.0646
20.1565
20.2486
20.3409
20.4334
20.5262
20.6191
20.7123
20.8056
20.8992
20.993
21.087
21.1812
21.2756
21.3702
21.4651
21.5601
21.6554
21.7508
21.8465
21.9424
22.0385
22.1348
22.2313
22.328
22.425
22.5221
22.6195
22.717
22.8148
22.9128
23.011
23.1094
23.208
23.3068
23.4059
23.5051
23.6046
23.7042
23.8041
23.9042
24.0045
24.105
24.2057
24.3066
24.4077
24.5091
24.6106
24.7124
24.8144
24.9165
25.0189
25.1215
25.2243
25.3274
25.4306
25.534
25.6377
25.7416
25.8456
25.9499
26.0544
26.1591
26.264
26.3691
26.4745
26.58
26.6858
26.7917
26.8979
27.0043
27.1109
27.2177
27.3247
27.4319
27.5393
27.647
27.7548
27.8629
27.9711
28.0796
28.1883
28.2972
28.4063
28.5156
28.6252
28.7349
28.8448
28.955
29.0654
29.1759
29.2867
29.3977
29.5089
29.6204
29.732
29.8438
29.9559
30.0681
30.1806
30.2933
30.4062
30.5193
30.6326
30.7461
30.8598
30.9737
31.0879
31.2022
31.3168
31.4316
31.5466
31.6618
31.7772
31.8928
32.0086
32.1247
32.2409
32.3574
32.474
32.5909
32.708
32.8253
32.9428
33.0605
33.1784
33.2966
33.4149
33.5335
33.6522
33.7712
33.8904
34.0098
34.1294
34.2492
34.3692
34.4895
34.6099
34.7305
34.8514
34.9725
35.0938
35.2153
35.337
35.4589
35.581
35.7033
35.8259
35.9486
36.0716
36.1948
36.3181
36.4417
36.5655
36.6895
36.8138
36.9382
37.0628
37.1877
37.3128
37.438
37.5635
37.6892
37.8151
37.9412
38.0675
38.1941
38.3208
38.4477
38.5749
38.7023
38.8299
38.9576
39.0856
39.2139
39.3423
39.4709
39.5997
39.7288
39.858
39.9875
40.1172
40.2471
40.3772
40.5075
40.638
40.7687
40.8997
41.0308
41.1622
41.2937
41.4255
41.5575
41.6897
41.8221
41.9547
42.0876
42.2206
42.3538
42.4873
42.621
42.7548
42.8889
43.0232
43.1577
43.2924
43.4274
43.5625
43.6978
43.8334
43.9692
44.1051
44.2413
44.3777
44.5143
44.6511
44.7882
44.9254
45.0628
45.2005
45.3383
45.4764
45.6147
45.7532
45.8919
46.0308
46.1699
46.3093
46.4488
46.5886
46.7285
46.8687
47.0091
47.1497
47.2905
47.4315
47.5727
47.7141
47.8558
47.9976
48.1397
48.282
48.4244
48.5671
48.71
48.8531
48.9965
49.14
49.2837
49.4277
49.5718
49.7162
49.8608
50.0056
50.1506
50.2958
50.4412
50.5868
50.7327
50.8787
51.025
51.1714
51.3181
51.465
51.6121
51.7594
51.9069
52.0547
52.2026
52.3507
52.4991
52.6477
52.7964
52.9454
53.0946
53.244
53.3936
53.5435
53.6935
53.8437
53.9942
54.1449
54.2957
54.4468
54.5981
54.7496
54.9013
55.0533
55.2054
55.3577
55.5103
55.6631
55.816
55.9692
56.1226
56.2762
56.43
56.584
56.7383
56.8927
57.0474
57.2022
57.3573
57.5126
57.6681
57.8238
57.9797
58.1358
58.2921
58.4487
58.6054
58.7624
58.9195
59.0769
59.2345
59.3923
59.5503
59.7085
59.867
60.0256
60.1844
60.3435
60.5028
60.6623
60.8219
60.9818
61.1419
61.3023
61.4628
61.6235
61.7845
61.9456
62.107
62.2686
62.4303
62.5923
62.7545
62.917
63.0796
63.2424
63.4055
63.5687
63.7322
63.8959
64.0597
64.2238
64.3881
64.5526
64.7174
64.8823
65.0474
65.2128
65.3784
65.5441
65.7101
65.8763
66.0427
66.2093
66.3761
66.5432
66.7104
66.8779
67.0455
67.2134
67.3815
67.5498
67.7183
67.887
68.0559
68.225
68.3943
68.5639
68.7337
68.9036
69.0738
69.2442
69.4148
69.5856
69.7566
69.9278
70.0993
70.2709
70.4428
70.6148
70.7871
70.9596
71.1323
71.3052
71.4783
71.6516
71.8252
71.9989
72.1729
72.347
72.5214
72.696
72.8708
73.0458
73.221
73.3964
73.5721
73.7479
73.924
74.1002
74.2767
74.4534
74.6303
74.8074
74.9847
75.1622
75.3399
75.5179
75.696
75.8744
76.0529
76.2317
76.4107
76.5899
76.7693
76.9489
77.1288
77.3088
77.4891
77.6695
77.8502
78.0311
78.2121
78.3934
78.5749
78.7567
78.9386
79.1207
79.3031
79.4856
79.6684
79.8514
80.0346
80.218
80.4016
80.5854
80.7694
80.9536
81.1381
81.3227
81.5076
81.6927
81.8779
82.0634
82.2491
82.4351
82.6212
82.8075
82.9941
83.1808
83.3678
83.5549
83.7423
83.9299
84.1177
84.3057
84.4939
84.6824
84.871
85.0599
85.2489
85.4382
85.6277
85.8174
86.0073
86.1974
86.3877
86.5782
86.7689
86.9599
87.151
87.3424
87.534
87.7258
87.9178
88.11
88.3024
88.495
88.6879
88.8809
89.0742
89.2676
89.4613
89.6552
89.8493
90.0436
90.2381
90.4328
90.6278
90.8229
91.0183
91.2138
91.4096
91.6056
91.8018
91.9982
92.1948
92.3916
92.5886
92.7859
92.9833
93.181
93.3789
93.5769
93.7752
93.9737
94.1724
94.3714
94.5705
94.7698
94.9694
95.1691
95.3691
95.5693
95.7697
95.9703
96.1711
96.3721
96.5733
96.7748
96.9764
97.1783
97.3803
97.5826
97.7851
97.9878
98.1907
98.3938
98.5972
98.8007
99.0044
99.2084
99.4126
99.6169
99.8215
100.026
100.231
100.437
100.642
100.848
101.053
101.259
101.466
101.672
101.879
102.086
102.293
102.5
102.708
102.915
103.123
103.332
103.54
103.748
103.957
104.166
104.375
104.585
104.794
105.004
105.214
105.425
105.635
105.846
106.057
106.268
106.479
106.691
106.902
107.114
107.326
107.539
107.751
107.964
108.177
108.39
108.604
108.817
109.031
109.245
109.459
109.674
109.888
110.103
110.318
110.534
110.749
110.965
111.181
111.397
111.613
111.83
112.046
112.263
112.481
112.698
112.916
113.133
113.351
113.57
113.788
114.007
114.226
114.445
114.664
114.883
115.103
115.323
115.543
115.763
115.984
116.205
116.426
116.647
116.868
117.09
117.312
117.534
117.756
117.978
118.201
118.424
118.647
118.87
119.093
119.317
119.541
119.765
119.989
120.214
120.439
120.664
120.889
121.114
121.34
121.565
121.791
122.018
122.244
122.471
122.697
122.924
123.152
123.379
123.607
123.835
124.063
124.291
124.52
124.748
124.977
125.206
125.436
125.665
125.895
126.125
126.355
126.586
126.816
127.047
127.278
127.509
127.741
127.972
128.204
128.436
128.669
128.901
129.134
129.367
129.6
129.833
130.067
130.3
130.534
130.769
131.003
131.238
131.472
131.707
131.943
132.178
132.414
132.649
132.886
133.122
133.358
133.595
133.832
134.069
134.306
134.544
134.782
135.02
135.258
135.496
135.735
135.973
136.212
136.452
136.691
136.931
137.171
137.411
137.651
137.891
138.132
138.373
138.614
138.855
139.097
139.338
139.58
139.823
140.065
140.307
140.55
140.793
141.036
141.28
141.523
141.767
142.011
142.256
142.5
142.745
142.99
143.235
143.48
143.725
143.971
144.217
144.463
144.709
144.956
145.203
145.45
145.697
145.944
146.192
146.44
146.688
146.936
147.184
147.433
147.682
147.931
148.18
148.43
148.679
148.929
149.179
149.43
149.68
149.931
150.182
150.433
150.685
150.936
151.188
151.44
151.692
151.945
152.197
152.45
152.703
152.956
153.21
153.464
153.717
153.972
154.226
154.48
154.735
154.99
155.245
155.501
155.756
156.012
156.268
156.524
156.781
157.037
157.294
157.551
157.808
158.066
158.323
158.581
158.839
159.098
159.356
159.615
159.874
160.133
160.392
160.652
160.912
161.172
161.432
161.692
161.953
162.214
162.475
162.736
162.997
163.259
163.521
163.783
164.045
164.308
164.57
164.833
165.097
165.36
165.623
165.887
166.151
166.415
166.68
166.944
167.209
167.474
167.739
168.005
168.27
168.536
168.802
169.069
169.335
169.602
169.869
170.136
170.403
170.671
170.938
171.206
171.475
171.743
172.011
172.28
172.549
172.818
173.088
173.358
173.627
173.897
174.168
174.438
174.709
174.98
175.251
175.522
175.794
176.065
176.337
176.609
176.882
177.154
177.427
177.7
177.973
178.247
178.52
178.794
179.068
179.342
179.617
179.892
180.166
180.442
180.717
180.992
181.268
181.544
181.82
182.096
182.373
182.65
182.927
183.204
183.481
183.759
184.037
184.315
184.593
184.871
185.15
185.429
185.708
185.987
186.267
186.546
186.826
187.107
187.387
187.667
187.948
188.229
188.51
188.792
189.073
189.355
189.637
189.919
190.202
190.484
190.767
191.05
191.334
191.617
191.901
192.185
192.469
192.753
193.038
193.322
193.607
193.892
194.178
194.463
194.749
195.035
195.321
195.608
195.894
196.181
196.468
196.755
197.043
197.331
197.618
197.907
198.195
198.483
198.772
199.061
199.35
199.64
199.929
200.219
200.509
200.799
201.089
201.38
201.671
201.962
202.253
202.545
202.836
203.128
203.42
203.712
204.005
204.298
204.591
204.884
205.177
205.471
205.764
206.058
206.353
206.647
206.941
207.236
207.531
207.827
208.122
208.418
208.713
209.01
209.306
209.602
209.899
210.196
210.493
210.79
211.088
211.386
211.684
211.982
212.28
212.579
212.877
213.176
213.476
213.775
214.075
214.375
214.675
214.975
215.275
215.576
215.877
216.178
216.479
216.781
217.083
217.385
217.687
217.989
218.292
218.594
218.897
219.201
219.504
219.808
220.111
220.415
220.72
221.024
221.329
221.634
221.939
222.244
222.55
222.855
223.161
223.467
223.774
224.08
224.387
224.694
225.001
225.309
225.616
225.924
226.232
226.54
226.849
227.157
227.466
227.775
228.085
228.394
228.704
229.014
229.324
229.634
229.945
230.255
230.566
230.877
231.189
231.5
231.812
232.124
232.436
232.749
233.062
233.374
233.687
234.001
234.314
234.628
234.942
235.256
235.57
235.885
236.199
236.514
236.83
237.145
237.46
237.776
238.092
238.408
238.725
239.041
239.358
239.675
239.993
240.31
240.628
240.946
241.264
241.582
241.901
242.219
242.538
242.857
243.177
243.496
243.816
244.136
244.456
244.777
245.097
245.418
245.739
246.06
246.382
246.703
247.025
247.347
247.67
247.992
248.315
248.638
248.961
249.284
249.608
249.931
250.255
250.58
250.904
251.229
251.553
251.878
252.204
252.529
252.855
253.18
253.507
253.833
254.159
254.486
254.813
255.14
255.467
255.795
256.123
256.451
256.779
257.107
257.436
257.764
258.093
258.423
258.752
259.082
259.412
259.742
260.072
260.402
260.733
261.064
261.395
261.726
262.058
262.389
262.721
263.054
263.386
263.718
264.051
264.384
264.717
265.051
265.384
265.718
266.052
266.386
266.721
267.056
267.39
267.726
268.061
268.396
268.732
269.068
269.404
269.74
270.077
270.414
270.751
271.088
271.425
271.763
272.101
272.439
272.777
273.115
273.454
273.793
274.132
274.471
274.811
275.15
275.49
275.83
276.171
276.511
276.852
277.193
277.534
277.875
278.217
278.559
278.901
279.243
279.585
279.928
280.271
280.614
280.957
281.301
281.644
281.988
282.332
282.677
283.021
283.366
283.711
284.056
284.401
284.747
285.093
285.439
285.785
286.131
286.478
286.825
287.172
287.519
287.866
288.214
288.562
288.91
289.258
289.607
289.955
290.304
290.654
291.003
291.352
291.702
292.052
292.402
292.753
293.103
293.454
293.805
294.156
294.508
294.859
295.211
295.563
295.916
296.268
296.621
296.974
297.327
297.68
298.034
298.387
298.741
299.096
299.45
299.805
300.159
300.514
300.87
301.225
301.581
301.936
302.292
302.649
303.005
303.362
303.719
304.076
304.433
304.791
305.148
305.506
305.864
306.223
306.581
306.94
307.299
307.658
308.018
308.377
308.737
309.097
309.457
309.818
310.179
310.539
310.9
311.262
311.623
311.985
312.347
312.709
313.071
313.434
313.797
314.16
314.523
314.886
315.25
315.614
315.978
316.342
316.706
317.071
317.436
317.801
318.166
318.532
318.897
319.263
319.629
319.996
320.362
320.729
321.096
321.463
321.83
322.198
322.566
322.934
323.302
323.67
324.039
324.408
324.777
325.146
325.516
325.885
326.255
326.625
326.996
327.366
327.737
328.108
328.479
328.85
329.222
329.594
329.966
330.338
330.71
331.083
331.456
331.829
332.202
332.575
332.949
333.323
333.697
334.071
334.446
334.821
335.195
335.571
335.946
336.321
336.697
337.073
337.449
337.826
338.202
338.579
338.956
339.333
339.711
340.088
340.466
340.844
341.223
341.601
341.98
342.359
342.738
343.117
343.497
343.876
344.256
344.637
345.017
345.398
345.778
346.159
346.541
346.922
347.304
347.685
348.067
348.45
348.832
349.215
349.598
349.981
350.364
350.748
351.131
351.515
351.899
352.284
352.668
353.053
353.438
353.823
354.209
354.594
354.98
355.366
355.752
356.139
356.526
356.912
357.299
357.687
358.074
358.462
358.85
359.238
359.626
360.015
360.404
360.793
361.182
361.571
361.961
362.351
362.741
363.131
363.521
363.912
364.303
364.694
365.085
365.477
365.868
366.26
366.652
367.045
367.437
367.83
368.223
368.616
369.009
369.403
369.797
370.191
370.585
370.979
371.374
371.769
372.164
372.559
372.955
373.35
373.746
374.142
374.539
374.935
375.332
375.729
376.126
376.523
376.921
377.319
377.716
378.115
378.513
378.912
379.311
379.71
380.109
380.508
380.908
381.308
381.708
382.108
382.509
382.909
383.31
383.711
384.113
384.514
384.916
385.318
385.72
386.123
386.525
386.928
387.331
387.734
388.138
388.541
388.945
389.349
389.753
390.158
390.563
390.967
391.373
391.778
392.183
392.589
392.995
393.401
393.808
394.214
394.621
395.028
395.435
395.843
396.25
396.658
397.066
397.474
397.883
398.292
398.7
399.11
399.519
399.928
400.338
400.748
401.158
401.569
401.979
402.39
402.801
403.212
403.623
404.035
404.447
404.859
405.271
405.684
406.096
406.509
406.922
407.335
407.749
408.163
408.577
408.991
409.405
409.82
410.234
410.649
411.065
411.48
411.895
412.311
412.727
413.144
413.56
413.977
414.393
414.811
415.228
415.645
416.063
416.481
416.899
417.317
417.736
418.155
418.574
418.993
419.412
419.832
420.251
420.671
421.092
421.512
421.933
422.354
422.775
423.196
423.617
424.039
424.461
424.883
425.305
425.728
426.151
426.573
426.997
427.42
427.844
428.267
428.691
429.116
429.54
429.965
430.389
430.814
431.24
431.665
432.091
432.517
432.943
433.369
433.796
434.222
434.649
435.076
435.504
435.931
436.359
436.787
437.215
437.643
438.072
438.501
438.93
439.359
439.789
440.218
440.648
441.078
441.508
441.939
442.37
442.801
443.232
443.663
444.094
444.526
444.958
445.39
445.823
446.255
446.688
447.121
447.554
447.988
448.421
448.855
449.289
449.724
450.158
450.593
451.028
451.463
451.898
452.334
452.769
453.205
453.641
454.078
454.514
454.951
455.388
455.825
456.263
456.7
457.138
457.576
458.014
458.453
458.892
459.33
459.769
460.209
460.648
461.088
461.528
461.968
462.408
462.849
463.29
463.731
464.172
464.613
465.055
465.497
465.939
466.381
466.823
467.266
467.709
468.152
468.595
469.039
469.482
469.926
470.37
470.815
471.259
471.704
472.149
472.594
473.04
473.485
473.931
474.377
474.823
475.27
475.716
476.163
476.61
477.057
477.505
477.953
478.401
478.849
479.297
479.745
480.194
480.643
481.092
481.542
481.991
482.441
482.891
483.341
483.792
484.242
484.693
485.144
485.595
486.047
486.498
486.95
487.402
487.855
488.307
488.76
489.213
489.666
490.119
490.573
491.027
491.481
491.935
492.389
492.844
493.299
493.754
494.209
494.664
495.12
495.576
496.032
496.488
496.945
497.401
497.858
498.315
498.773
499.23
499.688
500.146
500.604
501.063
501.521
501.98
502.439
502.898
503.358
503.817
504.277
504.737
505.197
505.658
506.119
506.579
507.04
507.502
507.963
508.425
508.887
509.349
509.812
510.274
510.737
511.2
511.663
512.126
512.59
513.054
513.518
513.982
514.447
514.911
515.376
515.841
516.307
516.772
517.238
517.704
518.17
518.636
519.103
519.569
520.036
520.504
520.971
521.439
521.906
522.374
522.843
523.311
523.78
524.249
524.718
525.187
525.656
526.126
526.596
527.066
527.536
528.007
528.478
528.949
529.42
529.891
530.363
530.835
531.307
531.779
532.251
532.724
533.197
533.67
534.143
534.617
535.09
535.564
536.038
536.512
536.987
537.462
537.937
538.412
538.887
539.363
539.839
540.314
540.791
541.267
541.744
542.221
542.698
543.175
543.652
544.13
544.608
545.086
545.564
546.043
546.521
547
547.479
547.959
548.438
548.918
549.398
549.878
550.359
550.839
551.32
551.801
552.282
552.764
553.245
553.727
554.209
554.692
555.174
555.657
556.14
556.623
557.106
557.59
558.073
558.557
559.041
559.526
560.01
560.495
560.98
561.465
561.951
562.436
562.922
563.408
563.895
564.381
564.868
565.355
565.842
566.329
566.816
567.304
567.792
568.28
568.769
569.257
569.746
570.235
570.724
571.214
571.703
572.193
572.683
573.173
573.664
574.154
574.645
575.136
575.628
576.119
576.611
577.103
577.595
578.087
578.58
579.073
579.565
580.059
580.552
581.046
581.539
582.033
582.528
583.022
583.517
584.012
584.507
585.002
585.497
585.993
586.489
586.985
587.481
587.978
588.475
588.972
589.469
589.966
590.464
590.962
591.46
591.958
592.456
592.955
593.454
593.953
594.452
594.951
595.451
595.951
596.451
596.951
597.452
597.953
598.453
598.955
599.456
599.958
600.459
600.961
601.463
601.966
602.469
602.971
603.474
603.978
604.481
604.985
605.489
605.993
606.497
607.001
607.506
608.011
608.516
609.021
609.527
610.033
610.539
611.045
611.551
612.058
612.565
613.072
613.579
614.086
614.594
615.102
615.61
616.118
616.627
617.135
617.644
618.153
618.663
619.172
619.682
620.192
620.702
621.212
621.723
622.234
622.745
623.256
623.767
624.279
624.791
625.303
625.815
626.328
626.84
627.353
627.866
628.38
628.893
629.407
629.921
630.435
630.949
631.464
631.979
632.494
633.009
633.524
634.04
634.556
635.072
635.588
636.104
636.621
637.138
637.655
638.172
638.69
639.207
639.725
640.243
640.762
641.28
641.799
642.318
642.837
643.357
643.876
644.396
644.916
645.436
645.957
646.477
646.998
647.519
648.04
648.562
649.084
649.605
650.128
650.65
651.172
651.695
652.218
652.741
653.265
653.788
654.312
654.836
655.36
655.885
656.409
656.934
657.459
657.984
658.51
659.036
659.561
660.087
660.614
661.14
661.667
662.194
662.721
663.248
663.776
664.304
664.832
665.36
665.888
666.417
666.946
667.475
668.004
668.533
669.063
669.593
670.123
670.653
671.184
671.715
672.245
672.777
673.308
673.84
674.371
674.903
675.435
675.968
676.5
677.033
677.566
678.099
678.633
679.166
679.7
680.234
680.769
681.303
681.838
682.373
682.908
683.443
683.979
684.514
685.05
685.587
686.123
686.659
687.196
687.733
688.27
688.808
689.345
689.883
690.421
690.96
691.498
692.037
692.576
693.115
693.654
694.194
694.733
695.273
695.813
696.354
696.894
697.435
697.976
698.517
699.059
699.6
700.142
700.684
701.226
701.769
702.311
702.854
703.397
703.941
704.484
705.028
705.572
706.116
706.66
707.205
707.749
708.294
708.84
709.385
709.931
710.476
711.022
711.569
712.115
712.662
713.209
713.756
714.303
714.85
715.398
715.946
716.494
717.042
717.591
718.14
718.689
719.238
719.787
720.337
720.886
721.436
721.987
722.537
723.088
723.638
724.189
724.741
725.292
725.844
726.396
726.948
727.5
728.053
728.605
729.158
729.711
730.265
730.818
731.372
731.926
732.48
733.035
733.589
734.144
734.699
735.254
735.81
736.365
736.921
737.477
738.034
738.59
739.147
739.704
740.261
740.818
741.376
741.933
742.491
743.05
743.608
744.166
744.725
745.284
745.844
746.403
746.963
747.522
748.082
748.643
749.203
749.764
750.325
750.886
751.447
752.009
752.57
753.132
753.694
754.257
754.819
755.382
755.945
756.508
757.072
757.635
758.199
758.763
759.327
759.892
760.457
761.021
761.587
762.152
762.717
763.283
763.849
764.415
764.981
765.548
766.115
766.682
767.249
767.816
768.384
768.952
769.52
770.088
770.656
771.225
771.794
772.363
772.932
773.502
774.071
774.641
775.211
775.782
776.352
776.923
777.494
778.065
778.636
779.208
779.78
780.352
780.924
781.496
782.069
782.642
783.215
783.788
784.362
784.935
785.509
786.083
786.658
787.232
787.807
788.382
788.957
789.532
790.108
790.683
791.259
791.836
792.412
792.989
793.565
794.142
794.72
795.297
795.875
796.453
797.031
797.609
798.187
798.766
799.345
799.924
800.504
801.083
801.663
802.243
802.823
803.403
803.984
804.565
805.146
805.727
806.308
806.89
807.472
808.054
808.636
809.219
809.801
810.384
810.967
811.55
812.134
812.718
813.302
813.886
814.47
815.055
815.639
816.224
816.81
817.395
817.981
818.566
819.153
819.739
820.325
820.912
821.499
822.086
822.673
823.261
823.848
824.436
825.024
825.613
826.201
826.79
827.379
827.968
828.557
829.147
829.737
830.327
830.917
831.507
832.098
832.689
833.28
833.871
834.463
835.054
835.646
836.238
836.831
837.423
838.016
838.609
839.202
839.795
840.389
840.983
841.577
842.171
842.765
843.36
843.955
844.55
845.145
845.74
846.336
846.932
847.528
848.124
848.721
849.318
849.914
850.512
851.109
851.706
852.304
852.902
853.5
854.099
854.697
855.296
855.895
856.494
857.094
857.693
858.293
858.893
859.494
860.094
860.695
861.296
861.897
862.498
863.1
863.701
864.303
864.905
865.508
866.11
866.713
867.316
867.919
868.523
869.126
869.73
870.334
870.938
871.543
872.147
872.752
873.357
873.963
874.568
875.174
875.78
876.386
876.992
877.599
878.206
878.813
879.42
880.027
880.635
881.242
881.85
882.459
883.067
883.676
884.285
884.894
885.503
886.112
886.722
887.332
887.942
888.552
889.163
889.774
890.385
890.996
891.607
892.219
892.83
893.442
894.055
894.667
895.28
895.892
896.505
897.119
897.732
898.346
898.96
899.574
900.188
900.802
901.417
902.032
902.647
903.263
903.878
904.494
905.11
905.726
906.342
906.959
907.576
908.193
908.81
909.427
910.045
910.663
911.281
911.899
912.518
913.136
913.755
914.374
914.994
915.613
916.233
916.853
917.473
918.093
918.714
919.335
919.956
920.577
921.198
921.82
922.442
923.064
923.686
924.308
924.931
925.554
926.177
926.8
927.424
928.048
928.671
929.296
929.92
930.544
931.169
931.794
932.419
933.045
933.67
934.296
934.922
935.548
936.175
936.801
937.428
938.055
938.683
939.31
939.938
940.566
941.194
941.822
942.451
943.079
943.708
944.337
944.967
945.596
946.226
946.856
947.486
948.117
948.747
949.378
950.009
950.64
951.272
951.904
952.535
953.167
953.8
954.432
955.065
955.698
956.331
956.964
957.598
958.232
958.866
959.5
960.134
960.769
961.404
962.039
962.674
963.309
963.945
964.581
965.217
965.853
966.49
967.126
967.763
968.4
969.037
969.675
970.313
970.951
971.589
972.227
972.866
973.505
974.144
974.783
975.422
976.062
976.702
977.342
977.982
978.622
979.263
979.904
980.545
981.186
981.828
982.469
983.111
983.753
984.396
985.038
985.681
986.324
986.967
987.611
988.254
988.898
989.542
990.186
990.831
991.475
992.12
992.765
993.41
994.056
994.702
995.347
995.994
996.64
997.286
997.933
998.58
999.227
999.875
1000.52
1001.17
1001.82
1002.47
1003.11
1003.76
1004.41
1005.06
1005.71
1006.36
1007.01
1007.66
1008.31
1008.96
1009.61
1010.26
1010.91
1011.56
1012.21
1012.87
1013.52
1014.17
1014.82
1015.47
1016.13
1016.78
1017.43
1018.09
1018.74
1019.39
1020.05
1020.7
1021.35
1022.01
1022.66
1023.32
1023.97
1024.63
1025.28
1025.94
1026.6
1027.25
1027.91
1028.57
1029.22
1029.88
1030.54
1031.19
1031.85
1032.51
1033.17
1033.83
1034.48
1035.14
1035.8
1036.46
1037.12
1037.78
1038.44
1039.1
1039.76
1040.42
1041.08
1041.74
1042.4
1043.06
1043.72
1044.39
1045.05
1045.71
1046.37
1047.03
1047.7
1048.36
1049.02
1049.69
1050.35
1051.01
1051.68
1052.34
1053.01
1053.67
1054.34
1055
1055.67
1056.33
1057
1057.66
1058.33
1058.99
1059.66
1060.33
1060.99
1061.66
1062.33
1063
1063.66
1064.33
1065
1065.67
1066.34
1067
1067.67
1068.34
1069.01
1069.68
1070.35
1071.02
1071.69
1072.36
1073.03
1073.7
1074.37
1075.05
1075.72
1076.39
1077.06
1077.73
1078.41
1079.08
1079.75
1080.42
1081.1
1081.77
1082.44
1083.12
1083.79
1084.47
1085.14
1085.81
1086.49
1087.16
1087.84
1088.51
1089.19
1089.87
1090.54
1091.22
1091.89
1092.57
1093.25
1093.93
1094.6
1095.28
1095.96
1096.64
1097.31
1097.99
1098.67
1099.35
1100.03
1100.71
1101.39
1102.07
1102.75
1103.43
1104.11
1104.79
1105.47
1106.15
1106.83
1107.51
1108.19
1108.87
1109.56
1110.24
1110.92
1111.6
1112.29
1112.97
1113.65
1114.34
1115.02
1115.7
1116.39
1117.07
1117.76
1118.44
1119.13
1119.81
1120.5
1121.18
1121.87
1122.55
1123.24
1123.93
1124.61
1125.3
1125.99
1126.67
1127.36
1128.05
1128.74
1129.42
1130.11
1130.8
1131.49
1132.18
1132.87
1133.56
1134.25
1134.94
1135.63
1136.32
1137.01
1137.7
1138.39
1139.08
1139.77
1140.46
1141.15
1141.84
1142.54
1143.23
1143.92
1144.61
1145.31
1146
1146.69
1147.39
1148.08
1148.77
1149.47
1150.16
1150.86
1151.55
1152.24
1152.94
1153.64
1154.33
1155.03
1155.72
1156.42
1157.12
1157.81
1158.51
1159.21
1159.9
1160.6
1161.3
1162
1162.69
1163.39
1164.09
1164.79
1165.49
1166.19
1166.89
1167.59
1168.29
1168.99
1169.69
1170.39
1171.09
1171.79
1172.49
1173.19
1173.89
1174.59
1175.29
1176
1176.7
1177.4
1178.1
1178.81
1179.51
1180.21
1180.92
1181.62
1182.32
1183.03
1183.73
1184.44
1185.14
1185.85
1186.55
1187.26
1187.96
1188.67
1189.37
1190.08
1190.79
1191.49
1192.2
1192.91
1193.62
1194.32
1195.03
1195.74
1196.45
1197.15
1197.86
1198.57
1199.28
1199.99
1200.7
1201.41
1202.12
1202.83
1203.54
1204.25
1204.96
1205.67
1206.38
1207.09
1207.8
1208.52
1209.23
1209.94
1210.65
1211.36
1212.08
1212.79
1213.5
1214.22
1214.93
1215.64
1216.36
1217.07
1217.79
1218.5
1219.22
1219.93
1220.65
1221.36
1222.08
1222.79
1223.51
1224.23
1224.94
1225.66
1226.38
1227.09
1227.81
1228.53
1229.25
1229.96
1230.68
1231.4
1232.12
1232.84
1233.56
1234.28
1234.99
1235.71
1236.43
1237.15
1237.87
1238.59
1239.32
1240.04
1240.76
1241.48
1242.2
1242.92
1243.64
1244.37
1245.09
1245.81
1246.53
1247.26
1247.98
1248.7
1249.43
1250.15
1250.87
1251.6
1252.32
1253.05
1253.77
1254.5
1255.22
1255.95
1256.67
1257.4
1258.13
1258.85
1259.58
1260.31
1261.03
1261.76
1262.49
1263.21
1263.94
1264.67
1265.4
1266.13
1266.86
1267.58
1268.31
1269.04
1269.77
1270.5
1271.23
1271.96
1272.69
1273.42
1274.15
1274.88
1275.62
1276.35
1277.08
1277.81
1278.54
1279.27
1280.01
1280.74
1281.47
1282.21
1282.94
1283.67
1284.41
1285.14
1285.87
1286.61
1287.34
1288.08
1288.81
1289.55
1290.28
1291.02
1291.75
1292.49
1293.23
1293.96
1294.7
1295.44
1296.17
1296.91
1297.65
1298.38
1299.12
1299.86
1300.6
1301.34
1302.08
1302.81
1303.55
1304.29
1305.03
1305.77
1306.51
1307.25
1307.99
1308.73
1309.47
1310.21
1310.96
1311.7
1312.44
1313.18
1313.92
1314.66
1315.41
1316.15
1316.89
1317.64
1318.38
1319.12
1319.87
1320.61
1321.35
1322.1
1322.84
1323.59
1324.33
1325.08
1325.82
1326.57
1327.31
1328.06
1328.81
1329.55
1330.3
1331.05
1331.79
1332.54
1333.29
1334.04
1334.78
1335.53
1336.28
1337.03
1337.78
1338.53
1339.28
1340.03
1340.77
1341.52
1342.27
1343.02
1343.78
1344.53
1345.28
1346.03
1346.78
1347.53
1348.28
1349.03
1349.79
1350.54
1351.29
1352.04
1352.8
1353.55
1354.3
1355.06
1355.81
1356.56
1357.32
1358.07
1358.83
1359.58
1360.34
1361.09
1361.85
1362.6
1363.36
1364.11
1364.87
1365.63
1366.38
1367.14
1367.9
1368.66
1369.41
1370.17
1370.93
1371.69
1372.45
1373.2
1373.96
1374.72
1375.48
1376.24
1377
1377.76
1378.52
1379.28
1380.04
1380.8
1381.56
1382.32
1383.08
1383.85
1384.61
1385.37
1386.13
1386.89
1387.66
1388.42
1389.18
1389.94
1390.71
1391.47
1392.24
1393
1393.76
1394.53
1395.29
1396.06
1396.82
1397.59
1398.35
1399.12
1399.88
1400.65
1401.42
1402.18
1402.95
1403.72
1404.48
1405.25
1406.02
1406.79
1407.56
1408.32
1409.09
1409.86
1410.63
1411.4
1412.17
1412.94
1413.71
1414.48
1415.25
1416.02
1416.79
1417.56
1418.33
1419.1
1419.87
1420.64
1421.41
1422.19
1422.96
1423.73
1424.5
1425.28
1426.05
1426.82
1427.6
1428.37
1429.14
1429.92
1430.69
1431.47
1432.24
1433.02
1433.79
1434.57
1435.34
1436.12
1436.89
1437.67
1438.45
1439.22
1440
1440.78
1441.55
1442.33
1443.11
1443.89
1444.66
1445.44
1446.22
1447
1447.78
1448.56
1449.34
1450.12
1450.9
1451.68
1452.46
1453.24
1454.02
1454.8
1455.58
1456.36
1457.14
1457.92
1458.7
1459.49
1460.27
1461.05
1461.83
1462.62
1463.4
1464.18
1464.97
1465.75
1466.53
1467.32
1468.1
1468.89
1469.67
1470.46
1471.24
1472.03
1472.81
1473.6
1474.38
1475.17
1475.96
1476.74
1477.53
1478.32
1479.1
1479.89
1480.68
1481.47
1482.25
1483.04
1483.83
1484.62
1485.41
1486.2
1486.99
1487.78
1488.57
1489.36
1490.15
1490.94
1491.73
1492.52
1493.31
1494.1
1494.89
1495.68
1496.48
1497.27
1498.06
1498.85
1499.65
1500.44
1501.23
1502.02
1502.82
1503.61
1504.41
1505.2
1505.99
1506.79
1507.58
1508.38
1509.17
1509.97
1510.76
1511.56
1512.36
1513.15
1513.95
1514.75
1515.54
1516.34
1517.14
1517.93
1518.73
1519.53
1520.33
1521.13
1521.93
1522.72
1523.52
1524.32
1525.12
1525.92
1526.72
1527.52
1528.32
1529.12
1529.92
1530.72
1531.52
1532.32
1533.13
1533.93
1534.73
1535.53
1536.33
1537.14
1537.94
1538.74
1539.55
1540.35
1541.15
1541.96
1542.76
1543.56
1544.37
1545.17
1545.98
1546.78
1547.59
1548.39
1549.2
1550.01
1550.81
1551.62
1552.42
1553.23
1554.04
1554.84
1555.65
1556.46
1557.27
1558.08
1558.88
1559.69
1560.5
1561.31
1562.12
1562.93
1563.74
1564.55
1565.36
1566.17
1566.98
1567.79
1568.6
1569.41
1570.22
1571.03
1571.84
1572.65
1573.47
1574.28
1575.09
1575.9
1576.72
1577.53
1578.34
1579.16
1579.97
1580.78
1581.6
1582.41
1583.23
1584.04
1584.86
1585.67
1586.49
1587.3
1588.12
1588.93
1589.75
1590.56
1591.38
1592.2
1593.02
1593.83
1594.65
1595.47
1596.29
1597.1
1597.92
1598.74
1599.56
1600.38
1601.2
1602.02
1602.83
1603.65
1604.47
1605.29
1606.11
1606.94
1607.76
1608.58
1609.4
1610.22
1611.04
1611.86
1612.68
1613.51
1614.33
1615.15
1615.97
1616.8
1617.62
1618.44
1619.27
1620.09
1620.92
1621.74
1622.56
1623.39
1624.21
1625.04
1625.86
1626.69
1627.52
1628.34
1629.17
1629.99
1630.82
1631.65
1632.47
1633.3
1634.13
1634.96
1635.78
1636.61
1637.44
1638.27
1639.1
1639.93
1640.76
1641.59
1642.42
1643.24
1644.07
1644.9
1645.74
1646.57
1647.4
1648.23
1649.06
1649.89
1650.72
1651.55
1652.39
1653.22
1654.05
1654.88
1655.72
1656.55
1657.38
1658.22
1659.05
1659.88
1660.72
1661.55
1662.39
1663.22
1664.06
1664.89
1665.73
1666.56
1667.4
1668.23
1669.07
1669.91
1670.74
1671.58
1672.42
1673.25
1674.09
1674.93
1675.77
1676.6
1677.44
1678.28
1679.12
1679.96
1680.8
1681.64
1682.48
1683.32
1684.16
1685
1685.84
1686.68
1687.52
1688.36
1689.2
1690.04
1690.88
1691.73
1692.57
1693.41
1694.25
1695.1
1695.94
1696.78
1697.62
1698.47
1699.31
1700.16
1701
1701.84
1702.69
1703.53
1704.38
1705.22
1706.07
1706.92
1707.76
1708.61
1709.45
1710.3
1711.15
1711.99
1712.84
1713.69
1714.54
1715.38
1716.23
1717.08
1717.93
1718.78
1719.62
1720.47
1721.32
1722.17
1723.02
1723.87
1724.72
1725.57
1726.42
1727.27
1728.12
1728.97
1729.83
1730.68
1731.53
1732.38
1733.23
1734.09
1734.94
1735.79
1736.64
1737.5
1738.35
1739.2
1740.06
1740.91
1741.77
1742.62
1743.47
1744.33
1745.18
1746.04
1746.9
1747.75
1748.61
1749.46
1750.32
1751.18
1752.03
1752.89
1753.75
1754.6
1755.46
1756.32
1757.18
1758.04
1758.89
1759.75
1760.61
1761.47
1762.33
1763.19
1764.05
1764.91
1765.77
1766.63
1767.49
1768.35
1769.21
1770.07
1770.93
1771.79
1772.66
1773.52
1774.38
1775.24
1776.11
1776.97
1777.83
1778.69
1779.56
1780.42
1781.29
1782.15
1783.01
1783.88
1784.74
1785.61
1786.47
1787.34
1788.2
1789.07
1789.93
1790.8
1791.67
1792.53
1793.4
1794.27
1795.13
1796
1796.87
1797.74
1798.61
1799.47
1800.34
1801.21
1802.08
1802.95
1803.82
1804.69
1805.56
1806.43
1807.3
1808.17
1809.04
1809.91
1810.78
1811.65
1812.52
1813.39
1814.27
1815.14
1816.01
1816.88
1817.75
1818.63
1819.5
1820.37
1821.25
1822.12
1822.99
1823.87
1824.74
1825.62
1826.49
1827.37
1828.24
1829.12
1829.99
1830.87
1831.75
1832.62
1833.5
1834.37
1835.25
1836.13
1837.01
1837.88
1838.76
1839.64
1840.52
1841.39
1842.27
1843.15
1844.03
1844.91
1845.79
1846.67
1847.55
1848.43
1849.31
1850.19
1851.07
1851.95
1852.83
1853.71
1854.59
1855.48
1856.36
1857.24
1858.12
1859
1859.89
1860.77
1861.65
1862.54
1863.42
1864.3
1865.19
1866.07
1866.96
1867.84
1868.72
1869.61
1870.49
1871.38
1872.27
1873.15
1874.04
1874.92
1875.81
1876.7
1877.58
1878.47
1879.36
1880.25
1881.13
1882.02
1882.91
1883.8
1884.69
1885.58
1886.46
1887.35
1888.24
1889.13
1890.02
1890.91
1891.8
1892.69
1893.58
1894.47
1895.36
1896.26
1897.15
1898.04
1898.93
1899.82
1900.72
1901.61
1902.5
1903.39
1904.29
1905.18
1906.07
1906.97
1907.86
1908.76
1909.65
1910.54
1911.44
1912.33
1913.23
1914.13
1915.02
1915.92
1916.81
1917.71
1918.61
1919.5
1920.4
1921.3
1922.19
1923.09
1923.99
1924.89
1925.78
1926.68
1927.58
1928.48
1929.38
1930.28
1931.18
1932.08
1932.98
1933.88
1934.78
1935.68
1936.58
1937.48
1938.38
1939.28
1940.18
1941.09
1941.99
1942.89
1943.79
1944.69
1945.6
1946.5
1947.4
1948.31
1949.21
1950.11
1951.02
1951.92
1952.83
1953.73
1954.64
1955.54
1956.45
1957.35
1958.26
1959.16
1960.07
1960.98
1961.88
1962.79
1963.7
1964.6
1965.51
1966.42
1967.33
1968.23
1969.14
1970.05
1970.96
1971.87
1972.78
1973.69
1974.6
1975.51
1976.42
1977.33
1978.24
1979.15
1980.06
1980.97
1981.88
1982.79
1983.7
1984.61
1985.53
1986.44
1987.35
1988.26
1989.18
1990.09
1991
1991.92
1992.83
1993.74
1994.66
1995.57
1996.49
1997.4
1998.32
1999.23
2000.15
2001.06
2001.98
2002.89
2003.81
2004.73
2005.64
2006.56
2007.48
2008.39
2009.31
2010.23
2011.15
2012.06
2012.98
2013.9
2014.82
2015.74
2016.66
2017.58
2018.5
2019.42
2020.34
2021.26
2022.18
2023.1
2024.02
2024.94
2025.86
2026.78
2027.7
2028.63
2029.55
2030.47
2031.39
2032.31
2033.24
2034.16
2035.08
2036.01
2036.93
2037.85
2038.78
2039.7
2040.63
2041.55
2042.48
2043.4
2044.33
2045.25
2046.18
2047.11
2048.03
2048.96
2049.88
2050.81
2051.74
2052.67
2053.59
2054.52
2055.45
2056.38
2057.31
2058.23
2059.16
2060.09
2061.02
2061.95
2062.88
2063.81
2064.74
2065.67
2066.6
2067.53
2068.46
2069.39
2070.32
2071.26
2072.19
2073.12
2074.05
2074.98
2075.92
2076.85
2077.78
2078.71
2079.65
2080.58
2081.52
2082.45
2083.38
2084.32
2085.25
2086.19
2087.12
2088.06
2088.99
2089.93
2090.86
2091.8
2092.74
2093.67
2094.61
2095.55
2096.48
2097.42
2098.36
2099.3
2100.23
2101.17
2102.11
2103.05
2103.99
2104.93
2105.87
2106.81
2107.75
2108.69
2109.63
2110.57
2111.51
2112.45
2113.39
2114.33
2115.27
2116.21
2117.15
2118.1
2119.04
2119.98
2120.92
2121.87
2122.81
2123.75
2124.69
2125.64
2126.58
2127.53
2128.47
2129.41
2130.36
2131.3
2132.25
2133.19
2134.14
2135.09
2136.03
2136.98
2137.92
2138.87
2139.82
2140.76
2141.71
2142.66
2143.61
2144.55
2145.5
2146.45
2147.4
2148.35
2149.3
2150.25
2151.19
2152.14
2153.09
2154.04
2154.99
2155.94
2156.89
2157.85
2158.8
2159.75
2160.7
2161.65
2162.6
2163.55
2164.51
2165.46
2166.41
2167.36
2168.32
2169.27
2170.22
2171.18
2172.13
2173.09
2174.04
2174.99
2175.95
2176.9
2177.86
2178.81
2179.77
2180.73
2181.68
2182.64
2183.59
2184.55
2185.51
2186.46
2187.42
2188.38
2189.34
2190.29
2191.25
2192.21
2193.17
2194.13
2195.09
2196.05
2197.01
2197.97
2198.92
2199.88
2200.85
2201.81
2202.77
2203.73
2204.69
2205.65
2206.61
2207.57
2208.53
2209.5
2210.46
2211.42
2212.38
2213.35
2214.31
2215.27
2216.24
2217.2
2218.16
2219.13
2220.09
2221.06
2222.02
2222.99
2223.95
2224.92
2225.88
2226.85
2227.81
2228.78
2229.75
2230.71
2231.68
2232.65
2233.61
2234.58
2235.55
2236.52
2237.49
2238.45
2239.42
2240.39
2241.36
2242.33
2243.3
2244.27
2245.24
2246.21
2247.18
2248.15
2249.12
2250.09
2251.06
2252.03
2253
2253.98
2254.95
2255.92
2256.89
2257.86
2258.84
2259.81
2260.78
2261.76
2262.73
2263.7
2264.68
2265.65
2266.63
2267.6
2268.58
2269.55
2270.53
2271.5
2272.48
2273.45
2274.43
2275.4
2276.38
2277.36
2278.33
2279.31
2280.29
2281.27
2282.24
2283.22
2284.2
2285.18
2286.16
2287.14
2288.12
2289.09
2290.07
2291.05
2292.03
2293.01
2293.99
2294.97
2295.95
2296.94
2297.92
2298.9
2299.88
2300.86
2301.84
2302.82
2303.81
2304.79
2305.77
2306.76
2307.74
2308.72
2309.71
2310.69
2311.67
2312.66
2313.64
2314.63
2315.61
2316.6
2317.58
2318.57
2319.55
2320.54
2321.52
2322.51
2323.5
2324.48
2325.47
2326.46
2327.45
2328.43
2329.42
2330.41
2331.4
2332.39
2333.37
2334.36
2335.35
2336.34
2337.33
2338.32
2339.31
2340.3
2341.29
2342.28
2343.27
2344.26
2345.25
2346.24
2347.24
2348.23
2349.22
2350.21
2351.2
2352.2
2353.19
2354.18
2355.18
2356.17
2357.16
2358.16
2359.15
2360.15
2361.14
2362.13
2363.13
2364.12
2365.12
2366.12
2367.11
2368.11
2369.1
2370.1
2371.1
2372.09
2373.09
2374.09
2375.08
2376.08
2377.08
2378.08
2379.08
2380.07
2381.07
2382.07
2383.07
2384.07
2385.07
2386.07
2387.07
2388.07
2389.07
2390.07
2391.07
2392.07
2393.07
2394.07
2395.08
2396.08
2397.08
2398.08
2399.08
2400.09
2401.09
2402.09
2403.1
2404.1
2405.1
2406.11
2407.11
2408.11
2409.12
2410.12
2411.13
2412.13
2413.14
2414.14
2415.15
2416.16
2417.16
2418.17
2419.18
2420.18
2421.19
2422.2
2423.2
2424.21
2425.22
2426.23
2427.24
2428.24
2429.25
2430.26
2431.27
2432.28
2433.29
2434.3
2435.31
2436.32
2437.33
2438.34
2439.35
2440.36
2441.37
2442.38
2443.4
2444.41
2445.42
2446.43
2447.44
2448.46
2449.47
2450.48
2451.5
2452.51
2453.52
2454.54
2455.55
2456.57
2457.58
2458.6
2459.61
2460.63
2461.64
2462.66
2463.67
2464.69
2465.7
2466.72
2467.74
2468.75
2469.77
2470.79
2471.81
2472.82
2473.84
2474.86
2475.88
2476.9
2477.91
2478.93
2479.95
2480.97
2481.99
2483.01
2484.03
2485.05
2486.07
2487.09
2488.11
2489.13
2490.16
2491.18
2492.2
2493.22
2494.24
2495.26
2496.29
2497.31
2498.33
2499.36
2500.38
2501.4
2502.43
2503.45
2504.47
2505.5
2506.52
2507.55
2508.57
2509.6
2510.62
2511.65
2512.68
2513.7
2514.73
2515.75
2516.78
2517.81
2518.83
2519.86
2520.89
2521.92
2522.94
2523.97
2525
2526.03
2527.06
2528.09
2529.12
2530.15
2531.18
2532.21
2533.24
2534.27
2535.3
2536.33
2537.36
2538.39
2539.42
2540.45
2541.48
2542.51
2543.55
2544.58
2545.61
2546.64
2547.68
2548.71
2549.74
2550.78
2551.81
2552.85
2553.88
2554.91
2555.95
2556.98
2558.02
2559.05
2560.09
2561.12
2562.16
2563.2
2564.23
2565.27
2566.31
2567.34
2568.38
2569.42
2570.45
2571.49
2572.53
2573.57
2574.61
2575.65
2576.68
2577.72
2578.76
2579.8
2580.84
2581.88
2582.92
2583.96
2585
2586.04
2587.08
2588.12
2589.17
2590.21
2591.25
2592.29
2593.33
2594.38
2595.42
2596.46
2597.5
2598.55
2599.59
2600.63
2601.68
2602.72
2603.77
2604.81
2605.86
2606.9
2607.94
2608.99
2610.04
2611.08
2612.13
2613.17
2614.22
2615.27
2616.31
2617.36
2618.41
2619.45
2620.5
2621.55
2622.6
2623.65
2624.69
