0.00177156
0.00273902
0.0039164
0.00530367
0.00690083
0.00870784
0.0107247
0.0129514
0.0153879
0.0180342
0.0208902
0.023956
0.0272315
0.0307167
0.0344117
0.0383162
0.0424304
0.0467543
0.0512877
0.0560307
0.0609833
0.0661453
0.0715169
0.0770979
0.0828884
0.0888883
0.0950975
0.101516
0.108144
0.114981
0.122027
0.129283
0.136748
0.144421
0.152304
0.160396
0.168696
0.177205
0.185923
0.19485
0.203985
0.213329
0.222881
0.232641
0.242609
0.252786
0.26317
0.273761
0.28456
0.295567
0.30678
0.3182
0.329827
0.34166
0.353699
0.365944
0.378395
0.391051
0.403912
0.416977
0.430247
0.443721
0.457398
0.471279
0.485362
0.499648
0.514136
0.528826
0.543717
0.558809
0.574101
0.589593
0.605285
0.621176
0.637265
0.653553
0.670038
0.68672
0.703599
0.720675
0.737946
0.755413
0.773075
0.790931
0.808982
0.827226
0.845663
0.864293
0.883115
0.902129
0.921335
0.940732
0.96032
0.980098
1.00007
1.02022
1.04057
1.06111
1.08183
1.10274
1.12385
1.14513
1.16661
1.18827
1.21012
1.23216
1.25438
1.27679
1.29938
1.32216
1.34512
1.36827
1.3916
1.41512
1.43882
1.4627
1.48677
1.51102
1.53545
1.56007
1.58486
1.60984
1.635
1.66035
1.68587
1.71157
1.73746
1.76352
1.78977
1.8162
1.8428
1.86958
1.89655
1.92369
1.95101
1.97851
2.00618
2.03404
2.06207
2.09028
2.11866
2.14722
2.17596
2.20487
2.23395
2.26322
2.29265
2.32226
2.35204
2.382
2.41213
2.44243
2.47291
2.50356
2.53438
2.56537
2.59653
2.62786
2.65936
2.69104
2.72288
2.7549
2.78708
2.81943
2.85195
2.88465
2.91751
2.95053
2.98373
3.0171
3.05063
3.08433
3.1182
3.15223
3.18644
3.22081
3.25535
3.29005
3.32492
3.35996
3.39517
3.43054
3.46608
3.50178
3.53765
3.57368
3.60989
3.64625
3.68279
3.71948
3.75635
3.79338
3.83057
3.86793
3.90545
3.94314
3.98099
4.01901
4.05719
4.09554
4.13405
4.17272
4.21156
4.25056
4.28973
4.32906
4.36856
4.40822
4.44804
4.48802
4.52818
4.56849
4.60897
4.64961
4.69042
4.73139
4.77252
4.81382
4.85529
4.89691
4.9387
4.98066
5.02277
5.06506
5.1075
5.15011
5.19288
5.23582
5.27892
5.32218
5.36561
5.4092
5.45295
5.49687
5.54095
5.58519
5.6296
5.67416
5.7189
5.76379
5.80885
5.85407
5.89945
5.94499
5.9907
6.03657
6.0826
6.12879
6.17515
6.22167
6.26835
6.31519
6.3622
6.40937
6.4567
6.50419
6.55184
6.59966
6.64763
6.69577
6.74407
6.79253
6.84114
6.88992
6.93886
6.98795
7.03721
7.08662
7.13619
7.18592
7.2358
7.28584
7.33604
7.38639
7.4369
7.48756
7.53838
7.58935
7.64047
7.69175
7.74318
7.79476
7.84649
7.89837
7.9504
8.00259
8.05492
8.1074
8.16003
8.2128
8.26573
8.3188
8.37201
8.42537
8.47888
8.53252
8.58632
8.64025
8.69433
8.74854
8.8029
8.85739
8.91203
8.9668
9.0217
9.07674
9.13192
9.18723
9.24267
9.29825
9.35395
9.40979
9.46575
9.52184
9.57806
9.63441
9.69088
9.74748
9.8042
9.86105
9.91801
9.97511
10.0323
10.0897
10.1471
10.2047
10.2624
10.3202
10.3781
10.4362
10.4944
10.5527
10.6111
10.6696
10.7283
10.7871
10.846
10.905
10.9641
11.0234
11.0827
11.1422
11.2019
11.2616
11.3214
11.3814
11.4415
11.5017
11.5621
11.6225
11.6831
11.7438
11.8046
11.8656
11.9267
11.9879
12.0492
12.1107
12.1722
12.234
12.2958
12.3578
12.4198
12.4821
12.5444
12.6069
12.6695
12.7323
12.7952
12.8582
12.9213
12.9846
13.0481
13.1116
13.1753
13.2392
13.3031
13.3672
13.4315
13.4959
13.5604
13.6251
13.6899
13.7548
13.8199
13.8852
13.9505
14.016
14.0817
14.1475
14.2134
14.2795
14.3457
14.4121
14.4786
14.5453
14.6121
14.679
14.7461
14.8133
14.8807
14.9482
15.0158
15.0836
15.1515
15.2196
15.2878
15.3561
15.4246
15.4932
15.562
15.6309
15.6999
15.7691
15.8384
15.9078
15.9774
16.0471
16.117
16.1869
16.257
16.3273
16.3977
16.4682
16.5388
16.6096
16.6804
16.7515
16.8226
16.8939
16.9654
17.0369
17.1086
17.1804
17.2524
17.3245
17.3967
17.469
17.5415
17.6142
17.6869
17.7598
17.8329
17.906
17.9794
18.0528
18.1264
18.2001
18.274
18.348
18.4222
18.4965
18.571
18.6455
18.7203
18.7952
18.8702
18.9454
19.0207
19.0961
19.1717
19.2475
19.3234
19.3994
19.4756
19.5519
19.6284
19.705
19.7817
19.8586
19.9357
20.0129
20.0902
20.1677
20.2453
20.3231
20.401
20.479
20.5572
20.6355
20.714
20.7926
20.8713
20.9502
21.0293
21.1084
21.1877
21.2672
21.3467
21.4265
21.5063
21.5863
21.6664
21.7467
21.8271
21.9076
21.9882
22.069
22.1499
22.231
22.3122
22.3935
22.4749
22.5565
22.6382
22.72
22.802
22.8841
22.9663
23.0486
23.131
23.2136
23.2963
23.3791
23.462
23.5451
23.6283
23.7116
23.795
23.8785
23.9621
24.0459
24.1298
24.2138
24.2979
24.3821
24.4665
24.5509
24.6355
24.7201
24.8049
24.8898
24.9748
25.06
25.1452
25.2305
25.316
25.4016
25.4872
25.573
25.6589
25.7449
25.831
25.9172
26.0035
26.0899
26.1764
26.2631
26.3498
26.4367
26.5236
26.6107
26.6978
26.7851
26.8725
26.9599
27.0475
27.1352
27.223
27.3109
27.3989
27.487
27.5752
27.6635
27.7519
27.8404
27.929
28.0178
28.1066
28.1955
28.2845
28.3736
28.4629
28.5522
28.6416
28.7311
28.8207
28.9104
29.0002
29.0901
29.1801
29.2702
29.3603
29.4506
29.5409
29.6314
29.7219
29.8125
29.9032
29.994
30.0849
30.1759
30.267
30.3581
30.4494
30.5407
30.6321
30.7236
30.8152
30.9068
30.9986
31.0904
31.1824
31.2744
31.3665
31.4586
31.5509
31.6433
31.7357
31.8282
31.9209
32.0136
32.1064
32.1992
32.2922
32.3852
32.4784
32.5716
32.6649
32.7583
32.8518
32.9454
33.0391
33.1329
33.2267
33.3207
33.4147
33.5088
33.603
33.6973
33.7917
33.8862
33.9808
34.0755
34.1703
34.2651
34.3601
34.4551
34.5503
34.6455
34.7408
34.8362
34.9317
35.0273
35.123
35.2188
35.3146
35.4106
35.5066
35.6027
35.6989
35.7952
35.8916
35.9881
36.0847
36.1813
36.2781
36.3749
36.4718
36.5688
36.6659
36.7631
36.8604
36.9578
37.0553
37.1528
37.2505
37.3482
37.4461
37.544
37.642
37.7401
37.8383
37.9366
38.035
38.1335
38.2321
38.3307
38.4295
38.5283
38.6273
38.7263
38.8255
38.9247
39.024
39.1234
39.2229
39.3225
39.4221
39.5219
39.6217
39.7217
39.8217
39.9218
40.022
40.1223
40.2226
40.3231
40.4236
40.5242
40.6249
40.7256
40.8265
40.9274
41.0284
41.1294
41.2305
41.3317
41.433
41.5343
41.6357
41.7371
41.8386
41.9402
42.0419
42.1436
42.2453
42.3472
42.449
42.551
42.653
42.755
42.8571
42.9593
43.0615
43.1638
43.2662
43.3686
43.471
43.5736
43.6761
43.7788
43.8815
43.9842
44.087
44.1899
44.2928
44.3958
44.4989
44.602
44.7052
44.8084
44.9117
45.0151
45.1185
45.222
45.3256
45.4292
45.5329
45.6366
45.7405
45.8444
45.9483
46.0524
46.1565
46.2606
46.3649
46.4692
46.5735
46.678
46.7825
46.8871
46.9918
47.0965
47.2013
47.3062
47.4112
47.5162
47.6213
47.7265
47.8318
47.9371
48.0425
48.1481
48.2536
48.3593
48.4651
48.5709
48.6768
48.7828
48.8889
48.9951
49.1013
49.2077
49.3141
49.4206
49.5273
49.634
49.7407
49.8476
49.9546
50.0616
50.1688
50.276
50.3833
50.4907
50.5982
50.7058
50.8135
50.9213
51.0291
51.1371
51.2451
51.3532
51.4614
51.5697
51.6781
51.7865
51.8951
52.0037
52.1124
52.2212
52.33
52.439
52.548
52.6572
52.7664
52.8756
52.985
53.0944
53.2039
53.3135
53.4232
53.5329
53.6427
53.7526
53.8626
53.9726
54.0827
54.1929
54.3031
54.4134
54.5238
54.6342
54.7448
54.8553
54.966
55.0767
55.1875
55.2983
55.4092
55.5202
55.6312
55.7423
55.8534
55.9647
56.0759
56.1873
56.2987
56.4101
56.5216
56.6332
56.7448
56.8565
56.9683
57.0801
57.192
57.304
57.416
57.5281
57.6403
57.7525
57.8648
57.9772
58.0896
58.2021
58.3147
58.4274
58.5402
58.653
58.7659
58.8789
58.992
59.1052
59.2185
59.3319
59.4453
59.5589
59.6726
59.7863
59.9002
60.0141
60.1282
60.2424
60.3566
60.471
60.5855
60.7001
60.8148
60.9296
61.0445
61.1595
61.2746
61.3898
61.5052
61.6206
61.7362
61.8518
61.9676
62.0835
62.1995
62.3156
62.4318
62.5481
62.6645
62.781
62.8976
63.0143
63.1311
63.2481
63.3651
63.4822
63.5994
63.7167
63.8341
63.9516
64.0692
64.1868
64.3046
64.4224
64.5403
64.6584
64.7764
64.8946
65.0129
65.1312
65.2496
65.368
65.4866
65.6052
65.7239
65.8426
65.9614
66.0803
66.1993
66.3183
66.4374
66.5565
66.6758
66.7951
66.9144
67.0338
67.1533
67.2728
67.3924
67.5121
67.6318
67.7516
67.8715
67.9914
68.1114
68.2315
68.3516
68.4719
68.5921
68.7125
68.8329
68.9533
69.0739
69.1945
69.3152
69.4359
69.5568
69.6777
69.7986
69.9197
70.0408
70.162
70.2832
70.4045
70.5259
70.6474
70.7689
70.8905
71.0122
71.134
71.2558
71.3777
71.4997
71.6217
71.7438
71.866
71.9883
72.1106
72.233
72.3555
72.478
72.6006
72.7233
72.8461
72.9689
73.0918
73.2148
73.3379
73.461
73.5842
73.7074
73.8308
73.9542
74.0776
74.2012
74.3248
74.4484
74.5721
74.6959
74.8198
74.9437
75.0677
75.1917
75.3158
75.44
75.5643
75.6886
75.813
75.9374
76.062
76.1866
76.3112
76.436
76.5608
76.6858
76.8108
76.9358
77.061
77.1863
77.3116
77.4371
77.5626
77.6882
77.814
77.9398
78.0657
78.1917
78.3179
78.4441
78.5704
78.6969
78.8234
78.95
79.0768
79.2036
79.3306
79.4576
79.5848
79.712
79.8394
79.9669
80.0944
80.2221
80.3498
80.4777
80.6057
80.7337
80.8619
80.9901
81.1185
81.2469
81.3754
81.504
81.6327
81.7615
81.8904
82.0194
82.1485
82.2776
82.4068
82.5361
82.6655
82.7949
82.9245
83.0541
83.1837
83.3135
83.4433
83.5731
83.7031
83.8331
83.9631
84.0932
84.2234
84.3536
84.4839
84.6142
84.7446
84.8751
85.0055
85.1361
85.2667
85.3973
85.528
85.6588
85.7895
85.9204
86.0513
86.1822
86.3132
86.4443
86.5754
86.7065
86.8378
86.969
87.1004
87.2317
87.3632
87.4947
87.6263
87.7579
87.8896
88.0214
88.1532
88.2851
88.417
88.5491
88.6811
88.8133
88.9455
89.0778
89.2102
89.3426
89.4751
89.6077
89.7403
89.8731
90.0058
90.1387
90.2716
90.4045
90.5376
90.6707
90.8038
90.937
91.0703
91.2037
91.337
91.4705
91.604
91.7375
91.8711
92.0048
92.1385
92.2722
92.406
92.5399
92.6737
92.8077
92.9416
93.0756
93.2096
93.3437
93.4777
93.6118
93.746
93.8801
94.0143
94.1485
94.2827
94.4169
94.5511
94.6853
94.8195
94.9538
95.088
95.2223
95.3565
95.4908
95.625
95.7592
95.8935
96.0277
96.1619
96.2961
96.4303
96.5645
96.6987
96.8329
96.9671
97.1012
97.2354
97.3695
97.5037
97.6378
97.7719
97.906
98.0401
98.1742
98.3083
98.4423
98.5764
98.7105
98.8445
98.9786
99.1126
99.2467
99.3807
99.5147
99.6488
99.7828
99.9168
100.051
100.185
100.319
100.453
100.587
100.721
100.855
100.989
101.123
101.257
101.391
101.525
101.659
101.793
101.927
102.061
102.195
102.329
102.463
102.598
102.732
102.866
103
103.134
103.268
103.402
103.536
103.67
103.804
103.938
104.073
104.207
104.341
104.475
104.609
104.743
104.877
105.012
105.146
105.28
105.414
105.549
105.683
105.817
105.951
106.086
106.22
106.355
106.489
106.623
106.758
106.892
107.027
107.161
107.296
107.43
107.565
107.7
107.834
107.969
108.104
108.238
108.373
108.508
108.643
108.778
108.913
109.048
109.182
109.317
109.453
109.588
109.723
109.858
109.993
110.128
110.263
110.399
110.534
110.669
110.804
110.94
111.075
111.21
111.346
111.481
111.617
111.752
111.887
112.023
112.158
112.294
112.429
112.565
112.7
112.836
112.971
113.107
113.242
113.378
113.514
113.649
113.785
113.92
114.056
114.192
114.327
114.463
114.599
114.735
114.87
115.006
115.142
115.278
115.414
115.55
115.686
115.822
115.958
116.094
116.23
116.367
116.503
116.639
116.776
116.912
117.049
117.186
117.322
117.459
117.596
117.733
117.87
118.007
118.145
118.282
118.419
118.557
118.695
118.832
118.97
119.108
119.246
119.384
119.522
119.66
119.798
119.937
120.075
120.214
120.352
120.491
120.63
120.768
120.907
121.046
121.185
121.324
121.463
121.603
121.742
121.881
122.021
122.16
122.299
122.439
122.578
122.718
122.858
122.997
123.137
123.277
123.416
123.556
123.696
123.836
123.975
124.115
124.255
124.395
124.534
124.674
124.814
124.954
125.093
125.233
125.373
125.512
125.652
125.792
125.931
126.071
126.21
126.349
126.489
126.628
126.768
126.907
127.046
127.185
127.324
127.464
127.603
127.742
127.881
128.02
128.158
128.297
128.436
128.575
128.714
128.852
128.991
129.13
129.268
129.407
129.545
129.684
129.822
129.96
130.099
130.237
130.375
130.514
130.652
130.79
130.928
131.066
131.205
131.343
131.481
131.619
131.757
131.895
132.034
132.172
132.31
132.448
132.586
132.725
132.863
133.001
133.14
133.278
133.416
133.555
133.693
133.832
133.97
134.109
134.247
134.386
134.525
134.663
134.802
134.941
135.08
135.219
135.358
135.497
135.636
135.776
135.915
136.054
136.194
136.333
136.473
136.613
136.752
136.892
137.032
137.172
137.312
137.452
137.592
137.733
137.873
138.013
138.154
138.294
138.435
138.576
138.716
138.857
138.998
139.139
139.28
139.421
139.562
139.703
139.844
139.986
140.127
140.268
140.41
140.551
140.693
140.834
140.976
141.117
141.259
141.401
141.542
141.684
141.826
141.968
142.11
142.252
142.393
142.535
142.677
142.819
142.961
143.103
143.245
143.388
143.53
143.672
143.814
143.956
144.098
144.241
144.383
144.525
144.667
144.81
144.952
145.094
145.236
145.379
145.521
145.663
145.806
145.948
146.09
146.233
146.375
146.517
146.659
146.801
146.944
147.086
147.228
147.37
147.512
147.654
147.797
147.939
148.081
148.223
148.365
148.507
148.649
148.791
148.933
149.075
149.216
149.358
149.5
149.642
149.784
149.926
150.067
150.209
150.351
150.493
150.634
150.776
150.918
151.06
151.201
151.343
151.485
151.626
151.768
151.91
152.052
152.193
152.335
152.477
152.619
152.76
152.902
153.044
153.186
153.328
153.47
153.611
153.753
153.895
154.037
154.179
154.321
154.463
154.605
154.747
154.889
155.031
155.174
155.316
155.458
155.6
155.743
155.885
156.027
156.17
156.312
156.455
156.597
156.74
156.882
157.025
157.168
157.311
157.454
157.596
157.739
157.882
158.026
158.169
158.312
158.455
158.599
158.742
158.886
159.029
159.173
159.316
159.46
159.604
159.748
159.892
160.035
160.18
160.324
160.468
160.612
160.756
160.9
161.045
161.189
161.334
161.478
161.623
161.768
161.912
162.057
162.202
162.347
162.492
162.637
162.782
162.928
163.073
163.218
163.364
163.509
163.654
163.8
163.946
164.091
164.237
164.383
164.529
164.674
164.82
164.966
165.112
165.258
165.404
165.55
165.696
165.842
165.988
166.134
166.28
166.426
166.573
166.719
166.865
167.011
167.157
167.304
167.45
167.596
167.743
167.889
168.035
168.182
168.328
168.475
168.621
168.768
168.915
169.061
169.208
169.355
169.501
169.648
169.795
169.942
170.088
170.235
170.382
170.529
170.676
170.823
170.97
171.117
171.264
171.411
171.558
171.705
171.852
171.999
172.147
172.294
172.441
172.588
172.735
172.883
173.03
173.177
173.325
173.472
173.619
173.767
173.914
174.062
174.21
174.357
174.505
174.653
174.801
174.949
175.097
175.245
175.393
175.542
175.69
175.838
175.987
176.136
176.284
176.433
176.582
176.731
176.88
177.03
177.179
177.328
177.478
177.628
177.778
177.927
178.077
178.227
178.378
178.528
178.678
178.829
178.979
179.13
179.281
179.431
179.582
179.733
179.884
180.035
180.186
180.338
180.489
180.64
180.791
180.943
181.094
181.245
181.397
181.548
181.7
181.851
182.003
182.154
182.306
182.457
182.609
182.76
182.912
183.063
183.215
183.366
183.518
183.669
183.821
183.972
184.123
184.275
184.426
184.577
184.728
184.879
185.03
185.181
185.332
185.483
185.634
185.785
185.935
186.086
186.237
186.387
186.538
186.688
186.839
186.989
187.139
187.289
187.44
187.59
187.74
187.89
188.04
188.19
188.339
188.489
188.639
188.789
188.938
189.088
189.237
189.387
189.536
189.686
189.835
189.984
190.133
190.283
190.432
190.581
190.73
190.879
191.028
191.177
191.326
191.475
191.623
191.772
191.921
192.069
192.218
192.367
192.515
192.664
192.812
192.96
193.109
193.257
193.405
193.553
193.701
193.849
193.997
194.145
194.293
194.441
194.589
194.737
194.884
195.032
195.18
195.327
195.475
195.622
195.769
195.917
196.064
196.211
196.358
196.505
196.652
196.799
196.947
197.093
197.24
197.387
197.534
197.681
197.828
197.975
198.122
198.268
198.415
198.562
198.709
198.856
199.002
199.149
199.296
199.443
199.59
199.736
199.883
200.03
200.177
200.324
200.47
200.617
200.764
200.911
201.058
201.205
201.352
201.499
201.646
201.793
201.94
202.087
202.234
202.381
202.528
202.675
202.823
202.97
203.117
203.264
203.412
203.559
203.706
203.854
204.001
204.148
204.296
204.443
204.591
204.738
204.885
205.033
205.18
205.327
205.475
205.622
205.77
205.917
206.064
206.211
206.359
206.506
206.653
206.8
206.947
207.094
207.241
207.388
207.535
207.682
207.828
207.975
208.122
208.268
208.415
208.561
208.708
208.854
209.001
209.147
209.293
209.439
209.585
209.731
209.877
210.023
210.169
210.315
210.461
210.607
210.753
210.899
211.044
211.19
211.336
211.482
211.627
211.773
211.919
212.064
212.21
212.356
212.501
212.647
212.793
212.938
213.084
213.23
213.375
213.521
213.666
213.812
213.958
214.103
214.249
214.394
214.54
214.685
214.831
214.976
215.122
215.267
215.413
215.558
215.704
215.849
215.995
216.14
216.285
216.431
216.576
216.722
216.867
217.013
217.158
217.304
217.449
217.595
217.74
217.886
218.031
218.177
218.323
218.468
218.614
218.76
218.906
219.051
219.197
219.343
219.489
219.635
219.781
219.927
220.073
220.219
220.365
220.512
220.658
220.804
220.95
221.097
221.243
221.39
221.536
221.683
221.829
221.976
222.122
222.269
222.416
222.562
222.709
222.856
223.003
223.15
223.297
223.444
223.591
223.738
223.885
224.032
224.179
224.327
224.474
224.621
224.769
224.916
225.063
225.211
225.358
225.506
225.654
225.801
225.949
226.096
226.244
226.392
226.54
226.687
226.835
226.983
227.131
227.278
227.426
227.574
227.722
227.869
228.017
228.165
228.313
228.461
228.608
228.756
228.904
229.052
229.199
229.347
229.495
229.643
229.791
229.938
230.086
230.234
230.382
230.53
230.678
230.826
230.974
231.122
231.27
231.418
231.566
231.714
231.862
232.011
232.159
232.307
232.455
232.603
232.752
232.9
233.048
233.197
233.345
233.493
233.642
233.79
233.938
234.087
234.235
234.383
234.532
234.68
234.829
234.977
235.125
235.274
235.422
235.571
235.719
235.868
236.016
236.165
236.313
236.462
236.61
236.759
236.908
237.056
237.205
237.354
237.502
237.651
237.8
237.949
238.098
238.247
238.396
238.545
238.694
238.843
238.992
239.142
239.291
239.44
239.59
239.739
239.889
240.039
240.188
240.338
240.488
240.638
240.788
240.938
241.088
241.238
241.388
241.538
241.689
241.839
241.989
242.14
242.29
242.441
242.591
242.742
242.893
243.043
243.194
243.345
243.496
243.646
243.797
243.948
244.099
244.25
244.401
244.552
244.703
244.854
245.005
245.157
245.308
245.459
245.61
245.761
245.913
246.064
246.215
246.367
246.518
246.669
246.821
246.972
247.124
247.276
247.427
247.579
247.73
247.882
248.034
248.186
248.337
248.489
248.641
248.793
248.945
249.097
249.249
249.401
249.553
249.705
249.857
250.009
250.162
250.314
250.466
250.619
250.771
250.924
251.076
251.229
251.381
251.534
251.687
251.84
251.993
252.146
252.299
252.452
252.605
252.759
252.912
253.065
253.219
253.373
253.526
253.68
253.834
253.988
254.141
254.295
254.449
254.604
254.758
254.912
255.066
255.22
255.375
255.529
255.684
255.838
255.993
256.147
256.302
256.457
256.612
256.767
256.922
257.077
257.232
257.387
257.542
257.697
257.853
258.008
258.164
258.319
258.475
258.631
258.787
258.942
259.098
259.254
259.41
259.567
259.723
259.879
260.035
260.192
260.348
260.504
260.661
260.817
260.974
261.13
261.287
261.443
261.6
261.756
261.912
262.069
262.225
262.382
262.538
262.694
262.85
263.006
263.163
263.319
263.475
263.631
263.787
263.942
264.098
264.254
264.41
264.566
264.721
264.877
265.033
265.188
265.344
265.5
265.655
265.811
265.966
266.122
266.277
266.433
266.588
266.744
266.899
267.055
267.21
267.366
267.521
267.677
267.832
267.988
268.143
268.298
268.454
268.609
268.765
268.92
269.075
269.231
269.386
269.541
269.697
269.852
270.007
270.163
270.318
270.473
270.629
270.784
270.939
271.094
271.249
271.405
271.56
271.715
271.87
272.025
272.181
272.336
272.491
272.646
272.801
272.956
273.111
273.266
273.421
273.576
273.731
273.886
274.041
274.196
274.351
274.506
274.661
274.816
274.971
275.126
275.281
275.436
275.591
275.745
275.9
276.055
276.21
276.365
276.52
276.674
276.829
276.984
277.139
277.293
277.448
277.602
277.757
277.911
278.066
278.22
278.375
278.529
278.684
278.838
278.992
279.146
279.301
279.455
279.609
279.763
279.917
280.071
280.225
280.379
280.533
280.687
280.841
280.995
281.149
281.303
281.457
281.611
281.765
281.919
282.073
282.227
282.381
282.535
282.689
282.843
282.997
283.151
283.305
283.46
283.614
283.768
283.922
284.076
284.23
284.384
284.539
284.693
284.847
285.001
285.156
285.31
285.464
285.619
285.773
285.927
286.082
286.236
286.39
286.545
286.699
286.853
287.008
287.162
287.316
287.471
287.625
287.78
287.934
288.088
288.243
288.397
288.552
288.706
288.861
289.015
289.17
289.324
289.479
289.634
289.788
289.943
290.098
290.252
290.407
290.562
290.716
290.871
291.026
291.181
291.336
291.491
291.646
291.801
291.956
292.111
292.266
292.422
292.577
292.732
292.888
293.043
293.199
293.354
293.51
293.666
293.821
293.977
294.133
294.289
294.445
294.602
294.758
294.914
295.071
295.228
295.384
295.541
295.698
295.855
296.013
296.17
296.327
296.485
296.643
296.801
296.959
297.117
297.276
297.434
297.593
297.752
297.91
298.07
298.229
298.388
298.548
298.707
298.867
299.027
299.187
299.347
299.508
299.668
299.828
299.989
300.15
300.311
300.471
300.632
300.794
300.955
301.116
301.277
301.439
301.6
301.761
301.923
302.085
302.246
302.408
302.57
302.731
302.893
303.055
303.217
303.379
303.541
303.702
303.864
304.026
304.188
304.35
304.512
304.674
304.836
304.998
305.159
305.321
305.483
305.645
305.807
305.968
306.13
306.292
306.454
306.615
306.777
306.938
307.1
307.261
307.423
307.584
307.746
307.907
308.068
308.23
308.391
308.552
308.714
308.875
309.036
309.197
309.359
309.52
309.681
309.842
310.004
310.165
310.326
310.487
310.649
310.81
310.972
311.133
311.294
311.456
311.617
311.779
311.941
312.102
312.264
312.425
312.587
312.749
312.911
313.072
313.234
313.396
313.558
313.72
313.881
314.043
314.205
314.367
314.529
314.691
314.853
315.015
315.177
315.339
315.501
315.663
315.825
315.987
316.149
316.311
316.473
316.635
316.797
316.959
317.121
317.283
317.445
317.607
317.769
317.932
318.094
318.256
318.418
318.58
318.742
318.905
319.067
319.229
319.392
319.554
319.716
319.878
320.041
320.203
320.365
320.528
320.69
320.852
321.015
321.177
321.339
321.502
321.664
321.826
321.988
322.151
322.313
322.475
322.637
322.799
322.962
323.124
323.286
323.448
323.611
323.773
323.935
324.097
324.259
324.422
324.584
324.746
324.909
325.071
325.233
325.396
325.558
325.72
325.883
326.045
326.208
326.371
326.533
326.696
326.859
327.021
327.184
327.347
327.51
327.673
327.836
327.999
328.162
328.325
328.488
328.651
328.814
328.977
329.141
329.304
329.468
329.631
329.795
329.958
330.122
330.286
330.449
330.613
330.777
330.941
331.105
331.269
331.434
331.598
331.762
331.927
332.091
332.256
332.42
332.585
332.75
332.915
333.08
333.245
333.41
333.575
333.74
333.905
334.071
334.236
334.402
334.568
334.733
334.899
335.065
335.231
335.397
335.563
335.73
335.896
336.062
336.229
336.395
336.562
336.729
336.896
337.063
337.23
337.397
337.564
337.731
337.898
338.066
338.233
338.401
338.568
338.736
338.903
339.071
339.239
339.407
339.575
339.743
339.911
340.079
340.247
340.415
340.583
340.751
340.92
341.088
341.256
341.425
341.593
341.762
341.93
342.099
342.268
342.436
342.605
342.774
342.943
343.112
343.28
343.449
343.618
343.787
343.957
344.126
344.295
344.464
344.633
344.803
344.972
345.141
345.311
345.48
345.65
345.819
345.989
346.158
346.328
346.497
346.667
346.836
347.006
347.175
347.345
347.514
347.684
347.853
348.023
348.192
348.361
348.53
348.7
348.869
349.038
349.207
349.376
349.545
349.714
349.883
350.052
350.22
350.389
350.558
350.726
350.895
351.063
351.231
351.4
351.568
351.736
351.904
352.072
352.24
352.408
352.575
352.743
352.911
353.078
353.246
353.413
353.581
353.748
353.915
354.083
354.25
354.417
354.584
354.751
354.917
355.084
355.251
355.417
355.584
355.75
355.916
356.083
356.249
356.415
356.581
356.747
356.912
357.078
357.243
357.409
357.574
357.739
357.904
358.069
358.234
358.399
358.564
358.728
358.893
359.057
359.221
359.385
359.549
359.713
359.877
360.041
360.205
360.368
360.532
360.695
360.858
361.022
361.185
361.348
361.511
361.674
361.836
361.999
362.161
362.324
362.486
362.648
362.81
362.972
363.134
363.296
363.458
363.619
363.78
363.941
364.102
364.263
364.424
364.584
364.745
364.905
365.065
365.225
365.384
365.544
365.703
365.862
366.022
366.18
366.339
366.498
366.657
366.815
366.973
367.132
367.29
367.448
367.606
367.763
367.921
368.079
368.237
368.394
368.552
368.709
368.866
369.024
369.181
369.338
369.495
369.652
369.809
369.966
370.123
370.28
370.437
370.594
370.751
370.908
371.065
371.221
371.378
371.535
371.692
371.848
372.005
372.162
372.318
372.475
372.632
372.788
372.945
373.102
373.258
373.415
373.572
373.728
373.885
374.042
374.198
374.355
374.512
374.669
374.826
374.983
375.14
375.297
375.455
375.612
375.769
375.927
376.084
376.242
376.4
376.558
376.715
376.874
377.032
377.19
377.348
377.507
377.665
377.824
377.983
378.142
378.301
378.46
378.619
378.778
378.938
379.097
379.257
379.417
379.577
379.737
379.897
380.057
380.217
380.378
380.538
380.699
380.859
381.02
381.181
381.342
381.503
381.664
381.826
381.987
382.148
382.31
382.471
382.633
382.794
382.956
383.118
383.28
383.441
383.603
383.765
383.927
384.088
384.25
384.412
384.574
384.735
384.897
385.059
385.22
385.382
385.543
385.705
385.866
386.027
386.188
386.349
386.51
386.671
386.832
386.993
387.154
387.314
387.475
387.635
387.796
387.956
388.116
388.276
388.436
388.596
388.756
388.916
389.076
389.236
389.395
389.555
389.715
389.874
390.034
390.193
390.353
390.512
390.672
390.831
390.991
391.15
391.309
391.469
391.628
391.787
391.947
392.106
392.265
392.425
392.584
392.743
392.902
393.062
393.221
393.38
393.54
393.699
393.858
394.018
394.177
394.337
394.496
394.656
394.815
394.975
395.134
395.294
395.453
395.613
395.772
395.932
396.091
396.251
396.411
396.57
396.73
396.89
397.05
397.209
397.369
397.529
397.689
397.849
398.009
398.169
398.329
398.489
398.649
398.809
398.969
399.13
399.29
399.45
399.611
399.771
399.932
400.092
400.253
400.413
400.574
400.735
400.895
401.056
401.217
401.378
401.539
401.699
401.86
402.021
402.182
402.343
402.504
402.665
402.826
402.987
403.148
403.309
403.47
403.631
403.792
403.953
404.114
404.275
404.436
404.597
404.758
404.919
405.08
405.241
405.402
405.562
405.723
405.884
406.045
406.206
406.367
406.528
406.689
406.849
407.01
407.171
407.332
407.493
407.654
407.814
407.975
408.136
408.297
408.458
408.618
408.779
408.94
409.1
409.261
409.422
409.582
409.743
409.903
410.064
410.224
410.385
410.545
410.705
410.866
411.026
411.186
411.347
411.507
411.667
411.827
411.988
412.148
412.308
412.468
412.628
412.788
412.948
413.109
413.269
413.429
413.589
413.749
413.909
414.07
414.23
414.39
414.55
414.711
414.871
415.031
415.192
415.352
415.513
415.673
415.834
415.995
416.156
416.316
416.477
416.638
416.799
416.961
417.122
417.283
417.445
417.606
417.768
417.93
418.091
418.253
418.415
418.577
418.739
418.901
419.064
419.226
419.388
419.551
419.713
419.876
420.038
420.201
420.364
420.526
420.689
420.852
421.015
421.178
421.341
421.504
421.668
421.831
421.994
422.158
422.321
422.485
422.648
422.812
422.976
423.139
423.303
423.467
423.631
423.795
423.959
424.124
424.288
424.452
424.617
424.781
424.946
425.11
425.275
425.44
425.605
425.77
425.935
426.1
426.265
426.43
426.596
426.761
426.926
427.092
427.257
427.423
427.589
427.755
427.92
428.086
428.252
428.418
428.584
428.75
428.916
429.082
429.249
429.415
429.581
429.747
429.913
430.079
430.246
430.412
430.578
430.744
430.91
431.077
431.243
431.409
431.575
431.741
431.907
432.073
432.239
432.405
432.571
432.737
432.903
433.068
433.234
433.399
433.565
433.73
433.896
434.061
434.226
434.391
434.556
434.721
434.885
435.05
435.214
435.378
435.542
435.706
435.869
436.033
436.196
436.359
436.522
436.685
436.847
437.01
437.172
437.334
437.496
437.657
437.819
437.98
438.141
438.302
438.463
438.624
438.784
438.944
439.104
439.264
439.424
439.584
439.743
439.902
440.062
440.221
440.38
440.538
440.697
440.855
441.014
441.172
441.33
441.488
441.646
441.803
441.961
442.118
442.276
442.433
442.59
442.747
442.904
443.06
443.217
443.373
443.53
443.686
443.842
443.998
444.154
444.309
444.465
444.621
444.776
444.931
445.086
445.242
445.396
445.551
445.706
445.861
446.015
446.17
446.324
446.478
446.632
446.786
446.94
447.094
447.248
447.401
447.555
447.708
447.861
448.015
448.168
448.321
448.474
448.627
448.78
448.933
449.085
449.238
449.391
449.543
449.696
449.848
450.001
450.153
450.305
450.457
450.609
450.762
450.914
451.065
451.217
451.369
451.521
451.673
451.824
451.976
452.127
452.278
452.43
452.581
452.732
452.883
453.034
453.185
453.336
453.487
453.638
453.789
453.939
454.09
454.24
454.391
454.541
454.691
454.842
454.992
455.142
455.292
455.442
455.592
455.742
455.892
456.042
456.192
456.342
456.491
456.641
456.791
456.941
457.09
457.24
457.39
457.54
457.689
457.839
457.989
458.138
458.288
458.438
458.588
458.737
458.887
459.037
459.187
459.337
459.487
459.637
459.787
459.937
460.088
460.238
460.389
460.539
460.69
460.84
460.991
461.142
461.293
461.444
461.596
461.747
461.899
462.05
462.202
462.354
462.506
462.658
462.811
462.963
463.116
463.269
463.421
463.575
463.728
463.881
464.035
464.188
464.342
464.496
464.65
464.805
464.959
465.114
465.269
465.424
465.579
465.734
465.889
466.045
466.201
466.357
466.513
466.669
466.825
466.982
467.139
467.295
467.453
467.61
467.767
467.925
468.082
468.24
468.398
468.557
468.715
468.874
469.032
469.191
469.35
469.51
469.669
469.829
469.989
470.148
470.309
470.469
470.629
470.79
470.951
471.112
471.273
471.434
471.596
471.757
471.919
472.081
472.243
472.405
472.568
472.73
472.893
473.056
473.219
473.382
473.545
473.708
473.872
474.035
474.199
474.362
474.526
474.69
474.854
475.018
475.182
475.346
475.511
475.675
475.839
476.004
476.168
476.333
476.497
476.662
476.827
476.991
477.156
477.321
477.486
477.65
477.815
477.98
478.145
478.31
478.475
478.639
478.804
478.969
479.134
479.298
479.463
479.628
479.792
479.957
480.121
480.286
480.45
480.614
480.779
480.943
481.107
481.271
481.435
481.599
481.762
481.926
482.09
482.253
482.417
482.58
482.744
482.907
483.07
483.234
483.397
483.56
483.723
483.887
484.05
484.213
484.376
484.539
484.702
484.866
485.029
485.192
485.355
485.519
485.682
485.846
486.009
486.172
486.336
486.499
486.663
486.827
486.99
487.154
487.318
487.482
487.645
487.809
487.973
488.137
488.301
488.465
488.629
488.793
488.956
489.12
489.285
489.449
489.613
489.777
489.941
490.105
490.269
490.434
490.598
490.762
490.926
491.091
491.255
491.42
491.584
491.749
491.914
492.078
492.243
492.408
492.573
492.738
492.902
493.067
493.232
493.397
493.562
493.727
493.893
494.058
494.223
494.388
494.553
494.718
494.883
495.048
495.213
495.378
495.543
495.708
495.873
496.037
496.202
496.367
496.531
496.696
496.86
497.024
497.188
497.352
497.516
497.68
497.844
498.008
498.171
498.334
498.498
498.661
498.824
498.987
499.149
499.312
499.475
499.637
499.799
499.961
500.123
500.285
500.447
500.609
500.77
500.931
501.093
501.254
501.415
501.576
501.737
501.897
502.058
502.218
502.379
502.539
502.699
502.859
503.019
503.178
503.338
503.498
503.657
503.817
503.976
504.135
504.294
504.453
504.613
504.772
504.93
505.089
505.248
505.407
505.566
505.725
505.883
506.042
506.201
506.359
506.518
506.677
506.835
506.994
507.153
507.311
507.47
507.629
507.787
507.946
508.105
508.263
508.422
508.581
508.739
508.898
509.057
509.215
509.374
509.533
509.691
509.85
510.009
510.167
510.326
510.484
510.643
510.801
510.96
511.118
511.276
511.434
511.593
511.751
511.909
512.067
512.225
512.382
512.54
512.698
512.856
513.013
513.171
513.328
513.485
513.643
513.8
513.957
514.114
514.271
514.428
514.585
514.742
514.899
515.055
515.212
515.368
515.525
515.681
515.838
515.994
516.151
516.307
516.463
516.62
516.776
516.932
517.088
517.245
517.401
517.557
517.713
517.869
518.025
518.181
518.337
518.493
518.649
518.805
518.961
519.117
519.273
519.429
519.585
519.741
519.896
520.052
520.208
520.363
520.519
520.674
520.83
520.985
521.14
521.295
521.451
521.606
521.761
521.916
522.071
522.226
522.381
522.536
522.69
522.845
523
523.155
523.309
523.464
523.619
523.773
523.928
524.083
524.237
524.392
524.546
524.701
524.855
525.01
525.164
525.319
525.473
525.627
525.782
525.936
526.091
526.245
526.399
526.553
526.708
526.862
527.016
527.17
527.325
527.479
527.633
527.787
527.941
528.096
528.25
528.404
528.558
528.712
528.866
529.02
529.174
529.328
529.482
529.636
529.79
529.944
530.098
530.252
530.406
530.559
530.713
530.867
531.021
531.175
531.328
531.482
531.636
531.789
531.943
532.096
532.25
532.403
532.556
532.71
532.863
533.016
533.169
533.322
533.475
533.628
533.781
533.934
534.087
534.239
534.392
534.544
534.697
534.849
535.001
535.153
535.305
535.457
535.609
535.76
535.912
536.064
536.215
536.366
536.518
536.669
536.82
536.971
537.122
537.273
537.424
537.574
537.725
537.876
538.026
538.177
538.327
538.478
538.628
538.779
538.93
539.08
539.231
539.381
539.532
539.682
539.833
539.983
540.134
540.285
540.436
540.587
540.737
540.888
541.039
541.19
541.342
541.493
541.644
541.796
541.947
542.099
542.25
542.402
542.554
542.706
542.858
543.01
543.162
543.315
543.467
543.62
543.773
543.926
544.079
544.232
544.385
544.538
544.692
544.845
544.999
545.153
545.307
545.461
545.615
545.769
545.923
546.077
546.232
546.386
546.541
546.695
546.85
547.004
547.159
547.314
547.468
547.623
547.778
547.933
548.087
548.242
548.397
548.551
548.706
548.86
549.015
549.169
549.324
549.478
549.632
549.787
549.941
550.095
550.249
550.403
550.557
550.711
550.865
551.018
551.172
551.326
551.479
551.633
551.786
551.94
552.093
552.247
552.4
552.553
552.707
552.86
553.013
553.166
553.319
553.472
553.625
553.778
553.931
554.084
554.237
554.39
554.542
554.695
554.848
555
555.153
555.305
555.458
555.61
555.762
555.914
556.067
556.219
556.371
556.523
556.675
556.827
556.979
557.131
557.283
557.434
557.586
557.738
557.889
558.041
558.192
558.344
558.495
558.647
558.798
558.949
559.1
559.252
559.403
559.554
559.705
559.856
560.007
560.158
560.309
560.46
560.611
560.762
560.913
561.064
561.215
561.366
561.517
561.668
561.819
561.97
562.121
562.272
562.423
562.574
562.725
562.876
563.027
563.178
563.329
563.479
563.63
563.781
563.932
564.083
564.234
564.385
564.536
564.687
564.838
564.989
565.139
565.29
565.441
565.592
565.742
565.893
566.044
566.194
566.345
566.496
566.646
566.797
566.947
567.098
567.249
567.399
567.55
567.7
567.851
568.002
568.152
568.303
568.453
568.604
568.755
568.905
569.056
569.206
569.357
569.508
569.658
569.809
569.96
570.11
570.261
570.411
570.562
570.712
570.863
571.013
571.164
571.314
571.464
571.614
571.764
571.914
572.064
572.214
572.364
572.513
572.663
572.812
572.961
573.11
573.259
573.408
573.557
573.705
573.854
574.002
574.15
574.298
574.446
574.593
574.741
574.888
575.036
575.183
575.33
575.476
575.623
575.77
575.916
576.062
576.208
576.354
576.5
576.645
576.791
576.936
577.081
577.226
577.371
577.515
577.659
577.803
577.947
578.091
578.234
578.377
578.52
578.663
578.805
578.948
579.09
579.232
579.373
579.515
579.656
579.797
579.938
580.078
580.219
580.359
580.5
580.64
580.779
580.919
581.059
581.198
581.338
581.477
581.616
581.756
581.895
582.034
582.173
582.312
582.451
582.589
582.728
582.867
583.006
583.145
583.284
583.423
583.562
583.701
583.84
583.979
584.118
584.257
584.397
584.536
584.676
584.815
584.955
585.095
585.234
585.374
585.514
585.654
585.795
585.935
586.075
586.216
586.356
586.497
586.638
586.779
586.92
587.061
587.202
587.344
587.485
587.627
587.769
587.911
588.053
588.195
588.337
588.479
588.622
588.764
588.907
589.05
589.193
589.336
589.479
589.622
589.766
589.909
590.053
590.196
590.34
590.484
590.628
590.772
590.916
591.061
591.205
591.349
591.494
591.639
591.783
591.928
592.073
592.218
592.363
592.508
592.653
592.798
592.943
593.089
593.234
593.379
593.525
593.67
593.816
593.961
594.107
594.253
594.398
594.544
594.69
594.835
594.981
595.127
595.273
595.418
595.564
595.71
595.856
596.002
596.148
596.294
596.439
596.585
596.731
596.877
597.023
597.169
597.316
597.462
597.608
597.754
597.9
598.046
598.192
598.338
598.485
598.631
598.777
598.923
599.07
599.216
599.362
599.509
599.655
599.802
599.948
600.095
600.241
600.388
600.535
600.681
600.828
600.975
601.122
601.269
601.416
601.563
601.71
601.857
602.004
602.151
602.298
602.446
602.593
602.74
602.888
603.035
603.183
603.33
603.478
603.625
603.773
603.92
604.068
604.216
604.363
604.511
604.659
604.807
604.955
605.103
605.251
605.399
605.547
605.695
605.843
605.991
606.139
606.287
606.435
606.584
606.732
606.88
607.029
607.177
607.325
607.474
607.622
607.771
607.92
608.068
608.217
608.365
608.514
608.663
608.811
608.96
609.108
609.257
609.406
609.554
609.703
609.851
610
610.148
610.297
610.445
610.593
610.742
610.89
611.039
611.187
611.335
611.484
611.632
611.78
611.929
612.077
612.225
612.374
612.522
612.671
612.819
612.968
613.116
613.265
613.413
613.562
613.711
613.86
614.009
614.158
614.307
614.456
614.605
614.754
614.903
615.053
615.202
615.352
615.501
615.651
615.8
615.95
616.1
616.25
616.4
616.549
616.7
616.85
617
617.15
617.3
617.451
617.601
617.752
617.903
618.053
618.204
618.355
618.506
618.657
618.809
618.96
619.111
619.263
619.414
619.566
619.718
619.869
620.021
620.173
620.325
620.477
620.629
620.781
620.932
621.084
621.236
621.388
621.54
621.692
621.843
621.995
622.147
622.298
622.449
622.601
622.752
622.903
623.054
623.205
623.356
623.507
623.657
623.808
623.958
624.108
624.259
624.409
624.558
624.708
624.858
625.008
625.157
625.306
625.455
625.605
625.753
625.902
626.051
626.2
626.348
626.496
626.645
626.793
626.941
627.089
627.237
627.384
627.532
627.679
627.827
627.974
628.121
628.268
628.415
628.562
628.709
628.856
629.002
629.149
629.295
629.442
629.588
629.734
629.88
630.026
630.172
630.318
630.464
630.61
630.756
630.902
631.048
631.193
631.339
631.485
631.63
631.776
631.922
632.067
632.213
632.358
632.504
632.65
632.795
632.941
633.086
633.232
633.377
633.523
633.668
633.814
633.959
634.104
634.25
634.395
634.54
634.685
634.83
634.976
635.121
635.266
635.411
635.556
635.701
635.846
635.991
636.136
636.28
636.425
636.57
636.715
636.86
637.004
637.149
637.294
637.438
637.583
637.727
637.872
638.017
638.161
638.306
638.45
638.595
638.739
638.884
639.028
639.173
639.317
639.461
639.606
639.75
639.895
640.039
640.184
640.328
640.473
640.617
640.762
640.906
641.051
641.196
641.34
641.485
641.63
641.775
641.919
642.064
642.209
642.354
642.499
642.643
642.788
642.933
643.078
643.223
643.368
643.513
643.658
643.803
643.947
644.092
644.237
644.382
644.527
644.671
644.816
644.961
645.105
645.25
645.394
645.539
645.683
645.827
645.972
646.116
646.26
646.404
646.548
646.692
646.835
646.979
647.123
647.266
647.41
647.553
647.697
647.84
647.983
648.126
648.269
648.412
648.555
648.697
648.84
648.982
649.125
649.267
649.409
649.551
649.693
649.835
649.977
650.119
650.261
650.403
650.544
650.686
650.827
650.969
651.11
651.252
651.393
651.534
651.676
651.817
651.958
652.099
652.24
652.381
652.522
652.664
652.805
652.946
653.086
653.227
653.368
653.509
653.65
653.791
653.932
654.072
654.213
654.354
654.494
654.635
654.775
654.916
655.056
655.197
655.337
655.477
655.617
655.757
655.897
656.037
656.177
656.317
656.456
656.596
656.735
656.875
657.014
657.153
657.293
657.432
657.57
657.709
657.848
657.987
658.125
658.264
658.402
658.54
658.678
658.816
658.954
659.092
659.23
659.367
659.505
659.642
659.78
659.917
660.054
660.192
660.329
660.466
660.603
660.74
660.877
661.014
661.151
661.288
661.424
661.561
661.698
661.835
661.971
662.108
662.244
662.381
662.518
662.654
662.79
662.927
663.063
663.2
663.336
663.472
663.608
663.744
663.88
664.016
664.152
664.288
664.424
664.559
664.695
664.831
664.966
665.102
665.237
665.372
665.507
665.642
665.777
665.912
666.047
666.182
666.316
666.451
666.586
666.72
666.854
666.989
667.123
667.257
667.391
667.525
667.659
667.793
667.927
668.061
668.195
668.329
668.463
668.596
668.73
668.864
668.997
669.131
669.265
669.399
669.532
669.666
669.8
669.934
670.068
670.201
670.335
670.469
670.603
670.737
670.871
671.006
671.14
671.274
671.408
671.543
671.677
671.812
671.947
672.081
672.216
672.351
672.486
672.621
672.756
672.892
673.027
673.162
673.298
673.434
673.569
673.705
673.841
673.977
674.113
674.25
674.386
674.522
674.659
674.796
674.933
675.07
675.207
675.344
675.481
675.619
675.756
675.894
676.032
676.17
676.308
676.446
676.585
676.723
676.862
677.001
