0.00174707
0.00270867
0.00388026
0.00526184
0.00685342
0.00865498
0.0106665
0.0128881
0.0153196
0.0179611
0.0208126
0.0238741
0.0271456
0.030627
0.0343185
0.0382199
0.0423313
0.0466526
0.051184
0.0559253
0.0608766
0.0660379
0.0714091
0.0769904
0.0827816
0.0887827
0.0949939
0.101415
0.108046
0.114887
0.121938
0.129199
0.13667
0.144351
0.152242
0.160343
0.168654
0.177175
0.185905
0.194846
0.203997
0.213358
0.222928
0.232709
0.242699
0.2529
0.263311
0.273931
0.284761
0.295802
0.307052
0.318513
0.330183
0.342063
0.354154
0.366454
0.378964
0.391684
0.404614
0.417755
0.431105
0.444665
0.458435
0.472415
0.486605
0.501005
0.515615
0.530435
0.545465
0.560705
0.576154
0.591814
0.607684
0.623764
0.640054
0.656554
0.673264
0.690183
0.707313
0.724653
0.742203
0.759963
0.777932
0.796112
0.814502
0.833102
0.851912
0.870931
0.890161
0.909601
0.929251
0.949111
0.96918
0.98946
1.00995
1.03065
1.05156
1.07268
1.09401
1.11555
1.1373
1.15926
1.18143
1.20381
1.2264
1.2492
1.27221
1.29543
1.31886
1.3425
1.36635
1.39041
1.41468
1.43915
1.46384
1.48874
1.51385
1.53917
1.5647
1.59044
1.61639
1.64255
1.66892
1.6955
1.72229
1.74929
1.7765
1.80392
1.83155
1.85938
1.88743
1.91569
1.94416
1.97284
2.00173
2.03083
2.06014
2.08966
2.11939
2.14932
2.17947
2.20983
2.2404
2.27118
2.30217
2.33337
2.36477
2.39639
2.42822
2.46026
2.49251
2.52497
2.55763
2.59051
2.6236
2.6569
2.69041
2.72412
2.75805
2.79219
2.82654
2.8611
2.89586
2.93084
2.96603
3.00143
3.03703
3.07285
3.10888
3.14512
3.18156
3.21822
3.25509
3.29216
3.32945
3.36695
3.40466
3.44257
3.4807
3.51904
3.55758
3.59634
3.63531
3.67448
3.71387
3.75347
3.79327
3.83329
3.87351
3.91395
3.9546
3.99545
4.03652
4.07779
4.11928
4.16098
4.20288
4.245
4.28732
4.32986
4.3726
4.41556
4.45872
4.5021
4.54568
4.58948
4.63348
4.6777
4.72212
4.76676
4.8116
4.85666
4.90192
4.9474
4.99308
5.03898
5.08508
5.13139
5.17792
5.22465
5.2716
5.31875
5.36611
5.41369
5.46147
5.50946
5.55767
5.60608
5.65471
5.70354
5.75258
5.80183
5.8513
5.90097
5.95085
6.00095
6.05125
6.10176
6.15248
6.20342
6.25456
6.30591
6.35747
6.40925
6.46123
6.51342
6.56582
6.61843
6.67126
6.72429
6.77753
6.83098
6.88464
6.93851
6.99259
7.04688
7.10138
7.15609
7.21102
7.26615
7.32149
7.37704
7.4328
7.48877
7.54495
7.60134
7.65794
7.71475
7.77176
7.82899
7.88643
7.94408
8.00194
8.06001
8.11829
8.17678
8.23548
8.29438
8.3535
8.41283
8.47237
8.53212
8.59208
8.65224
8.71262
8.77321
8.83401
8.89501
8.95623
9.01766
9.0793
9.14114
9.2032
9.26547
9.32794
9.39063
9.45353
9.51663
9.57995
9.64348
9.70721
9.77116
9.83531
9.89968
9.96426
10.029
10.094
10.1592
10.2247
10.2903
10.3561
10.4222
10.4884
10.5549
10.6216
10.6884
10.7555
10.8228
10.8904
10.9581
11.026
11.0942
11.1625
11.2311
11.2998
11.3688
11.438
11.5074
11.577
11.6469
11.7169
11.7871
11.8576
11.9282
11.9991
12.0702
12.1415
12.213
12.2847
12.3566
12.4288
12.5011
12.5736
12.6464
12.7194
12.7926
12.8659
12.9395
13.0134
13.0874
13.1616
13.236
13.3107
13.3856
13.4606
13.5359
13.6114
13.6871
13.763
13.8391
13.9154
13.992
14.0687
14.1457
14.2229
14.3002
14.3778
14.4556
14.5336
14.6118
14.6903
14.7689
14.8477
14.9268
15.0061
15.0855
15.1652
15.2451
15.3252
15.4055
15.4861
15.5668
15.6478
15.7289
15.8103
15.8918
15.9736
16.0556
16.1378
16.2202
16.3029
16.3857
16.4687
16.552
16.6355
16.7191
16.803
16.8871
16.9714
17.0559
17.1406
17.2256
17.3107
17.3961
17.4816
17.5674
17.6534
17.7396
17.826
17.9126
17.9994
18.0864
18.1737
18.2611
18.3488
18.4367
18.5247
18.613
18.7015
18.7902
18.8791
18.9683
19.0576
19.1472
19.2369
19.3269
19.4171
19.5075
19.598
19.6889
19.7799
19.8711
19.9625
20.0542
20.146
20.2381
20.3304
20.4229
20.5155
20.6085
20.7016
20.7949
20.8884
20.9822
21.0761
21.1703
21.2647
21.3592
21.454
21.549
21.6442
21.7397
21.8353
21.9311
22.0272
22.1234
22.2199
22.3166
22.4135
22.5106
22.6079
22.7054
22.8031
22.9011
22.9992
23.0976
23.1962
23.2949
23.3939
23.4931
23.5925
23.6922
23.792
23.892
23.9923
24.0927
24.1934
24.2943
24.3953
24.4966
24.5981
24.6999
24.8018
24.9039
25.0063
25.1088
25.2116
25.3146
25.4177
25.5211
25.6247
25.7286
25.8326
25.9368
26.0413
26.1459
26.2508
26.3558
26.4611
26.5666
26.6723
26.7782
26.8843
26.9907
27.0972
27.204
27.3109
27.4181
27.5255
27.6331
27.7409
27.8489
27.9571
28.0655
28.1741
28.283
28.3921
28.5013
28.6108
28.7205
28.8304
28.9405
29.0508
29.1613
29.2721
29.383
29.4942
29.6055
29.7171
29.8289
29.9409
30.0531
30.1655
30.2781
30.3909
30.504
30.6172
30.7307
30.8444
30.9582
31.0723
31.1866
31.3011
31.4159
31.5308
31.6459
31.7613
31.8768
31.9926
32.1086
32.2248
32.3412
32.4578
32.5746
32.6916
32.8089
32.9263
33.044
33.1618
33.2799
33.3982
33.5167
33.6354
33.7543
33.8735
33.9928
34.1123
34.2321
34.352
34.4722
34.5926
34.7132
34.834
34.955
35.0762
35.1977
35.3193
35.4412
35.5632
35.6855
35.808
35.9307
36.0536
36.1767
36.3
36.4235
36.5472
36.6712
36.7954
36.9197
37.0443
37.1691
37.2941
37.4193
37.5447
37.6703
37.7962
37.9222
38.0485
38.1749
38.3016
38.4285
38.5556
38.6829
38.8104
38.9381
39.066
39.1942
39.3225
39.4511
39.5798
39.7088
39.838
39.9674
40.097
40.2268
40.3569
40.4871
40.6176
40.7482
40.8791
41.0102
41.1414
41.2729
41.4046
41.5366
41.6687
41.801
41.9336
42.0663
42.1993
42.3324
42.4658
42.5994
42.7332
42.8672
43.0015
43.1359
43.2705
43.4054
43.5404
43.6757
43.8112
43.9469
44.0828
44.2189
44.3552
44.4917
44.6285
44.7654
44.9026
45.0399
45.1775
45.3153
45.4533
45.5915
45.7299
45.8685
46.0074
46.1464
46.2857
46.4251
46.5648
46.7047
46.8448
46.9851
47.1256
47.2663
47.4072
47.5484
47.6897
47.8313
47.9731
48.115
48.2572
48.3996
48.5422
48.685
48.8281
48.9713
49.1148
49.2584
49.4023
49.5464
49.6906
49.8351
49.9798
50.1248
50.2699
50.4152
50.5608
50.7065
50.8525
50.9986
51.145
51.2916
51.4384
51.5854
51.7327
51.8801
52.0277
52.1756
52.3236
52.4719
52.6204
52.7691
52.918
53.0671
53.2164
53.3659
53.5157
53.6656
53.8158
53.9661
54.1167
54.2675
54.4185
54.5697
54.7211
54.8727
55.0246
55.1766
55.3289
55.4813
55.634
55.7869
55.94
56.0933
56.2468
56.4005
56.5544
56.7086
56.8629
57.0175
57.1723
57.3272
57.4824
57.6378
57.7934
57.9492
58.1053
58.2615
58.418
58.5746
58.7315
58.8886
59.0458
59.2033
59.361
59.5189
59.6771
59.8354
59.9939
60.1527
60.3117
60.4708
60.6302
60.7898
60.9496
61.1096
61.2698
61.4302
61.5909
61.7517
61.9128
62.0741
62.2355
62.3972
62.5591
62.7212
62.8835
63.0461
63.2088
63.3717
63.5349
63.6982
63.8618
64.0256
64.1896
64.3538
64.5182
64.6828
64.8476
65.0127
65.1779
65.3434
65.5091
65.6749
65.841
66.0073
66.1738
66.3405
66.5075
66.6746
66.8419
67.0095
67.1773
67.3452
67.5134
67.6818
67.8504
68.0192
68.1882
68.3575
68.5269
68.6966
68.8664
69.0365
69.2068
69.3773
69.548
69.7189
69.89
70.0613
70.2328
70.4046
70.5765
70.7487
70.9211
71.0937
71.2665
71.4395
71.6127
71.7861
71.9597
72.1336
72.3076
72.4819
72.6563
72.831
73.0059
73.181
73.3563
73.5318
73.7076
73.8835
74.0596
74.236
74.4126
74.5893
74.7663
74.9435
75.1209
75.2985
75.4763
75.6544
75.8326
76.0111
76.1897
76.3686
76.5477
76.727
76.9065
77.0862
77.2661
77.4462
77.6265
77.8071
77.9878
78.1688
78.35
78.5313
78.7129
78.8947
79.0768
79.259
79.4414
79.624
79.8069
79.9899
80.1732
80.3567
80.5404
80.7243
80.9084
81.0927
81.2772
81.4619
81.6469
81.832
82.0174
82.203
82.3887
82.5747
82.7609
82.9473
83.1339
83.3208
83.5078
83.695
83.8825
84.0702
84.258
84.4461
84.6344
84.8229
85.0116
85.2005
85.3897
85.579
85.7685
85.9583
86.1483
86.3384
86.5288
86.7194
86.9102
87.1012
87.2925
87.4839
87.6755
87.8674
88.0594
88.2517
88.4442
88.6369
88.8298
89.0229
89.2162
89.4097
89.6035
89.7974
89.9915
90.1859
90.3805
90.5753
90.7703
90.9655
91.1609
91.3565
91.5523
91.7483
91.9446
92.1411
92.3377
92.5346
92.7317
92.929
93.1265
93.3242
93.5221
93.7202
93.9186
94.1171
94.3159
94.5149
94.714
94.9134
95.113
95.3128
95.5129
95.7131
95.9135
96.1142
96.315
96.5161
96.7174
96.9188
97.1205
97.3224
97.5245
97.7269
97.9294
98.1321
98.3351
98.5382
98.7416
98.9452
99.149
99.353
99.5572
99.7616
99.9662
100.171
100.376
100.581
100.787
100.992
101.198
101.404
101.611
101.817
102.024
102.231
102.438
102.645
102.853
103.061
103.269
103.477
103.685
103.894
104.103
104.312
104.521
104.73
104.94
105.15
105.36
105.57
105.781
105.991
106.202
106.413
106.625
106.836
107.048
107.26
107.472
107.684
107.897
108.11
108.323
108.536
108.749
108.963
109.177
109.391
109.605
109.82
110.034
110.249
110.464
110.68
110.895
111.111
111.327
111.543
111.759
111.976
112.193
112.41
112.627
112.844
113.062
113.28
113.498
113.716
113.934
114.153
114.372
114.591
114.81
115.03
115.249
115.469
115.689
115.91
116.13
116.351
116.572
116.793
117.014
117.236
117.458
117.68
117.902
118.124
118.347
118.57
118.793
119.016
119.24
119.463
119.687
119.911
120.136
120.36
120.585
120.81
121.035
121.26
121.486
121.712
121.938
122.164
122.39
122.617
122.844
123.071
123.298
123.525
123.753
123.981
124.209
124.437
124.666
124.894
125.123
125.352
125.582
125.811
126.041
126.271
126.501
126.732
126.962
127.193
127.424
127.655
127.887
128.118
128.35
128.582
128.814
129.047
129.28
129.512
129.746
129.979
130.212
130.446
130.68
130.914
131.149
131.383
131.618
131.853
132.088
132.324
132.559
132.795
133.031
133.267
133.504
133.74
133.977
134.214
134.452
134.689
134.927
135.165
135.403
135.641
135.88
136.118
136.357
136.597
136.836
137.076
137.315
137.555
137.796
138.036
138.277
138.518
138.759
139
139.241
139.483
139.725
139.967
140.209
140.452
140.695
140.938
141.181
141.424
141.668
141.911
142.155
142.4
142.644
142.889
143.133
143.378
143.624
143.869
144.115
144.361
144.607
144.853
145.1
145.346
145.593
145.84
146.088
146.335
146.583
146.831
147.079
147.328
147.576
147.825
148.074
148.323
148.573
148.822
149.072
149.322
149.573
149.823
150.074
150.325
150.576
150.827
151.079
151.33
151.582
151.834
152.087
152.339
152.592
152.845
153.098
153.352
153.605
153.859
154.113
154.368
154.622
154.877
155.132
155.387
155.642
155.897
156.153
156.409
156.665
156.922
157.178
157.435
157.692
157.949
158.206
158.464
158.722
158.98
159.238
159.497
159.755
160.014
160.273
160.532
160.792
161.052
161.311
161.572
161.832
162.092
162.353
162.614
162.875
163.137
163.398
163.66
163.922
164.184
164.447
164.709
164.972
165.235
165.498
165.762
166.026
166.289
166.554
166.818
167.082
167.347
167.612
167.877
168.142
168.408
168.674
168.94
169.206
169.472
169.739
170.006
170.273
170.54
170.807
171.075
171.343
171.611
171.879
172.148
172.416
172.685
172.954
173.224
173.493
173.763
174.033
174.303
174.573
174.844
175.115
175.386
175.657
175.928
176.2
176.472
176.744
177.016
177.289
177.561
177.834
178.107
178.381
178.654
178.928
179.202
179.476
179.75
180.025
180.3
180.574
180.85
181.125
181.401
181.676
181.952
182.229
182.505
182.782
183.059
183.336
183.613
183.89
184.168
184.446
184.724
185.002
185.281
185.56
185.839
186.118
186.397
186.677
186.957
187.237
187.517
187.797
188.078
188.359
188.64
188.921
189.202
189.484
189.766
190.048
190.33
190.613
190.895
191.178
191.462
191.745
192.028
192.312
192.596
192.88
193.165
193.449
193.734
194.019
194.304
194.59
194.875
195.161
195.447
195.734
196.02
196.307
196.594
196.881
197.168
197.456
197.743
198.031
198.32
198.608
198.897
199.185
199.474
199.763
200.053
200.343
200.632
200.922
201.213
201.503
201.794
202.085
202.376
202.667
202.959
203.25
203.542
203.834
204.127
204.419
204.712
205.005
205.298
205.592
205.885
206.179
206.473
206.767
207.062
207.356
207.651
207.946
208.242
208.537
208.833
209.129
209.425
209.721
210.018
210.314
210.611
210.908
211.206
211.503
211.801
212.099
212.397
212.696
212.994
213.293
213.592
213.892
214.191
214.491
214.791
215.091
215.391
215.691
215.992
216.293
216.594
216.896
217.197
217.499
217.801
218.103
218.405
218.708
219.011
219.314
219.617
219.92
220.224
220.528
220.832
221.136
221.441
221.745
222.05
222.356
222.661
222.966
223.272
223.578
223.884
224.191
224.497
224.804
225.111
225.418
225.726
226.033
226.341
226.649
226.957
227.266
227.574
227.883
228.192
228.502
228.811
229.121
229.431
229.741
230.051
230.362
230.673
230.984
231.295
231.606
231.918
232.229
232.542
232.854
233.166
233.479
233.792
234.105
234.418
234.731
235.045
235.359
235.673
235.987
236.302
236.617
236.932
237.247
237.562
237.878
238.194
238.51
238.826
239.142
239.459
239.776
240.093
240.41
240.727
241.045
241.363
241.681
241.999
242.318
242.636
242.955
243.274
243.594
243.913
244.233
244.553
244.873
245.194
245.514
245.835
246.156
246.477
246.799
247.12
247.442
247.764
248.086
248.409
248.732
249.054
249.378
249.701
250.024
250.348
250.672
250.996
251.32
251.645
251.97
252.295
252.62
252.945
253.271
253.597
253.923
254.249
254.575
254.902
255.229
255.556
255.883
256.211
256.539
256.866
257.195
257.523
257.851
258.18
258.509
258.838
259.168
259.497
259.827
260.157
260.487
260.818
261.148
261.479
261.81
262.141
262.473
262.804
263.136
263.468
263.801
264.133
264.466
264.799
265.132
265.465
265.799
266.133
266.467
266.801
267.135
267.47
267.805
268.14
268.475
268.81
269.146
269.482
269.818
270.154
270.491
270.827
271.164
271.501
271.839
272.176
272.514
272.852
273.19
273.528
273.867
274.206
274.545
274.884
275.223
275.563
275.903
276.243
276.583
276.923
277.264
277.605
277.946
278.287
278.629
278.971
279.313
279.655
279.997
280.34
280.682
281.025
281.368
281.712
282.055
282.399
282.743
283.087
283.432
283.777
284.121
284.466
284.812
285.157
285.503
285.849
286.195
286.541
286.888
287.234
287.581
287.929
288.276
288.624
288.971
289.319
289.668
290.016
290.365
290.713
291.062
291.412
291.761
292.111
292.461
292.811
293.161
293.512
293.862
294.213
294.564
294.916
295.267
295.619
295.971
296.323
296.676
297.028
297.381
297.734
298.087
298.441
298.794
299.148
299.502
299.856
300.211
300.566
300.921
301.276
301.631
301.986
302.342
302.698
303.054
303.411
303.767
304.124
304.481
304.838
305.196
305.553
305.911
306.269
306.627
306.986
307.344
307.703
308.062
308.422
308.781
309.141
309.501
309.861
310.221
310.582
310.943
311.304
311.665
312.026
312.388
312.75
313.112
313.474
313.836
314.199
314.562
314.925
315.288
315.651
316.015
316.379
316.743
317.107
317.472
317.837
318.202
318.567
318.932
319.298
319.663
320.029
320.396
320.762
321.129
321.495
321.863
322.23
322.597
322.965
323.333
323.701
324.069
324.438
324.806
325.175
325.544
325.914
326.283
326.653
327.023
327.393
327.763
328.134
328.505
328.876
329.247
329.618
329.99
330.362
330.734
331.106
331.479
331.851
332.224
332.597
332.971
333.344
333.718
334.092
334.466
334.84
335.215
335.589
335.964
336.34
336.715
337.091
337.466
337.842
338.219
338.595
338.972
339.349
339.726
340.103
340.48
340.858
341.236
341.614
341.992
342.371
342.75
343.129
343.508
343.887
344.267
344.646
345.026
345.407
345.787
346.168
346.548
346.929
347.311
347.692
348.074
348.456
348.838
349.22
349.602
349.985
350.368
350.751
351.134
351.518
351.902
352.286
352.67
353.054
353.439
353.824
354.209
354.594
354.979
355.365
355.751
356.137
356.523
356.909
357.296
357.683
358.07
358.457
358.845
359.233
359.62
360.009
360.397
360.785
361.174
361.563
361.952
362.342
362.731
363.121
363.511
363.901
364.292
364.682
365.073
365.464
365.856
366.247
366.639
367.031
367.423
367.815
368.208
368.6
368.993
369.386
369.78
370.173
370.567
370.961
371.355
371.75
372.144
372.539
372.934
373.329
373.725
374.12
374.516
374.912
375.309
375.705
376.102
376.499
376.896
377.293
377.691
378.088
378.486
378.884
379.283
379.681
380.08
380.479
380.878
381.278
381.677
382.077
382.477
382.877
383.278
383.679
384.079
384.481
384.882
385.283
385.685
386.087
386.489
386.891
387.294
387.697
388.1
388.503
388.906
389.31
389.714
390.118
390.522
390.926
391.331
391.736
392.141
392.546
392.951
393.357
393.763
394.169
394.575
394.982
395.389
395.795
396.203
396.61
397.018
397.425
397.833
398.241
398.65
399.058
399.467
399.876
400.285
400.695
401.105
401.514
401.924
402.335
402.745
403.156
403.567
403.978
404.389
404.801
405.212
405.624
406.036
406.449
406.861
407.274
407.687
408.1
408.514
408.927
409.341
409.755
410.169
410.584
410.998
411.413
411.828
412.244
412.659
413.075
413.491
413.907
414.323
414.74
415.156
415.573
415.991
416.408
416.825
417.243
417.661
418.079
418.498
418.916
419.335
419.754
420.174
420.593
421.013
421.433
421.853
422.273
422.693
423.114
423.535
423.956
424.377
424.799
425.221
425.643
426.065
426.487
426.91
427.333
427.756
428.179
428.602
429.026
429.45
429.874
430.298
430.722
431.147
431.572
431.997
432.422
432.848
433.274
433.7
434.126
434.552
434.979
435.405
435.832
436.259
436.687
437.114
437.542
437.97
438.398
438.827
439.255
439.684
440.113
440.543
440.972
441.402
441.832
442.262
442.692
443.123
443.553
443.984
444.415
444.847
445.278
445.71
446.142
446.574
447.007
447.439
447.872
448.305
448.738
449.172
449.605
450.039
450.473
450.907
451.342
451.777
452.211
452.647
453.082
453.517
453.953
454.389
454.825
455.262
455.698
456.135
456.572
457.009
457.447
457.884
458.322
458.76
459.198
459.637
460.075
460.514
460.953
461.392
461.832
462.272
462.712
463.152
463.592
464.033
464.473
464.914
465.355
465.797
466.238
466.68
467.122
467.564
468.007
468.449
468.892
469.335
469.778
470.222
470.665
471.109
471.553
471.998
472.442
472.887
473.332
473.777
474.222
474.668
475.114
475.559
476.006
476.452
476.899
477.345
477.792
478.24
478.687
479.135
479.582
480.03
480.479
480.927
481.376
481.825
482.274
482.723
483.173
483.622
484.072
484.522
484.973
485.423
485.874
486.325
486.776
487.227
487.679
488.131
488.583
489.035
489.487
489.94
490.393
490.846
491.299
491.753
492.206
492.66
493.114
493.569
494.023
494.478
494.933
495.388
495.843
496.299
496.755
497.211
497.667
498.123
498.58
499.036
499.494
499.951
500.408
500.866
501.324
501.782
502.24
502.698
503.157
503.616
504.075
504.534
504.994
505.454
505.914
506.374
506.834
507.295
507.755
508.216
508.678
509.139
509.601
510.062
510.524
510.987
511.449
511.912
512.375
512.838
513.301
513.764
514.228
514.692
515.156
515.62
516.085
516.55
517.015
517.48
517.945
518.411
518.876
519.342
519.809
520.275
520.742
521.208
521.675
522.143
522.61
523.078
523.546
524.014
524.482
524.951
525.419
525.888
526.357
526.827
527.296
527.766
528.236
528.706
529.176
529.647
530.118
530.589
531.06
531.531
532.003
532.475
532.947
533.419
533.891
534.364
534.837
535.31
535.783
536.257
536.73
537.204
537.678
538.153
538.627
539.102
539.577
540.052
540.528
541.003
541.479
541.955
542.431
542.907
543.384
543.861
544.338
544.815
545.293
545.77
546.248
546.726
547.205
547.683
548.162
548.641
549.12
549.599
550.079
550.558
551.038
551.518
551.999
552.479
552.96
553.441
553.922
554.404
554.885
555.367
555.849
556.331
556.814
557.297
557.779
558.263
558.746
559.229
559.713
560.197
560.681
561.165
561.65
562.135
562.62
563.105
563.59
564.076
564.561
565.047
565.534
566.02
566.507
566.994
567.481
567.968
568.455
568.943
569.431
569.919
570.407
570.896
571.384
571.873
572.362
572.852
573.341
573.831
574.321
574.811
575.302
575.792
576.283
576.774
577.265
577.757
578.248
578.74
579.232
579.724
580.217
580.71
581.202
581.695
582.189
582.682
583.176
583.67
584.164
584.658
585.153
585.648
586.143
586.638
587.133
587.629
588.125
588.621
589.117
589.613
590.11
590.607
591.104
591.601
592.099
592.596
593.094
593.592
594.091
594.589
595.088
595.587
596.086
596.585
597.085
597.585
598.085
598.585
599.085
599.586
600.087
600.588
601.089
601.59
602.092
602.594
603.096
603.598
604.101
604.603
605.106
605.609
606.113
606.616
607.12
607.624
608.128
608.632
609.137
609.642
610.147
610.652
611.157
611.663
612.169
612.675
613.181
613.687
614.194
614.701
615.208
615.715
616.223
616.73
617.238
617.746
618.255
618.763
619.272
619.781
620.29
620.799
621.309
621.819
622.329
622.839
623.349
623.86
624.371
624.882
625.393
625.904
626.416
626.928
627.44
627.952
628.465
628.977
629.49
630.003
630.517
631.03
631.544
632.058
632.572
633.086
633.601
634.116
634.631
635.146
635.661
636.177
636.693
637.209
637.725
638.242
638.758
639.275
639.792
640.31
640.827
641.345
641.863
642.381
642.899
643.418
643.936
644.455
644.974
645.494
646.013
646.533
647.053
647.573
648.094
648.614
649.135
649.656
650.178
650.699
651.221
651.743
652.265
652.787
653.31
653.832
654.355
654.878
655.402
655.925
656.449
656.973
657.497
658.021
658.546
659.071
659.596
660.121
660.647
661.172
661.698
662.224
662.75
663.277
663.803
664.33
664.857
665.385
665.912
666.44
666.968
667.496
668.024
668.553
669.082
669.611
670.14
670.669
671.199
671.729
672.259
672.789
673.319
673.85
674.381
674.912
675.443
675.975
676.506
677.038
677.57
678.103
678.635
679.168
679.701
680.234
680.767
681.301
681.835
682.369
682.903
683.437
683.972
684.507
685.042
685.577
686.112
686.648
687.184
687.72
688.256
688.793
689.33
689.867
690.404
690.941
691.479
692.016
692.554
693.092
693.631
694.169
694.708
695.247
695.786
696.326
696.865
697.405
697.945
698.486
699.026
699.567
700.108
700.649
701.19
701.732
702.273
702.815
703.357
703.9
704.442
704.985
705.528
706.071
706.614
707.158
707.702
708.246
708.79
709.335
709.879
710.424
710.969
711.514
712.06
712.606
713.151
713.698
714.244
714.79
715.337
715.884
716.431
716.979
717.526
718.074
718.622
719.17
719.718
720.267
720.816
721.365
721.914
722.464
723.013
723.563
724.113
724.663
725.214
725.765
726.316
726.867
727.418
727.97
728.521
729.073
729.625
730.178
730.73
731.283
731.836
732.389
732.943
733.496
734.05
734.604
735.159
735.713
736.268
736.823
737.378
737.933
738.488
739.044
739.6
740.156
740.713
741.269
741.826
742.383
742.94
743.497
744.055
744.613
745.171
745.729
746.287
746.846
747.405
747.964
748.523
749.083
749.642
750.202
750.762
751.323
751.883
752.444
753.005
753.566
754.127
754.689
755.251
755.813
756.375
756.937
757.5
758.063
758.626
759.189
759.752
760.316
760.88
761.444
762.008
762.572
763.137
763.702
764.267
764.832
765.398
765.964
766.53
767.096
767.662
768.229
768.795
769.362
769.929
770.497
771.064
771.632
772.2
772.768
773.337
773.905
774.474
775.043
775.613
776.182
776.752
777.322
777.892
778.462
779.032
779.603
780.174
780.745
781.317
781.888
782.46
783.032
783.604
784.176
784.749
785.322
785.895
786.468
787.041
787.615
788.189
788.763
789.337
789.912
790.486
791.061
791.636
792.212
792.787
793.363
793.939
794.515
795.091
795.668
796.245
796.822
797.399
797.976
798.554
799.132
799.71
800.288
800.866
801.445
802.024
802.603
803.182
803.761
804.341
804.921
805.501
806.081
806.662
807.243
807.824
808.405
808.986
809.568
810.149
810.731
811.314
811.896
812.479
813.061
813.644
814.228
814.811
815.395
815.979
816.563
817.147
817.731
818.316
818.901
819.486
820.071
820.657
821.243
821.829
822.415
823.001
823.588
824.174
824.761
825.349
825.936
826.524
827.111
827.699
828.288
828.876
829.465
830.054
830.643
831.232
831.821
832.411
833.001
833.591
834.182
834.772
835.363
835.954
836.545
837.136
837.728
838.32
838.912
839.504
840.096
840.689
841.282
841.875
842.468
843.061
843.655
844.249
844.843
845.437
846.032
846.627
847.222
847.817
848.412
849.008
849.603
850.199
850.795
851.392
851.988
852.585
853.182
853.779
854.377
854.974
855.572
856.17
856.769
857.367
857.966
858.565
859.164
859.763
860.362
860.962
861.562
862.162
862.763
863.363
863.964
864.565
865.166
865.767
866.369
866.971
867.573
868.175
868.777
869.38
869.983
870.586
871.189
871.793
872.396
873
873.604
874.209
874.813
875.418
876.023
876.628
877.233
877.839
878.445
879.05
879.657
880.263
880.87
881.476
882.083
882.691
883.298
883.906
884.514
885.122
885.73
886.338
886.947
887.556
888.165
888.774
889.384
889.994
890.604
891.214
891.824
892.435
893.045
893.656
894.267
894.879
895.49
896.102
896.714
897.327
897.939
898.552
899.164
899.777
900.391
901.004
901.618
902.232
902.846
903.46
904.075
904.689
905.304
905.92
906.535
907.15
907.766
908.382
908.998
909.615
910.231
910.848
911.465
912.082
912.7
913.318
913.935
914.553
915.172
915.79
916.409
917.028
917.647
918.266
918.886
919.506
920.125
920.746
921.366
921.987
922.607
923.228
923.849
924.471
925.092
925.714
926.336
926.959
927.581
928.204
928.826
929.45
930.073
930.696
931.32
931.944
932.568
933.192
933.817
934.442
935.066
935.692
936.317
936.943
937.568
938.194
938.821
939.447
940.074
940.7
941.327
941.955
942.582
943.21
943.838
944.466
945.094
945.722
946.351
946.98
947.609
948.238
948.868
949.498
950.128
950.758
951.388
952.019
952.649
953.28
953.912
954.543
955.175
955.806
956.438
957.071
957.703
958.336
958.969
959.602
960.235
960.868
961.502
962.136
962.77
963.404
964.039
964.674
965.309
965.944
966.579
967.215
967.851
968.486
969.123
969.759
970.396
971.033
971.67
972.307
972.944
973.582
974.22
974.858
975.496
976.135
976.773
977.412
978.051
978.691
979.33
979.97
980.61
981.25
981.89
982.531
983.172
983.813
984.454
985.095
985.737
986.379
987.021
987.663
988.305
988.948
989.591
990.234
990.877
991.521
992.164
992.808
993.452
994.097
994.741
995.386
996.031
996.676
997.321
997.967
998.613
999.259
999.905
1000.55
1001.2
1001.84
1002.49
1003.14
1003.79
1004.43
1005.08
1005.73
1006.38
1007.03
1007.68
1008.32
1008.97
1009.62
1010.27
1010.92
1011.57
1012.22
1012.87
1013.52
1014.17
1014.83
1015.48
1016.13
1016.78
1017.43
1018.08
1018.74
1019.39
1020.04
1020.69
1021.35
1022
1022.65
1023.31
1023.96
1024.62
1025.27
1025.92
1026.58
1027.23
1027.89
1028.54
1029.2
1029.86
1030.51
1031.17
1031.82
1032.48
1033.14
1033.79
1034.45
1035.11
1035.77
1036.43
1037.08
1037.74
1038.4
1039.06
1039.72
1040.38
1041.04
1041.7
1042.36
1043.02
1043.68
1044.34
1045
1045.66
1046.32
1046.98
1047.64
1048.3
1048.96
1049.63
1050.29
1050.95
1051.61
1052.28
1052.94
1053.6
1054.27
1054.93
1055.59
1056.26
1056.92
1057.59
1058.25
1058.92
1059.58
1060.25
1060.91
1061.58
1062.25
1062.91
1063.58
1064.24
1064.91
1065.58
1066.25
1066.91
1067.58
1068.25
1068.92
1069.59
1070.25
1070.92
1071.59
1072.26
1072.93
1073.6
1074.27
1074.94
1075.61
1076.28
1076.95
1077.62
1078.29
1078.96
1079.64
1080.31
1080.98
1081.65
1082.32
1083
1083.67
1084.34
1085.01
1085.69
1086.36
1087.04
1087.71
1088.38
1089.06
1089.73
1090.41
1091.08
1091.76
1092.43
1093.11
1093.78
1094.46
1095.14
1095.81
1096.49
1097.17
1097.84
1098.52
1099.2
1099.88
1100.55
1101.23
1101.91
1102.59
1103.27
1103.95
1104.63
1105.3
1105.98
1106.66
1107.34
1108.02
1108.7
1109.39
1110.07
1110.75
1111.43
1112.11
1112.79
1113.47
1114.16
1114.84
1115.52
1116.2
1116.89
1117.57
1118.25
1118.94
1119.62
1120.3
1120.99
1121.67
1122.36
1123.04
1123.73
1124.41
1125.1
1125.78
1126.47
1127.15
1127.84
1128.53
1129.21
1129.9
1130.59
1131.27
1131.96
1132.65
1133.34
1134.03
1134.71
1135.4
1136.09
1136.78
1137.47
1138.16
1138.85
1139.54
1140.23
1140.92
1141.61
1142.3
1142.99
1143.68
1144.37
1145.06
1145.75
1146.45
1147.14
1147.83
1148.52
1149.22
1149.91
1150.6
1151.29
1151.99
1152.68
1153.38
1154.07
1154.76
1155.46
1156.15
1156.85
1157.54
1158.24
1158.93
1159.63
1160.33
1161.02
1161.72
1162.42
1163.11
1163.81
1164.51
1165.2
1165.9
1166.6
1167.3
1168
1168.69
1169.39
1170.09
1170.79
1171.49
1172.19
1172.89
1173.59
1174.29
1174.99
1175.69
1176.39
1177.09
1177.79
1178.5
1179.2
1179.9
1180.6
1181.3
1182.01
1182.71
1183.41
1184.11
1184.82
1185.52
1186.22
1186.93
1187.63
1188.34
1189.04
1189.75
1190.45
1191.16
1191.86
1192.57
1193.27
1193.98
1194.68
1195.39
1196.1
1196.8
1197.51
1198.22
1198.93
1199.63
1200.34
1201.05
1201.76
1202.47
1203.18
1203.88
1204.59
1205.3
1206.01
1206.72
1207.43
1208.14
1208.85
1209.56
1210.27
1210.98
1211.7
1212.41
1213.12
1213.83
1214.54
1215.25
1215.97
1216.68
1217.39
1218.11
1218.82
1219.53
1220.25
1220.96
1221.67
1222.39
1223.1
1223.82
1224.53
1225.25
1225.96
1226.68
1227.39
1228.11
1228.83
1229.54
1230.26
1230.98
1231.69
1232.41
1233.13
1233.85
1234.56
1235.28
1236
1236.72
1237.44
1238.16
1238.87
1239.59
1240.31
1241.03
1241.75
1242.47
1243.19
1243.91
1244.63
1245.36
1246.08
1246.8
1247.52
1248.24
1248.96
1249.69
1250.41
1251.13
1251.85
1252.58
1253.3
1254.02
1254.75
1255.47
1256.19
1256.92
1257.64
1258.37
1259.09
1259.82
1260.54
1261.27
1262
1262.72
1263.45
1264.17
1264.9
1265.63
1266.35
1267.08
1267.81
1268.54
1269.26
1269.99
1270.72
1271.45
1272.18
1272.91
1273.64
1274.36
1275.09
1275.82
1276.55
1277.28
1278.01
1278.75
1279.48
1280.21
1280.94
1281.67
1282.4
1283.13
1283.86
1284.6
1285.33
1286.06
1286.79
1287.53
1288.26
1288.99
1289.73
1290.46
1291.2
1291.93
1292.66
1293.4
1294.13
1294.87
1295.61
1296.34
1297.08
1297.81
1298.55
1299.28
1300.02
1300.76
1301.5
1302.23
1302.97
1303.71
1304.45
1305.18
1305.92
1306.66
1307.4
1308.14
1308.88
1309.62
1310.36
1311.1
1311.83
1312.58
1313.32
1314.06
1314.8
1315.54
1316.28
1317.02
1317.76
1318.5
1319.25
1319.99
1320.73
1321.47
1322.22
1322.96
1323.7
1324.45
1325.19
1325.93
1326.68
1327.42
1328.17
1328.91
1329.66
1330.4
1331.15
1331.89
1332.64
1333.38
1334.13
1334.88
1335.62
1336.37
1337.12
1337.86
1338.61
1339.36
1340.11
1340.85
1341.6
1342.35
1343.1
1343.85
1344.6
1345.35
1346.1
1346.85
1347.6
1348.35
1349.1
1349.85
1350.6
1351.35
1352.1
1352.85
1353.6
1354.35
1355.11
1355.86
1356.61
1357.36
1358.12
1358.87
1359.62
1360.38
1361.13
1361.88
1362.64
1363.39
1364.15
1364.9
1365.66
1366.41
1367.17
1367.92
1368.68
1369.43
1370.19
1370.95
1371.7
1372.46
1373.22
1373.97
1374.73
1375.49
1376.25
1377
1377.76
1378.52
1379.28
1380.04
1380.8
1381.56
1382.32
1383.08
1383.84
1384.6
1385.36
1386.12
1386.88
1387.64
1388.4
1389.16
1389.92
1390.68
1391.45
1392.21
1392.97
1393.73
1394.5
1395.26
1396.02
1396.79
1397.55
1398.31
1399.08
1399.84
1400.61
1401.37
1402.14
1402.9
1403.67
1404.43
1405.2
1405.96
1406.73
1407.5
1408.26
1409.03
1409.8
1410.56
1411.33
1412.1
1412.87
1413.63
1414.4
1415.17
1415.94
1416.71
1417.48
1418.25
1419.02
1419.79
1420.56
1421.33
1422.1
1422.87
1423.64
1424.41
1425.18
1425.95
1426.72
1427.49
1428.27
1429.04
1429.81
1430.58
1431.36
1432.13
1432.9
1433.67
1434.45
1435.22
1436
1436.77
1437.55
1438.32
1439.09
1439.87
1440.65
1441.42
1442.2
1442.97
1443.75
1444.52
1445.3
1446.08
1446.85
1447.63
1448.41
1449.19
1449.96
1450.74
1451.52
1452.3
1453.08
1453.86
1454.64
1455.42
1456.19
1456.97
1457.75
1458.53
1459.31
1460.1
1460.88
1461.66
1462.44
1463.22
1464
1464.78
1465.56
1466.35
1467.13
1467.91
1468.69
1469.48
1470.26
1471.04
1471.83
1472.61
1473.4
1474.18
1474.96
1475.75
1476.53
1477.32
1478.1
1478.89
1479.68
1480.46
1481.25
1482.03
1482.82
1483.61
1484.39
1485.18
1485.97
1486.76
1487.54
1488.33
1489.12
1489.91
1490.7
1491.49
1492.27
1493.06
1493.85
1494.64
1495.43
1496.22
1497.01
1497.8
1498.59
1499.39
1500.18
1500.97
1501.76
1502.55
1503.34
1504.14
1504.93
1505.72
1506.51
1507.31
1508.1
1508.89
1509.69
1510.48
1511.27
1512.07
1512.86
1513.66
1514.45
1515.25
1516.04
1516.84
1517.63
1518.43
1519.23
1520.02
1520.82
1521.62
1522.41
1523.21
1524.01
1524.8
1525.6
1526.4
1527.2
1528
1528.8
1529.59
1530.39
1531.19
1531.99
1532.79
1533.59
1534.39
1535.19
1535.99
1536.79
1537.59
1538.39
1539.2
1540
1540.8
1541.6
1542.4
1543.21
1544.01
1544.81
1545.61
1546.42
1547.22
1548.02
1548.83
1549.63
1550.44
1551.24
1552.05
1552.85
1553.66
1554.46
1555.27
1556.07
1556.88
1557.68
1558.49
1559.3
1560.1
1560.91
1561.72
1562.53
1563.33
1564.14
1564.95
1565.76
1566.56
1567.37
1568.18
1568.99
1569.8
1570.61
1571.42
1572.23
1573.04
1573.85
1574.66
1575.47
1576.28
1577.09
1577.9
1578.72
1579.53
1580.34
1581.15
1581.96
1582.78
1583.59
1584.4
1585.22
1586.03
1586.84
1587.66
1588.47
1589.29
1590.1
1590.91
1591.73
1592.54
1593.36
1594.17
1594.99
1595.81
1596.62
1597.44
1598.26
1599.07
1599.89
1600.71
1601.52
1602.34
1603.16
1603.98
1604.8
1605.61
1606.43
1607.25
1608.07
1608.89
1609.71
1610.53
1611.35
1612.17
1612.99
1613.81
1614.63
1615.45
1616.27
1617.09
1617.91
1618.74
1619.56
1620.38
1621.2
1622.03
1622.85
1623.67
1624.49
1625.32
1626.14
1626.97
1627.79
1628.61
1629.44
1630.26
1631.09
1631.91
1632.74
1633.56
1634.39
1635.21
1636.04
1636.87
1637.69
1638.52
1639.35
1640.17
1641
1641.83
1642.66
1643.49
1644.31
1645.14
1645.97
1646.8
1647.63
1648.46
1649.29
1650.12
1650.95
1651.78
1652.61
1653.44
1654.27
1655.1
1655.93
1656.76
1657.59
1658.42
1659.26
1660.09
1660.92
1661.75
1662.59
1663.42
1664.25
1665.09
1665.92
1666.75
1667.59
1668.42
1669.26
1670.09
1670.92
1671.76
1672.59
1673.43
1674.27
1675.1
1675.94
1676.77
1677.61
1678.45
1679.28
1680.12
1680.96
1681.8
1682.63
1683.47
1684.31
1685.15
1685.99
1686.83
1687.66
1688.5
1689.34
1690.18
1691.02
1691.86
1692.7
1693.54
1694.38
1695.22
1696.07
1696.91
1697.75
1698.59
1699.43
1700.27
1701.12
1701.96
1702.8
1703.64
1704.49
1705.33
1706.17
1707.02
1707.86
1708.71
1709.55
1710.4
1711.24
1712.08
1712.93
1713.78
1714.62
1715.47
1716.31
1717.16
1718.01
1718.85
1719.7
1720.55
1721.39
1722.24
1723.09
1723.94
1724.78
1725.63
1726.48
1727.33
1728.18
1729.03
1729.88
1730.73
1731.58
1732.43
1733.28
1734.13
1734.98
1735.83
1736.68
1737.53
1738.38
1739.23
1740.09
1740.94
1741.79
1742.64
1743.5
1744.35
1745.2
1746.05
1746.91
1747.76
1748.62
1749.47
1750.32
1751.18
1752.03
1752.89
1753.74
1754.6
1755.45
1756.31
1757.17
1758.02
1758.88
1759.74
1760.59
1761.45
1762.31
1763.16
1764.02
1764.88
1765.74
1766.6
1767.45
1768.31
1769.17
1770.03
1770.89
1771.75
1772.61
1773.47
1774.33
1775.19
1776.05
1776.91
1777.77
1778.63
1779.5
1780.36
1781.22
1782.08
1782.94
1783.81
1784.67
1785.53
1786.39
1787.26
1788.12
1788.98
1789.85
1790.71
1791.58
1792.44
1793.31
1794.17
1795.04
1795.9
1796.77
1797.63
1798.5
1799.37
1800.23
1801.1
1801.97
1802.83
1803.7
1804.57
1805.43
1806.3
1807.17
1808.04
1808.91
1809.78
1810.64
1811.51
1812.38
1813.25
1814.12
1814.99
1815.86
1816.73
1817.6
1818.47
1819.35
1820.22
1821.09
1821.96
1822.83
1823.7
1824.58
1825.45
1826.32
1827.19
1828.07
1828.94
1829.81
1830.69
1831.56
1832.44
1833.31
1834.18
1835.06
1835.93
1836.81
1837.68
1838.56
1839.44
1840.31
1841.19
1842.06
1842.94
1843.82
1844.69
1845.57
1846.45
1847.33
1848.2
1849.08
1849.96
1850.84
1851.72
1852.6
1853.48
1854.36
1855.24
1856.11
1856.99
1857.87
1858.76
1859.64
1860.52
1861.4
1862.28
1863.16
1864.04
1864.92
1865.81
1866.69
1867.57
1868.45
1869.34
1870.22
1871.1
1871.99
1872.87
1873.75
1874.64
1875.52
1876.41
1877.29
1878.18
1879.06
1879.95
1880.83
1881.72
1882.6
1883.49
1884.38
1885.26
1886.15
1887.04
1887.92
1888.81
1889.7
1890.59
1891.47
1892.36
1893.25
1894.14
1895.03
1895.92
1896.81
1897.7
1898.59
1899.48
1900.37
1901.26
1902.15
1903.04
1903.93
1904.82
1905.71
1906.6
1907.49
1908.39
1909.28
1910.17
1911.06
1911.96
1912.85
1913.74
1914.64
1915.53
1916.42
1917.32
1918.21
1919.11
1920
1920.9
1921.79
1922.69
1923.58
1924.48
1925.37
1926.27
1927.17
1928.06
1928.96
1929.86
1930.75
1931.65
1932.55
1933.45
1934.34
1935.24
1936.14
1937.04
1937.94
1938.84
1939.74
1940.64
1941.54
1942.44
1943.34
1944.24
1945.14
1946.04
1946.94
1947.84
1948.74
1949.64
1950.54
1951.44
1952.35
1953.25
1954.15
1955.05
1955.96
1956.86
1957.76
1958.67
1959.57
1960.48
1961.38
1962.28
1963.19
1964.09
1965
1965.9
1966.81
1967.71
1968.62
1969.53
1970.43
1971.34
1972.25
1973.15
1974.06
1974.97
1975.87
1976.78
1977.69
1978.6
1979.51
1980.42
1981.32
1982.23
1983.14
1984.05
1984.96
1985.87
1986.78
1987.69
1988.6
1989.51
1990.42
1991.33
1992.25
1993.16
1994.07
1994.98
1995.89
1996.8
1997.72
1998.63
1999.54
2000.46
2001.37
2002.28
2003.2
2004.11
2005.02
2005.94
2006.85
2007.77
2008.68
2009.6
2010.51
2011.43
2012.35
2013.26
2014.18
2015.09
2016.01
2016.93
2017.84
2018.76
2019.68
2020.6
2021.51
2022.43
2023.35
2024.27
2025.19
2026.11
2027.03
2027.95
2028.86
2029.78
2030.7
2031.62
2032.55
2033.47
2034.39
2035.31
2036.23
2037.15
2038.07
2038.99
2039.92
2040.84
2041.76
2042.68
2043.61
2044.53
2045.45
2046.38
2047.3
2048.22
2049.15
2050.07
2051
2051.92
2052.85
2053.77
2054.7
2055.62
2056.55
2057.47
2058.4
2059.33
2060.25
2061.18
2062.11
2063.03
2063.96
2064.89
2065.82
2066.74
2067.67
2068.6
2069.53
2070.46
2071.39
2072.32
2073.25
2074.18
2075.11
2076.04
2076.97
2077.9
2078.83
2079.76
2080.69
2081.62
2082.55
2083.49
2084.42
2085.35
2086.28
2087.21
2088.15
2089.08
2090.01
2090.95
2091.88
2092.81
2093.75
2094.68
2095.62
2096.55
2097.49
2098.42
2099.36
2100.29
2101.23
2102.16
2103.1
2104.04
2104.97
2105.91
2106.85
2107.78
2108.72
2109.66
2110.6
2111.54
2112.47
2113.41
2114.35
2115.29
2116.23
2117.17
2118.11
2119.05
2119.99
2120.93
2121.87
2122.81
2123.75
2124.69
2125.63
2126.57
2127.51
2128.45
2129.4
2130.34
2131.28
2132.22
2133.17
2134.11
2135.05
2136
2136.94
2137.88
2138.83
2139.77
2140.72
2141.66
2142.61
2143.55
2144.5
2145.44
2146.39
2147.33
2148.28
2149.22
2150.17
2151.12
2152.06
2153.01
2153.96
2154.91
2155.85
2156.8
2157.75
2158.7
2159.65
2160.6
2161.55
2162.49
2163.44
2164.39
2165.34
2166.29
2167.24
2168.19
2169.14
2170.1
2171.05
2172
2172.95
2173.9
2174.85
2175.8
2176.76
2177.71
2178.66
2179.61
2180.57
2181.52
2182.47
2183.43
2184.38
2185.34
2186.29
2187.25
2188.2
2189.16
2190.11
2191.07
2192.02
2192.98
2193.93
2194.89
2195.85
2196.8
2197.76
2198.72
2199.67
2200.63
2201.59
2202.55
2203.5
2204.46
2205.42
2206.38
2207.34
2208.3
2209.26
2210.22
2211.18
2212.14
2213.1
2214.06
2215.02
2215.98
2216.94
2217.9
2218.86
2219.82
2220.79
2221.75
2222.71
2223.67
2224.63
2225.6
2226.56
2227.52
2228.49
2229.45
2230.41
2231.38
2232.34
2233.31
2234.27
2235.24
2236.2
2237.17
2238.13
2239.1
2240.06
2241.03
2242
2242.96
2243.93
2244.9
2245.86
2246.83
2247.8
2248.77
2249.74
2250.7
2251.67
2252.64
2253.61
2254.58
2255.55
2256.52
2257.49
2258.46
2259.43
2260.4
2261.37
2262.34
2263.31
2264.28
2265.25
2266.22
2267.2
2268.17
2269.14
2270.11
2271.08
2272.06
2273.03
2274
2274.98
2275.95
2276.92
2277.9
2278.87
2279.85
2280.82
2281.8
2282.77
2283.75
2284.72
2285.7
2286.67
2287.65
2288.63
2289.6
2290.58
2291.56
2292.53
2293.51
2294.49
2295.47
2296.44
2297.42
2298.4
2299.38
2300.36
2301.34
2302.32
2303.3
2304.28
2305.26
2306.24
2307.22
2308.2
2309.18
2310.16
2311.14
2312.12
2313.1
2314.08
2315.07
2316.05
2317.03
2318.01
2319
2319.98
2320.96
2321.94
2322.93
2323.91
2324.9
2325.88
2326.87
2327.85
2328.83
2329.82
2330.8
2331.79
2332.78
2333.76
2334.75
2335.73
2336.72
2337.71
2338.69
2339.68
2340.67
2341.66
2342.64
2343.63
2344.62
2345.61
2346.6
2347.59
2348.58
2349.56
2350.55
2351.54
2352.53
2353.52
2354.51
2355.5
2356.49
2357.49
2358.48
2359.47
2360.46
2361.45
2362.44
2363.43
2364.43
2365.42
2366.41
2367.41
2368.4
2369.39
2370.39
2371.38
2372.37
2373.37
2374.36
2375.36
2376.35
2377.35
2378.34
2379.34
2380.33
2381.33
2382.32
2383.32
2384.32
2385.31
2386.31
2387.31
2388.3
2389.3
2390.3
2391.3
2392.3
2393.29
2394.29
2395.29
2396.29
2397.29
2398.29
2399.29
2400.29
2401.29
2402.29
2403.29
2404.29
2405.29
2406.29
2407.29
2408.29
2409.29
2410.3
2411.3
2412.3
2413.3
2414.31
2415.31
2416.31
2417.31
2418.32
2419.32
2420.33
2421.33
2422.33
2423.34
2424.34
2425.35
2426.35
2427.36
2428.36
2429.37
2430.38
2431.38
2432.39
2433.39
2434.4
2435.41
2436.42
2437.42
2438.43
2439.44
2440.45
2441.45
2442.46
2443.47
2444.48
2445.49
2446.5
2447.51
2448.52
2449.53
2450.54
2451.55
2452.56
2453.57
2454.58
2455.59
2456.6
2457.61
2458.63
2459.64
2460.65
2461.66
2462.67
2463.69
2464.7
2465.71
2466.73
2467.74
2468.75
2469.77
2470.78
2471.8
2472.81
2473.83
2474.84
2475.86
2476.87
2477.89
2478.9
2479.92
2480.94
2481.95
2482.97
2483.99
2485
2486.02
2487.04
2488.06
2489.07
2490.09
2491.11
2492.13
2493.15
2494.17
2495.18
2496.2
2497.22
2498.24
2499.26
2500.28
2501.3
2502.32
2503.35
2504.37
2505.39
2506.41
2507.43
2508.45
2509.47
2510.5
2511.52
2512.54
2513.56
2514.59
2515.61
2516.63
2517.66
2518.68
2519.71
2520.73
2521.75
2522.78
2523.8
2524.83
2525.85
2526.88
2527.91
2528.93
2529.96
2530.98
2532.01
2533.04
2534.06
2535.09
2536.12
2537.15
2538.17
2539.2
2540.23
2541.26
2542.29
2543.32
2544.35
2545.38
2546.4
2547.43
2548.46
2549.49
2550.52
2551.56
2552.59
2553.62
2554.65
2555.68
2556.71
2557.74
2558.77
2559.81
2560.84
2561.87
2562.9
2563.94
2564.97
2566
2567.04
2568.07
2569.11
2570.14
2571.17
2572.21
2573.24
2574.28
2575.31
2576.35
2577.38
2578.42
2579.46
2580.49
2581.53
2582.57
2583.6
2584.64
2585.68
2586.72
2587.75
2588.79
2589.83
2590.87
2591.91
2592.94
2593.98
2595.02
2596.06
2597.1
2598.14
2599.18
2600.22
2601.26
2602.3
2603.34
2604.38
2605.43
2606.47
2607.51
2608.55
2609.59
2610.64
2611.68
2612.72
2613.76
2614.81
2615.85
2616.89
