12.2218
0.93294
0.935676
0.939062
0.943121
0.947875
0.953354
0.959591
0.966623
0.974492
0.983246
0.992936
1.00362
1.01534
1.02818
1.0422
1.05744
1.07399
1.0919
1.11122
1.13198
1.15421
1.1779
1.20303
1.22952
1.25726
1.28607
1.31574
1.34599
1.37649
1.40688
1.43679
1.46582
1.49365
1.51997
1.54456
1.5673
1.58812
1.60709
1.62429
1.6399
1.65409
1.66705
1.67891
1.68979
1.69975
1.70881
1.71696
1.7242
1.73053
1.73599
1.74065
1.74461
1.74795
1.75073
1.75296
1.75459
1.75554
1.7557
1.75502
1.75348
1.75117
1.74826
1.74495
1.74147
1.73801
1.73475
1.7318
1.72924
1.72707
1.72525
1.72366
1.72213
1.72041
1.71824
1.71536
1.71158
1.70685
1.70125
1.69502
1.68852
1.68208
1.67606
1.67069
1.66615
1.66249
1.65971
1.65771
1.65633
1.65534
1.65448
1.65351
1.65219
1.65036
1.64794
1.64496
1.64148
1.63762
1.63351
1.62923
1.62483
1.6203
1.61558
1.6106
1.60531
1.5997
1.59382
1.58779
1.58176
1.57594
1.57052
1.56567
1.56156
1.5583
1.556
1.55472
1.55448
1.55528
1.55704
1.55963
1.56291
1.56672
1.57095
1.57553
1.58048
1.58578
1.59141
1.5973
1.60328
1.60916
1.6147
1.61968
1.62391
1.62722
1.62952
1.63074
1.63086
1.62987
1.6278
1.62472
1.62074
1.61602
1.61076
1.6052
1.59958
1.59414
1.58904
1.58442
1.58036
1.5769
1.57402
1.57171
1.56996
1.56875
1.56808
1.56793
1.56829
1.56909
1.57023
1.57153
1.57281
1.57386
1.57456
1.5749
1.57499
1.57504
1.57531
1.57597
1.57713
1.57877
1.58079
1.58302
1.58532
1.5876
1.58983
1.59206
1.5944
1.59693
1.59973
1.60284
1.60624
1.60987
1.61358
1.61718
1.6204
1.62292
1.62447
1.62481
1.62385
1.62162
1.61829
1.61411
1.60937
1.60435
1.59932
1.59448
1.59002
1.58609
1.58284
1.5804
1.57886
1.5783
1.5788
1.58037
1.58302
1.58672
1.59138
1.59691
1.60311
1.6098
1.61674
1.62366
1.63033
1.63655
1.64217
1.64712
1.65139
1.65503
1.65807
1.66049
1.66225
1.66326
1.66343
1.66271
1.66118
1.65901
1.65649
1.65393
1.65165
1.64989
1.64877
1.6483
1.6484
1.64889
1.64955
1.65013
1.6504
1.65013
1.64917
1.64744
1.64496
1.64184
1.63828
1.6345
1.63074
1.62719
1.62398
1.62118
1.6188
1.61679
1.61509
1.61361
1.61226
1.61098
1.60973
1.60852
1.60738
1.60634
1.60544
1.60469
1.60407
1.60355
1.60306
1.60252
1.60186
1.60101
1.59992
1.59853
1.5968
1.59471
1.59222
1.58931
1.586
1.58235
1.57849
1.57461
1.5709
1.56752
1.56458
1.5621
1.56003
1.55826
1.55668
1.55521
1.5538
1.55245
1.55118
1.55005
1.54909
1.54835
1.54785
1.54758
1.54754
1.54774
1.54818
1.54888
1.54985
1.5511
1.55262
1.55435
1.55624
1.55818
1.56006
1.56178
1.56325
1.56441
1.56526
1.56588
1.56636
1.56684
1.56743
1.56822
1.56917
1.57019
1.57112
1.57179
1.57211
1.57204
1.57163
1.57099
1.57022
1.56946
1.56885
1.56856
1.56879
1.56974
1.57153
1.57424
1.57776
1.58184
1.58609
1.59002
1.59321
1.59545
1.59678
1.59751
1.59809
1.59893
1.60031
1.60231
1.6048
1.60752
1.61011
1.61225
1.61365
1.61412
1.61364
1.61225
1.61014
1.60751
1.6046
1.6016
1.59866
1.5958
1.59299
1.59008
1.58686
1.58313
1.57869
1.5735
1.56768
1.56149
1.55532
1.54957
1.54459
1.54065
1.53788
1.53634
1.53596
1.5366
1.53803
1.53997
1.54211
1.54416
1.54593
1.54734
1.54843
1.54935
1.55028
1.5514
1.55288
1.55484
1.55737
1.56056
1.56444
1.56908
1.57446
1.58055
1.58723
1.59434
1.60167
1.60903
1.61621
1.62305
1.62942
1.63523
1.64037
1.64474
1.64825
1.65081
1.65235
1.65285
1.65234
1.65089
1.64861
1.64566
1.6422
1.63842
1.63452
1.6307
1.62716
1.62412
1.6218
1.62037
1.61998
1.62066
1.62236
1.62487
1.62793
1.63124
1.63457
1.63776
1.64077
1.6436
1.64626
1.64875
1.65107
1.65323
1.65524
1.65714
1.65893
1.6606
1.66206
1.66316
1.6637
1.66347
1.66227
1.66
1.65666
1.65238
1.64738
1.64197
1.63646
1.63115
1.62629
1.62201
1.61836
1.61531
1.61274
1.61053
1.60854
1.60665
1.60473
1.60268
1.60038
1.59771
1.59461
1.59099
1.58685
1.58222
1.57718
1.57189
1.56652
1.56129
1.55645
1.55221
1.54875
1.54616
1.54442
1.54335
1.54269
1.54215
1.54149
1.54063
1.53966
1.53873
1.53802
1.53763
1.53761
1.53795
1.53864
1.53968
1.54109
1.54293
1.54528
1.54822
1.55182
1.55613
1.56116
1.5669
1.57328
1.58021
1.58756
1.59519
1.60291
1.61054
1.61786
1.62463
1.63063
1.63562
1.63941
1.64187
1.64296
1.64272
1.64128
1.63884
1.63563
1.63183
1.62765
1.62325
1.61875
1.6143
1.61007
1.60621
1.60294
1.60045
1.59892
1.59848
1.59922
1.60112
1.60411
1.60803
1.61267
1.61774
1.62293
1.62795
1.63254
1.63654
1.6399
1.64268
1.64501
1.647
1.64874
1.65018
1.65116
1.6514
1.6506
1.64846
1.64482
1.6397
1.63331
1.62598
1.61813
1.61014
1.60234
1.59496
1.58817
1.58204
1.57663
1.57194
1.56798
1.56473
1.56217
1.56028
1.55901
1.55831
1.55811
1.55833
1.55884
1.55953
1.56023
1.5608
1.56107
1.5609
1.56019
1.55885
1.55687
1.55427
1.55112
1.54749
1.54347
1.53914
1.53457
1.52987
1.52514
1.52052
1.51617
1.51222
1.50882
1.50607
1.50401
1.50267
1.50202
1.50202
1.50261
1.50376
1.50542
1.50756
1.51014
1.51307
1.51624
1.51948
1.52265
1.52562
1.5284
1.53107
1.53379
1.53671
1.53993
1.54348
1.54733
1.55138
1.55549
1.55949
1.56323
1.56657
1.56942
1.57176
1.5736
1.57502
1.57615
1.57715
1.57817
1.57937
1.58088
1.5828
1.58516
1.58796
1.59114
1.59459
1.59816
1.60169
1.60503
1.60804
1.61065
1.61282
1.61459
1.61597
1.61695
1.61748
1.61741
1.61655
1.61468
1.61163
1.60732
1.60177
1.59515
1.58771
1.57973
1.5715
1.56325
1.55517
1.54743
1.54014
1.53347
1.52754
1.52253
1.51855
1.51573
1.5141
1.51367
1.51434
1.51597
1.51835
1.52123
1.52438
1.52757
1.5307
1.53374
1.53676
1.5399
1.54333
1.54721
1.55168
1.5568
1.56256
1.56888
1.57559
1.5825
1.58933
1.59583
1.60176
1.60691
1.61118
1.61454
1.61708
1.61891
1.62025
1.62126
1.62211
1.62288
1.62359
1.62422
1.62469
1.62493
1.6249
1.6246
1.62409
1.62344
1.62277
1.62215
1.62161
1.6211
1.62049
1.6196
1.61821
1.61613
1.61325
1.60957
1.60527
1.60059
1.59587
1.59141
1.58748
1.58424
1.58181
1.58021
1.5794
1.57932
1.57989
1.58101
1.5826
1.58457
1.58686
1.58942
1.5922
1.59517
1.59829
1.60156
1.60495
1.60847
1.61212
1.61589
1.61975
1.62364
1.62742
1.63092
1.63391
1.63615
1.63745
1.63765
1.63673
1.6347
1.63167
1.62775
1.62309
1.61783
1.61211
1.60603
1.59969
1.59318
1.58656
1.57988
1.5732
1.5666
1.56015
1.55395
1.5481
1.54269
1.53784
1.53361
1.53005
1.52718
1.52499
1.52344
1.52247
1.52199
1.52194
1.52223
1.52283
1.52373
1.52493
1.52646
1.52835
1.5306
1.53323
1.5362
1.53949
1.54305
1.54684
1.5508
1.5549
1.55908
1.5633
1.56753
1.57174
1.57598
1.58027
1.58471
1.58936
1.59429
1.59954
1.60513
1.61101
1.6171
1.6233
1.62946
1.63543
1.64103
1.6461
1.65053
1.65422
1.6571
1.65917
1.66043
1.66091
1.66068
1.65979
1.65833
1.65638
1.65406
1.65151
1.64889
1.64636
1.64411
1.6423
1.64105
1.64047
1.6406
1.64146
1.643
1.64513
1.64771
1.65058
1.65351
1.65628
1.65863
1.66032
1.66113
1.66089
1.6595
1.65691
1.65312
1.64821
1.64232
1.63563
1.62839
1.62086
1.61333
1.60607
1.5993
1.59321
1.58792
1.58349
1.57992
1.57716
1.57512
1.57368
1.57271
1.57208
1.57169
1.57146
1.57135
1.57133
1.57139
1.5715
1.57164
1.57178
1.57183
1.57175
1.57145
1.57086
1.56993
1.56864
1.56704
1.56522
1.56333
1.56153
1.55999
1.55885
1.5582
1.55813
1.55865
1.55979
1.56151
1.56378
1.56653
1.56966
1.57309
1.57673
1.5805
1.58435
1.58823
1.59209
1.59586
1.59943
1.60269
1.60549
1.60772
1.60929
1.61013
1.6102
1.60949
1.60798
1.60569
1.60268
1.59908
1.59505
1.59077
1.58643
1.58221
1.57826
1.57475
1.57178
1.56947
1.5679
1.56711
1.56713
1.56793
1.56949
1.57171
1.57451
1.57774
1.58123
1.58479
1.58823
1.59134
1.59395
1.5959
1.59709
1.59746
1.597
1.59577
1.59383
1.59126
1.58814
1.58447
1.58025
1.57542
1.56994
1.56378
1.557
1.54969
1.54204
1.53428
1.52665
1.51938
1.51264
1.5066
1.50136
1.49699
1.49352
1.49101
1.48946
1.48889
1.48934
1.4908
1.49328
1.49675
1.50116
1.50643
1.51241
1.51894
1.52581
1.5328
1.53969
1.54626
1.55233
1.55776
1.56249
1.56647
1.56971
1.57228
1.57424
1.57569
1.57674
1.57748
1.57803
1.57851
1.57903
1.5797
1.58061
1.58181
1.58333
1.58513
1.5871
1.58911
1.59097
1.59249
1.5935
1.59386
1.59348
1.59236
1.59055
1.58817
1.58538
1.58235
1.57928
1.57634
1.57368
1.57143
1.56969
1.56853
1.56799
1.5681
1.56885
1.5702
1.57211
1.5745
1.5773
1.58042
1.58374
1.58718
1.59062
1.59393
1.59698
1.59964
1.60176
1.60326
1.60404
1.60411
1.6035
1.60229
1.60063
1.59865
1.59654
1.59444
1.5925
1.59083
1.5895
1.58857
1.58806
1.58796
1.58827
1.58894
1.58995
1.59124
1.59274
1.59439
1.59612
1.59788
1.59963
1.60136
1.60307
1.60477
1.60648
1.60821
1.60997
1.61178
1.61363
1.6155
1.61738
1.61924
1.62106
1.62282
1.62452
1.62615
1.6277
1.62917
1.63055
1.63182
1.63297
1.63398
1.63484
1.63557
1.63617
1.63666
1.637
1.63712
1.63687
1.63605
1.63444
1.63183
1.62811
1.62329
1.61745
1.61079
1.60351
1.59583
1.58794
1.58003
1.57225
1.56476
1.55766
1.55106
1.54504
1.53963
1.53489
1.53083
1.52746
1.5248
1.52287
1.52168
1.52126
1.52162
1.52278
1.52472
1.52742
1.53084
1.53489
1.53949
1.54453
1.5499
1.55548
1.56114
1.56677
1.57222
1.57737
1.58211
1.58634
1.59002
1.5931
1.59561
1.5976
1.59917
1.6004
1.60142
1.60231
1.60317
1.60403
1.60493
1.6059
1.60698
1.60822
1.6097
1.6115
1.61366
1.61617
1.61897
1.62196
1.625
1.62797
1.63074
1.63323
1.6354
1.6372
1.63862
1.63959
1.64006
1.63995
1.63918
1.63765
1.63532
1.63217
1.6282
1.62346
1.61805
1.61209
1.60575
1.5992
1.59263
1.58619
1.58003
1.57423
1.56883
1.56381
1.5591
1.55461
1.55023
1.54589
1.54153
1.53714
1.53273
1.52834
1.52404
1.51988
1.51592
1.5122
1.50879
1.50571
1.50303
1.50081
1.49908
1.4979
1.49731
1.4973
1.49786
1.49896
1.50052
1.50248
1.50475
1.50728
1.51002
1.51298
1.51618
1.51967
1.52353
1.52784
1.53265
1.53801
1.54392
1.55036
1.55726
1.56452
1.57204
1.57965
1.58721
1.59452
1.6014
1.60767
1.61314
1.61769
1.62117
1.62352
1.62467
1.62463
1.62344
1.62115
1.6179
1.61382
1.60909
1.60389
1.59839
1.59275
1.5871
1.58155
1.57615
1.57094
1.56592
1.5611
1.55647
1.55205
1.54788
1.54406
1.54069
1.53792
1.5359
1.53475
1.53458
1.53544
1.53736
1.54028
1.54411
1.54869
1.55385
1.55935
1.56496
1.57046
1.57566
1.58044
1.58473
1.58853
1.59188
1.59479
1.59723
1.59916
1.6005
1.60125
1.60143
1.60116
1.60057
1.59976
1.59876
1.59755
1.59602
1.59406
1.59156
1.58849
1.58488
1.58079
1.57637
1.57175
1.56705
1.56242
1.55793
1.55365
1.54959
1.54575
1.54211
1.53864
1.53535
1.53225
1.52939
1.52682
1.5246
1.52282
1.52152
1.52076
1.52059
1.52103
1.5221
1.52378
1.52605
1.5289
1.5323
1.53624
1.54072
1.54572
1.55123
1.55723
1.56366
1.57044
1.57747
1.58463
1.5918
1.59886
1.6057
1.61221
1.61831
1.6239
1.62889
1.63319
1.63671
1.63935
1.64105
1.64179
1.64159
1.64056
1.63883
1.6366
1.63407
1.63145
1.62892
1.62664
1.62471
1.62319
1.62212
1.62146
1.62116
1.62109
1.62108
1.62092
1.6204
1.61932
1.61756
1.6151
1.61199
1.6084
1.60448
1.60044
1.59642
1.59253
1.58884
1.58538
1.58215
1.57917
1.57643
1.57393
1.57166
1.56965
1.56787
1.56637
1.56514
1.56423
1.56366
1.56345
1.5636
1.5641
1.56492
1.56602
1.56735
1.56887
1.57052
1.57228
1.57413
1.57607
1.57813
1.58032
1.58267
1.58522
1.588
1.59104
1.59438
1.59806
1.6021
1.60648
1.61116
1.61601
1.62085
1.62548
1.62967
1.63325
1.63609
1.63815
1.63941
1.63991
1.63964
1.63858
1.6367
1.634
1.63056
1.62653
1.62215
1.61772
1.61353
1.60986
1.60695
1.60497
1.60399
1.60402
1.60496
1.60663
1.60879
1.61115
1.61342
1.61531
1.61661
1.61716
1.61689
1.61583
1.61406
1.61175
1.60903
1.60608
1.60302
1.59995
1.59696
1.5941
1.59138
1.58878
1.58621
1.58354
1.58061
1.5773
1.57353
1.56935
1.56492
1.5605
1.55637
1.55279
1.54994
1.54788
1.54664
1.54614
1.54632
1.54714
1.54856
1.55058
1.5532
1.55641
1.56018
1.56446
1.56915
1.57414
1.57932
1.58459
1.58989
1.59518
1.60044
1.60567
1.61081
1.61581
1.62056
1.62496
1.62889
1.63227
1.63503
1.63713
1.63856
1.63932
1.63942
1.6389
1.6378
1.63619
1.63416
1.63177
1.62915
1.6264
1.62366
1.62105
1.61871
1.61672
1.61516
1.61404
1.61337
1.6131
1.61315
1.61344
1.61383
1.61421
1.61449
1.61457
1.61443
1.61406
1.61351
1.6128
1.61198
1.61108
1.61012
1.60912
1.60808
1.607
1.6059
1.60478
1.60366
1.60254
1.6014
1.60024
1.59901
1.59768
1.59618
1.5945
1.59263
1.59059
1.58845
1.58631
1.58428
1.58249
1.58105
1.58002
1.57935
1.57888
1.57825
1.57703
1.57481
1.57144
1.56717
1.56257
1.5583
1.5549
1.55266
1.55164
1.55173
1.55274
1.55446
1.55665
1.55909
1.56161
1.56403
1.56621
1.56807
1.56956
1.57067
1.57145
1.57196
1.5723
1.57257
1.57287
1.5733
1.57395
1.57492
1.57628
1.57812
1.58046
1.58329
1.58652
1.59
1.59352
1.59683
1.59972
1.60204
1.60372
1.60479
1.6053
1.60534
1.60502
1.60444
1.6037
1.60291
1.60218
1.60161
1.60133
1.60143
1.60202
1.60317
1.6049
1.60715
1.60974
1.61233
1.61449
1.61573
1.61564
1.61404
1.611
1.60686
1.60207
1.59709
1.5923
1.588
1.58437
1.58151
1.57947
1.57826
1.57784
1.57817
1.57918
1.58079
1.5829
1.58541
1.58819
1.59112
1.59405
1.59683
1.59931
1.60135
1.60284
1.60368
1.60382
1.60323
1.60192
1.59993
1.59731
1.59413
1.59049
1.5865
1.58226
1.57791
1.57358
1.5694
1.56548
1.56196
1.55891
1.55642
1.55454
1.5533
1.5527
1.55272
1.5533
1.55435
1.55574
1.55737
1.55911
1.56088
1.56262
1.56432
1.56599
1.56769
1.56948
1.57143
1.57363
1.57613
1.57898
1.58221
1.58585
1.58989
1.59431
1.59909
1.60417
1.60946
1.61483
1.62013
1.62517
1.62974
1.63367
1.63684
1.63919
1.64074
1.64156
1.64176
1.64145
1.64073
1.63968
1.63834
1.63673
1.63487
1.63276
1.63043
1.62788
1.62516
1.6223
1.61933
1.61629
1.61321
1.6101
1.60695
1.60376
1.60048
1.59709
1.59355
1.58985
1.58597
1.58193
1.57776
1.57349
1.56915
1.56483
1.56063
1.5567
1.55322
1.55036
1.54829
1.54708
1.54675
1.54722
1.54838
1.55008
1.55214
1.5544
1.55673
1.55904
1.56127
1.56342
1.5655
1.56754
1.56956
1.57159
1.57363
1.57568
1.57771
1.57968
1.58157
1.58335
1.58498
1.58645
1.58775
1.58887
1.58982
1.59061
1.59125
1.59178
1.59221
1.59257
1.59291
1.59326
1.59366
1.59414
1.59471
1.59537
1.5961
1.59685
1.59755
1.59816
1.59861
1.59889
1.59896
1.59885
1.59859
1.59823
1.59783
1.59742
1.59698
1.59641
1.59559
1.59437
1.59266
1.59045
1.58787
1.58516
1.58262
1.58056
1.57923
1.57878
1.57924
1.58055
1.58253
1.58491
1.58742
1.58974
1.59162
1.59283
1.59328
1.59297
1.59201
1.59059
1.58894
1.58726
1.58572
1.58445
1.58348
1.5828
1.58234
1.58199
1.58158
1.58096
1.57997
1.57847
1.57636
1.5736
1.57021
1.56629
1.56198
1.55749
1.55301
1.54874
1.54484
1.54141
1.53854
1.53626
1.53459
1.53348
1.53289
1.53271
1.53286
1.53323
1.53376
1.53444
1.5353
1.53645
1.53798
1.54003
1.54264
1.54585
1.54962
1.55385
1.55837
1.56298
1.56744
1.57152
1.57506
1.57797
1.58025
1.58201
1.5834
1.5846
1.58575
1.58692
1.58815
1.58938
1.59054
1.59156
1.59237
1.59293
1.59323
1.59329
1.59314
1.5928
1.59228
1.59156
1.59063
1.58948
1.58813
1.58666
1.58518
1.58388
1.58293
1.58249
1.58264
1.58338
1.58463
1.58622
1.58796
1.58963
1.59112
1.59235
1.59339
1.59439
1.59559
1.59724
1.59957
1.60274
1.60682
1.61177
1.61749
1.62382
1.63055
1.6375
1.64447
1.65127
1.65778
1.66387
1.66945
1.67445
1.67884
1.68258
1.68566
1.68807
1.6898
1.6908
1.69101
1.6903
1.68857
1.68573
1.68178
1.67683
1.6711
1.6649
1.65853
1.65231
1.64644
1.64105
1.63619
1.63181
1.62783
1.62413
1.62059
1.61708
1.61347
1.60966
1.60557
1.60119
1.59651
1.5916
1.58655
1.58148
1.57654
1.57189
1.56769
1.56406
1.56109
1.55883
1.55728
1.55638
1.55603
1.55608
1.55635
1.55669
1.55701
1.55726
1.55751
1.55785
1.5584
1.55922
1.56033
1.56165
1.56307
1.56442
1.56557
1.56639
1.56684
1.5669
1.56663
1.56613
1.56555
1.56508
1.56491
1.56522
1.56618
1.56791
1.5705
1.57398
1.57829
1.58329
1.58867
1.59401
1.59885
1.60278
1.60559
1.60735
1.60837
1.60908
1.60989
1.61111
1.61292
1.61535
1.61831
1.62162
1.62507
1.62844
1.63154
1.63423
1.63647
1.63828
1.63975
1.64099
1.64211
1.64317
1.64419
1.64515
1.64597
1.64654
1.64675
1.64649
1.64569
1.64435
1.64252
1.64034
1.63797
1.63559
1.63335
1.63135
1.62962
1.62814
1.6268
1.62549
1.62405
1.62233
1.62024
1.61775
1.61495
1.61197
1.60901
1.60625
1.60381
1.60174
1.60003
1.5986
1.59736
1.5962
1.59507
1.59394
1.59284
1.59183
1.59098
1.59037
1.59007
1.59013
1.59054
1.59125
1.59218
1.59319
1.59412
1.5948
1.59507
1.59481
1.59395
1.59247
1.59042
1.58785
1.58487
1.58159
1.57813
1.57458
1.57104
1.56761
1.56437
1.56141
1.55879
1.5566
1.55493
1.55383
1.55336
1.55356
1.55443
1.55593
1.55801
1.5606
1.56365
1.56711
1.57101
1.57538
1.58031
1.58588
1.5921
1.59892
1.60622
1.61378
1.62133
1.62862
1.63541
1.64152
1.64688
1.65151
1.65553
1.65909
1.66238
1.66554
1.66865
1.67171
1.6746
1.67716
1.6792
1.68061
1.68135
1.68148
1.68112
1.68041
1.67944
1.67825
1.67684
1.67514
1.67308
1.67059
1.6676
1.66406
1.65991
1.6551
1.64963
1.6435
1.6368
1.62968
1.62233
1.61492
1.60763
1.60056
1.59374
1.58715
1.58073
1.57444
1.56822
1.5621
1.55613
1.55042
1.5451
1.54033
1.53628
1.53308
1.53086
1.5297
1.52966
1.53076
1.533
1.53633
1.54068
1.5459
1.55183
1.55823
1.56482
1.57125
1.57715
1.58216
1.58598
1.58841
1.58938
1.58902
1.58755
1.58533
1.58274
1.58015
1.5779
1.57625
1.57537
1.57535
1.57614
1.57762
1.57961
1.58187
1.58422
1.5865
1.58863
1.59053
1.59216
1.59349
1.5946
1.59564
1.59682
1.59837
1.60039
1.60284
1.60553
1.60815
1.6104
1.61209
1.61322
1.61393
1.61436
1.61462
1.61468
1.61445
1.61382
1.6127
1.6111
1.6091
1.60686
1.60455
1.60233
1.60032
1.59864
1.59734
1.59645
1.596
1.59599
1.59643
1.59733
1.59869
1.6005
1.60277
1.60548
1.60862
1.61217
1.6161
1.62036
1.62486
1.62949
1.63408
1.63841
1.64224
1.64537
1.64762
1.64889
1.6492
1.64865
1.64741
1.64568
1.64366
1.64152
1.63939
1.63733
1.63537
1.63349
1.63164
1.62974
1.62775
1.62562
1.62333
1.62091
1.61837
1.61573
1.61299
1.61015
1.60715
1.60391
1.60036
1.5964
1.59197
1.58704
1.58165
1.57588
1.56989
1.56391
1.55815
1.55286
1.54827
1.54454
1.54181
1.54019
1.53973
1.54044
1.54229
1.54519
1.54902
1.55356
1.55851
1.56354
1.56823
1.57222
1.5752
1.57702
1.57771
1.57749
1.57675
1.57591
1.57539
1.57552
1.57651
1.57848
1.58146
1.58541
1.59022
1.59578
1.60191
1.60843
1.61516
1.6219
1.62847
1.63471
1.64046
1.64553
1.64971
1.65276
1.65439
1.65432
1.65235
1.6484
1.64259
1.6352
1.62669
1.61757
1.60837
1.59957
1.59154
1.58455
1.57878
1.5743
1.57111
1.56913
1.56825
1.56832
1.56911
1.57041
1.57193
1.57345
1.57474
1.57573
1.57644
1.577
1.5776
1.5784
1.57948
1.58082
1.5823
1.58374
1.58497
1.58591
1.58658
1.5871
1.58762
1.58834
1.58938
1.59086
1.59279
1.59515
1.59787
1.6008
1.60377
1.60657
1.60899
1.61088
1.61211
1.61266
1.61254
1.6118
1.61049
1.60864
1.60626
1.60336
1.59996
1.59613
1.59201
1.58776
1.5836
1.57975
1.57639
1.57369
1.57172
1.57046
1.56984
1.56969
1.5698
1.56994
1.56991
1.56954
1.56874
1.56747
1.56579
1.56378
1.56156
1.55925
1.55697
1.55478
1.55274
1.55088
1.54918
1.54765
1.54627
1.54504
1.54398
1.54313
1.54256
1.54234
1.54256
1.54326
1.54448
1.54619
1.54828
1.55059
1.55289
1.5549
1.55632
1.55689
1.55645
1.55497
1.55258
1.54956
1.54623
1.54293
1.53995
1.53747
1.5356
1.53438
1.53377
1.53374
1.53423
1.5352
1.53662
1.53849
1.54079
1.54352
1.54665
1.55008
1.55372
1.55739
1.56096
1.56429
1.56731
1.56999
1.57237
1.5745
1.57643
1.57822
1.57988
1.58143
1.5829
1.58429
1.58559
1.58679
1.58791
1.58897
1.59004
1.59121
1.5926
1.5943
1.59639
1.59887
1.60168
1.6047
1.60779
1.61076
1.61345
1.6157
1.61737
1.61835
1.61856
1.61798
1.61665
1.61468
1.61224
1.60953
1.60674
1.6041
1.60174
1.59981
1.59834
1.59736
1.59683
1.59673
1.597
1.59761
1.59856
1.59985
1.60148
1.60349
1.60586
1.60857
1.61158
1.61479
1.61811
1.62143
1.62464
1.62768
1.63049
1.63305
1.63539
1.63756
1.63959
1.64155
1.64347
1.64539
1.6473
1.64919
1.65101
1.65271
1.65423
1.65548
1.65638
1.65687
1.65687
1.65634
1.65522
1.65353
1.65127
1.64851
1.64533
1.64181
1.63804
1.63411
1.63009
1.62604
1.62203
1.61812
1.61438
1.61085
1.60762
1.60475
1.60231
1.60036
1.59896
1.59812
1.59781
1.59797
1.5985
1.59927
1.60016
1.60104
1.60182
1.60242
1.60276
1.60278
1.60237
1.60147
1.60005
1.59819
1.59607
1.59396
1.59212
1.59073
1.58988
1.58955
1.58961
1.58991
1.59027
1.59056
1.59066
1.59053
1.59016
1.58959
1.58887
1.58807
1.58723
1.58638
1.58551
1.58458
1.58353
1.58231
1.58087
1.57921
1.57734
1.57534
1.57328
1.57126
1.56938
1.56772
1.56636
1.56535
1.56476
1.56464
1.56504
1.56604
1.56767
1.56994
1.57279
1.57604
1.57939
1.5824
1.58459
1.58553
1.58499
1.58302
1.57991
1.57614
1.5722
1.56855
1.56552
1.56333
1.56209
1.56181
1.56246
1.56392
1.56603
1.56858
1.57136
1.57414
1.5767
1.5789
1.58064
1.5819
1.58272
1.58317
1.58332
1.58323
1.58291
1.58239
1.58163
1.58062
1.57934
1.57779
1.57597
1.57389
1.5716
1.56913
1.56654
1.56389
1.56124
1.55865
1.55617
1.55383
1.55168
1.54971
1.54796
1.54642
1.54511
1.54405
1.54325
1.54275
1.5426
1.54282
1.54344
1.54443
1.54573
1.54724
1.54881
1.55024
1.55134
1.55197
1.55203
1.55155
1.55065
1.54951
1.54832
1.5473
1.54659
1.54631
1.54649
1.54716
1.54827
1.54979
1.55164
1.55375
1.55606
1.55847
1.56091
1.56332
1.56565
1.56783
1.56986
1.5717
1.57335
1.57478
1.57597
1.57688
1.57751
1.57789
1.57811
1.57831
1.57867
1.57936
1.58053
1.58224
1.58449
1.5872
1.59026
1.59349
1.59673
1.59979
1.6025
1.60474
1.60638
1.60734
1.60759
1.60713
1.606
1.60425
1.6019
1.59897
1.59543
1.59131
1.5867
1.58179
1.57685
1.5722
1.56812
1.56484
1.56248
1.5611
1.56065
1.56104
1.56209
1.56359
1.56531
1.567
1.56845
1.56953
1.57017
1.57038
1.57024
1.56989
1.56944
1.56901
1.56868
1.56848
1.56842
1.56846
1.56853
1.56855
1.56842
1.56805
1.56738
1.56637
1.56502
1.56339
1.56157
1.55968
1.55783
1.55612
1.55463
1.55338
1.55236
1.55153
1.55082
1.5502
1.54962
1.5491
1.54865
1.54831
1.54813
1.54815
1.54839
1.54885
1.54953
1.55043
1.55153
1.5528
1.55419
1.55562
1.557
1.55819
1.55909
1.55957
1.55953
1.55889
1.5576
1.55566
1.55308
1.5499
1.54621
1.54209
1.5377
1.53316
1.52864
1.52429
1.52022
1.51653
1.51328
1.51052
1.50829
1.50663
1.5056
1.50525
1.50564
1.5068
1.50873
1.51142
1.51481
1.51885
1.52346
1.52858
1.53417
1.54016
1.5465
1.55313
1.55995
1.56686
1.57379
1.58063
1.58733
1.59383
1.60007
1.606
1.61155
1.61667
1.62128
1.62533
1.62875
1.6315
1.63358
1.63499
1.63575
1.63589
1.63546
1.63448
1.63298
1.63095
1.62841
1.62537
1.6219
1.61807
1.61399
1.60978
1.60553
1.60129
1.5971
1.59296
1.58886
1.58485
1.58098
1.57734
1.57406
1.57126
1.56908
1.56758
1.56678
1.56659
1.56682
1.56719
1.56741
1.56723
1.56651
1.5653
1.56374
1.56206
1.5605
1.55923
1.55836
1.55796
1.55805
1.55861
1.5596
1.56094
1.56253
1.56424
1.56592
1.5674
1.56853
1.56922
1.56942
1.56918
1.56861
1.56785
1.56706
1.56637
1.56588
1.56567
1.56578
1.56622
1.567
1.56815
1.56966
1.57152
1.5737
1.57613
1.57869
1.58125
1.58361
1.58561
1.58705
1.58781
1.58782
1.58709
1.58573
1.58389
1.58176
1.57953
1.57735
1.57533
1.57354
1.57205
1.57088
1.57006
1.56956
1.56935
1.56937
1.56952
1.56972
1.5699
1.56998
1.56991
1.56969
1.56929
1.56872
1.56799
1.56711
1.5661
1.56497
1.56375
1.56249
1.56125
1.56009
1.5591
1.55837
1.55799
1.55803
1.55858
1.55968
1.56137
1.56369
1.56662
1.57014
1.57418
1.57865
1.5834
1.58828
1.59309
1.59764
1.60176
1.60529
1.60809
1.61009
1.61119
1.61136
1.61056
1.6088
1.6061
1.60253
1.59823
1.59342
1.58839
1.58346
1.57897
1.57527
1.57265
1.57132
1.57142
1.57301
1.57608
1.58051
1.58617
1.59288
1.60041
1.60856
1.61708
1.62574
1.63429
1.64253
1.65026
1.65739
1.66387
1.66974
1.67508
1.67999
1.68458
1.6889
1.69295
1.6967
1.70008
1.70299
1.70533
1.70697
1.70772
1.70742
1.70589
1.703
1.69876
1.69327
1.68677
1.67957
1.67206
1.66459
1.6575
1.65109
1.64557
1.64105
1.63755
1.63501
1.63331
1.63229
1.63181
1.63172
1.63191
1.63228
1.63271
1.6331
1.63333
1.63327
1.63278
1.63176
1.63013
1.62791
1.62519
1.62216
1.61907
1.61619
1.61377
1.61203
1.61108
1.61096
1.61164
1.613
1.61486
1.61703
1.61925
1.62128
1.62291
1.62397
1.62434
1.62398
1.62292
1.62127
1.61914
1.61669
1.61408
1.61145
1.60893
1.60664
1.60469
1.60319
1.60225
1.60193
1.60228
1.60333
1.60506
1.60747
1.6105
1.61412
1.61824
1.62274
1.62745
1.63211
1.63648
1.64029
1.64332
1.64544
1.64658
1.64669
1.64576
1.64377
1.64072
1.63666
1.63172
1.62611
1.62009
1.61396
1.60801
1.60247
1.59755
1.59342
1.59016
1.58783
1.58641
1.58583
1.58596
1.58666
1.58776
1.58908
1.59043
1.59164
1.59254
1.59298
1.59281
1.59193
1.59029
1.58788
1.58478
1.58115
1.57719
1.57318
1.56943
1.56622
1.56382
1.56245
1.56228
1.56342
1.56594
1.56981
1.57493
1.5811
1.58803
1.59533
1.60257
1.60933
1.61525
1.62014
1.62396
1.62687
1.62904
1.63068
1.6319
1.63273
1.63315
1.63313
1.63269
1.63186
1.63076
1.62956
1.62844
1.62758
1.62715
1.62729
1.62807
1.62955
1.6317
1.63445
1.63768
1.64119
1.64472
1.64799
1.65072
1.65267
1.65367
1.65371
1.65291
1.65147
1.6497
1.64786
1.64615
1.64469
1.64343
1.64222
1.64079
1.6388
1.63589
1.63175
1.62616
1.61911
1.61074
1.60139
1.59147
1.58147
1.5718
1.56281
1.55473
1.54766
1.54163
1.53654
1.53228
1.52867
1.52556
1.52281
1.52034
1.5181
1.51614
1.5145
1.51326
1.51248
1.51216
1.5123
1.51283
1.51363
1.51457
1.51548
1.51619
1.51657
1.51653
1.51608
1.51532
1.51443
1.51366
1.51328
1.51349
1.51445
1.51622
1.51879
1.52207
1.52592
1.5302
1.53476
1.53944
1.54415
1.54882
1.55342
1.55796
1.56249
1.56703
1.57162
1.57624
1.58085
1.58534
1.58956
1.59332
1.59638
1.59853
1.5996
1.5995
1.59829
1.59612
1.59327
1.59009
1.58691
1.58402
1.58166
1.58
1.57909
1.57895
1.5795
1.58062
1.58215
1.5839
1.5857
1.5874
1.58891
1.5902
1.5913
1.59227
1.59324
1.59435
1.59573
1.59754
1.59988
1.60283
1.60641
1.61055
1.61509
1.6198
1.62435
1.62842
1.63175
1.63422
1.63578
1.63646
1.63625
1.63515
1.63315
1.63033
1.62691
1.62321
1.61959
1.61642
1.61397
1.61239
1.61169
1.61178
1.61251
1.61372
1.61525
1.61699
1.61884
1.62076
1.62271
1.62464
1.62655
1.62846
1.6304
1.63244
1.63465
1.63707
1.63975
1.64265
1.64569
1.64871
1.65149
1.65378
1.6553
1.65575
1.65492
1.65266
1.64889
1.64369
1.6372
1.62967
1.62137
1.61261
1.60367
1.59482
1.5863
1.5783
1.57097
1.56445
1.55879
1.55405
1.55025
1.54739
1.54545
1.54442
1.54426
1.54495
1.54642
1.54861
1.55144
1.5548
1.55857
1.56257
1.56665
1.57062
1.57433
1.57765
1.58048
1.58273
1.58437
1.58536
1.58572
1.58546
1.58464
1.58334
1.58167
1.57975
1.57772
1.57571
1.57385
1.57224
1.57095
1.57
1.56941
1.56912
1.56905
1.5691
1.56919
1.56922
1.56918
1.56907
1.56898
1.569
1.56924
1.56979
1.57069
1.57195
1.57352
1.57527
1.57705
1.57866
1.57991
1.58059
1.5805
1.57949
1.57745
1.57436
1.57029
1.56543
1.56001
1.55433
1.5487
1.54339
1.53863
1.53462
1.53148
1.52928
1.52807
1.52782
1.52849
1.52999
1.53221
1.53503
1.53827
1.54177
1.54534
1.54879
1.55194
1.55464
1.55678
1.55829
1.55918
1.5595
1.55934
1.55886
1.55822
1.55762
1.5572
1.55712
1.55746
1.55827
1.55953
1.56124
1.56337
1.56591
1.56886
1.57221
1.5759
1.57987
1.58395
1.58799
1.59182
1.59532
1.59844
1.60119
1.60366
1.60593
1.60806
1.61014
1.61219
1.61429
1.61646
1.61876
1.62122
1.62386
1.62667
1.62961
1.63262
1.63565
1.63866
1.64161
1.64452
1.64741
1.65033
1.65332
1.65639
1.6595
1.66254
1.66529
1.66743
1.66859
1.6684
1.66658
1.66299
1.65768
1.65084
1.64281
1.63398
1.62475
1.61551
1.60655
1.59812
1.59035
1.58328
1.57689
1.57111
1.56582
1.56092
1.55634
1.55202
1.54797
1.54423
1.54086
1.53795
1.53555
1.53373
1.53251
1.53191
1.53193
1.53255
1.53378
1.53559
1.53797
1.54088
1.54428
1.54811
1.55226
1.55665
1.56118
1.56578
1.57041
1.57511
1.57994
1.58496
1.59024
1.59578
1.60151
1.60732
1.61304
1.61848
1.62347
1.62785
1.6315
1.63434
1.63632
1.63743
1.63766
1.63703
1.63555
1.63324
1.63013
1.62625
1.6217
1.61657
1.61101
1.6052
1.59931
1.59352
1.588
1.5829
1.57832
1.57435
1.57104
1.56844
1.56658
1.56546
1.5651
1.56547
1.56656
1.56832
1.57068
1.57355
1.57683
1.58044
1.58428
1.58829
1.59243
1.59669
1.60108
1.60562
1.61032
1.61516
1.62008
1.62494
1.62958
1.63375
1.63724
1.63985
1.64145
1.64202
1.64166
1.64051
1.63879
1.63673
1.63455
1.63243
1.63055
1.62898
1.62779
1.62694
1.62638
1.62601
1.62574
1.62545
1.62508
1.62459
1.62399
1.62333
1.62267
1.62211
1.62174
1.62167
1.62197
1.62271
1.62393
1.62564
1.62782
1.63043
1.63338
1.63651
1.63966
1.64262
1.64514
1.64704
1.64813
1.64834
1.64765
1.64614
1.64392
1.64113
1.63789
1.63428
1.63036
1.62617
1.62174
1.61709
1.61228
1.60736
1.60243
1.59757
1.59291
1.58854
1.58455
1.58101
1.57793
1.57527
1.57294
1.57079
1.56869
1.56654
1.56434
1.56219
1.56025
1.55872
1.5577
1.55722
1.5572
1.55752
1.558
1.55849
1.55886
1.55907
1.5591
1.559
1.55881
1.55858
1.55835
1.5581
1.55782
1.55746
1.55698
1.55635
1.55557
1.55464
1.5536
1.55252
1.55149
1.55062
1.55002
1.54979
1.55002
1.55073
1.55191
1.5535
1.55537
1.55735
1.55928
1.56095
1.56222
1.56299
1.56319
1.56286
1.56208
1.56098
1.55969
1.55836
1.5571
1.556
1.55511
1.55444
1.55401
1.55381
1.55387
1.55424
1.55495
1.55603
1.55747
1.55922
1.56119
1.56323
1.56522
1.56702
1.56855
1.56976
1.57067
1.57135
1.5719
1.57246
1.57314
1.57404
1.5752
1.57663
1.57829
1.58012
1.58206
1.58407
1.58615
1.58832
1.59066
1.59327
1.59624
1.59968
1.60365
1.60815
1.61313
1.61847
1.62399
1.62949
1.63471
1.63943
1.64339
1.64639
1.64829
1.64903
1.64865
1.64724
1.64496
1.64197
1.63844
1.63453
1.63038
1.62613
1.6219
1.61779
1.61389
1.61025
1.6069
1.60385
1.60107
1.5985
1.59609
1.59373
1.59135
1.58889
1.58629
1.58358
1.58082
1.57811
1.57558
1.5734
1.57171
1.57066
1.57035
1.57084
1.57217
1.5743
1.57718
1.58069
1.58472
1.58907
1.59357
1.598
1.60216
1.6059
1.6091
1.61172
1.61378
1.61533
1.61645
1.6172
1.61766
1.61789
1.61795
1.6179
1.61779
1.61767
1.6176
1.61759
1.61772
1.61804
1.61863
1.61957
1.62094
1.62282
1.62524
1.62821
1.63173
1.63573
1.64014
1.64487
1.64983
1.65491
1.66001
1.66503
1.66985
1.67437
1.67849
1.68213
1.68522
1.6877
1.68954
1.6907
1.69117
1.69098
1.69018
1.68886
1.68714
1.68515
1.68301
1.68085
1.67874
1.67674
1.67485
1.67305
1.67126
1.66937
1.66726
1.66484
1.66205
1.65893
1.65561
1.65226
1.64908
1.64625
1.6439
1.64209
1.64079
1.63988
1.63917
1.63843
1.63737
1.63571
1.63319
1.62966
1.62505
1.61944
1.61305
1.6062
1.59926
1.59262
1.58661
1.58148
1.57737
1.57432
1.57225
1.57103
1.5705
1.57054
1.57104
1.57197
1.57329
1.57495
1.57689
1.57899
1.58112
1.58318
1.58508
1.58684
1.5885
1.59016
1.59189
1.59379
1.59593
1.59836
1.6011
1.6042
1.60763
1.61139
1.61543
1.61968
1.62405
1.62843
1.63272
1.63683
1.64065
1.64413
1.64718
1.64975
1.65172
1.65298
1.65337
1.65275
1.651
1.64809
1.64415
1.63941
1.6342
1.6289
1.62387
1.61938
1.61563
1.61273
1.61071
1.60954
1.60913
1.60934
1.60997
1.61079
1.61154
1.61194
1.61182
1.61109
1.60982
1.60824
1.60666
1.60542
1.60484
1.60517
1.60654
1.60903
1.61258
1.61712
1.62244
1.6283
1.63438
1.64029
1.64568
1.65022
1.65372
1.65616
1.65769
1.65852
1.65887
1.65885
1.65844
1.65751
1.65591
1.6535
1.65022
1.64614
1.64139
1.63615
1.63062
1.62495
1.61926
1.61366
1.60821
1.60296
1.59799
1.59335
1.58914
1.58542
1.5823
1.57983
1.57806
1.577
1.57666
1.57699
1.57795
1.57946
1.58147
1.5839
1.58667
1.58966
1.59273
1.59568
1.59827
1.60031
1.60168
1.60239
1.60255
1.60235
1.60197
1.60151
1.60102
1.60045
1.59974
1.59884
1.59768
1.59627
1.59462
1.5928
1.59087
1.58892
1.58703
1.58529
1.58377
1.58255
1.58172
1.58135
1.58151
1.58222
1.58348
1.58521
1.58729
1.58955
1.59182
1.59396
1.59594
1.59782
1.59969
1.60161
1.60357
1.60546
1.60711
1.60838
1.60916
1.60945
1.60933
1.60893
1.60842
1.6079
1.60743
1.60698
1.60648
1.60582
1.60493
1.60375
1.60226
1.60047
1.59837
1.59598
1.59327
1.59024
1.58686
1.58315
1.57914
1.57491
1.57055
1.5662
1.56201
1.55812
1.55466
1.55175
1.54944
1.54778
1.54676
1.54635
1.5465
1.54712
1.54815
1.5495
1.55108
1.55282
1.55464
1.55645
1.55818
1.55974
1.56108
1.56213
1.56287
1.56327
1.56335
1.56314
1.56271
1.56216
1.56158
1.56109
1.56079
1.56075
1.56099
1.5615
1.56224
1.56314
1.56415
1.56527
1.56653
1.56801
1.56981
1.57205
1.5748
1.57806
1.58177
1.58576
1.58978
1.5936
1.59695
1.59965
1.60159
1.60278
1.60327
1.60319
1.60268
1.6019
1.60094
1.59992
1.5989
1.59789
1.59693
1.59603
1.5952
1.59449
1.59393
1.59357
1.59345
1.59359
1.59396
1.59454
1.59524
1.59597
1.59666
1.5972
1.59753
1.59757
1.59731
1.59673
1.59588
1.59486
1.59377
1.59272
1.59181
1.59108
1.59053
1.59014
1.58988
1.58975
1.58977
1.59002
1.59062
1.5917
1.59336
1.59565
1.59857
1.60203
1.60589
1.60995
1.61401
1.61786
1.62132
1.62426
1.6266
1.62835
1.62953
1.63021
1.6305
1.63047
1.63024
1.62986
1.62941
1.62892
1.62839
1.62778
1.62702
1.62598
1.6245
1.62239
1.6195
1.61571
1.61097
1.60535
1.599
1.59215
1.58508
1.57807
1.5714
1.56526
1.55984
1.55526
1.55159
1.54891
1.54725
1.54665
1.54712
1.54865
1.5512
1.55465
1.55883
1.56346
1.56822
1.57276
1.57678
1.5801
1.58271
1.58473
1.58638
1.58789
1.58943
1.59114
1.59305
1.59516
1.59744
1.59989
1.60252
1.6054
1.60865
1.61234
1.61652
1.62118
1.6262
1.63139
1.6365
1.64129
1.64554
1.64912
1.65201
1.65429
1.65612
1.65771
1.65926
1.66096
1.66291
1.66517
1.66766
1.67025
1.67271
1.67477
1.67615
1.6766
1.67595
1.67414
1.67117
1.66713
1.66212
1.65629
1.64979
1.64281
1.63556
1.62822
1.62097
1.6139
1.60706
1.60044
1.59399
1.58771
1.58161
1.5758
1.57042
1.56565
1.5617
1.55872
1.55683
1.55603
1.55627
1.5574
1.55919
1.56139
1.56374
1.56604
1.56814
1.57001
1.57165
1.57314
1.57459
1.57609
1.57776
1.57969
1.58193
1.58452
1.58743
1.59061
1.59396
1.59734
1.60061
1.60364
1.60632
1.60861
1.6105
1.61202
1.61321
1.61411
1.61472
1.61502
1.61498
1.61454
1.6137
1.61248
1.61098
1.60935
1.60779
1.6065
1.60569
1.6055
1.60598
1.60712
1.60881
1.61088
1.61309
1.61522
1.61709
1.61857
1.61959
1.62014
1.62025
1.61997
1.61936
1.61845
1.61719
1.61542
1.61282
1.60903
1.60376
1.59701
1.58915
1.58073
1.57234
1.56435
1.55699
1.55029
1.54426
1.5389
1.53424
1.53039
1.52744
1.52551
1.52469
1.52507
1.52668
1.52953
1.5336
1.53882
1.5451
1.55232
1.56033
1.56895
1.57797
1.58717
1.5963
1.60508
1.61319
1.62033
1.6262
1.63057
1.63337
1.63467
1.63471
1.63385
1.63251
1.63107
1.62986
1.62911
1.62899
1.62959
1.63095
1.63308
1.63596
1.63951
1.64365
1.64824
1.65309
1.65795
1.66251
1.66641
1.66928
1.67079
1.6707
1.66895
1.66564
1.661
1.65534
1.64899
1.64225
1.63537
1.62853
1.6219
1.6156
1.60975
1.60444
1.59978
1.59584
1.59271
1.59048
1.58918
1.58878
1.58919
1.59015
1.59137
1.59246
1.59312
1.59316
1.59257
1.59152
1.59024
1.58896
1.58788
1.58711
1.58669
1.58662
1.58683
1.58727
1.58787
1.58855
1.58929
1.59005
1.59076
1.59139
1.59189
1.59224
1.59247
1.59263
1.59275
1.59287
1.59301
1.59317
1.59338
1.59366
1.59402
1.59442
1.59479
1.59501
1.59491
1.5943
1.59299
1.59081
1.58768
1.58361
1.57868
1.57309
1.56705
1.56085
1.55475
1.54903
1.54393
1.53963
1.53628
1.53397
1.53273
1.53254
1.53332
1.53496
1.53732
1.54025
1.54357
1.54712
1.55073
1.55427
1.55763
1.56073
1.56355
1.56609
1.56836
1.5704
1.57227
1.574
1.57565
1.57728
1.57896
1.58077
1.58275
1.58495
1.58735
1.5899
1.59253
1.59513
1.59763
1.59996
1.60212
1.60413
1.60604
1.60789
1.6097
1.61148
1.61319
1.61476
1.61614
1.61722
1.61791
1.61812
1.61775
1.61673
1.61502
1.61263
1.60962
1.60613
1.60237
1.59859
1.59507
1.59209
1.58991
1.5888
1.58897
1.59062
1.59392
1.599
1.60588
1.6145
1.62459
1.63567
1.64701
1.65775
1.66697
1.67399
1.67845
1.68046
1.68044
1.67896
1.67656
1.67367
1.67054
1.66729
1.66394
1.66051
1.65701
1.65352
1.65015
1.64701
1.64426
1.64199
1.64028
1.63916
1.63861
1.63856
1.63892
1.6396
1.64053
1.64171
1.64318
1.64507
1.64754
1.65077
1.65488
1.65991
1.66571
1.67186
1.6777
1.68238
1.68512
1.68541
1.68317
1.67873
1.67265
1.66553
1.65787
1.65003
1.64219
1.63444
1.62678
1.61919
1.61169
1.6043
1.59705
1.59001
1.58325
1.57685
1.57089
1.56542
1.56052
1.55623
1.5526
1.54969
1.54756
1.54629
1.54594
1.54658
1.54826
1.55101
1.55484
1.55972
1.56558
1.57231
1.57973
1.5876
1.5956
1.60337
1.61052
1.61672
1.62175
1.62551
1.62804
1.62955
1.63027
1.63047
1.63036
1.63008
1.62973
1.62932
1.62886
1.62833
1.62773
1.62705
1.6263
1.62549
1.62465
1.62382
1.6231
1.62257
1.62232
1.62243
1.62292
1.62384
1.62517
1.62691
1.62906
1.63156
1.63435
1.63728
1.64013
1.64264
1.6445
1.64543
1.64521
1.64369
1.64086
1.63682
1.63178
1.626
1.61976
1.61335
1.60699
1.60088
1.59517
1.59003
1.58559
1.58199
1.57937
1.57784
1.57751
1.57845
1.5807
1.58424
1.58897
1.59473
1.60123
1.6081
1.61488
1.62104
1.62609
1.62964
1.63146
1.63153
1.63002
1.62724
1.62359
1.61948
1.61532
1.61144
1.60805
1.60527
1.60312
1.60157
1.60059
1.60017
1.60033
1.60104
1.60222
1.60363
1.60488
1.6055
1.60507
1.60346
1.60075
1.59724
1.59321
1.5889
1.58454
1.5804
1.57675
1.57388
1.57197
1.57111
1.57131
1.57251
1.57461
1.57752
1.58115
1.58541
1.59016
1.59526
1.60052
1.60569
1.61049
1.61462
1.61784
1.61994
1.62081
1.62045
1.61896
1.61652
1.61333
1.60965
1.60569
1.60169
1.59782
1.59423
1.591
1.58817
1.58575
1.5837
1.58196
1.58048
1.57921
1.57814
1.57725
1.57659
1.57622
1.57618
1.57657
1.57743
1.57883
1.5808
1.58336
1.58648
1.59015
1.5943
1.59887
1.60376
1.60891
1.61421
1.6196
1.62499
1.63032
1.63551
1.6405
1.64519
1.64948
1.65322
1.65626
1.65844
1.65963
1.65976
1.65886
1.65699
1.65432
1.65103
1.64736
1.64354
1.63981
1.63636
1.63332
1.63078
1.62873
1.62713
1.62587
1.62484
1.6239
1.62296
1.62191
1.62073
1.6194
1.618
1.61662
1.61539
1.61446
1.61398
1.61406
1.6148
1.61625
1.61842
1.62126
1.62465
1.62847
1.63251
1.63659
1.64048
1.64397
1.64688
1.64905
1.65036
1.65075
1.65025
1.64892
1.64691
1.64442
1.64168
1.63895
1.63645
1.63436
1.6328
1.63178
1.63115
1.63066
1.62992
1.62851
1.62608
1.62245
1.61774
1.61223
1.60635
1.60048
1.59496
1.59001
1.58577
1.58231
1.57966
1.57782
1.57674
1.57636
1.57659
1.57729
1.5783
1.57946
1.58062
1.58168
1.5826
1.58342
1.5842
1.58503
1.58594
1.58692
1.58791
1.58882
1.58952
1.58988
1.5898
1.58925
1.58822
1.58679
1.58509
1.58329
1.58159
1.58016
1.57918
1.57878
1.57903
1.57995
1.58149
1.58356
1.58605
1.58882
1.59174
1.59469
1.59757
1.6003
1.60277
1.60486
1.60638
1.60712
1.60683
1.60529
1.60235
1.59796
1.59223
1.58538
1.57776
1.56979
1.5619
1.55451
1.54795
1.54249
1.53828
1.5354
1.53382
1.53347
1.53421
1.53591
1.53843
1.54166
1.54552
1.54995
1.55486
1.56017
1.56572
1.57132
1.57681
1.58205
1.587
1.59174
1.59641
1.60114
1.60601
1.61105
1.61619
1.62137
1.62653
1.63167
1.63682
1.64205
1.64737
1.65276
1.65811
1.66322
1.66787
1.67185
1.67498
1.6772
1.67851
1.67904
1.67899
1.67858
1.67805
1.6776
1.67741
1.6776
1.67826
1.67944
1.68115
1.68334
1.68592
1.68874
1.69161
1.69431
1.69661
1.69834
1.69936
1.6996
1.69905
1.69779
1.69589
1.69346
1.69061
1.68743
1.68401
1.68042
1.67672
1.67295
1.66916
1.66542
1.66177
1.65829
1.65506
1.65214
1.64959
1.64745
1.64575
1.64449
1.64368
1.64331
1.64335
1.64375
1.64445
1.64534
1.6463
1.64718
1.64785
1.64821
1.6482
1.64782
1.6471
1.6461
1.64484
1.64335
1.64159
1.63953
1.63708
1.63418
1.63082
1.62701
1.62288
1.61858
1.61435
1.61039
1.60689
1.60398
1.6017
1.60005
1.59895
1.59831
1.59801
1.59794
1.59803
1.59819
1.59838
1.59859
1.59879
1.59898
1.59915
1.59927
1.59933
1.59929
1.5991
1.59875
1.59822
1.59751
1.59665
1.59571
1.59477
1.59393
1.5933
1.59296
1.59301
1.59348
1.59436
1.5956
1.59709
1.59869
1.60025
1.60161
1.60266
1.60331
1.60352
1.6033
1.60267
1.60168
1.60039
1.59886
1.59714
1.59531
1.59343
1.59157
1.5898
1.58817
1.58675
1.58561
1.5848
1.58441
1.5845
1.58516
1.58644
1.58839
1.591
1.59422
1.59794
1.60202
1.6063
1.61064
1.61494
1.61914
1.62323
1.62724
1.63125
1.6353
1.63945
1.64372
1.64807
1.65245
1.65672
1.66071
1.66423
1.66709
1.66913
1.67023
1.67037
1.6696
1.66803
1.66581
1.66311
1.6601
1.65691
1.65363
1.6503
1.64692
1.64344
1.6398
1.63592
1.63172
1.62717
1.62226
1.61705
1.61163
1.60612
1.60067
1.59543
1.59052
1.58604
1.58206
1.57864
1.57578
1.57348
1.57174
1.57051
1.56975
1.56941
1.56943
1.56975
1.57033
1.57111
1.57205
1.5731
1.57422
1.57535
1.57643
1.57739
1.5782
1.57883
1.57932
1.57972
1.58013
1.58064
1.58134
1.58228
1.58349
1.58493
1.58653
1.58819
1.58977
1.59115
1.59223
1.59298
1.59345
1.5937
1.59384
1.59391
1.59392
1.59383
1.59357
1.59309
1.59237
1.59146
1.59049
1.58958
1.5889
1.58859
1.58879
1.58957
1.59098
1.59299
1.59554
1.59851
1.60177
1.60518
1.60859
1.6119
1.615
1.61782
1.62029
1.62231
1.62379
1.62465
1.62481
1.62424
1.62301
1.62123
1.61909
1.61681
1.6146
1.61264
1.61106
1.60992
1.6092
1.60885
1.60878
1.60888
1.60908
1.60927
1.60939
1.60936
1.60907
1.60844
1.60736
1.60577
1.60364
1.60102
1.59799
1.59469
1.59126
1.58786
1.58463
1.5817
1.57915
1.57705
1.57542
1.57426
1.57355
1.57327
1.5734
1.57393
1.5749
1.57633
1.57829
1.58083
1.58392
1.58747
1.59126
1.59489
1.59787
1.59964
1.59975
1.59804
1.59468
1.59011
1.58486
1.57943
1.57421
1.56952
1.56565
1.56278
1.56107
1.56053
1.56113
1.5627
1.56505
1.56794
1.57114
1.57446
1.57775
1.58093
1.58392
1.58667
1.58909
1.59113
1.59275
1.59396
1.59486
1.59561
1.59635
1.59722
1.59829
1.59959
1.60107
1.60269
1.60437
1.60604
1.60767
1.60921
1.61068
