12.6756
1.74581
1.75085
1.75712
1.76465
1.77346
1.78359
1.79507
1.80794
1.82226
1.83805
1.85537
1.87426
1.89478
1.91696
1.94084
1.96644
1.99377
2.02281
2.05352
2.08579
2.1195
2.15445
2.19038
2.22696
2.26379
2.3004
2.33628
2.37088
2.40366
2.43413
2.46186
2.48652
2.50793
2.526
2.54081
2.55252
2.56141
2.5678
2.57209
2.57466
2.5759
2.57616
2.57577
2.575
2.57405
2.5731
2.57225
2.57158
2.57111
2.57081
2.57063
2.57043
2.57006
2.56931
2.56796
2.56588
2.56298
2.55931
2.555
2.55026
2.54527
2.54023
2.53529
2.53059
2.52624
2.52231
2.51888
2.51596
2.51357
2.51168
2.51023
2.50913
2.50829
2.5076
2.50695
2.50624
2.50539
2.50434
2.50305
2.5015
2.49968
2.49761
2.49534
2.4929
2.49036
2.48776
2.48518
2.48264
2.48021
2.47793
2.47581
2.4739
2.47218
2.47067
2.46932
2.4681
2.46699
2.46597
2.46507
2.46434
2.46388
2.46375
2.46401
2.46466
2.46566
2.46693
2.46838
2.46991
2.47147
2.47301
2.47454
2.47609
2.47771
2.47943
2.48128
2.48325
2.48534
2.48749
2.48964
2.49171
2.49361
2.49526
2.49661
2.49763
2.49831
2.4987
2.49888
2.49896
2.49908
2.49939
2.49998
2.5009
2.50206
2.50331
2.50439
2.50501
2.50497
2.50419
2.50275
2.50079
2.49849
2.49594
2.49321
2.49034
2.48736
2.48435
2.48139
2.47862
2.47616
2.47416
2.47273
2.47193
2.47182
2.47237
2.4735
2.47506
2.47686
2.47867
2.4803
2.48166
2.48271
2.4835
2.48405
2.48434
2.48428
2.48378
2.48273
2.48107
2.47882
2.47606
2.47288
2.46942
2.46581
2.46217
2.4586
2.45518
2.45194
2.4489
2.44603
2.44324
2.44046
2.43758
2.43451
2.43117
2.42754
2.42365
2.41956
2.41539
2.41123
2.40721
2.40344
2.4
2.39697
2.39439
2.39232
2.39082
2.38993
2.38968
2.39012
2.39128
2.39315
2.39575
2.39903
2.40296
2.40746
2.41245
2.41783
2.42351
2.42938
2.43534
2.44129
2.44712
2.45273
2.458
2.46281
2.46707
2.47069
2.47365
2.47594
2.47764
2.47886
2.47973
2.48041
2.48106
2.48183
2.4828
2.48401
2.48542
2.48693
2.48842
2.48978
2.49095
2.49195
2.49289
2.49388
2.49506
2.49653
2.49833
2.50049
2.50299
2.5058
2.50892
2.51233
2.51602
2.51997
2.52412
2.52836
2.53251
2.53634
2.53964
2.54225
2.54411
2.54519
2.54536
2.54436
2.54189
2.53784
2.53242
2.52615
2.51968
2.51352
2.50808
2.50355
2.5
2.49745
2.49584
2.4951
2.49517
2.49595
2.4974
2.49947
2.50212
2.50534
2.50906
2.51322
2.51769
2.52225
2.52667
2.53062
2.53383
2.53607
2.53727
2.53747
2.53686
2.53567
2.53414
2.53247
2.53084
2.52936
2.52811
2.52712
2.52639
2.52589
2.52556
2.52532
2.52509
2.52479
2.52433
2.52366
2.52274
2.52155
2.52013
2.51854
2.5169
2.5153
2.51389
2.51275
2.51192
2.51141
2.51114
2.51102
2.5109
2.51058
2.50987
2.50859
2.50667
2.50417
2.5013
2.49835
2.49561
2.49332
2.49165
2.49067
2.49035
2.49065
2.49148
2.49275
2.49435
2.49622
2.49825
2.50036
2.50245
2.5044
2.50604
2.50719
2.50765
2.50727
2.506
2.50385
2.501
2.49768
2.49417
2.49074
2.48766
2.4851
2.48318
2.48197
2.48145
2.48158
2.48231
2.48356
2.48527
2.48737
2.48975
2.49226
2.49467
2.49674
2.49821
2.4989
2.49875
2.49786
2.49648
2.49494
2.49356
2.4926
2.49224
2.49254
2.49351
2.49515
2.49738
2.50011
2.50323
2.50659
2.51008
2.51357
2.517
2.52035
2.52361
2.52684
2.53008
2.53333
2.53658
2.53974
2.54269
2.54533
2.54757
2.5494
2.55087
2.55208
2.55313
2.55411
2.55511
2.55613
2.55721
2.55836
2.55959
2.56092
2.56233
2.5638
2.56523
2.56651
2.56748
2.56791
2.56758
2.56632
2.56413
2.56117
2.55782
2.55449
2.55154
2.54919
2.54747
2.54627
2.5454
2.5447
2.54406
2.54349
2.54304
2.54277
2.54274
2.54298
2.54352
2.54436
2.5455
2.54693
2.54861
2.55046
2.55241
2.55436
2.55623
2.55797
2.55954
2.56095
2.56224
2.56348
2.56475
2.56615
2.56776
2.56965
2.57185
2.57436
2.57716
2.5802
2.58336
2.58655
2.58962
2.59239
2.59467
2.59623
2.59694
2.59667
2.59544
2.59335
2.59057
2.58735
2.58393
2.58056
2.57748
2.57488
2.57292
2.57172
2.57136
2.57186
2.57321
2.57534
2.57817
2.58158
2.58542
2.58955
2.5938
2.59802
2.60204
2.60569
2.60881
2.61126
2.61294
2.61377
2.61373
2.61291
2.61145
2.60954
2.60736
2.60506
2.60272
2.60037
2.59802
2.59567
2.59335
2.59106
2.58877
2.58642
2.58393
2.58122
2.57819
2.57477
2.57092
2.56662
2.56189
2.5568
2.55143
2.54596
2.54054
2.53539
2.53073
2.52675
2.52365
2.52156
2.52056
2.52064
2.52167
2.52344
2.52562
2.52786
2.52984
2.53132
2.53213
2.53223
2.53165
2.53045
2.52872
2.52663
2.52435
2.52207
2.51995
2.51809
2.51653
2.51527
2.51421
2.51326
2.51232
2.5113
2.51017
2.50891
2.50756
2.50615
2.50473
2.50335
2.50203
2.5008
2.49967
2.49868
2.4978
2.49707
2.49646
2.49597
2.49557
2.49523
2.49497
2.49478
2.49469
2.49473
2.49494
2.49535
2.49596
2.49674
2.49766
2.49866
2.49972
2.5008
2.50191
2.50307
2.5043
2.5056
2.50694
2.5083
2.50965
2.51094
2.51216
2.51324
2.51412
2.5147
2.51486
2.5145
2.51351
2.51187
2.50962
2.50688
2.50382
2.50067
2.49764
2.49489
2.49254
2.49063
2.48917
2.48808
2.4873
2.48679
2.4865
2.48646
2.48672
2.48733
2.48836
2.48984
2.49177
2.49413
2.49684
2.4998
2.5029
2.506
2.50902
2.51186
2.51445
2.51677
2.51877
2.52043
2.52171
2.52261
2.52315
2.52337
2.52332
2.5231
2.52279
2.5225
2.52233
2.52236
2.52261
2.52303
2.52351
2.52391
2.5241
2.52398
2.52354
2.5228
2.52187
2.52085
2.51987
2.51903
2.51841
2.51807
2.51805
2.51836
2.519
2.51995
2.52116
2.52255
2.52401
2.52542
2.52662
2.52749
2.52795
2.52795
2.52751
2.52669
2.52556
2.52424
2.52284
2.52148
2.5203
2.51939
2.51884
2.51867
2.5189
2.51949
2.52044
2.5217
2.52326
2.52511
2.52725
2.52967
2.53233
2.5352
2.53822
2.54133
2.54448
2.54762
2.55072
2.55374
2.55671
2.55965
2.56261
2.56563
2.56875
2.57192
2.5751
2.5782
2.58119
2.58409
2.58694
2.5898
2.5927
2.5956
2.59844
2.60114
2.60361
2.60578
2.60761
2.60906
2.61012
2.61079
2.61111
2.61116
2.61109
2.61103
2.6111
2.61135
2.6117
2.61189
2.61158
2.61035
2.60787
2.60397
2.59873
2.59242
2.58543
2.57817
2.57099
2.56411
2.55762
2.55147
2.54557
2.53977
2.53392
2.52794
2.52179
2.51554
2.50932
2.5033
2.49767
2.4926
2.4882
2.48454
2.4816
2.47936
2.47773
2.4766
2.47588
2.47543
2.47515
2.4749
2.47455
2.47393
2.47294
2.47147
2.46952
2.46714
2.46445
2.46163
2.45885
2.45628
2.45405
2.45226
2.45098
2.45022
2.45003
2.4504
2.45132
2.45279
2.45478
2.45727
2.46024
2.46368
2.46755
2.47179
2.47626
2.4807
2.4847
2.48783
2.48972
2.49027
2.48971
2.48844
2.48694
2.48563
2.48477
2.48453
2.48494
2.48595
2.48748
2.48941
2.49164
2.49409
2.49671
2.4995
2.50246
2.50561
2.50895
2.51245
2.51605
2.51966
2.52315
2.52638
2.52922
2.53157
2.53335
2.53455
2.53522
2.53544
2.5353
2.5349
2.53433
2.53361
2.53273
2.53166
2.5303
2.52855
2.52631
2.52348
2.52002
2.51594
2.51138
2.50652
2.5016
2.49687
2.49253
2.48869
2.48537
2.4825
2.47999
2.47769
2.47551
2.47342
2.47145
2.4697
2.46831
2.46743
2.46718
2.46766
2.46892
2.47099
2.47383
2.47736
2.48145
2.48593
2.49059
2.49521
2.49961
2.50361
2.50714
2.51018
2.51276
2.51498
2.51692
2.51866
2.52023
2.52162
2.52277
2.5236
2.52402
2.52397
2.52344
2.52245
2.52109
2.51949
2.51779
2.51615
2.51471
2.51357
2.51283
2.5125
2.51259
2.51305
2.51383
2.51484
2.51605
2.51739
2.51885
2.52037
2.52192
2.52345
2.5249
2.52623
2.52744
2.52853
2.52957
2.53066
2.53192
2.5335
2.53554
2.53817
2.54147
2.5455
2.55025
2.55569
2.56172
2.56823
2.57503
2.58194
2.58874
2.59521
2.60116
2.60648
2.61111
2.61507
2.61844
2.6213
2.62378
2.62599
2.62804
2.62996
2.63159
2.63255
2.63223
2.63003
2.62567
2.61935
2.61164
2.60323
2.59463
2.58617
2.57803
2.57031
2.56306
2.55632
2.55014
2.54455
2.53956
2.53516
2.53134
2.52803
2.52518
2.52271
2.52056
2.51867
2.517
2.51553
2.51424
2.51314
2.51226
2.51168
2.5115
2.51187
2.51295
2.51488
2.51771
2.52128
2.52515
2.52864
2.53094
2.53148
2.53016
2.52734
2.5236
2.51947
2.51534
2.51145
2.50789
2.50469
2.50182
2.49922
2.49685
2.49466
2.49268
2.49095
2.48957
2.4886
2.48814
2.48827
2.48902
2.49046
2.49264
2.49565
2.49954
2.50437
2.51007
2.51647
2.52318
2.52968
2.5354
2.53997
2.54334
2.54574
2.54752
2.54904
2.55052
2.5521
2.55388
2.55588
2.55812
2.56061
2.56332
2.56625
2.56934
2.57253
2.57568
2.57854
2.58075
2.58185
2.58144
2.57937
2.57591
2.57163
2.56721
2.56317
2.55982
2.55724
2.55537
2.5541
2.55327
2.55273
2.55238
2.55212
2.55186
2.55147
2.55087
2.54992
2.54858
2.54687
2.5449
2.54287
2.54101
2.53957
2.53875
2.5387
2.53948
2.54112
2.54353
2.54659
2.55012
2.55393
2.55785
2.5618
2.56578
2.56985
2.57411
2.57858
2.58316
2.58756
2.59133
2.59402
2.59532
2.59523
2.59406
2.59229
2.59039
2.58877
2.58767
2.58722
2.58748
2.58846
2.59015
2.59251
2.59549
2.59897
2.60281
2.60674
2.61043
2.61347
2.61541
2.61587
2.61461
2.61156
2.60689
2.60092
2.59408
2.58681
2.57952
2.57253
2.56607
2.56031
2.55533
2.5512
2.54792
2.54549
2.54389
2.54302
2.54279
2.54299
2.54341
2.54375
2.54374
2.5431
2.54164
2.53925
2.53598
2.53198
2.52747
2.52272
2.51795
2.51334
2.50897
2.50487
2.50106
2.49749
2.49416
2.49105
2.48819
2.48563
2.48344
2.4817
2.48047
2.47981
2.47972
2.4802
2.48122
2.48272
2.48465
2.4869
2.48937
2.49189
2.49426
2.49628
2.49776
2.49855
2.49854
2.49771
2.49608
2.49371
2.49076
2.4874
2.48383
2.48022
2.47675
2.47349
2.47049
2.46775
2.46527
2.46303
2.46106
2.45941
2.45816
2.4574
2.4572
2.45761
2.45865
2.46031
2.46252
2.46517
2.46814
2.47125
2.47431
2.47714
2.47958
2.48153
2.48295
2.4839
2.48449
2.4849
2.48533
2.48599
2.48703
2.48857
2.49057
2.49283
2.49498
2.49653
2.49706
2.4964
2.49477
2.49261
2.49042
2.48857
2.48728
2.48658
2.48642
2.48668
2.48723
2.48799
2.4889
2.49
2.49135
2.49308
2.49531
2.49817
2.50176
2.50609
2.51112
2.51669
2.5226
2.52859
2.53437
2.5397
2.54433
2.54806
2.55076
2.55236
2.55289
2.55243
2.55114
2.54922
2.54687
2.54433
2.54182
2.53956
2.53773
2.53648
2.53589
2.53596
2.53664
2.53778
2.53918
2.54057
2.5417
2.54233
2.54228
2.54148
2.53993
2.53772
2.53499
2.53188
2.52858
2.52523
2.52197
2.51894
2.51622
2.51387
2.51195
2.51052
2.50964
2.50942
2.50995
2.51129
2.51337
2.5159
2.51829
2.51978
2.51968
2.51779
2.51449
2.51048
2.50647
2.5029
2.50003
2.49789
2.49647
2.49573
2.49563
2.49612
2.49718
2.49877
2.50087
2.5034
2.50629
2.50943
2.51265
2.51579
2.51868
2.5212
2.52325
2.52484
2.52604
2.52697
2.52776
2.52857
2.52949
2.53059
2.53191
2.53344
2.53519
2.53719
2.53946
2.54203
2.54489
2.54796
2.55111
2.55414
2.55678
2.55877
2.5599
2.56007
2.55933
2.55783
2.55583
2.55359
2.55131
2.54909
2.54685
2.54434
2.54124
2.53728
2.53243
2.52686
2.52092
2.515
2.50941
2.50431
2.49975
2.4957
2.49209
2.48882
2.48578
2.48288
2.48005
2.47724
2.47445
2.47172
2.46911
2.46671
2.46461
2.46294
2.46175
2.46111
2.46107
2.46159
2.46259
2.46384
2.46498
2.4655
2.46489
2.46285
2.45941
2.45502
2.45029
2.44584
2.44213
2.43945
2.43788
2.43742
2.43795
2.4393
2.44128
2.44364
2.44617
2.44872
2.45114
2.45336
2.45535
2.45711
2.45868
2.46011
2.46143
2.46267
2.46387
2.46503
2.46617
2.4673
2.46843
2.46957
2.47077
2.47205
2.47344
2.47494
2.47657
2.47828
2.48002
2.4817
2.48323
2.48452
2.48547
2.48603
2.48619
2.48598
2.4855
2.48489
2.48431
2.48395
2.48396
2.48445
2.48553
2.48719
2.48941
2.49206
2.49497
2.49791
2.50069
2.50314
2.50519
2.50686
2.50821
2.50929
2.51014
2.51073
2.51103
2.51097
2.51052
2.5097
2.50855
2.50714
2.50559
2.50403
2.50259
2.50138
2.50049
2.49998
2.4999
2.50025
2.501
2.5021
2.50349
2.50506
2.50672
2.50836
2.50987
2.51117
2.51219
2.51287
2.51321
2.51325
2.51307
2.51275
2.51241
2.51214
2.51202
2.51213
2.5125
2.51319
2.51424
2.51567
2.51752
2.51982
2.52261
2.52589
2.52965
2.53385
2.5384
2.54316
2.54793
2.55251
2.55665
2.56014
2.56278
2.56444
2.565
2.56443
2.56276
2.56015
2.55682
2.55309
2.5493
2.54578
2.54282
2.54063
2.53937
2.53914
2.53998
2.54184
2.54457
2.54794
2.5516
2.55519
2.55837
2.56093
2.56279
2.564
2.56465
2.56479
2.56438
2.56334
2.56152
2.55884
2.5553
2.55099
2.54613
2.54098
2.53585
2.53096
2.52652
2.52261
2.51923
2.5163
2.51371
2.5113
2.50895
2.5066
2.50426
2.502
2.49994
2.4982
2.49695
2.49632
2.49643
2.4974
2.4993
2.5022
2.5061
2.51097
2.51673
2.52322
2.53018
2.53728
2.54413
2.55027
2.55529
2.55884
2.56071
2.56085
2.5594
2.55657
2.55271
2.54814
2.54316
2.53801
2.53281
2.52765
2.52253
2.51743
2.51238
2.50746
2.50281
2.49861
2.495
2.49212
2.49002
2.48868
2.48802
2.48792
2.48828
2.489
2.49004
2.49143
2.49327
2.49566
2.49867
2.50237
2.50673
2.51167
2.517
2.52246
2.52776
2.53254
2.5365
2.53946
2.54142
2.54252
2.54306
2.54335
2.54365
2.54415
2.54491
2.54589
2.54701
2.54811
2.54909
2.54981
2.55021
2.55016
2.54953
2.54818
2.54595
2.54275
2.53857
2.53348
2.52763
2.52124
2.51457
2.50792
2.5016
2.49593
2.49115
2.48745
2.48493
2.48361
2.48342
2.48425
2.48593
2.48827
2.49108
2.49417
2.49735
2.5005
2.50352
2.50632
2.50885
2.51109
2.513
2.51455
2.51577
2.51668
2.51736
2.51794
2.51854
2.51932
2.52043
2.52196
2.52397
2.52646
2.52936
2.53253
2.53578
2.53885
2.54148
2.54341
2.54441
2.54432
2.54315
2.54099
2.53809
2.53471
2.53118
2.52777
2.5247
2.52212
2.52016
2.51888
2.51836
2.51865
2.51981
2.52186
2.52475
2.5284
2.53261
2.53715
2.54175
2.54619
2.5503
2.55396
2.55714
2.55984
2.56211
2.564
2.56557
2.56688
2.56792
2.5686
2.56877
2.56831
2.56713
2.56525
2.56279
2.55994
2.55694
2.55404
2.55145
2.54931
2.54772
2.54668
2.54615
2.54602
2.54617
2.54644
2.5467
2.54686
2.54687
2.54675
2.54653
2.54629
2.54608
2.54585
2.54555
2.54501
2.54405
2.54251
2.54029
2.5374
2.53397
2.53023
2.52648
2.523
2.52005
2.51786
2.51656
2.51624
2.51688
2.51837
2.52049
2.52298
2.52557
2.52807
2.5304
2.5326
2.53473
2.53679
2.53871
2.54039
2.54166
2.5424
2.54255
2.54209
2.54107
2.53953
2.53749
2.53495
2.53195
2.5286
2.52506
2.52156
2.5183
2.51543
2.51303
2.51113
2.50972
2.50877
2.50825
2.50815
2.50842
2.50904
2.50997
2.51113
2.51244
2.51383
2.5152
2.51648
2.51762
2.51858
2.51936
2.51999
2.52048
2.52089
2.52123
2.52155
2.52185
2.52215
2.52248
2.52284
2.52326
2.52373
2.52424
2.52477
2.52528
2.52573
2.52609
2.52639
2.52667
2.527
2.52745
2.52804
2.52878
2.52961
2.53048
2.53134
2.53214
2.53287
2.53352
2.5341
2.53463
2.5351
2.53555
2.53598
2.5364
2.5368
2.53715
2.53739
2.53745
2.53721
2.53654
2.53533
2.53348
2.53097
2.52786
2.52427
2.52037
2.51633
2.51234
2.50852
2.50496
2.5017
2.49874
2.49602
2.4935
2.49111
2.4888
2.48652
2.48428
2.48209
2.48001
2.47813
2.47657
2.47545
2.47487
2.47495
2.47574
2.47724
2.47942
2.4822
2.48549
2.48915
2.49306
2.49711
2.5012
2.50526
2.50924
2.51312
2.51688
2.52046
2.5238
2.52679
2.5293
2.5312
2.53243
2.53297
2.5329
2.53237
2.53154
2.53058
2.52962
2.52877
2.52807
2.52758
2.52728
2.52717
2.52724
2.5275
2.52794
2.52858
2.52944
2.53053
2.53189
2.53356
2.53554
2.53786
2.54046
2.54325
2.5461
2.5488
2.55114
2.5529
2.55392
2.55412
2.55353
2.55224
2.55038
2.54807
2.54541
2.54243
2.53912
2.53547
2.53147
2.52711
2.52243
2.51752
2.51249
2.50745
2.50253
2.49783
2.49342
2.48937
2.48568
2.48236
2.47941
2.47682
2.4746
2.47278
2.47139
2.47046
2.47003
2.47013
2.47079
2.47201
2.47378
2.47604
2.47874
2.48177
2.48501
2.48835
2.49172
2.49505
2.49832
2.50153
2.5047
2.50785
2.51093
2.51391
2.5167
2.51919
2.5213
2.523
2.52438
2.52558
2.52679
2.52823
2.53009
2.53246
2.53541
2.53891
2.5429
2.54729
2.55193
2.55666
2.56132
2.56576
2.56984
2.57342
2.57639
2.57869
2.58025
2.58106
2.58111
2.58042
2.57903
2.57701
2.57439
2.57125
2.56764
2.56362
2.55924
2.55459
2.54972
2.54472
2.5397
2.53473
2.52994
2.5254
2.52123
2.5175
2.51428
2.51162
2.50956
2.50812
2.50731
2.50713
2.50757
2.50859
2.51014
2.51216
2.51459
2.51737
2.52048
2.52389
2.52762
2.53168
2.53603
2.54059
2.54522
2.54966
2.55365
2.55691
2.55928
2.56066
2.56108
2.56059
2.55929
2.55727
2.55463
2.55151
2.54806
2.54445
2.54088
2.5375
2.53445
2.53182
2.52962
2.52781
2.5263
2.52494
2.52359
2.52209
2.52033
2.51829
2.51603
2.51366
2.51137
2.50935
2.50777
2.50678
2.50646
2.50687
2.50802
2.50986
2.51233
2.51535
2.51883
2.52264
2.52669
2.53084
2.53498
2.53898
2.54272
2.5461
2.54902
2.55143
2.55331
2.55465
2.55549
2.55584
2.55577
2.55531
2.55452
2.55345
2.55214
2.55065
2.54898
2.54713
2.54507
2.54277
2.54022
2.53746
2.53453
2.53153
2.52851
2.52553
2.5226
2.51973
2.51694
2.51426
2.51176
2.50951
2.50759
2.50609
2.50506
2.50453
2.50457
2.50517
2.50638
2.50817
2.51053
2.51341
2.51673
2.5204
2.52431
2.52833
2.53234
2.53624
2.53994
2.54337
2.54649
2.54931
2.55182
2.55409
2.55616
2.5581
2.55995
2.56178
2.56359
2.56538
2.56711
2.56873
2.57017
2.57134
2.5722
2.57274
2.573
2.57308
2.57312
2.57331
2.57382
2.57481
2.57634
2.57836
2.58065
2.58287
2.5846
2.58546
2.58525
2.58397
2.58179
2.57903
2.57597
2.57294
2.57016
2.5678
2.56598
2.56474
2.56407
2.56393
2.56419
2.56471
2.56528
2.56568
2.5657
2.56519
2.56405
2.56231
2.56006
2.55748
2.5548
2.55224
2.55
2.54824
2.54708
2.54657
2.54675
2.5476
2.54909
2.55112
2.5536
2.55637
2.55927
2.56215
2.56485
2.56726
2.56928
2.57083
2.57188
2.57237
2.57221
2.57133
2.56964
2.5671
2.56367
2.55939
2.55436
2.54869
2.54257
2.53617
2.5297
2.52335
2.51732
2.51177
2.50682
2.50256
2.49904
2.4963
2.49433
2.49312
2.49263
2.49285
2.49374
2.49529
2.49745
2.50021
2.5035
2.50726
2.51138
2.51576
2.52025
2.52473
2.52907
2.53316
2.5369
2.54015
2.54279
2.54469
2.54581
2.54619
2.54601
2.54554
2.54505
2.5448
2.54492
2.54546
2.5463
2.54728
2.5481
2.54849
2.54825
2.54739
2.54606
2.54456
2.54321
2.54224
2.54183
2.54208
2.54308
2.54488
2.54753
2.551
2.5552
2.55991
2.56484
2.56954
2.57355
2.57636
2.5776
2.57713
2.57507
2.57178
2.56772
2.56332
2.55897
2.55492
2.55138
2.54847
2.54624
2.5447
2.54379
2.5434
2.54338
2.54353
2.54372
2.54383
2.54382
2.54369
2.54351
2.54333
2.54322
2.54322
2.54333
2.54359
2.54408
2.54485
2.546
2.5476
2.54965
2.55207
2.55473
2.55742
2.55993
2.56206
2.56366
2.56466
2.56508
2.565
2.56454
2.56384
2.56304
2.56221
2.56143
2.5607
2.56004
2.55945
2.55891
2.55843
2.55802
2.55769
2.55743
2.55724
2.55711
2.55702
2.55694
2.55681
2.55659
2.5562
2.55561
2.55481
2.55387
2.55284
2.55178
2.55069
2.5495
2.54812
2.54643
2.5444
2.54211
2.53975
2.53753
2.53567
2.5343
2.53344
2.53306
2.53309
2.53344
2.53408
2.53493
2.53597
2.5371
2.53825
2.53928
2.54009
2.54057
2.54065
2.54029
2.53952
2.53836
2.53686
2.53506
2.53301
2.53071
2.52817
2.52539
2.52234
2.519
2.51537
2.51145
2.5073
2.50298
2.49861
2.49431
2.49022
2.4865
2.48328
2.48067
2.47875
2.47756
2.47709
2.47726
2.47799
2.47914
2.48059
2.48226
2.48408
2.48605
2.48816
2.49041
2.49276
2.49515
2.49743
2.4994
2.50086
2.50159
2.50146
2.50047
2.4987
2.49635
2.49363
2.4907
2.48773
2.48481
2.48199
2.47934
2.47688
2.47465
2.47268
2.47101
2.46969
2.46876
2.46828
2.46831
2.46888
2.47003
2.47178
2.47408
2.47684
2.47991
2.48309
2.4861
2.48865
2.49045
2.49121
2.49077
2.48905
2.48619
2.48244
2.47823
2.47403
2.47027
2.46735
2.46552
2.4649
2.46547
2.46706
2.46933
2.47185
2.47417
2.47588
2.47671
2.47661
2.47567
2.47406
2.47196
2.46958
2.46705
2.46455
2.46221
2.46017
2.45851
2.4573
2.4566
2.45642
2.45678
2.45768
2.45909
2.46096
2.46325
2.46589
2.46882
2.472
2.4754
2.479
2.4828
2.48678
2.49091
2.49512
2.49931
2.50332
2.50701
2.51025
2.5129
2.51488
2.51613
2.51663
2.51645
2.51571
2.51455
2.51317
2.51173
2.51042
2.50936
2.50866
2.50842
2.50868
2.5095
2.51091
2.51294
2.51559
2.51889
2.52283
2.52736
2.5324
2.53783
2.54341
2.54885
2.55382
2.55794
2.56086
2.56235
2.56233
2.56091
2.55837
2.55508
2.55141
2.54765
2.54402
2.54065
2.53763
2.53497
2.53267
2.53067
2.52891
2.52729
2.52573
2.52414
2.52244
2.52054
2.51835
2.51576
2.51269
2.50915
2.5052
2.50102
2.49686
2.49295
2.48947
2.48653
2.48412
2.48217
2.48057
2.47922
2.47807
2.47716
2.47657
2.47642
2.47679
2.47772
2.4792
2.48115
2.48348
2.4861
2.48891
2.49186
2.49494
2.49818
2.50161
2.50529
2.50928
2.51362
2.51831
2.52336
2.52872
2.53432
2.54005
2.54581
2.55146
2.55688
2.56195
2.56659
2.57074
2.57434
2.57737
2.57982
2.5817
2.58304
2.58389
2.58434
2.58445
2.58429
2.58392
2.58339
2.58273
2.582
2.58125
2.58055
2.58
2.5797
2.57975
2.58021
2.58106
2.58219
2.58341
2.58441
2.58485
2.58445
2.58298
2.58034
2.5766
2.5719
2.56647
2.56061
2.55464
2.54887
2.54354
2.53885
2.53488
2.53167
2.52917
2.52729
2.52593
2.52496
2.52429
2.52382
2.52349
2.52324
2.52307
2.523
2.52306
2.52334
2.52393
2.52493
2.52646
2.52863
2.53151
2.53515
2.53957
2.5447
2.55041
2.55647
2.5626
2.56844
2.57359
2.57771
2.58052
2.58189
2.58182
2.58049
2.57814
2.57507
2.57159
2.56798
2.56448
2.56128
2.55853
2.55632
2.55472
2.55368
2.55309
2.55274
2.55232
2.55146
2.5498
2.54709
2.54327
2.53844
2.53287
2.52689
2.5208
2.51484
2.50916
2.5038
2.49873
2.4939
2.48924
2.48471
2.4803
2.47604
2.47198
2.46822
2.46486
2.46201
2.4598
2.45837
2.45788
2.45847
2.46023
2.46313
2.46694
2.47108
2.4747
2.4769
2.47723
2.47592
2.47371
2.47135
2.46936
2.46792
2.46699
2.46642
2.46602
2.46562
2.46508
2.46432
2.46328
2.46194
2.46031
2.45842
2.45632
2.45406
2.4517
2.44933
2.44701
2.44483
2.44286
2.44116
2.43981
2.43884
2.4383
2.43822
2.43862
2.43952
2.44094
2.44286
2.4453
2.44826
2.45171
2.45563
2.45999
2.46471
2.46975
2.47506
2.4806
2.4864
2.49251
2.499
2.50588
2.51313
2.52066
2.5283
2.53583
2.54303
2.54966
2.55552
2.56047
2.56442
2.5674
2.56946
2.57074
2.5714
2.57161
2.57154
2.57136
2.57122
2.57126
2.57165
2.57252
2.57399
2.57612
2.57887
2.58211
2.58562
2.5891
2.59224
2.59481
2.59665
2.59769
2.5979
2.59733
2.59602
2.59401
2.59138
2.58819
2.58456
2.58063
2.57659
2.57264
2.56893
2.5656
2.56267
2.56008
2.55773
2.55545
2.55307
2.55044
2.54746
2.54407
2.54032
2.53631
2.53218
2.52809
2.52422
2.52071
2.51765
2.51509
2.51301
2.51138
2.51011
2.50907
2.50816
2.50726
2.50628
2.50513
2.50381
2.50231
2.50068
2.49902
2.49743
2.49601
2.49489
2.49418
2.49398
2.49437
2.49543
2.49721
2.49973
2.50298
2.50695
2.51156
2.51672
2.52229
2.52809
2.53395
2.53968
2.54509
2.55003
2.55438
2.55809
2.56114
2.56356
2.56543
2.56682
2.56784
2.5686
2.56915
2.56957
2.56986
2.57001
2.56992
2.56947
2.5685
2.56685
2.56442
2.56114
2.55701
2.55208
2.54643
2.54012
2.53323
2.52585
2.51811
2.51019
2.50229
2.49461
2.48731
2.48056
2.47444
2.46905
2.46442
2.46061
2.45765
2.45557
2.45441
2.4542
2.45495
2.45665
2.45924
2.46266
2.46676
2.47136
2.47624
2.4812
2.48599
2.49042
2.49435
2.49769
2.50039
2.50247
2.50398
2.505
2.50563
2.50593
2.50591
2.50556
2.50476
2.50336
2.50128
2.49854
2.49533
2.492
2.48893
2.48645
2.4848
2.48405
2.48418
2.48511
2.48669
2.48881
2.49136
2.49426
2.4975
2.50106
2.50498
2.50927
2.51398
2.5191
2.52466
2.53062
2.5369
2.54328
2.54943
2.55488
2.55918
2.56206
2.56361
2.56419
2.56435
2.56465
2.56546
2.56702
2.56937
2.57239
2.57588
2.57959
2.58318
2.58633
2.58873
2.59017
2.59058
2.59014
2.58919
2.58822
2.58766
2.58781
2.58874
2.59026
2.59205
2.5937
2.59483
2.59522
2.59476
2.59348
2.5915
2.58901
2.58621
2.58328
2.58039
2.57766
2.57511
2.57271
2.57028
2.56758
2.56438
2.56061
2.55645
2.55232
2.54867
2.54589
2.54417
2.54353
2.54382
2.54483
2.54631
2.54801
2.54972
2.55122
2.55232
2.55285
2.55267
2.55169
2.54989
2.54732
2.54414
2.54054
2.53673
2.53294
2.52935
2.52606
2.52316
2.52067
2.51859
2.51695
2.51574
2.51496
2.51459
2.51455
2.51477
2.51515
2.51556
2.51593
2.51618
2.51627
2.51617
2.51591
2.5155
2.51499
2.51441
2.5138
2.51319
2.51264
2.5122
2.51196
2.512
2.51245
2.51338
2.51487
2.51691
2.51944
2.52238
2.52557
2.5289
2.53232
2.53585
2.53954
2.54345
2.54763
2.55203
2.55656
2.56109
2.56546
2.5695
2.57305
2.57597
2.57816
2.57953
2.58007
2.57979
2.57876
2.57709
2.57487
2.57225
2.56936
2.56633
2.56328
2.56034
2.55764
2.55525
2.55323
2.5516
2.5503
2.54923
2.54826
2.54726
2.5462
2.54512
2.54416
2.5435
2.54333
2.54378
2.54495
2.54683
2.54938
2.55247
2.55593
2.55954
2.56306
2.56628
2.56902
2.57119
2.57278
2.57389
2.57469
2.5754
2.57622
2.57736
2.57896
2.58111
2.58381
2.58701
2.59056
2.59428
2.59789
2.60107
2.60355
2.60511
2.60566
2.60522
2.60386
2.60171
2.5989
2.59559
2.59199
2.58827
2.58453
2.58082
2.57709
2.57331
2.5695
2.5658
2.56236
2.55937
2.55697
2.55526
2.55424
2.55388
2.55403
2.55452
2.55511
2.55561
2.55583
2.55567
2.55513
2.55429
2.55326
2.55218
2.55118
2.55036
2.54981
2.54958
2.54964
2.54993
2.55029
2.55054
2.55054
2.55028
2.54984
2.54944
2.54926
2.54941
2.54991
2.55063
2.55141
2.55208
2.55253
2.5527
2.55265
2.55248
2.55233
2.55234
2.55263
2.55329
2.55434
2.55578
2.55752
2.5595
2.5616
2.56375
2.56588
2.56794
2.56991
2.57178
2.57354
2.57518
2.57665
2.57792
2.57894
2.57969
2.58016
2.5804
2.58048
2.58046
2.5804
2.58035
2.58038
2.5805
2.58081
2.58137
2.58227
2.58362
2.58545
2.58775
2.59038
2.5931
2.59557
2.59745
2.59847
2.59851
2.5976
2.59589
2.59359
2.5909
2.58798
2.58488
2.58161
2.57812
2.57442
2.57055
2.56657
2.56257
2.5586
2.55465
2.55065
2.54651
2.54212
2.53738
2.5322
2.52655
2.52045
2.51394
2.50714
2.50018
2.49319
2.48633
2.47973
2.47353
2.46787
2.46287
2.45864
2.45531
2.45297
2.45167
2.45142
2.45212
2.45356
2.45544
2.45741
2.45915
2.46039
2.46097
2.46081
2.4599
2.45837
2.45644
2.45446
2.4528
2.45182
2.4518
2.4529
2.45517
2.45856
2.46294
2.46809
2.47377
2.47974
2.48575
2.49162
2.49728
2.50269
2.50793
2.51309
2.51829
2.5236
2.52909
2.53476
2.54062
2.54662
2.55269
2.5587
2.56447
2.56982
2.57452
2.57838
2.58127
2.58312
2.58395
2.58381
2.58282
2.58115
2.57895
2.5764
2.57364
2.57078
2.56788
2.56496
2.56195
2.55876
2.55527
2.55139
2.54708
2.54238
2.53739
2.53226
2.52716
2.52228
2.51773
2.51362
2.51001
2.50692
2.50433
2.50224
2.50062
2.49943
2.49862
2.49817
2.49802
2.49812
2.49839
2.49875
2.4991
2.49932
2.49933
2.49907
2.49851
2.49771
2.49676
2.49578
2.49492
2.49433
2.49415
2.49451
2.49553
2.4973
2.49985
2.5032
2.50732
2.51218
2.51771
2.52385
2.53049
2.5375
2.54467
2.55176
2.55848
2.56458
2.5698
2.57397
2.57694
2.57868
2.57917
2.57847
2.57661
2.57368
2.56973
2.56487
2.55919
2.55285
2.54602
2.5389
2.53169
2.5246
2.51779
2.51144
2.50567
2.50056
2.49617
2.49251
2.48959
2.48738
2.48583
2.4849
2.48455
2.48474
2.48546
2.4867
2.48851
2.4909
2.49391
2.49751
2.50165
2.50622
2.51104
2.51591
2.52065
2.52504
2.52893
2.53222
2.53483
2.53676
2.53805
2.53877
2.53902
2.53888
2.53845
2.53781
2.53701
2.5361
2.53517
2.53425
2.53338
2.53252
2.53161
2.53059
2.52943
2.52815
2.52681
2.52552
2.52432
2.52327
2.52234
2.52155
2.52089
2.52036
2.52
2.51985
2.51999
2.52046
2.52135
2.52273
2.52464
2.52714
2.53026
2.53398
2.53824
2.54294
2.54793
2.55307
2.55821
2.56323
2.5681
2.57284
2.57752
2.58223
2.587
2.59175
2.59621
2.59995
2.60247
2.60343
2.6028
2.60089
2.59816
2.59506
2.59195
2.5891
2.58667
2.5848
2.58355
2.58293
2.5829
2.58341
2.58434
2.58556
2.58688
2.58808
2.58892
2.58914
2.58852
2.58691
2.58426
2.58059
2.57601
2.57069
2.5648
2.55855
2.55214
2.54575
2.53953
2.53362
2.52809
2.523
2.51836
2.51415
2.51033
2.50685
2.50366
2.50066
2.4978
2.49499
2.49216
2.48925
2.48627
2.48327
2.48039
2.47779
2.4757
2.47432
2.47385
2.47443
2.47617
2.47909
2.48319
2.48839
2.49454
2.50142
2.5087
2.51596
2.52272
2.52853
2.53305
2.53609
2.53766
2.53794
2.5372
2.53575
2.53393
2.53205
2.53039
2.52917
2.52853
2.52852
2.52912
2.53021
2.53166
2.5333
2.53497
2.53653
2.53786
2.53885
2.53942
2.5395
2.53902
2.53797
2.53636
2.53429
2.53188
2.52931
2.5268
2.52458
2.52283
2.52165
2.52106
2.52097
2.52122
2.52164
2.5221
2.52255
2.52301
2.52355
2.52425
2.52518
2.52634
2.5277
2.52917
2.53067
2.53208
2.53331
2.53426
2.53489
2.5352
2.53522
2.53503
2.53474
2.53448
2.53441
2.53466
2.53537
2.53659
2.53826
2.54011
2.54172
2.5426
2.54242
2.54117
2.53919
2.5369
2.53471
2.53282
2.53128
2.53001
2.52886
2.52767
2.52634
2.52484
2.52321
2.52153
2.51989
2.5183
2.51666
2.51478
2.51245
2.50959
2.50627
2.50278
2.49951
2.49683
2.49501
2.49421
2.49445
2.49566
2.4977
2.50036
2.50342
2.50662
2.50974
2.5126
2.51505
2.51707
2.5187
2.52004
2.52128
2.5226
2.52417
2.52611
2.52851
2.53136
2.53461
2.53817
2.54191
2.54569
2.54938
2.55285
2.55603
2.55889
2.56149
2.56392
2.5663
2.56873
2.57125
2.57385
2.57647
2.57904
2.58149
2.58376
2.58586
2.58779
2.5896
2.59133
2.59304
2.59478
2.59659
2.59852
2.60056
2.60269
2.60482
2.60683
2.60854
2.60977
2.61032
2.61008
2.609
2.60719
2.60486
2.60227
2.5997
2.5974
2.5955
2.59403
2.59291
2.59201
2.59117
2.59027
2.5892
2.58792
2.58642
2.58472
2.5829
2.58104
2.5792
2.57743
2.57571
2.57393
2.57197
2.56969
2.56706
2.56409
2.56094
2.5578
2.5549
2.55243
2.55052
2.54922
2.54853
2.54841
2.54882
2.54969
2.55093
2.55247
2.55416
2.55584
2.55729
2.55824
2.55846
2.55776
2.55601
2.55323
2.54952
2.54505
2.54005
2.53473
2.52928
2.52385
2.51858
2.51356
2.50888
2.50462
2.50084
2.49759
2.4949
2.49282
2.49137
2.49055
2.4904
2.49091
2.49209
2.49393
2.49637
2.49932
2.50262
2.5061
2.50954
2.51273
2.5155
2.51776
2.51949
2.52074
2.5216
2.52217
2.52257
2.52287
2.52313
2.52344
2.52384
2.52442
2.52525
2.5264
2.5279
2.52975
2.53191
2.53429
2.53678
2.53927
2.54162
2.54371
2.54547
2.54683
2.54779
2.54838
2.54868
2.54877
2.54872
2.54854
2.54823
2.54773
2.54699
2.54595
2.54462
2.54302
2.54119
2.53916
2.53697
2.53461
2.53214
2.52961
2.52716
2.52493
2.52307
2.52171
2.5209
2.52067
2.52099
2.52182
2.52309
2.52473
2.52666
2.5288
2.53105
2.53327
2.53532
2.53706
2.53842
2.53932
2.53978
2.53986
2.53964
2.53916
2.53845
2.53749
2.53624
2.53467
2.53279
2.53066
2.52843
2.52626
2.52437
2.52291
2.52199
2.52161
2.52169
2.52209
2.52261
2.52306
2.52331
2.52329
2.52301
2.52252
2.52191
2.52131
2.52081
2.52049
2.52041
2.52062
2.52113
2.52194
2.52306
2.52445
2.52607
2.52788
2.5298
2.53173
2.53359
2.53525
2.5366
2.53748
2.53771
2.53711
2.53554
2.533
2.52965
2.52579
2.52181
2.51801
2.51463
2.51184
2.50967
2.50812
2.50715
2.50669
2.50667
2.50702
2.50773
2.50878
2.51021
2.51206
2.51436
2.51709
2.5202
2.52356
2.52702
2.53039
2.53355
2.53645
2.53912
2.54166
2.54415
2.54661
2.54898
2.55112
2.55292
2.55432
2.55533
2.556
2.5564
2.5566
2.55668
2.55674
2.55689
2.5572
2.55771
2.5584
2.55918
2.55996
2.56058
2.56092
2.56092
2.56059
2.55998
2.55928
2.55867
2.55837
2.55858
2.55941
2.56087
2.56287
2.56517
2.56749
2.56954
2.57104
2.57186
2.57197
2.57147
2.57052
2.56928
2.5679
2.56644
2.56488
2.56319
2.56128
2.5591
2.5566
2.5538
2.55078
2.54764
2.54449
2.54144
2.53856
2.53591
2.53349
2.5313
2.52932
2.52752
2.52585
2.52427
2.52277
2.52133
2.51993
2.51862
2.51741
2.51633
2.5154
2.5146
2.51387
2.51316
2.51236
2.51142
2.51032
2.50908
2.50775
2.50643
2.50519
2.50407
2.50312
2.50233
2.50167
2.50113
2.50067
2.50029
2.49997
2.49971
2.49953
2.49947
2.49961
2.50002
2.50081
2.50206
2.50382
2.50611
2.5089
2.51212
2.51568
2.51948
2.52345
2.52752
2.53167
2.53591
2.54024
2.54469
2.54925
2.55391
2.55862
2.5633
2.56786
2.57219
2.57618
2.57974
2.58279
2.58529
2.5872
2.58854
2.58933
2.58962
2.58947
2.58894
2.5881
2.58697
2.58558
2.58393
2.58202
2.57987
2.57747
2.57485
2.57202
2.56897
2.56568
2.56211
2.55822
2.55395
2.54928
2.54422
2.53884
2.53325
2.52761
2.52208
2.5168
2.5119
2.50745
2.50351
2.5001
2.49725
2.49499
2.49333
2.49228
2.49185
2.492
2.49266
2.49371
2.49497
2.49624
2.4973
2.49795
2.49804
2.49746
2.49621
2.49434
2.49198
2.48928
2.4864
2.48353
2.48081
2.47838
2.47634
2.47477
2.47374
2.47328
2.4734
2.4741
2.47539
2.47727
2.47974
2.48279
2.48642
2.4906
2.49526
2.50029
2.50549
2.51064
2.51551
2.51989
2.52366
2.52677
2.52926
2.53119
2.53263
2.53365
2.53426
2.53449
2.53433
2.53378
2.53282
2.53146
2.52972
2.52764
2.52529
2.52277
2.52017
2.51762
2.51518
2.5129
2.51073
2.50862
2.50646
2.50421
2.50185
2.49944
2.49702
2.49461
2.4922
2.48976
2.48725
2.48465
2.48197
2.47929
2.47672
2.47439
2.47244
2.47098
2.47006
2.46968
2.46976
2.47018
2.47079
2.47144
2.47199
2.47239
2.47261
2.47268
2.47263
2.47254
2.47244
2.47241
2.47248
2.47274
2.47326
2.47411
2.47536
2.47708
2.47932
2.48213
2.48552
2.48949
2.49405
2.49915
2.50475
2.51077
2.51711
2.52362
2.53017
2.53658
2.54267
2.54826
2.55321
2.55743
2.56092
2.56379
2.56615
2.56818
2.57002
2.57179
2.57357
2.57538
2.57722
2.57904
2.58076
2.58228
2.5835
2.58429
2.58459
2.58432
2.58347
2.58204
2.58002
2.57744
2.57431
2.57071
2.56671
2.56244
2.55802
2.55358
2.54922
2.54503
2.54108
2.53743
2.5341
2.53115
2.52863
2.52661
2.52518
2.52442
2.52442
2.52519
2.52666
2.5287
2.53108
2.53358
2.53603
2.5384
2.54077
2.54328
2.54611
2.54939
2.55317
2.55745
2.5621
2.56691
2.57155
2.57562
2.57877
2.58077
2.58166
2.58166
2.58108
2.58019
2.5791
2.57781
2.57622
2.57418
2.57159
2.56839
2.56462
2.56037
2.55576
2.55095
2.54603
2.54113
2.53635
2.5318
2.52758
2.52379
2.52051
2.51779
2.51563
2.51399
2.51277
2.51187
2.51122
2.51077
2.51058
2.51075
2.51144
2.51281
2.51499
2.51807
2.522
2.52665
2.53178
2.53709
2.54227
2.5471
2.55143
2.55521
2.55849
2.56131
2.56378
2.56595
2.56791
2.56971
2.57136
2.57282
2.57402
2.57484
2.57515
2.57481
2.57376
2.57194
2.56935
2.56603
2.5621
2.55768
2.55294
2.54808
2.54328
2.53869
2.53443
2.53058
2.52717
2.52421
2.52167
2.5195
2.51765
2.51606
2.51468
2.51348
2.51244
2.51157
2.51089
2.51045
2.51028
2.51044
2.51095
2.51182
2.51304
2.51458
2.51635
2.51828
2.52027
2.52222
2.52407
2.52579
2.52741
2.52901
2.53068
2.53253
2.53467
2.53718
2.5401
2.54342
2.54711
2.55107
2.55518
2.55933
2.56337
2.56719
2.57068
2.57378
2.57647
2.57874
2.5806
2.58206
2.5831
2.58372
2.58386
2.58351
2.58264
2.58126
2.57941
2.57714
2.57446
2.5714
2.56794
2.56407
2.5598
2.55517
2.55027
2.54524
2.54026
2.53551
2.53115
2.52731
2.52409
2.52155
2.51972
2.51859
2.51817
2.51843
2.51934
2.52087
2.52296
2.52552
2.52843
2.53151
2.5346
2.53749
2.54003
2.5421
2.54363
2.54466
2.54527
2.54556
2.54565
2.54565
2.54564
2.54568
2.54584
2.54614
2.5466
2.54724
2.5481
2.5492
2.55059
2.55232
2.55444
2.557
2.56001
2.56343
2.56717
2.57109
2.575
2.5787
2.58198
2.58468
2.58671
2.58802
2.58864
2.58861
2.58805
2.58707
2.5858
2.58438
2.58292
2.58156
2.5804
2.5795
2.57891
2.57861
2.57852
2.5785
2.57836
2.57789
2.57691
2.57531
2.57309
2.57037
2.56735
2.56427
2.56135
2.55873
2.55653
2.55479
2.55351
2.55269
2.55231
2.55237
2.55282
2.55362
2.5547
2.55594
2.55721
2.55835
2.55924
2.5598
2.55999
2.55982
2.55932
2.55856
2.55761
2.55657
2.55555
2.55467
2.55408
2.55388
2.55415
2.55495
2.55624
2.55797
2.56001
2.56216
2.56426
2.56611
2.56757
2.56851
2.56888
2.56863
2.56775
2.56632
2.56444
2.56225
2.55993
2.55765
2.55556
2.55379
2.55244
2.55159
2.55124
2.5514
2.55201
2.553
2.55423
2.55561
2.557
2.55834
2.55955
2.56062
2.56152
2.56232
2.56306
2.56386
2.56482
2.56602
2.56747
2.5691
2.57074
2.57218
2.5732
2.57371
2.57377
2.57356
2.5733
2.57323
2.5735
2.57415
2.57516
2.57636
2.57755
2.57847
2.57882
2.57838
2.57695
2.57445
2.57093
2.56653
2.56147
2.55603
2.55053
2.54526
2.54049
2.53644
2.53325
2.53101
2.52972
2.52932
2.52969
2.53065
2.532
2.53352
2.53499
2.53622
2.53703
2.53729
2.53696
2.53602
2.53456
2.53269
2.53057
2.52837
2.52624
2.52432
2.52269
2.5214
2.52048
2.51992
2.51969
2.51979
2.52018
2.52084
2.52174
2.52287
2.52421
2.52576
2.52749
2.52937
2.53137
2.53341
2.53544
2.53735
2.53908
2.54056
2.54177
2.54271
2.54343
2.54394
2.54427
2.54439
2.54423
2.54373
2.54284
2.54152
2.53982
2.53782
2.53565
2.53346
2.53137
2.52952
2.52802
2.52695
2.52638
2.52638
2.52697
2.52815
2.52989
2.53214
2.53479
2.53773
2.5408
2.54384
2.5467
2.54922
2.55131
2.5529
2.55401
2.55476
2.55534
2.55599
2.55701
2.55865
2.56112
2.56455
2.56896
2.57425
2.58019
2.58639
2.59238
2.59758
2.60149
2.60377
2.60431
2.60325
2.60084
2.59744
2.59333
2.58876
2.58391
2.57891
2.57386
2.56884
2.56393
2.55916
2.5546
2.55029
2.54622
2.54239
2.53877
2.53534
2.53204
2.52886
2.52577
2.52278
2.5199
2.51715
2.51458
2.51223
2.51014
2.50833
2.50684
2.50567
2.50482
2.50427
2.50398
2.50388
2.5039
2.50392
2.50388
2.50369
2.50334
2.50288
2.50244
2.50216
2.50222
2.50282
2.50411
2.50621
2.50918
2.51305
2.51779
2.52328
2.5294
2.53597
2.5428
2.54967
2.55633
2.56258
2.56818
2.57292
2.57664
2.57921
2.58059
2.58078
2.57987
2.57798
2.57526
2.57186
2.56793
2.5636
2.55898
2.5542
2.54936
2.54462
2.54012
2.536
2.53239
2.52941
2.5271
2.52549
2.52451
2.52404
2.52392
2.52402
2.52421
2.52449
2.52493
2.52565
2.52682
2.52858
2.53101
2.53412
2.53788
2.54219
2.5469
2.55188
2.55695
2.56194
2.56666
2.57088
2.5743
2.57661
2.57757
2.57708
2.57531
2.57258
2.56928
2.56574
2.56221
2.55886
2.55582
2.55325
2.55125
2.54994
2.54938
2.54961
2.5506
2.55225
2.55442
2.55687
2.55935
2.56154
2.56315
2.56393
2.56371
2.56248
2.56034
2.55747
2.55416
2.55068
2.54729
2.54423
2.54166
2.53971
2.53845
2.53791
2.53809
2.53898
2.54053
2.54266
2.54524
2.5481
2.55107
2.55396
2.55659
2.55884
2.56063
2.56195
2.56282
2.56332
2.56357
2.56367
2.56371
2.56371
2.56366
2.56352
2.56325
2.56281
2.56219
2.56142
2.56054
2.55962
2.55875
2.55806
2.55763
2.55755
2.55787
2.55854
2.55941
2.56019
2.56046
2.55982
2.55792
2.55469
2.55031
2.54512
2.53948
2.53366
2.52781
2.52198
2.5162
2.51047
2.50483
2.49936
2.49411
2.48921
2.48475
2.48078
2.47737
2.47455
2.47229
2.47057
2.46935
2.46855
2.46815
2.46808
2.46835
2.46896
2.4699
2.47121
2.47288
2.47492
2.47732
2.48003
2.48302
2.48621
2.48954
2.49291
2.49622
2.49936
2.50225
2.5048
2.50699
2.50881
2.51034
2.51162
2.51276
2.51381
2.51486
2.51591
2.51701
2.51814
2.5193
2.52048
2.52165
2.52283
2.52405
2.52534
2.52676
2.52839
2.5303
2.53257
2.53521
2.53825
2.54164
2.54527
2.549
2.55262
2.5559
2.55861
2.5606
2.56182
2.56233
2.56226
2.56181
2.56112
2.56031
2.5594
2.5584
2.55726
2.55591
2.55432
2.55246
2.55031
2.54786
2.54514
2.54215
2.5389
2.5354
2.53168
2.52777
2.5237
2.51959
2.51557
2.51182
2.50849
2.50568
2.50343
2.5017
2.50043
2.49952
2.49891
2.49851
2.49827
2.49813
2.49801
2.49781
2.49746
2.49686
2.49596
2.49473
2.49319
2.49141
2.4895
2.48759
2.48585
2.48441
2.48336
2.4827
2.48236
2.48219
2.48199
2.48156
2.48075
2.47945
2.47767
2.47547
2.47297
2.47031
2.46764
2.46514
2.46296
2.46126
2.46018
2.45984
2.4603
2.4616
2.46373
2.46662
2.47017
2.47421
2.47852
2.48285
2.4869
2.49042
2.49319
2.4951
2.49617
2.49649
2.49625
2.49562
2.49479
2.49393
2.4932
2.49276
2.49276
2.49334
2.49456
2.49647
2.49905
2.50228
2.50608
2.5104
2.51515
2.52021
2.52539
2.53047
2.53524
2.53956
2.54342
2.54694
2.55025
2.55341
2.55641
2.55919
2.56168
2.56382
2.56564
2.56721
2.56864
2.57003
2.57149
2.57311
2.57491
2.57689
2.57903
2.58126
2.58352
2.58573
2.58783
2.58976
2.59149
2.59296
2.59413
2.59491
2.59518
2.5948
2.59358
2.59139
2.58817
2.58398
2.57896
2.57336
2.5674
2.5613
2.5552
2.54924
2.54348
2.53798
2.53278
2.52789
2.52334
2.51915
2.51534
2.51198
2.50912
2.50685
2.50521
2.50425
2.50399
2.5044
2.50548
2.50721
2.5096
2.51269
2.51653
2.52116
2.52655
2.53249
2.53864
2.5444
2.54897
2.55145
2.55106
2.54747
2.54107
2.53283
2.52397
2.51546
2.50794
2.50168
2.49673
2.49303
2.49047
2.48889
2.48819
2.48828
2.48908
2.4906
2.49283
2.49582
2.49954
2.5039
2.50863
2.51332
2.51745
2.52057
2.52253
2.5235
2.52389
2.52409
2.52435
2.52471
2.52497
2.52478
2.5237
2.52135
2.51753
2.51236
2.50625
2.49979
2.49364
2.48842
2.48456
2.48233
2.4818
2.48289
2.4854
2.48909
2.49365
2.49884
2.50438
2.51008
2.51574
2.52118
2.52621
2.53066
2.5344
2.53731
2.53936
2.54057
2.54102
2.54081
2.54012
2.53913
2.53801
2.53696
2.53609
2.53544
2.53498
2.53461
2.53424
2.53384
2.53348
2.53326
2.53328
2.53363
2.53438
2.53563
2.53748
2.54006
2.54344
2.54756
2.55225
2.5572
2.56199
2.56614
2.56918
2.5707
2.5704
2.56817
2.56412
2.5585
2.55172
2.54425
2.53652
2.5289
2.52169
2.51508
2.50919
2.50408
2.49977
2.49627
2.49356
2.49165
2.49057
2.49036
2.49103
2.49262
2.49514
2.49856
2.5028
2.50772
2.51307
2.51854
2.52375
2.52836
2.53207
2.53474
2.53635
2.53701
2.53693
2.53633
2.53542
2.53434
2.53318
2.53194
2.53056
2.52893
2.52693
2.52445
2.52144
2.51793
2.51401
2.50983
2.50556
2.50139
2.49747
2.49389
2.4907
2.4879
2.48543
2.48325
2.4813
2.47955
2.47798
2.47657
2.47534
2.47431
2.47349
2.4729
2.47253
2.47237
2.47244
2.47272
2.47322
2.47397
2.47499
2.47631
2.47799
2.48003
2.48248
2.48535
2.48865
2.4924
2.49659
2.50119
2.50617
2.51144
2.51691
2.5225
2.52811
2.53366
2.53911
2.54442
2.54957
2.55453
2.55923
2.56362
2.56758
2.57101
2.57382
2.57592
2.57727
2.57785
2.57769
2.57687
2.57549
2.5737
2.5717
2.56969
2.56787
2.56644
2.56558
2.56541
2.56604
2.56749
2.56978
2.57283
2.57657
2.58085
2.58551
2.59035
2.59515
2.59967
2.60369
2.60703
2.60959
2.61137
2.61244
2.61296
2.61311
2.61307
2.61303
2.61312
2.61344
2.61406
2.61499
2.61617
2.61747
2.61868
2.6195
2.61961
2.61868
2.6165
2.61306
2.60851
2.60322
2.59759
2.59203
2.58682
2.58214
2.57805
2.57453
2.57153
2.56904
2.56704
2.56553
2.56454
2.56408
2.56412
2.56461
2.56546
2.56656
2.56775
2.56886
2.56975
2.57028
2.57037
2.56998
2.5691
2.56778
2.56609
2.56413
2.56201
2.55986
2.5578
2.55593
2.55437
2.55317
2.55235
2.55188
2.55171
2.55174
2.55189
2.55207
2.55222
2.55232
2.55233
2.55223
2.55202
2.5517
2.55127
2.55073
