0.544606
0.55505
0.560843
0.567974
0.576489
0.586444
0.597898
0.610921
0.625585
0.641968
0.660151
0.680213
0.702231
0.72627
0.752381
0.780586
0.810874
0.843184
0.87739
0.913286
0.950573
0.988848
1.0276
1.06623
1.10406
1.14039
1.17453
1.2059
1.23403
1.25861
1.27955
1.2969
1.31089
1.32184
1.33016
1.3363
1.3407
1.34378
1.34588
1.34723
1.34793
1.34791
1.34702
1.34501
1.34167
1.3369
1.33077
1.32354
1.31558
1.30731
1.29911
1.29124
1.28388
1.27711
1.27095
1.26544
1.26058
1.25642
1.25299
1.25032
1.24841
1.24722
1.2467
1.2468
1.24746
1.24868
1.25045
1.25279
1.2557
1.25913
1.26301
1.26724
1.2717
1.27628
1.28088
1.28543
1.28987
1.29413
1.29811
1.3017
1.30475
1.30711
1.30866
1.30934
1.30917
1.30828
1.30685
1.30513
1.30341
1.30197
1.30105
1.30087
1.30159
1.30332
1.30612
1.30997
1.31476
1.32029
1.32624
1.33213
1.33734
1.34116
1.34294
1.34224
1.33896
1.33335
1.32592
1.31728
1.30804
1.29873
1.28976
1.28145
1.27396
1.26742
1.26189
1.25741
1.25405
1.25183
1.2508
1.25094
1.25222
1.25459
1.25793
1.26209
1.26689
1.27205
1.27722
1.28199
1.28586
1.28838
1.28923
1.28832
1.2858
1.28201
1.27732
1.27215
1.26682
1.26163
1.2568
1.2525
1.24878
1.24561
1.24287
1.24042
1.23814
1.23596
1.23389
1.23203
1.23048
1.22939
1.22885
1.22894
1.22966
1.23101
1.23291
1.23533
1.23824
1.24166
1.24563
1.25016
1.25525
1.26081
1.26669
1.27266
1.27846
1.28385
1.28858
1.29251
1.29558
1.29785
1.29944
1.30056
1.30142
1.30222
1.30307
1.30402
1.30505
1.30608
1.30699
1.30762
1.30781
1.30738
1.30621
1.30424
1.3015
1.29813
1.29436
1.29046
1.28668
1.28324
1.2803
1.2779
1.276
1.27447
1.2731
1.2717
1.27014
1.26844
1.26671
1.26519
1.26411
1.26362
1.26375
1.26437
1.26523
1.26605
1.26658
1.26669
1.26636
1.26564
1.2646
1.26332
1.26188
1.26032
1.2587
1.25705
1.25538
1.25372
1.25211
1.25061
1.24931
1.24832
1.24771
1.24754
1.24786
1.24867
1.24995
1.25163
1.25356
1.25552
1.25728
1.25869
1.25973
1.2606
1.26162
1.2631
1.26531
1.26833
1.27208
1.27627
1.28055
1.2845
1.28781
1.2903
1.29205
1.29327
1.29432
1.2956
1.29748
1.30021
1.30394
1.30866
1.31424
1.32044
1.327
1.33362
1.34002
1.34594
1.35109
1.3552
1.35801
1.3593
1.35894
1.35696
1.35357
1.34911
1.34396
1.33853
1.33315
1.32807
1.32347
1.31945
1.31605
1.31327
1.31107
1.30945
1.30837
1.30782
1.30775
1.30812
1.30881
1.30964
1.31039
1.31083
1.31082
1.31041
1.30982
1.30933
1.30921
1.30955
1.31031
1.31134
1.31245
1.31348
1.31427
1.31477
1.3149
1.31463
1.31384
1.31243
1.31034
1.30763
1.30451
1.30135
1.29855
1.29649
1.29547
1.2956
1.29685
1.29895
1.30151
1.30403
1.30601
1.30709
1.30709
1.30611
1.30439
1.30228
1.3001
1.29813
1.29654
1.29536
1.29454
1.29388
1.29312
1.29199
1.29031
1.28804
1.28526
1.28215
1.27891
1.27574
1.27284
1.27039
1.26855
1.26746
1.26723
1.26788
1.26933
1.27134
1.27352
1.2754
1.27653
1.27665
1.27568
1.2738
1.27128
1.26849
1.26579
1.26353
1.26197
1.26128
1.2615
1.26255
1.26422
1.26626
1.26838
1.27033
1.27189
1.27293
1.27337
1.27318
1.27235
1.27089
1.26885
1.26631
1.2634
1.26028
1.25711
1.25403
1.25109
1.24829
1.24557
1.24292
1.24046
1.23849
1.23741
1.23757
1.23916
1.24218
1.24643
1.25159
1.25732
1.2632
1.26871
1.27334
1.27662
1.27832
1.27847
1.27726
1.27487
1.2714
1.26685
1.26123
1.25466
1.24739
1.2398
1.23232
1.22537
1.21926
1.2142
1.21032
1.20762
1.20604
1.20546
1.20571
1.20662
1.20802
1.20974
1.21169
1.21381
1.21608
1.21853
1.22119
1.22411
1.2273
1.23071
1.23425
1.23777
1.24106
1.24392
1.24619
1.2478
1.24879
1.24929
1.24946
1.2494
1.24915
1.24868
1.24798
1.24713
1.24633
1.2458
1.24579
1.24641
1.24769
1.24958
1.25192
1.25452
1.25717
1.25966
1.26185
1.26364
1.26503
1.26605
1.26676
1.26715
1.26717
1.26666
1.26545
1.26339
1.26038
1.25647
1.25181
1.24672
1.24153
1.2366
1.23225
1.22869
1.22607
1.22436
1.22345
1.22309
1.22301
1.22298
1.22297
1.22312
1.22367
1.22487
1.22687
1.22968
1.23323
1.23733
1.24179
1.24642
1.25108
1.25566
1.26011
1.26446
1.26877
1.27312
1.27764
1.28243
1.28756
1.29312
1.29912
1.30556
1.31234
1.31931
1.32617
1.33256
1.33809
1.34242
1.34535
1.34687
1.34717
1.3465
1.34514
1.34333
1.34121
1.33889
1.33643
1.3339
1.33137
1.32889
1.3265
1.32418
1.32191
1.31962
1.31728
1.31491
1.31257
1.3104
1.30852
1.30704
1.30601
1.30541
1.30517
1.30514
1.30514
1.30496
1.30444
1.30348
1.30205
1.3002
1.29805
1.29573
1.29334
1.29097
1.28869
1.28655
1.28467
1.28316
1.28215
1.28173
1.28193
1.28268
1.2838
1.28503
1.28607
1.28663
1.28653
1.28574
1.28439
1.28273
1.28109
1.27978
1.27904
1.27903
1.27986
1.28158
1.28423
1.28772
1.29183
1.29616
1.30016
1.30343
1.3059
1.30785
1.30969
1.31171
1.3139
1.31609
1.318
1.31943
1.32029
1.32064
1.3206
1.32028
1.31972
1.31887
1.31764
1.31587
1.31345
1.31034
1.30656
1.30222
1.29743
1.29235
1.28716
1.28204
1.27722
1.2729
1.2693
1.26664
1.26508
1.26477
1.2658
1.26818
1.27185
1.27664
1.28235
1.28871
1.29542
1.30219
1.30872
1.31471
1.31984
1.3238
1.32629
1.32712
1.32627
1.32394
1.32053
1.31654
1.31248
1.30875
1.30552
1.30268
1.29982
1.29632
1.29175
1.28608
1.27984
1.27376
1.26847
1.2643
1.2613
1.25933
1.25818
1.2576
1.25739
1.25738
1.25751
1.25777
1.25823
1.259
1.26018
1.26186
1.26407
1.26679
1.26992
1.27331
1.27674
1.27999
1.2828
1.28499
1.28649
1.2873
1.2875
1.28719
1.28647
1.28545
1.28424
1.28299
1.28184
1.28093
1.2804
1.28033
1.28078
1.28175
1.2832
1.28506
1.2872
1.28948
1.29174
1.29379
1.29548
1.29669
1.29739
1.29765
1.29761
1.29743
1.29729
1.2973
1.29752
1.29794
1.29852
1.29917
1.29982
1.30042
1.30095
1.30143
1.30191
1.3024
1.30294
1.30348
1.30401
1.30454
1.30514
1.30597
1.30724
1.30913
1.31177
1.31511
1.31899
1.32315
1.32725
1.33096
1.334
1.33621
1.33754
1.33805
1.33782
1.33696
1.33558
1.33379
1.33175
1.32962
1.32761
1.32589
1.3246
1.32384
1.3237
1.3243
1.32577
1.32827
1.33192
1.33677
1.34268
1.34936
1.35631
1.36291
1.3685
1.37252
1.37466
1.37495
1.37367
1.37117
1.36775
1.36351
1.35849
1.35276
1.34653
1.34015
1.33399
1.32839
1.32354
1.31951
1.31629
1.31385
1.31219
1.31136
1.31147
1.31263
1.31496
1.31845
1.32303
1.3285
1.33459
1.34101
1.34741
1.35346
1.35877
1.36298
1.3658
1.36702
1.36656
1.36454
1.36121
1.35698
1.35236
1.34785
1.34389
1.34079
1.33869
1.33751
1.337
1.33679
1.33642
1.33548
1.33368
1.33089
1.32715
1.32265
1.31768
1.31258
1.30771
1.30341
1.29998
1.29767
1.29663
1.29694
1.2986
1.30147
1.30537
1.31002
1.31509
1.32028
1.32527
1.32981
1.33369
1.33671
1.33867
1.33931
1.33846
1.33609
1.33242
1.32784
1.3228
1.31763
1.31252
1.30746
1.30245
1.29747
1.29259
1.28792
1.28358
1.2797
1.27637
1.27368
1.27168
1.2704
1.26982
1.26988
1.27041
1.27125
1.27218
1.27306
1.2738
1.27439
1.27489
1.27535
1.27582
1.27637
1.27706
1.27799
1.27924
1.2809
1.28304
1.28569
1.28883
1.29238
1.29614
1.29979
1.303
1.30545
1.30695
1.30752
1.30736
1.30681
1.30623
1.30601
1.3065
1.30799
1.31078
1.31508
1.32099
1.32848
1.3373
1.34698
1.35684
1.36606
1.37385
1.37967
1.38332
1.38503
1.38533
1.38483
1.38408
1.38347
1.38319
1.3833
1.38375
1.38448
1.38543
1.38658
1.38786
1.38913
1.39009
1.39039
1.38971
1.3879
1.3851
1.38164
1.37801
1.37466
1.37197
1.37013
1.36913
1.36875
1.36854
1.36786
1.36594
1.36201
1.35557
1.34649
1.33515
1.32231
1.30888
1.29572
1.28349
1.27259
1.26321
1.25541
1.24917
1.24449
1.24135
1.23968
1.23932
1.23997
1.24121
1.24259
1.24379
1.24474
1.24562
1.24674
1.24836
1.25065
1.25358
1.25704
1.2608
1.26458
1.26811
1.27113
1.27343
1.27489
1.27549
1.27533
1.27462
1.27364
1.27269
1.2721
1.27212
1.27294
1.27466
1.27726
1.28064
1.28461
1.28891
1.29324
1.29731
1.30077
1.30333
1.30473
1.30481
1.30354
1.30102
1.29756
1.29354
1.28944
1.28571
1.28276
1.28088
1.28026
1.28091
1.28276
1.28561
1.2891
1.29265
1.2954
1.2965
1.29549
1.2926
1.28864
1.28457
1.28115
1.27873
1.27732
1.2767
1.27656
1.27663
1.27679
1.27705
1.27757
1.27855
1.28012
1.28225
1.28474
1.28721
1.28934
1.29092
1.292
1.29279
1.29355
1.29449
1.29573
1.2973
1.29912
1.30105
1.30292
1.30457
1.30589
1.30685
1.30751
1.30804
1.30863
1.30953
1.3109
1.31281
1.31514
1.31761
1.31985
1.32157
1.32269
1.32344
1.32426
1.32563
1.32791
1.33111
1.33492
1.33865
1.34147
1.34271
1.34204
1.33968
1.33617
1.33217
1.32824
1.32476
1.32192
1.31982
1.3185
1.31798
1.31826
1.31935
1.32122
1.32382
1.32702
1.33062
1.33431
1.33769
1.3403
1.3417
1.34155
1.33968
1.33614
1.33121
1.32533
1.3191
1.31312
1.30791
1.30382
1.30099
1.29939
1.29883
1.29903
1.29964
1.30027
1.30054
1.30019
1.29912
1.29738
1.29516
1.29269
1.29017
1.28778
1.28567
1.28394
1.28262
1.28174
1.28126
1.28112
1.28124
1.28158
1.28206
1.28266
1.28333
1.28404
1.28475
1.28538
1.28578
1.28577
1.28512
1.2836
1.28102
1.2773
1.27255
1.26703
1.26115
1.25532
1.24988
1.24507
1.24103
1.23785
1.23556
1.23416
1.23365
1.23397
1.23503
1.23665
1.2386
1.24058
1.24228
1.24352
1.24429
1.24472
1.24506
1.24556
1.24643
1.24784
1.24984
1.25242
1.2553
1.25802
1.25996
1.26077
1.26068
1.2604
1.26072
1.26216
1.26485
1.26862
1.27319
1.27824
1.28356
1.28903
1.29463
1.30038
1.30635
1.31259
1.31907
1.3257
1.33234
1.33881
1.34493
1.35051
1.3554
1.35944
1.36251
1.36449
1.36533
1.36508
1.36393
1.36211
1.3599
1.3575
1.35502
1.35243
1.34964
1.34653
1.34308
1.33937
1.33565
1.33229
1.32965
1.32802
1.32754
1.32817
1.3297
1.33177
1.33394
1.33574
1.33673
1.3366
1.33521
1.33263
1.32912
1.32508
1.32098
1.31721
1.31402
1.31144
1.30927
1.30718
1.30481
1.30187
1.29828
1.29407
1.28941
1.28449
1.27957
1.27491
1.27079
1.26736
1.26471
1.26286
1.2618
1.26152
1.2619
1.26275
1.26376
1.26462
1.26502
1.26477
1.26379
1.26208
1.25976
1.25703
1.2541
1.25123
1.24868
1.24672
1.24557
1.24543
1.24639
1.24841
1.25127
1.25456
1.25775
1.26032
1.26192
1.26245
1.26208
1.26111
1.25985
1.25851
1.25718
1.25593
1.25482
1.25396
1.25348
1.25353
1.25422
1.25558
1.25754
1.25993
1.26253
1.26511
1.26745
1.26939
1.27086
1.27194
1.2728
1.27373
1.27511
1.27728
1.28058
1.28522
1.29126
1.29862
1.30708
1.31627
1.32575
1.33501
1.34355
1.35094
1.35682
1.36102
1.36353
1.36447
1.36406
1.36262
1.36054
1.35828
1.35636
1.35527
1.35532
1.35664
1.35907
1.36222
1.36552
1.36841
1.37035
1.37099
1.3702
1.36799
1.36455
1.36012
1.35498
1.3494
1.34362
1.3378
1.33207
1.32652
1.32123
1.31628
1.31181
1.30796
1.30488
1.30263
1.30123
1.30063
1.30076
1.30155
1.30297
1.30503
1.30778
1.31126
1.31555
1.32074
1.32689
1.334
1.34198
1.35051
1.35903
1.36676
1.37296
1.37716
1.37929
1.37964
1.37859
1.37648
1.37356
1.37006
1.36624
1.36238
1.35865
1.35507
1.35151
1.34777
1.34362
1.33895
1.3338
1.32836
1.32298
1.31802
1.31385
1.3107
1.30873
1.30795
1.30831
1.30963
1.31172
1.31429
1.31706
1.3197
1.32192
1.32347
1.32418
1.324
1.32295
1.32114
1.31874
1.31594
1.31294
1.30995
1.30714
1.30467
1.30266
1.30114
1.30011
1.29948
1.29909
1.29869
1.29804
1.29687
1.29496
1.29222
1.28867
1.28447
1.27988
1.27521
1.27078
1.26682
1.26353
1.261
1.25926
1.25825
1.25792
1.2582
1.25902
1.26036
1.26218
1.26449
1.26726
1.27046
1.27404
1.27792
1.282
1.28615
1.29025
1.29415
1.29769
1.30073
1.30311
1.30472
1.30551
1.30549
1.30475
1.30347
1.30181
1.29995
1.29807
1.29629
1.29467
1.2932
1.29173
1.29004
1.28785
1.28503
1.28172
1.27838
1.27556
1.27372
1.27299
1.27319
1.27391
1.27473
1.27538
1.27584
1.27621
1.27663
1.27716
1.27777
1.27834
1.2787
1.27865
1.27807
1.27688
1.27519
1.2732
1.27124
1.26969
1.26886
1.26902
1.2703
1.27276
1.27634
1.28096
1.28649
1.29279
1.29971
1.307
1.31435
1.32124
1.32702
1.33092
1.33233
1.33097
1.32709
1.32136
1.31453
1.30727
1.30001
1.29299
1.28631
1.28005
1.2743
1.2692
1.26491
1.26161
1.25943
1.25846
1.25867
1.25994
1.26208
1.26484
1.26792
1.271
1.27379
1.27604
1.27763
1.27865
1.27943
1.28042
1.28213
1.28498
1.28925
1.29503
1.30221
1.31045
1.31924
1.32789
1.33565
1.34188
1.34616
1.3484
1.34881
1.34775
1.34567
1.34292
1.33975
1.33631
1.3327
1.32906
1.32553
1.3223
1.31956
1.31749
1.3162
1.31569
1.31584
1.31639
1.31705
1.31755
1.31779
1.3178
1.31768
1.31752
1.31734
1.31711
1.31674
1.31608
1.31502
1.31354
1.31171
1.30967
1.30756
1.30548
1.30343
1.30136
1.29917
1.29683
1.29432
1.29169
1.28902
1.28637
1.28377
1.28117
1.27852
1.27579
1.27303
1.27034
1.2679
1.26589
1.26446
1.26368
1.26355
1.26395
1.26474
1.26573
1.26674
1.26765
1.26839
1.269
1.26953
1.27008
1.27074
1.27158
1.27264
1.27393
1.27544
1.27713
1.27893
1.28078
1.28259
1.28422
1.28554
1.28636
1.28647
1.28566
1.28377
1.28069
1.27638
1.27088
1.26434
1.25706
1.24945
1.24207
1.23545
1.23009
1.22633
1.22429
1.22392
1.22494
1.22699
1.22966
1.23257
1.23546
1.23818
1.24069
1.24303
1.24531
1.24768
1.25031
1.25333
1.25682
1.26081
1.26524
1.26996
1.27473
1.27923
1.2831
1.28599
1.28767
1.28808
1.28738
1.28588
1.28394
1.2819
1.28
1.27838
1.2771
1.2762
1.27575
1.27587
1.27669
1.27828
1.28069
1.28388
1.28778
1.29219
1.29666
1.30022
1.30148
1.29937
1.29402
1.2868
1.27936
1.27284
1.26769
1.26398
1.26161
1.26043
1.26038
1.26139
1.26349
1.26668
1.27101
1.27645
1.28288
1.29002
1.29745
1.30466
1.3113
1.3173
1.32289
1.32839
1.33403
1.33965
1.34469
1.34824
1.34947
1.34815
1.34474
1.34004
1.33477
1.32939
1.32415
1.31916
1.31449
1.31019
1.3063
1.30291
1.30006
1.29772
1.29581
1.29412
1.29239
1.29036
1.28781
1.28467
1.28102
1.27711
1.27327
1.26984
1.26711
1.26525
1.26431
1.26421
1.26478
1.26576
1.26685
1.26776
1.2683
1.26837
1.26804
1.26751
1.26705
1.2669
1.26722
1.26805
1.26933
1.27093
1.27267
1.27438
1.27593
1.27728
1.2785
1.27973
1.28115
1.28292
1.28512
1.28769
1.29047
1.29323
1.29572
1.29775
1.29922
1.30016
1.3007
1.30106
1.30147
1.30214
1.30318
1.30458
1.30626
1.30809
1.30998
1.31189
1.31383
1.31586
1.31807
1.3206
1.32361
1.32717
1.33125
1.33556
1.33959
1.34265
1.3441
1.34348
1.34073
1.33616
1.33037
1.32403
1.31779
1.31209
1.30719
1.30321
1.30011
1.29777
1.29597
1.29441
1.29282
1.29104
1.28908
1.28711
1.28539
1.28419
1.28374
1.28419
1.28562
1.28795
1.29095
1.29417
1.29702
1.29893
1.29956
1.29897
1.29755
1.29584
1.29434
1.29338
1.2931
1.29345
1.29422
1.29516
1.29601
1.29659
1.29687
1.29692
1.29689
1.29691
1.29707
1.29744
1.29803
1.29889
1.30008
1.30168
1.30378
1.30639
1.30948
1.31288
1.31637
1.31961
1.32227
1.32405
1.32471
1.32411
1.3222
1.31904
1.31475
1.30951
1.30364
1.29751
1.29158
1.28627
1.28196
1.27895
1.27741
1.27742
1.27897
1.28197
1.28629
1.29176
1.29817
1.30524
1.31271
1.32021
1.32736
1.33375
1.33898
1.34273
1.34484
1.34533
1.34439
1.34231
1.33944
1.33606
1.33244
1.32879
1.32528
1.3221
1.3194
1.31731
1.31589
1.31504
1.3145
1.31374
1.31207
1.30883
1.30364
1.29671
1.28874
1.28065
1.2732
1.26683
1.26158
1.25734
1.25392
1.25118
1.24909
1.24772
1.24717
1.24753
1.24888
1.2512
1.25438
1.25825
1.26256
1.26705
1.27154
1.27592
1.28019
1.28437
1.28845
1.29239
1.29608
1.29933
1.30197
1.30386
1.3049
1.30509
1.30454
1.30344
1.30202
1.30057
1.29933
1.29849
1.29813
1.29822
1.29869
1.29937
1.30009
1.30067
1.30095
1.30078
1.30005
1.29875
1.29694
1.29478
1.29249
1.29032
1.28852
1.28734
1.28703
1.28775
1.28961
1.29263
1.29673
1.30171
1.30719
1.31244
1.31643
1.31801
1.31653
1.31235
1.30659
1.30046
1.29465
1.28937
1.28457
1.28022
1.27642
1.27334
1.27109
1.26969
1.26897
1.26872
1.26866
1.26857
1.26837
1.26812
1.26806
1.26854
1.2699
1.27245
1.27632
1.28149
1.28777
1.2948
1.30211
1.30918
1.3155
1.32067
1.32444
1.32665
1.3272
1.32597
1.32282
1.31775
1.31096
1.3029
1.29426
1.28584
1.27839
1.27254
1.26869
1.26702
1.26743
1.2696
1.27305
1.27737
1.28237
1.28811
1.2947
1.30213
1.31011
1.31814
1.32566
1.3322
1.33756
1.34184
1.34533
1.34836
1.35112
1.35362
1.35578
1.3575
1.35877
1.35964
1.36028
1.36078
1.36113
1.36102
1.35988
1.35706
1.35218
1.34536
1.3371
1.328
1.31853
1.30904
1.29975
1.29085
1.28249
1.27473
1.26761
1.26108
1.25512
1.24967
1.24475
1.24037
1.2366
1.23348
1.23106
1.22936
1.22835
1.22801
1.22828
1.22912
1.23048
1.23235
1.23472
1.23763
1.24113
1.24528
1.25014
1.25571
1.26191
1.2686
1.27555
1.28254
1.28938
1.29594
1.30212
1.30788
1.31319
1.31806
1.32248
1.32646
1.32999
1.33302
1.3355
1.33736
1.33863
1.33946
1.34007
1.34075
1.34173
1.34313
1.34498
1.34714
1.34939
1.35132
1.35244
1.3522
1.35017
1.34612
1.34019
1.33283
1.32465
1.31627
1.30816
1.30058
1.29367
1.2875
1.28213
1.27768
1.27427
1.27205
1.27111
1.27151
1.27315
1.27585
1.27926
1.28298
1.28659
1.28977
1.29235
1.29438
1.29604
1.29755
1.29908
1.30065
1.3021
1.30319
1.30378
1.30395
1.30398
1.30422
1.30493
1.30624
1.30817
1.31066
1.31361
1.31689
1.32036
1.32389
1.32737
1.33069
1.33375
1.33646
1.33872
1.34034
1.34106
1.34062
1.33889
1.33595
1.33214
1.32791
1.32369
1.31981
1.31647
1.31378
1.31186
1.31084
1.3109
1.3122
1.31486
1.31895
1.32442
1.3311
1.33868
1.34671
1.35464
1.36185
1.36775
1.37193
1.37418
1.37457
1.37329
1.3706
1.36681
1.36226
1.35735
1.35254
1.34829
1.34496
1.34282
1.34196
1.34231
1.34361
1.34545
1.34729
1.34856
1.34875
1.34752
1.34471
1.3404
1.33478
1.32816
1.32084
1.31314
1.30533
1.29764
1.2902
1.28306
1.27615
1.26939
1.26276
1.25639
1.25056
1.24561
1.24187
1.23958
1.2389
1.2399
1.24259
1.24693
1.25278
1.25993
1.2681
1.27691
1.28595
1.29477
1.3029
1.30996
1.31563
1.31978
1.32248
1.324
1.3248
1.32544
1.32646
1.32827
1.33106
1.33481
1.33922
1.34377
1.34785
1.35091
1.35261
1.35291
1.35199
1.35014
1.34768
1.34489
1.34197
1.33905
1.3362
1.33338
1.33054
1.32761
1.32453
1.32127
1.31786
1.31434
1.31073
1.30704
1.3033
1.29959
1.29601
1.29268
1.28965
1.28689
1.28429
1.28172
1.27911
1.27643
1.27372
1.27103
1.26847
1.26614
1.26418
1.26276
1.26205
1.26221
1.26339
1.26568
1.26909
1.27359
1.27904
1.28526
1.292
1.29898
1.30588
1.3124
1.31821
1.323
1.32645
1.32827
1.32826
1.32632
1.32254
1.31716
1.31059
1.30332
1.29586
1.28871
1.28229
1.27693
1.27283
1.27013
1.26884
1.26897
1.27044
1.2732
1.27719
1.28234
1.28855
1.29568
1.30352
1.3117
1.31975
1.32714
1.33335
1.33801
1.34094
1.34204
1.3412
1.33831
1.33334
1.3265
1.31823
1.30913
1.29985
1.29093
1.28279
1.27572
1.26989
1.2654
1.26227
1.26046
1.25987
1.26034
1.26162
1.26345
1.26556
1.26776
1.26987
1.27183
1.27352
1.27485
1.27563
1.27569
1.27491
1.27326
1.2709
1.26808
1.2651
1.26227
1.25983
1.25798
1.25679
1.25631
1.25649
1.25725
1.25848
1.26006
1.26188
1.26383
1.26582
1.26777
1.26962
1.2713
1.27275
1.2739
1.27464
1.27489
1.27456
1.27358
1.27195
1.26969
1.2669
1.26371
1.26029
1.25686
1.25368
1.25103
1.24915
1.24829
1.24859
1.25016
1.25299
1.25702
1.26211
1.26805
1.27454
1.2812
1.28758
1.29325
1.29781
1.30107
1.30306
1.30407
1.30452
1.30487
1.30551
1.30664
1.30828
1.3103
1.31249
1.31463
1.31659
1.31832
1.31995
1.32167
1.32375
1.32645
1.32998
1.33443
1.33978
1.34589
1.35251
1.35931
1.3659
1.37184
1.37675
1.38034
1.38248
1.38313
1.38237
1.38038
1.37743
1.37389
1.37014
1.36657
1.36348
1.36104
1.35931
1.35818
1.35746
1.35689
1.35622
1.35525
1.35378
1.35165
1.34878
1.34524
1.34123
1.33704
1.33301
1.3294
1.32636
1.32393
1.32195
1.32015
1.31819
1.31578
1.31281
1.30943
1.3059
1.30249
1.29937
1.29654
1.29389
1.2913
1.28876
1.2864
1.2845
1.2833
1.28301
1.28369
1.28531
1.28778
1.29097
1.29475
1.299
1.3036
1.30841
1.31324
1.31793
1.32226
1.32608
1.32928
1.33181
1.33365
1.33483
1.3354
1.33547
1.33521
1.33485
1.33466
1.33488
1.33566
1.33707
1.33907
1.34155
1.34432
1.34724
1.35015
1.35294
1.35557
1.358
1.36024
1.36229
1.36417
1.36581
1.3671
1.36783
1.36775
1.36668
1.36462
1.36177
1.35845
1.35496
1.3515
1.34812
1.34478
1.34143
1.33808
1.33484
1.3319
1.32944
1.32756
1.3263
1.32558
1.32525
1.32513
1.32503
1.32483
1.32446
1.32391
1.32322
1.32257
1.32225
1.32266
1.32418
1.32707
1.33138
1.33695
1.34345
1.35041
1.35732
1.36368
1.36908
1.37323
1.37596
1.37721
1.37703
1.37553
1.37288
1.36928
1.36496
1.36014
1.35508
1.35003
1.34525
1.34097
1.33732
1.3344
1.33229
1.33101
1.3306
1.33104
1.33232
1.33435
1.337
1.34014
1.3436
1.34721
1.35081
1.3542
1.35712
1.3593
1.36046
1.36034
1.35881
1.35582
1.35147
1.34601
1.33975
1.3331
1.32645
1.32013
1.31439
1.30939
1.30518
1.30178
1.29916
1.29734
1.29633
1.2962
1.29699
1.29875
1.30151
1.30523
1.30983
1.31515
1.32092
1.32676
1.33219
1.33667
1.33973
1.34103
1.34048
1.33822
1.33461
1.33018
1.32551
1.32119
1.31772
1.31549
1.3147
1.31536
1.31733
1.32027
1.32381
1.32754
1.33109
1.33422
1.33682
1.33893
1.34069
1.34234
1.34417
1.34647
1.34948
1.35339
1.35829
1.36415
1.37078
1.37782
1.3847
1.39073
1.39519
1.39753
1.39757
1.39545
1.39162
1.38667
1.38119
1.3757
1.37055
1.36594
1.36194
1.35849
1.35555
1.35304
1.35095
1.34926
1.34792
1.34679
1.34567
1.34427
1.3423
1.33959
1.33611
1.332
1.32755
1.32314
1.31918
1.31602
1.31391
1.31296
1.31313
1.31423
1.31594
1.31792
1.31981
1.32134
1.32234
1.32273
1.32253
1.32183
1.32079
1.31958
1.31844
1.31761
1.31733
1.31779
1.31911
1.32129
1.32419
1.32753
1.33092
1.33389
1.33608
1.33734
1.33775
1.33754
1.337
1.33629
1.33551
1.33463
1.33362
1.33244
1.33109
1.32965
1.32823
1.327
1.32609
1.3256
1.32555
1.32584
1.32632
1.32672
1.32674
1.32605
1.32443
1.32177
1.3182
1.31395
1.30938
1.30485
1.30066
1.29708
1.29429
1.29242
1.29153
1.2916
1.29257
1.29434
1.29677
1.29971
1.30301
1.30653
1.31011
1.31354
1.31657
1.3189
1.32031
1.32065
1.31998
1.31852
1.3166
1.31458
1.31277
1.31142
1.31066
1.31057
1.31118
1.31247
1.31436
1.31674
1.31942
1.32222
1.32494
1.32746
1.32968
1.33159
1.33317
1.33441
1.33527
1.33571
1.33576
1.33549
1.335
1.33443
1.33384
1.33327
1.33272
1.33218
1.33164
1.33108
1.3305
1.32989
1.32925
1.32858
1.3279
1.32725
1.3267
1.32634
1.32629
1.32666
1.32755
1.32902
1.33104
1.33354
1.33636
1.3393
1.34209
1.34445
1.34609
1.34683
1.34664
1.34563
1.34398
1.34182
1.33925
1.33634
1.33312
1.32958
1.32568
1.32137
1.31657
1.31124
1.30538
1.299
1.29213
1.28483
1.27722
1.26945
1.26174
1.25435
1.2475
1.24137
1.23606
1.23153
1.22764
1.22418
1.22089
1.21751
1.2139
1.21006
1.20613
1.20235
1.19901
1.19638
1.19464
1.1939
1.19418
1.19544
1.19764
1.20068
1.20451
1.20905
1.21423
1.21996
1.22611
1.23249
1.23882
1.24477
1.24999
1.2542
1.25739
1.25984
1.26207
1.26466
1.26803
1.27226
1.27705
1.28187
1.28616
1.28974
1.29286
1.29596
1.29941
1.30326
1.30732
1.31126
1.31478
1.31768
1.31989
1.32151
1.3228
1.32401
1.3254
1.32711
1.32917
1.33151
1.33396
1.33615
1.33755
1.33748
1.33549
1.33162
1.32634
1.32035
1.31425
1.30841
1.30299
1.29799
1.2934
1.28921
1.28549
1.28239
1.28008
1.2787
1.27835
1.27905
1.28074
1.28332
1.28665
1.29064
1.29516
1.30013
1.30539
1.31073
1.31585
1.32046
1.32435
1.32748
1.33
1.33222
1.33448
1.33705
1.34004
1.34339
1.34687
1.35011
1.35267
1.35418
1.35432
1.35298
1.35016
1.34602
1.34078
1.33466
1.32789
1.32067
1.31321
1.30572
1.29843
1.2915
1.28509
1.27925
1.27402
1.26935
1.26514
1.26124
1.25752
1.25385
1.25017
1.24652
1.24299
1.23978
1.2371
1.23516
1.23415
1.23417
1.23523
1.23728
1.24017
1.24375
1.24788
1.25246
1.25744
1.26284
1.26869
1.27497
1.28162
1.28851
1.29541
1.30206
1.30813
1.31332
1.31731
1.31985
1.3208
1.32021
1.31829
1.3154
1.31193
1.30814
1.30426
1.30044
1.29691
1.29396
1.29193
1.29103
1.29128
1.29253
1.29453
1.29704
1.29989
1.30297
1.30617
1.30937
1.31243
1.31514
1.31731
1.31869
1.31904
1.31814
1.3159
1.31241
1.308
1.30317
1.29853
1.29464
1.29199
1.29085
1.29128
1.2931
1.2959
1.29911
1.302
1.30387
1.30411
1.30238
1.29861
1.29301
1.28593
1.27781
1.26906
1.26007
1.25117
1.24264
1.23473
1.2276
1.22139
1.21614
1.21187
1.20855
1.20611
1.20447
1.20354
1.20321
1.20335
1.20386
1.20463
1.20558
1.20667
1.20787
1.20917
1.21061
1.21221
1.21402
1.21611
1.21856
1.22149
1.22505
1.22941
1.23476
1.24125
1.24904
1.2582
1.26873
1.28049
1.29321
1.30638
1.31926
1.33098
1.34073
1.34804
1.353
1.35616
1.35822
1.35976
1.36109
1.36235
1.36351
1.36448
1.36516
1.36538
1.36498
1.36382
1.36183
1.35907
1.3557
1.35196
1.34808
1.34425
1.34052
1.33685
1.33306
1.32896
1.32446
1.31966
1.31486
1.31042
1.30667
1.3038
1.3019
1.30093
1.30079
1.30123
1.30186
1.30228
1.30221
1.30157
1.30059
1.29961
1.29898
1.29892
1.29947
1.30058
1.30207
1.30383
1.30578
1.30792
1.31035
1.31318
1.31656
1.32057
1.32526
1.33053
1.336
1.34092
1.34427
1.34518
1.34357
1.34027
1.33654
1.3335
1.33176
1.33156
1.33282
1.33534
1.33884
1.34305
1.34773
1.35269
1.35773
1.36264
1.36715
1.37092
1.37357
1.37477
1.37432
1.37223
1.36869
1.36407
1.3588
1.35331
1.34801
1.34323
1.33928
1.33639
1.33477
1.33452
1.33561
1.33783
1.34071
1.34355
1.34551
1.34583
1.34411
1.34046
1.33547
1.32995
1.32468
1.32032
1.31727
1.31577
1.31593
1.31775
1.32117
1.32604
1.33212
1.33912
1.34674
1.35475
1.36302
1.37144
1.37991
1.38818
1.39586
1.40251
1.40786
1.412
1.41534
1.41841
1.42164
1.4252
1.42902
1.43283
1.43622
1.43873
1.43998
1.43971
1.4378
1.43426
1.42922
1.42286
1.41545
1.4073
1.39875
1.39013
1.38178
1.37396
1.3669
1.36075
1.35559
1.35139
1.34805
1.34537
1.3431
1.34099
1.33881
1.33642
1.3338
1.33106
1.32842
1.32611
1.32429
1.32302
1.32223
1.32173
1.32127
1.32061
1.31954
1.31796
1.31589
1.31345
1.31085
1.30833
1.30611
1.30434
1.3031
1.3024
1.3022
1.30244
1.30306
1.30406
1.30543
1.30715
1.3092
1.31149
1.3139
1.31626
1.3184
1.32021
1.32161
1.32259
1.32321
1.32353
1.32363
1.32358
1.32347
1.32336
1.32331
1.32338
1.32357
1.3238
1.32398
1.32397
1.32373
1.32329
1.32281
1.32251
1.32256
1.32304
1.32395
1.32518
1.3266
1.32806
1.32946
1.3307
1.33167
1.33224
1.33226
1.33154
1.32988
1.32712
1.32315
1.31793
1.31155
1.30423
1.29628
1.28809
1.28007
1.27259
1.26596
1.26042
1.2561
1.25303
1.25116
1.25034
1.25034
1.2509
1.25173
1.25261
1.25339
1.25404
1.25465
1.25534
1.25627
1.25756
1.25926
1.26137
1.2639
1.26681
1.27007
1.27356
1.27712
1.28054
1.28367
1.28644
1.28894
1.29133
1.29378
1.29641
1.29927
1.30239
1.30578
1.30946
1.31348
1.31785
1.32253
1.32739
1.33221
1.33679
1.34096
1.34462
1.34778
1.35039
1.35225
1.35299
1.35206
1.34902
1.34382
1.3369
1.32906
1.32109
1.31355
1.30676
1.30083
1.29581
1.29174
1.28866
1.28657
1.28541
1.28506
1.28531
1.28586
1.28638
1.28647
1.28577
1.28401
1.28103
1.27685
1.27164
1.26565
1.25919
1.25252
1.2458
1.23918
1.23281
1.2269
1.22166
1.21726
1.21369
1.2108
1.20838
1.20624
1.20437
1.20294
1.20231
1.2029
1.20511
1.20921
1.2153
1.22328
1.23282
1.24342
1.25439
1.26501
1.2746
1.28268
1.28909
1.29391
1.29747
1.30016
1.3023
1.30413
1.30574
1.30711
1.30808
1.30844
1.30795
1.30652
1.30433
1.30185
1.29963
1.29811
1.29744
1.29749
1.29796
1.29851
1.29882
1.29873
1.29822
1.29739
1.29642
1.29554
1.29497
1.2949
1.29547
1.29675
1.29878
1.30148
1.30468
1.30809
1.31129
1.31381
1.31521
1.31516
1.31352
1.31035
1.30583
1.30027
1.29407
1.28767
1.28154
1.27608
1.27159
1.26821
1.26599
1.26488
1.26478
1.26556
1.26708
1.26918
1.27171
1.27442
1.27703
1.27923
1.28068
1.28115
1.28052
1.27881
1.27619
1.2729
1.26926
1.26558
1.26213
1.25912
1.2566
1.25454
1.25282
1.25133
1.25004
1.24898
1.24829
1.24809
1.24848
1.2495
1.25114
1.25337
1.25611
1.2593
1.26286
1.26675
1.27094
1.27541
1.28015
1.28517
1.29045
1.29592
1.30149
1.30703
1.31234
1.31723
1.32148
1.32487
1.32722
1.3284
1.32838
1.32732
1.32556
1.32357
1.32191
1.32092
1.32059
1.32042
1.31966
1.31781
1.31498
1.31174
1.30874
1.30643
1.30503
1.30463
1.30526
1.3069
1.3095
1.31289
1.31683
1.32093
1.32476
1.32785
1.32982
1.33045
1.32968
1.32766
1.32464
1.32099
1.31714
1.31352
1.31048
1.30825
1.30681
1.30596
1.30536
1.30474
1.30394
1.30294
1.30184
1.30071
1.2996
1.29855
1.29753
1.29653
1.29552
1.29445
1.29322
1.2917
1.28974
1.28715
1.28375
1.27944
1.2742
1.26815
1.26152
1.25466
1.24797
1.24185
1.23667
1.23269
1.23012
1.22904
1.22944
1.23127
1.23439
1.23864
1.2438
1.24958
1.25564
1.26156
1.26697
1.27155
1.27518
1.2779
1.27994
1.28153
1.28286
1.28401
1.2849
1.28542
1.28538
1.28465
1.28314
1.28084
1.27776
1.27399
1.26968
1.26511
1.26063
1.25665
1.25358
1.25168
1.25113
1.25193
1.25393
1.25687
1.26036
1.26393
1.26713
1.26957
1.271
1.27134
1.27062
1.26897
1.26653
1.26347
1.25991
1.25601
1.25194
1.2479
1.2441
1.24074
1.23802
1.23605
1.23494
1.23473
1.23539
1.23689
1.23914
1.24206
1.24561
1.24977
1.25456
1.25999
1.26605
1.27267
1.27968
1.28688
1.29401
1.3008
1.30703
1.31249
1.31705
1.32061
1.32315
1.32468
1.32527
1.32505
1.32416
1.32275
1.32092
1.31874
1.31623
1.3134
1.31024
1.30678
1.30305
1.2991
1.29498
1.29076
1.28652
1.28234
1.27833
1.2746
1.27126
1.26837
1.26595
1.26394
1.26226
1.26083
1.25962
1.25862
1.25792
1.25758
1.25763
1.25801
1.25863
1.25935
1.26009
1.26084
1.26167
1.2627
1.26403
1.26571
1.26767
1.2697
1.2715
1.27279
1.27336
1.27321
1.27245
1.27128
1.26987
1.26837
1.26692
1.26565
1.26472
1.26426
1.26437
1.26506
1.26628
1.26789
1.26969
1.27147
1.27307
1.27439
1.27538
1.27609
1.27655
1.27679
1.27679
1.27644
1.27557
1.27398
1.27157
1.26846
1.26498
1.26166
1.259
1.25737
1.25683
1.25724
1.25824
1.25944
1.26055
1.26142
1.2621
1.26276
1.2636
1.2648
1.26644
1.26844
1.27053
1.2722
1.27284
1.27178
1.26856
1.26301
1.25545
1.24651
1.23704
1.2279
1.21975
1.2131
1.2082
1.20515
1.20395
1.20449
1.20663
1.21019
1.21494
1.22064
1.22701
1.23374
1.24051
1.24703
1.25302
1.25826
1.2626
1.26603
1.26863
1.27067
1.27251
1.27458
1.27728
1.28085
1.28537
1.29071
1.29658
1.30271
1.30891
1.31518
1.32163
1.32835
1.33516
1.34156
1.3469
1.35068
1.35282
1.35359
1.35341
1.35259
1.35127
1.34939
1.34676
1.34311
1.33825
1.33224
1.32536
1.31799
1.31042
1.30276
1.29498
1.287
1.27882
1.27055
1.26244
1.2548
1.24796
1.2422
1.2377
1.23453
1.23262
1.23187
1.23215
1.23336
1.23546
1.23842
1.24222
1.24683
1.25214
1.258
1.26419
1.27041
1.27635
1.28169
1.2862
1.28973
1.29227
1.29393
1.29489
1.29541
1.29578
1.29628
1.29712
1.29844
1.3003
1.30273
1.30571
1.30925
1.31332
1.31793
1.32301
1.32847
1.33417
1.33993
1.34554
1.35076
1.35527
1.3588
1.3612
1.36249
1.36284
1.36243
1.36131
1.35949
1.35698
1.35388
1.35032
1.34632
1.3417
1.33623
1.32983
1.32276
1.31561
1.30902
1.3035
1.29924
1.29614
1.29387
1.29197
1.28999
1.28762
1.28476
1.2815
1.27809
1.27483
1.272
1.26979
1.26833
1.26762
1.26756
1.268
1.26874
1.26958
1.27036
1.27099
1.27145
1.27174
1.27187
1.27175
1.27125
1.27017
1.26837
1.26586
1.26278
1.25941
1.25601
1.25278
1.24986
1.24727
1.24498
1.24291
1.24104
1.23938
1.23806
1.23723
1.2371
1.23783
1.23948
1.24194
1.24499
1.24835
1.25181
1.25531
1.25889
1.2626
1.26645
1.27042
1.27446
1.27854
1.28271
1.28705
1.29164
1.29654
1.30173
1.30709
1.31237
1.3173
1.32159
1.32505
1.32763
1.32939
1.3305
1.33116
1.33148
1.33137
1.3304
1.32792
1.32343
1.31703
1.30956
1.30222
1.296
1.2915
1.28891
1.28809
1.28873
1.29038
1.29255
1.29478
1.29669
1.29804
1.29871
1.29868
1.29804
1.29693
1.29553
1.29406
1.29276
1.29188
1.29163
1.29218
1.29362
1.29591
1.29891
1.30237
1.30594
1.30921
1.31166
1.31276
1.31205
1.30933
1.30479
1.29892
1.29223
1.28513
1.27788
1.27073
1.26399
1.258
1.25314
1.24969
1.24781
1.2476
1.24904
1.2521
1.25669
1.26268
1.26991
1.27813
1.28703
1.2962
1.30522
1.31364
1.32104
1.3271
1.33165
1.33473
1.3365
1.33723
1.33718
1.33656
1.33553
1.33426
1.33293
1.33179
1.33112
1.33116
1.33203
1.3337
1.33589
1.3382
1.3402
1.34166
1.34258
1.34308
1.34327
1.34317
1.34271
1.34177
1.34029
1.33826
1.33578
1.33304
1.33026
1.3277
1.32559
1.32408
1.32323
1.32296
1.32313
1.32357
1.32412
1.32471
1.32535
1.32606
1.32685
1.32765
1.32829
1.32852
1.32809
1.32689
1.32504
1.32286
1.32073
1.31895
1.31771
1.31704
1.31683
1.31691
1.31704
1.31697
1.31641
1.31513
1.31301
1.31012
1.30672
1.30319
1.29997
1.29745
1.29589
1.29543
1.29606
1.29764
1.2999
1.3025
1.30504
1.30719
1.30868
1.30937
1.30925
1.30842
1.30704
1.30531
1.30347
1.3017
1.30017
1.299
1.29824
1.29791
1.298
1.29848
1.29935
1.30061
1.30224
1.30423
1.30647
1.30885
1.31119
1.31339
1.31544
1.31745
1.31956
1.32193
1.32463
1.32767
1.33097
1.33439
1.33777
1.34095
1.34379
1.34622
1.34821
1.34976
1.35094
1.35185
1.35254
1.35303
1.35328
1.35315
1.35245
1.35098
1.34864
1.34542
1.34149
1.33709
1.33249
1.32792
1.32356
1.31952
1.31586
1.3126
1.30971
1.30719
1.30504
1.30329
1.30202
1.30132
1.30133
1.30212
1.30376
1.30624
1.30945
1.31323
1.3174
1.32177
1.32618
1.33044
1.33434
1.33755
1.33958
1.33987
1.33802
1.33395
1.32804
1.32088
1.31308
1.30512
1.29732
1.28991
1.28304
1.27684
1.27141
1.26686
1.26325
1.2606
1.2589
1.25807
1.25799
1.25847
1.25929
1.26017
1.26085
1.26103
1.2605
1.25911
1.25687
1.25394
1.25062
1.24732
1.24448
1.24255
1.24191
1.24281
1.24543
1.24974
1.25557
1.2625
1.2699
1.27694
1.28292
1.28752
1.29097
1.2939
1.29697
1.30057
1.30479
1.3095
1.31442
1.31923
1.32361
1.32728
1.33001
1.33168
1.33229
1.33191
1.33073
1.32897
1.32684
1.32456
1.32229
1.32018
1.31834
1.31684
1.31568
1.31481
1.3141
1.31332
1.31223
1.31063
1.30849
1.30594
1.30325
1.3007
1.29849
1.29673
1.29545
1.29459
1.29412
1.29395
1.29403
1.29427
1.29464
1.29509
1.29559
1.2961
1.29657
1.29686
1.29677
1.29602
1.29435
1.29166
1.28805
1.28386
1.27955
1.27554
1.27217
1.26963
1.26797
1.26719
1.26719
1.26782
1.26887
1.27006
1.27113
1.2719
1.27232
1.27247
1.27248
1.27247
1.27253
1.27277
1.27334
1.2744
1.27612
1.27865
1.28204
1.28624
1.29108
1.29628
1.30146
1.30627
1.31038
1.31363
1.31596
1.31742
1.31811
1.31817
1.31778
1.3171
1.31635
1.3157
1.31535
1.31543
1.31603
1.31717
1.31876
1.32065
1.32262
1.32445
1.32594
1.32699
1.32758
1.32773
1.32755
1.32717
1.32669
1.32622
1.32578
1.32537
1.32498
1.32461
1.32432
1.32417
1.32429
1.32477
1.32571
1.32714
1.32901
1.33122
1.33364
1.33612
1.33856
1.34099
1.34357
1.34652
1.35009
1.35437
1.35918
1.36405
1.3683
1.37134
1.37284
1.37288
1.37182
1.37009
1.36808
1.36611
1.36437
1.363
1.36206
1.36153
1.36134
1.36143
1.36171
1.36215
1.36268
1.36323
1.36362
1.36362
1.36298
1.36153
1.35929
1.35653
1.35363
1.35106
1.34915
1.34814
1.34807
1.3489
1.35048
1.35264
1.3552
1.358
1.36091
1.36383
1.36671
1.3695
1.37213
1.37445
1.37618
1.37693
1.37632
1.37407
1.37018
1.36487
1.35859
1.35184
1.34514
1.33896
1.33363
1.32937
1.3263
1.3244
1.32361
1.32381
1.32489
1.32674
1.32927
1.33228
1.33535
1.33767
1.33817
1.33594
1.33089
1.32384
1.31611
1.30885
1.30277
1.29819
1.29514
1.29344
1.29277
1.29269
1.29268
1.29232
1.29143
1.29014
1.28881
1.28785
1.28755
1.28806
1.28932
1.29119
1.29345
1.29589
1.29833
1.30063
1.30272
1.30452
1.30596
1.30698
1.3075
1.3075
1.30701
1.30611
1.30491
1.30351
1.3019
1.30001
1.29768
1.29476
1.29118
1.287
1.2824
1.27768
1.27316
1.26916
1.26591
1.2635
1.26182
1.26054
1.2592
1.25746
1.25521
1.25268
1.25027
1.2483
1.24698
1.24633
1.24621
1.24642
1.24667
1.24665
1.24612
1.24492
1.24307
1.24074
1.23822
1.23587
1.23405
1.23304
1.23304
1.23415
1.23634
1.23954
1.24358
1.24827
1.25337
1.25859
1.26366
1.2683
1.27234
1.27573
1.2785
1.2808
1.28277
1.28452
1.28616
1.28771
1.28918
1.29051
1.29165
1.29254
1.29315
1.29348
1.29357
1.29351
1.29339
1.29325
1.29311
1.29287
1.29242
1.29166
1.29055
1.28917
1.2877
1.28642
1.28562
1.28554
1.28637
1.28819
1.29098
1.29466
1.2991
1.30417
1.30972
1.31561
1.32172
1.3279
1.33398
1.33975
1.34498
1.34946
1.35301
1.35553
1.35699
1.35749
1.35719
1.35631
1.35503
1.35344
1.35154
1.34927
1.34658
1.34345
1.33995
1.33622
1.33246
1.32886
1.32561
1.32274
1.32011
1.31738
1.31417
1.31027
1.30578
1.30111
1.29678
1.29325
1.29078
1.28946
1.28924
1.28993
1.29128
1.29304
1.29499
1.29693
1.29872
1.30025
1.30148
1.30242
1.30307
1.30349
1.30374
1.30395
1.30433
1.30512
1.30655
1.30877
1.31181
1.31554
1.31968
1.32389
1.32785
1.33127
1.33402
1.33606
1.33743
1.3382
1.33843
1.33823
1.33771
1.33701
1.33629
1.33564
1.33513
1.33474
1.33442
1.33404
1.33347
1.33259
1.33137
1.3299
1.32843
1.32724
1.32658
1.32657
1.32724
1.32847
1.33011
1.33194
1.3337
1.3351
1.33584
1.33568
1.33449
1.33229
1.32932
1.3259
1.32239
1.31912
1.31627
1.31398
1.31226
1.31109
1.31042
1.31011
1.31001
1.30993
1.30965
1.30896
1.30773
1.30591
1.30352
1.30059
1.29711
1.29307
1.28842
1.28319
1.27745
1.27137
1.2652
1.25919
1.25359
1.24859
1.24431
1.2408
1.23805
1.236
1.23457
1.2337
1.23333
1.23347
1.23413
1.23537
1.23723
1.23972
1.24283
1.24648
1.25057
1.25497
1.25957
1.26433
1.26924
1.27429
1.27941
1.28442
1.28904
1.29293
1.29589
1.29783
1.29881
1.29886
1.29801
1.29631
1.29382
1.29077
1.28746
1.28425
1.28147
1.27935
1.278
1.27742
1.27755
1.2783
1.27956
1.28126
1.28331
1.28563
1.28813
1.29069
1.29315
1.29531
1.29698
1.29805
1.29849
1.29842
1.29811
1.29785
1.29798
1.29872
1.30019
1.30239
1.30522
1.30851
1.31205
1.31566
1.3192
1.32255
1.32565
1.32854
1.33142
1.33465
1.33863
1.34369
1.34998
1.35741
1.36567
1.37427
1.38258
1.38986
1.39537
1.39855
1.39914
1.39736
1.39376
1.38895
1.38344
1.37752
1.3713
1.36482
1.35813
1.35142
1.34496
1.33901
1.33383
1.32953
1.32618
1.32377
1.32226
1.32162
1.32182
1.32282
1.32458
1.32704
1.3301
1.33361
1.33738
1.34118
1.34472
1.34765
1.34963
1.35037
1.34971
1.34777
1.34487
1.34149
1.33811
1.3351
1.33269
1.33092
1.32973
1.32898
1.32849
1.32814
1.32783
1.32757
1.32744
1.32752
1.32789
1.32856
1.32948
1.33054
1.33161
1.33255
1.33323
1.33356
1.33349
1.33303
1.33227
1.33137
1.33051
1.32987
1.32953
1.32939
1.32916
1.32841
1.32674
1.32391
1.32005
1.31554
1.31091
1.30666
1.30312
1.30048
1.29877
1.29794
1.29784
1.29834
1.2993
1.30061
1.30221
1.30406
1.30619
1.30861
1.31132
1.31425
1.31726
1.3201
1.32253
1.32429
1.32525
1.32542
1.32496
1.32413
1.32324
1.32257
1.32236
1.3228
1.32404
1.32617
1.32921
1.33307
1.33752
1.34217
1.34649
1.34991
1.35193
1.35228
1.35095
1.34819
1.34442
1.34011
1.33573
1.33167
1.32822
1.32556
1.32378
1.32284
1.32264
1.32302
1.32376
1.3247
1.32566
1.32655
1.3273
1.3279
1.32839
1.32885
1.32933
1.32979
1.33004
1.32974
1.32843
1.3257
1.32133
1.31534
1.30803
1.29987
1.29145
1.28329
1.27589
1.26959
1.26459
1.26094
1.25856
1.25728
1.25688
1.25712
1.25778
1.25872
1.25983
1.26106
1.26238
1.2638
1.26533
1.267
1.26885
1.27091
1.27324
1.27589
1.27893
1.28245
1.28656
1.2914
1.29708
1.30367
1.3111
1.31912
1.32729
1.33507
1.34201
1.3479
1.3527
1.35638
1.35874
1.35947
1.35828
1.35507
1.35001
1.34349
1.33599
1.32804
1.32008
1.31248
1.30553
1.2995
1.29461
1.29101
1.28877
1.28781
1.28795
1.28881
1.28995
1.29085
1.29104
1.29023
1.28838
1.28576
1.28285
1.28021
1.27839
1.27778
1.2786
1.28091
1.28457
1.28931
1.29475
1.30041
1.30583
1.31053
1.31414
1.31646
1.31743
1.31724
1.31621
1.31474
1.31327
1.31215
1.31161
1.31177
1.31261
1.31401
1.31576
1.31757
1.31914
1.32024
1.32079
1.32094
1.32104
1.32157
1.32295
1.32545
1.32905
1.33345
1.3381
1.34243
1.34607
1.34893
1.35121
1.35318
1.35511
1.35714
1.35927
1.36138
1.36326
1.36459
1.36506
1.3644
1.36244
1.35917
1.35478
1.34965
1.34426
1.33915
1.33479
1.33152
1.32949
1.32874
1.3292
1.33078
1.33335
1.33681
1.34102
1.34577
1.35082
1.35582
1.36042
1.36428
1.36708
1.36864
1.36884
1.36777
1.36568
1.36293
1.35989
1.35671
1.3533
1.34932
1.34438
1.33821
1.3309
1.32282
1.31455
1.30663
1.29947
1.2933
1.28822
1.28422
1.28122
1.27908
1.27761
1.27664
1.276
1.27552
1.27505
1.27451
1.27393
1.2734
1.2731
1.27324
1.27397
1.27542
1.27766
1.28069
1.28446
1.28889
1.29386
1.29921
1.30472
1.3101
1.31507
1.31942
1.32314
1.3265
1.32989
1.33369
1.33808
1.34302
1.34819
1.35308
1.35702
1.35936
1.35966
1.35787
1.35436
1.34981
1.34499
1.34055
1.33691
1.33422
1.33238
1.33109
1.32996
1.32852
1.32635
1.32315
1.31881
1.31352
1.30768
1.30188
1.29674
1.29279
1.29037
1.28966
1.29066
1.2932
1.297
1.30171
1.30686
1.31198
1.31663
1.32053
1.32358
1.32591
1.32773
1.32925
1.33065
1.33205
1.33353
1.33517
1.33705
1.33918
1.34155
1.34405
1.34654
1.34884
1.35081
1.35237
1.35349
1.35412
1.3542
1.35358
1.35202
1.34926
1.34519
1.3399
1.33375
1.32728
1.32107
1.31565
1.31143
1.30866
1.30744
1.30772
1.3093
1.31182
1.31481
1.31777
1.32019
1.32168
1.322
1.32107
1.31894
1.31579
1.31185
1.30742
1.30281
1.29835
1.29438
1.29117
1.28898
1.28797
1.28821
1.28968
1.29224
1.29564
1.29956
1.30364
1.30751
1.31089
1.31359
1.31552
1.31672
1.31728
1.31733
1.31698
1.31637
1.31556
1.31462
1.3136
1.3125
1.31132
1.31002
1.3086
1.30704
1.30538
1.30371
1.30213
1.30077
1.29971
1.29897
1.29852
1.2983
1.29824
1.29826
1.29828
1.29822
1.29799
1.29763
1.29727
1.29714
1.29751
1.2986
1.30058
1.30353
1.30746
1.31237
1.31817
1.32471
1.3317
1.33873
1.34533
1.35109
1.35578
1.35944
1.36227
1.36453
1.36644
1.36801
1.36914
1.36966
1.36941
1.36831
1.3663
1.36335
1.35948
1.35486
1.3498
1.3447
1.34
1.33607
1.33313
1.33126
1.33036
1.33017
1.33029
1.33022
1.32947
1.32769
1.32473
1.32065
1.31566
1.31
1.30394
1.29772
1.29156
1.28566
1.28021
1.27532
1.27107
1.26745
1.26444
1.26196
1.25995
1.25835
1.25714
1.2563
1.25586
1.25583
1.25627
1.25723
1.25878
1.26097
1.26385
1.26745
1.27174
1.27663
1.28192
1.28733
1.2925
1.29703
1.30064
1.30319
1.3047
1.30524
1.30492
1.30388
1.30225
1.3002
1.29795
1.29569
1.29364
1.29199
1.2909
1.29049
1.29087
1.2921
1.2942
1.29714
1.30088
1.30537
1.31053
1.31633
