0.0112517
0.0114157
0.0115088
0.0116231
0.0117589
0.0119166
0.0120965
0.0122991
0.0125249
0.0127744
0.0130483
0.0133472
0.0136718
0.0140227
0.0144007
0.0148065
0.0152409
0.0157047
0.0161986
0.0167236
0.0172805
0.0178699
0.0184927
0.0191498
0.0198418
0.0205695
0.0213337
0.0221349
0.0229739
0.0238512
0.0247673
0.0257228
0.026718
0.0277533
0.028829
0.0299451
0.0311019
0.0322994
0.0335375
0.034816
0.0361347
0.0374933
0.0388915
0.0403287
0.0418043
0.0433178
0.0448685
0.0464555
0.0480779
0.0497348
0.051425
0.0531472
0.0549002
0.0566822
0.0584914
0.0603259
0.0621833
0.064061
0.065956
0.0678652
0.0697849
0.0717114
0.0736403
0.0755674
0.0774878
0.0793967
0.0812892
0.0831602
0.0850047
0.0868177
0.0885945
0.0903304
0.092021
0.0936624
0.095251
0.0967834
0.0982569
0.0996692
0.101018
0.102303
0.103522
0.104675
0.105762
0.106783
0.107739
0.108631
0.10946
0.110228
0.110936
0.111587
0.112181
0.112722
0.113212
0.113652
0.114046
0.114395
0.114702
0.114969
0.115199
0.115394
0.115557
0.115689
0.115793
0.115872
0.115927
0.115959
0.115972
0.115966
0.115943
0.115904
0.11585
0.115783
0.115704
0.115613
0.115511
0.115399
0.115278
0.115149
0.115013
0.114871
0.114725
0.114576
0.114426
0.114276
0.114128
0.113984
0.113846
0.113717
0.113597
0.11349
0.113397
0.113319
0.113258
0.113215
0.113191
0.113186
0.113201
0.113234
0.113286
0.113356
0.113443
0.113544
0.11366
0.113787
0.113925
0.114072
0.114225
0.114384
0.114547
0.114711
0.114877
0.115043
0.115207
0.11537
0.115529
0.115686
0.115839
0.115988
0.116132
0.116272
0.116406
0.116534
0.116657
0.116772
0.116881
0.116981
0.117073
0.117155
0.117226
0.117286
0.117333
0.117367
0.117386
0.117389
0.117376
0.117346
0.117297
0.117231
0.117146
0.117042
0.116919
0.116777
0.116616
0.116438
0.116243
0.116032
0.115805
0.115565
0.115312
0.115049
0.114775
0.114494
0.114207
0.113916
0.113621
0.113325
0.113029
0.112734
0.112442
0.112153
0.111868
0.111588
0.111312
0.111041
0.110775
0.110512
0.110253
0.109996
0.109741
0.109487
0.109232
0.108976
0.108717
0.108454
0.108187
0.107915
0.107637
0.107354
0.107064
0.106769
0.106469
0.106164
0.105855
0.105544
0.105232
0.104919
0.104608
0.104299
0.103996
0.103699
0.10341
0.10313
0.102862
0.102607
0.102367
0.102142
0.101935
0.101746
0.101576
0.101427
0.101299
0.101193
0.101109
0.101047
0.101006
0.100987
0.100989
0.101011
0.101052
0.101111
0.101185
0.101274
0.101376
0.101488
0.10161
0.101739
0.101873
0.10201
0.10215
0.10229
0.10243
0.102568
0.102704
0.102837
0.102967
0.103093
0.103216
0.103335
0.103452
0.103565
0.103677
0.103786
0.103893
0.103998
0.104101
0.104203
0.104302
0.104398
0.104491
0.104579
0.104662
0.10474
0.104812
0.104877
0.104936
0.104989
0.105036
0.105079
0.105118
0.105156
0.105195
0.105237
0.105285
0.10534
0.105407
0.105487
0.105583
0.105698
0.105832
0.105987
0.106164
0.106364
0.106587
0.106832
0.107097
0.107383
0.107686
0.108005
0.108337
0.108678
0.109026
0.109377
0.109727
0.110072
0.110408
0.110732
0.111039
0.111325
0.111587
0.111822
0.112028
0.112201
0.112342
0.112448
0.11252
0.112557
0.112562
0.112535
0.112477
0.112392
0.112281
0.112148
0.111994
0.111822
0.111635
0.111435
0.111224
0.111004
0.110778
0.110546
0.110311
0.110074
0.109836
0.1096
0.109366
0.109136
0.10891
0.108691
0.10848
0.108276
0.108082
0.107897
0.107723
0.10756
0.107407
0.107266
0.107134
0.107012
0.1069
0.106796
0.1067
0.106611
0.106528
0.106449
0.106375
0.106304
0.106237
0.106172
0.10611
0.106051
0.105995
0.105942
0.105894
0.105851
0.105814
0.105784
0.10576
0.105745
0.105738
0.10574
0.105752
0.105773
0.105803
0.105844
0.105895
0.105956
0.106028
0.106112
0.106207
0.106316
0.106437
0.106573
0.106723
0.106888
0.107069
0.107266
0.107479
0.107707
0.107951
0.108209
0.108481
0.108766
0.109063
0.109369
0.109684
0.110005
0.11033
0.110657
0.110982
0.111304
0.111619
0.111924
0.112217
0.112495
0.112755
0.112994
0.113211
0.113403
0.113569
0.113709
0.113821
0.113906
0.113965
0.113997
0.114005
0.11399
0.113955
0.113902
0.113833
0.113752
0.113661
0.113562
0.113459
0.113355
0.11325
0.113148
0.113049
0.112956
0.11287
0.11279
0.112718
0.112654
0.112597
0.112548
0.112506
0.112472
0.112445
0.112425
0.112412
0.112408
0.112412
0.112425
0.112448
0.112483
0.11253
0.112591
0.112668
0.112762
0.112873
0.113004
0.113155
0.113326
0.113518
0.113731
0.113963
0.114214
0.114482
0.114766
0.115063
0.11537
0.115684
0.116003
0.116322
0.116638
0.116948
0.117247
0.117532
0.117799
0.118046
0.118269
0.118465
0.118633
0.118769
0.118873
0.118942
0.118977
0.118976
0.118941
0.11887
0.118766
0.118629
0.11846
0.118262
0.118037
0.117786
0.117513
0.117221
0.116911
0.116588
0.116254
0.115912
0.115566
0.115218
0.114872
0.11453
0.114195
0.11387
0.113557
0.113258
0.112975
0.112708
0.11246
0.112231
0.112022
0.111831
0.111659
0.111505
0.111369
0.111247
0.11114
0.111044
0.11096
0.110883
0.110814
0.110749
0.110688
0.110629
0.110571
0.110514
0.110456
0.110399
0.110342
0.110285
0.110231
0.110179
0.110131
0.110089
0.110054
0.110028
0.110011
0.110006
0.110013
0.110034
0.110069
0.11012
0.110186
0.110268
0.110366
0.110479
0.110608
0.11075
0.110907
0.111076
0.111258
0.11145
0.111652
0.111863
0.112081
0.112305
0.112534
0.112765
0.112997
0.113229
0.113458
0.113682
0.113899
0.114106
0.114302
0.114485
0.114652
0.114803
0.114937
0.115053
0.11515
0.115231
0.115295
0.115343
0.115379
0.115403
0.115418
0.115426
0.115429
0.115429
0.115428
0.115427
0.115428
0.11543
0.115434
0.115441
0.115449
0.11546
0.115472
0.115484
0.115497
0.115509
0.11552
0.115529
0.115535
0.115538
0.115538
0.115534
0.115526
0.115512
0.115493
0.115467
0.115436
0.115397
0.115352
0.115299
0.115238
0.115169
0.115092
0.115007
0.114915
0.114815
0.114708
0.114594
0.114474
0.114349
0.114218
0.114084
0.113947
0.113807
0.113667
0.113526
0.113388
0.113252
0.11312
0.112994
0.112876
0.112766
0.112666
0.112577
0.112501
0.112436
0.112385
0.112346
0.112319
0.112304
0.1123
0.112305
0.112318
0.112337
0.112361
0.112388
0.112416
0.112442
0.112466
0.112486
0.1125
0.112507
0.112506
0.112494
0.112472
0.112439
0.112394
0.112335
0.112263
0.112177
0.112076
0.111961
0.111832
0.111687
0.111529
0.111356
0.111169
0.110971
0.11076
0.11054
0.110311
0.110075
0.109834
0.10959
0.109345
0.109101
0.108861
0.108626
0.108399
0.108181
0.107974
0.10778
0.1076
0.107436
0.10729
0.107161
0.107052
0.106963
0.106895
0.10685
0.106828
0.106829
0.106855
0.106906
0.106982
0.107082
0.107206
0.107354
0.107524
0.107716
0.107927
0.108156
0.108401
0.10866
0.108931
0.109213
0.109502
0.109797
0.110098
0.110401
0.110708
0.111015
0.111324
0.111633
0.111943
0.112253
0.112563
0.112874
0.113185
0.113497
0.113809
0.114121
0.114434
0.114746
0.115057
0.115366
0.115674
0.115979
0.11628
0.116576
0.116868
0.117153
0.117432
0.117704
0.117967
0.118222
0.118467
0.118703
0.118928
0.119143
0.119346
0.119537
0.119716
0.119881
0.120032
0.120168
0.120289
0.120393
0.12048
0.120549
0.120599
0.120631
0.120642
0.120634
0.120606
0.120558
0.120491
0.120405
0.120302
0.120182
0.120047
0.119899
0.11974
0.119571
0.119396
0.119216
0.119034
0.118852
0.118674
0.118501
0.118336
0.118181
0.118038
0.117909
0.117795
0.117697
0.117616
0.117553
0.117506
0.117475
0.117459
0.117456
0.117464
0.117481
0.117504
0.11753
0.117556
0.117578
0.117593
0.1176
0.117594
0.117575
0.11754
0.11749
0.117423
0.117339
0.117241
0.11713
0.117007
0.116876
0.116738
0.116598
0.116459
0.116323
0.116193
0.116072
0.115963
0.115867
0.115786
0.115721
0.115674
0.115643
0.11563
0.115634
0.115653
0.115688
0.115737
0.115798
0.11587
0.115953
0.116044
0.116143
0.116248
0.116358
0.116473
0.116592
0.116715
0.116842
0.116972
0.117105
0.117242
0.117383
0.117526
0.117673
0.117821
0.117971
0.118122
0.118271
0.118417
0.118558
0.118693
0.118818
0.118932
0.119033
0.119118
0.119185
0.119232
0.119259
0.119265
0.119249
0.119211
0.119152
0.119074
0.118978
0.118866
0.118741
0.118606
0.118465
0.11832
0.118175
0.118033
0.117898
0.117771
0.117655
0.117552
0.117463
0.117389
0.11733
0.117285
0.117253
0.117233
0.117223
0.117221
0.117224
0.117231
0.117238
0.117245
0.117248
0.117247
0.11724
0.117227
0.117206
0.117178
0.117143
0.117101
0.117053
0.116999
0.11694
0.116877
0.116809
0.116737
0.116662
0.116583
0.116499
0.11641
0.116314
0.116211
0.116098
0.115975
0.11584
0.115692
0.115532
0.115358
0.115173
0.114978
0.114776
0.11457
0.114365
0.114166
0.113977
0.113803
0.113648
0.113517
0.113413
0.113336
0.113289
0.113269
0.113276
0.113308
0.113359
0.113428
0.113508
0.113596
0.113687
0.113777
0.113864
0.113943
0.114013
0.114073
0.11412
0.114156
0.11418
0.114192
0.114193
0.114183
0.114163
0.114134
0.114095
0.114047
0.113989
0.11392
0.113841
0.113749
0.113645
0.113526
0.113392
0.113241
0.113073
0.112887
0.112682
0.112459
0.112216
0.111956
0.111678
0.111384
0.111076
0.110756
0.110425
0.110087
0.109745
0.109402
0.109062
0.108727
0.108402
0.108089
0.107794
0.107518
0.107266
0.107041
0.106846
0.106684
0.106556
0.106467
0.106417
0.106408
0.106442
0.106519
0.106641
0.106807
0.107017
0.107271
0.107567
0.107906
0.108284
0.108701
0.109155
0.109643
0.110162
0.110711
0.111285
0.111883
0.112501
0.113136
0.113783
0.114439
0.115101
0.115763
0.116422
0.117074
0.117714
0.118337
0.11894
0.119518
0.120066
0.120581
0.121059
0.121498
0.121894
0.122245
0.122549
0.122806
0.123014
0.123172
0.123282
0.123343
0.123357
0.123324
0.123246
0.123125
0.122961
0.122756
0.122513
0.122232
0.121917
0.121567
0.121186
0.120776
0.120339
0.119878
0.119395
0.118894
0.118377
0.11785
0.117314
0.116774
0.116234
0.115698
0.115169
0.114651
0.114147
0.11366
0.113193
0.112747
0.112324
0.111924
0.111549
0.111197
0.110868
0.110562
0.110275
0.110008
0.109758
0.109523
0.109302
0.109093
0.108895
0.108706
0.108528
0.108358
0.108199
0.108051
0.107915
0.107792
0.107685
0.107596
0.107526
0.107477
0.10745
0.107447
0.107468
0.107515
0.107585
0.10768
0.107797
0.107935
0.108092
0.108265
0.108452
0.108649
0.108855
0.109065
0.109277
0.109488
0.109695
0.109896
0.110089
0.110273
0.110447
0.110609
0.110759
0.110897
0.111024
0.111139
0.111243
0.111338
0.111424
0.111502
0.111575
0.111642
0.111705
0.111765
0.111823
0.111881
0.111939
0.111998
0.112059
0.112122
0.112188
0.112258
0.112332
0.112411
0.112495
0.112583
0.112678
0.112778
0.112884
0.112996
0.113114
0.113239
0.113369
0.113506
0.113648
0.113795
0.113947
0.114104
0.114264
0.114427
0.114593
0.11476
0.114929
0.115099
0.115268
0.115437
0.115606
0.115773
0.115939
0.116104
0.116267
0.116429
0.116588
0.116746
0.116902
0.117055
0.117206
0.117354
0.117499
0.117639
0.117776
0.117909
0.118036
0.118159
0.118278
0.118393
0.118504
0.118612
0.11872
0.118828
0.118939
0.119054
0.119176
0.119308
0.119451
0.119608
0.119782
0.119974
0.120185
0.120418
0.120673
0.120951
0.12125
0.121571
0.121912
0.122271
0.122646
0.123033
0.123428
0.123828
0.124227
0.12462
0.125003
0.125368
0.125711
0.126026
0.126308
0.126551
0.126753
0.126909
0.127017
0.127075
0.127081
0.127037
0.126942
0.1268
0.126611
0.12638
0.12611
0.125804
0.125468
0.125106
0.124721
0.124319
0.123902
0.123474
0.12304
0.122601
0.122161
0.121721
0.121285
0.120854
0.120429
0.120013
0.119608
0.119214
0.118833
0.118466
0.118115
0.117781
0.117465
0.117169
0.116892
0.116635
0.1164
0.116186
0.115994
0.115822
0.115671
0.11554
0.115429
0.115336
0.11526
0.1152
0.115154
0.115122
0.1151
0.115088
0.115084
0.115087
0.115095
0.115105
0.115118
0.115131
0.115143
0.115152
0.115159
0.11516
0.115156
0.115145
0.115125
0.115097
0.115059
0.115009
0.114948
0.114874
0.114786
0.114684
0.114567
0.114435
0.114288
0.114126
0.113949
0.113757
0.113551
0.113333
0.113102
0.112861
0.112609
0.112349
0.112082
0.111808
0.111529
0.111246
0.11096
0.110672
0.110383
0.110095
0.109807
0.109522
0.109239
0.108962
0.108689
0.108424
0.108167
0.10792
0.107684
0.107461
0.107253
0.107061
0.106887
0.106733
0.106599
0.106487
0.106398
0.106333
0.106293
0.106277
0.106287
0.106323
0.106383
0.106469
0.106579
0.106713
0.106869
0.107047
0.107246
0.107464
0.107701
0.107953
0.10822
0.108501
0.108792
0.109093
0.109401
0.109714
0.11003
0.110347
0.110664
0.110977
0.111286
0.111589
0.111883
0.112169
0.112445
0.112709
0.112962
0.113203
0.113431
0.113648
0.113852
0.114045
0.114227
0.114398
0.114557
0.114706
0.114845
0.114973
0.115089
0.115194
0.115287
0.115366
0.115432
0.115482
0.115516
0.115534
0.115533
0.115514
0.115476
0.115419
0.115342
0.115246
0.115132
0.115001
0.114852
0.114688
0.114509
0.114317
0.114113
0.113899
0.113675
0.113444
0.113206
0.112962
0.112713
0.11246
0.112205
0.111946
0.111686
0.111424
0.111161
0.110897
0.110633
0.110368
0.110103
0.109838
0.109574
0.109311
0.109049
0.108789
0.108531
0.108276
0.108024
0.107777
0.107534
0.107296
0.107065
0.106842
0.106626
0.106419
0.106222
0.106036
0.105861
0.1057
0.105551
0.105415
0.105294
0.105186
0.105092
0.10501
0.104942
0.104884
0.104838
0.1048
0.10477
0.104747
0.10473
0.104717
0.104709
0.104703
0.104701
0.104702
0.104705
0.104711
0.104719
0.104731
0.104745
0.10476
0.104778
0.104796
0.104814
0.10483
0.104844
0.104853
0.104856
0.104853
0.104841
0.104819
0.104788
0.104745
0.104693
0.10463
0.104558
0.104477
0.10439
0.1043
0.104207
0.104115
0.104027
0.103946
0.103875
0.103818
0.103777
0.103754
0.103753
0.103775
0.103822
0.103895
0.103994
0.104119
0.10427
0.104446
0.104646
0.104867
0.105108
0.105366
0.105638
0.105922
0.106214
0.106512
0.106812
0.107112
0.107409
0.1077
0.107984
0.108259
0.108523
0.108775
0.109013
0.109238
0.109449
0.109645
0.109828
0.109998
0.110156
0.110302
0.110438
0.110565
0.110684
0.110798
0.110908
0.111015
0.111122
0.111231
0.111342
0.111457
0.111579
0.111708
0.111846
0.111993
0.112151
0.11232
0.1125
0.112692
0.112895
0.11311
0.113336
0.113572
0.113818
0.114072
0.114334
0.114601
0.114874
0.115149
0.115426
0.115702
0.115975
0.116244
0.116506
0.116759
0.117001
0.117229
0.11744
0.117634
0.117807
0.117959
0.118086
0.118189
0.118265
0.118314
0.118334
0.118326
0.118288
0.118222
0.118126
0.118001
0.117847
0.117665
0.117456
0.11722
0.116959
0.116675
0.116369
0.116042
0.115698
0.115339
0.114967
0.114586
0.114198
0.113807
0.113416
0.113029
0.112648
0.112277
0.111919
0.111578
0.111255
0.110955
0.110678
0.110428
0.110206
0.110014
0.109853
0.109725
0.109629
0.109567
0.109539
0.109544
0.109583
0.109653
0.109755
0.109888
0.110049
0.110237
0.11045
0.110687
0.110945
0.111223
0.111517
0.111827
0.112149
0.112483
0.112825
0.113173
0.113527
0.113883
0.114241
0.114597
0.114952
0.115303
0.115648
0.115986
0.116317
0.116638
0.116949
0.117248
0.117536
0.117812
0.118075
0.118326
0.118564
0.11879
0.119005
0.119209
0.119402
0.119586
0.119761
0.119927
0.120085
0.120234
0.120374
0.120506
0.120626
0.120736
0.120833
0.120916
0.120984
0.121035
0.12107
0.121087
0.121086
0.121068
0.121034
0.120985
0.120923
0.120851
0.120771
0.120687
0.120601
0.120516
0.120436
0.120362
0.120298
0.120244
0.120203
0.120175
0.12016
0.120159
0.120171
0.120194
0.120229
0.120272
0.120323
0.12038
0.12044
0.120503
0.120566
0.120628
0.120687
0.120742
0.120791
0.120834
0.12087
0.120898
0.120919
0.12093
0.120934
0.120929
0.120916
0.120896
0.120869
0.120836
0.120797
0.120754
0.120707
0.120657
0.120605
0.120553
0.120501
0.120451
0.120403
0.120359
0.120319
0.120283
0.120254
0.120231
0.120213
0.120202
0.120197
0.120197
0.120202
0.120211
0.120222
0.120235
0.120247
0.120258
0.120266
0.120269
0.120265
0.120254
0.120233
0.120201
0.120157
0.120101
0.120031
0.119947
0.11985
0.119738
0.119612
0.119474
0.119323
0.11916
0.118987
0.118804
0.118614
0.118417
0.118216
0.118011
0.117805
0.1176
0.117397
0.117198
0.117006
0.116823
0.116651
0.116493
0.11635
0.116225
0.11612
0.116036
0.115977
0.115942
0.115934
0.115952
0.115997
0.116069
0.116166
0.116288
0.116432
0.116597
0.116779
0.116977
0.117185
0.117402
0.117624
0.117846
0.118067
0.118282
0.118488
0.118682
0.118861
0.119022
0.119163
0.119281
0.119374
0.11944
0.119476
0.119482
0.119456
0.119398
0.119307
0.119184
0.119029
0.118844
0.118632
0.118395
0.118136
0.117859
0.117569
0.117269
0.116964
0.116658
0.116356
0.116062
0.115779
0.115511
0.115262
0.115033
0.114828
0.114646
0.114491
0.114363
0.114262
0.11419
0.114146
0.11413
0.114143
0.114185
0.114256
0.114356
0.114484
0.114641
0.114827
0.115041
0.115283
0.115553
0.115851
0.116175
0.116523
0.116896
0.11729
0.117705
0.118136
0.118582
0.119039
0.119503
0.119972
0.120442
0.120908
0.121366
0.121814
0.122247
0.122663
0.123057
0.123428
0.123772
0.124088
0.124374
0.12463
0.124853
0.125044
0.125203
0.12533
0.125424
0.125488
0.12552
0.125523
0.125497
0.125443
0.125361
0.125252
0.125118
0.124959
0.124776
0.124569
0.124341
0.124091
0.123821
0.123533
0.123228
0.122909
0.122577
0.122235
0.121885
0.121532
0.121177
0.120824
0.120477
0.12014
0.119815
0.119508
0.11922
0.118955
0.118717
0.118507
0.118329
0.118183
0.118071
0.117994
0.117951
0.117943
0.117967
0.118022
0.118106
0.118215
0.118347
0.118496
0.118658
0.118829
0.119004
0.119178
0.119345
0.119502
0.119643
0.119765
0.119864
0.119938
0.119984
0.120001
0.119989
0.119948
0.119879
0.119783
0.119663
0.119521
0.119361
0.119186
0.118998
0.118802
0.118601
0.118396
0.118192
0.117991
0.117795
0.117605
0.117424
0.117253
0.117092
0.116943
0.116807
0.116683
0.116573
0.116476
0.116392
0.116321
0.116262
0.116216
0.11618
0.116155
0.116138
0.11613
0.116127
0.11613
0.116136
0.116144
0.116153
0.116161
0.116167
0.11617
0.116168
0.116162
0.11615
0.116132
0.116107
0.116075
0.116036
0.11599
0.115937
0.115877
0.115811
0.11574
0.115663
0.115581
0.115497
0.11541
0.115321
0.115233
0.115145
0.11506
0.114979
0.114903
0.114832
0.114769
0.114714
0.114668
0.114632
0.114606
0.11459
0.114585
0.114591
0.114607
0.114632
0.114666
0.114708
0.114756
0.114809
0.114866
0.114925
0.114984
0.115042
0.115097
0.115148
0.115195
0.115235
0.115268
0.115293
0.115311
0.11532
0.115321
0.115314
0.115298
0.115274
0.115242
0.115201
0.115152
0.115093
0.115026
0.114949
0.114861
0.114764
0.114655
0.114535
0.114403
0.11426
0.114105
0.113939
0.113762
0.113575
0.11338
0.113178
0.11297
0.112758
0.112545
0.112333
0.112123
0.111918
0.111721
0.111533
0.111357
0.111194
0.111047
0.110916
0.110803
0.110709
0.110633
0.110578
0.110541
0.110523
0.110524
0.110541
0.110574
0.110621
0.110679
0.110748
0.110825
0.110906
0.110991
0.111076
0.111159
0.111237
0.111309
0.111372
0.111424
0.111465
0.111491
0.111503
0.1115
0.11148
0.111444
0.111391
0.111322
0.111237
0.111138
0.111024
0.110899
0.110763
0.110618
0.110467
0.110312
0.110155
0.11
0.109848
0.109702
0.109565
0.109439
0.109325
0.109225
0.10914
0.109072
0.10902
0.108984
0.108966
0.108963
0.108975
0.109002
0.109043
0.109097
0.109162
0.109238
0.109325
0.109422
0.109528
0.109644
0.109769
0.109904
0.110049
0.110205
0.110372
0.110551
0.110742
0.110945
0.111161
0.11139
0.111632
0.111886
0.112151
0.112427
0.112711
0.113004
0.113301
0.113602
0.113904
0.114204
0.1145
0.114788
0.115065
0.115328
0.115575
0.115802
0.116007
0.116186
0.116339
0.116462
0.116555
0.116616
0.116645
0.11664
0.116603
0.116534
0.116433
0.116302
0.116143
0.115958
0.115749
0.115518
0.11527
0.115006
0.114731
0.114447
0.114159
0.11387
0.113583
0.113302
0.11303
0.112771
0.112528
0.112304
0.112101
0.11192
0.111765
0.111636
0.111535
0.111463
0.111419
0.111404
0.111417
0.111459
0.111529
0.111624
0.111745
0.11189
0.112056
0.112242
0.112447
0.112667
0.112902
0.113147
0.113402
0.113664
0.11393
0.114198
0.114467
0.114734
0.114997
0.115255
0.115506
0.11575
0.115985
0.11621
0.116426
0.116632
0.116828
0.117015
0.117192
0.117361
0.117522
0.117677
0.117824
0.117967
0.118104
0.118238
0.118368
0.118495
0.118619
0.118741
0.11886
0.118977
0.119091
0.119203
0.119311
0.119417
0.119519
0.119617
0.119711
0.1198
0.119884
0.119964
0.120037
0.120105
0.120166
0.12022
0.120267
0.120305
0.120335
0.120355
0.120367
0.120369
0.120361
0.120343
0.120317
0.120282
0.120239
0.12019
0.120135
0.120077
0.120015
0.119952
0.11989
0.119829
0.11977
0.119714
0.119662
0.119613
0.119569
0.119528
0.11949
0.119454
0.119418
0.119382
0.119345
0.119305
0.119262
0.119214
0.119161
0.119104
0.11904
0.118972
0.1189
0.118824
0.118745
0.118665
0.118584
0.118505
0.118427
0.118353
0.118282
0.118217
0.118157
0.118102
0.118053
0.11801
0.117971
0.117937
0.117906
0.117879
0.117853
0.117829
0.117805
0.117782
0.117758
0.117735
0.117711
0.117688
0.117665
0.117645
0.117628
0.117616
0.11761
0.117612
0.117624
0.117647
0.117684
0.117736
0.117805
0.117892
0.117998
0.118125
0.118272
0.118441
0.118629
0.118838
0.119065
0.11931
0.11957
0.119842
0.120123
0.120411
0.120701
0.120991
0.121274
0.121549
0.121809
0.122052
0.122273
0.122469
0.122637
0.122774
0.122877
0.122946
0.122978
0.122974
0.122934
0.122858
0.122748
0.122604
0.12243
0.122226
0.121997
0.121744
0.12147
0.121179
0.120872
0.120554
0.120226
0.119891
0.119552
0.119211
0.118869
0.118529
0.118193
0.117861
0.117535
0.117216
0.116905
0.116602
0.116307
0.116021
0.115744
0.115475
0.115215
0.114963
0.114718
0.114481
0.114251
0.114027
0.113809
0.113598
0.113392
0.113191
0.112995
0.112804
0.112618
0.112435
0.112255
0.112078
0.111903
0.111729
0.111555
0.11138
0.111202
0.111022
0.110836
0.110646
0.110448
0.110243
0.110029
0.109805
0.10957
0.109323
0.109065
0.108795
0.108512
0.108217
0.107911
0.107594
0.107267
0.106932
0.10659
0.106244
0.105894
0.105543
0.105193
0.104846
0.104504
0.104169
0.103841
0.103523
0.103214
0.102917
0.102631
0.102356
0.102093
0.101841
0.101599
0.101368
0.101147
0.100934
0.100729
0.100533
0.100343
0.10016
0.0999834
0.099813
0.0996488
0.0994908
0.0993393
0.0991946
0.0990572
0.0989278
0.0988069
0.0986955
0.0985942
0.0985041
0.098426
0.098361
0.09831
0.098274
0.0982539
0.0982506
0.0982649
0.0982976
0.0983493
0.0984205
0.0985118
0.0986232
0.0987549
0.0989067
0.0990783
0.0992692
0.0994785
0.099705
0.0999476
0.100205
0.100474
0.100754
0.101042
0.101336
0.101634
0.101932
0.102229
0.102523
0.10281
0.10309
0.103361
0.103621
0.103869
0.104106
0.104329
0.10454
0.104739
0.104926
0.1051
0.105264
0.105417
0.10556
0.105694
0.10582
0.105936
0.106045
0.106146
0.106239
0.106324
0.106401
0.10647
0.106531
0.106584
0.106628
0.106664
0.106692
0.106712
0.106725
0.106732
0.106734
0.106732
0.106727
0.106723
0.106721
0.106723
0.106732
0.10675
0.106779
0.106822
0.106879
0.106954
0.107046
0.107156
0.107285
0.107432
0.107596
0.107776
0.107969
0.108173
0.108386
0.108604
0.108824
0.109043
0.109258
0.109466
0.109665
0.109853
0.110027
0.110186
0.110331
0.110461
0.110575
0.110675
0.110763
0.110839
0.110905
0.110963
0.111015
0.111063
0.111108
0.111151
0.111194
0.111237
0.11128
0.111324
0.111368
0.111411
0.111451
0.111489
0.111522
0.111549
0.111568
0.111579
0.111579
0.111569
0.111548
0.111515
0.111471
0.111417
0.111355
0.111285
0.11121
0.111134
0.111058
0.110986
0.110922
0.110869
0.11083
0.110809
0.110807
0.110829
0.110875
0.110947
0.111047
0.111173
0.111328
0.111509
0.111715
0.111947
0.112201
0.112476
0.112771
0.113082
0.113408
0.113746
0.114092
0.114445
0.114801
0.115157
0.115508
0.115852
0.116185
0.116502
0.116802
0.11708
0.117335
0.117564
0.117766
0.11794
0.118087
0.118207
0.118303
0.118376
0.11843
0.118468
0.118494
0.118511
0.118524
0.118535
0.118549
0.118569
0.118596
0.118631
0.118677
0.118733
0.118799
0.118873
0.118954
0.119039
0.119126
0.119212
0.119293
0.119365
0.119426
0.119472
0.1195
0.119506
0.119489
0.119445
0.119374
0.119273
0.119143
0.118982
0.118792
0.118572
0.118324
0.118049
0.117749
0.117426
0.117081
0.116718
0.116337
0.115942
0.115534
0.115115
0.114687
0.11425
0.113807
0.113358
0.112904
0.112446
0.111986
0.111523
0.11106
0.110596
0.110134
0.109675
0.10922
0.108771
0.10833
0.107898
0.107478
0.107072
0.10668
0.106305
0.105949
0.105611
0.105294
0.104998
0.104723
0.104469
0.104236
0.104024
0.103832
0.10366
0.103506
0.103369
0.103249
0.103145
0.103056
0.102981
0.102921
0.102873
0.102839
0.102817
0.102808
0.102812
0.102828
0.102856
0.102897
0.102949
0.103012
0.103087
0.103171
0.103266
0.10337
0.103483
0.103603
0.10373
0.103863
0.104001
0.104144
0.104291
0.104442
0.104596
0.104753
0.104912
0.105075
0.10524
0.105409
0.10558
0.105756
0.105936
0.106121
0.106312
0.106509
0.106713
0.106924
0.107143
0.107371
0.107608
0.107855
0.10811
0.108375
0.108648
0.10893
0.10922
0.109516
0.109819
0.110126
0.110436
0.110749
0.111063
0.111377
0.111689
0.112
0.112308
0.112612
0.112914
0.113212
0.113507
0.1138
0.114091
0.11438
0.114668
0.114955
0.115242
0.115527
0.11581
0.11609
0.116367
0.116638
0.116902
0.117157
0.117401
0.117632
0.117847
0.118046
0.118226
0.118386
0.118525
0.118643
0.118739
0.118813
0.118866
0.118899
0.118912
0.118907
0.118885
0.118848
0.118797
0.118734
0.118661
0.118579
0.118489
0.118393
0.118291
0.118184
0.118073
0.117957
0.117836
0.11771
0.117577
0.117438
0.11729
0.117132
0.116964
0.116783
0.11659
0.116383
0.116162
0.115926
0.115675
0.11541
0.115131
0.114839
0.114537
0.114225
0.113907
0.113583
0.113257
0.112932
0.112611
0.112295
0.111989
0.111695
0.111415
0.111153
0.110911
0.110692
0.110497
0.110329
0.11019
0.110081
0.110003
0.109959
0.109949
0.109974
0.110035
0.110133
0.110267
0.110437
0.110643
0.110885
0.11116
0.111469
0.111807
0.112175
0.112567
0.112983
0.113417
0.113867
0.114328
0.114796
0.115268
0.115738
0.116202
0.116658
0.1171
0.117526
0.117933
0.118317
0.118678
0.119012
0.119318
0.119595
0.119842
0.120057
0.12024
0.12039
0.120505
0.120587
0.120633
0.120643
0.120617
0.120555
0.120456
0.12032
0.120148
0.119941
0.119698
0.11942
0.119108
0.118764
0.118388
0.117982
0.117546
0.117082
0.116591
0.116075
0.115535
0.114973
0.114392
0.113794
0.113181
0.112558
0.111927
0.111293
0.110659
0.110032
0.109414
0.108812
0.108231
0.107674
0.107147
0.106654
0.106199
0.105784
0.105413
0.105088
0.104811
0.104582
0.104403
0.104273
0.104191
0.104157
0.10417
0.104227
0.104326
0.104466
0.104644
0.104856
0.105099
0.10537
0.105665
0.10598
0.106311
0.106653
0.107003
0.107356
0.107706
0.108051
0.108385
0.108705
0.109007
0.109288
0.109545
0.109777
0.109981
0.110158
0.110308
0.110432
0.11053
0.110607
0.110664
0.110704
0.110732
0.110751
0.110766
0.110779
0.110796
0.110819
0.110852
0.110899
0.11096
0.11104
0.111138
0.111258
0.111398
0.111559
0.111741
0.111942
0.11216
0.112392
0.112637
0.112889
0.113145
0.1134
0.113651
0.113892
0.11412
0.114332
0.114525
0.114697
0.114848
0.114978
0.115088
0.11518
0.115257
0.115322
0.115379
0.115431
0.115481
0.115531
0.115583
0.115639
0.115699
0.115762
0.115828
0.115896
0.115963
0.116026
0.116085
0.116135
0.116174
0.1162
0.11621
0.116202
0.116173
0.116123
0.116048
0.115949
0.115824
0.115672
0.115494
0.115289
0.115057
0.114799
0.114516
0.114209
0.11388
0.11353
0.11316
0.112773
0.112371
0.111956
0.11153
0.111095
0.110654
0.110208
0.109761
0.109313
0.108867
0.108425
0.107988
0.107559
0.107139
0.10673
0.106333
0.105951
0.105584
0.105233
0.104901
0.104589
0.104297
0.104028
0.103781
0.103558
0.10336
0.103186
0.103037
0.102914
0.102816
0.102742
0.102692
0.102666
0.102661
0.102677
0.102712
0.102765
0.102834
0.102916
0.10301
0.103114
0.103226
0.103344
0.103466
0.103589
0.103714
0.103836
0.103956
0.104072
0.104182
0.104286
0.104382
0.10447
0.104549
0.104617
0.104675
0.104721
0.104756
0.104777
0.104786
0.104781
0.104761
0.104727
0.104678
0.104614
0.104534
0.104439
0.104328
0.104203
0.104062
0.103908
0.103742
0.103564
0.103376
0.10318
0.102978
0.102771
0.102563
0.102355
0.102149
0.101949
0.101755
0.10157
0.101396
0.101233
0.101083
0.100948
0.100826
0.100718
0.100625
0.100545
0.100477
0.100422
0.100378
0.100343
0.100317
0.1003
0.100289
0.100286
0.100289
0.100299
0.100316
0.10034
0.100374
0.100417
0.100472
0.10054
0.100622
0.100719
0.100833
0.100964
0.101112
0.101278
0.101459
0.101656
0.101865
0.102086
0.102314
0.102549
0.102785
0.103022
0.103255
0.103483
0.103703
0.103912
0.104108
0.10429
0.104457
0.104606
0.104737
0.104848
0.104939
0.105008
0.105054
0.105078
0.105078
0.105055
0.105007
0.104936
0.10484
0.104722
0.10458
0.104417
0.104231
0.104025
0.103799
0.103553
0.103289
0.103009
0.102711
0.102399
0.102074
0.101735
0.101386
0.101028
0.100662
0.10029
0.0999135
0.0995347
0.0991551
0.0987763
0.0983998
0.0980269
0.0976591
0.0972972
0.0969425
0.0965957
0.0962575
0.0959288
0.0956101
0.0953021
0.0950054
0.0947207
0.0944489
0.0941907
0.0939471
0.093719
0.0935078
0.0933144
0.0931403
0.0929866
0.0928547
0.0927457
0.092661
0.0926015
0.0925683
0.092562
0.0925834
0.092633
0.0927109
0.0928172
0.092952
0.0931149
0.0933056
0.0935235
0.0937681
0.0940385
0.0943338
0.0946532
0.0949954
0.0953592
0.0957431
0.0961458
0.0965654
0.0970002
0.0974483
0.0979077
0.0983762
0.0988517
0.0993319
0.0998145
0.100297
0.100777
0.101251
0.101716
0.10217
0.102609
0.103029
0.103426
0.103797
0.104137
0.104443
0.104712
0.104941
0.105127
0.105268
0.105365
0.105416
0.105423
0.105387
0.105311
0.105198
0.105052
0.104876
0.104676
0.104455
0.10422
0.103974
0.103723
0.103472
0.103226
0.102989
0.102766
0.102561
0.102379
0.102222
0.102095
0.102
0.10194
0.101916
0.10193
0.101983
0.102073
0.102202
0.102368
0.102568
0.102799
0.10306
0.103344
0.10365
0.10397
0.104301
0.104636
0.104972
0.105302
0.105621
0.105926
0.106212
0.106477
0.106719
0.106937
0.107131
0.107302
0.107452
0.107584
0.107702
0.107811
0.107915
0.108019
0.108128
0.108248
0.108383
0.108536
0.108711
0.108911
0.109136
0.109388
0.109667
0.10997
0.110297
0.110645
0.111011
0.111392
0.111783
0.112182
0.112584
0.112985
0.113383
0.113772
0.114152
0.114517
0.114867
0.115198
0.115508
0.115797
0.116062
0.116301
0.116515
0.116702
0.116861
0.116993
0.117096
0.11717
0.117217
0.117235
0.117224
0.117187
0.117122
0.11703
0.116912
0.116769
0.116601
0.11641
0.116197
0.115963
0.115709
0.115437
0.115148
0.114845
0.11453
0.114205
0.113873
0.113535
0.113195
0.112854
0.112515
0.112181
0.111852
0.111531
0.111219
0.110917
0.110626
0.110345
0.110074
0.109814
0.109564
0.109324
0.109092
0.108868
0.108652
0.108444
0.108244
0.108052
0.107868
0.107695
0.107533
0.107385
0.10725
0.107132
0.107032
0.106952
0.106894
0.106858
0.106846
0.106857
0.106893
0.106953
0.107036
0.10714
0.107263
0.107404
0.107559
0.107726
0.107901
0.108082
0.108263
0.108443
0.108619
0.108787
0.108946
0.109094
0.10923
0.109354
0.109466
0.109566
0.109657
0.109739
0.109816
0.109889
0.109962
0.110036
0.110114
0.110198
0.11029
0.110392
0.110506
0.110631
0.11077
0.110921
0.111086
0.111264
0.111454
0.111657
0.11187
0.112095
0.112328
0.11257
0.112819
0.113074
0.113334
0.113598
0.113864
0.114132
0.114399
0.114666
0.114931
0.115193
0.115451
0.115705
0.115953
0.116195
0.116429
0.116657
0.116875
0.117086
0.117287
0.117479
0.117661
0.117833
0.117996
0.118149
0.118294
0.118429
0.118557
0.118678
0.118792
0.118901
0.119005
0.119106
0.119204
0.119301
0.119397
0.119492
0.119588
0.119685
0.119782
0.119879
0.119977
0.120075
0.120172
0.120267
0.120361
0.120451
0.120537
0.120618
0.120693
0.120761
0.120823
0.120876
0.120922
0.120959
0.120987
0.121007
0.121018
0.12102
0.121013
0.120997
0.120973
0.120939
0.120896
0.120843
0.12078
0.120705
0.120619
0.12052
0.120408
0.120281
0.12014
0.119983
0.11981
0.11962
0.119413
0.11919
0.118951
0.118697
0.118429
0.118148
0.117856
0.117555
0.117247
0.116935
0.116621
0.116308
0.115999
0.115696
0.115402
0.115119
0.114849
0.114594
0.114354
0.11413
0.113922
0.113728
0.113549
0.11338
0.113221
0.113068
0.112918
0.112768
0.112614
0.112454
0.112286
0.112106
0.111915
0.111712
0.111497
0.111273
0.111041
0.110805
0.110567
0.110334
0.110108
0.109894
0.109697
0.10952
0.109365
0.109237
0.109136
0.109063
0.109019
0.109002
0.109012
0.109046
0.109101
0.109174
0.109262
0.109362
0.109468
0.109578
0.109687
0.109792
0.10989
0.109978
0.110052
0.110111
0.110153
0.110177
0.110182
0.110168
0.110135
0.110084
0.110015
0.10993
0.109831
0.109718
0.109594
0.10946
0.109316
0.109165
0.109008
0.108844
0.108674
0.1085
0.108321
0.108137
0.107949
0.107757
0.107561
0.107362
0.107162
0.106961
0.106761
0.106562
0.106368
0.106178
0.105995
0.105819
0.105652
0.105493
0.105342
0.1052
0.105065
0.104936
0.104811
0.104688
0.104567
0.104444
0.10432
0.104192
0.104059
0.103923
0.103782
0.103638
0.103493
0.103346
0.103202
0.103062
0.102928
0.102804
0.10269
0.102589
0.102503
0.102433
0.102381
0.102346
0.102329
0.102329
0.102347
0.10238
0.102427
0.102488
0.102561
0.102644
0.102736
0.102835
0.10294
0.103051
0.103166
0.103284
0.103407
0.103534
0.103665
0.103802
0.103946
0.104099
0.104261
0.104435
0.104624
0.104829
0.105052
0.105296
0.105562
0.105852
0.106167
0.106508
0.106875
0.107268
0.107686
0.108128
0.108592
0.109074
0.109571
0.110079
0.110595
0.111112
0.111625
0.11213
0.11262
0.113091
0.113536
0.113951
0.114332
0.114675
0.114977
0.115235
0.115448
0.115615
0.115737
0.115814
0.115848
0.115841
0.115797
0.115719
0.115611
0.115476
0.11532
0.115146
0.114959
0.114762
0.114559
0.114354
0.114148
0.113946
0.113747
0.113554
0.113367
0.113187
0.113013
0.112846
0.112685
0.112528
0.112375
0.112224
0.112074
0.111925
0.111773
0.11162
0.111463
0.111301
0.111135
0.110963
0.110785
0.1106
0.11041
0.110214
0.110012
0.109804
0.109592
0.109376
0.109155
0.108931
0.108704
0.108474
0.108239
0.108001
0.107759
0.107512
0.107259
0.107
0.106734
0.10646
0.10618
0.105892
0.105597
0.105297
0.104992
0.104684
0.104375
0.104065
0.103758
0.103453
0.103153
0.102858
0.102569
0.102285
0.102007
0.101735
0.101466
0.101202
0.100941
0.100683
0.100427
0.100173
0.0999223
0.0996749
0.0994319
0.0991948
0.0989653
0.0987452
0.0985366
0.0983417
0.0981624
0.0980009
0.097859
0.0977384
0.0976405
0.0975664
0.097517
0.0974926
0.0974934
0.0975193
0.0975697
0.0976438
0.0977406
0.0978586
0.0979965
0.0981524
0.0983246
0.0985113
0.0987103
0.0989199
0.0991381
0.0993632
0.0995936
0.0998276
0.100064
0.100302
0.10054
0.100779
0.101017
0.101254
0.101491
0.101728
0.101965
0.102204
0.102445
0.10269
0.102938
0.103192
0.103453
0.103722
0.104
0.104287
0.104584
0.104892
0.105211
0.10554
0.105879
0.106227
0.106584
0.106946
0.107312
0.10768
0.108048
0.108411
0.108768
0.109116
0.10945
0.109769
0.110068
0.110346
0.1106
0.110827
0.111026
0.111195
0.111334
0.111443
0.111521
0.111568
0.111587
0.111579
0.111545
0.111488
0.111411
0.111316
0.111207
0.111086
0.110957
0.110822
0.110684
0.110546
0.11041
0.110278
0.110152
0.110033
0.109921
0.109817
0.109721
0.109632
0.10955
0.109473
0.109401
0.109333
0.109267
0.109201
0.109135
0.109068
0.108999
0.108928
0.108853
0.108776
0.108696
0.108614
0.10853
0.108447
0.108366
0.108287
0.108212
0.108144
0.108083
0.108032
0.107992
0.107963
0.107946
0.107944
0.107954
0.107978
0.108015
0.108064
0.108124
0.108194
0.108272
0.108357
0.108447
0.108541
0.108637
0.108734
0.10883
0.108926
0.109019
0.109111
0.1092
0.109288
0.109374
0.10946
0.109546
0.109634
0.109725
0.109821
0.109921
0.110027
0.110141
0.110262
0.11039
0.110526
0.110669
0.110819
0.110973
0.11113
0.111288
0.111446
0.1116
0.111748
0.111888
0.112016
0.112131
0.112231
0.112315
0.11238
0.112427
0.112456
0.112467
0.112463
0.112445
0.112417
0.112382
0.112343
0.112305
0.112271
0.112246
0.112233
0.112235
0.112255
0.112295
0.112356
0.112439
0.112541
0.112664
0.112804
0.11296
0.113129
0.113309
0.113495
0.113686
0.113879
0.114072
0.114263
0.114451
0.114634
0.114812
0.114985
0.115152
0.115313
0.11547
0.11562
0.115765
0.115904
0.116035
0.116158
0.116271
0.116372
0.116457
0.116525
0.116571
0.116593
0.116587
0.116549
0.116476
0.116366
0.116216
0.116024
0.11579
0.115513
0.115195
0.114836
0.114439
0.114007
0.113544
0.113054
0.112544
0.112018
0.111482
0.110942
0.110405
0.109875
0.109358
0.10886
0.108384
0.107936
0.107518
0.107134
0.106785
0.106473
0.106198
0.105962
0.105763
0.105599
0.105471
0.105374
0.105308
0.105269
0.105254
0.105261
0.105287
0.105328
0.105383
0.105449
0.105524
0.105606
0.105696
0.10579
0.105891
0.105996
0.106107
0.106224
0.106348
0.10648
0.106621
0.106773
0.106935
0.107111
0.1073
0.107503
0.107722
0.107956
0.108208
0.108476
0.108762
0.109065
0.109385
0.109723
0.110078
0.11045
0.110839
0.111245
0.111666
0.112104
0.112557
0.113024
0.113507
0.114003
0.114512
0.115033
0.115565
0.116107
0.116657
0.117214
0.117776
0.118342
0.118908
0.119474
0.120037
0.120595
0.121145
0.121686
0.122214
0.122728
0.123225
0.123703
0.12416
0.124594
0.125003
0.125387
0.125743
0.126072
0.126372
0.126643
0.126885
0.127099
0.127286
0.127445
0.127579
0.127688
0.127774
0.127837
0.127879
0.1279
0.127899
0.127878
0.127835
0.127769
0.12768
0.127564
0.12742
0.127246
0.127041
0.126803
0.12653
0.126223
0.125883
0.12551
0.125109
0.124681
0.124233
0.123769
0.123294
0.122814
0.122336
0.121866
0.121408
0.120968
0.12055
0.120157
0.119791
0.119454
0.119148
0.118871
0.118624
0.118405
0.118214
0.118048
0.117905
0.117783
0.117681
0.117595
0.117523
0.117464
0.117415
0.117373
0.117336
0.117302
0.117268
0.117231
0.117191
0.117144
0.117088
0.117023
0.116945
0.116855
0.116751
0.116633
0.1165
0.116354
0.116194
0.116023
0.115841
0.115651
0.115456
0.115257
0.115057
0.114861
0.114671
0.11449
0.114322
0.114171
0.114039
0.113929
0.113844
0.113787
0.113757
0.113758
0.11379
0.113853
0.113948
0.114072
0.114226
0.114409
0.114618
0.114851
0.115107
0.115382
0.115674
0.11598
0.116296
0.116619
0.116945
0.11727
0.117591
0.117904
0.118206
0.118493
0.118762
0.119011
0.119238
0.119439
0.119614
0.119762
0.11988
0.119968
0.120024
0.120046
0.120035
0.119987
0.119901
0.119775
0.119608
0.119398
0.119143
0.118844
0.118498
0.118108
0.117673
0.117195
0.116679
0.116126
0.115542
0.114931
0.1143
0.113654
0.113
0.112344
0.111692
0.111052
0.110429
0.109828
0.109254
0.108712
0.108205
0.107736
0.107307
0.106919
0.106572
0.106266
0.106
0.105773
0.105581
0.105423
0.105295
0.105194
0.105117
0.10506
0.10502
0.104995
0.104981
0.104976
0.104979
0.104986
0.104997
0.10501
0.105024
0.105038
0.105052
0.105065
0.105076
0.105084
0.105089
0.105091
0.105089
0.105082
0.105071
0.105056
0.105036
0.105011
0.104983
0.104953
0.10492
0.104887
0.104854
0.104823
0.104795
0.104773
0.104757
0.104749
0.10475
0.10476
0.104782
0.104815
0.104859
0.104914
0.104979
0.105055
0.105139
0.105233
0.105336
0.105448
0.105569
0.1057
0.105843
0.106
0.106173
0.106363
0.106573
0.106806
0.107061
0.107341
0.107645
0.107973
0.108322
0.108691
0.109075
0.10947
0.109871
0.110271
0.110665
0.111044
0.111403
0.111733
0.112029
0.112285
0.112495
0.112655
0.112763
0.112816
0.112814
0.112759
0.112652
0.112498
0.112301
0.112066
0.1118
0.11151
0.111202
0.110883
0.110561
0.110241
0.109929
0.109632
0.109352
0.109095
0.108863
0.10866
0.108486
0.108344
0.108233
0.108155
0.10811
0.108096
0.108114
0.108163
0.108242
0.108349
0.108485
0.108649
0.108838
0.109052
0.109289
0.109549
0.109831
0.110132
0.110452
0.110788
0.111139
0.111503
0.111878
0.112262
0.112651
0.113042
0.113433
0.11382
0.114199
0.114565
0.114916
0.115247
0.115553
0.115832
0.116079
0.116294
0.116472
0.116614
0.11672
0.116789
0.116823
0.116824
0.116795
0.11674
0.116663
0.116567
0.116457
0.116337
0.116211
0.116084
0.115959
0.115841
0.115732
0.115637
0.115557
0.115495
0.115453
0.115434
0.115437
0.115463
0.115513
0.115586
0.115682
0.115798
0.115934
0.116086
0.116251
0.116427
0.11661
0.116796
0.11698
0.117159
0.117329
0.117485
0.117623
0.11774
0.117834
0.117903
0.117945
0.117961
0.117951
0.117916
0.117859
0.117782
0.117688
0.117581
0.117465
0.117342
0.117216
0.11709
0.116966
0.116849
0.116739
0.116639
0.116551
0.116476
0.116415
0.116369
0.116339
0.116324
0.116326
0.116343
0.116376
0.116424
0.116486
0.116563
0.116652
0.116753
0.116866
0.116988
0.11712
0.117259
0.117404
0.117554
0.117707
0.117861
0.118015
0.118166
0.118313
0.118454
0.118586
0.118709
0.118821
0.118919
0.119002
0.11907
0.119122
0.119155
0.119171
0.119168
0.119147
0.119107
0.119048
0.118971
0.118876
0.118764
0.118635
0.118491
0.118332
0.118158
0.117971
0.117772
0.117561
0.11734
0.117109
0.116869
0.116621
0.116366
0.116103
0.115834
0.11556
0.11528
0.114995
0.114705
0.114412
0.114115
0.113816
0.113515
0.113214
0.112913
0.112614
0.112319
0.112029
0.111747
0.111474
0.111213
0.110965
0.110733
0.110518
0.110321
0.110143
0.109986
0.109848
0.109729
0.109628
0.109543
0.109472
0.109413
0.10936
0.109312
0.109263
0.10921
0.109149
0.109075
0.108986
0.108878
0.10875
0.108598
0.108423
0.108224
0.108001
0.107755
0.107488
0.107202
0.106898
0.10658
0.10625
0.10591
0.105562
0.105211
0.104856
0.104502
0.10415
0.103803
0.103461
0.103129
0.102807
0.102498
0.102203
0.101925
0.101665
0.101424
0.101204
0.101005
0.100827
0.100672
0.10054
0.10043
0.100342
0.100277
0.100234
0.100215
0.100218
0.100246
0.100299
0.100377
0.100483
0.100616
0.100779
0.100971
0.101193
0.101446
0.101729
0.102042
0.102385
0.102755
0.103152
0.103574
0.10402
0.104487
0.104974
0.105479
0.106
0.106536
0.107085
0.107646
0.108219
0.108803
0.109396
0.109999
0.11061
0.11123
0.111857
0.11249
0.113128
0.113771
0.114415
0.115059
0.115701
0.116338
0.116967
0.117586
0.118191
0.118779
0.119347
0.119894
0.120417
0.120913
0.121382
0.121821
0.122231
0.122612
0.122963
0.123284
0.123577
0.123843
0.124082
0.124297
0.124487
0.124656
0.124803
0.124931
0.12504
0.125132
0.125207
0.125266
0.125309
0.125337
0.125351
0.125351
0.125337
0.125309
0.125269
0.125215
0.125151
0.125075
0.12499
0.124897
0.124796
0.124691
0.124584
0.124476
0.12437
0.124268
0.124174
0.12409
0.124019
0.123963
0.123926
0.123909
0.123915
0.123945
0.124
0.124082
0.12419
0.124324
0.124482
0.124662
0.124862
0.125078
0.125305
0.125539
0.125775
0.126007
0.126229
0.126437
0.126624
0.126787
0.126919
0.127019
0.127083
0.12711
0.127098
0.127047
0.126958
0.126834
0.126676
0.126487
0.126271
0.126031
0.125771
0.125495
0.125207
0.124908
0.124603
0.124294
0.123981
0.123667
0.123352
0.123038
0.122722
0.122407
0.12209
0.121773
0.121453
0.121131
0.120807
0.12048
0.120151
0.11982
0.119488
0.119157
0.118827
0.118501
0.118181
0.11787
0.117569
0.117282
0.117012
0.11676
0.116531
0.116325
0.116145
0.115993
0.115867
0.11577
0.1157
0.115654
0.115631
0.115628
0.115641
0.115666
0.1157
0.115737
0.115776
0.115813
0.115847
0.115876
0.115902
0.115925
0.115946
0.115969
0.115997
0.116031
0.116077
0.116136
0.116211
0.116303
0.116414
0.116545
0.116696
0.116865
0.117052
0.117256
0.117475
0.117706
0.117947
0.118197
0.118452
0.11871
0.118969
0.119227
0.119482
0.119732
0.119976
0.120212
0.120441
0.120661
0.120873
0.121075
0.12127
0.121456
0.121636
0.12181
0.121979
0.122145
0.122308
0.12247
0.122632
0.122795
0.12296
0.123128
0.123299
0.123474
0.123653
0.123835
0.124019
0.124206
0.124393
0.124579
0.124762
0.12494
0.12511
0.12527
0.125417
0.125549
0.125661
0.12575
0.125815
0.125851
0.125856
0.125828
0.125762
0.125658
0.125513
0.125326
0.125094
0.124818
0.124498
0.124134
0.123726
0.123279
0.122793
0.122273
0.121722
0.121147
0.120551
0.119941
0.119321
0.118698
0.118077
0.117462
0.116857
0.116267
0.115694
0.115141
0.114608
0.114098
0.11361
0.113146
0.112704
0.112286
0.111891
0.111519
0.11117
0.110844
0.11054
0.110259
0.11
0.109762
0.109546
0.10935
0.109173
0.109014
0.10887
0.108741
0.108623
0.108514
0.108414
0.108319
0.108228
0.108139
0.108052
0.107965
0.107878
0.107791
0.107704
0.107618
0.107534
0.107451
0.107372
0.107296
0.107225
0.10716
0.107101
0.10705
0.107005
0.106968
0.106939
0.106918
0.106905
0.1069
0.106904
0.106915
0.106935
0.106961
0.106995
0.107035
0.107082
0.107134
0.107191
0.107252
0.107317
0.107383
0.107451
0.10752
0.107589
0.107656
0.107721
0.107784
0.107843
0.107899
0.10795
0.107997
0.108039
0.108076
0.108108
0.108136
0.108158
0.108176
0.10819
0.1082
0.108207
0.10821
0.10821
0.108208
0.108203
0.108195
0.108186
0.108174
0.10816
0.108143
0.108123
0.1081
0.108072
0.108039
0.108
0.107953
0.107898
0.107834
0.107758
0.107669
0.107567
0.10745
0.107317
0.107166
0.106998
0.106811
0.106605
0.10638
0.106135
0.105871
0.105587
0.105284
0.104964
0.104627
0.104273
0.103906
0.103527
0.103137
0.102739
0.102337
0.101933
0.10153
0.101132
0.100742
0.100364
0.100001
0.0996574
0.0993353
0.0990383
0.098769
0.0985298
0.0983227
0.0981494
0.098011
0.0979086
0.0978425
0.0978127
0.0978189
0.0978604
0.0979358
0.0980435
0.0981814
0.0983468
0.0985369
0.0987482
0.0989768
0.0992188
0.0994697
0.0997252
0.0999807
0.100232
0.100475
0.100706
0.100921
0.101119
0.101296
0.101451
0.101584
0.101695
0.101784
0.101853
0.101903
0.101936
0.101956
0.101964
0.101964
0.101958
0.101949
0.101939
0.101931
0.101925
0.101924
0.101928
0.101938
0.101955
0.101977
0.102006
0.102041
0.102081
0.102126
0.102175
0.102227
0.102283
0.102342
0.102403
0.102466
0.10253
0.102596
0.102663
0.102732
0.102801
0.102872
0.102945
0.103019
0.103097
0.103177
0.103261
0.103349
0.103444
0.103545
0.103654
0.103772
0.1039
0.104038
0.104187
0.104348
0.10452
0.104704
0.104899
0.105105
0.105321
0.105547
0.105782
0.106027
0.10628
0.106542
0.106814
0.107096
0.107389
0.107694
0.108012
0.108343
0.108688
0.109047
0.109419
0.109804
0.110201
0.110606
0.111016
0.11143
0.111842
0.112248
0.112644
0.113026
0.11339
0.113731
0.114046
0.114333
0.114588
0.114811
0.114999
0.115152
0.115271
0.115356
0.115407
0.115426
0.115416
0.115378
0.115314
0.115228
0.115122
0.115
0.114865
0.114722
0.114573
0.114425
0.11428
0.114142
0.114016
0.113904
0.113811
0.113738
0.113686
0.113658
0.113654
0.113674
0.113716
0.113779
0.113863
0.113965
0.114084
0.114216
0.114361
0.114517
0.114683
0.114857
0.115038
0.115227
0.115422
0.115624
0.115832
0.116046
0.116266
0.116491
0.116722
0.116957
0.117195
0.117434
0.117673
0.117909
0.11814
0.118364
0.118577
0.118776
0.11896
0.119124
0.119268
0.119388
0.119483
0.119553
0.119597
0.119616
0.11961
0.11958
0.119529
0.119458
0.11937
0.119266
0.11915
0.119023
0.118887
0.118744
0.118594
0.118438
0.118276
0.118108
0.117933
0.11775
0.117557
0.117352
0.117134
0.1169
0.116648
0.116378
0.116087
