0.0946947
0.0952213
0.0955048
0.0958495
0.0962556
0.0967234
0.0972534
0.0978458
0.0985006
0.0992182
0.0999986
0.100842
0.101749
0.10272
0.103755
0.104854
0.106017
0.107244
0.108536
0.109893
0.111313
0.112798
0.114347
0.115959
0.117635
0.119373
0.121174
0.123036
0.124958
0.12694
0.12898
0.131077
0.133229
0.135436
0.137694
0.140002
0.142358
0.144759
0.147204
0.149688
0.15221
0.154766
0.157353
0.159968
0.162607
0.165266
0.167942
0.17063
0.173326
0.176027
0.178727
0.181423
0.184108
0.18678
0.189433
0.192062
0.194662
0.197229
0.199757
0.202241
0.204677
0.207059
0.209384
0.211647
0.213842
0.215968
0.218019
0.219993
0.221887
0.223698
0.225425
0.227067
0.228624
0.230094
0.231479
0.232779
0.233998
0.235135
0.236195
0.237181
0.238095
0.238941
0.239724
0.240447
0.241114
0.241729
0.242296
0.242819
0.243301
0.243746
0.244158
0.244538
0.24489
0.245216
0.245518
0.245799
0.246061
0.246305
0.246533
0.246746
0.246948
0.247138
0.247319
0.247493
0.247661
0.247825
0.247988
0.248151
0.248317
0.248487
0.248665
0.248852
0.249051
0.249264
0.249493
0.24974
0.250007
0.250296
0.250608
0.250945
0.251306
0.251694
0.252107
0.252547
0.253012
0.253502
0.254017
0.254554
0.255113
0.255691
0.256287
0.256899
0.257525
0.258161
0.258807
0.259458
0.260113
0.260769
0.261423
0.262072
0.262713
0.263344
0.263962
0.264563
0.265146
0.265707
0.266245
0.266756
0.26724
0.267696
0.26812
0.268514
0.268876
0.269208
0.26951
0.269783
0.270029
0.27025
0.27045
0.27063
0.270795
0.270948
0.271092
0.271231
0.271368
0.271507
0.27165
0.271802
0.271964
0.27214
0.272329
0.272535
0.272758
0.272998
0.273256
0.273532
0.273826
0.274135
0.274461
0.274801
0.275153
0.275517
0.27589
0.276271
0.276658
0.277048
0.277441
0.277833
0.278224
0.27861
0.278991
0.279365
0.279729
0.280083
0.280426
0.280755
0.28107
0.28137
0.281655
0.281924
0.282178
0.282416
0.282639
0.282848
0.283045
0.283229
0.283403
0.283569
0.283729
0.283885
0.284038
0.284191
0.284347
0.284506
0.284673
0.284847
0.285032
0.285229
0.285439
0.285663
0.285902
0.286157
0.286429
0.286717
0.287022
0.287343
0.28768
0.288033
0.2884
0.288781
0.289174
0.289578
0.289992
0.290414
0.290842
0.291274
0.291709
0.292143
0.292575
0.293001
0.29342
0.293827
0.294221
0.294598
0.294955
0.295288
0.295595
0.295871
0.296116
0.296324
0.296493
0.29662
0.296703
0.296739
0.296727
0.296665
0.296551
0.296385
0.296167
0.295897
0.295574
0.295201
0.294779
0.294309
0.293795
0.293239
0.292644
0.292013
0.291351
0.290662
0.289949
0.289216
0.288469
0.28771
0.286944
0.286174
0.285405
0.284638
0.283878
0.283128
0.282388
0.281662
0.28095
0.280255
0.279577
0.278917
0.278275
0.277652
0.277047
0.27646
0.275891
0.27534
0.274805
0.274287
0.273784
0.273297
0.272823
0.272364
0.271917
0.271483
0.271061
0.270651
0.270251
0.269863
0.269485
0.269118
0.268761
0.268415
0.268079
0.267754
0.267439
0.267136
0.266844
0.266565
0.266298
0.266044
0.265804
0.265578
0.265368
0.265173
0.264994
0.264832
0.264688
0.264561
0.264453
0.264363
0.264293
0.264241
0.264209
0.264197
0.264204
0.264229
0.264274
0.264337
0.264418
0.264516
0.26463
0.26476
0.264905
0.265063
0.265232
0.265413
0.265602
0.265798
0.265999
0.266204
0.26641
0.266615
0.266818
0.267015
0.267205
0.267386
0.267555
0.267711
0.267851
0.267974
0.268079
0.268163
0.268225
0.268265
0.268282
0.268274
0.268242
0.268186
0.268105
0.268001
0.267873
0.267723
0.267552
0.267362
0.267153
0.266928
0.266689
0.266438
0.266177
0.265908
0.265635
0.265359
0.265083
0.264809
0.264541
0.264279
0.264027
0.263786
0.263558
0.263344
0.263146
0.262965
0.262801
0.262654
0.262525
0.262413
0.262319
0.26224
0.262177
0.262127
0.262091
0.262065
0.262049
0.262041
0.262038
0.26204
0.262044
0.262048
0.26205
0.26205
0.262044
0.262031
0.26201
0.261979
0.261937
0.261883
0.261817
0.261736
0.261641
0.261531
0.261407
0.261267
0.261114
0.260947
0.260766
0.260573
0.260369
0.260155
0.259933
0.259703
0.259468
0.259228
0.258987
0.258744
0.258502
0.258263
0.258028
0.257799
0.257577
0.257364
0.257161
0.256971
0.256793
0.256631
0.256484
0.256354
0.256243
0.256152
0.256081
0.256032
0.256006
0.256003
0.256024
0.256071
0.256142
0.25624
0.256363
0.256512
0.256687
0.256888
0.257113
0.257362
0.257635
0.25793
0.258246
0.258582
0.258936
0.259306
0.259692
0.260091
0.260501
0.260922
0.26135
0.261785
0.262224
0.262665
0.263108
0.26355
0.26399
0.264426
0.264856
0.265279
0.265694
0.266098
0.266491
0.26687
0.267235
0.267584
0.267916
0.268229
0.268523
0.268795
0.269045
0.269272
0.269474
0.269651
0.269802
0.269927
0.270023
0.270091
0.270131
0.270142
0.270124
0.270078
0.270002
0.269899
0.269769
0.269611
0.269429
0.269223
0.268994
0.268744
0.268477
0.268192
0.267894
0.267585
0.267267
0.266942
0.266615
0.266287
0.265962
0.265642
0.26533
0.265029
0.264741
0.264468
0.264214
0.26398
0.263768
0.263581
0.263419
0.263284
0.263177
0.263101
0.263055
0.263041
0.263058
0.263109
0.263192
0.263308
0.263457
0.263639
0.263853
0.264099
0.264376
0.264683
0.265018
0.265382
0.265771
0.266186
0.266623
0.267081
0.267559
0.268053
0.268563
0.269085
0.269617
0.270157
0.270704
0.271253
0.271804
0.272354
0.2729
0.27344
0.273973
0.274496
0.275007
0.275505
0.275988
0.276453
0.276899
0.277325
0.277729
0.278109
0.278466
0.278796
0.2791
0.279377
0.279625
0.279845
0.280035
0.280196
0.280328
0.280431
0.280505
0.280552
0.280571
0.280565
0.280533
0.280479
0.280403
0.280306
0.280191
0.280059
0.279913
0.279753
0.279581
0.2794
0.27921
0.279014
0.278812
0.278606
0.278398
0.278188
0.277979
0.277771
0.277565
0.277364
0.277167
0.276977
0.276794
0.27662
0.276456
0.276302
0.27616
0.27603
0.275913
0.275809
0.275719
0.275643
0.275581
0.275532
0.275497
0.275474
0.275464
0.275466
0.275479
0.275502
0.275535
0.275576
0.275625
0.275681
0.275742
0.275809
0.27588
0.275953
0.276028
0.276103
0.276178
0.27625
0.276318
0.276381
0.276438
0.276486
0.276523
0.276549
0.276561
0.276558
0.276536
0.276496
0.276435
0.276352
0.276245
0.276113
0.275955
0.27577
0.275558
0.275319
0.275052
0.274758
0.274439
0.274094
0.273725
0.273334
0.272924
0.272495
0.27205
0.271593
0.271124
0.270648
0.270167
0.269683
0.2692
0.268719
0.268243
0.267775
0.267316
0.266868
0.266433
0.266012
0.265607
0.265219
0.264849
0.264496
0.264162
0.263846
0.263548
0.263269
0.263008
0.262765
0.262538
0.262327
0.262131
0.26195
0.261782
0.261627
0.261483
0.26135
0.261228
0.261115
0.261011
0.260916
0.26083
0.260751
0.260681
0.26062
0.260566
0.260521
0.260485
0.260458
0.260439
0.26043
0.260429
0.260436
0.260451
0.260473
0.260502
0.260536
0.260574
0.260615
0.260658
0.2607
0.260741
0.260778
0.260809
0.260834
0.26085
0.260856
0.26085
0.260832
0.2608
0.260754
0.260692
0.260616
0.260525
0.26042
0.260301
0.260169
0.260026
0.259873
0.259713
0.259546
0.259376
0.259204
0.259033
0.258866
0.258704
0.25855
0.258406
0.258275
0.258158
0.258058
0.257975
0.257912
0.25787
0.257849
0.25785
0.257874
0.25792
0.25799
0.258081
0.258195
0.25833
0.258486
0.258662
0.258857
0.259071
0.259302
0.259551
0.259815
0.260095
0.260391
0.2607
0.261023
0.261359
0.261707
0.262067
0.262438
0.262819
0.263209
0.263607
0.264012
0.264422
0.264836
0.265253
0.26567
0.266087
0.2665
0.26691
0.267313
0.267709
0.268095
0.268471
0.268835
0.269186
0.269524
0.269848
0.270156
0.270451
0.27073
0.270996
0.271248
0.271488
0.271716
0.271933
0.272141
0.27234
0.272533
0.272721
0.272905
0.273086
0.273266
0.273446
0.273627
0.273809
0.273994
0.274182
0.274374
0.27457
0.274771
0.274976
0.275186
0.275399
0.275617
0.275839
0.276064
0.276292
0.276522
0.276754
0.276987
0.27722
0.277453
0.277684
0.277913
0.278139
0.278361
0.278579
0.278791
0.278997
0.279196
0.279387
0.27957
0.279744
0.279909
0.280063
0.280208
0.280342
0.280466
0.280578
0.28068
0.28077
0.28085
0.280919
0.280978
0.281026
0.281065
0.281094
0.281114
0.281125
0.281129
0.281125
0.281115
0.2811
0.281081
0.281058
0.281033
0.281007
0.28098
0.280955
0.280932
0.280913
0.280897
0.280886
0.28088
0.28088
0.280886
0.280898
0.280916
0.280939
0.280968
0.281003
0.281042
0.281087
0.281135
0.281189
0.281246
0.281309
0.281377
0.28145
0.28153
0.281618
0.281714
0.28182
0.281937
0.282067
0.28221
0.282369
0.282544
0.282736
0.282945
0.283171
0.283416
0.283677
0.283954
0.284245
0.28455
0.284864
0.285187
0.285514
0.285844
0.286173
0.286497
0.286813
0.287119
0.287411
0.287685
0.287941
0.288175
0.288385
0.288569
0.288727
0.288857
0.288957
0.289029
0.289071
0.289083
0.289066
0.28902
0.288946
0.288844
0.288715
0.28856
0.288381
0.288178
0.287954
0.28771
0.287448
0.287169
0.286878
0.286574
0.286262
0.285943
0.28562
0.285296
0.284973
0.284655
0.284342
0.284038
0.283746
0.283465
0.283199
0.282948
0.282714
0.282497
0.282298
0.282116
0.281952
0.281805
0.281675
0.281561
0.281461
0.281374
0.281299
0.281235
0.28118
0.281132
0.281091
0.281053
0.281019
0.280986
0.280952
0.280917
0.280879
0.280838
0.280792
0.280741
0.280684
0.28062
0.280551
0.280475
0.280394
0.280307
0.280217
0.280123
0.280027
0.27993
0.279833
0.279737
0.279645
0.279557
0.279474
0.279398
0.279331
0.279272
0.279223
0.279184
0.279155
0.279138
0.279132
0.279137
0.279152
0.279178
0.279213
0.279257
0.27931
0.279371
0.279438
0.279511
0.279589
0.279671
0.279757
0.279845
0.279935
0.280027
0.280119
0.280212
0.280304
0.280395
0.280485
0.280574
0.280661
0.280746
0.280828
0.280907
0.280982
0.281054
0.281121
0.281184
0.281241
0.281292
0.281336
0.281374
0.281405
0.281428
0.281443
0.28145
0.281448
0.281439
0.281422
0.281397
0.281365
0.281328
0.281285
0.281238
0.281188
0.281136
0.281085
0.281036
0.280991
0.280951
0.280918
0.280895
0.280884
0.280886
0.280902
0.280936
0.280988
0.281059
0.28115
0.281263
0.281398
0.281555
0.281734
0.281936
0.282158
0.282401
0.282663
0.282943
0.283238
0.283547
0.283867
0.284195
0.284529
0.284865
0.2852
0.285532
0.285856
0.286169
0.286468
0.286751
0.287013
0.287253
0.287469
0.287657
0.287816
0.287945
0.288043
0.288108
0.288141
0.288141
0.288107
0.288041
0.287942
0.287811
0.287649
0.287456
0.287233
0.286981
0.2867
0.286392
0.286057
0.285696
0.28531
0.284901
0.284469
0.284016
0.283541
0.283048
0.282536
0.282008
0.281464
0.280905
0.280334
0.279751
0.279157
0.278554
0.277943
0.277325
0.276702
0.276075
0.275445
0.274814
0.274183
0.273553
0.272926
0.272304
0.271689
0.27108
0.270481
0.269892
0.269315
0.26875
0.2682
0.267664
0.267144
0.266639
0.266151
0.265679
0.265223
0.264783
0.264359
0.263949
0.263553
0.26317
0.2628
0.262441
0.262093
0.261755
0.261426
0.261107
0.260796
0.260494
0.260201
0.259918
0.259643
0.25938
0.259126
0.258885
0.258656
0.25844
0.258238
0.258051
0.257879
0.257722
0.257582
0.257458
0.25735
0.257259
0.257183
0.257124
0.257079
0.25705
0.257035
0.257034
0.257047
0.257073
0.257111
0.257161
0.257223
0.257296
0.25738
0.257475
0.25758
0.257696
0.257822
0.257958
0.258105
0.258261
0.258428
0.258604
0.258789
0.258985
0.259189
0.259402
0.259623
0.259851
0.260086
0.260328
0.260574
0.260825
0.261079
0.261334
0.26159
0.261845
0.262098
0.262347
0.26259
0.262827
0.263054
0.263271
0.263477
0.263669
0.263846
0.264007
0.264151
0.264276
0.264383
0.264469
0.264536
0.264582
0.264608
0.264613
0.2646
0.264567
0.264516
0.26445
0.264367
0.264272
0.264164
0.264046
0.263919
0.263785
0.263647
0.263506
0.263364
0.263223
0.263084
0.26295
0.262823
0.262703
0.262593
0.262494
0.262407
0.262335
0.262278
0.262238
0.262216
0.262214
0.262232
0.262271
0.262333
0.262417
0.262525
0.262657
0.262812
0.26299
0.263191
0.263415
0.263659
0.263922
0.264203
0.264499
0.264808
0.265127
0.265452
0.26578
0.266108
0.26643
0.266744
0.267044
0.267327
0.267588
0.267824
0.268029
0.268202
0.268338
0.268434
0.268489
0.2685
0.268466
0.268386
0.26826
0.268089
0.267874
0.267617
0.26732
0.266986
0.266618
0.26622
0.265797
0.265352
0.26489
0.264417
0.263937
0.263454
0.262975
0.262502
0.262041
0.261595
0.261168
0.260763
0.260382
0.260029
0.259704
0.259408
0.259143
0.258908
0.258702
0.258525
0.258377
0.258254
0.258156
0.258081
0.258026
0.257989
0.257969
0.257963
0.25797
0.257988
0.258015
0.258052
0.258097
0.258149
0.25821
0.25828
0.258358
0.258446
0.258546
0.258658
0.258785
0.258927
0.259086
0.259264
0.259462
0.259681
0.259922
0.260186
0.260474
0.260786
0.261121
0.261479
0.261858
0.262258
0.262677
0.263112
0.263562
0.264023
0.264492
0.264967
0.265444
0.26592
0.266391
0.266855
0.267309
0.267748
0.268171
0.268576
0.268959
0.269318
0.269653
0.269961
0.27024
0.27049
0.27071
0.270898
0.271053
0.271177
0.271267
0.271324
0.271349
0.271342
0.271304
0.271237
0.271141
0.27102
0.270876
0.270711
0.270528
0.270331
0.270123
0.269907
0.269688
0.269467
0.269249
0.269038
0.268835
0.268643
0.268465
0.268302
0.268157
0.268029
0.267921
0.267831
0.26776
0.267708
0.267673
0.267655
0.267652
0.267663
0.267686
0.26772
0.267762
0.26781
0.267863
0.267919
0.267977
0.268033
0.268088
0.268139
0.268185
0.268225
0.268257
0.268282
0.268298
0.268305
0.268303
0.26829
0.268268
0.268235
0.268193
0.268141
0.26808
0.26801
0.267932
0.267846
0.267753
0.267655
0.26755
0.26744
0.267326
0.267209
0.267088
0.266964
0.266839
0.266712
0.266584
0.266456
0.266329
0.266201
0.266076
0.265952
0.26583
0.265712
0.265598
0.265489
0.265385
0.265288
0.2652
0.26512
0.26505
0.264991
0.264946
0.264915
0.264899
0.2649
0.26492
0.26496
0.265021
0.265105
0.265213
0.265347
0.265506
0.265691
0.265904
0.266144
0.266411
0.266705
0.267024
0.267367
0.267732
0.268117
0.26852
0.268938
0.269368
0.269806
0.270249
0.270694
0.271135
0.271571
0.271997
0.272411
0.272808
0.273188
0.273546
0.273882
0.274193
0.27448
0.27474
0.274975
0.275183
0.275367
0.275526
0.275662
0.275776
0.27587
0.275946
0.276006
0.276051
0.276084
0.276106
0.27612
0.276128
0.276131
0.27613
0.276128
0.276126
0.276126
0.276127
0.276132
0.276142
0.276156
0.276176
0.276202
0.276234
0.276274
0.27632
0.276373
0.276434
0.276502
0.276576
0.276658
0.276746
0.27684
0.276939
0.277044
0.277153
0.277266
0.277383
0.277502
0.277623
0.277745
0.277867
0.277988
0.278107
0.278223
0.278335
0.278441
0.278541
0.278634
0.278717
0.278791
0.278854
0.278905
0.278944
0.278969
0.27898
0.278977
0.278959
0.278927
0.27888
0.27882
0.278747
0.278661
0.278565
0.278458
0.278344
0.278224
0.278098
0.27797
0.277842
0.277714
0.27759
0.277472
0.277361
0.277259
0.277169
0.277092
0.27703
0.276984
0.276957
0.27695
0.276963
0.276999
0.277057
0.27714
0.277247
0.277379
0.277537
0.27772
0.277929
0.278164
0.278424
0.278709
0.279018
0.279351
0.279707
0.280085
0.280484
0.280903
0.281341
0.281797
0.282269
0.282755
0.283254
0.283764
0.284283
0.28481
0.285342
0.285877
0.286413
0.286947
0.287478
0.288004
0.288521
0.289028
0.289523
0.290004
0.290469
0.290917
0.291346
0.291755
0.292143
0.292509
0.292853
0.293175
0.293474
0.29375
0.294004
0.294237
0.294448
0.294639
0.29481
0.294962
0.295096
0.295213
0.295313
0.295397
0.295466
0.29552
0.295559
0.295584
0.295594
0.295591
0.295572
0.295539
0.295491
0.295427
0.295348
0.295251
0.295137
0.295006
0.294856
0.294687
0.294498
0.29429
0.294061
0.293812
0.293543
0.293253
0.292943
0.292614
0.292264
0.291896
0.291511
0.291108
0.29069
0.290258
0.289813
0.289358
0.288892
0.28842
0.287942
0.287461
0.286978
0.286497
0.286019
0.285547
0.285082
0.284627
0.284184
0.283755
0.283342
0.282945
0.282567
0.28221
0.281873
0.281558
0.281265
0.280996
0.280751
0.280529
0.280331
0.280158
0.280008
0.279883
0.279782
0.279704
0.279651
0.279622
0.279616
0.279634
0.279676
0.279741
0.27983
0.279941
0.280075
0.280231
0.280409
0.280606
0.280824
0.28106
0.281313
0.281581
0.281864
0.282159
0.282465
0.282779
0.283101
0.283428
0.283758
0.284089
0.284421
0.28475
0.285076
0.285396
0.28571
0.286016
0.286313
0.286599
0.286874
0.287137
0.287386
0.287622
0.287842
0.288048
0.288237
0.28841
0.288567
0.288707
0.288829
0.288935
0.289023
0.289094
0.289147
0.289184
0.289203
0.289206
0.289191
0.289161
0.289114
0.289053
0.288975
0.288884
0.288779
0.288661
0.288531
0.288391
0.288241
0.288084
0.287921
0.287754
0.287584
0.287413
0.287243
0.287077
0.286915
0.28676
0.286613
0.286475
0.286348
0.286231
0.286127
0.286035
0.285956
0.285888
0.285831
0.285786
0.28575
0.285723
0.285703
0.285689
0.28568
0.285673
0.285668
0.285663
0.285658
0.28565
0.285639
0.285624
0.285604
0.28558
0.285551
0.285516
0.285477
0.285432
0.285383
0.28533
0.285273
0.285213
0.28515
0.285084
0.285017
0.284947
0.284876
0.284804
0.284731
0.284657
0.284582
0.284507
0.28443
0.284353
0.284276
0.284197
0.284117
0.284037
0.283955
0.283871
0.283786
0.283699
0.28361
0.283518
0.283422
0.283323
0.283219
0.283111
0.282997
0.282876
0.282748
0.282612
0.282466
0.282311
0.282144
0.281966
0.281775
0.281571
0.281353
0.28112
0.280872
0.28061
0.280332
0.28004
0.279735
0.279416
0.279086
0.278745
0.278396
0.27804
0.277678
0.277314
0.276949
0.276585
0.276226
0.275873
0.275528
0.275193
0.274871
0.274563
0.274272
0.273997
0.273741
0.273504
0.273288
0.273093
0.27292
0.272768
0.272639
0.272532
0.272447
0.272383
0.272339
0.272316
0.272312
0.272326
0.272357
0.272402
0.272461
0.272531
0.27261
0.272696
0.272787
0.27288
0.272972
0.273061
0.273144
0.27322
0.273285
0.273337
0.273375
0.273397
0.273402
0.273388
0.273355
0.273303
0.273231
0.27314
0.27303
0.272903
0.272758
0.272598
0.272424
0.272238
0.27204
0.271833
0.271619
0.271399
0.271175
0.270949
0.270722
0.270496
0.270273
0.270055
0.269843
0.269639
0.269445
0.269261
0.269089
0.268931
0.268788
0.268661
0.268552
0.26846
0.268387
0.268334
0.2683
0.268287
0.268293
0.26832
0.268367
0.268434
0.268519
0.268623
0.268744
0.268882
0.269035
0.269203
0.269385
0.269579
0.269783
0.269998
0.27022
0.270449
0.270683
0.270921
0.271159
0.271397
0.271632
0.271862
0.272084
0.272297
0.272498
0.272684
0.272852
0.273
0.273126
0.273227
0.273301
0.273346
0.273359
0.273338
0.273283
0.273193
0.273065
0.2729
0.272697
0.272457
0.272179
0.271867
0.271519
0.271139
0.270729
0.270291
0.269829
0.269345
0.268843
0.268326
0.267799
0.267264
0.266727
0.266191
0.26566
0.265137
0.264626
0.264129
0.263651
0.263192
0.262756
0.262344
0.261957
0.261597
0.261265
0.26096
0.260683
0.260433
0.26021
0.260012
0.259838
0.259686
0.259555
0.259441
0.259344
0.259261
0.259188
0.259123
0.259064
0.259008
0.258952
0.258895
0.258832
0.258762
0.258684
0.258596
0.258495
0.258382
0.258254
0.258112
0.257956
0.257785
0.257601
0.257403
0.257194
0.256975
0.256746
0.256511
0.25627
0.256027
0.255782
0.255539
0.255298
0.255061
0.254832
0.254609
0.254396
0.254193
0.254001
0.253822
0.253654
0.253498
0.253355
0.253225
0.253107
0.253002
0.252908
0.252825
0.252754
0.252693
0.252643
0.252604
0.252574
0.252555
0.252546
0.252547
0.252559
0.252581
0.252613
0.252657
0.252711
0.252776
0.252852
0.25294
0.253038
0.253148
0.253269
0.253401
0.253543
0.253697
0.253862
0.254037
0.254223
0.254421
0.254629
0.25485
0.255081
0.255325
0.255581
0.25585
0.256133
0.256428
0.256736
0.257058
0.257393
0.257742
0.258103
0.258476
0.258861
0.259257
0.259662
0.260076
0.260497
0.260924
0.261355
0.261789
0.262224
0.262659
0.263093
0.263525
0.263953
0.264377
0.264797
0.265212
0.265623
0.266029
0.266431
0.266831
0.267229
0.267626
0.268023
0.268422
0.268824
0.26923
0.269642
0.270061
0.270488
0.270923
0.271367
0.271822
0.272287
0.272762
0.273247
0.273742
0.274246
0.274758
0.275276
0.275798
0.276324
0.276849
0.277373
0.277892
0.278402
0.278901
0.279385
0.27985
0.280294
0.280711
0.281099
0.281453
0.281772
0.282051
0.282288
0.28248
0.282626
0.282723
0.28277
0.282768
0.282714
0.28261
0.282455
0.282251
0.281999
0.281701
0.281357
0.280971
0.280543
0.280078
0.279576
0.279042
0.278477
0.277884
0.277267
0.276627
0.275967
0.275291
0.274601
0.273899
0.273188
0.27247
0.271748
0.271025
0.270301
0.269581
0.268864
0.268155
0.267454
0.266765
0.266089
0.265428
0.264784
0.26416
0.263556
0.262975
0.262418
0.261887
0.261384
0.260909
0.260463
0.260047
0.259662
0.259308
0.258986
0.258694
0.258434
0.258204
0.258004
0.257832
0.25769
0.257574
0.257484
0.257419
0.257377
0.257357
0.257357
0.257376
0.257411
0.257461
0.257524
0.257597
0.25768
0.257769
0.257864
0.257962
0.258061
0.258161
0.258258
0.258353
0.258443
0.258528
0.258606
0.258678
0.258743
0.2588
0.258849
0.258891
0.258926
0.258954
0.258976
0.258992
0.259004
0.259013
0.25902
0.259025
0.259032
0.25904
0.259052
0.259068
0.259092
0.259123
0.259164
0.259216
0.259281
0.25936
0.259454
0.259564
0.259693
0.25984
0.260007
0.260194
0.260403
0.260633
0.260886
0.261162
0.261462
0.261785
0.262131
0.262501
0.262895
0.263311
0.26375
0.264212
0.264694
0.265198
0.26572
0.26626
0.266817
0.267388
0.267972
0.268566
0.269169
0.269777
0.270387
0.270998
0.271605
0.272205
0.272794
0.27337
0.273928
0.274465
0.274977
0.275459
0.27591
0.276324
0.2767
0.277033
0.27732
0.277561
0.277751
0.277891
0.277978
0.278012
0.277994
0.277923
0.277801
0.27763
0.277411
0.277148
0.276843
0.276501
0.276124
0.275718
0.275286
0.274832
0.274363
0.273881
0.273391
0.272898
0.272406
0.271919
0.27144
0.270973
0.27052
0.270085
0.269671
0.269279
0.268912
0.268571
0.268257
0.267973
0.267718
0.267493
0.267299
0.267135
0.267002
0.266899
0.266824
0.266777
0.266756
0.266759
0.266785
0.26683
0.266893
0.266969
0.267056
0.26715
0.267247
0.267344
0.267437
0.267523
0.267596
0.267655
0.267694
0.267712
0.267706
0.267673
0.26761
0.267518
0.267395
0.267241
0.267055
0.26684
0.266596
0.266325
0.266029
0.265713
0.265378
0.265028
0.264668
0.264301
0.263932
0.263565
0.263204
0.262854
0.262518
0.262202
0.261908
0.26164
0.261401
0.261195
0.261023
0.260888
0.260791
0.260733
0.260715
0.260738
0.260801
0.260904
0.261045
0.261224
0.261439
0.261687
0.261968
0.262279
0.262616
0.262979
0.263363
0.263768
0.264189
0.264625
0.265072
0.26553
0.265995
0.266465
0.266939
0.267415
0.267891
0.268367
0.268839
0.269308
0.269772
0.270229
0.270679
0.271121
0.271553
0.271974
0.272384
0.27278
0.273163
0.27353
0.27388
0.274214
0.274529
0.274826
0.275102
0.275359
0.275594
0.275808
0.276001
0.276173
0.276324
0.276454
0.276564
0.276655
0.276727
0.276782
0.276822
0.276846
0.276858
0.276858
0.276849
0.276831
0.276807
0.276779
0.276748
0.276716
0.276684
0.276654
0.276628
0.276605
0.276587
0.276576
0.276571
0.276573
0.276581
0.276597
0.27662
0.276648
0.276683
0.276722
0.276765
0.276811
0.276859
0.276907
0.276955
0.277001
0.277042
0.277079
0.27711
0.277133
0.277146
0.27715
0.277142
0.277121
0.277087
0.277038
0.276974
0.276894
0.276797
0.276685
0.276555
0.276409
0.276246
0.276067
0.275872
0.275663
0.275439
0.275202
0.274952
0.274692
0.274421
0.274143
0.273857
0.273566
0.273272
0.272975
0.272678
0.272383
0.27209
0.271802
0.271521
0.271248
0.270984
0.270732
0.270491
0.270265
0.270053
0.269856
0.269676
0.269514
0.269369
0.269242
0.269134
0.269043
0.268971
0.268917
0.268881
0.268861
0.268857
0.268869
0.268895
0.268934
0.268985
0.269046
0.269117
0.269195
0.269279
0.269367
0.269458
0.269549
0.269639
0.269725
0.269806
0.269879
0.269943
0.269994
0.270032
0.270053
0.270057
0.270041
0.270005
0.269946
0.269865
0.26976
0.269632
0.269481
0.269307
0.26911
0.268892
0.268654
0.268396
0.268122
0.267832
0.267528
0.267211
0.266884
0.266548
0.266204
0.265855
0.265502
0.265147
0.26479
0.264434
0.26408
0.263729
0.263382
0.263041
0.262708
0.262384
0.26207
0.261769
0.261481
0.261208
0.260954
0.260718
0.260503
0.260311
0.260143
0.260001
0.259887
0.259801
0.259744
0.259718
0.259723
0.259759
0.259826
0.259924
0.260051
0.260209
0.260394
0.260607
0.260846
0.26111
0.261397
0.261705
0.262035
0.262383
0.26275
0.263133
0.263531
0.263943
0.264368
0.264804
0.265249
0.265702
0.26616
0.266621
0.267083
0.267544
0.267999
0.268447
0.268885
0.269311
0.26972
0.270113
0.270485
0.270835
0.271161
0.271462
0.271736
0.271981
0.272196
0.272381
0.272533
0.272653
0.272739
0.272791
0.272808
0.27279
0.272737
0.27265
0.272529
0.272375
0.27219
0.271974
0.271731
0.271463
0.271173
0.270863
0.270537
0.270198
0.269851
0.269498
0.269143
0.268791
0.268443
0.268104
0.267777
0.267464
0.267167
0.266888
0.266629
0.26639
0.266172
0.265974
0.265797
0.265639
0.2655
0.265376
0.265268
0.265171
0.265084
0.265005
0.26493
0.264857
0.264783
0.264705
0.264621
0.264529
0.264425
0.264309
0.264178
0.264031
0.263867
0.263684
0.263482
0.263261
0.26302
0.26276
0.262481
0.262183
0.261868
0.261537
0.261189
0.260828
0.260454
0.260068
0.259673
0.259269
0.258859
0.258444
0.258025
0.257604
0.257183
0.256763
0.256345
0.255929
0.255518
0.255111
0.254708
0.254311
0.253919
0.25353
0.253146
0.252765
0.252386
0.252008
0.251629
0.251249
0.250865
0.250477
0.250083
0.249682
0.249274
0.248856
0.248429
0.247993
0.247548
0.247093
0.24663
0.24616
0.245683
0.245201
0.244716
0.244229
0.243742
0.243257
0.242776
0.242301
0.241834
0.241377
0.240932
0.240501
0.240085
0.239687
0.239308
0.23895
0.238615
0.238303
0.238017
0.237759
0.237529
0.237329
0.23716
0.237024
0.236922
0.236853
0.236819
0.23682
0.236856
0.236927
0.237032
0.23717
0.23734
0.23754
0.237768
0.238022
0.238298
0.238595
0.238908
0.239236
0.239573
0.239917
0.240266
0.240614
0.24096
0.241302
0.241635
0.241958
0.24227
0.242569
0.242853
0.243122
0.243377
0.243615
0.243839
0.244049
0.244245
0.244429
0.244602
0.244765
0.244921
0.24507
0.245216
0.245358
0.2455
0.245643
0.245788
0.245936
0.24609
0.24625
0.246417
0.246592
0.246776
0.246969
0.247171
0.247383
0.247604
0.247835
0.248074
0.248322
0.248578
0.248841
0.24911
0.249385
0.249665
0.24995
0.250237
0.250527
0.250819
0.251111
0.251403
0.251694
0.251982
0.252268
0.252551
0.252828
0.2531
0.253366
0.253625
0.253875
0.254117
0.254349
0.25457
0.254779
0.254976
0.25516
0.255329
0.255484
0.255623
0.255746
0.255851
0.255939
0.256009
0.25606
0.256092
0.256104
0.256096
0.256068
0.25602
0.255952
0.255865
0.255757
0.255631
0.255487
0.255325
0.255148
0.254955
0.254749
0.254531
0.254303
0.254065
0.25382
0.25357
0.253314
0.253056
0.252795
0.252534
0.252273
0.252013
0.251754
0.251498
0.251243
0.250992
0.250744
0.250499
0.250258
0.250021
0.249788
0.24956
0.249337
0.24912
0.24891
0.248707
0.248511
0.248324
0.248147
0.247981
0.247826
0.247683
0.247554
0.247439
0.247339
0.247256
0.247189
0.24714
0.247109
0.247097
0.247104
0.24713
0.247176
0.247241
0.247326
0.247432
0.247556
0.247701
0.247864
0.248046
0.248247
0.248466
0.248702
0.248956
0.249226
0.249513
0.249815
0.250132
0.250464
0.25081
0.25117
0.251543
0.251929
0.252328
0.252738
0.25316
0.253592
0.254035
0.254487
0.254947
0.255414
0.255887
0.256365
0.256845
0.257327
0.257807
0.258285
0.258758
0.259224
0.259681
0.260126
0.260557
0.260974
0.261373
0.261754
0.262114
0.262453
0.262771
0.263065
0.263336
0.263584
0.263808
0.264009
0.264187
0.264342
0.264474
0.264585
0.264675
0.264745
0.264794
0.264825
0.264836
0.26483
0.264807
0.264768
0.264712
0.264641
0.264555
0.264454
0.264339
0.26421
0.264068
0.263911
0.263742
0.263558
0.26336
0.263149
0.262922
0.262681
0.262426
0.262155
0.261869
0.261569
0.261254
0.260925
0.260583
0.26023
0.259866
0.259494
0.259116
0.258733
0.258348
0.257965
0.257585
0.257212
0.256848
0.256497
0.256159
0.255839
0.255538
0.255257
0.255
0.254766
0.254558
0.254376
0.254221
0.254093
0.253994
0.253923
0.25388
0.253866
0.253881
0.253926
0.253999
0.254101
0.254232
0.254392
0.254581
0.254798
0.255043
0.255315
0.255613
0.255937
0.256284
0.256653
0.257041
0.257447
0.257869
0.258304
0.258749
0.259202
0.259661
0.260123
0.260586
0.261049
0.261509
0.261965
0.262417
0.262863
0.263302
0.263735
0.264159
0.264575
0.264983
0.26538
0.265768
0.266144
0.266507
0.266856
0.26719
0.267507
0.267805
0.268083
0.268338
0.268569
0.268775
0.268955
0.269107
0.26923
0.269325
0.269392
0.269431
0.269445
0.269433
0.2694
0.269346
0.269276
0.269193
0.269099
0.268999
0.268896
0.268793
0.268695
0.268603
0.26852
0.268449
0.268391
0.268348
0.268321
0.268311
0.268318
0.268341
0.268381
0.268437
0.268508
0.268592
0.268689
0.268797
0.268916
0.269043
0.269177
0.269317
0.269462
0.269611
0.269762
0.269916
0.27007
0.270225
0.27038
0.270534
0.270688
0.27084
0.270991
0.271141
0.271289
0.271435
0.27158
0.271722
0.271862
0.271999
0.272134
0.272265
0.272393
0.272517
0.272636
0.272751
0.27286
0.272965
0.273063
0.273156
0.273243
0.273324
0.2734
0.273471
0.273537
0.273598
0.273655
0.273708
0.273758
0.273805
0.27385
0.273894
0.273936
0.273978
0.27402
0.274062
0.274105
0.27415
0.274198
0.274249
0.274304
0.274365
0.274432
0.274506
0.274589
0.27468
0.274782
0.274894
0.275017
0.275152
0.275299
0.275458
0.275629
0.275811
0.276005
0.276209
0.276423
0.276648
0.276882
0.277125
0.277377
0.277637
0.277906
0.278183
0.278469
0.278763
0.279065
0.279374
0.279691
0.280015
0.280345
0.280681
0.281022
0.281366
0.281712
0.282059
0.282406
0.28275
0.283091
0.283427
0.283757
0.284078
0.284391
0.284692
0.284982
0.285259
0.285522
0.285771
0.286003
0.286219
0.286418
0.286599
0.28676
0.286903
0.287026
0.287128
0.287208
0.287267
0.287304
0.287318
0.287308
0.287275
0.287219
0.287139
0.287036
0.28691
0.286761
0.286591
0.286399
0.286186
0.285955
0.285705
0.285438
0.285154
0.284856
0.284544
0.28422
0.283885
0.283539
0.283184
0.282821
0.28245
0.282074
0.281693
0.281307
0.280919
0.280528
0.280137
0.279746
0.279357
0.27897
0.278587
0.27821
0.277839
0.277476
0.277122
0.276779
0.276447
0.276128
0.275823
0.275532
0.275257
0.274998
0.274756
0.27453
0.27432
0.274127
0.27395
0.273789
0.273642
0.273509
0.273389
0.273282
0.273185
0.273099
0.273022
0.272954
0.272893
0.272839
0.272791
0.272748
0.272709
0.272674
0.272643
0.272613
0.272586
0.27256
0.272534
0.272509
0.272482
0.272454
0.272423
0.272391
0.272355
0.272316
0.272274
0.272228
0.272178
0.272125
0.272069
0.272011
0.271949
0.271886
0.27182
0.271753
0.271685
0.271616
0.271546
0.271476
0.271407
0.271338
0.27127
0.271203
0.271138
0.271076
0.271017
0.270961
0.270909
0.270861
0.270818
0.27078
0.270748
0.270721
0.2707
0.270685
0.270674
0.270668
0.270667
0.270668
0.270673
0.270679
0.270686
0.270693
0.270699
0.270704
0.270707
0.270707
0.270704
0.270697
0.270686
0.270673
0.270656
0.270637
0.270615
0.270593
0.27057
0.270548
0.270528
0.270511
0.270497
0.270487
0.270483
0.270485
0.270493
0.270507
0.270527
0.270553
0.270584
0.27062
0.27066
0.270702
0.270747
0.270791
0.270835
0.270877
0.270915
0.270949
0.270978
0.271001
0.271017
0.271025
0.271027
0.271022
0.271009
0.270989
0.270964
0.270932
0.270896
0.270856
0.270812
0.270766
0.270719
0.27067
0.27062
0.270572
0.270523
0.270477
0.270432
0.27039
0.270351
0.270316
0.270287
0.270263
0.270246
0.270237
0.270237
0.270247
0.270268
0.2703
0.270345
0.270403
0.270473
0.270556
0.270651
0.270758
0.270876
0.271003
0.271139
0.271281
0.271429
0.271581
0.271735
0.27189
0.272045
0.272198
0.272347
0.272493
0.272633
0.272767
0.272894
0.273013
0.273123
0.273225
0.273316
0.273397
0.273466
0.273524
0.273568
0.2736
0.273618
0.273622
0.273612
0.273588
0.273551
0.273502
0.273442
0.273371
0.273292
0.273207
0.273118
0.273026
0.272936
0.272847
0.272764
0.272688
0.272621
0.272564
0.27252
0.272488
0.272471
0.272468
0.272481
0.27251
0.272554
0.272615
0.272692
0.272786
0.272897
0.273026
0.273171
0.273334
0.273514
0.273711
0.273924
0.274154
0.274399
0.274657
0.274927
0.275208
0.275496
0.275789
0.276084
0.276379
0.276669
0.276952
0.277223
0.277479
0.277715
0.277929
0.278117
0.278274
0.278399
0.278487
0.278535
0.278543
0.278507
0.278427
0.2783
0.278127
0.277908
0.277641
0.277328
0.27697
0.276567
0.27612
0.275632
0.275103
0.274536
0.273932
0.273293
0.272622
0.271921
0.271192
0.270438
0.269661
0.268865
0.268052
0.267225
0.266387
0.265541
0.264689
0.263836
0.262983
0.262134
0.261291
0.260458
0.259636
0.258828
0.258037
0.257264
0.256512
0.255782
0.255077
0.254396
0.253743
0.253116
0.252519
0.25195
0.251411
0.250902
0.250422
0.249973
0.249554
0.249164
0.248804
0.248473
0.248171
0.247897
0.247651
0.247433
0.247242
0.247078
0.246941
0.246829
0.246742
0.24668
0.246642
0.246627
0.246635
0.246663
0.246711
0.246778
0.246861
0.246959
0.247069
0.24719
0.24732
0.247455
0.247593
0.247733
0.247872
0.248006
0.248135
0.248256
0.248368
0.248469
0.248558
0.248634
0.248697
0.248747
0.248783
0.248807
0.248819
0.24882
0.248811
0.248793
0.248769
0.24874
0.248706
0.248671
0.248635
0.2486
0.248568
0.24854
0.248516
0.248499
0.248488
0.248486
0.248491
0.248506
0.24853
0.248563
0.248605
0.248656
0.248717
0.248787
0.248865
0.248951
0.249045
0.249146
0.249254
0.249367
0.249486
0.249608
0.249735
0.249865
0.249996
0.250129
0.250262
0.250394
0.250525
0.250654
0.250779
0.2509
0.251015
0.251125
0.251228
0.251324
0.251411
0.25149
0.251559
0.251618
0.251666
0.251704
0.25173
0.251745
0.251749
0.25174
0.25172
0.251688
0.251644
0.251588
0.25152
0.251441
0.25135
0.251248
0.251134
0.25101
0.250875
0.250731
0.250577
0.250415
0.250245
0.250068
0.249886
0.249699
0.249508
0.249316
0.249124
0.248933
0.248746
0.248562
0.248385
0.248216
0.248056
0.247907
0.24777
0.247645
0.247534
0.247438
0.247356
0.247289
0.247237
0.247201
0.247178
0.24717
0.247175
0.247193
0.247223
0.247264
0.247316
0.247377
0.247447
0.247525
0.247611
0.247704
0.247804
0.247909
0.248021
0.248139
0.248262
0.24839
0.248524
0.248664
0.24881
0.248962
0.249119
0.249284
0.249456
0.249634
0.249821
0.250017
0.250221
0.250434
0.250656
0.250887
0.251127
0.251374
0.251628
0.251888
0.252151
0.252417
0.252681
0.252943
0.2532
0.25345
0.253692
0.253923
0.254143
0.254351
0.254546
0.254731
0.254905
0.255071
0.255229
0.255381
0.25553
0.255677
0.255824
0.255972
0.256123
0.256277
0.256436
0.2566
0.256768
0.25694
0.257117
0.257296
0.257478
0.257661
0.257843
0.258025
0.258204
0.258379
0.258548
0.258711
0.258865
0.259009
0.259143
0.259264
0.259373
0.259468
0.259548
0.259613
0.259664
0.259699
0.259721
0.259728
0.259724
0.259707
0.259682
0.259647
0.259607
0.259562
0.259515
0.259468
0.259423
0.259382
0.259347
0.259322
0.259307
0.259305
0.259318
0.259348
0.259397
0.259468
0.259562
0.25968
0.259824
0.259996
0.260197
0.260427
0.260686
0.260975
0.261293
0.26164
0.262013
0.262411
0.262832
0.263274
0.263733
0.264206
0.26469
0.265181
0.265676
0.266169
0.266658
0.26714
0.26761
0.268065
0.268503
0.26892
0.269315
0.269687
0.270033
0.270352
0.270644
0.270908
0.271144
0.271352
0.271532
0.271684
0.271809
0.271907
0.271978
0.272021
0.272038
0.272027
0.271989
0.271925
0.271833
0.271714
0.271569
0.271397
0.271201
0.270981
0.270738
0.270474
0.270191
0.269891
0.269576
0.269247
0.268909
0.268561
0.268207
0.267847
0.267483
0.267116
0.266747
0.266376
0.266003
0.26563
0.265255
0.264878
0.2645
0.264119
0.263735
0.263349
0.262959
0.262567
0.262171
0.261772
0.261371
0.260968
0.260562
0.260156
0.25975
0.259343
0.258939
0.258537
0.258138
0.257744
0.257356
0.256974
0.256599
0.256234
0.255879
0.255535
0.255203
0.254884
0.25458
0.25429
0.254017
0.253761
0.253523
0.253303
0.253103
0.252922
0.252761
0.252621
0.252501
0.252402
0.252323
0.252264
0.252225
0.252205
0.252203
0.252219
0.252251
0.252299
0.252361
0.252436
0.252523
0.25262
0.252726
0.252841
0.252962
0.25309
0.253223
0.253361
0.253502
0.253647
0.253795
0.253946
0.254099
0.254255
0.254413
0.254575
0.254739
0.254906
0.255078
0.255253
0.255432
0.255616
0.255805
0.255999
0.256199
0.256405
0.256617
0.256837
0.257063
0.257297
0.257539
0.257789
0.258046
0.258311
0.258584
0.258864
0.259152
0.259447
0.259748
0.260056
0.26037
0.260689
0.261013
0.261341
0.261674
0.26201
0.262348
0.262688
0.263028
0.263368
0.263706
0.264041
0.264371
0.264694
0.26501
0.265316
0.26561
0.265892
0.266158
0.26641
0.266644
0.26686
0.267058
0.267237
0.267397
0.267539
0.267662
0.267768
0.267857
0.26793
0.26799
0.268037
0.268073
0.2681
0.268119
0.268132
0.268141
0.268146
0.268151
0.268155
0.26816
0.268166
0.268175
0.268187
0.268202
0.26822
0.268241
0.268266
0.268293
0.268323
0.268354
0.268387
0.268419
0.268452
0.268483
0.268511
0.268537
0.268558
0.268574
0.268583
0.268586
0.26858
0.268567
0.268544
0.268511
0.268469
0.268417
0.268354
0.268283
0.268201
0.268112
0.268014
0.267909
0.267797
0.267681
0.26756
0.267436
0.26731
0.267183
0.267057
0.266933
0.266811
0.266693
0.26658
0.266473
0.266374
0.266283
0.266202
0.266132
0.266074
0.26603
0.266001
0.265988
0.265993
0.266016
0.26606
0.266124
0.266211
0.26632
0.266453
0.26661
0.266791
0.266996
0.267225
0.267477
0.267753
0.268051
0.26837
0.268708
0.269064
0.269435
0.269821
0.270217
0.270622
0.271033
0.271447
0.27186
0.272269
0.272672
0.273065
0.273445
0.27381
0.274156
0.27448
0.274782
0.275058
0.275307
0.275528
0.275719
0.27588
0.27601
0.276108
0.276175
0.27621
0.276213
0.276184
0.276124
0.276033
0.275912
0.27576
0.275578
0.275368
0.275129
0.274863
0.274569
0.27425
0.273906
0.273539
0.273149
0.272737
0.272306
0.271858
0.271393
0.270914
0.270423
0.269922
0.269413
0.268898
0.26838
0.267861
0.267344
0.266831
0.266324
0.265825
0.265337
0.264862
0.264402
0.263957
0.263531
0.263124
0.262737
0.262371
0.262028
0.261706
0.261407
0.26113
0.260875
0.260641
0.260428
0.260236
0.260062
0.259907
0.259769
0.259647
0.25954
0.259447
0.259367
0.259301
0.259245
0.259202
0.259169
0.259146
0.259134
0.259131
0.259138
0.259154
0.25918
0.259215
0.259259
0.25931
0.25937
0.259437
0.259511
0.259591
0.259676
0.259765
0.259859
0.259955
0.260055
0.260157
0.260261
0.260367
0.260477
0.260589
0.260705
0.260827
0.260954
0.261088
0.261231
0.261384
0.261549
0.261727
0.261918
0.262124
0.262346
0.262584
0.262838
0.26311
0.263397
0.263701
0.264019
0.264352
0.264697
0.265054
0.265421
0.265797
0.266179
0.266567
0.266958
0.267352
0.267746
0.268139
0.268529
0.268916
0.269298
0.269673
0.270041
0.270399
0.270747
0.271083
0.271407
0.271717
0.272012
0.272292
0.272556
0.272805
0.273038
0.273257
0.273463
0.273658
0.273844
0.274024
0.2742
0.274376
0.274553
0.274734
0.274922
0.275118
0.275324
0.275539
0.275764
0.275998
0.276241
0.27649
0.276745
0.277002
0.27726
0.277515
0.277765
0.278007
0.278239
0.278459
0.278662
0.278849
0.279016
0.279163
0.279288
0.27939
0.279468
0.279523
0.279554
0.279562
0.279547
0.279509
0.279451
0.279372
0.279275
0.27916
0.279029
0.278884
0.278726
0.278558
0.27838
0.278194
0.278002
0.277805
0.277604
0.277401
0.277196
0.27699
0.276785
0.27658
0.276377
0.276176
0.275977
0.275782
0.275591
0.275404
0.275222
0.275045
0.274875
0.27471
0.274552
0.274401
0.274256
0.274119
0.273988
0.273863
0.273744
0.273629
0.273519
0.273413
0.273308
0.273206
0.273103
0.273
0.272897
0.272791
0.272683
0.272573
0.272461
0.272347
0.272231
0.272115
0.271999
0.271885
0.271773
0.271664
0.271561
0.271463
0.271372
0.271289
0.271213
0.271146
0.271086
0.271033
0.270987
0.270947
0.270911
0.270878
0.270847
0.270817
0.270786
0.270752
0.270715
0.270673
0.270626
0.270572
0.270511
0.270443
0.270367
0.270284
0.270194
0.270097
0.269994
0.269886
0.269774
0.269658
0.269542
0.269425
0.26931
0.269197
0.26909
0.268989
0.268896
0.268812
0.26874
0.26868
0.268635
0.268603
0.268588
0.268589
0.268606
0.26864
0.268691
0.268757
0.268838
0.268934
0.269042
0.269161
0.269289
0.269424
0.269565
0.269708
0.269851
0.269991
0.270126
0.270253
0.27037
0.270473
0.270561
0.270631
0.270681
0.270709
0.270713
0.270692
0.270645
0.27057
0.270467
0.270336
0.270177
0.269989
0.269774
0.269532
0.269264
0.268973
0.268659
0.268325
0.267973
0.267606
0.267226
0.266838
0.266443
0.266046
0.26565
0.265259
0.264876
0.264505
0.26415
0.263814
0.263499
0.26321
0.262948
0.262715
0.262514
0.262346
0.262212
0.262112
0.262046
0.262014
0.262015
0.262047
0.262108
0.262196
0.262308
0.262441
0.262591
0.262754
0.262926
0.263103
0.263281
0.263454
0.263617
0.263768
0.263901
0.264011
0.264095
0.26415
0.264172
0.264159
0.264108
0.264017
0.263886
0.263713
0.263498
0.263242
0.262944
0.262606
0.262228
0.261812
0.261359
0.260871
0.260349
0.259795
0.25921
0.258598
0.257959
0.257296
0.25661
0.255906
0.255185
0.25445
0.253706
0.252954
0.252199
0.251444
0.250694
0.249952
0.249222
0.248507
0.24781
0.247134
0.246482
0.245857
0.245259
0.244691
0.244153
0.243646
0.243171
0.242728
0.242317
0.241938
0.241591
0.241275
0.24099
0.240736
0.240513
0.240319
0.240155
0.24002
0.239914
0.239836
0.239786
0.239764
0.239768
0.2398
0.239857
0.23994
0.240047
0.240179
0.240334
0.240512
0.240711
0.240932
0.241172
0.241431
0.241707
0.242001
0.242311
0.242635
0.242974
0.243325
0.243688
0.244062
0.244446
0.244838
0.245238
0.245644
0.246054
0.246469
0.246885
0.247302
0.247719
0.248132
0.248542
0.248945
0.24934
0.249725
0.250098
0.250458
0.250802
0.251129
0.251437
0.251725
0.25199
0.252232
0.25245
0.252642
0.252808
0.252948
0.253061
0.253148
0.253207
0.25324
0.253248
0.25323
0.253189
0.253125
0.253039
0.252932
0.252807
0.252664
0.252505
0.252331
0.252145
0.251947
0.251739
0.251522
0.251297
0.251067
0.250831
0.250591
0.250348
0.250103
0.249857
0.249611
0.249365
0.24912
0.248878
0.248638
0.248403
0.248173
0.247948
0.247731
0.247521
0.247321
0.24713
0.24695
0.246782
0.246627
0.246486
0.246359
0.246246
0.24615
0.246068
0.246004
0.245955
0.245922
0.245906
0.245906
0.245921
0.245953
0.246001
0.246065
0.246144
0.24624
0.246353
0.246482
0.246628
0.246792
0.246975
0.247177
0.247398
0.247639
0.2479
0.248183
0.248487
0.248813
0.249161
0.249531
0.249923
0.250338
0.250776
0.251236
0.251718
0.252223
0.252751
0.253301
0.253875
0.254471
0.255091
0.255733
0.256399
0.257087
0.257798
0.25853
0.259284
0.260058
0.260851
0.261661
0.262486
0.263324
0.264171
0.265026
0.265885
0.266744
0.267601
0.268451
0.269291
0.270118
0.270928
0.271719
0.272487
0.27323
0.273946
0.274633
0.275289
0.275913
0.276505
0.277064
0.277589
0.278081
0.278539
0.278964
0.279357
0.279717
0.280044
0.280341
0.280606
0.280841
0.281046
0.281222
0.281371
0.281492
0.281587
0.281657
0.281704
0.281728
0.281732
0.281718
0.281686
0.28164
0.281581
0.281512
0.281435
0.281351
0.281264
0.281175
0.281087
0.281
0.280918
0.280841
0.280771
0.280709
0.280656
0.280611
0.280576
0.280549
0.28053
0.280519
0.280514
0.280513
0.280515
0.280517
0.280519
0.280518
0.280511
0.280498
0.280477
0.280447
0.280407
0.280355
0.280292
0.280218
0.280133
0.280037
0.279931
0.279817
0.279693
0.279563
0.279425
0.279282
0.279132
0.278977
0.278817
0.278652
0.278481
0.278304
0.278121
0.277931
0.277734
0.277529
0.277316
0.277093
0.276861
0.276618
0.276364
0.276098
0.275819
0.275526
0.27522
0.274898
0.274559
0.274205
0.273832
0.273442
0.273034
0.272606
0.272161
0.271696
0.271214
0.270714
0.270198
0.269665
0.269119
0.268559
0.267987
0.267406
0.266816
0.26622
0.26562
0.265016
0.264412
0.263809
0.263209
0.262614
0.262025
0.261445
0.260875
0.260317
0.259772
0.259243
0.258729
0.258233
0.257755
0.257297
0.25686
0.256443
0.256047
0.255674
0.255323
0.254994
0.254687
0.254403
0.254142
0.253902
0.253686
0.253492
0.25332
0.253171
0.253044
0.25294
0.252859
0.252801
0.252766
0.252753
0.252764
0.252797
0.252852
0.252929
0.253027
0.253143
0.253278
0.25343
0.253597
0.253776
0.253966
0.254164
0.254368
0.254576
0.254785
0.254992
0.255196
0.255394
0.255584
0.255765
0.255935
0.256093
0.256238
0.256369
0.256486
0.256588
0.256676
0.256749
0.256808
0.256854
0.256887
0.256908
0.256918
0.256918
0.256909
0.256893
0.256871
0.256845
0.256816
0.256785
0.256755
0.256726
0.256701
0.256681
0.256666
0.256659
0.25666
0.256669
0.256689
0.256718
0.256758
0.256808
0.256868
0.256937
0.257016
0.257102
0.257197
0.257299
0.257407
0.257521
0.257641
0.257764
0.257891
0.258022
0.258156
0.258292
0.258431
0.258572
0.258715
0.25886
0.259007
0.259156
0.259306
0.259458
0.259612
0.259766
0.259922
0.260079
0.260236
0.260394
0.260552
0.260709
0.260866
0.261022
0.261175
0.261325
0.261472
0.261615
0.261752
0.261882
0.262005
0.262119
0.262223
0.262315
0.262395
0.26246
0.26251
0.262544
0.26256
0.262558
0.262537
0.262496
0.262436
0.262356
0.262257
0.262139
0.262003
0.261851
0.261682
0.261499
0.261303
0.261096
0.260881
0.260658
0.26043
0.260199
0.259968
0.259737
0.25951
0.259288
0.259073
0.258867
0.258672
0.258487
0.258316
0.258159
0.258016
0.257889
0.257778
0.257683
0.257604
0.257542
0.257496
0.257465
0.25745
0.25745
0.257464
0.257491
0.257532
0.257585
0.257649
0.257725
0.257811
0.257907
0.258013
0.258129
0.258255
0.258392
0.258538
0.258696
0.258866
0.259049
0.259245
0.259457
0.259684
0.259929
0.260193
0.260475
0.260778
0.2611
0.261444
0.261808
0.262191
0.262594
0.263013
0.263448
0.263896
0.264355
0.264822
0.265292
0.265764
0.266234
0.266698
0.267154
0.267598
0.268028
0.268441
0.268836
0.26921
0.269564
0.269896
0.270206
0.270494
0.27076
0.271005
0.27123
0.271435
0.271622
0.271793
0.271948
0.272087
0.272214
0.272327
0.272429
0.27252
0.272601
0.272671
0.272732
0.272783
0.272826
0.272858
0.272882
0.272896
0.2729
0.272895
0.27288
0.272854
0.272818
0.272772
0.272716
0.27265
0.272575
0.272491
0.272398
0.272299
0.272195
0.272086
0.271975
0.271863
0.271753
0.271645
0.271542
0.271446
0.271357
0.271278
0.27121
0.271152
0.271108
0.271075
0.271055
0.271048
0.271053
0.271071
0.271101
0.271142
0.271196
0.271262
0.27134
0.27143
0.271534
0.27165
0.27178
0.271925
0.272084
0.272258
0.272448
0.272653
0.272874
0.27311
0.273361
0.273627
0.273906
0.274199
0.274503
0.274819
0.275144
0.275478
0.275818
0.276164
0.276514
0.276865
0.277216
0.277566
0.277912
0.278253
0.278585
0.278909
0.279221
0.27952
0.279804
0.280072
0.280321
0.280552
0.280762
0.280952
0.28112
0.281266
0.28139
0.281492
0.281573
0.281634
0.281675
0.281697
0.281703
0.281693
0.281668
0.281631
0.281583
0.281526
0.28146
0.281388
0.281309
0.281226
0.281139
0.281048
0.280954
0.280857
0.280757
0.280654
0.280546
0.280434
0.280317
0.280195
0.280065
0.279929
0.279785
0.279632
0.279471
0.279301
0.279123
0.278936
0.27874
0.278538
0.278329
0.278114
0.277896
0.277674
0.277452
0.277231
0.277012
0.276798
0.27659
0.27639
