0.73665
0.746793
0.752515
0.75956
0.767962
0.777765
0.789019
0.801779
0.816103
0.832057
0.84971
0.86913
0.890386
0.913542
0.938653
0.965756
0.994865
1.02596
1.05897
1.09378
1.13018
1.1679
1.20655
1.24567
1.28469
1.32299
1.35992
1.39485
1.42721
1.4566
1.48274
1.50557
1.52523
1.54199
1.55628
1.56852
1.57909
1.58823
1.59593
1.60205
1.60637
1.60879
1.60951
1.60893
1.60754
1.60572
1.60364
1.60134
1.59867
1.59547
1.59158
1.58692
1.5815
1.5754
1.56881
1.56191
1.55491
1.54796
1.54119
1.53469
1.52852
1.52271
1.5173
1.51229
1.5077
1.50351
1.49972
1.49631
1.49323
1.49041
1.48778
1.48522
1.48266
1.48003
1.47731
1.4745
1.47164
1.46878
1.46596
1.46323
1.46063
1.45819
1.45591
1.45382
1.45195
1.45031
1.44895
1.44791
1.44722
1.44689
1.44696
1.4474
1.4482
1.44928
1.45053
1.4518
1.45295
1.45386
1.45452
1.455
1.45545
1.45605
1.45696
1.45831
1.46013
1.4624
1.46501
1.46782
1.47071
1.47358
1.47636
1.47906
1.48169
1.48431
1.48699
1.4898
1.4928
1.49609
1.49972
1.50376
1.50823
1.51309
1.51827
1.5236
1.52885
1.53373
1.53796
1.54125
1.54341
1.54434
1.5441
1.54289
1.5411
1.53919
1.53759
1.53667
1.53663
1.53752
1.53929
1.54181
1.54491
1.54841
1.55212
1.55586
1.55943
1.56268
1.56553
1.56794
1.56998
1.57177
1.57344
1.57512
1.5769
1.57879
1.58079
1.58284
1.5849
1.5869
1.58879
1.59044
1.59161
1.59195
1.59113
1.58899
1.5857
1.58162
1.57722
1.57286
1.56876
1.56503
1.5617
1.55877
1.55621
1.55399
1.5521
1.55052
1.54928
1.54841
1.54795
1.54788
1.54817
1.54871
1.54938
1.55007
1.55069
1.55122
1.55171
1.55228
1.55307
1.55428
1.55608
1.5586
1.56188
1.56586
1.57036
1.57507
1.57965
1.58377
1.58714
1.58963
1.59118
1.59189
1.59191
1.59145
1.59073
1.58992
1.58914
1.58841
1.58766
1.58679
1.58567
1.58419
1.58228
1.57995
1.57721
1.5741
1.57066
1.56695
1.56302
1.55895
1.55481
1.55067
1.54656
1.54249
1.53837
1.53413
1.5297
1.52509
1.52038
1.51579
1.51153
1.50786
1.50496
1.50296
1.5019
1.50177
1.50254
1.50412
1.50643
1.50937
1.51282
1.51666
1.52065
1.5245
1.5278
1.5301
1.53097
1.53017
1.52767
1.52371
1.51872
1.5132
1.50761
1.50231
1.49753
1.4934
1.48997
1.48724
1.48517
1.48371
1.48278
1.48229
1.48214
1.48227
1.48262
1.4832
1.48404
1.48521
1.48677
1.48873
1.49108
1.49376
1.49666
1.49967
1.50261
1.50534
1.50772
1.50964
1.51108
1.51207
1.51268
1.51299
1.51304
1.51277
1.51207
1.51081
1.5089
1.50643
1.50361
1.50071
1.49803
1.49577
1.49404
1.49288
1.49229
1.49226
1.49283
1.49403
1.49592
1.49853
1.50187
1.50588
1.51043
1.51539
1.52054
1.52568
1.53061
1.53517
1.53926
1.54282
1.54582
1.54821
1.54993
1.55087
1.55095
1.5501
1.54833
1.5457
1.54228
1.53819
1.53352
1.52834
1.52273
1.5168
1.51069
1.50463
1.49888
1.49372
1.48941
1.48614
1.48403
1.48314
1.48345
1.48488
1.48729
1.49052
1.49436
1.49863
1.50314
1.50781
1.51259
1.5175
1.52257
1.52775
1.53292
1.53788
1.54241
1.54636
1.54968
1.55247
1.55488
1.55709
1.55916
1.56106
1.56255
1.56327
1.5628
1.56081
1.55722
1.55227
1.54644
1.54025
1.53417
1.52851
1.52344
1.51902
1.51523
1.51205
1.50942
1.50727
1.50557
1.50424
1.50327
1.50265
1.50242
1.50267
1.50357
1.50532
1.5081
1.51198
1.51675
1.52181
1.52629
1.5294
1.53084
1.53093
1.53028
1.52939
1.52856
1.52789
1.52738
1.52705
1.52691
1.52697
1.52727
1.52784
1.52869
1.52984
1.53125
1.5329
1.53469
1.53651
1.53824
1.53974
1.54086
1.54148
1.54149
1.54083
1.53943
1.53729
1.53444
1.53093
1.52686
1.52235
1.51752
1.51253
1.50752
1.50263
1.49804
1.49392
1.49041
1.48767
1.48583
1.48498
1.48526
1.48675
1.4895
1.49354
1.49877
1.50499
1.51186
1.51884
1.52523
1.53032
1.53358
1.53483
1.53432
1.53262
1.53037
1.52815
1.52632
1.52508
1.52447
1.52447
1.52499
1.52591
1.52712
1.5285
1.52991
1.53123
1.53234
1.5331
1.5334
1.53313
1.53227
1.53085
1.52898
1.52682
1.52459
1.52246
1.52062
1.51917
1.51816
1.51758
1.51733
1.5173
1.51735
1.51737
1.51734
1.51732
1.51739
1.51766
1.5182
1.51901
1.52005
1.52126
1.5226
1.52402
1.52552
1.52712
1.52886
1.53076
1.53285
1.5351
1.53747
1.53988
1.54228
1.54459
1.5468
1.54897
1.55116
1.55347
1.55601
1.55885
1.56204
1.56556
1.56933
1.57318
1.57686
1.58006
1.58244
1.58368
1.58356
1.58194
1.57884
1.57439
1.56886
1.56266
1.55619
1.54987
1.54398
1.5387
1.53411
1.5302
1.5269
1.52414
1.52182
1.51985
1.51815
1.51666
1.51535
1.51423
1.51332
1.51265
1.51225
1.51207
1.51207
1.51214
1.51221
1.5122
1.51205
1.51171
1.51111
1.51028
1.5093
1.50833
1.50755
1.50708
1.50695
1.50706
1.50724
1.50731
1.50712
1.50663
1.50589
1.50498
1.504
1.50304
1.50219
1.50151
1.50102
1.50076
1.5007
1.50077
1.50084
1.50077
1.50039
1.49958
1.49828
1.49654
1.49447
1.49225
1.49008
1.48818
1.48669
1.48574
1.48536
1.48556
1.48631
1.48751
1.48904
1.49069
1.49223
1.49348
1.49432
1.49481
1.49517
1.4957
1.49669
1.49841
1.50103
1.50461
1.50915
1.51453
1.52058
1.52704
1.53357
1.53984
1.54554
1.55045
1.5545
1.55773
1.56021
1.56207
1.56339
1.56421
1.56454
1.56437
1.56366
1.56238
1.56052
1.5581
1.55515
1.55172
1.54788
1.5437
1.53924
1.53458
1.5298
1.525
1.52029
1.5158
1.51166
1.50798
1.50489
1.50251
1.50093
1.50021
1.50033
1.50126
1.50287
1.50502
1.50756
1.51034
1.51327
1.51631
1.51944
1.52267
1.52592
1.52895
1.53137
1.53261
1.53207
1.52936
1.52459
1.51841
1.51173
1.50538
1.49993
1.49564
1.49254
1.49059
1.48967
1.48971
1.49061
1.49227
1.49462
1.49758
1.50108
1.50507
1.5095
1.51434
1.51955
1.52507
1.5308
1.53662
1.54237
1.54786
1.55294
1.55752
1.56155
1.56509
1.56823
1.5711
1.57384
1.57653
1.57922
1.58189
1.58439
1.58646
1.58781
1.58822
1.58769
1.58649
1.58504
1.58369
1.58256
1.58149
1.58017
1.57831
1.57583
1.57282
1.5695
1.56604
1.56257
1.55919
1.55597
1.55303
1.55051
1.54851
1.54712
1.54632
1.54601
1.54604
1.54621
1.5464
1.54655
1.54664
1.54672
1.5468
1.54687
1.54685
1.54667
1.5462
1.54538
1.54413
1.54245
1.54034
1.53783
1.53491
1.53158
1.52782
1.52363
1.51904
1.51413
1.50901
1.50384
1.49879
1.49404
1.48978
1.48617
1.48336
1.48143
1.48045
1.48038
1.48114
1.48256
1.48441
1.48644
1.48837
1.48996
1.49102
1.49142
1.49108
1.48993
1.48799
1.48527
1.48191
1.47806
1.47392
1.4697
1.46559
1.4617
1.45811
1.45484
1.45188
1.44916
1.44664
1.44427
1.44205
1.44002
1.43823
1.43677
1.43573
1.4352
1.43528
1.43605
1.43762
1.44004
1.44332
1.44736
1.45192
1.45664
1.46114
1.46514
1.46859
1.47169
1.47475
1.47805
1.48177
1.48594
1.49048
1.49521
1.49991
1.50437
1.50837
1.51174
1.51436
1.51614
1.51699
1.51686
1.51576
1.51369
1.51076
1.5071
1.50287
1.49828
1.49352
1.48882
1.48437
1.48038
1.47699
1.47431
1.47242
1.47129
1.47085
1.47091
1.47121
1.4714
1.47111
1.47001
1.46794
1.46492
1.46116
1.45699
1.45275
1.44869
1.44499
1.44179
1.43915
1.43714
1.43582
1.4352
1.43526
1.43597
1.43726
1.43908
1.44136
1.44403
1.44704
1.45038
1.45409
1.45823
1.46293
1.46832
1.47454
1.48168
1.48978
1.49878
1.50848
1.5186
1.52872
1.53838
1.54708
1.55438
1.55992
1.56342
1.56477
1.56397
1.56115
1.55662
1.55076
1.54398
1.53669
1.52917
1.52155
1.51382
1.5059
1.49777
1.48949
1.48128
1.47344
1.46622
1.45984
1.45442
1.45005
1.44678
1.44463
1.4436
1.4437
1.44492
1.44725
1.45069
1.4552
1.46067
1.46688
1.47342
1.47972
1.48516
1.48925
1.49181
1.49299
1.49312
1.49263
1.49188
1.49113
1.4906
1.49045
1.49081
1.4918
1.49346
1.49578
1.49867
1.50194
1.50533
1.50853
1.51124
1.51321
1.51427
1.51438
1.51358
1.51199
1.5098
1.50725
1.5046
1.50212
1.50006
1.49857
1.49766
1.49719
1.49688
1.49637
1.49532
1.4936
1.49126
1.48855
1.48583
1.48346
1.48171
1.48077
1.48065
1.48124
1.4823
1.48355
1.48469
1.48553
1.48596
1.48597
1.48563
1.48505
1.48436
1.48366
1.48302
1.48239
1.48163
1.48058
1.4791
1.47722
1.47513
1.47317
1.47166
1.47084
1.47086
1.47172
1.47339
1.47578
1.47879
1.48234
1.48634
1.4907
1.49531
1.50005
1.50476
1.50926
1.51334
1.51677
1.51938
1.52102
1.5216
1.52109
1.51953
1.51704
1.51381
1.51006
1.5061
1.50221
1.49866
1.49565
1.49328
1.49155
1.49034
1.48944
1.48857
1.48746
1.48595
1.48399
1.48169
1.47923
1.47682
1.47467
1.47294
1.47176
1.47123
1.47142
1.47244
1.47437
1.47731
1.48133
1.4865
1.49277
1.50004
1.50809
1.5166
1.52516
1.53335
1.54077
1.54712
1.55222
1.55607
1.55882
1.56071
1.56202
1.56298
1.56378
1.56449
1.56513
1.56563
1.5659
1.56584
1.56537
1.56454
1.56348
1.56241
1.56161
1.56127
1.56149
1.56222
1.56327
1.56439
1.5654
1.56618
1.56672
1.567
1.56693
1.56632
1.56491
1.56246
1.5589
1.5543
1.5489
1.54298
1.53682
1.53064
1.52458
1.51865
1.51279
1.50691
1.50094
1.49495
1.48908
1.48357
1.47868
1.47458
1.47134
1.46889
1.46711
1.4658
1.46481
1.46401
1.46335
1.46279
1.46236
1.46208
1.46199
1.46213
1.46256
1.46333
1.46449
1.46605
1.46804
1.47046
1.47325
1.47636
1.47969
1.48312
1.48652
1.48978
1.49278
1.49543
1.49766
1.49945
1.50082
1.50185
1.50267
1.50346
1.50441
1.50574
1.50759
1.51006
1.51318
1.51689
1.52109
1.52561
1.5302
1.53458
1.53844
1.54149
1.54349
1.54429
1.54382
1.54211
1.53919
1.53519
1.53029
1.52478
1.51901
1.51331
1.50797
1.50316
1.49897
1.49539
1.49239
1.4899
1.4879
1.48635
1.48523
1.48452
1.48417
1.48404
1.48394
1.48361
1.48288
1.48168
1.4801
1.47835
1.47663
1.4751
1.47385
1.47293
1.47234
1.47206
1.47206
1.4723
1.47273
1.47328
1.47389
1.47448
1.47499
1.4754
1.47572
1.47598
1.47627
1.47667
1.47726
1.47812
1.47932
1.48088
1.48281
1.48506
1.48755
1.49021
1.493
1.4959
1.49894
1.50211
1.50538
1.50862
1.51159
1.51401
1.51556
1.51603
1.51535
1.5136
1.51094
1.50753
1.50357
1.49927
1.49491
1.49079
1.48722
1.48446
1.48269
1.48202
1.48247
1.48402
1.48656
1.48993
1.49389
1.49821
1.50263
1.50692
1.51093
1.51456
1.51778
1.5206
1.52305
1.5252
1.52711
1.52891
1.53077
1.53285
1.53537
1.53849
1.54233
1.5469
1.55215
1.55793
1.56402
1.57018
1.57619
1.58185
1.58702
1.59159
1.59546
1.59854
1.60081
1.60235
1.60338
1.60421
1.60512
1.60634
1.60795
1.60998
1.61231
1.61477
1.61712
1.61911
1.62052
1.62117
1.6209
1.6196
1.61727
1.61412
1.61049
1.60682
1.60347
1.60069
1.59857
1.59704
1.596
1.5953
1.59481
1.59444
1.59412
1.59385
1.59359
1.59331
1.59293
1.59228
1.59118
1.58941
1.58683
1.58335
1.57895
1.57366
1.56757
1.56079
1.55349
1.54583
1.53795
1.52994
1.52184
1.51368
1.50548
1.4973
1.48923
1.48141
1.47398
1.46709
1.46086
1.45539
1.45074
1.44695
1.44404
1.442
1.44076
1.44027
1.44044
1.44116
1.44233
1.44385
1.44565
1.44766
1.4498
1.45202
1.45426
1.45644
1.45851
1.46042
1.46212
1.46364
1.46499
1.46621
1.46732
1.46829
1.4691
1.4697
1.47006
1.47017
1.47006
1.46978
1.46942
1.46908
1.46888
1.46893
1.46931
1.47011
1.47134
1.47302
1.47511
1.47758
1.48039
1.4835
1.48687
1.49038
1.49384
1.49691
1.49917
1.50031
1.50032
1.49952
1.49851
1.49787
1.49803
1.49925
1.5016
1.50504
1.50943
1.51462
1.52043
1.52669
1.53324
1.53992
1.54656
1.55298
1.55903
1.5646
1.56965
1.57419
1.57828
1.58199
1.58541
1.58853
1.59127
1.59347
1.59492
1.59543
1.59499
1.59381
1.59227
1.59084
1.58988
1.58963
1.59013
1.59119
1.59243
1.59336
1.59343
1.59228
1.58978
1.58614
1.58175
1.57711
1.57264
1.56862
1.56513
1.56209
1.55935
1.55672
1.554
1.55107
1.54788
1.54444
1.5408
1.53704
1.53321
1.52929
1.52524
1.521
1.51649
1.51168
1.50661
1.50139
1.49618
1.49113
1.48638
1.48204
1.47817
1.47485
1.47211
1.47
1.46849
1.46758
1.46721
1.4673
1.46777
1.46849
1.46925
1.46983
1.46999
1.46951
1.46829
1.46637
1.46388
1.46105
1.4581
1.45522
1.45256
1.45018
1.44813
1.44642
1.44509
1.44421
1.44388
1.44421
1.4453
1.44724
1.45004
1.45364
1.45789
1.46259
1.46748
1.4723
1.4768
1.48082
1.48431
1.48734
1.4901
1.49283
1.49577
1.49913
1.503
1.50738
1.51212
1.51696
1.52162
1.52579
1.52926
1.53188
1.53364
1.53464
1.53503
1.53498
1.53466
1.53421
1.53375
1.53336
1.53316
1.53326
1.53378
1.53481
1.53642
1.53862
1.54135
1.54454
1.54807
1.55178
1.55546
1.55894
1.56204
1.56464
1.56673
1.56835
1.56959
1.57055
1.57124
1.57163
1.57165
1.57118
1.57014
1.56845
1.56609
1.56304
1.55934
1.55509
1.55048
1.54582
1.54145
1.5377
1.53479
1.5329
1.53207
1.53228
1.53342
1.5353
1.53769
1.5403
1.54286
1.54511
1.54684
1.54792
1.54829
1.5479
1.54679
1.54499
1.54252
1.53947
1.5359
1.53191
1.52763
1.5232
1.51878
1.51457
1.51072
1.5074
1.50473
1.50281
1.50168
1.50132
1.50168
1.50263
1.50401
1.50559
1.50717
1.50853
1.5095
1.50996
1.50987
1.50924
1.50813
1.50668
1.50502
1.50332
1.50176
1.50047
1.49957
1.49911
1.4991
1.49952
1.50028
1.50131
1.5025
1.50376
1.50504
1.50631
1.50762
1.50906
1.51078
1.51292
1.51563
1.51899
1.52302
1.52764
1.53268
1.53791
1.54307
1.54795
1.55241
1.55639
1.55992
1.56306
1.56589
1.56852
1.571
1.57338
1.5757
1.57792
1.58005
1.58207
1.58397
1.58577
1.58746
1.58903
1.59046
1.59171
1.59273
1.59342
1.5937
1.59342
1.59249
1.59087
1.58862
1.5859
1.58288
1.57971
1.57645
1.57306
1.56951
1.56578
1.56195
1.55812
1.55449
1.55122
1.54842
1.5461
1.54419
1.54258
1.54108
1.53954
1.53782
1.53581
1.53351
1.53107
1.52875
1.52683
1.52556
1.525
1.52507
1.52549
1.52594
1.52609
1.52576
1.52495
1.52384
1.52273
1.52193
1.52173
1.52231
1.52377
1.52613
1.52931
1.53318
1.53753
1.54215
1.54676
1.55112
1.55496
1.55805
1.56021
1.56128
1.56121
1.56
1.55774
1.55454
1.55052
1.54582
1.54063
1.53514
1.52958
1.5242
1.51923
1.51486
1.51124
1.50847
1.50657
1.50554
1.50531
1.50577
1.50681
1.5083
1.51014
1.51224
1.51455
1.51703
1.5196
1.52213
1.52444
1.52627
1.52739
1.52768
1.52709
1.52574
1.52375
1.52125
1.5183
1.5149
1.51104
1.50675
1.50217
1.49751
1.49302
1.48901
1.48572
1.48332
1.48189
1.48144
1.4819
1.48313
1.48497
1.48721
1.48966
1.49214
1.49452
1.49674
1.49881
1.50079
1.50279
1.50495
1.50747
1.51051
1.51424
1.51879
1.5242
1.53041
1.53727
1.54451
1.55182
1.5589
1.56546
1.57131
1.5763
1.58036
1.58346
1.58559
1.58677
1.58701
1.58634
1.58478
1.58234
1.57904
1.57493
1.5701
1.56473
1.55901
1.55317
1.54736
1.54169
1.53616
1.53068
1.52519
1.5196
1.51395
1.50835
1.50298
1.49807
1.49383
1.49043
1.48791
1.48617
1.48496
1.48386
1.48244
1.48032
1.47733
1.47347
1.46892
1.46389
1.45864
1.45349
1.44877
1.4448
1.44183
1.43996
1.43912
1.4391
1.43957
1.44015
1.44054
1.44055
1.44012
1.43933
1.43829
1.43721
1.43624
1.43554
1.43519
1.43524
1.43567
1.43642
1.43738
1.43843
1.43943
1.44026
1.4408
1.44101
1.44086
1.44039
1.43964
1.43869
1.43761
1.4365
1.43546
1.43458
1.43399
1.43382
1.43417
1.43511
1.4367
1.43888
1.44157
1.44462
1.44788
1.45118
1.45442
1.4576
1.46072
1.46388
1.46714
1.47061
1.47434
1.4784
1.48284
1.48769
1.49292
1.49841
1.50389
1.50897
1.5132
1.51619
1.51778
1.51807
1.51745
1.51643
1.51554
1.51521
1.51572
1.51721
1.51969
1.52306
1.52716
1.53178
1.53674
1.54187
1.54706
1.55219
1.55719
1.56193
1.56627
1.57004
1.57304
1.5751
1.57616
1.57625
1.57556
1.57436
1.5729
1.57136
1.56977
1.56804
1.56598
1.56338
1.56006
1.55592
1.55094
1.5452
1.53886
1.53215
1.52533
1.51868
1.51245
1.50689
1.50219
1.49851
1.49598
1.49463
1.49442
1.49519
1.49665
1.49836
1.49985
1.50068
1.50058
1.49952
1.49769
1.49538
1.49293
1.49069
1.48892
1.48786
1.48767
1.48843
1.49014
1.49268
1.4959
1.49961
1.50361
1.50772
1.51182
1.51581
1.51957
1.52301
1.526
1.52839
1.53005
1.53084
1.53068
1.52951
1.52732
1.52417
1.52015
1.51544
1.51022
1.50471
1.49914
1.49371
1.48861
1.48396
1.47987
1.47638
1.47356
1.47143
1.47005
1.46945
1.46961
1.47053
1.47212
1.4743
1.47695
1.47995
1.48317
1.48648
1.4897
1.49266
1.49512
1.49685
1.49758
1.49715
1.49548
1.49261
1.48877
1.48435
1.47988
1.47587
1.47276
1.47077
1.46998
1.47034
1.47171
1.47397
1.47698
1.4806
1.48468
1.48904
1.49352
1.49794
1.50213
1.50595
1.50932
1.51217
1.51451
1.51634
1.51772
1.51869
1.51931
1.51967
1.5198
1.51974
1.51944
1.51878
1.51761
1.51579
1.51334
1.51042
1.50732
1.50435
1.5017
1.49947
1.49763
1.49613
1.49488
1.49381
1.49287
1.49205
1.49131
1.49066
1.49007
1.48955
1.48914
1.48892
1.48905
1.48974
1.49117
1.49351
1.49682
1.50109
1.50615
1.51177
1.51767
1.52354
1.52911
1.53417
1.53857
1.54228
1.54531
1.54774
1.54966
1.55118
1.55236
1.55324
1.55386
1.55423
1.55433
1.55418
1.55383
1.55334
1.55278
1.55224
1.55176
1.55133
1.55088
1.55023
1.54922
1.54769
1.54554
1.5428
1.53963
1.53622
1.53285
1.52973
1.52704
1.52487
1.52322
1.52203
1.52117
1.52049
1.51988
1.51923
1.51853
1.51777
1.51698
1.5162
1.51544
1.5147
1.51395
1.51312
1.51214
1.51093
1.50945
1.50767
1.50563
1.50341
1.50109
1.49882
1.49673
1.49497
1.49365
1.49293
1.49291
1.49371
1.49542
1.49806
1.5016
1.5059
1.51078
1.51603
1.5214
1.52668
1.53165
1.53618
1.5402
1.54373
1.5469
1.54988
1.55285
1.55595
1.5592
1.56249
1.56555
1.56794
1.5691
1.56844
1.56559
1.56052
1.55364
1.54561
1.53708
1.52856
1.52037
1.51271
1.50569
1.49938
1.49386
1.48918
1.48539
1.4825
1.48049
1.47935
1.47901
1.47937
1.48029
1.48157
1.48299
1.48438
1.48564
1.48681
1.48803
1.48949
1.49141
1.49394
1.49716
1.50103
1.50541
1.51009
1.51479
1.51926
1.52326
1.52664
1.52935
1.53141
1.53291
1.53392
1.53461
1.5352
1.53602
1.53741
1.53965
1.54285
1.54697
1.5518
1.55704
1.56239
1.56751
1.57216
1.57609
1.57912
1.5811
1.58197
1.58172
1.58045
1.57832
1.57553
1.57227
1.56866
1.56475
1.56054
1.55601
1.55117
1.54603
1.54067
1.53518
1.52969
1.52432
1.51921
1.51446
1.51016
1.50635
1.50306
1.50027
1.49792
1.49594
1.49426
1.49281
1.49158
1.49065
1.49015
1.49025
1.49112
1.49288
1.49552
1.49894
1.50294
1.50725
1.51162
1.51581
1.5196
1.52273
1.5249
1.52572
1.52488
1.52226
1.51802
1.51259
1.50648
1.50021
1.49412
1.48843
1.48323
1.47856
1.47441
1.47082
1.46783
1.46552
1.46396
1.4632
1.46327
1.46415
1.46577
1.46801
1.47071
1.47369
1.47676
1.47975
1.48255
1.48508
1.48732
1.48929
1.49102
1.49254
1.49386
1.49497
1.49586
1.49657
1.4972
1.49787
1.49873
1.49986
1.50129
1.50296
1.50477
1.50658
1.50826
1.50967
1.51067
1.51107
1.51069
1.50935
1.50698
1.50358
1.49933
1.49448
1.4894
1.48445
1.47994
1.47613
1.47318
1.47119
1.47019
1.47018
1.47113
1.473
1.47575
1.47929
1.48346
1.48808
1.49284
1.49742
1.50142
1.50453
1.50651
1.50736
1.50726
1.50655
1.50563
1.50488
1.50456
1.50482
1.50568
1.50715
1.5092
1.51184
1.51509
1.51901
1.52362
1.5289
1.53479
1.54115
1.54777
1.55442
1.56083
1.56678
1.57214
1.57684
1.5809
1.58437
1.58733
1.58983
1.59188
1.59347
1.59453
1.59498
1.5947
1.59357
1.59154
1.58865
1.58516
1.58142
1.57782
1.57466
1.57208
1.57007
1.56851
1.56725
1.56611
1.56497
1.56371
1.56228
1.56065
1.55879
1.5567
1.55439
1.55189
1.54925
1.54653
1.5438
1.54112
1.53851
1.53596
1.53345
1.53096
1.52846
1.52594
1.52337
1.52073
1.51797
1.51503
1.51184
1.50837
1.50461
1.50062
1.49645
1.49216
1.48779
1.48337
1.4789
1.47437
1.46982
1.46528
1.46083
1.45653
1.45246
1.44866
1.44517
1.44202
1.43925
1.43689
1.43498
1.43359
1.43276
1.43252
1.43288
1.43381
1.43524
1.43705
1.43909
1.44122
1.44332
1.4453
1.44719
1.44904
1.45097
1.45309
1.45548
1.45819
1.46123
1.46456
1.4681
1.47176
1.47543
1.47899
1.48233
1.48538
1.48811
1.49053
1.49271
1.49472
1.4967
1.49874
1.50094
1.50334
1.5059
1.50854
1.51113
1.5135
1.51554
1.51718
1.51839
1.5192
1.51962
1.51968
1.51937
1.51871
1.51779
1.51673
1.51569
1.51485
1.51434
1.51424
1.51455
1.51521
1.51608
1.51699
1.51777
1.51829
1.51852
1.51855
1.51862
1.51904
1.52016
1.52228
1.52558
1.53008
1.53552
1.54145
1.54732
1.5526
1.55683
1.55962
1.56064
1.55969
1.55674
1.552
1.54587
1.53884
1.53141
1.52403
1.51707
1.51084
1.50555
1.50133
1.49822
1.49613
1.49487
1.49417
1.49367
1.49298
1.49174
1.48968
1.48665
1.48265
1.47784
1.47246
1.46679
1.46111
1.45565
1.45058
1.44603
1.44207
1.43878
1.43619
1.43433
1.43321
1.43282
1.43315
1.43418
1.43588
1.43827
1.44135
1.44514
1.44962
1.45472
1.46029
1.46613
1.472
1.47765
1.4829
1.48762
1.4918
1.49543
1.49859
1.50131
1.50364
1.50562
1.50726
1.50863
1.50978
1.5108
1.51174
1.51261
1.51338
1.51399
1.51439
1.51465
1.51489
1.5153
1.51606
1.51726
1.51889
1.52082
1.52288
1.52486
1.52655
1.5277
1.52797
1.52695
1.5242
1.51947
1.51291
1.50501
1.49653
1.48813
1.48033
1.47338
1.46738
1.46235
1.45826
1.45505
1.45271
1.45119
1.45047
1.45047
1.45112
1.45233
1.45399
1.45602
1.45833
1.46086
1.46356
1.46641
1.46939
1.47252
1.47581
1.47931
1.48308
1.48716
1.49158
1.49634
1.50139
1.50666
1.51206
1.51751
1.52295
1.52834
1.53373
1.53919
1.54481
1.55072
1.55704
1.56382
1.57103
1.57852
1.58598
1.59295
1.59887
1.60316
1.6053
1.60494
1.60199
1.59665
1.58936
1.58069
1.57129
1.56175
1.55252
1.54393
1.53615
1.52925
1.52323
1.51802
1.51356
1.50977
1.5066
1.504
1.50194
1.50039
1.49932
1.49862
1.49822
1.49801
1.49794
1.498
1.49828
1.4989
1.5
1.50168
1.50395
1.50674
1.50985
1.51297
1.51572
1.51771
1.51861
1.51825
1.51664
1.51404
1.51079
1.50728
1.50384
1.50069
1.49792
1.49553
1.49355
1.49197
1.49088
1.49033
1.4904
1.49112
1.49245
1.49432
1.49661
1.49919
1.50186
1.50437
1.50641
1.50761
1.50764
1.50634
1.50379
1.50036
1.49653
1.49285
1.4898
1.48776
1.48698
1.48761
1.48971
1.49324
1.49807
1.50404
1.51092
1.51849
1.52654
1.53486
1.54328
1.55166
1.55988
1.56789
1.57566
1.58313
1.59018
1.59659
1.60202
1.60607
1.60839
1.60877
1.60714
1.60365
1.5986
1.59244
1.58569
1.57883
1.57228
1.56632
1.56111
1.55673
1.55319
1.55044
1.5484
1.54698
1.54608
1.5456
1.54542
1.5454
1.54535
1.54507
1.54435
1.54299
1.54089
1.53804
1.53454
1.53059
1.52644
1.52241
1.51877
1.51581
1.5137
1.51256
1.51236
1.51302
1.51436
1.51615
1.51817
1.52022
1.52215
1.52383
1.52519
1.52617
1.52669
1.52673
1.52625
1.52526
1.52385
1.52217
1.5204
1.51879
1.51756
1.5169
1.51694
1.51775
1.51929
1.52149
1.52419
1.52721
1.53035
1.53342
1.53624
1.53867
1.54066
1.54225
1.54355
1.5447
1.54585
1.54713
1.54859
1.55021
1.55189
1.55344
1.5546
1.55505
1.55448
1.55264
1.5495
1.54519
1.54004
1.53447
1.52885
1.52349
1.51856
1.51415
1.51026
1.50689
1.50398
1.5014
1.499
1.49658
1.49399
1.49118
1.48826
1.48543
1.48297
1.48113
1.48008
1.47988
1.48049
1.48181
1.48368
1.48591
1.48829
1.49064
1.49281
1.4947
1.49626
1.49747
1.49837
1.49898
1.49935
1.4995
1.49943
1.49916
1.49867
1.49798
1.49711
1.49613
1.49513
1.49422
1.49354
1.49328
1.49363
1.49483
1.49707
1.50052
1.50524
1.51118
1.51818
1.52596
1.53418
1.54247
1.55057
1.55831
1.56567
1.57272
1.57954
1.58613
1.5924
1.59807
1.60279
1.60621
1.60807
1.60833
1.60712
1.60476
1.6016
1.59794
1.59398
1.58982
1.58539
1.58058
1.57525
1.56934
1.56288
1.55602
1.54899
1.54201
1.53534
1.52916
1.52366
1.51896
1.51516
1.51229
1.51034
1.50922
1.50881
1.50894
1.50946
1.51023
1.51116
1.51217
1.51321
1.51426
1.51534
1.51657
1.51811
1.52014
1.52282
1.52622
1.53033
1.535
1.54
1.545
1.54964
1.55358
1.55653
1.55834
1.55898
1.55857
1.5573
1.55541
1.55316
1.55081
1.54852
1.5464
1.54447
1.54269
1.54108
1.53967
1.53855
1.53778
1.53734
1.53709
1.53684
1.53634
1.53546
1.53415
1.53254
1.53086
1.52935
1.52822
1.52759
1.52747
1.52781
1.52856
1.52963
1.53094
1.53246
1.53413
1.53594
1.53783
1.53977
1.54171
1.54361
1.54546
1.54724
1.54892
1.55045
1.55174
1.55268
1.55316
1.55312
1.55256
1.55157
1.55033
1.54903
1.54789
1.54707
1.54668
1.54674
1.54718
1.54784
1.54852
1.54897
1.54902
1.54862
1.54782
1.54683
1.54595
1.54551
1.5459
1.54744
1.55036
1.55474
1.56035
1.56659
1.57247
1.57679
1.57858
1.57754
1.57402
1.56868
1.56213
1.55479
1.54689
1.53863
1.53018
1.52175
1.51351
1.50561
1.49819
1.49134
1.48512
1.47964
1.47497
1.47122
1.46848
1.46681
1.46628
1.46689
1.46861
1.47133
1.47489
1.47907
1.48365
1.4884
1.49316
1.49785
1.50245
1.50699
1.51149
1.51596
1.52039
1.5247
1.5288
1.53254
1.53578
1.5384
1.54032
1.54155
1.54219
1.54238
1.54234
1.54222
1.54218
1.5423
1.54262
1.54313
1.54383
1.54468
1.54566
1.54672
1.54777
1.54866
1.5492
1.54922
1.54856
1.5472
1.54518
1.54263
1.53969
1.53649
1.53314
1.5297
1.52621
1.52268
1.51913
1.51559
1.51213
1.50886
1.50595
1.50356
1.50188
1.50108
1.50129
1.50261
1.50507
1.5086
1.51306
1.51822
1.52382
1.52963
1.53546
1.54116
1.54653
1.5513
1.55514
1.55772
1.55891
1.55878
1.5576
1.5557
1.55333
1.55067
1.54781
1.54479
1.5416
1.53818
1.53442
1.53016
1.52516
1.51923
1.51225
1.50429
1.4956
1.48654
1.47753
1.46895
1.4611
1.45418
1.4483
1.44353
1.43986
1.43726
1.43566
1.43499
1.43517
1.4361
1.43772
1.43995
1.44272
1.44597
1.44964
1.45364
1.45788
1.46224
1.46659
1.47082
1.4748
1.47841
1.48158
1.4842
1.48623
1.48763
1.48842
1.48865
1.48846
1.48798
1.48739
1.48683
1.48642
1.48626
1.48638
1.48682
1.48758
1.48868
1.49015
1.49207
1.49457
1.49782
1.50198
1.50717
1.5134
1.5205
1.52811
1.53572
1.54272
1.54858
1.55296
1.55578
1.5571
1.55702
1.55556
1.55275
1.54869
1.54359
1.53782
1.53179
1.52591
1.52049
1.51576
1.51183
1.5087
1.50633
1.50457
1.50327
1.50227
1.50144
1.50071
1.50009
1.49963
1.49945
1.49972
1.50062
1.50232
1.50495
1.5086
1.51328
1.51893
1.52544
1.53263
1.54026
1.54808
1.55575
1.56294
1.56932
1.57463
1.57865
1.58127
1.58245
1.58221
1.58063
1.57785
1.57405
1.56941
1.56419
1.55861
1.55294
1.54738
1.54214
1.53732
1.53298
1.52913
1.52572
1.52269
1.51997
1.51753
1.51528
1.51309
1.51081
1.50824
1.50523
1.50172
1.4978
1.49367
1.48957
1.48569
1.48213
1.47884
1.4756
1.47215
1.46822
1.46365
1.45847
1.4529
1.44727
1.44194
1.43722
1.43334
1.43042
1.42849
1.42752
1.42747
1.42825
1.42979
1.43205
1.435
1.43861
1.44286
1.44766
1.45287
1.45823
1.46341
1.46809
1.47209
1.47545
1.47837
1.48114
1.48397
1.48695
1.49006
1.49323
1.49638
1.49948
1.50251
1.50549
1.50841
1.51125
1.51394
1.5164
1.51855
1.5203
1.52162
1.52248
1.52289
1.52291
1.5226
1.52203
1.52125
1.52032
1.51931
1.51828
1.51729
1.51642
1.5157
1.51519
1.51488
1.51482
1.51505
1.51562
1.5166
1.51803
1.51989
1.52208
1.5244
1.52657
1.52832
1.52944
1.52973
1.52903
1.5272
1.52434
1.52079
1.51711
1.5138
1.51121
1.50947
1.50858
1.50843
1.50894
1.51003
1.5117
1.51391
1.51663
1.51972
1.52299
1.52616
1.52897
1.53118
1.53264
1.53326
1.53306
1.53211
1.53053
1.52846
1.52601
1.5233
1.52038
1.51732
1.51413
1.51086
1.50755
1.50426
1.50109
1.4981
1.49537
1.49294
1.49085
1.48915
1.48787
1.48703
1.48663
1.48665
1.487
1.48761
1.48838
1.48925
1.49016
1.49107
1.49197
1.49282
1.4936
1.49424
1.49469
1.49485
1.49466
1.49406
1.49302
1.49157
1.48978
1.48776
1.48566
1.48365
1.48191
1.48058
1.47979
1.47955
1.4798
1.48039
1.48118
1.48205
1.48302
1.48421
1.48574
1.48769
1.49005
1.49272
1.49551
1.49823
1.50065
1.50256
1.50374
1.50404
1.50335
1.50167
1.49908
1.49574
1.49189
1.48775
1.48355
1.47941
1.4754
1.47154
1.46781
1.46424
1.46086
1.45776
1.45505
1.45283
1.45124
1.45042
1.45051
1.45158
1.45367
1.45678
1.46085
1.46578
1.47145
1.47773
1.4845
1.49159
1.49885
1.5061
1.51317
1.51988
1.52606
1.53159
1.53637
1.54035
1.54348
1.54573
1.54708
1.54752
1.5471
1.5459
1.54403
1.54161
1.53877
1.53558
1.53215
1.52856
1.52489
1.52126
1.51777
1.51456
1.51176
1.50949
1.50782
1.50679
1.50634
1.50638
1.50681
1.50757
1.50863
1.51002
1.51179
1.51396
1.51648
1.51921
1.52194
1.52443
1.52642
1.52776
1.52837
1.52829
1.52766
1.52667
1.52552
1.52438
1.52342
1.52276
1.52249
1.52265
1.52323
1.52418
1.52541
1.52682
1.52833
1.52988
1.53145
1.53304
1.53464
1.53624
1.53777
1.53916
1.54031
1.54114
1.54159
1.54166
1.54139
1.54081
1.54
1.53903
1.53798
1.53694
1.53598
1.53518
1.53459
1.53422
1.53407
1.53409
1.5342
1.53435
1.53444
1.53443
1.53429
1.53401
1.53359
1.53297
1.53199
1.5304
1.52791
1.52434
1.51968
1.51412
1.50792
1.50135
1.49462
1.48792
1.48141
1.47527
1.46963
1.46462
1.46032
1.45678
1.45403
1.45206
1.45085
1.45036
1.4505
1.45118
1.45234
1.45395
1.45606
1.45879
1.46227
1.46652
1.47141
1.4766
1.48154
1.48562
1.48826
1.48913
1.48818
1.4857
1.48215
1.47806
1.4739
1.46998
1.4665
1.46351
1.46102
1.45896
1.45729
1.45596
1.45494
1.45421
1.45372
1.45339
1.45313
1.45281
1.4523
1.45148
1.45027
1.44863
1.44657
1.44418
1.44159
1.43896
1.43647
1.43429
1.43256
1.43139
1.43085
1.43099
1.43189
1.43357
1.43611
1.43954
1.44391
1.4492
1.45539
1.46239
1.47007
1.47826
1.48672
1.49521
1.50344
1.51112
1.51798
1.5238
1.52847
1.53195
1.53434
1.5358
1.53658
1.53691
1.53703
1.53715
1.5374
1.53787
1.53861
1.53961
1.54084
1.54222
1.54369
1.54514
1.5465
1.54766
1.54857
1.54921
1.54957
1.54969
1.54963
1.54946
1.54925
1.5491
1.54911
1.54944
1.55022
1.55163
1.55379
1.55682
1.56076
1.56551
1.57075
1.57577
1.57956
1.58113
1.58004
1.5767
1.57209
1.5672
1.56271
1.55892
1.55586
1.55342
1.55141
1.54963
1.54792
1.54613
1.54424
1.54224
1.54021
1.53824
1.5364
1.53475
1.53329
1.53198
1.53072
1.52935
1.52771
1.52566
1.52313
1.52012
1.51679
1.51336
1.51009
1.50723
1.50497
1.50341
1.50252
1.50222
1.50237
1.5028
1.50334
1.50383
1.50412
1.50411
1.5037
1.50287
1.50164
1.50009
1.49833
1.49647
1.4946
1.49281
1.49116
1.48975
1.48866
1.48798
1.48781
1.4882
1.48917
1.49071
1.49279
1.4954
1.49853
1.5022
1.5064
1.51111
1.51621
1.52154
1.52691
1.53209
1.5369
1.54124
1.54507
1.54845
1.55146
1.55422
1.55681
1.55927
1.56158
1.5637
1.56554
1.56707
1.56826
1.56916
1.56986
1.57046
1.57106
1.57175
1.57257
1.57349
1.57442
1.57524
1.57573
1.57569
1.57495
1.57337
1.57087
1.56743
1.5631
1.55796
1.55214
1.54578
1.53907
1.53222
1.52544
1.51895
1.51295
1.50765
1.50322
1.4998
1.49749
1.4963
1.4961
1.49663
1.49743
1.49798
1.49771
1.49628
1.49362
1.48998
1.48582
1.48166
1.47795
1.47503
1.47312
1.47235
1.4728
1.4745
1.47746
1.48163
1.48694
1.49325
1.50038
1.50805
1.51596
1.52378
1.53119
1.53789
1.54365
1.54832
1.55185
1.55424
1.55559
1.55605
1.55575
1.55488
1.55357
1.55198
1.5502
1.54833
1.54643
1.54457
1.54281
1.54118
1.53973
1.53847
1.53737
1.53639
1.53547
1.53455
1.53362
1.53268
1.5318
1.53108
1.53064
1.53063
1.53117
1.53235
1.5342
1.53673
1.53991
1.54367
1.54786
1.55225
1.55642
1.55975
1.56148
1.56088
1.55749
1.55137
1.54303
1.53339
1.52346
1.51417
1.50618
1.49983
1.49515
1.49191
1.48969
1.48801
1.48639
1.48452
1.4822
1.47938
1.47608
1.47233
1.46817
1.46365
1.45885
1.45387
1.44882
1.44384
1.43902
1.43446
1.43023
1.42642
1.42313
1.42051
1.41871
1.41787
1.41812
1.41957
1.42226
1.42618
1.43126
1.43724
1.44375
1.4502
1.45599
1.46061
1.46392
1.4661
1.46759
1.46881
1.47008
1.47154
1.47323
1.47513
1.47722
1.4795
1.48201
1.48478
1.48786
1.49127
1.49499
1.49895
1.50302
1.50703
1.51071
1.51379
1.51595
1.51697
1.51672
1.51529
1.5129
1.50992
1.50667
1.50346
1.5005
1.49792
1.49584
1.49433
1.49348
1.49333
1.49393
1.49524
1.49719
1.49968
1.50254
1.50561
1.50874
1.51175
1.51453
1.51696
1.51895
1.52042
1.52134
1.52168
1.52143
1.52061
1.51926
1.51748
1.51539
1.51316
1.51099
1.50911
1.5077
1.50692
1.50686
1.5075
1.5087
1.5102
1.51167
1.51285
1.51359
1.51395
1.5141
1.51428
1.51465
1.51537
1.51648
1.51797
1.51975
1.52165
1.52341
1.52474
1.52536
1.52506
1.52372
1.52136
1.51815
1.51431
1.51016
1.50599
1.50207
1.49858
1.49566
1.49334
1.49159
1.4903
1.48932
1.48846
1.48751
1.4863
1.48471
1.48266
1.48018
1.47732
1.47421
1.47093
1.46759
1.46424
1.46088
1.45746
1.4539
1.45008
1.44587
1.44117
1.436
1.43047
1.42482
1.41933
1.41428
1.40988
1.40629
1.40354
1.40165
1.40058
1.40034
1.40097
1.40256
1.4052
1.40897
1.4139
1.41992
1.42691
1.43471
1.44311
1.45191
1.46088
1.46979
1.47835
1.4862
1.49294
1.49821
1.50177
1.50365
1.50413
1.5037
1.50293
1.50231
1.50219
1.50275
1.50402
1.50595
1.50844
1.51138
1.51467
1.51825
1.52207
1.52609
1.53026
1.53447
1.53854
1.54219
1.54506
1.5468
1.54708
1.54566
1.54243
1.53746
1.53096
1.52335
1.51512
1.50685
1.49905
1.49217
1.48651
1.48226
1.47946
1.47806
1.47793
1.47886
1.48058
1.48284
1.48536
1.48788
1.49024
1.4923
1.49405
1.49553
1.49679
1.49791
1.49889
1.49972
1.50034
1.50069
1.5007
1.50035
1.49965
1.49864
1.49739
1.49593
1.49422
1.49217
1.48967
1.48668
1.48324
1.47954
1.47587
1.47256
1.46993
1.46824
1.46766
1.46828
1.47013
1.47318
1.47735
1.48254
1.48865
1.49557
1.50313
1.51109
1.51909
1.52674
1.53367
1.53963
1.54449
1.5482
1.55075
1.55217
1.55246
1.55168
1.54988
1.54713
1.54349
1.53902
1.53377
1.5279
1.52158
1.51509
1.50877
1.50296
1.49797
1.49404
1.49128
1.48975
1.4894
1.49017
1.4919
1.49443
1.49755
1.50096
1.50432
1.5073
1.50966
1.51135
1.51251
1.51339
1.51427
1.51538
1.51683
1.5186
1.52052
1.52234
1.52374
1.52441
1.52412
1.52278
1.52046
1.51738
1.51382
1.51011
1.50655
1.50336
1.50069
1.49864
1.49725
1.4965
1.49636
1.49672
1.49739
1.49816
1.49874
1.49888
1.4984
1.49722
1.49537
1.49297
1.49023
1.48736
1.48459
1.48209
1.48001
1.47844
1.47739
1.47687
1.47685
1.47728
1.47811
1.47928
1.48071
1.48232
1.48401
1.48568
1.48723
1.48857
1.48963
1.49039
1.49092
1.49132
1.49177
1.49244
1.49344
1.49479
1.49642
1.49817
1.49984
1.50124
1.50224
1.50281
1.50294
1.50268
1.50208
1.50118
1.50001
1.49862
1.49702
1.49528
1.49345
1.49159
1.48978
1.48806
1.48649
1.48511
1.48393
1.48298
1.48225
1.48173
1.48142
1.48127
1.48126
1.48134
1.48148
1.48164
1.48177
1.48182
1.48174
1.48148
1.48099
1.48026
1.4793
1.4782
1.4771
1.47614
1.47548
1.47527
1.47556
1.47633
1.47747
1.47876
1.47996
1.48088
1.48146
1.48172
1.48178
1.48175
1.48176
1.48191
1.48226
1.48289
1.48382
1.48506
1.48659
1.48841
1.49048
1.49282
1.49547
1.49846
1.50186
1.50564
1.50968
1.51372
1.51732
1.51997
1.52124
1.52089
1.51893
1.5156
1.51131
1.50654
1.50178
1.49742
1.49371
1.49079
1.48868
1.48735
1.48675
1.48682
1.48748
1.48863
1.49009
1.49165
1.49302
1.4939
1.49405
1.49338
1.49194
1.48991
1.48754
1.48507
1.48268
1.48049
1.47854
1.47678
1.47515
1.47352
1.47177
1.46983
1.46763
1.46519
1.46261
1.46002
1.45758
1.45549
1.4539
1.45294
1.45269
1.4532
1.45444
1.45639
1.45896
1.46206
1.4656
1.46947
1.47356
1.47771
1.48177
1.48555
1.48883
1.4914
1.49307
1.4937
1.49327
1.49183
1.48958
1.4868
1.48385
1.48112
1.47889
1.47732
1.47634
1.47575
1.47524
1.47456
1.47359
1.4723
1.47076
1.46908
1.46741
1.46592
1.46483
1.46435
1.46459
1.46551
1.46687
1.46833
1.46954
1.47029
1.47046
1.46999
1.46891
1.46738
1.46577
1.46451
1.46393
1.46423
1.46546
1.4676
1.4706
1.4744
1.47893
1.4841
1.48979
1.49588
1.50222
1.50861
1.51489
1.52083
1.52619
1.53072
1.53411
1.53613
1.53659
1.53549
1.53299
1.52939
1.52512
1.52058
1.51613
1.51201
1.50835
1.5052
1.50256
1.50041
1.4987
1.4974
1.49647
1.49581
1.49529
1.49474
1.49394
1.49272
1.49099
1.48876
1.48617
1.4834
1.48064
1.47802
1.47557
1.47329
1.47111
1.46898
1.4669
1.46492
1.46311
1.4616
1.46048
1.45984
1.45974
1.46022
1.46127
1.4629
1.46508
1.46778
1.47094
1.47445
1.47819
1.48202
1.48573
1.48916
1.49212
1.49451
1.49636
1.49777
1.49898
1.50026
1.50189
1.50412
1.5071
1.5109
1.51548
1.52075
1.52656
1.53275
1.53913
1.54556
1.55188
1.558
1.56383
1.56933
1.57445
1.57907
1.58293
1.58561
1.58662
1.58566
1.58278
1.57838
1.57292
1.56674
1.55996
1.55262
1.54478
1.53665
1.52853
1.52075
1.51357
1.50712
1.50144
1.49647
1.49218
1.48853
1.48555
1.48325
1.48167
1.48081
1.48059
1.48083
1.4813
1.48174
1.48195
1.48187
1.48157
1.48123
1.48106
1.4813
1.48212
1.48364
1.48593
1.48898
1.4928
1.49735
1.50259
1.50846
1.51483
1.52151
1.52822
1.53459
1.54015
1.54442
1.54694
1.54738
1.54568
1.54209
1.53716
1.5316
1.52611
1.5213
1.51754
1.51507
1.51396
1.51423
1.51584
1.51871
1.52274
1.52775
1.53353
1.53976
1.54605
1.55196
1.55708
1.56105
1.56367
1.5649
1.56486
1.5638
1.56195
1.55953
1.55669
1.55354
1.55013
1.54655
1.5429
1.53931
1.53592
1.53288
1.53027
1.52815
1.52648
1.52513
1.52393
1.52266
1.52115
1.51932
1.51727
1.51522
1.5135
1.51245
1.51229
1.51308
1.51465
1.51669
1.51887
1.52098
1.52307
1.52533
1.52797
1.53113
1.53486
1.53915
1.54396
1.54919
1.55466
1.56005
1.56493
1.56883
1.57133
1.57215
1.57115
1.56837
1.56395
1.55809
1.55099
1.54287
1.53395
1.52447
1.51467
1.50479
1.49512
1.48591
1.47743
1.46991
1.46354
1.45849
1.45487
1.45273
1.4521
1.45295
1.45519
1.45872
1.46335
1.46888
1.47507
1.48166
1.48835
1.49485
1.50088
1.50617
1.51048
1.51364
1.51554
1.51616
1.51554
1.51379
1.51109
1.50764
1.5037
1.49955
1.49545
1.49167
1.4884
1.48577
1.48384
1.48259
1.48196
1.48182
1.48206
1.48253
1.48314
1.48381
1.48452
1.48528
1.48613
1.48712
1.48826
1.48954
1.49086
1.49208
1.493
1.49341
1.49312
1.49203
1.49011
1.48742
1.48409
1.48027
1.47609
1.4717
1.46724
1.46286
1.45868
1.45488
1.45157
1.44886
1.44682
1.44545
1.44472
1.44457
1.44492
1.44571
1.44688
1.44842
1.45033
1.4526
1.4552
1.45804
1.46099
1.46386
1.46641
1.46843
1.46972
1.47014
1.46967
1.46834
1.46629
1.46367
1.46061
1.45724
1.45359
1.44967
1.44546
1.44098
1.43626
1.43138
1.42649
1.42172
1.41725
1.41325
1.40989
1.40732
1.40567
1.40502
1.40539
1.40678
1.40911
1.41231
1.41628
1.42093
1.4262
1.43205
1.43845
1.44538
1.45281
1.46067
1.46886
1.47727
1.48573
1.49407
1.50208
1.50951
1.51611
1.52164
1.52584
1.52855
1.52967
1.5292
1.52726
1.52408
1.51992
1.51512
1.51
1.50485
1.49993
1.49544
1.49155
1.48831
1.48577
1.48389
1.48258
1.48176
1.48131
1.48117
1.48128
1.48163
1.48222
1.48307
1.48419
1.48558
1.48723
1.48906
1.491
1.4929
1.4946
1.49597
1.49692
1.49747
1.49775
1.49794
1.49821
1.49868
1.49937
1.50021
1.50104
1.50167
1.50189
1.5015
1.50037
1.49845
1.49579
1.49254
1.48891
1.48515
1.48148
1.47807
1.475
1.47225
1.46977
1.46743
1.4651
1.46261
1.45984
1.45666
1.453
1.44886
1.44435
1.43966
1.43506
1.43087
1.42744
1.42507
1.42401
1.4244
1.42627
1.42955
1.43403
1.43942
1.44538
1.45159
1.45778
1.46372
1.4693
1.4744
1.479
1.48309
1.48671
1.48996
1.49292
1.49568
1.49831
1.50091
1.50355
1.5063
1.50918
1.51215
1.51506
1.51768
1.5197
1.52078
1.52069
1.51937
1.51701
1.51398
1.51075
1.50775
1.50529
1.50354
1.5025
1.50207
1.50202
1.5021
1.50207
1.50173
1.50097
1.49977
1.49817
1.49622
1.49401
1.49163
1.48918
1.48682
1.48474
1.48311
1.48209
1.48182
1.48235
1.48368
1.48579
1.48859
1.49202
1.49601
1.50058
1.50579
1.51179
1.51871
1.5267
1.53582
1.54602
1.55714
1.56888
1.58078
1.59225
1.60249
1.61061
1.6157
1.61714
1.61478
1.60917
1.60132
1.59235
1.5832
1.57449
1.5665
1.5593
1.5528
1.54685
1.54126
1.53583
1.53038
1.52478
1.51895
1.51293
1.50681
1.50075
1.4949
1.48942
1.48441
1.47996
1.47615
1.47308
1.47089
1.46971
1.46968
1.47083
1.47313
1.47639
1.48035
1.48468
1.48908
1.4934
1.4976
1.50182
1.50626
1.51108
1.51638
1.52214
1.52827
1.53461
1.54095
1.54707
1.55276
1.55781
1.56206
1.56533
1.56751
1.56847
1.56817
1.56666
1.56416
1.56103
1.55769
1.55457
1.55197
1.55012
1.54909
1.54886
1.54927
1.55007
1.55097
1.55163
1.55174
1.55105
1.54941
1.54677
1.54318
1.53877
1.53373
1.5283
1.52277
1.51744
1.51264
1.50863
1.50562
1.50366
1.50271
1.50261
1.50312
1.50395
1.50477
1.50527
1.50514
1.50414
1.50206
1.49884
1.49452
1.48929
1.48346
1.47739
1.47146
1.46601
1.46128
1.45747
1.45467
1.45296
1.45236
1.45289
1.45454
1.45727
1.46098
1.46554
1.47074
1.47633
1.48204
1.48762
1.49287
1.49772
1.50215
1.50623
1.51006
1.5137
1.51713
1.52028
1.52306
1.52537
1.52719
1.52857
1.52964
1.53055
1.53141
1.53231
1.53326
1.53423
1.5351
1.5357
1.53581
1.53522
1.53381
1.53164
1.52891
1.52593
1.52303
1.52047
1.51841
1.51688
1.51581
1.51507
1.51446
1.5138
1.51294
1.51181
1.5104
1.50876
1.50697
1.50512
1.5033
1.50159
1.50005
1.49873
1.49768
1.49694
1.49654
1.49653
1.49696
1.49785
1.49922
1.50108
1.50334
1.50585
1.50834
1.51047
1.51181
1.51204
1.51102
1.5089
1.50608
1.50306
1.50028
1.49806
1.49659
1.49596
1.49619
1.49728
1.49919
1.50189
1.50532
1.50943
1.51414
1.51934
1.52492
1.53069
1.53645
1.54197
1.54702
1.55146
1.55527
1.55853
1.56144
1.56419
1.56695
1.56978
1.57267
1.57552
1.57816
1.58034
1.58171
1.58189
1.58052
1.57733
1.57224
1.56543
1.55732
1.54844
1.53936
1.53059
1.52249
1.51532
1.50918
1.50402
1.49971
1.49605
1.49283
1.48988
1.48714
1.4847
1.48269
1.48132
1.48076
1.48113
1.48249
1.48481
1.48807
1.49218
1.49705
1.50255
1.50857
1.51495
1.52154
1.5282
1.5347
1.54074
1.54592
1.54976
1.5518
1.55171
1.54934
1.54475
1.53818
1.53007
1.52095
1.51137
1.50181
1.49265
1.48414
1.4764
1.46946
1.46326
1.45763
1.45239
1.4473
1.4422
1.43698
1.43161
1.42615
1.42073
1.41546
1.41048
1.40589
1.40178
1.39825
1.39537
1.39323
1.39186
1.39127
1.39143
1.39225
1.39363
1.39545
1.39763
1.40014
1.403
1.40625
1.40997
1.41422
1.41901
1.42433
1.43006
1.43605
1.4421
1.44797
1.4534
1.45815
1.462
1.46476
1.4663
1.46656
1.46561
1.46361
1.46086
1.45777
1.45477
1.45226
1.45058
1.44998
1.4506
1.4525
1.45561
1.45975
1.46466
1.46995
1.47519
1.47992
1.48373
1.48632
1.48753
1.48738
1.48604
1.48376
1.48088
1.47773
1.47461
1.47177
1.4694
1.46765
1.46663
1.46641
1.46697
1.46828
1.47022
1.47268
1.47555
1.47875
1.4822
1.48586
1.48968
1.49356
1.49737
1.50091
1.50397
1.50633
1.50787
1.5086
1.50869
1.50835
1.50785
1.50737
1.50698
1.5067
1.50644
1.50613
1.50566
1.50497
1.504
1.50278
1.50136
1.49986
1.49845
1.4973
1.49657
1.4964
1.49689
1.4981
1.50004
1.5027
1.50599
1.50978
1.51387
1.51803
1.52202
1.5256
1.52862
1.531
1.53273
1.53385
1.53444
1.5346
1.53444
1.53409
1.53369
1.53335
1.53317
1.53318
1.53337
1.53365
1.53386
1.53378
1.53317
1.53182
1.52956
1.52635
1.52223
1.51737
1.51199
1.50635
1.50072
1.49534
1.49039
1.48603
1.48236
1.47941
1.47718
1.47563
1.47472
1.47438
1.47456
1.4752
1.47622
1.4775
1.47884
1.48
1.48071
