11.5945
0.699676
0.699596
0.699516
0.699434
0.699352
0.699267
0.699182
0.699094
0.699004
0.698913
0.698819
0.698723
0.698624
0.698523
0.698419
0.698312
0.698203
0.698091
0.697977
0.69786
0.69774
0.697619
0.697496
0.697371
0.697245
0.697119
0.696992
0.696866
0.696741
0.696619
0.6965
0.696384
0.696274
0.69617
0.696072
0.695983
0.695903
0.695833
0.695774
0.695726
0.69569
0.695667
0.695656
0.695659
0.695674
0.695703
0.695744
0.695799
0.695866
0.695946
0.696039
0.696144
0.696262
0.696392
0.696534
0.696686
0.696849
0.69702
0.6972
0.697386
0.697577
0.697771
0.697967
0.698164
0.698358
0.698551
0.698739
0.698921
0.699098
0.699268
0.699431
0.699586
0.699733
0.699873
0.700007
0.700134
0.700255
0.700372
0.700483
0.700591
0.700694
0.700793
0.700888
0.700978
0.701062
0.70114
0.701211
0.701273
0.701327
0.70137
0.701403
0.701424
0.701433
0.701429
0.701412
0.701382
0.70134
0.701287
0.701223
0.701149
0.701067
0.700979
0.700886
0.700791
0.700694
0.700597
0.700502
0.700411
0.700323
0.70024
0.700163
0.700092
0.700028
0.69997
0.699919
0.699875
0.699837
0.699806
0.699781
0.699763
0.69975
0.699742
0.699739
0.699741
0.699748
0.699758
0.699773
0.699792
0.699814
0.699841
0.699871
0.699904
0.699941
0.699981
0.700022
0.700066
0.70011
0.700154
0.700196
0.700236
0.700272
0.700303
0.700329
0.700349
0.700362
0.700367
0.700365
0.700356
0.70034
0.700319
0.700291
0.70026
0.700225
0.700189
0.700152
0.700116
0.700083
0.700054
0.70003
0.700013
0.700003
0.7
0.700004
0.700015
0.700031
0.70005
0.700071
0.700091
0.700109
0.700122
0.700128
0.700127
0.700117
0.7001
0.700074
0.700043
0.700006
0.699968
0.699928
0.699891
0.699858
0.69983
0.69981
0.699798
0.699796
0.699802
0.699817
0.69984
0.699869
0.699904
0.699943
0.699983
0.700022
0.70006
0.700093
0.70012
0.70014
0.700153
0.700157
0.700153
0.700142
0.700124
0.700102
0.700076
0.700048
0.700019
0.699991
0.699966
0.699942
0.699922
0.699904
0.699889
0.699876
0.699865
0.699854
0.699843
0.699832
0.69982
0.699808
0.699795
0.699782
0.699769
0.699757
0.699746
0.699736
0.699728
0.699722
0.699718
0.699717
0.699718
0.699721
0.699726
0.699733
0.699743
0.699754
0.699766
0.69978
0.699794
0.69981
0.699826
0.699842
0.699858
0.699875
0.699891
0.699908
0.699924
0.699941
0.699958
0.699976
0.699994
0.700013
0.700032
0.700051
0.70007
0.700089
0.700107
0.700124
0.700139
0.700153
0.700166
0.700176
0.700184
0.700189
0.700192
0.700191
0.700186
0.700178
0.700166
0.700149
0.700128
0.700102
0.700072
0.700038
0.7
0.699959
0.699918
0.699877
0.699839
0.699807
0.699784
0.699772
0.699774
0.699793
0.699828
0.69988
0.699948
0.70003
0.700122
0.700221
0.700323
0.700423
0.70052
0.700609
0.700688
0.700755
0.70081
0.700852
0.700879
0.700893
0.700892
0.700879
0.700853
0.700816
0.700768
0.70071
0.700645
0.700574
0.700499
0.70042
0.700341
0.700263
0.700188
0.700116
0.700051
0.699992
0.69994
0.699897
0.699863
0.699837
0.69982
0.699811
0.699809
0.699815
0.699827
0.699844
0.699867
0.699894
0.699926
0.699963
0.700004
0.70005
0.7001
0.700155
0.700214
0.700277
0.700343
0.700411
0.700481
0.700551
0.70062
0.700685
0.700745
0.700798
0.700842
0.700875
0.700897
0.700904
0.700897
0.700874
0.700835
0.700781
0.700711
0.700627
0.70053
0.700421
0.700303
0.700178
0.700049
0.699919
0.699789
0.699665
0.699548
0.699442
0.699351
0.699276
0.699219
0.699184
0.69917
0.699177
0.699204
0.699247
0.699305
0.699371
0.699442
0.699511
0.699574
0.699626
0.699663
0.699684
0.699686
0.69967
0.699637
0.699591
0.699534
0.699472
0.699408
0.699347
0.699294
0.699252
0.699225
0.699214
0.699221
0.699245
0.699286
0.699341
0.699407
0.699483
0.699565
0.699649
0.699732
0.699813
0.69989
0.69996
0.700022
0.700078
0.700127
0.70017
0.700207
0.700239
0.700267
0.700291
0.700311
0.700328
0.700342
0.700352
0.700358
0.700361
0.700359
0.700353
0.700343
0.70033
0.700314
0.700295
0.700274
0.700252
0.70023
0.700207
0.700186
0.700167
0.70015
0.700137
0.700126
0.70012
0.700116
0.700117
0.70012
0.700127
0.700136
0.700146
0.700158
0.70017
0.700181
0.70019
0.700197
0.700201
0.700199
0.700193
0.70018
0.700161
0.700134
0.7001
0.700058
0.700009
0.699952
0.69989
0.699823
0.699751
0.699677
0.699603
0.699529
0.699459
0.699393
0.699335
0.699284
0.699244
0.699215
0.699198
0.699192
0.699199
0.699216
0.699244
0.699281
0.699326
0.699377
0.699432
0.699492
0.699554
0.699618
0.699684
0.699752
0.699823
0.699897
0.699975
0.700057
0.700142
0.70023
0.700321
0.700412
0.700502
0.700589
0.700671
0.700748
0.700819
0.700882
0.700938
0.700986
0.701026
0.701057
0.701079
0.70109
0.70109
0.701078
0.701053
0.701013
0.70096
0.700892
0.700812
0.700721
0.700621
0.700514
0.700405
0.700295
0.700188
0.700085
0.699989
0.6999
0.69982
0.69975
0.699689
0.699636
0.699593
0.699557
0.699528
0.699506
0.699489
0.699477
0.699469
0.699465
0.699465
0.699468
0.699474
0.699483
0.699496
0.699511
0.69953
0.69955
0.699573
0.699598
0.699623
0.699647
0.699671
0.699692
0.699709
0.699721
0.699728
0.699729
0.699724
0.699712
0.699695
0.699673
0.699648
0.699622
0.699596
0.699573
0.699556
0.699544
0.699541
0.699547
0.699563
0.699589
0.699625
0.699669
0.69972
0.699778
0.69984
0.699903
0.699966
0.700028
0.700085
0.700136
0.700181
0.700217
0.700245
0.700264
0.700274
0.700275
0.700268
0.700255
0.700235
0.700209
0.700179
0.700145
0.700109
0.700071
0.700033
0.699995
0.69996
0.69993
0.699906
0.69989
0.699885
0.69989
0.699907
0.699935
0.699973
0.70002
0.700073
0.70013
0.70019
0.700249
0.700308
0.700365
0.70042
0.700472
0.700522
0.700569
0.700614
0.700655
0.700691
0.700721
0.700743
0.700754
0.700753
0.700736
0.700704
0.700656
0.700593
0.700515
0.700425
0.700325
0.700217
0.700106
0.699992
0.699878
0.699766
0.699659
0.699556
0.69946
0.69937
0.699289
0.699216
0.699152
0.699097
0.699051
0.699016
0.698991
0.698976
0.698973
0.69898
0.698999
0.699028
0.699069
0.69912
0.699181
0.699252
0.699332
0.699419
0.699513
0.69961
0.69971
0.69981
0.699908
0.700002
0.700088
0.700167
0.700236
0.700296
0.700346
0.700386
0.700418
0.700441
0.700457
0.700465
0.700466
0.70046
0.700447
0.700427
0.7004
0.700367
0.700327
0.700282
0.700233
0.700181
0.700128
0.700075
0.700025
0.699978
0.699937
0.699901
0.699873
0.699851
0.699837
0.69983
0.699829
0.699833
0.699841
0.699851
0.699864
0.699876
0.699888
0.699899
0.699907
0.699913
0.699918
0.69992
0.699922
0.699923
0.699926
0.699929
0.699935
0.699943
0.699955
0.699968
0.699983
0.7
0.700015
0.700029
0.70004
0.700047
0.700049
0.700046
0.700036
0.700022
0.700002
0.69998
0.699956
0.699931
0.699909
0.699889
0.699875
0.699867
0.699865
0.69987
0.699882
0.699901
0.699925
0.699952
0.699982
0.700013
0.700044
0.700072
0.700097
0.700118
0.700134
0.700146
0.700153
0.700156
0.700156
0.700153
0.700148
0.700141
0.700132
0.700122
0.70011
0.700096
0.700079
0.70006
0.700036
0.700009
0.699979
0.699945
0.699907
0.699867
0.699824
0.69978
0.699734
0.699688
0.699641
0.699595
0.699551
0.699509
0.699471
0.699438
0.69941
0.699389
0.699374
0.699366
0.699365
0.69937
0.699381
0.699397
0.699418
0.699442
0.699469
0.699497
0.699528
0.699559
0.699592
0.699625
0.69966
0.699696
0.699733
0.699773
0.699816
0.699863
0.699914
0.699971
0.700033
0.7001
0.700174
0.700252
0.700336
0.700423
0.700511
0.7006
0.700688
0.700771
0.70085
0.700921
0.700983
0.701034
0.701072
0.701097
0.701108
0.701103
0.701084
0.70105
0.701003
0.700944
0.700877
0.700803
0.700725
0.700648
0.700573
0.700503
0.700442
0.70039
0.700349
0.70032
0.700302
0.700295
0.700298
0.700309
0.700327
0.700348
0.700372
0.700394
0.700415
0.700431
0.700442
0.700447
0.700446
0.700441
0.700431
0.700419
0.700406
0.700394
0.700383
0.700375
0.70037
0.700368
0.700369
0.700373
0.700379
0.700386
0.700393
0.700399
0.700402
0.700403
0.7004
0.700392
0.700379
0.700361
0.700337
0.700307
0.700272
0.700231
0.700185
0.700134
0.700079
0.700021
0.699961
0.699901
0.69984
0.699779
0.69972
0.699662
0.699606
0.699552
0.6995
0.699449
0.6994
0.699352
0.699308
0.699265
0.699227
0.699192
0.699163
0.69914
0.699123
0.699113
0.699111
0.699118
0.699133
0.699158
0.699191
0.699233
0.699285
0.699344
0.69941
0.699482
0.699557
0.699634
0.69971
0.699783
0.699852
0.699915
0.699969
0.700016
0.700053
0.700083
0.700105
0.700122
0.700133
0.700142
0.70015
0.700158
0.700168
0.700178
0.700191
0.700205
0.700221
0.700236
0.70025
0.700262
0.700271
0.700276
0.700278
0.700276
0.700271
0.700263
0.700254
0.700244
0.700234
0.700225
0.700216
0.700207
0.700199
0.70019
0.700179
0.700166
0.700149
0.700128
0.700104
0.700077
0.700047
0.700015
0.699985
0.699956
0.699932
0.699914
0.699903
0.699902
0.699909
0.699926
0.699953
0.699987
0.700028
0.700075
0.700126
0.700178
0.700231
0.700283
0.700331
0.700375
0.700413
0.700443
0.700464
0.700474
0.700472
0.700457
0.700429
0.700388
0.700335
0.70027
0.700195
0.700111
0.700022
0.699928
0.699833
0.699738
0.699646
0.699559
0.699478
0.699404
0.69934
0.699286
0.699244
0.699213
0.699196
0.699192
0.699203
0.699229
0.699271
0.699329
0.699402
0.699491
0.699593
0.699706
0.699827
0.699952
0.700079
0.700201
0.700316
0.700418
0.700506
0.700577
0.700629
0.700662
0.700677
0.700674
0.700656
0.700624
0.70058
0.700528
0.700468
0.700404
0.700338
0.700273
0.700209
0.70015
0.700097
0.700051
0.700013
0.699982
0.69996
0.699944
0.699934
0.69993
0.699928
0.699929
0.699931
0.699933
0.699933
0.699932
0.699927
0.699921
0.699911
0.699898
0.699883
0.699865
0.699846
0.699824
0.699802
0.699779
0.699755
0.699732
0.699711
0.699692
0.699675
0.699663
0.699654
0.699651
0.699653
0.699659
0.699671
0.699687
0.699708
0.699731
0.699757
0.699785
0.699813
0.69984
0.699865
0.699888
0.699907
0.699921
0.699931
0.699937
0.699937
0.699932
0.699924
0.699912
0.699898
0.699882
0.699866
0.699851
0.699838
0.699827
0.699819
0.699816
0.699816
0.69982
0.699829
0.699841
0.699856
0.699874
0.699895
0.699918
0.699942
0.699968
0.699994
0.700021
0.700049
0.700076
0.700104
0.700132
0.70016
0.700187
0.700214
0.700241
0.700266
0.70029
0.700311
0.70033
0.700345
0.700356
0.700363
0.700364
0.70036
0.70035
0.700335
0.700316
0.700293
0.700266
0.700238
0.700209
0.700179
0.70015
0.700123
0.700097
0.700074
0.700052
0.700034
0.700017
0.700002
0.699989
0.699977
0.699966
0.699955
0.699943
0.699932
0.699919
0.699906
0.699891
0.699876
0.699861
0.699846
0.699831
0.699818
0.699808
0.6998
0.699795
0.699793
0.699795
0.699801
0.69981
0.699823
0.699839
0.699858
0.699878
0.6999
0.699924
0.699947
0.699971
0.699994
0.700016
0.700037
0.700057
0.700075
0.700091
0.700105
0.700117
0.700127
0.700133
0.700136
0.700135
0.700128
0.700116
0.700097
0.700071
0.700039
0.699999
0.699952
0.6999
0.699844
0.699784
0.699723
0.699664
0.699607
0.699555
0.699508
0.699469
0.699438
0.699415
0.6994
0.699393
0.699391
0.699396
0.699405
0.699417
0.699432
0.699448
0.699465
0.699482
0.699498
0.699514
0.699529
0.699544
0.699559
0.699575
0.699594
0.699615
0.699639
0.699668
0.699702
0.699741
0.699786
0.699836
0.699891
0.69995
0.700013
0.700079
0.700146
0.700214
0.70028
0.700343
0.700403
0.700457
0.700505
0.700546
0.700579
0.700604
0.700621
0.70063
0.700631
0.700626
0.700615
0.7006
0.70058
0.700557
0.700532
0.700505
0.700476
0.700445
0.700413
0.700379
0.700344
0.700308
0.700272
0.700235
0.7002
0.700167
0.700138
0.700114
0.700096
0.700084
0.700081
0.700085
0.700096
0.700114
0.700138
0.700165
0.700195
0.700225
0.700253
0.700278
0.700298
0.700312
0.700318
0.700317
0.700309
0.700295
0.700275
0.700251
0.700225
0.7002
0.700176
0.700156
0.700142
0.700134
0.700133
0.70014
0.700153
0.700172
0.700194
0.700218
0.700242
0.700264
0.700281
0.700291
0.700294
0.700289
0.700275
0.700254
0.700227
0.700195
0.700161
0.700126
0.700093
0.700063
0.700038
0.700018
0.700004
0.699994
0.699987
0.699982
0.699976
0.699967
0.699952
0.699931
0.699901
0.699862
0.699815
0.699761
0.699701
0.699639
0.699576
0.699515
0.69946
0.699412
0.699372
0.699343
0.699323
0.699315
0.699316
0.699326
0.699345
0.69937
0.6994
0.699433
0.699468
0.699503
0.699535
0.699565
0.69959
0.699612
0.699628
0.699641
0.699651
0.699658
0.699665
0.699671
0.699677
0.699684
0.699693
0.699703
0.699713
0.699725
0.699737
0.699749
0.699761
0.699774
0.699787
0.6998
0.699814
0.69983
0.699848
0.699868
0.69989
0.699914
0.699941
0.699968
0.699996
0.700021
0.700044
0.700062
0.700074
0.700079
0.700075
0.700063
0.700042
0.700014
0.699981
0.699944
0.699907
0.699872
0.699841
0.699817
0.699802
0.699797
0.699804
0.699821
0.69985
0.69989
0.699938
0.699995
0.700059
0.700128
0.700201
0.700276
0.700352
0.700426
0.700497
0.700564
0.700624
0.700677
0.700721
0.700757
0.700783
0.700801
0.70081
0.700812
0.700806
0.700795
0.700778
0.700757
0.700732
0.700703
0.700671
0.700636
0.700597
0.700555
0.70051
0.700463
0.700414
0.700363
0.700311
0.700259
0.700208
0.70016
0.700114
0.700071
0.700033
0.7
0.699971
0.699946
0.699924
0.699906
0.69989
0.699876
0.699862
0.699848
0.699833
0.699818
0.699803
0.699788
0.699775
0.699763
0.699755
0.699752
0.699754
0.699762
0.699778
0.699801
0.699831
0.699868
0.699911
0.699958
0.700008
0.700058
0.700107
0.700152
0.700191
0.700222
0.700244
0.700256
0.700257
0.700246
0.700225
0.700194
0.700155
0.700109
0.700059
0.700009
0.69996
0.699917
0.699882
0.699859
0.699848
0.699851
0.69987
0.699903
0.699949
0.700006
0.700073
0.700145
0.70022
0.700294
0.700366
0.700432
0.70049
0.70054
0.70058
0.70061
0.700631
0.700644
0.70065
0.700649
0.700643
0.700633
0.70062
0.700604
0.700586
0.700567
0.700545
0.700523
0.700498
0.700472
0.700444
0.700414
0.700381
0.700346
0.700307
0.700267
0.700223
0.700176
0.700127
0.700075
0.700021
0.699965
0.699908
0.699849
0.69979
0.69973
0.699671
0.699613
0.699556
0.6995
0.699447
0.699397
0.699352
0.699311
0.699277
0.699251
0.699234
0.699227
0.699231
0.699246
0.699272
0.699309
0.699353
0.699405
0.699462
0.699521
0.69958
0.699638
0.699693
0.699743
0.699789
0.699829
0.699865
0.699896
0.699923
0.699947
0.699969
0.699988
0.700005
0.700021
0.700035
0.700048
0.70006
0.700069
0.700077
0.700083
0.700086
0.700087
0.700083
0.700075
0.700062
0.700043
0.700017
0.699983
0.699941
0.699891
0.699833
0.699769
0.699699
0.699624
0.699547
0.69947
0.699393
0.69932
0.699253
0.699192
0.699141
0.699101
0.699074
0.69906
0.699061
0.699077
0.699109
0.699154
0.699212
0.69928
0.699356
0.699436
0.699519
0.6996
0.699678
0.699751
0.699818
0.699878
0.699932
0.699981
0.700024
0.700062
0.700095
0.700125
0.70015
0.700171
0.700187
0.7002
0.700208
0.700212
0.700213
0.700212
0.700208
0.700204
0.7002
0.700197
0.700195
0.700194
0.700194
0.700195
0.700198
0.700202
0.700206
0.70021
0.700215
0.700221
0.700227
0.700233
0.700241
0.700249
0.700258
0.700267
0.700278
0.700289
0.700301
0.700313
0.700325
0.700338
0.700351
0.700364
0.700376
0.700388
0.7004
0.700411
0.700421
0.700429
0.700436
0.700441
0.700444
0.700446
0.700445
0.700443
0.70044
0.700436
0.700431
0.700426
0.700421
0.700418
0.700415
0.700415
0.700416
0.700418
0.700423
0.700429
0.700437
0.700446
0.700455
0.700466
0.700476
0.700486
0.700495
0.700503
0.70051
0.700514
0.700515
0.700512
0.700506
0.700494
0.700477
0.700454
0.700424
0.700388
0.700344
0.700293
0.700235
0.700172
0.700104
0.700033
0.699961
0.69989
0.699822
0.699759
0.699703
0.699654
0.699613
0.699581
0.699558
0.699543
0.699534
0.699531
0.699531
0.699533
0.699535
0.699536
0.699533
0.699526
0.699514
0.699497
0.699473
0.699444
0.699409
0.699369
0.699325
0.699278
0.69923
0.699182
0.699137
0.699096
0.699062
0.699038
0.699024
0.699024
0.699037
0.699064
0.699105
0.69916
0.699227
0.699303
0.699388
0.699478
0.699571
0.699665
0.699757
0.699845
0.699928
0.700004
0.700071
0.70013
0.70018
0.700222
0.700256
0.700284
0.700305
0.700322
0.700337
0.700349
0.700361
0.700373
0.700386
0.700399
0.700413
0.700427
0.700441
0.700453
0.700464
0.700471
0.700475
0.700476
0.700472
0.700464
0.700453
0.70044
0.700425
0.700408
0.700393
0.700378
0.700366
0.700357
0.700351
0.70035
0.700354
0.700361
0.700372
0.700386
0.700402
0.700419
0.700435
0.700448
0.700457
0.700461
0.700457
0.700445
0.700423
0.700392
0.700352
0.700302
0.700245
0.70018
0.70011
0.700036
0.69996
0.699885
0.699812
0.699743
0.69968
0.699623
0.699574
0.699533
0.6995
0.699476
0.699459
0.69945
0.699448
0.699452
0.699461
0.699476
0.699494
0.699517
0.699543
0.699571
0.699602
0.699635
0.699668
0.699703
0.699737
0.69977
0.699801
0.699831
0.699859
0.699883
0.699905
0.699923
0.699938
0.699949
0.699956
0.69996
0.699961
0.699959
0.699956
0.699951
0.699945
0.69994
0.699935
0.699931
0.699928
0.699926
0.699926
0.699926
0.699929
0.699932
0.699938
0.699945
0.699956
0.69997
0.699987
0.700009
0.700034
0.700063
0.700094
0.700126
0.700159
0.700189
0.700217
0.700238
0.700252
0.700258
0.700253
0.700237
0.700211
0.700174
0.700128
0.700073
0.700011
0.699944
0.699874
0.699803
0.699732
0.699664
0.699601
0.699544
0.699496
0.699457
0.699431
0.699417
0.699418
0.699434
0.699465
0.699511
0.69957
0.69964
0.699719
0.699802
0.699886
0.699969
0.700047
0.700117
0.700177
0.700226
0.700263
0.700289
0.700304
0.70031
0.700307
0.700299
0.700285
0.700269
0.700251
0.700232
0.700213
0.700193
0.700174
0.700154
0.700132
0.700109
0.700083
0.700055
0.700024
0.699989
0.699953
0.699914
0.699875
0.699836
0.6998
0.699768
0.69974
0.69972
0.699707
0.699702
0.699706
0.699717
0.699735
0.699758
0.699786
0.699817
0.699849
0.699881
0.699911
0.699938
0.699961
0.699978
0.699988
0.69999
0.699984
0.699969
0.699945
0.699913
0.699875
0.69983
0.699783
0.699733
0.699683
0.699635
0.69959
0.699549
0.699513
0.699483
0.69946
0.699444
0.699435
0.699433
0.69944
0.699455
0.699479
0.699512
0.699556
0.699609
0.699672
0.699746
0.699828
0.699919
0.700016
0.700119
0.700226
0.700334
0.700441
0.700545
0.700643
0.700731
0.700809
0.700875
0.700925
0.700959
0.700976
0.700976
0.700959
0.700926
0.700879
0.700818
0.700748
0.700669
0.700586
0.700501
0.700416
0.700335
0.700258
0.700189
0.700128
0.700075
0.700032
0.699998
0.699972
0.699955
0.699944
0.699939
0.699939
0.699942
0.699948
0.699956
0.699966
0.699977
0.699988
0.700001
0.700014
0.700029
0.700045
0.700062
0.70008
0.700099
0.700119
0.700138
0.700157
0.700174
0.700188
0.700198
0.700203
0.700202
0.700194
0.700179
0.700155
0.700123
0.700082
0.700033
0.699978
0.699918
0.699854
0.699789
0.699726
0.699667
0.699615
0.699572
0.699541
0.699523
0.699518
0.699527
0.699548
0.699582
0.699626
0.699677
0.699734
0.699794
0.699853
0.69991
0.699963
0.700009
0.700047
0.700075
0.700093
0.700101
0.700099
0.700088
0.70007
0.700046
0.700018
0.699988
0.699959
0.699931
0.699907
0.699887
0.699872
0.699861
0.699854
0.699851
0.699852
0.699854
0.699858
0.699862
0.699866
0.699869
0.699871
0.699873
0.699874
0.699875
0.699875
0.699875
0.699875
0.699876
0.699877
0.699879
0.699882
0.699887
0.699893
0.699901
0.699911
0.699925
0.699942
0.699964
0.69999
0.700021
0.700058
0.7001
0.700147
0.700198
0.700254
0.700313
0.700375
0.700439
0.700505
0.700571
0.700637
0.700702
0.700766
0.700827
0.700885
0.700939
0.700988
0.70103
0.701063
0.701088
0.701102
0.701104
0.701093
0.701068
0.701031
0.700979
0.700914
0.700837
0.700749
0.700653
0.700549
0.700441
0.70033
0.700221
0.700114
0.700014
0.699921
0.699839
0.699768
0.699708
0.699662
0.699627
0.699603
0.699589
0.699582
0.699581
0.699583
0.699586
0.699588
0.699588
0.699584
0.699577
0.699565
0.69955
0.699532
0.699511
0.69949
0.69947
0.699452
0.699437
0.699426
0.699421
0.699421
0.699427
0.69944
0.699458
0.699482
0.699512
0.699546
0.699584
0.699626
0.699672
0.69972
0.69977
0.699821
0.699871
0.699921
0.699968
0.700013
0.700055
0.700092
0.700126
0.700155
0.700181
0.700203
0.700223
0.70024
0.700255
0.70027
0.700283
0.700297
0.700311
0.700325
0.700339
0.700353
0.700367
0.700379
0.700388
0.700395
0.700397
0.700393
0.700384
0.700367
0.700343
0.700312
0.700273
0.700228
0.700176
0.700118
0.700056
0.69999
0.699923
0.699853
0.699784
0.699715
0.699647
0.699582
0.69952
0.699462
0.69941
0.699365
0.699327
0.699298
0.699279
0.699269
0.69927
0.699282
0.699303
0.699334
0.699373
0.69942
0.699472
0.699529
0.699589
0.699651
0.699712
0.699771
0.699825
0.699873
0.699912
0.699941
0.699958
0.699963
0.699955
0.699935
0.699906
0.699869
0.699828
0.699787
0.699749
0.69972
0.699701
0.699695
0.699703
0.699725
0.69976
0.699805
0.699857
0.699913
0.699968
0.700019
0.700062
0.700096
0.700118
0.700128
0.700127
0.700116
0.700099
0.700079
0.700058
0.700039
0.700026
0.700021
0.700024
0.700036
0.700057
0.700086
0.700121
0.700161
0.700202
0.700244
0.700284
0.700319
0.700349
0.700372
0.700386
0.700393
0.700392
0.700383
0.700367
0.700344
0.700316
0.700284
0.700248
0.70021
0.700169
0.700128
0.700086
0.700044
0.700003
0.699962
0.699924
0.699887
0.699854
0.699823
0.699795
0.699772
0.699753
0.699739
0.69973
0.699725
0.699726
0.699731
0.699741
0.699756
0.699774
0.699795
0.69982
0.699846
0.699874
0.699904
0.699934
0.699964
0.699995
0.700026
0.700056
0.700086
0.700116
0.700146
0.700176
0.700205
0.700234
0.700262
0.70029
0.700316
0.700342
0.700366
0.700389
0.700411
0.700432
0.700451
0.700467
0.700481
0.700492
0.700499
0.700502
0.700499
0.70049
0.700476
0.700455
0.700429
0.700397
0.70036
0.700318
0.700272
0.700222
0.700169
0.700111
0.70005
0.699985
0.699915
0.699843
0.699767
0.69969
0.699612
0.699537
0.699465
0.699399
0.699341
0.699294
0.699259
0.699239
0.699233
0.699244
0.69927
0.699313
0.699372
0.699445
0.699531
0.69963
0.699738
0.699854
0.699976
0.7001
0.700225
0.700346
0.700463
0.700572
0.700671
0.700759
0.700834
0.700895
0.70094
0.700969
0.700983
0.700979
0.700961
0.700926
0.700878
0.700817
0.700745
0.700664
0.700576
0.700483
0.700389
0.700295
0.700204
0.700119
0.700041
0.699972
0.699914
0.699867
0.699832
0.699809
0.699797
0.699797
0.699805
0.699822
0.699846
0.699875
0.699908
0.699942
0.699976
0.70001
0.70004
0.700067
0.700089
0.700105
0.700114
0.700116
0.700109
0.700094
0.70007
0.700039
0.699999
0.699953
0.699901
0.699845
0.699787
0.699728
0.69967
0.699615
0.699563
0.699517
0.699476
0.699441
0.69941
0.699383
0.699359
0.699336
0.699312
0.699288
0.699262
0.699234
0.699204
0.699175
0.699149
0.699129
0.699119
0.699122
0.69914
0.699177
0.699231
0.699303
0.69939
0.699489
0.699596
0.699708
0.699821
0.699931
0.700035
0.70013
0.700213
0.700282
0.700334
0.700369
0.700386
0.700385
0.70037
0.700343
0.700308
0.70027
0.700233
0.7002
0.700174
0.700156
0.700147
0.700147
0.700156
0.700171
0.700192
0.700215
0.70024
0.700264
0.700285
0.700302
0.700312
0.700316
0.700312
0.700301
0.700283
0.700258
0.700228
0.700193
0.700154
0.700112
0.700069
0.700025
0.699981
0.699938
0.699897
0.699856
0.699817
0.69978
0.699745
0.699711
0.699678
0.699648
0.69962
0.699595
0.699573
0.699557
0.699546
0.699542
0.699546
0.699559
0.69958
0.699608
0.699644
0.699685
0.69973
0.699777
0.699823
0.699867
0.699907
0.699943
0.699974
0.699999
0.700021
0.700038
0.700054
0.70007
0.700086
0.700105
0.700127
0.700154
0.700185
0.70022
0.700259
0.700302
0.700347
0.700393
0.700438
0.700482
0.700523
0.70056
0.700591
0.700616
0.700634
0.700643
0.700645
0.700638
0.700624
0.700603
0.700576
0.700543
0.700506
0.700465
0.700422
0.700377
0.700332
0.700288
0.700245
0.700206
0.700171
0.700141
0.700118
0.700102
0.700093
0.700092
0.700098
0.700111
0.700131
0.700157
0.700187
0.700222
0.700259
0.700298
0.700339
0.700379
0.700418
0.700456
0.70049
0.700519
0.700544
0.700562
0.700573
0.700575
0.700568
0.700551
0.700524
0.700487
0.700441
0.700385
0.70032
0.700248
0.700169
0.700085
0.699997
0.699907
0.699815
0.699724
0.699634
0.699547
0.699464
0.699386
0.699314
0.699249
0.699193
0.699145
0.699106
0.699076
0.699057
0.699047
0.699047
0.699057
0.699076
0.699105
0.699141
0.699186
0.699237
0.699294
0.699357
0.699425
0.699496
0.699571
0.699648
0.699728
0.699808
0.699889
0.699971
0.700052
0.700131
0.700208
0.70028
0.700346
0.700405
0.700455
0.700494
0.70052
0.700534
0.700534
0.700523
0.7005
0.700468
0.70043
0.70039
0.700352
0.700317
0.70029
0.700271
0.700263
0.700263
0.700271
0.700286
0.700305
0.700325
0.700345
0.700362
0.700376
0.700386
0.700392
0.700394
0.700394
0.70039
0.700384
0.700375
0.700363
0.700345
0.700322
0.700292
0.700253
0.700204
0.700146
0.700079
0.700003
0.69992
0.699832
0.69974
0.699646
0.699553
0.699462
0.699375
0.699293
0.699219
0.699152
0.699093
0.699045
0.699006
0.69898
0.698965
0.698964
0.698976
0.699004
0.699046
0.699104
0.699176
0.699261
0.699358
0.699464
0.699576
0.699691
0.699806
0.699918
0.700024
0.700121
0.700207
0.700281
0.700342
0.700389
0.700422
0.700441
0.700447
0.70044
0.700423
0.700396
0.700362
0.700323
0.700281
0.700239
0.7002
0.700165
0.700136
0.700115
0.700102
0.700098
0.700104
0.70012
0.700144
0.700176
0.700216
0.700262
0.700313
0.700367
0.700425
0.700483
0.700542
0.700598
0.700651
0.7007
0.700743
0.700779
0.700808
0.700828
0.700839
0.700841
0.700833
0.700817
0.700792
0.700759
0.700719
0.700674
0.700624
0.70057
0.700514
0.700458
0.7004
0.700343
0.700288
0.700233
0.70018
0.700129
0.70008
0.700031
0.699984
0.699938
0.699893
0.699847
0.699802
0.699756
0.69971
0.699664
0.699617
0.699569
0.699521
0.699472
0.699424
0.699375
0.699328
0.699282
0.699238
0.699196
0.699157
0.699122
0.69909
0.699062
0.699039
0.69902
0.699006
0.698996
0.698991
0.69899
0.698994
0.699003
0.699017
0.699036
0.699061
0.699091
0.699127
0.699169
0.699216
0.699269
0.699327
0.699388
0.699452
0.699517
0.69958
0.699642
0.699698
0.699749
0.699793
0.699829
0.699856
0.699876
0.699888
0.699895
0.699897
0.699896
0.699895
0.699895
0.699898
0.699905
0.699918
0.699936
0.699961
0.699992
0.700029
0.70007
0.700116
0.700165
0.700216
0.700268
0.700319
0.700367
0.700411
0.700451
0.700483
0.700509
0.700526
0.700535
0.700534
0.700525
0.700507
0.700481
0.700449
0.70041
0.700367
0.700319
0.700269
0.700217
0.700165
0.700113
0.700063
0.700015
0.699971
0.69993
0.699894
0.699863
0.699836
0.699814
0.699797
0.699784
0.699776
0.699771
0.699769
0.69977
0.699774
0.69978
0.69979
0.699801
0.699816
0.699832
0.699851
0.699872
0.699895
0.699919
0.699943
0.699968
0.699992
0.700015
0.700037
0.700058
0.700077
0.700094
0.700111
0.700128
0.700144
0.700161
0.70018
0.700199
0.70022
0.700241
0.700264
0.700287
0.70031
0.700333
0.700353
0.700371
0.700386
0.700397
0.700404
0.700405
0.7004
0.70039
0.700374
0.700353
0.700327
0.700296
0.700262
0.700226
0.700188
0.700149
0.70011
0.700072
0.700034
0.699997
0.699962
0.699927
0.699893
0.699859
0.699826
0.699794
0.699763
0.699733
0.699706
0.699681
0.699659
0.699642
0.69963
0.699622
0.69962
0.699624
0.699632
0.699644
0.699661
0.699681
0.699702
0.699725
0.699749
0.69977
0.69979
0.699807
0.699818
0.699825
0.699825
0.699818
0.699805
0.699784
0.699757
0.699725
0.699688
0.699649
0.699609
0.699571
0.699537
0.699509
0.699488
0.699477
0.699476
0.699486
0.699506
0.699537
0.699577
0.699625
0.69968
0.69974
0.699804
0.699871
0.69994
0.70001
0.700081
0.700152
0.700223
0.700293
0.700362
0.700429
0.700493
0.700553
0.700609
0.700658
0.7007
0.700734
0.70076
0.700777
0.700786
0.700787
0.700781
0.700768
0.700749
0.700725
0.700696
0.700663
0.700627
0.700587
0.700543
0.700496
0.700446
0.700393
0.700337
0.700279
0.700218
0.700156
0.700093
0.700029
0.699966
0.699904
0.699844
0.699787
0.699734
0.699687
0.699646
0.699614
0.69959
0.699578
0.699577
0.699588
0.699611
0.699647
0.699695
0.699755
0.699826
0.699905
0.699992
0.700085
0.700182
0.700279
0.700375
0.700467
0.700554
0.700631
0.700698
0.700753
0.700795
0.700822
0.700835
0.700834
0.700819
0.700789
0.700747
0.700693
0.700627
0.700551
0.700467
0.700374
0.700275
0.700172
0.700066
0.699959
0.699853
0.69975
0.699652
0.69956
0.699477
0.699404
0.699341
0.69929
0.699252
0.699226
0.699212
0.69921
0.699219
0.699238
0.699267
0.699304
0.699348
0.699397
0.699451
0.699507
0.699566
0.699625
0.699683
0.699741
0.699797
0.699852
0.699905
0.699958
0.70001
0.700061
0.700111
0.700161
0.70021
0.700256
0.700298
0.700336
0.700368
0.700393
0.70041
0.700418
0.700418
0.70041
0.700393
0.700369
0.70034
0.700307
0.700271
0.700236
0.700203
0.700175
0.700154
0.700143
0.700143
0.700156
0.700181
0.700219
0.700269
0.700329
0.700397
0.70047
0.700547
0.700624
0.700699
0.70077
0.700833
0.700888
0.700932
0.700965
0.700986
0.700995
0.700992
0.700977
0.700952
0.700917
0.700874
0.700824
0.700768
0.700707
0.700642
0.700576
0.700509
0.700443
0.700378
0.700316
0.700259
0.700206
0.700158
0.700117
0.700081
0.700051
0.700026
0.700004
0.699986
0.69997
0.699954
0.699937
0.699919
0.699898
0.699874
0.699846
0.699814
0.699778
0.699737
0.699694
0.699647
0.699598
0.699548
0.699498
0.699449
0.699401
0.699357
0.699316
0.699281
0.699252
0.699231
0.699217
0.699212
0.699215
0.699228
0.69925
0.699281
0.699321
0.699368
0.699422
0.699482
0.699548
0.699617
0.69969
0.699763
0.699836
0.699906
0.699972
0.700031
0.700081
0.70012
0.700147
0.70016
0.70016
0.700145
0.700118
0.70008
0.700032
0.699978
0.699919
0.69986
0.699802
0.699747
0.699699
0.699658
0.699627
0.699605
0.699594
0.699592
0.6996
0.699616
0.69964
0.69967
0.699705
0.699743
0.699784
0.699826
0.699868
0.699909
0.699948
0.699985
0.700018
0.700047
0.700072
0.700092
0.700108
0.700118
0.700123
0.700122
0.700116
0.700104
0.700088
0.700067
0.700042
0.700014
0.699982
0.69995
0.699916
0.699883
0.699851
0.69982
0.699792
0.699766
0.699744
0.699724
0.699708
0.699693
0.699681
0.699671
0.699662
0.699653
0.699645
0.699637
0.69963
0.699624
0.699618
0.699615
0.699614
0.699616
0.699622
0.699633
0.69965
0.699673
0.699703
0.69974
0.699783
0.699831
0.699885
0.699942
0.700001
0.700062
0.700121
0.700178
0.700231
0.700278
0.700318
0.700349
0.700372
0.700386
0.700389
0.700382
0.700367
0.700342
0.700309
0.70027
0.700224
0.700175
0.700122
0.700069
0.700015
0.699963
0.699913
0.699869
0.69983
0.6998
0.699779
0.69977
0.699773
0.69979
0.699821
0.699865
0.699921
0.699988
0.700064
0.700146
0.700231
0.700318
0.700403
0.700483
0.700556
0.70062
0.700672
0.70071
0.700732
0.700738
0.700727
0.700699
0.700658
0.700604
0.700541
0.700471
0.700397
0.700321
0.700245
0.700169
0.700094
0.70002
0.699945
0.699871
0.699796
0.699721
0.699647
0.699575
0.699508
0.699446
0.699393
0.699349
0.699316
0.699294
0.699285
0.699287
0.699299
0.699321
0.699349
0.699383
0.699421
0.69946
0.699499
0.699535
0.699569
0.6996
0.699627
0.69965
0.69967
0.699688
0.699705
0.699722
0.69974
0.69976
0.699782
0.699807
0.699835
0.699865
0.699898
0.699932
0.699967
0.700001
0.700033
0.700063
0.70009
0.700113
0.700134
0.700154
0.700175
0.700197
0.700224
0.700257
0.700295
0.700338
0.700385
0.700432
0.700477
0.700518
0.70055
0.700574
0.700587
0.700589
0.700581
0.700563
0.700535
0.700496
0.700447
0.700385
0.700311
0.700223
0.700123
0.700012
0.699892
0.699766
0.699638
0.699512
0.699392
0.699282
0.699184
0.699101
0.699034
0.698983
0.698949
0.698931
0.698927
0.698936
0.698956
0.698986
0.699022
0.699063
0.699108
0.699155
0.699204
0.699254
0.699306
0.69936
0.699419
0.699484
0.699555
0.699635
0.699724
0.699822
0.699928
0.700042
0.700162
0.700284
0.700407
0.700526
0.700639
0.700742
0.700831
0.700904
0.700956
0.700986
0.700992
0.700973
0.700929
0.700863
0.700776
0.700671
0.700554
0.700428
0.700298
0.700168
0.700042
0.699922
0.699813
0.699715
0.69963
0.699559
0.699504
0.699464
0.699441
0.699434
0.699445
0.699472
0.699515
0.69957
0.699634
0.699704
0.699774
0.699842
0.699902
0.699952
0.699991
0.700017
0.700031
0.700035
0.70003
0.700019
0.700006
0.699991
0.699977
0.699966
0.699959
0.699957
0.69996
0.699969
0.699983
0.700003
0.700029
0.700062
0.7001
0.700146
0.700198
0.700256
0.700319
0.700387
0.700458
0.70053
0.7006
0.700667
0.700728
0.700782
0.700825
0.700858
0.700878
0.700885
0.700879
0.700859
0.700826
0.700781
0.700725
0.700658
0.700583
0.700501
0.700414
0.700325
0.700235
0.700148
0.700066
0.699992
0.699928
0.699877
0.69984
0.699821
0.699821
0.69984
0.699878
0.699935
0.700009
0.700097
0.700194
0.700299
0.700405
0.70051
0.700609
0.700699
0.700778
0.700843
0.700893
0.700927
0.700943
0.700941
0.700922
0.700885
0.700833
0.700766
0.700688
0.700601
0.700507
0.700409
0.700311
0.700213
0.700117
0.700027
0.699942
0.699865
0.699797
0.69974
0.699693
0.69966
0.699639
0.699631
0.699637
0.699655
0.699684
0.699724
0.699772
0.699826
0.699884
0.699943
0.700003
0.700061
0.700115
0.700164
0.700207
0.700243
0.70027
0.700288
0.700295
0.700291
0.700275
0.700245
0.700203
0.700149
0.700083
0.700008
0.699927
0.699841
0.699755
0.699671
0.699594
0.699526
0.69947
0.699426
0.699397
0.69938
0.699376
0.699381
0.699394
0.699411
0.69943
0.699449
0.699465
0.699477
0.699484
0.699485
0.699481
0.699473
0.699463
0.69945
0.699438
0.699427
0.699418
0.699413
0.699412
0.699417
0.699426
0.69944
0.69946
0.699486
0.699517
0.699553
0.699595
0.699643
0.699696
0.699753
0.699815
0.69988
0.699947
0.700015
0.700083
0.700148
0.70021
0.700267
0.700318
0.700361
0.700396
0.700422
0.700438
0.700443
0.700439
0.700426
0.700403
0.700373
0.700337
0.700296
0.700252
0.700207
0.700161
0.700117
0.700074
0.700034
0.699996
0.69996
0.699926
0.699893
0.699863
0.699834
0.699808
0.699785
0.699767
0.699753
0.699745
0.699744
0.69975
0.699761
0.699779
0.699803
0.699831
0.699862
0.699895
0.699929
0.699963
0.699996
0.700026
0.700053
0.700077
0.700096
0.700111
0.700121
0.700126
0.700127
0.700124
0.700116
0.700105
0.70009
0.700074
0.700057
0.700039
0.700022
0.700008
0.699996
0.699987
0.699982
0.69998
0.699981
0.699985
0.699989
0.699995
0.699999
0.700003
0.700004
0.700003
0.699998
0.699991
0.69998
0.699967
0.699951
0.699934
0.699915
0.699896
0.699876
0.699857
0.699838
0.69982
0.699803
0.699788
0.699774
0.699762
0.699753
0.699748
0.699746
0.699748
0.699754
0.699765
0.699779
0.699797
0.699817
0.699837
0.699858
0.699876
0.699891
0.699902
0.699908
0.699909
0.699904
0.699895
0.699882
0.699866
0.699847
0.699826
0.699805
0.699784
0.699764
0.699746
0.699731
0.699719
0.699711
0.699708
0.69971
0.699718
0.699733
0.699755
0.699784
0.699821
0.699867
0.699922
0.699984
0.700054
0.700131
0.700213
0.700298
0.700385
0.700472
0.700557
0.700638
0.700713
0.700781
0.70084
0.700891
0.700931
0.700961
0.700981
0.70099
0.700988
0.700975
0.700953
0.70092
0.700877
0.700825
0.700764
0.700694
0.700617
0.700531
0.700439
0.700341
0.700237
0.700129
0.700017
0.699904
0.699789
0.699674
0.699562
0.699453
0.69935
0.699254
0.699167
0.699092
0.699029
0.69898
0.698946
0.698926
0.69892
0.698927
0.698947
0.698977
0.699017
0.699064
0.699118
0.699175
0.699236
0.699298
0.699361
0.699424
0.699487
0.699551
0.699614
0.699679
0.699746
0.699816
0.699889
0.699966
0.700046
0.700129
0.700215
0.700301
0.700387
0.70047
0.700547
0.700618
0.700679
0.700731
0.70077
0.700798
0.700813
0.700817
0.70081
0.700794
0.700769
0.700738
0.700703
0.700664
0.700624
0.700584
0.700546
0.700509
0.700475
0.700445
0.700419
0.700397
0.700379
0.700366
0.700356
0.700352
0.700351
0.700354
0.700361
0.70037
0.700382
0.700396
0.700411
0.700426
0.700441
0.700454
0.700464
0.700471
0.700475
0.700473
0.700467
0.700455
0.700438
0.700416
0.700389
0.700357
0.700322
0.700285
0.700245
0.700204
0.700163
0.700123
0.700083
0.700046
0.700011
0.699979
0.699948
0.699921
0.699895
0.699872
0.699851
0.699833
0.699816
0.699801
0.699788
0.699777
0.699767
0.699759
0.699752
0.699745
0.699739
0.699733
0.699726
0.699718
0.69971
0.6997
0.69969
0.699679
0.699668
0.699657
0.699646
0.699636
0.699628
0.69962
0.699615
0.699612
0.699611
0.699612
0.699614
0.699618
0.699624
0.699629
0.699635
0.69964
0.699645
0.699648
0.69965
0.699651
0.699651
0.699651
0.699651
0.699652
0.699655
0.69966
0.699669
0.699681
0.699698
0.69972
0.699747
0.699779
0.699815
0.699857
0.699901
0.699949
0.699999
0.700051
0.700102
0.700153
0.700203
0.70025
0.700295
0.700336
0.700373
0.700406
0.700434
0.700456
0.700471
0.70048
0.700482
0.700477
0.700463
0.700442
0.700412
0.700373
0.700327
0.700273
0.700212
0.700145
0.700072
0.699996
0.699917
0.699838
0.69976
0.699684
0.699613
0.699549
0.699494
0.699448
0.699414
0.699393
0.699384
0.699389
0.699406
0.699436
0.699477
0.699527
0.699584
0.699646
0.699711
0.699777
0.699842
0.699904
0.699962
0.700016
0.700064
0.700106
0.700142
0.700172
0.700196
0.700215
0.700229
0.700238
0.700243
0.700244
0.700241
0.700237
0.70023
0.700223
0.700216
0.700209
0.700203
0.700199
0.700196
0.700195
0.700195
0.700196
0.700198
0.7002
0.700201
0.700202
0.7002
0.700197
0.70019
0.700179
0.700164
0.700144
0.700118
0.700088
0.700052
0.700012
0.699968
0.699922
0.699873
0.699825
0.699779
0.699736
0.699698
0.699666
0.699641
0.699624
0.699615
0.699614
0.699619
0.699631
0.699647
0.699666
0.699688
0.699709
0.69973
0.699749
0.699767
0.699781
0.699794
0.699805
0.699815
0.699825
0.699837
0.699852
0.699871
0.699895
0.699926
0.699963
0.700007
0.700058
0.700113
0.700172
0.700232
0.700291
0.700347
0.700397
0.700439
0.700472
0.700493
0.700502
0.700496
0.700477
0.700444
0.700398
0.700339
0.700269
0.700191
0.700106
0.700017
0.699926
0.699837
0.69975
0.69967
0.699598
0.699536
0.699486
0.69945
0.699427
0.69942
0.699428
0.699452
0.69949
0.699541
0.699605
0.699679
0.69976
0.699846
0.699934
0.700021
0.700105
0.700181
0.700249
0.700305
0.700348
0.700377
0.70039
0.700388
0.700371
0.700339
0.700295
0.70024
0.700178
0.700111
0.700044
0.699981
0.699924
0.699877
0.699844
0.699825
0.699823
0.699837
0.699868
0.699912
0.699968
0.700033
0.700103
0.700172
0.700239
0.700297
0.700345
0.700378
0.700396
0.700398
0.700384
0.700354
0.700313
0.700262
0.700205
0.700146
0.70009
0.700039
0.699997
0.699967
0.69995
0.699947
0.699959
0.699984
0.700021
0.700069
0.700124
0.700185
0.700249
0.700313
0.700376
0.700434
0.700485
0.70053
0.700565
0.70059
0.700605
0.700609
0.700603
0.700587
0.70056
0.700526
0.700484
0.700436
0.700383
0.700328
0.70027
0.700213
0.700157
0.700103
0.700053
0.700006
0.699963
0.699924
0.69989
0.699861
0.699835
0.699813
0.699794
0.699777
0.699762
0.699748
0.699735
0.699722
0.699709
0.699696
0.699683
0.69967
0.699657
0.699646
0.699634
0.699624
0.699616
0.699608
0.699602
0.699597
0.699594
0.699593
0.699594
0.699597
0.699604
0.699614
0.699628
0.699646
0.69967
0.699699
0.699732
0.69977
0.699812
0.699856
0.699902
0.699946
0.699989
0.700029
0.700063
0.700092
0.700115
0.700132
0.700142
0.700148
0.700151
0.70015
0.700149
0.700147
0.700146
0.700147
0.70015
0.700156
0.700163
0.700173
0.700184
0.700196
0.700209
0.70022
0.700231
0.700239
0.700245
0.700247
0.700245
0.700238
0.700227
0.700211
0.700192
0.70017
0.700146
0.700121
0.700096
0.700073
0.700052
0.700035
0.700022
0.700013
0.700008
0.700008
0.700011
0.700017
0.700025
0.700035
0.700045
0.700054
0.700062
0.700069
0.700073
0.700075
0.700073
0.700069
0.700063
0.700053
0.700042
0.70003
0.700018
0.700006
0.699996
0.699988
0.699985
0.699987
0.699994
0.700007
0.700026
0.70005
0.700079
0.700112
0.700147
0.700183
0.700218
0.700251
0.70028
0.700303
0.70032
0.70033
0.70033
0.700321
0.700302
0.700272
0.700231
0.700179
0.700118
0.700047
0.699969
0.699885
0.699797
0.699707
0.699618
0.699533
0.699453
0.699382
0.699321
0.699272
0.699236
0.699214
0.699206
0.699212
0.699231
0.69926
0.699298
0.699343
0.699393
0.699444
0.699495
0.699544
0.69959
0.699632
0.69967
0.699704
0.699735
0.699763
0.69979
0.699816
0.699843
0.699869
0.699897
0.699925
0.699953
0.699981
0.700008
0.700032
0.700054
0.700072
0.700087
0.700097
0.700103
0.700105
0.700105
0.700101
0.700096
0.70009
0.700085
0.70008
0.700077
0.700077
0.700081
0.700089
0.700101
0.700118
0.700139
0.700165
0.700194
0.700225
0.700256
0.700284
0.700309
0.700327
0.700338
0.700339
0.700331
0.700314
0.700288
0.700256
0.700218
0.700177
0.700136
0.700097
0.700061
0.70003
0.700003
0.699983
0.699968
0.699959
0.699956
0.699959
0.699968
0.699982
0.700002
0.700026
0.700053
0.700082
0.700109
0.700133
0.700152
0.700163
0.700167
0.700162
0.700149
0.700131
0.700108
0.700084
0.70006
0.700038
0.700021
0.700007
0.699999
0.699996
0.699997
0.7
0.700006
0.700013
0.700019
0.700023
0.700025
0.700023
0.700017
0.700008
0.699995
0.699979
0.699962
0.699943
0.699925
0.699909
0.699897
0.699891
0.699891
0.6999
0.699917
0.699944
0.699979
0.700022
0.700073
0.700129
0.700189
0.70025
0.70031
0.700367
0.700416
0.700457
0.700486
0.700502
0.700504
0.70049
0.700461
0.700418
0.70036
0.700291
0.700212
0.700126
0.700035
0.699943
0.699852
0.699763
0.699679
0.6996
0.699527
0.699461
0.6994
0.699346
0.699298
0.699256
0.699221
0.699193
0.699172
0.69916
0.699155
0.699157
0.699167
0.699183
0.699206
0.699234
0.699266
0.699302
0.69934
0.69938
0.699422
0.699464
0.699506
0.699549
0.699593
0.699636
0.699681
0.699728
0.699777
0.699828
0.699882
0.699939
0.699999
0.700061
0.700124
0.700187
0.70025
0.70031
0.700367
0.700418
0.700462
0.700497
0.700523
0.700538
0.700541
0.700532
0.700511
0.70048
0.700439
0.700392
0.700339
0.700285
0.70023
0.700178
0.70013
0.700087
0.70005
0.70002
0.699996
0.699978
0.699966
0.699957
0.699951
0.699948
0.699945
0.699943
0.699938
0.699932
0.699923
0.699911
0.699896
0.69988
0.699862
0.699844
0.699827
0.699813
0.699802
0.699797
0.699799
0.699807
0.699823
0.699848
0.69988
0.699922
0.699971
0.700027
0.70009
0.700158
0.700229
0.700302
0.700375
0.700445
0.70051
0.70057
0.70062
0.700662
0.700693
0.700713
0.700722
0.70072
0.700709
0.700688
0.700661
0.700627
0.700588
0.700546
0.700502
0.700456
0.70041
0.700365
0.700319
0.700274
0.700229
0.700184
0.70014
0.700097
0.700055
0.700015
0.699977
0.699943
0.699914
0.69989
0.699872
0.69986
0.699853
0.699851
0.699852
0.699856
0.699861
0.699866
0.69987
0.699873
0.699873
0.699873
0.699872
0.699871
0.699872
0.699875
0.699883
0.699895
0.699911
0.699932
0.699956
0.699982
0.700009
0.700033
0.700054
0.700071
0.700081
0.700084
0.70008
0.700069
0.700051
0.700027
0.699998
0.699964
0.699926
0.699886
0.699844
0.699801
0.699758
0.699718
0.69968
0.699646
0.699617
0.699595
0.69958
0.699573
0.699575
0.699584
0.6996
0.699621
0.699646
0.699672
0.699697
0.699717
0.69973
0.699735
0.69973
0.699714
0.699687
0.69965
0.699604
0.69955
0.69949
0.699426
0.69936
0.699295
0.699232
0.699174
0.699121
0.699077
0.699041
0.699016
0.699002
0.698999
0.699008
0.699029
0.699061
0.699103
0.699153
0.699212
0.699276
0.699345
0.699416
0.699488
0.699559
0.699629
0.699696
0.69976
0.699821
0.699879
0.699935
0.69999
0.700046
0.700102
0.700161
0.700222
0.700286
0.700353
0.700422
0.700491
0.700559
0.700624
0.700683
0.700733
0.700773
0.7008
0.700811
0.700807
0.700786
0.700748
0.700694
0.700625
0.700544
0.700453
0.700356
0.700256
0.700159
0.700066
0.699984
0.699915
0.699863
0.699829
0.699816
0.699824
0.69985
0.699894
0.69995
0.700016
0.700086
0.700157
0.700225
0.700285
0.700338
0.70038
0.700412
0.700435
0.700447
0.700452
0.700448
0.700438
0.700422
0.700399
0.700372
0.70034
0.700305
0.700266
0.700226
0.700184
0.700142
0.7001
0.70006
0.700023
0.69999
0.699961
0.699937
0.699918
0.699906
0.699899
0.699898
0.699902
0.699909
0.69992
0.699931
0.699941
0.699949
0.699953
0.699952
0.699946
0.699934
0.699918
0.699898
0.699876
0.699853
0.699831
0.69981
0.699791
0.699774
0.699759
0.699746
0.699733
0.699721
0.69971
0.699697
0.699685
0.699673
0.699661
0.699651
0.699642
0.699637
0.699635
0.699638
0.699645
0.699657
0.699674
0.699695
0.69972
0.699749
0.699781
0.699817
0.699857
0.699901
0.699948
0.7
0.700055
0.700114
0.700177
0.700242
0.70031
0.700378
0.700446
0.700511
0.700573
0.70063
0.700679
0.700719
0.700748
0.700765
0.700769
0.70076
0.700738
0.700704
0.700658
0.700603
0.70054
0.700471
0.7004
0.700328
0.700258
0.700193
0.700133
0.700082
0.700041
0.700011
0.699992
0.699985
0.699988
0.700003
0.700026
0.700057
0.700095
0.700137
0.700183
0.700229
0.700276
0.700321
0.700362
0.7004
0.700432
0.700458
0.700477
0.700488
0.700491
0.700486
0.700473
0.700451
0.700422
0.700387
0.700345
0.7003
0.700252
0.700201
0.70015
0.7001
0.70005
0.700003
0.699957
0.699914
0.699873
0.699834
0.699798
0.699763
0.699731
0.699701
0.699674
0.69965
0.69963
0.699613
0.6996
0.699591
0.699587
0.699586
0.699589
0.699594
0.699603
0.699613
0.699624
0.699637
0.69965
0.699664
0.699678
0.699693
0.699708
0.699725
0.699742
0.69976
0.699781
0.699803
0.699827
0.699853
0.69988
0.69991
0.699941
0.699973
0.700005
0.700037
0.700069
0.700099
0.700127
0.700153
0.700177
0.700197
0.700215
0.70023
0.700243
0.700253
0.70026
0.700265
0.700267
0.700266
0.700261
0.700252
0.700239
0.70022
0.700196
0.700167
0.700132
0.700091
0.700046
0.699996
0.699942
0.699885
0.699826
0.699767
0.699709
0.699652
0.699598
0.699548
0.699503
0.699465
0.699434
0.699411
0.699397
0.699394
0.699401
0.699419
0.699448
0.699486
0.699534
0.699589
0.69965
0.699716
0.699784
0.699853
0.699921
0.699987
0.70005
0.70011
0.700166
0.700217
0.700265
0.70031
0.700352
0.700391
0.70043
0.700468
0.700505
0.700543
0.700583
0.700623
0.700664
0.700706
0.700749
0.70079
0.70083
0.700867
0.7009
0.700927
0.700947
0.70096
0.700964
0.700958
0.700943
0.700918
0.700883
0.700839
0.700787
0.700727
0.700661
0.70059
0.700516
0.700439
0.70036
0.700281
0.700202
0.700125
0.70005
0.699976
0.699906
0.699839
0.699774
0.699714
0.699657
0.699604
0.699555
0.69951
0.69947
0.699435
0.699405
0.699379
0.699358
0.699342
0.69933
0.699321
0.699315
0.699311
0.699308
0.699306
0.699303
0.699299
0.699294
0.699286
0.699277
0.699265
0.699252
0.699238
0.699223
0.69921
0.699198
0.69919
0.699185
0.699186
0.699193
0.699206
0.699226
0.699252
0.699285
0.699323
0.699367
0.699414
0.699465
0.699517
0.699571
0.699626
0.69968
0.699732
0.699783
0.699832
0.699878
0.699921
0.699961
0.699998
0.700033
0.700065
0.700094
0.70012
0.700145
0.700166
0.700186
0.700203
0.700218
