11.9488
0.698239
0.697778
0.697295
0.696784
0.696242
0.695662
0.695041
0.694375
0.69366
0.692896
0.692082
0.691224
0.69033
0.689418
0.688511
0.687645
0.686865
0.686228
0.685796
0.685632
0.685791
0.686305
0.687177
0.688378
0.689846
0.691494
0.693224
0.694936
0.696538
0.697957
0.699137
0.700047
0.700678
0.701039
0.701152
0.70105
0.700774
0.700369
0.699888
0.699388
0.698936
0.698594
0.698415
0.698436
0.698661
0.699064
0.699592
0.700176
0.700748
0.701247
0.701625
0.701852
0.70192
0.701851
0.701692
0.701499
0.701327
0.701209
0.701149
0.701125
0.701104
0.701058
0.700983
0.700897
0.700832
0.700815
0.700858
0.700958
0.701094
0.701245
0.701383
0.701488
0.701536
0.70151
0.701391
0.70117
0.70085
0.700445
0.699983
0.699499
0.699035
0.698632
0.698329
0.698147
0.698083
0.698101
0.698147
0.698177
0.698189
0.698224
0.698347
0.698618
0.699059
0.699633
0.700252
0.700811
0.701222
0.701451
0.701516
0.70147
0.701376
0.701286
0.701225
0.701197
0.701188
0.701175
0.701147
0.701099
0.701044
0.701004
0.700998
0.701032
0.701085
0.701113
0.701069
0.700924
0.700683
0.700377
0.70005
0.699745
0.699492
0.699303
0.699172
0.699091
0.699058
0.699091
0.699214
0.699423
0.699666
0.699876
0.700015
0.70009
0.700114
0.700107
0.700112
0.700192
0.700387
0.700678
0.700988
0.701231
0.701361
0.701377
0.701308
0.701188
0.701035
0.700854
0.700646
0.700412
0.700162
0.69991
0.699671
0.699458
0.699282
0.699142
0.699032
0.698937
0.698851
0.69878
0.698741
0.698759
0.698857
0.699048
0.699338
0.699716
0.700151
0.700591
0.700972
0.701235
0.701347
0.701299
0.701092
0.700736
0.700266
0.699756
0.699306
0.698998
0.698844
0.69877
0.698669
0.69848
0.698218
0.697951
0.69775
0.697663
0.697704
0.697853
0.698072
0.698323
0.698584
0.698857
0.699156
0.699497
0.699879
0.700274
0.700632
0.700901
0.701055
0.701108
0.701109
0.701116
0.701168
0.701265
0.70137
0.701435
0.70143
0.701351
0.70122
0.701065
0.700903
0.700738
0.700559
0.700354
0.700114
0.699843
0.699561
0.699298
0.699092
0.698974
0.698954
0.699011
0.699104
0.699189
0.699239
0.699256
0.699258
0.699274
0.699329
0.699444
0.699631
0.699887
0.700191
0.700498
0.70075
0.700893
0.700898
0.700777
0.700576
0.700358
0.700174
0.700047
0.699963
0.699894
0.699833
0.69982
0.699905
0.70008
0.700243
0.700268
0.700117
0.699861
0.699615
0.699462
0.699429
0.6995
0.699648
0.699861
0.700149
0.700528
0.700975
0.701402
0.701683
0.701731
0.70155
0.701226
0.700881
0.70063
0.700539
0.700607
0.700771
0.700939
0.701029
0.700991
0.70081
0.700498
0.70009
0.699634
0.69918
0.698769
0.698431
0.698176
0.697992
0.697859
0.697762
0.697714
0.697761
0.697965
0.698365
0.698946
0.699627
0.700293
0.70083
0.701169
0.701297
0.701252
0.701109
0.700942
0.700788
0.700631
0.700437
0.7002
0.699951
0.699715
0.699471
0.699164
0.698756
0.698271
0.697821
0.697572
0.697677
0.698163
0.698882
0.699586
0.700065
0.70024
0.700143
0.699872
0.699534
0.699214
0.698963
0.698794
0.698697
0.698652
0.698651
0.698727
0.698963
0.699451
0.70019
0.70099
0.701571
0.701775
0.701662
0.70142
0.701224
0.701171
0.701271
0.701465
0.70166
0.701767
0.701727
0.701528
0.701214
0.700855
0.700526
0.700268
0.700073
0.699897
0.699699
0.699475
0.699262
0.699123
0.699107
0.699219
0.699421
0.699648
0.69984
0.699958
0.699999
0.699994
0.700013
0.700135
0.700406
0.700787
0.701148
0.70135
0.70133
0.701123
0.700822
0.700524
0.700301
0.700199
0.700233
0.700373
0.700552
0.700691
0.700738
0.700692
0.70058
0.700433
0.70027
0.700112
0.699992
0.699941
0.699916
0.69979
0.699444
0.698897
0.698297
0.697821
0.697578
0.697583
0.697795
0.698155
0.6986
0.699059
0.699464
0.699767
0.699958
0.700065
0.700133
0.700199
0.700273
0.700341
0.70039
0.700423
0.700456
0.700499
0.700551
0.700621
0.700733
0.700908
0.701146
0.701418
0.701677
0.701872
0.701959
0.701912
0.701723
0.701403
0.700983
0.700503
0.700005
0.699522
0.69907
0.698652
0.698269
0.697933
0.697671
0.697515
0.697498
0.697633
0.697908
0.698287
0.698721
0.699168
0.699603
0.700012
0.700374
0.700654
0.700812
0.700825
0.700704
0.700509
0.700327
0.700227
0.700227
0.700289
0.70035
0.700369
0.700335
0.700264
0.700179
0.700093
0.700009
0.699921
0.699817
0.699691
0.699544
0.69938
0.699204
0.699017
0.698814
0.698594
0.698361
0.698129
0.697927
0.697795
0.697788
0.697958
0.698327
0.698849
0.699419
0.699916
0.700257
0.700407
0.700361
0.700125
0.69973
0.699238
0.698737
0.698323
0.698083
0.698096
0.698414
0.699018
0.699798
0.700584
0.701248
0.701768
0.702184
0.702519
0.702744
0.702802
0.702665
0.702363
0.701976
0.701586
0.701247
0.700979
0.700792
0.7007
0.700708
0.700786
0.700849
0.700798
0.700577
0.700214
0.699808
0.699485
0.699349
0.699444
0.699744
0.700159
0.700583
0.70093
0.70117
0.701317
0.701404
0.701455
0.701481
0.701484
0.70147
0.70144
0.701384
0.701281
0.701097
0.7008
0.700376
0.699842
0.699252
0.698696
0.698261
0.697998
0.69789
0.697855
0.697805
0.697692
0.697538
0.697412
0.697389
0.697517
0.697797
0.698181
0.698605
0.69902
0.699413
0.699793
0.700159
0.70047
0.70067
0.700731
0.700682
0.700598
0.70056
0.700614
0.700752
0.700917
0.701031
0.701046
0.70098
0.700903
0.700884
0.700936
0.701009
0.701035
0.700982
0.700866
0.700721
0.700569
0.700412
0.700255
0.700105
0.699977
0.699876
0.699796
0.699722
0.699637
0.699535
0.69942
0.699313
0.699234
0.699205
0.699233
0.699313
0.699418
0.699518
0.699581
0.699599
0.69959
0.699591
0.699633
0.699705
0.699749
0.699687
0.699472
0.699122
0.698714
0.698349
0.698134
0.698167
0.698527
0.699242
0.700242
0.701341
0.702293
0.702899
0.703099
0.70298
0.7027
0.702393
0.70211
0.701823
0.701479
0.701053
0.700568
0.70007
0.699608
0.69922
0.698929
0.698739
0.698642
0.698614
0.698623
0.698636
0.698626
0.698582
0.698504
0.698407
0.69831
0.698239
0.698218
0.698272
0.698424
0.698713
0.699178
0.699803
0.700465
0.700974
0.701208
0.701185
0.701029
0.700874
0.700811
0.700877
0.701064
0.701344
0.701672
0.701983
0.702192
0.702215
0.702014
0.701618
0.701114
0.700604
0.700159
0.699792
0.69949
0.699263
0.699146
0.699182
0.69938
0.699704
0.700081
0.700429
0.700679
0.700801
0.700808
0.70074
0.700651
0.700577
0.700521
0.700455
0.700338
0.70013
0.699815
0.699403
0.698934
0.698475
0.698114
0.69793
0.697959
0.698163
0.698439
0.698679
0.698829
0.698915
0.699006
0.699156
0.699345
0.699478
0.699435
0.699157
0.698701
0.69823
0.697933
0.697903
0.698089
0.698372
0.698672
0.698962
0.699219
0.699408
0.699517
0.699583
0.699679
0.69988
0.700226
0.700703
0.701246
0.701757
0.702135
0.702313
0.702281
0.702083
0.701794
0.701497
0.701253
0.701084
0.700971
0.700877
0.700765
0.700621
0.70046
0.70031
0.700198
0.700127
0.700072
0.699995
0.699872
0.699713
0.699558
0.699454
0.699413
0.699389
0.699302
0.69909
0.698756
0.698367
0.698013
0.69777
0.697688
0.697784
0.698055
0.698482
0.699024
0.699608
0.700124
0.700463
0.700564
0.700446
0.700191
0.699889
0.699598
0.699326
0.699056
0.698781
0.698529
0.698372
0.698404
0.698703
0.699294
0.700123
0.701066
0.701962
0.70267
0.703107
0.70325
0.703115
0.702732
0.702149
0.701442
0.700708
0.700045
0.699515
0.69913
0.698885
0.698802
0.698906
0.699172
0.69952
0.699883
0.700261
0.700685
0.701146
0.701576
0.701886
0.702027
0.702008
0.701872
0.701662
0.701397
0.70108
0.700704
0.700277
0.699823
0.699389
0.699033
0.698807
0.698733
0.698786
0.698899
0.699008
0.699077
0.699091
0.699044
0.698932
0.69877
0.698593
0.698444
0.698363
0.698366
0.698449
0.698605
0.698853
0.699227
0.699744
0.700351
0.700927
0.701343
0.701543
0.701574
0.701534
0.701518
0.70158
0.701725
0.701918
0.702096
0.702193
0.702175
0.702045
0.701833
0.701566
0.701257
0.700904
0.700504
0.700062
0.699598
0.699139
0.69872
0.698387
0.69819
0.698177
0.698374
0.698766
0.699297
0.699894
0.700494
0.701056
0.701548
0.701935
0.702173
0.702229
0.702102
0.70183
0.70147
0.701075
0.700668
0.700258
0.699846
0.699448
0.699102
0.698863
0.698791
0.698919
0.699236
0.699673
0.700124
0.700491
0.700724
0.700829
0.700843
0.700802
0.700721
0.700598
0.700426
0.700203
0.699939
0.699661
0.699416
0.699253
0.699202
0.699247
0.699315
0.699308
0.699154
0.698845
0.698455
0.698101
0.697893
0.697905
0.698171
0.698677
0.699328
0.699938
0.700337
0.700483
0.700458
0.700374
0.700301
0.700257
0.700223
0.700165
0.700068
0.699955
0.699904
0.700005
0.70032
0.700831
0.701441
0.702015
0.702441
0.70267
0.702712
0.702616
0.702442
0.70224
0.702046
0.701859
0.701641
0.701333
0.700899
0.700362
0.69979
0.699268
0.69885
0.698545
0.698313
0.698076
0.697754
0.697316
0.696807
0.69635
0.696122
0.696293
0.696951
0.698043
0.699379
0.700719
0.701862
0.702681
0.703117
0.703169
0.702886
0.702348
0.701645
0.700864
0.70009
0.699419
0.69896
0.698803
0.698968
0.699369
0.699868
0.700351
0.700753
0.701053
0.701263
0.701405
0.701497
0.701537
0.701507
0.701387
0.701173
0.700887
0.700575
0.700289
0.700067
0.699923
0.699841
0.699793
0.699747
0.699685
0.699597
0.699491
0.699392
0.699334
0.699353
0.69947
0.699681
0.699957
0.700255
0.700532
0.700749
0.700878
0.700908
0.700846
0.700715
0.700547
0.700377
0.700254
0.700227
0.700331
0.700551
0.700816
0.701022
0.701092
0.701003
0.700782
0.700479
0.70015
0.699842
0.699598
0.699449
0.699407
0.699462
0.69959
0.699759
0.69994
0.70011
0.700251
0.70035
0.7004
0.700396
0.700336
0.700227
0.700089
0.699949
0.699833
0.699752
0.699691
0.699619
0.699507
0.699344
0.699147
0.698966
0.698884
0.698978
0.699252
0.699586
0.699805
0.699799
0.699579
0.699234
0.698885
0.698661
0.698673
0.698957
0.699418
0.699852
0.700076
0.700029
0.699757
0.699351
0.698888
0.698422
0.697991
0.697638
0.697397
0.697275
0.697262
0.697353
0.697551
0.697821
0.69809
0.698318
0.698545
0.698859
0.699323
0.699935
0.700636
0.70133
0.701914
0.702306
0.702468
0.702409
0.702166
0.701806
0.701433
0.701191
0.701221
0.701573
0.702137
0.702701
0.703095
0.703265
0.70324
0.703071
0.7028
0.702465
0.702095
0.70172
0.701365
0.70105
0.700778
0.700535
0.700289
0.700004
0.699659
0.699261
0.698847
0.698462
0.698149
0.697928
0.697798
0.697741
0.697748
0.697834
0.69803
0.698356
0.698778
0.699201
0.699506
0.69962
0.699583
0.699557
0.699709
0.700036
0.700313
0.700295
0.699933
0.699348
0.698697
0.698096
0.697619
0.697304
0.697158
0.697159
0.697268
0.697442
0.697649
0.697874
0.698132
0.698469
0.698928
0.699513
0.70016
0.700762
0.701237
0.701571
0.701801
0.70196
0.70205
0.702051
0.70194
0.701714
0.701395
0.701022
0.70064
0.700283
0.699973
0.699712
0.699491
0.699296
0.699119
0.698963
0.698853
0.698824
0.698913
0.699133
0.699449
0.699783
0.700061
0.700238
0.700309
0.700303
0.700277
0.700288
0.700355
0.70045
0.700519
0.700526
0.70049
0.700475
0.700557
0.700775
0.701105
0.701482
0.701844
0.702166
0.702449
0.702687
0.702833
0.702829
0.70265
0.702329
0.701938
0.701546
0.701188
0.700859
0.700529
0.700165
0.699759
0.699328
0.698908
0.698534
0.698231
0.698015
0.697909
0.69795
0.69817
0.698575
0.699106
0.699656
0.700117
0.700425
0.700571
0.70058
0.700485
0.700309
0.700074
0.699806
0.699544
0.699337
0.699233
0.69926
0.699397
0.699587
0.699763
0.699897
0.700007
0.700131
0.700286
0.700452
0.700578
0.70061
0.700523
0.700335
0.700117
0.699965
0.699972
0.700171
0.700503
0.700827
0.700994
0.70092
0.700627
0.700226
0.699889
0.699787
0.699998
0.700414
0.700786
0.700915
0.700764
0.700408
0.699948
0.699459
0.698994
0.698587
0.69826
0.698022
0.697871
0.697797
0.697786
0.697826
0.697909
0.698034
0.698204
0.698418
0.698673
0.698955
0.69924
0.699505
0.699736
0.699944
0.700164
0.700438
0.700773
0.701118
0.701372
0.701451
0.701329
0.701054
0.700714
0.700405
0.700203
0.700154
0.70026
0.700481
0.700743
0.70096
0.701072
0.701055
0.700924
0.700711
0.700451
0.700173
0.699906
0.699677
0.699506
0.699403
0.699359
0.699355
0.699363
0.699368
0.699369
0.699379
0.699417
0.699496
0.699614
0.699761
0.699927
0.700101
0.700273
0.700434
0.700578
0.700704
0.700815
0.700912
0.700988
0.701029
0.701023
0.700969
0.700879
0.700781
0.700707
0.700692
0.700757
0.700882
0.700996
0.701008
0.700856
0.700542
0.70012
0.699665
0.699238
0.69888
0.698608
0.69843
0.698353
0.69839
0.698555
0.698844
0.69922
0.699623
0.699987
0.700264
0.700427
0.700472
0.700408
0.700254
0.700032
0.699764
0.699467
0.699154
0.698832
0.698505
0.698186
0.697904
0.69773
0.697779
0.698169
0.698885
0.699695
0.700267
0.700429
0.70024
0.699876
0.699514
0.699281
0.69922
0.699289
0.699414
0.699566
0.69976
0.699998
0.700265
0.700558
0.700889
0.701243
0.701576
0.70183
0.701974
0.702016
0.701976
0.701863
0.70167
0.701393
0.701047
0.70066
0.700263
0.699875
0.699503
0.699145
0.698813
0.698537
0.698362
0.698322
0.698409
0.698576
0.698762
0.698941
0.699153
0.699479
0.699971
0.700572
0.701127
0.701481
0.701572
0.701437
0.701164
0.700844
0.700548
0.700319
0.700164
0.700053
0.699926
0.699719
0.699396
0.698961
0.698454
0.69794
0.697496
0.697203
0.697134
0.697335
0.697806
0.698498
0.699302
0.700069
0.700645
0.700939
0.700966
0.700842
0.700723
0.700735
0.700912
0.701184
0.701429
0.701552
0.701524
0.701358
0.701076
0.700703
0.700295
0.699936
0.699717
0.699705
0.699914
0.700298
0.700762
0.701186
0.701464
0.701543
0.701432
0.701193
0.700905
0.700647
0.700477
0.700433
0.700525
0.700735
0.701012
0.701298
0.701534
0.701679
0.701714
0.701642
0.701477
0.701233
0.700917
0.700539
0.700128
0.699747
0.699489
0.699442
0.699619
0.699916
0.700163
0.700232
0.700102
0.699838
0.699535
0.699273
0.699091
0.698981
0.698903
0.698828
0.698755
0.698713
0.698737
0.698838
0.698987
0.699123
0.699194
0.699181
0.699112
0.699048
0.699059
0.699205
0.699503
0.69992
0.700384
0.700825
0.701203
0.701504
0.701709
0.70179
0.701731
0.701549
0.701297
0.701038
0.700812
0.700621
0.70044
0.700235
0.699991
0.699719
0.699449
0.699213
0.699037
0.698926
0.698876
0.698883
0.698956
0.6991
0.699309
0.699543
0.699741
0.699836
0.699782
0.699589
0.699359
0.699291
0.699591
0.700278
0.701088
0.701697
0.702001
0.70212
0.702203
0.702318
0.702457
0.702582
0.702659
0.702671
0.70261
0.702474
0.702258
0.701965
0.701603
0.701198
0.700786
0.70041
0.70011
0.699911
0.699816
0.699807
0.699849
0.699903
0.699939
0.699939
0.699905
0.699846
0.699771
0.699672
0.699534
0.699337
0.699073
0.698747
0.698377
0.697991
0.697622
0.697309
0.697092
0.697002
0.697043
0.69718
0.697346
0.697465
0.697483
0.697383
0.697191
0.696966
0.6968
0.696802
0.697071
0.697646
0.698457
0.699326
0.700079
0.70064
0.701026
0.70128
0.701427
0.701489
0.701494
0.70147
0.701422
0.701319
0.701108
0.700759
0.70029
0.699758
0.699248
0.698845
0.698616
0.69859
0.698753
0.699061
0.699462
0.69991
0.700369
0.7008
0.701163
0.701426
0.701584
0.701652
0.701661
0.701635
0.701593
0.701545
0.701497
0.701453
0.701407
0.701353
0.701285
0.701194
0.701073
0.700911
0.700696
0.700423
0.700106
0.699783
0.699516
0.699365
0.699359
0.69948
0.699667
0.699845
0.699955
0.699974
0.699907
0.699776
0.699601
0.699379
0.699083
0.698683
0.698182
0.697643
0.697195
0.697
0.697178
0.69772
0.698454
0.699134
0.699595
0.699834
0.699952
0.700048
0.700165
0.700293
0.700405
0.700486
0.700545
0.7006
0.700655
0.700691
0.700671
0.700571
0.700418
0.7003
0.700328
0.700536
0.700831
0.701062
0.701146
0.70111
0.701036
0.700994
0.70102
0.701113
0.701248
0.701381
0.701463
0.701453
0.701326
0.701086
0.70076
0.70039
0.700008
0.699628
0.699247
0.698857
0.698484
0.698206
0.69813
0.698337
0.698812
0.699434
0.700037
0.700492
0.700742
0.700797
0.7007
0.700502
0.700242
0.69994
0.6996
0.699231
0.698864
0.698575
0.698482
0.698688
0.699182
0.699794
0.700294
0.700544
0.700543
0.700375
0.700142
0.699929
0.699787
0.699712
0.699667
0.699607
0.699521
0.699429
0.699372
0.699397
0.69955
0.699852
0.700258
0.70065
0.700884
0.700885
0.700681
0.700371
0.70006
0.699823
0.699696
0.699688
0.699783
0.699949
0.700132
0.700268
0.700294
0.700172
0.699897
0.699513
0.699103
0.698776
0.698625
0.698685
0.698927
0.699295
0.699741
0.700197
0.700549
0.700695
0.70062
0.700414
0.700205
0.700112
0.700206
0.700492
0.700902
0.701327
0.70167
0.701893
0.702008
0.702052
0.702049
0.702004
0.7019
0.70172
0.701456
0.701116
0.70072
0.700285
0.699826
0.699353
0.698875
0.698402
0.697956
0.697575
0.697315
0.697226
0.697329
0.697599
0.697983
0.698442
0.698969
0.699565
0.700203
0.700813
0.701323
0.701701
0.701971
0.702186
0.702388
0.702593
0.702791
0.702942
0.702994
0.702897
0.702624
0.702188
0.701633
0.701018
0.700397
0.699807
0.699269
0.698793
0.698388
0.698066
0.697842
0.697726
0.697716
0.697792
0.697914
0.698037
0.698125
0.698163
0.698157
0.698124
0.698085
0.69806
0.698071
0.698139
0.698291
0.698547
0.698912
0.699372
0.699892
0.700418
0.700889
0.701248
0.701461
0.701522
0.701461
0.70133
0.701193
0.701097
0.701061
0.701065
0.701059
0.700986
0.700802
0.700493
0.700079
0.69961
0.699154
0.698777
0.698536
0.698459
0.698546
0.698772
0.699091
0.699448
0.699787
0.700062
0.700248
0.700338
0.700334
0.700238
0.700057
0.699798
0.699479
0.699125
0.698769
0.698452
0.698227
0.698155
0.698293
0.698661
0.699193
0.699747
0.700183
0.700451
0.700617
0.700794
0.701064
0.701447
0.701903
0.702368
0.70277
0.703041
0.703139
0.703049
0.702791
0.702407
0.701945
0.701451
0.700959
0.700498
0.700087
0.699741
0.699465
0.699256
0.69911
0.699021
0.698983
0.698994
0.699052
0.699157
0.699307
0.699493
0.699697
0.699896
0.700074
0.700229
0.700367
0.700496
0.700621
0.700734
0.700824
0.700879
0.700892
0.700865
0.700809
0.700741
0.700685
0.700666
0.700708
0.700813
0.700952
0.701068
0.701106
0.701039
0.700881
0.700671
0.700456
0.700283
0.70019
0.700192
0.700268
0.700355
0.70038
0.700305
0.700144
0.699942
0.699744
0.699569
0.699416
0.69927
0.699124
0.698984
0.698875
0.698836
0.698903
0.699088
0.699369
0.699691
0.699988
0.700204
0.700303
0.700276
0.700133
0.699908
0.699648
0.699405
0.699233
0.69918
0.699277
0.699525
0.699879
0.70025
0.700529
0.700633
0.700538
0.70028
0.69994
0.699608
0.699366
0.699272
0.699354
0.699598
0.699946
0.700308
0.700606
0.700805
0.700914
0.700958
0.700958
0.70092
0.70085
0.700757
0.70065
0.700526
0.70037
0.700169
0.699937
0.699712
0.69955
0.69949
0.699547
0.699717
0.699983
0.700323
0.700707
0.701084
0.701388
0.701561
0.701575
0.70144
0.701193
0.700885
0.700561
0.70025
0.699967
0.699717
0.699502
0.699324
0.699195
0.699128
0.69914
0.699254
0.699494
0.699875
0.700371
0.700895
0.701327
0.701585
0.701658
0.701579
0.70139
0.701117
0.700778
0.700388
0.699965
0.699536
0.699127
0.698778
0.698529
0.69842
0.698467
0.698647
0.698893
0.699121
0.699265
0.699306
0.699263
0.699171
0.699066
0.698977
0.698925
0.698924
0.698973
0.699051
0.699121
0.699132
0.699048
0.698871
0.698649
0.69846
0.69838
0.698455
0.698679
0.699006
0.699371
0.699703
0.699947
0.700061
0.700027
0.69985
0.699561
0.69921
0.698844
0.698495
0.698171
0.697879
0.697654
0.697571
0.697726
0.69819
0.698971
0.699992
0.701097
0.70209
0.70281
0.703182
0.70323
0.703042
0.702726
0.70238
0.702074
0.701851
0.701723
0.70168
0.701683
0.70167
0.701567
0.701319
0.700909
0.700379
0.699821
0.699366
0.69915
0.69927
0.69972
0.700363
0.700974
0.701381
0.701547
0.701542
0.701459
0.701349
0.701213
0.701033
0.700798
0.700516
0.700206
0.699886
0.699567
0.699253
0.698956
0.698693
0.69849
0.698373
0.698354
0.698421
0.698535
0.698644
0.698697
0.698667
0.698559
0.698401
0.698231
0.698082
0.697973
0.697905
0.697865
0.697833
0.697796
0.697761
0.697766
0.697868
0.698125
0.698561
0.699137
0.699773
0.700381
0.700904
0.701313
0.701587
0.701716
0.701699
0.70155
0.701297
0.700977
0.700635
0.700326
0.700105
0.700012
0.700041
0.700144
0.700274
0.700425
0.700618
0.700832
0.700968
0.700906
0.700579
0.700011
0.699314
0.698687
0.698398
0.698624
0.699228
0.699836
0.700211
0.700408
0.700584
0.700799
0.701005
0.70112
0.701101
0.700958
0.700751
0.700555
0.700445
0.700462
0.700597
0.700794
0.700971
0.701049
0.70097
0.700727
0.70036
0.69994
0.699531
0.699176
0.698895
0.6987
0.698598
0.698582
0.698627
0.698696
0.698746
0.69876
0.698755
0.698786
0.698922
0.699214
0.69965
0.700153
0.700606
0.700918
0.701062
0.701083
0.701057
0.70105
0.701089
0.701149
0.701178
0.701135
0.701014
0.700843
0.700653
0.700459
0.700262
0.700049
0.699818
0.699589
0.699409
0.699339
0.699425
0.699649
0.699921
0.700128
0.700216
0.700209
0.70017
0.70015
0.700166
0.700199
0.700216
0.700194
0.700129
0.70004
0.699952
0.699882
0.699832
0.699792
0.699752
0.699712
0.699682
0.699678
0.699715
0.699802
0.699935
0.700091
0.700236
0.700326
0.700322
0.700211
0.700011
0.699765
0.699525
0.699337
0.699237
0.699255
0.699427
0.699769
0.700252
0.700773
0.701184
0.70135
0.701221
0.700846
0.700338
0.699828
0.699409
0.69912
0.698946
0.698835
0.698742
0.698648
0.698567
0.698533
0.698585
0.698763
0.699095
0.699586
0.700198
0.700841
0.701393
0.701734
0.701791
0.70155
0.701048
0.700368
0.699623
0.698955
0.69851
0.698387
0.698583
0.698988
0.699447
0.69982
0.700018
0.700013
0.699833
0.699555
0.699279
0.699108
0.699126
0.699365
0.699789
0.700283
0.7007
0.700933
0.700966
0.700873
0.700771
0.700768
0.700928
0.70124
0.70162
0.701925
0.702004
0.701763
0.701209
0.700448
0.699644
0.69897
0.69857
0.698522
0.698802
0.699288
0.699817
0.700249
0.700505
0.700557
0.700409
0.700085
0.69963
0.699111
0.698624
0.698282
0.698192
0.698411
0.6989
0.699537
0.700181
0.700732
0.701137
0.701357
0.701348
0.701095
0.700641
0.700103
0.69963
0.69935
0.699328
0.699532
0.699842
0.700105
0.700214
0.70015
0.699964
0.699729
0.6995
0.699297
0.699124
0.698989
0.698926
0.698984
0.699217
0.699652
0.700273
0.701017
0.701786
0.702468
0.702965
0.703215
0.703205
0.702968
0.702567
0.70207
0.701539
0.701016
0.700528
0.70008
0.699668
0.699281
0.698907
0.698541
0.69819
0.697866
0.697593
0.69739
0.69727
0.697237
0.697283
0.6974
0.697585
0.697846
0.698188
0.698615
0.699119
0.699675
0.700242
0.700764
0.701182
0.70145
0.701538
0.701443
0.701195
0.700848
0.700478
0.700155
0.699931
0.699824
0.699826
0.699915
0.70007
0.700267
0.700482
0.700694
0.700893
0.701088
0.701303
0.701555
0.701828
0.702058
0.702156
0.702047
0.70171
0.701182
0.70054
0.699885
0.699317
0.698924
0.698756
0.698808
0.699014
0.69927
0.699478
0.699595
0.699646
0.699699
0.699805
0.699946
0.700032
0.699978
0.699778
0.699522
0.699359
0.699458
0.699945
0.700772
0.701661
0.702275
0.702451
0.702246
0.701804
0.701256
0.700695
0.700184
0.699768
0.699478
0.699335
0.69935
0.699517
0.699803
0.700152
0.70049
0.700751
0.700888
0.700876
0.700709
0.7004
0.699989
0.699548
0.699168
0.698927
0.698871
0.698986
0.699213
0.699471
0.699686
0.699818
0.699873
0.699881
0.699875
0.699877
0.699903
0.699969
0.700073
0.700191
0.700295
0.700363
0.700383
0.700344
0.700234
0.700044
0.699773
0.699438
0.699076
0.698755
0.698567
0.69861
0.698923
0.69943
0.699946
0.700267
0.700292
0.700051
0.699652
0.699217
0.698829
0.698532
0.698344
0.698276
0.698324
0.698468
0.69867
0.698886
0.699097
0.699322
0.699618
0.700065
0.70072
0.701565
0.702449
0.703125
0.703388
0.7032
0.702674
0.701971
0.701235
0.700571
0.700051
0.699721
0.699598
0.699672
0.699907
0.700243
0.700605
0.700914
0.701099
0.701109
0.700929
0.700581
0.700113
0.699579
0.699018
0.698443
0.697864
0.697336
0.696986
0.696979
0.697394
0.698114
0.698873
0.699441
0.699746
0.69984
0.699816
0.699748
0.699682
0.699647
0.699669
0.699766
0.699938
0.700155
0.700358
0.700485
0.700504
0.700419
0.700269
0.700105
0.699971
0.699895
0.69988
0.699915
0.699994
0.700114
0.700271
0.700441
0.700572
0.700595
0.700449
0.700104
0.699588
0.698984
0.698418
0.698041
0.697995
0.698365
0.699111
0.70004
0.700896
0.701508
0.70185
0.701996
0.702024
0.701977
0.701868
0.7017
0.701485
0.701249
0.701035
0.700896
0.700895
0.701085
0.701467
0.701948
0.702356
0.702528
0.702388
0.701974
0.701395
0.700784
0.700249
0.699835
0.699523
0.699265
0.699036
0.698848
0.698728
0.698674
0.698651
0.698608
0.698505
0.698323
0.698065
0.697754
0.69744
0.697225
0.697253
0.697626
0.698269
0.698918
0.699326
0.699446
0.699388
0.69929
0.699258
0.699359
0.699602
0.699921
0.70021
0.700399
0.700511
0.70063
0.700831
0.701115
0.701394
0.70155
0.701508
0.701282
0.700953
0.700626
0.700402
0.700372
0.700592
0.70102
0.701468
0.701712
0.701655
0.701357
0.700933
0.700473
0.700028
0.69963
0.699309
0.699097
0.699028
0.699122
0.699377
0.699762
0.700214
0.700651
0.700993
0.70118
0.701181
0.700985
0.700606
0.700069
0.69942
0.698718
0.698038
0.697458
0.69706
0.696914
0.697057
0.697472
0.698083
0.698797
0.699552
0.700321
0.701087
0.701829
0.702522
0.703141
0.703618
0.703843
0.703727
0.703285
0.702628
0.701899
0.701208
0.700627
0.700196
0.699932
0.699813
0.699774
0.699716
0.699559
0.699285
0.69895
0.698656
0.698496
0.698525
0.698742
0.699089
0.69948
0.69983
0.700084
0.700229
0.700291
0.70031
0.70032
0.700331
0.700333
0.700307
0.700239
0.700121
0.699953
0.69975
0.699548
0.699383
0.699278
0.699219
0.699171
0.699102
0.699
0.698874
0.698748
0.698653
0.69862
0.698663
0.698765
0.698877
0.69894
0.698914
0.698792
0.698608
0.698414
0.698268
0.698204
0.698235
0.698342
0.698493
0.698641
0.698742
0.698772
0.698748
0.69874
0.698847
0.699159
0.699702
0.700415
0.70117
0.701826
0.702277
0.702483
0.702468
0.702297
0.702059
0.70184
0.701692
0.701611
0.701546
0.701437
0.70126
0.701022
0.700737
0.700419
0.700097
0.699815
0.699615
0.699503
0.699438
0.69937
0.699277
0.699191
0.699174
0.699291
0.699558
0.699934
0.700349
0.70075
0.701118
0.701444
0.701704
0.701852
0.701834
0.701612
0.701183
0.700593
0.69992
0.699244
0.69862
0.698076
0.697625
0.697271
0.697024
0.696891
0.696884
0.697011
0.697283
0.697714
0.698311
0.699058
0.699894
0.700719
0.701423
0.701916
0.702149
0.702143
0.701986
0.701798
0.701671
0.701642
0.701698
0.701796
0.701898
0.701992
0.702087
0.702194
0.702313
0.702419
0.702474
0.702441
0.702299
0.702041
0.701676
0.701224
0.700707
0.700148
0.699576
0.699019
0.69851
0.698075
0.697733
0.697488
0.69733
0.697237
0.697189
0.697174
0.697195
0.697267
0.697415
0.697662
0.698017
0.698469
0.69899
0.699544
0.700097
0.700621
0.701094
0.70149
0.701786
0.701966
0.702029
0.70199
0.701881
0.701743
0.701612
0.701512
0.701446
0.701393
0.701314
0.701167
0.700922
0.700578
0.700167
0.699747
0.699382
0.699117
0.698959
0.698886
0.698867
0.698884
0.698942
0.699049
0.699214
0.699429
0.699678
0.699934
0.700162
0.700329
0.700401
0.700348
0.700158
0.699846
0.699457
0.699057
0.698714
0.69848
0.698381
0.698412
0.698552
0.698766
0.699008
0.699224
0.699362
0.699398
0.699365
0.699362
0.699521
0.699917
0.700493
0.701058
0.70141
0.701447
0.701194
0.700738
0.70019
0.699656
0.699256
0.699116
0.699317
0.699794
0.700312
0.700628
0.700675
0.700582
0.700531
0.700624
0.700817
0.700963
0.700921
0.700639
0.700164
0.699585
0.698995
0.69847
0.698073
0.697845
0.697804
0.697936
0.698196
0.69852
0.698843
0.69912
0.699349
0.699548
0.699731
0.69988
0.699951
0.69991
0.699761
0.699547
0.699348
0.699256
0.699357
0.699676
0.70014
0.700583
0.700832
0.700811
0.700557
0.700177
0.69978
0.699454
0.699253
0.6992
0.699301
0.699546
0.699922
0.700416
0.701007
0.701643
0.702246
0.70272
0.702997
0.703066
0.70297
0.702783
0.702579
0.702403
0.702268
0.702153
0.702013
0.7018
0.701474
0.701013
0.700418
0.699715
0.698951
0.698194
0.697534
0.697069
0.69687
0.696934
0.697162
0.697398
0.697536
0.697599
0.697739
0.69815
0.698933
0.69999
0.70105
0.701826
0.702169
0.702121
0.701851
0.701554
0.701371
0.701357
0.701483
0.70165
0.70172
0.701576
0.701189
0.700615
0.699959
0.699318
0.698759
0.698321
0.698029
0.697913
0.698003
0.698317
0.698822
0.699426
0.700003
0.700437
0.700668
0.700697
0.700579
0.700397
0.700232
0.700142
0.700146
0.700218
0.700302
0.700338
0.700285
0.700136
0.699908
0.699637
0.699358
0.69909
0.698836
0.698595
0.698382
0.698242
0.698246
0.698473
0.698972
0.699723
0.700632
0.701553
0.702329
0.702847
0.703073
0.703053
0.702885
0.702672
0.702493
0.702386
0.702354
0.702382
0.702447
0.702526
0.702594
0.702617
0.702562
0.702399
0.702119
0.701732
0.701271
0.700775
0.700283
0.699825
0.699424
0.699093
0.698834
0.698638
0.698486
0.698362
0.698259
0.698187
0.698169
0.698233
0.698398
0.698666
0.699012
0.699389
0.699739
0.700011
0.70017
0.700203
0.700118
0.699935
0.699685
0.699401
0.699119
0.698869
0.698675
0.698548
0.698485
0.698471
0.698486
0.698515
0.698546
0.698576
0.698603
0.698636
0.698691
0.698809
0.699036
0.699383
0.699771
0.700057
0.70015
0.700114
0.700143
0.700396
0.700829
0.701202
0.701292
0.701064
0.700623
0.700104
0.699618
0.69928
0.699208
0.699479
0.700049
0.700727
0.701251
0.701431
0.701236
0.70076
0.700138
0.699488
0.698889
0.698399
0.698063
0.697924
0.698015
0.698341
0.698866
0.699514
0.700187
0.700799
0.701295
0.701653
0.701877
0.701983
0.70199
0.701917
0.701785
0.701616
0.701422
0.701211
0.70099
0.700761
0.700532
0.700306
0.700088
0.699883
0.699701
0.699563
0.69949
0.699497
0.699592
0.699774
0.70004
0.700374
0.70075
0.701122
0.701439
0.701666
0.701792
0.701827
0.701786
0.701673
0.701483
0.701205
0.700842
0.700423
0.700001
0.699641
0.699398
0.69929
0.699291
0.699349
0.699417
0.699482
0.699553
0.699648
0.699777
0.699948
0.700176
0.700464
0.700788
0.701112
0.701403
0.701624
0.701727
0.701666
0.70143
0.701045
0.700564
0.700043
0.699529
0.699065
0.698683
0.698413
0.698274
0.698258
0.698326
0.698406
0.698429
0.698375
0.698296
0.698291
0.698448
0.698783
0.699226
0.69965
0.699944
0.70006
0.700018
0.699883
0.699735
0.699645
0.699654
0.699773
0.69998
0.700229
0.700465
0.700649
0.700763
0.700811
0.7008
0.700737
0.70062
0.700451
0.700243
0.700022
0.699826
0.699693
0.699641
0.699659
0.699707
0.699744
0.699737
0.699669
0.699533
0.699329
0.699078
0.698834
0.698677
0.698661
0.698769
0.698916
0.699013
0.699027
0.698974
0.69888
0.698753
0.698591
0.698397
0.698197
0.698047
0.698026
0.698212
0.698645
0.699294
0.700049
0.700762
0.701306
0.701619
0.70172
0.701684
0.701605
0.701548
0.701539
0.701574
0.701631
0.701658
0.701567
0.701271
0.700755
0.700117
0.699542
0.699231
0.69931
0.699768
0.700457
0.701179
0.701779
0.702179
0.702358
0.702336
0.70215
0.701842
0.701452
0.701013
0.700556
0.700111
0.699713
0.699394
0.69918
0.699096
0.699157
0.699368
0.699711
0.70014
0.700577
0.700945
0.701185
0.701279
0.701234
0.701078
0.70084
0.700543
0.700202
0.699826
0.699419
0.698995
0.698573
0.698182
0.697851
0.697601
0.697439
0.697369
0.697411
0.697621
0.698052
0.698666
0.699294
0.699743
0.699961
0.700043
0.700111
0.700217
0.700322
0.700343
0.700222
0.699959
0.699615
0.699268
0.698987
0.698815
0.698768
0.698838
0.698997
0.699207
0.699427
0.699623
0.699777
0.699886
0.699959
0.700014
0.700068
0.700128
0.700192
0.700247
0.700278
0.700276
0.700246
0.700198
0.700151
0.700127
0.700149
0.700233
0.700388
0.700602
0.70085
0.701096
0.7013
0.701431
0.701479
0.701454
0.701381
0.701286
0.701191
0.701102
0.701017
0.700923
0.70081
0.700672
0.700514
0.700344
0.700177
0.700022
0.699892
0.699799
0.69976
0.699785
0.699876
0.700018
0.700181
0.700328
0.700422
0.700435
0.700352
0.700172
0.699905
0.699557
0.699134
0.698643
0.698102
0.697548
0.697038
0.696646
0.69646
0.696562
0.697003
0.69776
0.698709
0.699646
0.700377
0.70081
0.700957
0.700883
0.700665
0.700378
0.700079
0.699805
0.699572
0.699387
0.699261
0.699213
0.699262
0.699413
0.699644
0.699909
0.700155
0.700345
0.700473
0.700564
0.70066
0.700786
0.700944
0.701105
0.70123
0.701288
0.701269
0.701175
0.701012
0.700787
0.700514
0.700214
0.699918
0.69966
0.699462
0.699332
0.699251
0.69919
0.699132
0.699094
0.699115
0.699236
0.699467
0.699784
0.700142
0.700498
0.700819
0.701066
0.701189
0.701132
0.700882
0.700486
0.700051
0.699713
0.699595
0.699764
0.700224
0.700905
0.70167
0.702315
0.702635
0.70254
0.702099
0.701481
0.700855
0.700322
0.699915
0.699617
0.699397
0.699237
0.699128
0.699072
0.699073
0.69913
0.69924
0.699401
0.699613
0.699875
0.700184
0.700523
0.700856
0.701124
0.701258
0.701191
0.700885
0.700345
0.699635
0.698896
0.698353
0.698244
0.698668
0.699451
0.700198
0.700568
0.700475
0.700067
0.69955
0.69906
0.698633
0.698248
0.697889
0.697595
0.697449
0.697508
0.697717
0.697922
0.697988
0.697891
0.697708
0.697551
0.697512
0.697648
0.697973
0.698454
0.69902
0.699587
0.700098
0.700551
0.700982
0.701428
0.701882
0.702274
0.702493
0.70247
0.702235
0.701888
0.701512
0.701138
0.700763
0.700386
0.700032
0.699739
0.699546
0.699472
0.699511
0.69963
0.699792
0.699963
0.700132
0.700298
0.700461
0.700615
0.700748
0.700851
0.70091
0.7009
0.70079
0.700568
0.700267
0.699961
0.69973
0.699623
0.699622
0.699666
0.699692
0.69967
0.699604
0.699525
0.699466
0.699461
0.699535
0.699695
0.699916
0.700131
0.700253
0.700215
0.700016
0.699718
0.699429
0.699265
0.699325
0.699651
0.700209
0.700882
0.701515
0.701977
0.702203
0.702195
0.702005
0.701701
0.701347
0.70099
0.700656
0.700362
0.700122
0.69995
0.699867
0.69988
0.699977
0.700122
0.700258
0.70033
0.700301
0.700161
0.699925
0.699618
0.69926
0.698861
0.698437
0.698027
0.697711
0.697594
0.697734
0.698063
0.69841
0.698642
0.69877
0.698915
0.699195
0.699657
0.700254
0.700876
0.701399
0.701737
0.701872
0.701861
0.701792
0.701728
0.701676
0.701618
0.701553
0.701507
0.701491
0.701479
0.701421
0.701268
0.701004
0.700655
0.700291
0.700004
0.699875
0.69993
0.700125
0.700371
0.700598
0.700772
0.700885
0.700926
0.700872
0.700704
0.700418
0.700028
0.699566
0.699066
0.698563
0.698081
0.697639
0.697259
0.696971
0.696812
0.696813
0.696989
0.697338
0.697843
0.698469
0.699145
0.699776
0.700257
0.700503
0.700483
0.700235
0.699867
0.699516
0.699301
0.699269
0.699384
0.699551
0.69968
0.69973
0.699721
0.699703
0.699729
0.69983
0.700015
0.700266
0.700549
0.700831
0.701091
0.70132
0.701513
0.701654
0.701715
0.701672
0.701523
0.701306
0.701086
0.700927
0.700873
0.700933
0.701081
0.701266
0.701432
0.701535
0.701549
0.70147
0.701309
0.701086
0.700819
0.700528
0.700246
0.700025
0.699924
0.699977
0.70015
0.700348
0.700475
0.700501
0.700462
0.700414
0.700386
0.700364
0.700308
0.700179
0.699957
0.699647
0.699268
0.69885
0.69843
0.698049
0.697757
0.697606
0.697646
0.697901
0.698351
0.698917
0.699473
0.69989
0.700088
0.700076
0.699944
0.699834
0.699875
0.70014
0.700618
0.701226
0.701843
0.702352
0.702677
0.702793
0.702718
0.702491
0.702157
0.701758
0.701332
0.70092
0.700567
0.700316
0.700202
0.700227
0.700355
0.700508
0.700602
0.700572
0.7004
0.700109
0.699744
0.699358
0.698999
0.698704
0.698499
0.698402
0.698419
0.698542
0.698745
0.698984
0.699217
0.699429
0.69964
0.699874
0.700117
0.700307
0.700383
0.700327
0.700162
0.699904
0.699558
0.699129
0.698643
0.698143
0.697678
0.697306
0.697088
0.697082
0.69731
0.697736
0.698272
0.698809
0.699267
0.69962
0.699884
0.700095
0.700278
0.700424
0.700498
0.700468
0.700347
0.700222
0.700229
0.700484
0.700996
0.701636
0.702214
0.702579
0.702687
0.702585
0.702368
0.702137
0.701951
0.701822
0.70173
0.701664
0.70162
0.701586
0.701525
0.701396
0.701176
0.700871
0.700505
0.700105
0.699693
0.699291
0.698926
0.698625
0.698407
0.698282
0.698244
0.698292
0.698438
0.698711
0.699128
0.699652
0.700184
0.700616
0.700892
0.701013
0.701004
0.700881
0.700652
0.700331
0.699954
0.699574
0.699247
0.699014
0.698889
0.698859
0.698906
0.699026
0.69923
0.69952
0.699859
0.700185
0.70044
0.700608
0.700712
0.700787
0.700863
0.700948
0.701042
0.701129
0.701184
0.70118
0.701095
0.700918
0.700661
0.700349
0.700022
0.699723
0.699488
0.69934
0.699278
0.699286
0.699339
0.699412
0.699492
0.699575
0.699668
0.699777
0.699903
0.700036
0.700155
0.700243
0.700297
0.70033
0.700352
0.700355
0.700321
0.700249
0.700159
0.700066
0.699953
0.699788
0.699549
0.699257
0.698981
0.698809
0.69882
0.699039
0.699419
0.699861
0.700261
0.700564
0.700778
0.700929
0.701021
0.70102
0.700891
0.70062
0.700221
0.699728
0.699202
0.698732
0.698418
0.698361
0.698648
0.699322
0.700323
0.701447
0.702412
0.703
0.703143
0.702902
0.7024
0.701767
0.701103
0.700476
0.699928
0.699482
0.699153
0.698953
0.698888
0.698949
0.699112
0.699333
0.699556
0.69973
0.699817
0.699801
0.699687
0.6995
0.699286
0.699104
0.699023
0.699098
0.699343
0.699717
0.700128
0.700475
0.700684
0.700728
0.700624
0.700411
0.700133
0.69983
0.699535
0.699275
0.699063
0.698907
0.698809
0.698767
0.698782
0.698853
0.69898
0.699155
0.699362
0.69958
0.699787
0.699967
0.700103
0.700183
0.7002
0.700157
0.700069
0.699964
0.699872
0.699822
0.699839
0.699936
0.700123
0.700397
0.700737
0.701102
0.701433
0.701672
0.701778
0.701732
0.701543
0.701232
0.700823
0.70034
0.699799
0.69922
0.698643
0.698142
0.697842
0.697889
0.69837
0.699222
0.70021
0.701028
0.701443
0.701409
0.701043
0.70052
0.699992
0.699561
0.69928
0.699153
0.699134
0.699141
0.699089
0.698921
0.69863
0.698254
0.697861
0.697528
0.697307
0.697194
0.697131
0.697044
0.696909
0.696795
0.696862
0.697284
0.698142
0.699308
0.700461
0.701331
0.701879
0.702213
0.70239
0.702379
0.702137
0.701692
0.701144
0.700624
0.700236
0.700016
0.699934
0.699944
0.70001
0.700106
0.700215
0.70034
0.700484
0.700637
0.700767
0.700842
0.700843
0.700769
0.700637
0.70047
0.700296
0.700134
0.7
0.699908
0.699868
0.699883
0.69995
0.700058
0.700195
0.700355
0.700528
0.700696
0.700829
0.700905
0.700916
0.700877
0.700806
0.700715
0.700605
0.700469
0.700302
0.700108
0.699911
0.699754
0.699691
0.699758
0.699945
0.7002
0.700462
0.700696
0.700903
0.701099
0.701291
0.701466
0.701599
0.701676
0.701692
0.70165
0.701553
0.701401
0.701193
0.700927
0.700605
0.700232
0.699816
0.69937
0.698905
0.698437
0.69798
0.697555
0.697186
0.696903
0.696741
0.696726
0.696874
0.697182
0.697622
0.69815
0.698715
0.699274
0.699798
0.700259
0.70061
0.700803
0.700813
0.700663
0.700432
0.700221
0.700122
0.700185
0.700399
0.700691
0.70096
0.701119
0.701117
0.700949
0.700637
0.700222
0.699754
0.699281
0.698847
0.698491
0.698255
0.698184
0.698324
0.698704
0.699314
0.700085
0.700904
0.701648
0.702227
0.702605
0.702797
0.702842
0.702777
0.70262
0.702379
0.702059
0.701679
0.701265
0.700853
0.700467
0.70011
0.699761
0.699392
0.698987
0.698569
0.698202
0.697967
0.697934
0.698139
0.698563
0.699133
0.699731
0.700225
0.700515
0.700574
0.700443
0.700206
0.699956
0.699772
0.6997
0.699744
0.699872
0.70003
0.700175
0.700306
0.700464
0.700712
0.701067
0.701463
0.701772
0.701892
0.701803
0.701555
0.70122
0.700855
0.700504
0.700211
0.700029
0.700023
0.700241
0.700674
0.701225
0.701731
0.702049
0.702116
0.70195
0.701606
0.701146
0.700624
0.700085
0.699565
0.699083
0.698648
0.698261
0.697924
0.697652
0.697469
0.69741
0.697498
0.697737
0.698092
0.698502
0.698893
0.699206
0.699411
0.699503
0.699497
0.699418
0.699299
0.699181
0.69911
0.699129
0.699267
0.699512
0.699788
0.699981
0.699993
0.699787
0.699397
0.698889
0.698345
0.697862
0.697598
0.697777
0.69855
0.699715
0.700729
0.701188
0.701136
0.700861
0.700611
0.700506
0.700548
0.700675
0.700821
0.700955
0.701086
0.701222
0.701348
0.701432
0.701439
0.701355
0.701193
0.700998
0.700837
0.700782
0.700874
0.70109
0.701341
0.701523
0.701579
0.701514
0.701373
0.701195
0.701
0.700792
0.700573
0.700348
0.700119
0.6999
0.699709
0.699567
0.699471
0.699391
0.699287
0.69915
0.699011
0.698916
0.698885
0.698892
0.698878
0.69879
0.698605
0.698349
0.698087
0.697912
0.697919
0.698166
0.698656
0.69933
0.700074
0.70074
0.701179
0.701304
0.701138
0.70081
0.70049
0.700315
0.700328
0.700472
0.700637
0.700729
0.700719
0.700626
0.700498
0.700375
0.700268
0.700151
0.699991
0.699777
0.699546
0.699362
0.69928
0.699307
0.69939
0.699448
0.699429
0.699343
0.699246
0.699199
0.699238
0.699354
0.699509
0.699647
0.699716
0.699675
0.699502
0.699197
0.69878
0.698293
0.69781
0.69746
0.697399
0.697719
0.698329
0.698982
0.699451
0.699672
0.699711
0.699678
0.699693
0.699874
0.7003
0.700942
0.701629
0.702144
0.702344
0.702214
0.701827
0.701284
0.700683
0.700111
0.699638
0.699318
0.699183
0.699239
0.699473
0.69986
0.700363
0.700933
0.701502
0.701986
0.702305
0.702399
0.702255
0.701906
0.701417
0.700865
0.700325
0.699852
0.699484
0.699238
0.699115
0.699104
0.699178
0.699297
0.699407
0.699464
0.699442
0.699353
0.699255
0.699248
0.699453
0.699932
0.700615
0.701311
0.701835
0.702115
0.702188
0.702134
0.702021
0.701879
0.701699
0.701444
0.701076
0.700569
0.69992
0.699152
0.698316
0.697511
0.696897
0.696673
0.696959
0.697648
0.698446
0.699107
0.699587
0.699949
0.700242
0.700468
0.700621
0.700721
0.700803
0.7009
0.701023
0.701157
0.701277
0.701357
0.701379
0.70134
0.701249
0.70111
0.700917
0.70066
0.70034
0.69997
0.699574
0.699178
0.69881
0.698494
0.698247
0.698067
0.697935
0.697824
0.697714
0.697599
0.697486
0.697392
0.697342
0.697364
0.697486
0.697725
0.698068
0.698461
0.698818
0.699083
0.699308
0.699667
0.700336
0.701265
0.702097
0.702421
0.702103
0.701312
0.700329
0.699406
0.698728
0.69841
0.698499
0.698959
0.699687
0.700529
0.701333
0.701986
0.70244
0.702703
0.702814
0.702815
0.70273
0.702554
0.702267
0.701845
0.701285
0.700619
0.699916
0.699273
0.698791
0.698539
0.698525
0.698682
0.698891
0.69903
0.699036
0.698925
0.698778
0.698693
0.698748
0.698963
0.699304
0.699701
0.70008
0.700382
0.700574
0.700653
0.700646
0.700592
0.700543
0.700548
0.700653
0.700888
0.701253
0.701718
0.702225
0.702709
0.703112
0.703385
0.703496
0.703429
0.703188
0.702789
0.702268
0.701667
0.701035
0.700419
0.699861
0.699397
0.699053
0.698843
0.698766
0.698803
0.698917
0.699062
0.699184
0.699242
0.699211
0.699092
0.698913
0.698717
0.698551
0.69845
0.698426
0.698467
0.698548
0.698649
0.698771
0.698933
0.699147
0.699377
0.699539
0.699543
0.699361
0.699047
0.698703
0.698445
0.698362
0.698492
0.698825
0.699326
0.699951
0.700639
0.7013
0.701828
0.702153
0.702263
0.702202
0.702034
0.701818
0.701586
0.701346
0.70109
0.700817
0.700544
0.700304
0.700135
0.700062
0.700082
0.70016
0.700237
0.700241
0.700108
0.699805
0.699353
0.698855
0.698508
0.698549
0.699087
0.699948
0.700758
0.701239
0.701347
0.701188
0.700895
0.700583
0.700331
0.700179
0.700119
0.700102
0.700058
0.69993
0.699697
0.699379
0.69902
0.698676
0.698413
0.698305
0.698405
0.698695
0.699056
0.699325
0.699407
0.699322
0.699164
0.699032
0.698987
0.699046
0.699192
0.699391
0.699608
0.699816
0.699989
0.700106
0.700153
0.700136
0.700089
0.700067
0.700112
0.700215
0.700302
0.700267
0.700047
0.699652
0.699155
0.698642
0.698191
0.697863
0.697698
0.697715
0.697907
0.698247
0.698682
0.699134
0.699517
0.699771
0.699896
0.69997
0.700116
0.700444
0.700972
0.701605
0.702183
0.702575
0.702736
0.702694
0.702512
0.702263
0.702019
0.701843
0.701763
0.701765
0.701789
0.701758
0.70161
0.701312
0.700868
0.700319
0.699747
0.699263
0.698977
0.698952
0.699174
0.699575
0.700068
0.700567
0.700985
0.701249
0.701327
0.701238
0.701036
0.700782
0.700528
0.700312
0.700161
0.700087
0.700085
0.700124
0.700149
0.700105
0.699969
0.699758
0.699531
0.699366
0.699333
0.699471
0.699755
0.700095
0.70038
0.700531
0.700536
0.700429
0.700272
0.700134
0.70007
0.700107
0.700233
0.700395
0.70053
0.700595
0.700593
0.700565
0.700557
0.700595
0.700668
0.700735
0.700749
0.700675
0.700507
0.700275
0.700031
0.699832
0.699717
0.699691
0.699721
0.699758
0.699759
0.699702
0.699586
0.699427
0.699246
0.699061
0.698888
0.69874
0.698628
0.698562
0.698549
0.698593
0.698701
0.698884
0.699157
0.699522
0.699946
0.700351
0.700627
0.700679
0.700473
0.700076
0.699635
0.699307
0.699168
0.699179
0.699223
0.699191
0.699024
0.698707
0.698254
0.697705
0.697137
0.696669
0.696464
0.696689
0.697417
0.698544
0.699816
0.701002
0.702023
0.702888
0.70357
0.703971
0.704016
0.703727
0.703199
0.702543
0.701847
0.70118
0.7006
0.700165
0.69992
0.699878
0.699998
0.700183
0.700322
0.700347
0.700268
0.70017
0.700166
0.700319
0.700588
0.700845
0.700972
0.700949
0.700832
0.70068
0.70052
0.700342
0.70013
0.699879
0.699593
0.699287
0.698983
0.698713
0.698519
0.698454
0.698563
0.698855
0.69927
0.69968
0.699943
0.699981
0.699816
0.699548
0.699304
0.699198
0.699304
0.699618
0.700056
0.700479
0.700777
0.700915
0.700936
0.700911
0.700898
0.700918
0.700945
0.700934
0.700846
0.700663
0.700389
0.70004
0.699635
0.699204
0.698785
0.69843
0.698195
0.698135
0.698271
0.698565
0.698923
0.699229
0.699395
0.699386
0.699216
0.698937
0.698626
0.698379
0.698286
0.698394
0.698674
0.699047
0.699439
0.699814
0.700168
0.70049
0.700755
0.70094
0.701033
0.701049
0.701027
0.701014
0.701046
0.701126
0.701217
0.701267
0.701232
0.701085
0.700818
0.700426
0.699913
0.699297
0.69862
0.697952
0.697395
0.697069
0.697079
0.69744
0.698047
0.698716
0.699286
0.699686
0.699933
0.700088
0.700226
0.700413
0.700689
0.701051
0.701453
0.701819
0.702066
0.702134
0.701998
0.701678
0.701227
0.70072
0.700247
0.699907
0.699802
0.699999
0.700482
0.701112
0.701688
0.702047
0.702129
0.701954
0.70158
0.701079
0.700532
0.700015
0.699586
0.699275
0.699076
0.698962
0.698901
0.698882
0.698913
0.699024
0.69924
0.699563
0.699954
0.700342
0.700647
0.700818
0.700848
0.700777
0.700671
0.700595
0.700579
0.700595
0.700566
0.700412
0.700114
0.699726
0.699351
0.699096
0.699027
0.699146
0.699384
0.699646
0.699859
0.69999
0.700045
0.700036
0.699972
0.699858
0.699703
0.699525
0.699354
0.699215
0.699123
0.699074
0.699048
0.699034
0.69904
0.699099
0.699254
0.699518
0.699852
0.700167
0.700369
0.700414
0.700323
0.700162
0.699997
0.69984
0.699639
0.699331
0.698911
0.698458
0.698084
0.697883
0.697897
0.698121
0.698507
0.698977
0.699437
0.699809
0.700058
0.700197
0.700271
0.700334
0.700431
0.700582
0.700782
0.700992
0.701161
0.701243
0.701214
0.701082
0.700871
0.70062
0.700376
0.700197
0.700151
0.700298
0.700655
0.701147
0.701598
0.701819
0.701717
0.70135
0.700864
0.700419
0.700126
0.700018
0.700052
0.700137
0.70017
