0.0003787
0.00037907
0.000379272
0.000379517
0.000379803
0.00038013
0.000380498
0.000380904
0.000381348
0.000381828
0.000382342
0.00038289
0.000383469
0.000384079
0.000384717
0.000385382
0.000386073
0.000386787
0.000387524
0.000388281
0.000389057
0.000389851
0.00039066
0.000391483
0.000392319
0.000393166
0.000394023
0.000394887
0.000395758
0.000396634
0.000397512
0.000398393
0.000399274
0.000400154
0.000401032
0.000401905
0.000402774
0.000403636
0.000404489
0.000405334
0.000406168
0.000406991
0.000407802
0.0004086
0.000409383
0.000410151
0.000410905
0.000411642
0.000412364
0.00041307
0.000413759
0.000414433
0.000415092
0.000415735
0.000416365
0.000416981
0.000417584
0.000418176
0.000418757
0.00041933
0.000419895
0.000420454
0.000421008
0.000421558
0.000422106
0.000422653
0.000423201
0.00042375
0.000424302
0.000424858
0.000425419
0.000425986
0.000426559
0.000427139
0.000427727
0.000428322
0.000428925
0.000429536
0.000430155
0.000430783
0.000431418
0.000432061
0.000432711
0.000433369
0.000434033
0.000434703
0.000435379
0.000436061
0.000436747
0.000437438
0.000438132
0.000438829
0.000439529
0.00044023
0.000440933
0.000441636
0.000442338
0.00044304
0.000443739
0.000444436
0.000445129
0.000445817
0.0004465
0.000447177
0.000447846
0.000448506
0.000449157
0.000449798
0.000450426
0.000451042
0.000451644
0.000452231
0.000452803
0.000453357
0.000453894
0.000454413
0.000454913
0.000455394
0.000455855
0.000456296
0.000456717
0.000457118
0.000457499
0.000457861
0.000458205
0.00045853
0.000458838
0.000459131
0.000459408
0.000459672
0.000459924
0.000460166
0.000460399
0.000460625
0.000460845
0.000461062
0.000461277
0.000461491
0.000461707
0.000461926
0.00046215
0.000462379
0.000462615
0.00046286
0.000463114
0.000463377
0.000463651
0.000463936
0.000464231
0.000464538
0.000464856
0.000465184
0.000465522
0.000465869
0.000466225
0.000466588
0.000466957
0.000467331
0.000467709
0.00046809
0.000468472
0.000468855
0.000469235
0.000469613
0.000469987
0.000470356
0.000470718
0.000471072
0.000471418
0.000471754
0.000472078
0.000472391
0.000472692
0.000472979
0.000473252
0.000473511
0.000473755
0.000473984
0.000474196
0.000474394
0.000474574
0.000474739
0.000474887
0.00047502
0.000475137
0.000475239
0.000475326
0.000475398
0.000475457
0.000475502
0.000475536
0.000475558
0.00047557
0.000475573
0.000475567
0.000475555
0.000475537
0.000475514
0.000475489
0.000475462
0.000475434
0.000475406
0.000475381
0.000475358
0.00047534
0.000475327
0.00047532
0.00047532
0.000475327
0.000475343
0.000475367
0.000475401
0.000475444
0.000475497
0.00047556
0.000475633
0.000475716
0.000475807
0.000475909
0.000476019
0.000476137
0.000476264
0.000476397
0.000476537
0.000476683
0.000476834
0.00047699
0.000477149
0.000477312
0.000477476
0.000477641
0.000477807
0.000477974
0.000478139
0.000478303
0.000478465
0.000478624
0.00047878
0.000478933
0.000479083
0.000479228
0.00047937
0.000479508
0.000479642
0.000479773
0.0004799
0.000480025
0.000480148
0.00048027
0.00048039
0.000480511
0.000480632
0.000480755
0.000480881
0.00048101
0.000481143
0.000481281
0.000481425
0.000481576
0.000481734
0.0004819
0.000482074
0.000482257
0.000482448
0.000482648
0.000482857
0.000483074
0.0004833
0.000483533
0.000483773
0.00048402
0.000484273
0.000484531
0.000484793
0.000485059
0.000485328
0.000485599
0.000485871
0.000486144
0.000486416
0.000486688
0.000486957
0.000487225
0.00048749
0.000487752
0.000488011
0.000488265
0.000488516
0.000488762
0.000489004
0.000489241
0.000489474
0.000489702
0.000489925
0.000490143
0.000490357
0.000490566
0.000490771
0.000490971
0.000491168
0.00049136
0.000491548
0.000491732
0.000491913
0.00049209
0.000492264
0.000492435
0.000492604
0.000492769
0.000492932
0.000493092
0.000493251
0.000493408
0.000493563
0.000493717
0.000493869
0.00049402
0.000494171
0.000494321
0.00049447
0.000494619
0.000494768
0.000494916
0.000495064
0.000495212
0.000495359
0.000495506
0.000495653
0.000495798
0.000495942
0.000496085
0.000496226
0.000496365
0.0004965
0.000496633
0.000496761
0.000496884
0.000497002
0.000497115
0.00049722
0.000497318
0.000497409
0.00049749
0.000497563
0.000497627
0.00049768
0.000497724
0.000497757
0.00049778
0.000497792
0.000497794
0.000497785
0.000497766
0.000497737
0.000497699
0.000497652
0.000497596
0.000497532
0.000497461
0.000497382
0.000497297
0.000497207
0.00049711
0.000497009
0.000496903
0.000496794
0.000496681
0.000496565
0.000496445
0.000496323
0.000496198
0.000496071
0.000495941
0.000495809
0.000495674
0.000495537
0.000495397
0.000495255
0.000495109
0.000494961
0.000494809
0.000494655
0.000494496
0.000494334
0.000494168
0.000493998
0.000493823
0.000493644
0.000493461
0.000493273
0.000493081
0.000492884
0.000492682
0.000492475
0.000492264
0.000492049
0.000491829
0.000491605
0.000491377
0.000491144
0.000490909
0.000490669
0.000490427
0.000490182
0.000489935
0.000489686
0.000489435
0.000489183
0.00048893
0.000488676
0.000488422
0.000488169
0.000487916
0.000487665
0.000487414
0.000487166
0.00048692
0.000486677
0.000486436
0.000486199
0.000485966
0.000485736
0.000485511
0.00048529
0.000485073
0.000484862
0.000484656
0.000484454
0.000484259
0.000484069
0.000483884
0.000483706
0.000483533
0.000483366
0.000483204
0.000483049
0.000482899
0.000482753
0.000482613
0.000482478
0.000482346
0.000482219
0.000482094
0.000481972
0.000481853
0.000481734
0.000481616
0.000481498
0.000481379
0.000481258
0.000481135
0.000481009
0.00048088
0.000480747
0.00048061
0.000480467
0.000480319
0.000480166
0.000480008
0.000479844
0.000479674
0.0004795
0.00047932
0.000479136
0.000478947
0.000478755
0.00047856
0.000478362
0.000478162
0.000477962
0.000477762
0.000477563
0.000477365
0.00047717
0.000476979
0.000476793
0.000476612
0.000476437
0.00047627
0.000476111
0.000475962
0.000475822
0.000475694
0.000475576
0.000475471
0.000475378
0.000475298
0.000475232
0.000475179
0.00047514
0.000475115
0.000475104
0.000475107
0.000475124
0.000475154
0.000475197
0.000475254
0.000475323
0.000475404
0.000475497
0.000475601
0.000475716
0.000475841
0.000475974
0.000476116
0.000476266
0.000476422
0.000476585
0.000476753
0.000476925
0.000477101
0.000477279
0.000477459
0.000477639
0.000477819
0.000477998
0.000478175
0.000478348
0.000478518
0.000478682
0.000478841
0.000478993
0.000479138
0.000479274
0.000479401
0.000479519
0.000479627
0.000479724
0.00047981
0.000479885
0.000479948
0.00048
0.00048004
0.000480069
0.000480087
0.000480094
0.000480092
0.00048008
0.00048006
0.000480033
0.000479999
0.00047996
0.000479917
0.000479871
0.000479823
0.000479777
0.000479731
0.000479688
0.000479649
0.000479616
0.000479589
0.00047957
0.00047956
0.00047956
0.00047957
0.000479592
0.000479624
0.000479669
0.000479725
0.000479793
0.000479872
0.000479963
0.000480064
0.000480175
0.000480295
0.000480423
0.000480558
0.000480699
0.000480844
0.000480993
0.000481144
0.000481296
0.000481447
0.000481597
0.000481744
0.000481888
0.000482026
0.000482157
0.000482282
0.000482398
0.000482506
0.000482604
0.000482692
0.00048277
0.000482836
0.000482891
0.000482935
0.000482966
0.000482985
0.000482992
0.000482987
0.000482971
0.000482942
0.000482902
0.000482851
0.000482788
0.000482715
0.000482631
0.000482537
0.000482433
0.00048232
0.000482198
0.000482067
0.000481928
0.000481782
0.000481629
0.000481469
0.000481303
0.000481131
0.000480955
0.000480774
0.000480588
0.0004804
0.000480209
0.000480015
0.00047982
0.000479625
0.000479428
0.000479232
0.000479037
0.000478843
0.000478651
0.000478462
0.000478275
0.000478092
0.000477912
0.000477737
0.000477565
0.000477398
0.000477235
0.000477078
0.000476925
0.000476777
0.000476633
0.000476495
0.000476361
0.000476231
0.000476106
0.000475986
0.000475869
0.000475757
0.000475648
0.000475544
0.000475443
0.000475345
0.000475252
0.000475162
0.000475075
0.000474993
0.000474914
0.000474839
0.000474769
0.000474702
0.00047464
0.000474583
0.00047453
0.000474483
0.000474441
0.000474404
0.000474373
0.000474348
0.000474329
0.000474316
0.00047431
0.000474311
0.000474318
0.000474332
0.000474352
0.000474379
0.000474414
0.000474455
0.000474502
0.000474557
0.000474617
0.000474683
0.000474755
0.000474832
0.000474914
0.000475
0.000475091
0.000475185
0.000475282
0.000475381
0.000475482
0.000475583
0.000475685
0.000475787
0.000475887
0.000475985
0.000476081
0.000476173
0.000476261
0.000476344
0.000476423
0.000476495
0.00047656
0.000476619
0.000476671
0.000476715
0.000476752
0.000476781
0.000476803
0.000476817
0.000476825
0.000476827
0.000476823
0.000476813
0.000476801
0.000476785
0.000476767
0.000476748
0.000476729
0.000476711
0.000476697
0.000476686
0.00047668
0.00047668
0.000476688
0.000476703
0.000476727
0.00047676
0.000476803
0.000476857
0.000476921
0.000476995
0.00047708
0.000477175
0.00047728
0.000477394
0.000477517
0.000477648
0.000477786
0.000477929
0.000478078
0.000478231
0.000478387
0.000478545
0.000478705
0.000478864
0.000479023
0.00047918
0.000479335
0.000479487
0.000479635
0.000479778
0.000479917
0.00048005
0.000480178
0.000480299
0.000480415
0.000480523
0.000480625
0.00048072
0.000480808
0.000480888
0.000480961
0.000481027
0.000481084
0.000481134
0.000481176
0.000481211
0.000481237
0.000481255
0.000481265
0.000481267
0.00048126
0.000481246
0.000481224
0.000481194
0.000481156
0.000481111
0.000481059
0.000481001
0.000480936
0.000480865
0.00048079
0.00048071
0.000480625
0.000480538
0.000480448
0.000480358
0.000480266
0.000480174
0.000480083
0.000479994
0.000479908
0.000479825
0.000479747
0.000479674
0.000479607
0.000479548
0.000479496
0.000479452
0.000479417
0.000479391
0.000479376
0.00047937
0.000479375
0.00047939
0.000479416
0.000479453
0.000479499
0.000479556
0.000479623
0.000479699
0.000479784
0.000479877
0.000479978
0.000480085
0.000480198
0.000480316
0.000480437
0.000480561
0.000480686
0.000480812
0.000480936
0.000481059
0.000481178
0.000481293
0.000481402
0.000481505
0.0004816
0.000481686
0.000481763
0.00048183
0.000481885
0.000481928
0.00048196
0.000481979
0.000481985
0.000481978
0.000481958
0.000481926
0.00048188
0.000481822
0.000481752
0.000481671
0.000481579
0.000481476
0.000481364
0.000481243
0.000481115
0.00048098
0.00048084
0.000480694
0.000480545
0.000480394
0.00048024
0.000480087
0.000479934
0.000479783
0.000479634
0.000479489
0.000479348
0.000479212
0.000479083
0.000478961
0.000478846
0.000478739
0.000478642
0.000478553
0.000478474
0.000478406
0.000478347
0.000478299
0.000478262
0.000478234
0.000478217
0.00047821
0.000478213
0.000478226
0.000478247
0.000478277
0.000478314
0.000478359
0.00047841
0.000478466
0.000478528
0.000478593
0.000478662
0.000478733
0.000478805
0.000478879
0.000478952
0.000479024
0.000479094
0.000479162
0.000479227
0.000479289
0.000479346
0.0004794
0.000479448
0.000479492
0.00047953
0.000479563
0.000479591
0.000479613
0.000479631
0.000479643
0.000479651
0.000479654
0.000479653
0.000479647
0.000479639
0.000479627
0.000479612
0.000479596
0.000479577
0.000479556
0.000479534
0.000479512
0.000479488
0.000479464
0.00047944
0.000479415
0.000479391
0.000479366
0.000479342
0.000479317
0.000479293
0.000479268
0.000479244
0.000479219
0.000479195
0.00047917
0.000479145
0.000479119
0.000479094
0.000479069
0.000479044
0.000479018
0.000478994
0.00047897
0.000478947
0.000478925
0.000478904
0.000478885
0.000478869
0.000478855
0.000478843
0.000478836
0.000478831
0.000478831
0.000478835
0.000478843
0.000478856
0.000478874
0.000478896
0.000478924
0.000478958
0.000478996
0.000479039
0.000479087
0.00047914
0.000479198
0.00047926
0.000479326
0.000479397
0.00047947
0.000479548
0.000479628
0.000479711
0.000479797
0.000479886
0.000479976
0.000480069
0.000480164
0.00048026
0.000480359
0.000480458
0.00048056
0.000480663
0.000480767
0.000480873
0.000480981
0.00048109
0.0004812
0.000481312
0.000481425
0.000481539
0.000481654
0.00048177
0.000481887
0.000482004
0.000482121
0.000482239
0.000482356
0.000482472
0.000482587
0.000482701
0.000482813
0.000482923
0.00048303
0.000483134
0.000483235
0.000483332
0.000483425
0.000483513
0.000483596
0.000483674
0.000483747
0.000483814
0.000483875
0.00048393
0.00048398
0.000484023
0.00048406
0.000484092
0.000484118
0.000484139
0.000484155
0.000484166
0.000484173
0.000484177
0.000484177
0.000484174
0.00048417
0.000484164
0.000484157
0.000484149
0.000484142
0.000484135
0.00048413
0.000484126
0.000484126
0.000484128
0.000484133
0.000484143
0.000484157
0.000484175
0.000484199
0.000484228
0.000484262
0.000484302
0.000484348
0.0004844
0.000484458
0.000484522
0.000484591
0.000484666
0.000484746
0.00048483
0.00048492
0.000485013
0.00048511
0.000485209
0.000485312
0.000485415
0.00048552
0.000485626
0.00048573
0.000485834
0.000485936
0.000486036
0.000486132
0.000486224
0.000486312
0.000486394
0.000486471
0.000486542
0.000486605
0.000486662
0.000486711
0.000486752
0.000486785
0.000486809
0.000486824
0.000486831
0.000486828
0.000486816
0.000486795
0.000486765
0.000486725
0.000486676
0.000486619
0.000486552
0.000486476
0.000486393
0.0004863
0.0004862
0.000486092
0.000485977
0.000485856
0.000485728
0.000485594
0.000485455
0.000485312
0.000485165
0.000485014
0.00048486
0.000484704
0.000484546
0.000484387
0.000484226
0.000484066
0.000483906
0.000483745
0.000483585
0.000483426
0.000483267
0.00048311
0.000482953
0.000482798
0.000482643
0.000482489
0.000482336
0.000482184
0.000482033
0.000481882
0.000481733
0.000481584
0.000481436
0.000481289
0.000481143
0.000480999
0.000480856
0.000480716
0.000480577
0.000480441
0.000480308
0.000480177
0.000480049
0.000479926
0.000479805
0.000479688
0.000479575
0.000479466
0.000479361
0.000479259
0.000479161
0.000479067
0.000478975
0.000478886
0.000478799
0.000478714
0.000478631
0.000478548
0.000478466
0.000478383
0.000478299
0.000478213
0.000478125
0.000478035
0.000477941
0.000477843
0.00047774
0.000477633
0.00047752
0.000477402
0.000477277
0.000477147
0.00047701
0.000476867
0.000476717
0.000476561
0.000476399
0.000476231
0.000476057
0.000475878
0.000475693
0.000475505
0.000475313
0.000475117
0.000474918
0.000474717
0.000474514
0.00047431
0.000474106
0.000473902
0.000473699
0.000473498
0.000473299
0.000473103
0.00047291
0.000472721
0.000472538
0.000472359
0.000472186
0.000472019
0.000471859
0.000471705
0.00047156
0.000471421
0.000471291
0.000471168
0.000471054
0.000470948
0.000470851
0.000470761
0.000470681
0.000470608
0.000470544
0.000470487
0.000470438
0.000470396
0.000470361
0.000470333
0.000470311
0.000470295
0.000470283
0.000470277
0.000470274
0.000470275
0.000470279
0.000470286
0.000470294
0.000470303
0.000470314
0.000470325
0.000470335
0.000470346
0.000470355
0.000470363
0.000470369
0.000470373
0.000470375
0.000470375
0.000470372
0.000470366
0.000470358
0.000470347
0.000470333
0.000470317
0.000470299
0.000470278
0.000470255
0.000470229
0.000470203
0.000470174
0.000470144
0.000470113
0.000470081
0.000470049
0.000470016
0.000469983
0.00046995
0.000469917
0.000469886
0.000469855
0.000469826
0.000469798
0.000469772
0.000469748
0.000469726
0.000469706
0.00046969
0.000469676
0.000469665
0.000469657
0.000469653
0.000469652
0.000469654
0.000469658
0.000469667
0.000469678
0.000469692
0.000469709
0.000469728
0.00046975
0.000469774
0.000469799
0.000469825
0.000469853
0.00046988
0.000469908
0.000469936
0.000469962
0.000469988
0.000470012
0.000470034
0.000470054
0.00047007
0.000470083
0.000470093
0.000470099
0.000470101
0.000470098
0.00047009
0.000470078
0.00047006
0.000470037
0.00047001
0.000469977
0.000469939
0.000469897
0.00046985
0.000469799
0.000469743
0.000469684
0.000469621
0.000469555
0.000469487
0.000469415
0.000469342
0.000469267
0.000469191
0.000469114
0.000469036
0.000468957
0.000468878
0.0004688
0.000468722
0.000468644
0.000468566
0.000468489
0.000468413
0.000468338
0.000468264
0.000468191
0.00046812
0.000468049
0.000467979
0.000467911
0.000467844
0.000467778
0.000467714
0.000467652
0.000467592
0.000467533
0.000467477
0.000467424
0.000467373
0.000467326
0.000467281
0.000467241
0.000467204
0.000467172
0.000467145
0.000467122
0.000467105
0.000467094
0.000467088
0.000467088
0.000467094
0.000467107
0.000467126
0.000467151
0.000467183
0.000467221
0.000467266
0.000467316
0.000467373
0.000467436
0.000467504
0.000467577
0.000467655
0.000467737
0.000467823
0.000467912
0.000468003
0.000468097
0.000468192
0.000468287
0.000468383
0.000468478
0.000468572
0.000468664
0.000468754
0.00046884
0.000468923
0.000469002
0.000469076
0.000469145
0.000469209
0.000469266
0.000469319
0.000469364
0.000469404
0.000469437
0.000469465
0.000469486
0.000469501
0.000469511
0.000469515
0.000469515
0.00046951
0.000469502
0.00046949
0.000469475
0.000469458
0.000469439
0.000469418
0.000469397
0.000469376
0.000469354
0.000469334
0.000469315
0.000469297
0.00046928
0.000469266
0.000469254
0.000469244
0.000469236
0.000469231
0.000469229
0.000469228
0.00046923
0.000469234
0.000469239
0.000469247
0.000469256
0.000469266
0.000469277
0.000469288
0.0004693
0.000469313
0.000469325
0.000469338
0.00046935
0.000469362
0.000469373
0.000469384
0.000469394
0.000469403
0.000469411
0.000469419
0.000469426
0.000469433
0.000469439
0.000469445
0.00046945
0.000469456
0.000469461
0.000469467
0.000469472
0.000469478
0.000469484
0.000469491
0.000469498
0.000469506
0.000469515
0.000469524
0.000469534
0.000469546
0.000469558
0.000469571
0.000469585
0.0004696
0.000469617
0.000469634
0.000469653
0.000469673
0.000469694
0.000469718
0.000469742
0.000469768
0.000469796
0.000469826
0.000469857
0.00046989
0.000469926
0.000469963
0.000470003
0.000470044
0.000470087
0.000470133
0.00047018
0.000470229
0.000470279
0.000470331
0.000470385
0.000470439
0.000470494
0.00047055
0.000470606
0.000470662
0.000470718
0.000470773
0.000470827
0.000470879
0.000470931
0.000470979
0.000471026
0.00047107
0.00047111
0.000471147
0.000471181
0.000471211
0.000471236
0.000471258
0.000471274
0.000471286
0.000471293
0.000471295
0.000471292
0.000471284
0.00047127
0.000471252
0.000471227
0.000471198
0.000471165
0.000471126
0.000471083
0.000471036
0.000470985
0.00047093
0.000470871
0.00047081
0.000470746
0.00047068
0.000470612
0.000470543
0.000470474
0.000470404
0.000470334
0.000470265
0.000470197
0.000470132
0.000470068
0.000470008
0.000469951
0.000469897
0.000469849
0.000469805
0.000469767
0.000469734
0.000469708
0.000469687
0.000469674
0.000469668
0.000469668
0.000469675
0.00046969
0.000469711
0.000469738
0.000469772
0.000469813
0.000469859
0.000469911
0.000469967
0.000470028
0.000470092
0.00047016
0.000470231
0.000470303
0.000470377
0.000470452
0.000470527
0.000470602
0.000470676
0.000470748
0.000470819
0.000470887
0.000470952
0.000471014
0.000471072
0.000471125
0.000471175
0.000471219
0.000471257
0.000471291
0.000471318
0.000471339
0.000471353
0.000471361
0.000471362
0.000471356
0.000471344
0.000471325
0.000471299
0.000471267
0.000471228
0.000471184
0.000471134
0.000471079
0.000471019
0.000470955
0.000470886
0.000470815
0.00047074
0.000470663
0.000470583
0.000470502
0.000470419
0.000470335
0.00047025
0.000470164
0.000470077
0.00046999
0.000469902
0.000469814
0.000469726
0.000469637
0.000469548
0.000469459
0.00046937
0.000469281
0.000469194
0.000469107
0.000469022
0.00046894
0.00046886
0.000468785
0.000468713
0.000468648
0.000468588
0.000468536
0.000468493
0.000468458
0.000468434
0.000468421
0.00046842
0.00046843
0.000468454
0.000468492
0.000468542
0.000468607
0.000468685
0.000468776
0.00046888
0.000468997
0.000469126
0.000469265
0.000469414
0.000469572
0.000469737
0.000469909
0.000470086
0.000470266
0.000470449
0.000470633
0.000470816
0.000470999
0.000471178
0.000471355
0.000471527
0.000471694
0.000471855
0.00047201
0.000472158
0.000472298
0.000472432
0.000472558
0.000472676
0.000472787
0.000472891
0.000472986
0.000473075
0.000473156
0.000473229
0.000473296
0.000473355
0.000473407
0.000473451
0.000473489
0.000473518
0.000473541
0.000473555
0.000473561
0.000473559
0.000473549
0.000473531
0.000473503
0.000473467
0.000473422
0.000473369
0.000473306
0.000473235
0.000473155
0.000473067
0.000472971
0.000472867
0.000472756
0.000472638
0.000472515
0.000472386
0.000472252
0.000472114
0.000471973
0.000471829
0.000471684
0.000471537
0.00047139
0.000471243
0.000471097
0.000470953
0.000470811
0.000470672
0.000470536
0.000470403
0.000470275
0.000470152
0.000470033
0.000469919
0.00046981
0.000469706
0.000469608
0.000469515
0.000469429
0.000469348
0.000469273
0.000469205
0.000469143
0.000469088
0.000469039
0.000468998
0.000468965
0.00046894
0.000468923
0.000468915
0.000468915
0.000468926
0.000468946
0.000468977
0.000469018
0.000469071
0.000469134
0.000469208
0.000469294
0.000469392
0.0004695
0.000469619
0.000469749
0.000469889
0.000470039
0.000470198
0.000470365
0.000470541
0.000470722
0.00047091
0.000471103
0.0004713
0.0004715
0.000471702
0.000471905
0.000472109
0.000472312
0.000472513
0.000472712
0.000472908
0.000473101
0.000473289
0.000473473
0.000473651
0.000473824
0.000473992
0.000474153
0.000474309
0.000474459
0.000474603
0.000474741
0.000474873
0.000474999
0.00047512
0.000475236
0.000475346
0.000475451
0.000475551
0.000475646
0.000475737
0.000475822
0.000475903
0.00047598
0.000476052
0.000476119
0.000476182
0.00047624
0.000476293
0.000476342
0.000476386
0.000476425
0.000476459
0.000476488
0.000476512
0.000476531
0.000476545
0.000476554
0.000476558
0.000476556
0.00047655
0.000476539
0.000476522
0.000476502
0.000476476
0.000476447
0.000476414
0.000476377
0.000476337
0.000476293
0.000476247
0.0004762
0.00047615
0.000476099
0.000476047
0.000475995
0.000475943
0.000475891
0.00047584
0.000475791
0.000475743
0.000475698
0.000475654
0.000475613
0.000475575
0.000475539
0.000475507
0.000475478
0.000475451
0.000475427
0.000475407
0.000475389
0.000475374
0.000475361
0.000475351
0.000475343
0.000475336
0.000475331
0.000475328
0.000475326
0.000475324
0.000475324
0.000475323
0.000475323
0.000475323
0.000475323
0.000475322
0.000475321
0.000475318
0.000475315
0.00047531
0.000475303
0.000475294
0.000475284
0.000475271
0.000475255
0.000475237
0.000475216
0.000475191
0.000475163
0.000475131
0.000475095
0.000475056
0.000475012
0.000474963
0.000474911
0.000474854
0.000474793
0.000474727
0.000474658
0.000474584
0.000474506
0.000474425
0.00047434
0.000474252
0.000474162
0.000474068
0.000473973
0.000473875
0.000473777
0.000473677
0.000473576
0.000473475
0.000473373
0.000473272
0.000473171
0.00047307
0.000472971
0.000472873
0.000472776
0.000472682
0.000472589
0.000472498
0.00047241
0.000472325
0.000472243
0.000472164
0.000472089
0.000472018
0.000471951
0.000471889
0.000471831
0.000471778
0.00047173
0.000471686
0.000471648
0.000471615
0.000471588
0.000471565
0.000471547
0.000471534
0.000471525
0.00047152
0.000471519
0.000471521
0.000471526
0.000471533
0.000471541
0.000471549
0.000471558
0.000471565
0.00047157
0.000471573
0.000471573
0.000471569
0.00047156
0.000471545
0.000471523
0.000471495
0.00047146
0.000471416
0.000471365
0.000471304
0.000471235
0.000471157
0.00047107
0.000470974
0.000470868
0.000470755
0.000470632
0.000470502
0.000470364
0.000470219
0.000470068
0.00046991
0.000469748
0.000469581
0.00046941
0.000469236
0.00046906
0.000468882
0.000468704
0.000468525
0.000468347
0.00046817
0.000467995
0.000467822
0.000467652
0.000467485
0.000467323
0.000467164
0.00046701
0.000466861
0.000466716
0.000466577
0.000466443
0.000466315
0.000466193
0.000466075
0.000465964
0.000465858
0.000465757
0.000465663
0.000465574
0.000465491
0.000465414
0.000465342
0.000465277
0.000465218
0.000465165
0.000465119
0.000465079
0.000465046
0.00046502
0.000465002
0.000464991
0.000464989
0.000464994
0.000465009
0.000465032
0.000465064
0.000465107
0.000465158
0.00046522
0.000465292
0.000465375
0.000465468
0.000465571
0.000465686
0.000465812
0.000465948
0.000466095
0.000466254
0.000466422
0.000466602
0.000466791
0.000466991
0.0004672
0.000467419
0.000467647
0.000467884
0.000468129
0.000468381
0.000468642
0.000468909
0.000469182
0.000469462
0.000469747
0.000470037
0.000470332
0.00047063
0.000470933
0.000471239
0.000471547
0.000471859
0.000472172
0.000472487
0.000472804
0.000473122
0.00047344
0.00047376
0.00047408
0.0004744
0.000474719
0.00047504
0.000475359
0.000475678
0.000475996
0.000476313
0.000476629
0.000476944
0.000477257
0.000477569
0.000477879
0.000478187
0.000478493
0.000478796
0.000479096
0.000479394
0.000479688
0.000479978
0.000480265
0.000480548
0.000480826
0.000481099
0.000481368
0.000481631
0.000481888
0.000482139
0.000482385
0.000482624
0.000482857
0.000483083
0.000483302
0.000483513
0.000483717
0.000483913
0.000484101
0.000484281
0.000484453
0.000484617
0.000484772
0.000484917
0.000485054
0.000485181
0.000485298
0.000485406
0.000485503
0.000485591
0.000485668
0.000485734
0.00048579
0.000485835
0.000485869
0.000485893
0.000485906
0.000485909
0.000485902
0.000485885
0.000485858
0.000485823
0.00048578
0.000485728
0.00048567
0.000485605
0.000485535
0.00048546
0.000485381
0.0004853
0.000485217
0.000485133
0.000485049
0.000484966
0.000484885
0.000484807
0.000484733
0.000484663
0.000484599
0.00048454
0.000484489
0.000484444
0.000484407
0.000484378
0.000484357
0.000484345
0.00048434
0.000484345
0.000484357
0.000484378
0.000484406
0.000484441
0.000484484
0.000484532
0.000484587
0.000484646
0.00048471
0.000484777
0.000484847
0.000484919
0.000484992
0.000485066
0.000485139
0.000485212
0.000485283
0.000485351
0.000485418
0.00048548
0.00048554
0.000485595
0.000485646
0.000485692
0.000485734
0.000485771
0.000485802
0.00048583
0.000485852
0.000485869
0.000485882
0.000485889
0.000485893
0.000485892
0.000485886
0.000485877
0.000485863
0.000485846
0.000485824
0.000485799
0.00048577
0.000485738
0.000485701
0.000485661
0.000485618
0.00048557
0.000485518
0.000485462
0.000485401
0.000485336
0.000485266
0.000485191
0.000485111
0.000485026
0.000484935
0.000484838
0.000484736
0.000484627
0.000484512
0.00048439
0.000484263
0.000484129
0.000483988
0.000483841
0.000483688
0.000483529
0.000483364
0.000483194
0.000483019
0.00048284
0.000482656
0.000482469
0.00048228
0.000482088
0.000481895
0.000481701
0.000481506
0.000481313
0.000481121
0.000480931
0.000480743
0.00048056
0.00048038
0.000480205
0.000480035
0.000479871
0.000479712
0.000479561
0.000479415
0.000479277
0.000479145
0.00047902
0.000478902
0.00047879
0.000478685
0.000478586
0.000478492
0.000478404
0.000478321
0.000478243
0.000478168
0.000478097
0.000478029
0.000477963
0.000477899
0.000477835
0.000477773
0.00047771
0.000477647
0.000477582
0.000477516
0.000477448
0.000477377
0.000477303
0.000477225
0.000477144
0.000477059
0.000476969
0.000476875
0.000476775
0.000476671
0.000476563
0.000476448
0.000476328
0.000476203
0.000476073
0.000475937
0.000475796
0.000475651
0.0004755
0.000475345
0.000475186
0.000475023
0.000474857
0.000474688
0.000474517
0.000474345
0.000474172
0.000474
0.000473829
0.00047366
0.000473495
0.000473333
0.000473177
0.000473027
0.000472885
0.00047275
0.000472624
0.000472508
0.000472403
0.000472308
0.000472225
0.000472153
0.000472093
0.000472044
0.000472007
0.000471981
0.000471966
0.000471962
0.000471966
0.00047198
0.000472001
0.000472029
0.000472064
0.000472104
0.000472148
0.000472195
0.000472245
0.000472297
0.00047235
0.000472403
0.000472455
0.000472508
0.000472559
0.000472609
0.000472659
0.000472707
0.000472754
0.0004728
0.000472845
0.00047289
0.000472935
0.00047298
0.000473026
0.000473072
0.00047312
0.000473168
0.000473218
0.000473269
0.00047332
0.000473373
0.000473426
0.000473479
0.000473531
0.000473582
0.000473632
0.000473678
0.000473722
0.000473761
0.000473795
0.000473822
0.000473843
0.000473856
0.00047386
0.000473855
0.000473841
0.000473815
0.000473779
0.000473732
0.000473672
0.000473601
0.000473518
0.000473423
0.000473317
0.000473199
0.000473071
0.000472933
0.000472785
0.000472628
0.000472464
0.000472293
0.000472116
0.000471934
0.000471748
0.000471559
0.000471369
0.000471178
0.000470989
0.000470801
0.000470615
0.000470434
0.000470257
0.000470085
0.00046992
0.000469762
0.000469611
0.000469468
0.000469333
0.000469207
0.000469088
0.000468979
0.000468878
0.000468785
0.000468701
0.000468624
0.000468555
0.000468494
0.000468439
0.00046839
0.000468347
0.000468309
0.000468277
0.000468248
0.000468223
0.0004682
0.000468181
0.000468163
0.000468147
0.000468131
0.000468117
0.000468102
0.000468087
0.000468071
0.000468054
0.000468036
0.000468016
0.000467995
0.000467973
0.000467949
0.000467923
0.000467895
0.000467866
0.000467836
0.000467805
0.000467772
0.00046774
0.000467706
0.000467673
0.00046764
0.000467608
0.000467576
0.000467545
0.000467515
0.000467487
0.00046746
0.000467435
0.000467412
0.000467391
0.000467373
0.000467357
0.000467344
0.000467334
0.000467327
0.000467323
0.000467323
0.000467326
0.000467333
0.000467344
0.000467358
0.000467378
0.000467401
0.000467429
0.000467463
0.000467501
0.000467543
0.000467591
0.000467644
0.000467702
0.000467765
0.000467832
0.000467905
0.000467981
0.000468062
0.000468147
0.000468235
0.000468326
0.00046842
0.000468516
0.000468615
0.000468714
0.000468815
0.000468917
0.00046902
0.000469123
0.000469226
0.000469328
0.00046943
0.000469532
0.000469634
0.000469735
0.000469836
0.000469937
0.000470038
0.000470139
0.000470241
0.000470345
0.000470449
0.000470556
0.000470664
0.000470775
0.000470889
0.000471006
0.000471127
0.000471251
0.000471379
0.000471512
0.000471649
0.000471791
0.000471937
0.000472089
0.000472245
0.000472407
0.000472573
0.000472745
0.000472922
0.000473103
0.00047329
0.000473481
0.000473677
0.000473878
0.000474082
0.000474291
0.000474502
0.000474717
0.000474935
0.000475155
0.000475376
0.000475599
0.000475823
0.000476046
0.000476269
0.00047649
0.000476709
0.000476926
0.000477138
0.000477347
0.00047755
0.000477747
0.000477938
0.00047812
0.000478295
0.000478461
0.000478617
0.000478762
0.000478897
0.00047902
0.000479132
0.000479232
0.000479319
0.000479393
0.000479455
0.000479504
0.00047954
0.000479563
0.000479574
0.000479572
0.000479559
0.000479534
0.000479497
0.000479451
0.000479394
0.000479328
0.000479254
0.000479171
0.000479081
0.000478985
0.000478883
0.000478777
0.000478666
0.000478552
0.000478435
0.000478316
0.000478197
0.000478077
0.000477957
0.000477837
0.000477718
0.000477602
0.000477487
0.000477374
0.000477264
0.000477157
0.000477052
0.000476951
0.000476852
0.000476758
0.000476666
0.000476578
0.000476493
0.000476411
0.000476333
0.000476258
0.000476186
0.000476118
0.000476052
0.00047599
0.000475931
0.000475876
0.000475823
0.000475773
0.000475727
0.000475684
0.000475644
0.000475607
0.000475572
0.000475541
0.000475513
0.000475488
0.000475465
0.000475444
0.000475425
0.000475409
0.000475394
0.00047538
0.000475368
0.000475356
0.000475345
0.000475334
0.000475322
0.000475311
0.000475299
0.000475286
0.000475272
0.000475257
0.00047524
0.000475223
0.000475204
0.000475184
0.000475162
0.00047514
0.000475117
0.000475094
0.000475071
0.000475049
0.000475027
0.000475008
0.000474991
0.000474976
0.000474965
0.000474959
0.000474957
0.00047496
0.00047497
0.000474986
0.00047501
0.000475041
0.00047508
0.000475127
0.000475183
0.000475248
0.000475321
0.000475403
0.000475494
0.000475593
0.0004757
0.000475815
0.000475938
0.000476067
0.000476202
0.000476343
0.000476488
0.000476637
0.000476789
0.000476944
0.000477099
0.000477255
0.000477411
0.000477564
0.000477716
0.000477864
0.000478008
0.000478147
0.000478281
0.000478408
0.000478528
0.00047864
0.000478745
0.00047884
0.000478926
0.000479004
0.000479071
0.000479129
0.000479178
0.000479216
0.000479246
0.000479266
0.000479278
0.000479281
0.000479276
0.000479263
0.000479244
0.000479219
0.000479189
0.000479154
0.000479115
0.000479074
0.000479031
0.000478987
0.000478943
0.0004789
0.000478858
0.000478818
0.000478782
0.000478749
0.000478721
0.000478697
0.000478678
0.000478665
0.000478658
0.000478656
0.000478659
0.000478668
0.000478682
0.000478701
0.000478725
0.000478752
0.000478782
0.000478815
0.00047885
0.000478885
0.000478921
0.000478956
0.00047899
0.000479022
0.000479051
0.000479076
0.000479097
0.000479114
0.000479125
0.000479131
0.000479132
0.000479126
0.000479115
0.000479097
0.000479074
0.000479046
0.000479012
0.000478974
0.000478932
0.000478887
0.000478838
0.000478788
0.000478736
0.000478683
0.00047863
0.000478579
0.000478528
0.000478481
0.000478436
0.000478396
0.000478359
0.000478328
0.000478302
0.000478283
0.00047827
0.000478263
0.000478264
0.000478273
0.000478289
0.000478313
0.000478346
0.000478386
0.000478435
0.000478493
0.000478559
0.000478633
0.000478716
0.000478808
0.000478908
0.000479017
0.000479134
0.000479259
0.000479393
0.000479534
0.000479683
0.000479839
0.000480003
0.000480173
0.000480349
0.000480531
0.000480718
0.00048091
0.000481105
0.000481304
0.000481506
0.000481709
0.000481913
0.000482117
0.000482321
0.000482523
0.000482724
0.000482922
0.000483116
0.000483306
0.000483492
0.000483673
0.000483849
0.000484019
0.000484184
0.000484343
0.000484497
0.000484645
0.000484788
0.000484927
0.000485063
0.000485194
0.000485323
0.000485451
0.000485577
0.000485703
0.00048583
0.000485959
0.000486091
0.000486226
0.000486366
0.000486512
0.000486665
0.000486825
0.000486993
0.000487171
0.000487358
0.000487555
0.000487763
0.000487982
0.000488212
0.000488455
0.000488709
0.000488976
0.000489254
0.000489545
0.000489847
0.00049016
0.000490485
0.000490821
0.000491167
0.000491524
0.000491889
0.000492264
0.000492646
0.000493036
0.000493432
0.000493833
0.00049424
0.00049465
0.000495063
0.000495477
0.000495892
0.000496307
0.000496721
0.000497132
0.000497539
0.000497942
0.000498339
0.000498729
0.000499111
0.000499484
0.000499847
0.0005002
0.000500541
0.000500869
0.000501185
0.000501488
0.000501775
0.000502049
0.000502307
0.000502551
0.000502779
0.000502993
0.000503191
0.000503374
0.000503543
0.000503697
0.000503838
0.000503966
0.000504081
0.000504183
0.000504275
0.000504355
0.000504425
0.000504486
0.000504539
0.000504583
0.00050462
0.000504649
0.000504673
0.00050469
0.000504701
0.000504707
0.000504708
0.000504705
0.000504697
0.000504684
0.000504667
0.000504646
0.00050462
0.000504589
0.000504554
0.000504514
0.00050447
0.00050442
0.000504365
0.000504305
0.00050424
0.000504169
0.000504092
0.000504009
0.00050392
0.000503824
0.000503723
0.000503614
0.000503499
0.000503376
0.000503247
0.00050311
0.000502966
0.000502814
0.000502654
0.000502487
0.000502311
0.000502128
0.000501936
0.000501737
0.000501528
0.000501311
0.000501086
0.000500853
0.000500612
0.000500362
0.000500105
0.00049984
0.000499567
0.000499288
0.000499003
0.000498711
0.000498415
0.000498114
0.000497809
0.000497501
0.000497192
0.00049688
0.000496569
0.000496258
0.000495949
0.000495642
0.000495339
0.000495039
0.000494745
0.000494456
0.000494174
0.000493899
0.000493632
0.000493372
0.000493121
0.000492878
0.000492644
0.000492419
0.000492203
0.000491996
0.000491796
0.000491605
0.000491422
0.000491246
0.000491076
0.000490913
0.000490755
0.000490602
0.000490453
0.000490309
0.000490167
0.000490027
0.00048989
0.000489753
0.000489617
0.000489481
0.000489345
0.000489208
0.00048907
0.00048893
0.000488789
0.000488647
0.000488503
0.000488357
0.000488211
0.000488063
0.000487915
0.000487766
0.000487618
0.000487471
0.000487326
0.000487182
0.000487042
0.000486906
0.000486773
0.000486646
0.000486524
0.000486409
0.0004863
0.000486199
0.000486106
0.00048602
0.000485943
0.000485875
0.000485815
0.000485763
0.00048572
0.000485684
0.000485655
0.000485633
0.000485617
0.000485606
0.000485599
0.000485596
0.000485595
0.000485596
0.000485597
0.000485597
0.000485596
0.000485592
0.000485585
0.000485574
0.000485557
0.000485535
0.000485506
0.000485471
0.000485429
0.000485379
0.00048532
0.000485254
0.00048518
0.000485098
0.000485007
0.000484909
0.000484804
0.000484691
0.000484571
0.000484444
0.000484311
0.000484172
0.000484028
0.000483878
0.000483724
0.000483565
0.000483402
0.000483235
0.000483065
0.000482892
0.000482717
0.000482539
0.00048236
0.000482179
0.000481997
0.000481815
0.000481634
0.000481454
0.000481275
0.000481098
0.000480925
0.000480756
0.000480591
0.000480433
0.000480281
0.000480137
0.000480001
0.000479876
0.000479761
0.000479658
0.000479569
0.000479493
0.000479432
0.000479387
0.000479358
0.000479345
0.00047935
0.000479373
0.000479414
0.000479474
0.000479551
0.000479647
0.00047976
0.000479891
0.000480038
0.000480202
0.000480381
0.000480574
0.00048078
0.000480999
0.000481228
0.000481466
0.000481713
0.000481965
0.000482223
0.000482484
0.000482746
0.000483009
0.000483271
0.000483529
0.000483783
0.000484032
0.000484273
0.000484505
0.000484727
0.000484938
0.000485138
0.000485324
0.000485497
0.000485655
0.000485798
0.000485925
0.000486037
0.000486132
0.000486211
0.000486275
0.000486322
0.000486354
0.00048637
0.000486372
0.00048636
0.000486335
0.000486297
0.000486248
0.000486189
0.000486121
0.000486044
0.00048596
0.000485871
0.000485777
0.000485679
0.00048558
0.00048548
0.00048538
0.000485281
0.000485186
0.000485093
0.000485005
0.000484922
0.000484845
0.000484774
0.00048471
0.000484653
0.000484603
0.00048456
0.000484525
0.000484496
0.000484475
0.00048446
0.000484451
0.000484447
0.000484449
0.000484455
0.000484464
0.000484477
0.000484493
0.00048451
0.00048453
0.00048455
0.000484571
0.000484592
0.000484613
0.000484634
0.000484654
0.000484674
0.000484693
0.000484712
0.000484729
0.000484746
0.000484762
0.000484778
0.000484793
0.000484808
0.000484823
0.000484837
0.000484851
0.000484865
0.000484879
0.000484893
0.000484907
0.000484919
0.000484932
0.000484943
0.000484953
0.000484962
0.00048497
0.000484975
0.000484978
0.000484978
0.000484976
0.00048497
0.000484961
0.000484948
0.000484931
0.00048491
0.000484885
0.000484856
0.000484824
0.000484788
0.000484748
0.000484705
0.00048466
0.000484612
0.000484562
0.000484511
0.000484459
0.000484407
0.000484356
0.000484306
0.000484257
0.00048421
0.000484165
0.000484123
0.000484084
0.000484048
0.000484016
0.000483986
0.00048396
0.000483935
0.000483913
0.000483893
0.000483874
0.000483855
0.000483836
0.000483816
0.000483794
0.000483769
0.000483741
0.000483709
0.000483671
0.000483629
0.00048358
0.000483524
0.000483462
0.000483393
0.000483316
0.000483231
0.000483139
0.000483039
0.000482933
0.000482819
0.000482699
0.000482573
0.000482441
0.000482304
0.000482163
0.000482017
0.000481869
0.000481718
0.000481564
0.000481409
0.000481253
0.000481097
0.00048094
0.000480784
0.000480628
0.000480474
0.000480321
0.00048017
0.00048002
0.000479872
0.000479727
0.000479583
0.000479441
0.000479301
0.000479162
0.000479025
0.00047889
0.000478756
0.000478623
0.00047849
0.000478358
0.000478227
0.000478096
0.000477965
0.000477834
0.000477703
0.000477571
0.00047744
0.000477308
0.000477176
0.000477043
0.000476911
0.000476779
0.000476648
0.000476518
0.000476388
0.00047626
0.000476134
0.00047601
0.000475888
0.000475769
0.000475654
0.000475542
0.000475435
0.000475333
0.000475236
0.000475144
0.000475059
0.000474979
0.000474906
0.00047484
0.000474782
0.00047473
0.000474687
0.000474651
0.000474622
0.000474602
0.000474589
0.000474584
0.000474587
0.000474596
0.000474613
0.000474637
0.000474666
0.000474701
0.000474741
0.000474786
0.000474834
0.000474885
0.000474938
0.000474993
0.000475048
0.000475104
0.000475159
0.000475212
0.000475262
0.00047531
0.000475354
0.000475394
0.000475429
0.000475459
0.000475483
0.000475502
0.000475515
0.000475522
0.000475523
0.000475518
0.000475508
0.000475493
0.000475473
0.000475447
0.000475418
0.000475385
0.000475348
0.000475308
0.000475267
0.000475223
0.000475178
0.000475133
0.000475087
0.000475041
0.000474995
0.000474951
0.000474908
0.000474866
0.000474826
0.000474789
0.000474754
0.000474721
0.000474692
0.000474665
0.000474642
0.000474622
0.000474605
0.000474592
0.000474582
0.000474577
0.000474574
0.000474576
0.000474581
0.000474591
0.000474604
0.000474621
0.000474641
0.000474665
0.000474693
0.000474724
0.000474758
0.000474794
0.000474833
0.000474875
0.000474918
0.000474962
0.000475007
0.000475053
0.000475099
0.000475143
0.000475187
0.000475229
0.000475269
0.000475307
0.000475341
0.000475372
0.0004754
0.000475424
0.000475444
0.00047546
0.000475473
0.000475481
0.000475487
0.000475489
0.000475489
0.000475487
0.000475483
0.000475479
0.000475475
0.000475471
0.000475469
0.000475469
0.000475472
0.000475478
0.000475489
0.000475504
0.000475525
0.000475551
0.000475584
0.000475622
0.000475667
0.000475719
0.000475776
0.000475839
0.000475908
0.000475982
0.000476061
0.000476144
0.000476231
0.000476321
0.000476413
0.000476507
0.000476603
0.000476699
0.000476796
0.000476891
0.000476987
0.00047708
0.000477172
0.000477262
0.000477349
0.000477434
0.000477516
0.000477596
0.000477672
0.000477746
0.000477817
0.000477886
0.000477952
0.000478015
0.000478076
0.000478135
0.000478193
0.000478248
0.000478303
0.000478356
0.000478408
0.00047846
0.000478511
0.000478562
0.000478613
0.000478664
0.000478715
0.000478768
0.000478821
0.000478875
0.00047893
0.000478987
0.000479045
0.000479105
0.000479167
0.000479231
0.000479297
0.000479365
0.000479436
0.000479509
0.000479586
0.000479665
0.000479747
0.000479832
0.00047992
0.000480012
0.000480107
0.000480206
0.000480308
0.000480414
0.000480524
0.000480637
0.000480754
0.000480875
0.000481
0.000481129
0.000481262
0.000481398
0.000481538
0.000481681
0.000481828
0.000481978
0.00048213
0.000482285
0.000482442
0.000482601
0.000482762
0.000482924
0.000483086
0.000483249
0.000483411
0.000483573
0.000483734
0.000483893
0.00048405
0.000484205
0.000484357
0.000484506
0.00048465
0.000484791
0.000484927
0.000485058
0.000485184
0.000485304
0.000485419
0.000485528
0.000485632
0.000485729
0.000485821
0.000485907
0.000485987
0.000486062
0.000486131
0.000486195
0.000486255
0.000486311
0.000486363
0.000486412
0.000486457
0.000486501
0.000486542
0.000486583
0.000486624
0.000486664
0.000486706
0.000486748
0.000486793
0.00048684
0.000486891
0.000486945
0.000487003
0.000487064
0.000487131
0.000487202
0.000487278
0.000487359
0.000487445
0.000487535
0.000487631
0.00048773
0.000487834
0.00048794
0.00048805
0.000488162
0.000488276
0.00048839
0.000488505
0.00048862
0.000488733
0.000488843
0.00048895
0.000489053
0.000489151
0.000489243
0.000489328
0.000489405
0.000489473
0.000489532
0.00048958
0.000489618
0.000489644
0.000489658
0.000489658
0.000489646
0.000489621
0.000489582
0.00048953
0.000489464
0.000489386
0.000489294
0.000489189
0.000489073
0.000488945
0.000488807
0.000488659
0.000488502
0.000488338
0.000488166
0.000487988
0.000487806
0.00048762
0.000487432
0.000487242
0.000487053
0.000486864
0.000486678
0.000486495
0.000486316
0.000486143
0.000485975
0.000485815
0.000485662
0.000485517
0.000485381
0.000485254
0.000485137
0.000485029
0.000484931
0.000484843
0.000484764
0.000484696
0.000484636
0.000484585
0.000484543
0.000484509
0.000484482
0.000484462
0.000484449
0.00048444
0.000484437
0.000484437
0.000484441
0.000484447
0.000484455
0.000484464
0.000484473
0.000484481
0.000484489
0.000484494
0.000484498
0.000484498
0.000484495
0.000484488
0.000484477
0.000484461
0.00048444
0.000484414
0.000484383
0.000484346
0.000484303
0.000484255
0.000484201
0.000484141
0.000484075
0.000484004
0.000483928
0.000483845
0.000483758
0.000483665
0.000483568
0.000483466
0.00048336
0.00048325
0.000483136
0.000483019
0.000482899
0.000482778
0.000482654
0.000482529
0.000482404
0.000482279
0.000482155
0.000482032
0.000481911
0.000481792
0.000481678
0.000481568
0.000481462
0.000481362
0.000481268
0.000481181
0.0004811
0.000481028
0.000480963
0.000480906
0.000480858
0.000480818
0.000480787
0.000480764
0.000480749
0.000480742
0.000480743
0.000480751
0.000480766
0.000480788
0.000480815
0.000480848
0.000480885
0.000480926
0.00048097
0.000481018
0.000481067
0.000481119
0.000481172
0.000481225
0.000481279
0.000481333
0.000481387
0.00048144
0.000481492
0.000481542
0.000481592
0.00048164
0.000481686
0.00048173
0.000481771
0.000481811
0.000481847
0.000481881
0.000481911
0.000481938
0.00048196
0.000481979
0.000481992
0.000482001
0.000482004
0.000482001
0.000481993
0.000481977
0.000481956
0.000481927
0.000481891
0.000481849
0.000481799
0.000481742
0.000481678
0.000481607
0.000481529
0.000481445
0.000481355
0.000481259
0.000481158
0.000481053
0.000480943
0.00048083
0.000480714
0.000480597
0.000480478
0.000480358
0.000480239
0.00048012
0.000480003
0.000479887
0.000479775
0.000479666
0.000479561
0.00047946
0.000479364
0.000479274
0.000479189
0.00047911
0.000479037
0.00047897
0.00047891
0.000478855
0.000478806
0.000478763
0.000478725
0.000478693
0.000478666
0.000478643
0.000478625
0.00047861
0.000478599
0.00047859
0.000478584
0.00047858
0.000478577
0.000478576
0.000478577
0.000478577
0.000478578
0.00047858
0.000478581
0.000478582
0.000478583
0.000478583
0.000478583
0.000478582
0.000478581
0.000478579
0.000478576
0.000478573
0.000478568
0.000478563
0.000478557
0.00047855
0.000478542
0.000478533
0.000478522
0.000478509
0.000478495
0.000478479
0.000478461
0.000478441
0.000478417
0.000478391
0.00047836
0.000478327
0.000478289
0.000478247
0.0004782
0.000478148
0.00047809
0.000478027
0.000477958
0.000477884
0.000477803
0.000477715
0.000477622
0.000477522
0.000477415
0.000477303
0.000477184
0.00047706
0.00047693
0.000476794
0.000476654
0.00047651
0.000476361
0.000476209
0.000476055
0.000475898
0.00047574
0.00047558
0.00047542
0.000475261
0.000475102
0.000474945
0.00047479
0.000474638
0.000474489
0.000474343
0.000474201
0.000474064
0.000473932
0.000473804
0.000473681
0.000473564
0.000473451
0.000473344
0.000473241
0.000473143
0.000473049
0.000472959
0.000472873
0.00047279
0.000472709
0.000472631
0.000472554
0.000472479
0.000472405
0.00047233
0.000472256
0.000472181
0.000472105
0.000472027
0.000471949
0.000471868
0.000471786
0.000471701
0.000471615
0.000471527
0.000471437
0.000471345
0.000471252
0.000471157
0.000471062
0.000470967
0.000470872
0.000470778
0.000470685
0.000470595
0.000470507
0.000470422
0.000470342
0.000470267
0.000470197
0.000470135
0.000470079
0.000470033
0.000469995
0.000469968
0.000469951
0.000469946
0.000469952
0.000469972
0.000470005
0.000470051
0.000470111
0.000470185
0.000470274
0.000470376
0.000470493
0.000470624
0.000470768
0.000470925
0.000471095
0.000471277
0.000471471
0.000471675
0.000471888
0.000472111
0.000472342
0.00047258
0.000472824
0.000473073
0.000473328
0.000473585
0.000473846
0.000474108
0.000474371
0.000474634
0.000474897
0.000475159
0.000475419
0.000475676
0.00047593
0.000476181
0.000476428
0.00047667
0.000476907
0.000477139
0.000477366
0.000477587
0.000477802
0.00047801
0.000478213
0.000478409
0.000478598
0.000478781
0.000478958
0.000479128
0.000479293
0.000479451
0.000479604
0.000479751
0.000479893
0.000480031
0.000480165
0.000480295
0.000480422
0.000480547
0.00048067
0.000480792
0.000480912
0.000481033
0.000481154
0.000481276
0.0004814
0.000481525
0.000481653
0.000481783
0.000481916
0.000482051
0.00048219
0.000482331
0.000482475
0.00048262
0.000482768
0.000482916
0.000483066
0.000483215
0.000483364
0.000483511
0.000483657
0.000483799
0.000483937
0.000484071
0.0004842
0.000484323
0.000484439
0.000484548
0.000484649
0.000484742
0.000484826
0.000484902
0.000484969
0.000485027
0.000485076
0.000485117
0.000485148
0.000485171
0.000485186
0.000485193
0.000485192
0.000485185
0.000485171
0.00048515
0.000485124
0.000485094
0.000485058
0.000485019
0.000484976
0.00048493
0.000484881
0.00048483
0.000484779
0.000484725
0.000484672
0.000484618
0.000484564
0.000484512
0.00048446
0.00048441
0.000484361
0.000484315
0.000484271
0.00048423
0.000484192
0.000484157
0.000484124
0.000484095
0.000484068
0.000484045
0.000484024
0.000484006
0.00048399
0.000483975
0.000483962
0.000483949
0.000483937
0.000483925
0.000483912
0.000483897
0.00048388
0.000483861
0.000483838
0.000483812
0.000483782
0.000483747
0.000483708
0.000483663
0.000483614
0.000483558
0.000483498
0.000483432
0.00048336
0.000483284
0.000483202
0.000483116
0.000483025
0.00048293
0.000482831
0.000482728
0.000482622
0.000482513
0.000482401
0.000482286
0.000482169
0.00048205
0.000481929
0.000481806
0.000481682
0.000481555
0.000481428
0.000481299
0.000481169
0.000481037
0.000480905
0.000480771
0.000480637
0.000480501
0.000480364
0.000480225
0.000480086
0.000479944
0.000479802
0.000479657
0.000479511
0.000479363
0.000479213
0.00047906
0.000478905
0.000478747
0.000478587
0.000478424
0.000478258
0.000478088
0.000477917
0.000477742
0.000477564
0.000477383
0.0004772
0.000477014
0.000476826
0.000476635
0.000476443
0.000476249
0.000476053
0.000475856
0.000475659
0.000475461
0.000475262
0.000475064
0.000474866
0.000474669
0.000474474
0.000474279
0.000474087
0.000473897
0.00047371
0.000473526
0.000473345
0.000473169
0.000472996
0.000472828
0.000472665
0.000472507
0.000472354
0.000472208
0.000472067
0.000471933
0.000471804
0.000471683
0.000471568
0.00047146
0.000471359
0.000471264
0.000471175
0.000471093
0.000471017
0.000470946
0.000470881
0.000470821
0.000470765
0.000470712
0.000470664
0.000470618
0.000470575
0.000470533
0.000470493
0.000470453
0.000470413
0.000470373
0.000470331
0.000470288
0.000470243
0.000470196
0.000470146
0.000470092
0.000470035
0.000469974
0.00046991
0.000469841
0.000469769
0.000469692
0.000469611
0.000469526
0.000469438
0.000469346
0.00046925
0.000469152
0.000469052
0.00046895
0.000468846
0.000468742
0.000468638
0.000468533
0.00046843
0.000468329
0.00046823
0.000468133
0.00046804
0.000467951
0.000467867
0.000467787
0.000467713
0.000467644
0.000467582
0.000467526
0.000467476
0.000467433
0.000467396
0.000467365
0.000467341
0.000467323
0.000467311
0.000467304
0.000467303
0.000467306
0.000467314
0.000467327
0.000467343
0.000467362
0.000467384
0.000467409
0.000467436
0.000467465
0.000467496
0.000467528
0.000467561
0.000467596
0.000467631
0.000467666
0.000467702
0.000467739
0.000467776
0.000467814
0.000467851
0.000467889
0.000467927
0.000467966
0.000468005
0.000468045
0.000468085
0.000468125
0.000468166
0.000468207
0.000468249
0.000468291
0.000468334
0.000468376
0.000468419
0.000468462
0.000468505
0.000468547
0.00046859
0.000468631
0.000468672
0.000468713
0.000468751
0.000468789
0.000468826
0.00046886
0.000468893
0.000468924
0.000468953
0.000468979
0.000469002
0.000469023
0.000469041
0.000469055
0.000469066
0.000469073
0.000469077
0.000469077
0.000469073
0.000469066
0.000469054
0.000469038
0.000469017
0.000468993
0.000468965
0.000468932
0.000468895
0.000468855
0.000468811
0.000468763
0.000468712
0.000468658
0.000468601
0.000468543
0.000468482
0.00046842
0.000468357
0.000468294
0.000468231
0.000468168
0.000468106
0.000468046
0.000467988
0.000467933
0.000467881
0.000467832
0.000467788
0.000467748
0.000467713
0.000467683
0.000467658
0.000467638
0.000467625
0.000467617
0.000467614
0.000467617
0.000467626
0.00046764
0.000467659
0.000467683
0.000467711
0.000467743
0.000467779
0.000467818
0.00046786
0.000467903
0.000467949
0.000467996
0.000468044
0.000468092
0.00046814
0.000468188
0.000468235
0.000468282
0.000468328
0.000468372
0.000468415
0.000468457
0.000468498
0.000468537
0.000468576
0.000468614
0.000468652
0.00046869
0.000468728
0.000468767
0.000468808
0.000468851
0.000468896
0.000468944
0.000468995
0.000469051
0.000469111
0.000469176
0.000469246
0.000469321
0.000469402
0.000469488
0.000469579
0.000469676
0.000469777
0.000469882
0.00046999
0.000470101
0.000470213
0.000470326
0.000470438
0.000470549
0.000470656
0.000470759
0.000470856
0.000470945
0.000471026
0.000471098
0.000471158
0.000471207
0.000471243
0.000471265
0.000471273
0.000471266
0.000471245
0.000471208
0.000471157
0.000471091
0.000471011
0.000470917
0.000470811
0.000470693
0.000470565
0.000470427
0.000470281
0.000470127
0.000469968
0.000469805
0.000469639
0.000469472
0.000469303
0.000469136
0.00046897
0.000468808
0.00046865
0.000468496
0.000468348
0.000468206
0.000468071
0.000467943
0.000467822
0.000467709
0.000467604
0.000467506
0.000467415
0.000467333
0.000467257
0.000467189
0.000467126
0.00046707
0.00046702
0.000466976
0.000466936
0.000466901
0.00046687
0.000466842
0.000466818
0.000466796
0.000466776
0.000466758
0.000466742
0.000466727
0.000466712
0.000466698
0.000466683
0.000466669
0.000466653
0.000466637
0.000466621
0.000466603
0.000466584
0.000466565
0.000466544
0.000466523
0.000466501
0.000466479
0.000466456
0.000466434
0.000466413
0.000466393
0.000466375
0.000466359
0.000466346
0.000466337
0.000466331
0.000466331
0.000466335
0.000466346
0.000466364
0.000466389
0.000466421
0.000466462
0.000466511
0.00046657
0.000466637
0.000466715
0.000466801
0.000466898
0.000467003
0.000467119
0.000467243
0.000467376
0.000467518
0.000467667
0.000467824
0.000467988
0.000468159
0.000468334
0.000468515
0.000468699
0.000468887
0.000469077
0.000469269
0.000469461
0.000469654
0.000469845
0.000470036
0.000470224
0.00047041
0.000470592
0.000470771
0.000470945
0.000471115
0.000471281
0.000471441
0.000471597
0.000471747
0.000471893
0.000472034
0.000472171
0.000472303
0.000472432
0.000472557
0.00047268
0.0004728
0.000472918
0.000473036
0.000473152
0.000473269
0.000473386
0.000473505
0.000473626
0.000473749
0.000473875
0.000474005
0.00047414
0.000474279
0.000474423
0.000474573
0.000474729
0.000474892
0.000475061
0.000475238
0.000475422
0.000475614
0.000475813
0.000476021
0.000476236
0.00047646
0.000476692
0.000476933
0.000477181
0.000477437
0.000477701
0.000477972
0.000478251
0.000478537
0.000478829
0.000479128
0.000479433
0.000479743
0.000480058
0.000480379
0.000480703
0.000481031
0.000481364
0.000481699
0.000482037
0.000482377
0.000482719
0.000483063
0.000483408
0.000483755
0.000484102
0.000484449
0.000484796
0.000485143
0.00048549
0.000485836
0.000486181
0.000486525
0.000486868
0.000487209
0.000487549
0.000487887
0.000488223
0.000488557
0.000488888
0.000489217
0.000489544
0.000489869
0.00049019
0.00049051
0.000490826
0.000491141
0.000491452
0.000491762
0.000492069
0.000492374
0.000492677
0.000492978
0.000493277
0.000493575
0.000493872
0.000494168
0.000494464
0.000494759
0.000495055
0.000495351
0.000495647
0.000495944
0.000496243
0.000496542
0.000496844
0.000497147
0.000497452
0.000497759
0.000498069
0.000498381
0.000498695
0.000499011
0.000499329
0.00049965
0.000499973
0.000500299
0.000500626
0.000500956
0.000501289
0.000501624
0.000501961
0.0005023
0.000502642
0.000502988
0.000503335
0.000503686
0.00050404
0.000504396
0.000504755
0.000505117
0.000505481
0.000505848
0.000506217
0.000506588
0.00050696
0.000507333
0.000507706
0.000508079
0.000508451
0.000508821
0.000509189
0.000509554
0.000509915
0.000510271
0.000510622
0.000510967
0.000511304
0.000511635
0.000511957
0.000512271
0.000512576
0.000512871
0.000513157
0.000513432
0.000513698
0.000513952
0.000514196
0.00051443
0.000514653
0.000514865
0.000515067
0.000515259
0.00051544
0.000515611
0.000515773
0.000515924
0.000516067
0.0005162
0.000516324
0.00051644
0.000516548
0.000516647
0.000516739
0.000516822
0.000516898
0.000516967
0.00051703
0.000517085
0.000517134
0.000517177
0.000517213
0.000517243
0.000517267
0.000517285
0.000517298
0.000517305
0.000517306
0.000517302
0.000517293
0.000517278
0.000517258
0.000517232
0.000517201
0.000517163
0.00051712
0.000517071
0.000517016
0.000516955
0.000516887
0.000516811
0.000516729
0.00051664
0.000516543
0.000516438
0.000516325
0.000516204
0.000516074
0.000515937
0.00051579
0.000515635
0.000515471
0.000515298
0.000515117
0.000514926
0.000514728
0.000514521
0.000514305
0.000514082
0.00051385
0.00051361
0.000513363
0.000513109
0.000512848
0.000512579
0.000512304
0.000512022
0.000511734
0.000511441
0.000511141
0.000510837
0.000510527
0.000510212
0.000509892
0.000509568
0.00050924
0.000508908
0.000508573
0.000508235
0.000507895
0.000507552
0.000507207
0.000506862
0.000506515
0.000506169
0.000505823
0.000505477
0.000505133
0.000504791
0.000504451
0.000504114
0.00050378
0.00050345
0.000503123
0.000502801
0.000502484
0.00050217
0.000501862
0.000501558
0.000501258
0.000500962
0.000500671
0.000500383
0.000500099
0.000499817
0.000499537
0.00049926
0.000498983
0.000498707
0.000498431
0.000498153
0.000497875
0.000497595
0.000497313
0.000497027
0.000496739
0.000496447
0.000496151
0.000495851
0.000495547
0.00049524
0.000494929
0.000494615
0.000494297
0.000493978
0.000493656
0.000493333
0.00049301
0.000492687
0.000492365
0.000492046
0.000491729
0.000491416
0.000491108
0.000490806
0.00049051
0.000490222
0.000489942
0.00048967
0.000489407
0.000489154
0.000488911
0.000488678
0.000488456
0.000488244
0.000488041
0.000487849
0.000487667
0.000487493
0.000487328
0.000487172
0.000487023
0.00048688
0.000486745
0.000486614
0.000486488
0.000486367
0.000486248
0.000486133
0.000486019
0.000485908
0.000485797
0.000485687
0.000485577
0.000485468
0.000485358
0.000485247
0.000485137
0.000485025
0.000484914
0.000484803
0.000484692
0.000484581
0.000484471
0.000484363
0.000484256
0.000484151
0.000484048
0.000483949
0.000483854
0.000483762
0.000483675
0.000483592
0.000483515
0.000483443
0.000483376
0.000483315
0.000483259
0.000483209
0.000483164
0.000483124
0.000483089
0.000483058
0.000483031
0.000483007
0.000482986
0.000482967
0.000482949
0.000482932
0.000482915
0.000482898
0.000482879
0.000482858
0.000482834
0.000482807
0.000482777
0.000482742
0.000482704
0.000482661
0.000482613
0.00048256
0.000482504
0.000482443
0.000482378
0.000482309
0.000482237
0.000482163
0.000482087
0.00048201
0.000481932
0.000481855
0.000481778
0.000481703
0.00048163
0.000481561
0.000481495
0.000481433
0.000481376
0.000481324
0.000481278
0.000481237
0.000481201
0.000481172
0.000481148
0.00048113
0.000481118
0.000481111
0.00048111
0.000481113
0.000481122
0.000481135
0.000481153
0.000481175
0.000481201
0.000481232
0.000481267
0.000481305
0.000481348
0.000481395
0.000481446
0.000481501
0.00048156
0.000481623
0.000481691
0.000481763
0.00048184
0.000481922
0.000482008
0.0004821
0.000482197
0.000482298
0.000482405
0.000482517
0.000482634
0.000482757
0.000482885
0.000483017
0.000483155
0.000483299
0.000483446
0.000483599
0.000483756
0.000483918
0.000484084
0.000484254
0.000484427
0.000484604
0.000484783
0.000484966
0.00048515
0.000485337
0.000485525
0.000485714
0.000485904
0.000486093
0.000486283
0.000486472
0.000486659
0.000486844
0.000487028
0.000487208
0.000487386
0.00048756
0.00048773
0.000487895
0.000488056
0.000488212
0.000488362
0.000488507
0.000488646
0.000488778
0.000488905
0.000489025
0.00048914
0.000489248
0.000489349
0.000489445
0.000489535
0.000489619
0.000489698
0.000489771
0.00048984
0.000489904
0.000489963
0.000490019
0.000490072
0.000490122
0.00049017
0.000490216
0.000490261
0.000490305
0.000490348
0.000490391
0.000490434
0.000490478
0.000490523
0.000490569
0.000490616
0.000490666
0.000490717
0.00049077
0.000490825
0.000490882
0.000490941
0.000491002
0.000491065
0.00049113
0.000491197
0.000491266
0.000491338
0.000491411
0.000491486
0.000491563
0.000491642
0.000491724
0.000491807
0.000491892
0.00049198
0.00049207
0.000492162
0.000492256
0.000492352
0.00049245
0.00049255
0.000492652
0.000492755
0.000492859
0.000492964
0.000493069
0.000493173
0.000493277
0.000493378
0.000493478
0.000493574
0.000493665
0.000493751
0.000493831
0.000493904
0.000493969
0.000494025
0.000494071
0.000494105
0.000494129
0.000494139
0.000494136
0.00049412
0.000494089
0.000494044
0.000493983
0.000493907
0.000493815
0.000493708
0.000493586
0.000493448
0.000493296
0.000493129
0.000492949
0.000492755
0.000492549
0.00049233
0.0004921
0.000491859
0.000491608
0.000491348
0.00049108
0.000490804
0.000490522
0.000490233
0.000489939
0.000489641
0.000489338
0.000489032
0.000488723
0.000488412
0.000488099
0.000487784
0.000487469
0.000487152
0.000486834
0.000486516
0.000486198
0.000485879
0.00048556
0.00048524
0.00048492
0.0004846
0.00048428
0.000483959
0.000483638
0.000483317
0.000482995
0.000482674
0.000482352
0.00048203
0.000481709
0.000481389
0.00048107
0.000480752
0.000480436
0.000480123
0.000479813
0.000479506
0.000479203
0.000478905
0.000478613
0.000478326
0.000478047
0.000477774
0.000477508
0.000477251
0.000477002
0.000476761
0.00047653
0.000476307
0.000476092
0.000475887
0.00047569
0.0004755
0.000475318
0.000475143
0.000474974
0.00047481
0.000474651
0.000474495
0.000474342
0.00047419
0.000474039
0.000473888
0.000473735
0.00047358
0.000473422
0.00047326
0.000473093
0.000472921
0.000472743
0.000472559
0.000472368
0.000472171
0.000471967
0.000471757
0.00047154
