37.5023
2.82635
2.82837
2.83093
2.83405
2.83772
2.84197
2.84679
2.8522
2.85819
2.86477
2.87197
2.87978
2.88821
2.89728
2.90699
2.91735
2.92838
2.94007
2.95244
2.96548
2.97919
2.99359
3.00865
3.02437
3.04073
3.0577
3.07526
3.09337
3.11197
3.13103
3.15046
3.1702
3.19018
3.21029
3.23045
3.25057
3.27055
3.29029
3.30969
3.32869
3.3472
3.36518
3.38255
3.39928
3.41536
3.43077
3.44551
3.45956
3.47295
3.48567
3.49771
3.5091
3.51982
3.52986
3.53922
3.54787
3.5558
3.563
3.56945
3.57514
3.58004
3.58415
3.58746
3.58997
3.59168
3.5926
3.59275
3.59216
3.59085
3.58887
3.58627
3.58307
3.57933
3.57506
3.5703
3.56508
3.55943
3.55337
3.54695
3.5402
3.53319
3.52598
3.51866
3.51131
3.50402
3.49688
3.48998
3.48338
3.47715
3.47135
3.46603
3.46123
3.45697
3.45327
3.45014
3.44759
3.44563
3.44425
3.44342
3.44312
3.4433
3.4439
3.44485
3.44607
3.44746
3.44892
3.45037
3.45171
3.4529
3.4539
3.45469
3.45529
3.45573
3.45607
3.45635
3.45662
3.45692
3.45729
3.45772
3.45823
3.45881
3.45944
3.4601
3.46078
3.46145
3.46212
3.46278
3.46343
3.46408
3.46475
3.46545
3.4662
3.467
3.46787
3.4688
3.46978
3.47081
3.47186
3.47291
3.47394
3.47493
3.47586
3.47672
3.47751
3.47823
3.47891
3.47956
3.4802
3.48086
3.48158
3.48237
3.48326
3.48425
3.48537
3.48661
3.48795
3.48938
3.49087
3.49238
3.49386
3.49528
3.4966
3.49776
3.49873
3.49948
3.5
3.50027
3.50029
3.50006
3.49958
3.49885
3.49788
3.49665
3.49519
3.49349
3.49157
3.48945
3.48717
3.48477
3.48233
3.47989
3.47755
3.47537
3.47343
3.47178
3.47048
3.46957
3.46908
3.46901
3.46936
3.47011
3.47122
3.47265
3.47432
3.47619
3.47818
3.4802
3.48219
3.48408
3.48581
3.48733
3.48861
3.48963
3.49038
3.49087
3.49112
3.49116
3.49101
3.49072
3.49031
3.48982
3.48926
3.48866
3.48804
3.4874
3.48677
3.48614
3.48551
3.48491
3.48431
3.48372
3.48312
3.48249
3.48181
3.48106
3.48021
3.47926
3.47818
3.47697
3.47565
3.47423
3.47272
3.47118
3.46962
3.46811
3.46668
3.46538
3.46423
3.46327
3.46253
3.462
3.46171
3.46164
3.4618
3.46216
3.4627
3.4634
3.46422
3.46511
3.46603
3.46692
3.46773
3.46842
3.46895
3.46927
3.46936
3.46922
3.46885
3.46826
3.4675
3.4666
3.46561
3.46461
3.46363
3.46274
3.46198
3.46139
3.461
3.46083
3.46086
3.46108
3.46147
3.46197
3.46253
3.46312
3.46368
3.46419
3.46464
3.465
3.46529
3.46553
3.46573
3.46592
3.46613
3.46638
3.46666
3.46699
3.46736
3.46774
3.46811
3.46845
3.46874
3.46894
3.46902
3.46897
3.46877
3.46842
3.46791
3.46724
3.46643
3.46549
3.46442
3.46327
3.46204
3.46074
3.45939
3.45801
3.45662
3.45522
3.45383
3.45247
3.45114
3.44986
3.44865
3.44751
3.44645
3.4455
3.44465
3.44393
3.44333
3.44287
3.44256
3.44239
3.44238
3.44251
3.44279
3.4432
3.44374
3.44439
3.44514
3.44598
3.44689
3.44784
3.44882
3.44982
3.4508
3.45175
3.45265
3.45348
3.4542
3.45481
3.45528
3.45561
3.4558
3.45586
3.45579
3.4556
3.45532
3.45495
3.4545
3.454
3.45346
3.45289
3.4523
3.45172
3.45118
3.45069
3.45029
3.45001
3.44989
3.44994
3.4502
3.45067
3.45137
3.45229
3.45343
3.45478
3.45631
3.45801
3.45986
3.46183
3.46391
3.46608
3.46833
3.47064
3.47298
3.47534
3.4777
3.48003
3.48232
3.48455
3.48671
3.48879
3.49079
3.49272
3.49457
3.49636
3.4981
3.49978
3.50142
3.50302
3.50457
3.50607
3.50749
3.50883
3.51008
3.5112
3.5122
3.51304
3.51372
3.51422
3.51451
3.51457
3.51438
3.51389
3.51307
3.5119
3.51036
3.50846
3.50623
3.5037
3.50096
3.49809
3.49519
3.49235
3.48964
3.48713
3.48488
3.48292
3.48127
3.47993
3.47888
3.47811
3.4776
3.47729
3.47716
3.47716
3.47723
3.47734
3.47744
3.47749
3.47747
3.47735
3.47709
3.47668
3.4761
3.47531
3.4743
3.47306
3.47159
3.46991
3.46804
3.46603
3.46396
3.46189
3.45991
3.45809
3.4565
3.45518
3.45418
3.4535
3.45313
3.45305
3.45322
3.45359
3.45411
3.45469
3.45529
3.45582
3.45623
3.45646
3.45645
3.45617
3.4556
3.45472
3.45353
3.45207
3.45036
3.44845
3.44639
3.44425
3.4421
3.43999
3.43799
3.43615
3.43454
3.43319
3.43216
3.43146
3.43114
3.43121
3.43168
3.43254
3.43379
3.4354
3.43732
3.4395
3.44187
3.44436
3.44687
3.44933
3.45164
3.4537
3.45546
3.45683
3.45777
3.45821
3.45814
3.45752
3.45634
3.45464
3.45242
3.44974
3.44666
3.44324
3.43955
3.43567
3.43169
3.4277
3.42377
3.42001
3.41649
3.41331
3.41056
3.40831
3.4066
3.40548
3.40497
3.40505
3.40568
3.40682
3.40839
3.41032
3.41252
3.41492
3.41744
3.42004
3.42267
3.42531
3.42795
3.4306
3.43326
3.43592
3.43854
3.44112
3.44359
3.4459
3.44798
3.44981
3.45134
3.45254
3.45343
3.45403
3.45436
3.45447
3.4544
3.4542
3.4539
3.45355
3.45318
3.45283
3.45253
3.45232
3.45223
3.45231
3.45259
3.4531
3.45386
3.45492
3.45628
3.45795
3.45993
3.4622
3.46474
3.46749
3.47039
3.47337
3.47635
3.47925
3.482
3.48456
3.4869
3.48903
3.49098
3.49281
3.49458
3.49636
3.49819
3.50011
3.50216
3.50432
3.50658
3.50893
3.51131
3.51371
3.51606
3.51833
3.52049
3.52251
3.52436
3.52604
3.52751
3.52876
3.52976
3.53048
3.53089
3.53095
3.53061
3.52983
3.5286
3.52689
3.5247
3.52206
3.51898
3.51551
3.51171
3.50767
3.50344
3.4991
3.49474
3.49043
3.48624
3.48224
3.4785
3.47505
3.47193
3.46918
3.46679
3.46477
3.46311
3.46177
3.46074
3.45996
3.45939
3.45897
3.45866
3.45842
3.4582
3.45799
3.45778
3.45755
3.45731
3.45706
3.45681
3.45657
3.45632
3.45605
3.45577
3.45544
3.45506
3.4546
3.45405
3.45341
3.45266
3.45181
3.45087
3.44985
3.44878
3.44769
3.44661
3.44559
3.44467
3.44388
3.44327
3.44285
3.44263
3.44262
3.44279
3.44312
3.44357
3.4441
3.44464
3.44515
3.44557
3.44584
3.44593
3.4458
3.44542
3.4448
3.44396
3.4429
3.44167
3.44031
3.43885
3.43733
3.43579
3.43424
3.4327
3.43117
3.42967
3.42818
3.42672
3.4253
3.42395
3.42271
3.42162
3.42074
3.42014
3.41988
3.42002
3.42062
3.42171
3.4233
3.42539
3.42793
3.4309
3.4342
3.43776
3.44148
3.44528
3.44905
3.45271
3.45619
3.45942
3.46236
3.46497
3.46721
3.46909
3.47059
3.47172
3.4725
3.47295
3.4731
3.47299
3.47264
3.4721
3.4714
3.47056
3.46962
3.46858
3.46746
3.46629
3.46507
3.46383
3.46257
3.46132
3.46009
3.4589
3.45775
3.45664
3.45556
3.45449
3.45341
3.45229
3.4511
3.44984
3.44848
3.44702
3.44547
3.44383
3.44211
3.44034
3.43853
3.4367
3.43485
3.43301
3.43119
3.42939
3.42762
3.42591
3.42426
3.42271
3.42126
3.41995
3.41882
3.41789
3.41719
3.41675
3.4166
3.41674
3.41718
3.4179
3.41889
3.4201
3.42148
3.42296
3.42449
3.42598
3.42738
3.42862
3.42966
3.43049
3.4311
3.43151
3.43178
3.43195
3.43207
3.43222
3.43243
3.43274
3.43319
3.43379
3.43454
3.43544
3.43649
3.43765
3.43893
3.44032
3.44182
3.44343
3.44515
3.44699
3.44897
3.4511
3.45338
3.45584
3.45848
3.46131
3.46434
3.46757
3.471
3.47462
3.47843
3.48239
3.48648
3.49065
3.49485
3.49902
3.5031
3.50702
3.51071
3.5141
3.5171
3.51966
3.52171
3.52323
3.52417
3.52455
3.52439
3.52372
3.52263
3.52118
3.51946
3.51754
3.51551
3.51342
3.51131
3.50922
3.50713
3.50505
3.50296
3.50083
3.49866
3.49645
3.49421
3.49198
3.48981
3.48776
3.48588
3.48421
3.48281
3.48169
3.48086
3.48032
3.48003
3.47996
3.48007
3.48031
3.48062
3.48095
3.48125
3.48144
3.48151
3.4814
3.48109
3.48056
3.47982
3.47886
3.47773
3.47646
3.47511
3.47374
3.47241
3.47118
3.4701
3.46919
3.46848
3.46796
3.46758
3.46732
3.46709
3.46686
3.46656
3.46615
3.46561
3.46493
3.46412
3.46321
3.46222
3.46119
3.46015
3.45913
3.45817
3.4573
3.45652
3.45587
3.45534
3.45496
3.45471
3.45458
3.45458
3.45467
3.45484
3.45507
3.45534
3.45564
3.45597
3.45632
3.45668
3.45706
3.45747
3.45791
3.45841
3.45895
3.45957
3.46027
3.46105
3.46193
3.46291
3.46399
3.46518
3.46648
3.46787
3.46937
3.47096
3.47263
3.47437
3.47616
3.47798
3.4798
3.48161
3.48338
3.48506
3.48665
3.4881
3.4894
3.49052
3.49147
3.49222
3.4928
3.49319
3.49342
3.49351
3.49347
3.49334
3.49313
3.49286
3.49254
3.49218
3.49177
3.49131
3.49077
3.49014
3.48938
3.48848
3.48742
3.4862
3.48482
3.48329
3.48165
3.47992
3.47812
3.4763
3.47445
3.47259
3.47071
3.4688
3.46684
3.46482
3.46271
3.46051
3.45821
3.45581
3.45333
3.45078
3.4482
3.44562
3.44307
3.4406
3.43823
3.43601
3.43395
3.43207
3.43039
3.42889
3.42758
3.42644
3.42544
3.42457
3.42379
3.42309
3.42243
3.42182
3.42125
3.42072
3.42025
3.41987
3.41959
3.41947
3.41952
3.41979
3.42028
3.421
3.42197
3.42316
3.42457
3.42615
3.42788
3.42969
3.43156
3.43345
3.43531
3.43713
3.4389
3.4406
3.44225
3.44383
3.44535
3.44681
3.44819
3.44946
3.4506
3.45158
3.45236
3.45293
3.45327
3.45336
3.45322
3.45285
3.45226
3.45147
3.45049
3.44934
3.44803
3.44657
3.44498
3.44328
3.44151
3.43971
3.43793
3.43622
3.43466
3.43329
3.43217
3.43133
3.43081
3.43061
3.43075
3.43122
3.43197
3.43299
3.43422
3.43559
3.437
3.43835
3.43951
3.44034
3.44074
3.44062
3.43993
3.43871
3.43701
3.43498
3.43273
3.43043
3.42819
3.42613
3.42431
3.42277
3.42155
3.42063
3.42001
3.41968
3.41961
3.41978
3.42017
3.42076
3.42151
3.42242
3.42345
3.42457
3.42576
3.42697
3.42818
3.42937
3.43051
3.43159
3.43261
3.43357
3.43448
3.43538
3.43627
3.43717
3.43811
3.43905
3.44001
3.44094
3.44181
3.44258
3.44321
3.44364
3.44386
3.44384
3.44356
3.44304
3.44229
3.44134
3.44022
3.43899
3.43767
3.4363
3.43492
3.43356
3.43226
3.43103
3.42991
3.42893
3.42809
3.42744
3.42698
3.42675
3.42674
3.42699
3.42748
3.42821
3.42917
3.43035
3.43171
3.43323
3.43488
3.43664
3.43848
3.44036
3.44228
3.44422
3.44617
3.44812
3.45006
3.45199
3.45391
3.4558
3.45766
3.45947
3.46124
3.46293
3.46454
3.46605
3.46745
3.46872
3.46986
3.47086
3.47173
3.47246
3.47308
3.47359
3.474
3.47432
3.47454
3.47467
3.47469
3.47461
3.4744
3.47405
3.47356
3.47291
3.4721
3.47111
3.46995
3.46861
3.4671
3.46542
3.46357
3.46158
3.45947
3.45727
3.45502
3.45277
3.45056
3.44844
3.44645
3.44463
3.44299
3.44156
3.44033
3.43928
3.43838
3.43761
3.43692
3.43629
3.43567
3.43503
3.43437
3.43365
3.43288
3.43204
3.43113
3.43016
3.42911
3.42799
3.42678
3.42549
3.4241
3.42262
3.42105
3.4194
3.41767
3.41588
3.41404
3.41216
3.41024
3.4083
3.40634
3.40436
3.40238
3.40041
3.39849
3.39667
3.39502
3.39361
3.39253
3.39187
3.39172
3.39215
3.39322
3.39496
3.39739
3.4005
3.40426
3.40862
3.41351
3.41887
3.42462
3.43067
3.43694
3.44335
3.44985
3.45635
3.46283
3.46922
3.47548
3.48159
3.4875
3.4932
3.49865
3.50384
3.50874
3.51334
3.51763
3.52159
3.52523
3.52854
3.53153
3.53422
3.53663
3.53877
3.54069
3.54239
3.54391
3.54526
3.54645
3.54748
3.54837
3.54909
3.54967
3.55009
3.55036
3.55051
3.55053
3.55045
3.55029
3.55007
3.54979
3.54948
3.54913
3.54875
3.54831
3.54782
3.54724
3.54657
3.54577
3.54482
3.5437
3.54236
3.54079
3.53895
3.53682
3.53435
3.53152
3.5283
3.52468
3.52064
3.5162
3.51138
3.50623
3.50081
3.49521
3.48951
3.48379
3.47815
3.47268
3.46741
3.46242
3.45772
3.45333
3.44926
3.44549
3.44203
3.43886
3.43596
3.43334
3.43099
3.42889
3.42706
3.42551
3.42422
3.42322
3.4225
3.42206
3.42191
3.42202
3.42238
3.42294
3.42369
3.42456
3.4255
3.42646
3.42737
3.4282
3.4289
3.42945
3.42986
3.43014
3.43032
3.43047
3.43065
3.43092
3.43135
3.43199
3.43287
3.434
3.43537
3.43693
3.43863
3.44041
3.4422
3.44391
3.4455
3.44691
3.44811
3.4491
3.44987
3.45046
3.45088
3.45118
3.45138
3.45152
3.45162
3.45171
3.4518
3.45189
3.45198
3.45208
3.45219
3.4523
3.45241
3.45254
3.45267
3.45284
3.45303
3.45327
3.45358
3.45397
3.45448
3.45511
3.4559
3.45685
3.45798
3.4593
3.4608
3.46248
3.4643
3.46625
3.46827
3.47034
3.47239
3.47439
3.47628
3.47802
3.47958
3.48094
3.48207
3.48298
3.48366
3.48415
3.48446
3.48464
3.48471
3.48472
3.4847
3.4847
3.48473
3.48481
3.48495
3.48514
3.48536
3.48559
3.48579
3.48593
3.48595
3.48582
3.48551
3.48498
3.48424
3.48328
3.48213
3.48081
3.47935
3.47781
3.47623
3.47464
3.47307
3.47154
3.47006
3.46866
3.46732
3.46606
3.46489
3.4638
3.46283
3.46198
3.46128
3.46073
3.46036
3.46019
3.46021
3.46044
3.46088
3.46151
3.46232
3.46329
3.46438
3.46558
3.46685
3.46814
3.46944
3.47072
3.47196
3.47313
3.47423
3.47527
3.47623
3.47713
3.47798
3.47877
3.47952
3.48022
3.48088
3.48148
3.48204
3.48254
3.483
3.48341
3.48378
3.48412
3.48443
3.48471
3.48496
3.48517
3.48529
3.48531
3.48519
3.48489
3.48436
3.4836
3.48257
3.4813
3.47978
3.47805
3.47615
3.47414
3.47205
3.46996
3.4679
3.46591
3.46403
3.46228
3.46066
3.45918
3.45783
3.45659
3.45546
3.45441
3.45341
3.45244
3.45147
3.45046
3.44939
3.44824
3.44698
3.44562
3.44414
3.44256
3.4409
3.43919
3.43745
3.43573
3.43406
3.43247
3.431
3.42968
3.42853
3.42758
3.42686
3.4264
3.42621
3.42631
3.42672
3.42744
3.42848
3.42983
3.43146
3.43333
3.43542
3.43767
3.44002
3.44242
3.44481
3.44713
3.44932
3.45133
3.4531
3.4546
3.45578
3.45663
3.45714
3.4573
3.45713
3.45664
3.45587
3.45486
3.45364
3.45225
3.45075
3.44916
3.44754
3.44592
3.44435
3.44286
3.4415
3.4403
3.4393
3.43854
3.43804
3.43782
3.43792
3.43834
3.4391
3.44019
3.44162
3.44337
3.44544
3.44779
3.45042
3.45328
3.45635
3.45961
3.463
3.46651
3.47009
3.47369
3.47729
3.48085
3.48432
3.48769
3.49092
3.49399
3.4969
3.49964
3.5022
3.50459
3.50684
3.50896
3.51096
3.51288
3.51472
3.51649
3.51822
3.51989
3.52151
3.52307
3.52456
3.52594
3.52721
3.52834
3.52932
3.53013
3.53077
3.53122
3.53149
3.53157
3.53147
3.5312
3.53076
3.53018
3.52946
3.52861
3.52766
3.52661
3.52548
3.52429
3.52305
3.52179
3.52051
3.51924
3.51798
3.51675
3.51554
3.51436
3.51318
3.51198
3.51075
3.50946
3.50805
3.50649
3.50472
3.50269
3.50034
3.49762
3.4945
3.49097
3.48705
3.4828
3.47829
3.47362
3.46892
3.46431
3.4599
3.45579
3.45205
3.44873
3.44588
3.44351
3.44163
3.44023
3.43929
3.4388
3.43874
3.43908
3.4398
3.44088
3.44229
3.44398
3.44593
3.44807
3.45036
3.45273
3.45514
3.45751
3.45979
3.46192
3.46387
3.46559
3.46708
3.46831
3.46929
3.47001
3.4705
3.47076
3.4708
3.47064
3.4703
3.46978
3.4691
3.46829
3.46738
3.46639
3.46537
3.46437
3.46341
3.46256
3.46185
3.46134
3.46104
3.461
3.46121
3.46168
3.46241
3.4634
3.46462
3.46606
3.46773
3.4696
3.47168
3.47398
3.4765
3.47926
3.48228
3.48555
3.48907
3.49283
3.49679
3.5009
3.50508
3.50926
3.51333
3.51718
3.52072
3.52384
3.52649
3.5286
3.53016
3.53117
3.53165
3.53165
3.5312
3.53036
3.52917
3.52767
3.52591
3.52389
3.52166
3.51923
3.51664
3.5139
3.51105
3.50812
3.50513
3.50212
3.4991
3.49612
3.49317
3.4903
3.4875
3.4848
3.4822
3.47969
3.47727
3.47493
3.47265
3.47041
3.46818
3.46593
3.46364
3.46129
3.45889
3.45643
3.45393
3.45143
3.44897
3.44659
3.44434
3.44225
3.44036
3.43869
3.43726
3.43606
3.43508
3.43431
3.43373
3.4333
3.433
3.43281
3.43268
3.43261
3.43255
3.4325
3.43245
3.43238
3.4323
3.43222
3.43213
3.43204
3.43196
3.4319
3.43189
3.4319
3.43197
3.4321
3.43229
3.43256
3.43289
3.43331
3.43381
3.43439
3.43508
3.43586
3.43676
3.43776
3.43888
3.44012
3.44148
3.44296
3.44454
3.44622
3.448
3.44984
3.45175
3.45371
3.4557
3.45771
3.45975
3.46182
3.46393
3.46608
3.46831
3.47062
3.47304
3.47558
3.47824
3.48105
3.48396
3.48698
3.49006
3.49315
3.49619
3.4991
3.50182
3.50428
3.50639
3.50812
3.50943
3.51031
3.5108
3.51094
3.51081
3.51051
3.51013
3.5098
3.50958
3.50956
3.5098
3.5103
3.51109
3.51213
3.51341
3.51488
3.51649
3.51819
3.51994
3.52167
3.52332
3.52484
3.52617
3.52723
3.52796
3.52831
3.52825
3.52773
3.52675
3.52534
3.5235
3.52132
3.51884
3.51615
3.51334
3.5105
3.50771
3.50506
3.50263
3.50048
3.49866
3.49718
3.49604
3.49521
3.49463
3.49424
3.49395
3.49368
3.49335
3.4929
3.49228
3.49144
3.49036
3.48901
3.4874
3.4855
3.48332
3.48087
3.47815
3.47519
3.472
3.4686
3.46503
3.46131
3.45746
3.45354
3.44957
3.44559
3.44167
3.43783
3.43415
3.43067
3.42744
3.4245
3.4219
3.41967
3.41784
3.4164
3.41536
3.41472
3.41444
3.41449
3.41483
3.4154
3.41615
3.41702
3.41794
3.41888
3.41975
3.42053
3.42117
3.42165
3.42195
3.42207
3.42203
3.42184
3.42153
3.42113
3.42069
3.42022
3.41975
3.4193
3.41888
3.41848
3.41811
3.41774
3.41739
3.41704
3.4167
3.41638
3.41611
3.41593
3.41586
3.41596
3.41626
3.41679
3.4176
3.41871
3.42011
3.42182
3.42382
3.42607
3.42857
3.43124
3.43406
3.43699
3.43996
3.44295
3.44592
3.44884
3.45168
3.4544
3.45701
3.45946
3.46175
3.46385
3.46576
3.46745
3.46892
3.47016
3.47118
3.47198
3.47259
3.47303
3.47331
3.47348
3.47354
3.47353
3.47348
3.47342
3.47338
3.47341
3.47351
3.47373
3.47408
3.47454
3.47512
3.47578
3.47648
3.47716
3.47778
3.47828
3.47862
3.47877
3.47873
3.47851
3.47812
3.47761
3.47703
3.47641
3.47582
3.47529
3.47486
3.47454
3.47436
3.4743
3.47436
3.47452
3.47476
3.47504
3.47534
3.47564
3.47593
3.47618
3.4764
3.47658
3.47674
3.47689
3.47705
3.47724
3.47748
3.47779
3.47818
3.47867
3.47925
3.47993
3.48071
3.48155
3.48243
3.48334
3.48425
3.48514
3.48596
3.48671
3.48735
3.48786
3.48819
3.48831
3.48819
3.48778
3.48709
3.48609
3.48483
3.48333
3.48165
3.47987
3.47807
3.47631
3.47466
3.47315
3.47177
3.4705
3.46929
3.46808
3.46681
3.4654
3.4638
3.46199
3.45996
3.45774
3.4554
3.45298
3.45056
3.44824
3.44609
3.44416
3.44253
3.44123
3.4403
3.43975
3.43959
3.43982
3.44042
3.44138
3.44267
3.44426
3.44613
3.44822
3.45051
3.45295
3.45549
3.45808
3.46068
3.46324
3.46572
3.46808
3.47029
3.47231
3.47414
3.47577
3.47722
3.47852
3.47973
3.4809
3.48211
3.48344
3.48495
3.48673
3.48883
3.49128
3.49412
3.49735
3.50095
3.50486
3.50902
3.51334
3.51771
3.52202
3.52613
3.52994
3.53333
3.53622
3.53854
3.54025
3.54133
3.54179
3.54164
3.54092
3.53966
3.53793
3.53576
3.53321
3.53034
3.52719
3.52383
3.52029
3.51662
3.51286
3.50905
3.50522
3.5014
3.49762
3.4939
3.49026
3.48673
3.48331
3.48004
3.47693
3.474
3.47129
3.4688
3.46656
3.46459
3.46288
3.46146
3.4603
3.4594
3.45871
3.4582
3.4578
3.45746
3.45712
3.45671
3.45619
3.45554
3.45473
3.45379
3.45274
3.45164
3.45053
3.44947
3.44851
3.44771
3.44711
3.44672
3.44656
3.44665
3.44696
3.44749
3.44822
3.44914
3.45022
3.45144
3.45277
3.45421
3.45574
3.45734
3.45903
3.46078
3.46262
3.46454
3.46657
3.46872
3.47101
3.47345
3.47605
3.47882
3.48176
3.48484
3.48804
3.49131
3.49461
3.49788
3.50107
3.50414
3.50706
3.5098
3.51236
3.51476
3.51701
3.51915
3.52121
3.52319
3.52512
3.52699
3.52879
3.53049
3.53207
3.53347
3.53468
3.53566
3.53639
3.53687
3.5371
3.53708
3.53681
3.53629
3.5355
3.53442
3.53305
3.53136
3.52933
3.52695
3.52423
3.52117
3.51781
3.51419
3.51035
3.50634
3.50221
3.49802
3.49382
3.48968
3.48566
3.48183
3.47825
3.47497
3.47207
3.46959
3.46757
3.46605
3.46502
3.46449
3.46444
3.46484
3.46564
3.4668
3.46826
3.46996
3.47184
3.47385
3.47592
3.47799
3.47998
3.48182
3.48345
3.48477
3.48572
3.48626
3.48635
3.48598
3.48515
3.4839
3.4823
3.48041
3.4783
3.47604
3.47371
3.47137
3.46908
3.46687
3.46478
3.46283
3.46106
3.45948
3.45809
3.45692
3.45597
3.45524
3.45474
3.45447
3.45443
3.4546
3.45497
3.45553
3.45624
3.45706
3.45797
3.45891
3.45984
3.4607
3.46146
3.46207
3.46251
3.46276
3.46284
3.46276
3.46258
3.46234
3.46212
3.46198
3.46197
3.46216
3.46258
3.46322
3.46408
3.46511
3.46628
3.46752
3.46878
3.46999
3.47112
3.47215
3.47306
3.47385
3.47454
3.47512
3.47563
3.47607
3.47645
3.47679
3.47708
3.47732
3.47752
3.47769
3.47782
3.47793
3.47802
3.47812
3.47823
3.47836
3.47851
3.47868
3.47888
3.4791
3.47934
3.47961
3.47993
3.48033
3.48083
3.48148
3.4823
3.48333
3.48456
3.48599
3.48763
3.48942
3.49134
3.49331
3.49525
3.49708
3.49869
3.49999
3.50089
3.50129
3.50115
3.50042
3.49911
3.49724
3.49487
3.49207
3.48894
3.48554
3.48199
3.47835
3.4747
3.4711
3.46758
3.46417
3.46092
3.45783
3.45491
3.45216
3.44957
3.44716
3.44492
3.44283
3.4409
3.43912
3.4375
3.43604
3.43472
3.43355
3.43253
3.43165
3.43089
3.43027
3.42976
3.42938
3.42913
3.429
3.42901
3.42915
3.42943
3.42985
3.4304
3.43107
3.43185
3.43273
3.43366
3.43463
3.43559
3.43653
3.4374
3.4382
3.4389
3.43949
3.43999
3.44039
3.44073
3.44101
3.44128
3.44156
3.44187
3.44225
3.44271
3.44327
3.44393
3.44469
3.44554
3.44647
3.44745
3.44845
3.44944
3.45039
3.45125
3.45198
3.45253
3.45289
3.453
3.45287
3.45246
3.45179
3.45087
3.44972
3.44837
3.44689
3.44531
3.44372
3.44217
3.44074
3.43948
3.43847
3.43776
3.4374
3.43742
3.43786
3.43872
3.43999
3.44166
3.44368
3.44599
3.44852
3.45119
3.45391
3.45658
3.45914
3.4615
3.4636
3.4654
3.46689
3.46804
3.46888
3.46941
3.46967
3.46968
3.46946
3.46906
3.4685
3.46781
3.46702
3.4662
3.46538
3.46461
3.46396
3.46347
3.46321
3.46322
3.46354
3.4642
3.46521
3.46657
3.46828
3.47029
3.47259
3.47511
3.4778
3.48061
3.48347
3.48631
3.48904
3.49159
3.49388
3.4958
3.49728
3.49823
3.49858
3.49828
3.49731
3.49567
3.49339
3.49054
3.4872
3.48348
3.47951
3.47541
3.47129
3.46727
3.46342
3.45982
3.45652
3.45351
3.4508
3.44837
3.44615
3.44412
3.4422
3.44038
3.43863
3.43693
3.43531
3.43378
3.43239
3.43116
3.43014
3.42937
3.42885
3.42863
3.42869
3.42904
3.42966
3.43054
3.43165
3.43297
3.43444
3.43603
3.43769
3.43937
3.44102
3.44259
3.44402
3.44527
3.44631
3.4471
3.44763
3.44789
3.44791
3.44768
3.44725
3.44666
3.44596
3.44519
3.44439
3.44362
3.4429
3.44226
3.4417
3.44122
3.4408
3.44043
3.44008
3.43969
3.43925
3.43872
3.43806
3.43726
3.4363
3.43518
3.4339
3.43249
3.43096
3.42935
3.42769
3.42599
3.42429
3.42259
3.4209
3.41922
3.41753
3.41582
3.41406
3.41223
3.41034
3.40836
3.40631
3.40418
3.40201
3.39983
3.39767
3.39557
3.39358
3.39173
3.39008
3.38864
3.38744
3.38647
3.38576
3.38527
3.38499
3.38489
3.38494
3.3851
3.38533
3.38563
3.38596
3.38632
3.38671
3.38714
3.38764
3.38823
3.38893
3.38979
3.39082
3.39203
3.39346
3.39511
3.39699
3.39909
3.40141
3.40394
3.40666
3.40955
3.41258
3.41576
3.41904
3.42242
3.42589
3.42945
3.43311
3.43689
3.4408
3.44488
3.44915
3.45363
3.45833
3.46325
3.46836
3.47361
3.47892
3.48419
3.4893
3.4941
3.49845
3.5022
3.50521
3.50735
3.50854
3.50871
3.50785
3.50597
3.50313
3.49942
3.49495
3.48989
3.48439
3.4786
3.47271
3.46685
3.46119
3.45584
3.45089
3.44644
3.44254
3.43921
3.43646
3.43429
3.43268
3.4316
3.431
3.43084
3.43107
3.43164
3.43251
3.43363
3.43497
3.43649
3.43816
3.43997
3.44189
3.4439
3.44598
3.44812
3.45028
3.45244
3.45458
3.45668
3.45869
3.4606
3.46236
3.46396
3.46538
3.46657
3.46754
3.46824
3.46868
3.46882
3.46867
3.46821
3.46744
3.46637
3.46504
3.46346
3.46169
3.45979
3.45782
3.45586
3.45397
3.45222
3.45066
3.44935
3.44832
3.44759
3.44715
3.44701
3.44713
3.44748
3.44801
3.44864
3.44932
3.44998
3.45054
3.45094
3.45112
3.45103
3.45063
3.44993
3.44891
3.4476
3.44603
3.44426
3.44234
3.44033
3.4383
3.43632
3.43442
3.43266
3.43108
3.42969
3.42852
3.42757
3.42685
3.42634
3.42601
3.42583
3.42574
3.42571
3.42564
3.42548
3.42514
3.42457
3.42371
3.42255
3.42106
3.41928
3.41726
3.41505
3.41275
3.41043
3.40819
3.40611
3.40424
3.40264
3.40134
3.40034
3.39963
3.39919
3.39899
3.39898
3.39911
3.39934
3.39963
3.39995
3.40028
3.40063
3.40101
3.40144
3.40197
3.40265
3.4035
3.40458
3.40592
3.40756
3.40948
3.41171
3.41421
3.41696
3.41991
3.42298
3.42609
3.42914
3.43201
3.43457
3.43669
3.43825
3.43915
3.43932
3.43872
3.43737
3.43535
3.43275
3.42971
3.4264
3.42298
3.4196
3.41639
3.41346
3.41088
3.40866
3.40682
3.4053
3.40404
3.40295
3.40195
3.40097
3.39994
3.39884
3.39766
3.39644
3.39523
3.3941
3.39314
3.39242
3.39201
3.39195
3.39228
3.39301
3.39414
3.39565
3.39752
3.39969
3.40215
3.40482
3.40768
3.41065
3.41371
3.41678
3.41985
3.42286
3.42578
3.42859
3.43127
3.43384
3.43628
3.43863
3.44091
3.44315
3.44541
3.44773
3.45014
3.45272
3.45549
3.45849
3.46175
3.46528
3.46906
3.47304
3.47714
3.48124
3.48518
3.48879
3.49187
3.49427
3.49587
3.49659
3.49646
3.49554
3.49397
3.49191
3.48954
3.48702
3.48452
3.48214
3.47997
3.47807
3.47645
3.47513
3.47407
3.47325
3.47262
3.47214
3.47177
3.47147
3.47122
3.471
3.47083
3.47072
3.47072
3.47085
3.47118
3.47173
3.47254
3.47362
3.47498
3.47659
3.47841
3.4804
3.48251
3.48467
3.48683
3.48891
3.49088
3.4927
3.49435
3.4958
3.49707
3.49815
3.49907
3.49985
3.50049
3.50103
3.50145
3.50175
3.50191
3.5019
3.50169
3.50124
3.50054
3.49955
3.49828
3.49675
3.49498
3.49302
3.49091
3.48871
3.48647
3.48421
3.48197
3.47976
3.47758
3.47544
3.47333
3.47124
3.46916
3.4671
3.46506
3.46303
3.46102
3.45901
3.45702
3.45504
3.45305
3.45105
3.44903
3.44696
3.44485
3.44269
3.44048
3.43821
3.43591
3.43359
3.43128
3.42902
3.42686
3.42483
3.42299
3.4214
3.42011
3.41917
3.41862
3.41851
3.41887
3.4197
3.42103
3.42284
3.42512
3.42783
3.43092
3.43431
3.43793
3.44168
3.44546
3.44917
3.45271
3.45599
3.45894
3.46152
3.4637
3.46548
3.46689
3.46796
3.46874
3.46929
3.46965
3.46987
3.46998
3.47002
3.47001
3.46996
3.46988
3.46979
3.46969
3.46957
3.46944
3.4693
3.46914
3.46898
3.46882
3.46866
3.46852
3.46839
3.46829
3.46823
3.4682
3.46822
3.46828
3.46838
3.46853
3.46872
3.46895
3.46925
3.46963
3.47011
3.47073
3.47151
3.47247
3.4736
3.4749
3.47632
3.4778
3.47923
3.48051
3.48153
3.48219
3.4824
3.48214
3.48138
3.48018
3.47861
3.47675
3.47473
3.47266
3.47064
3.46876
3.46708
3.46566
3.46452
3.46367
3.46313
3.46289
3.46291
3.46316
3.46359
3.46417
3.46483
3.4655
3.46612
3.46662
3.46697
3.4671
3.46699
3.46661
3.46597
3.46506
3.46391
3.46256
3.46103
3.45939
3.45769
3.456
3.45437
3.45288
3.45157
3.4505
3.44972
3.44926
3.44916
3.44943
3.45005
3.45103
3.45233
3.45393
3.45579
3.45784
3.46004
3.46232
3.46462
3.46688
3.46905
3.47107
3.47293
3.47459
3.47604
3.4773
3.47838
3.47932
3.48015
3.48093
3.4817
3.48251
3.48342
3.48447
3.4857
3.48714
3.48882
3.49075
3.49293
3.49532
3.49791
3.50061
3.50337
3.50606
3.50858
3.5108
3.5126
3.51386
3.5145
3.51446
3.51372
3.51233
3.51033
3.50784
3.50497
3.50185
3.4986
3.49534
3.49215
3.4891
3.48624
3.48356
3.48109
3.4788
3.47669
3.47473
3.47289
3.47117
3.46956
3.46804
3.46661
3.46528
3.46405
3.46291
3.46187
3.46093
3.46008
3.45931
3.45863
3.45803
3.45751
3.45707
3.45672
3.45647
3.45632
3.45628
3.45636
3.45656
3.45687
3.45729
3.45779
3.45836
3.45896
3.45958
3.46017
3.46071
3.46116
3.46151
3.46173
3.46181
3.46176
3.46156
3.46122
3.46073
3.4601
3.45931
3.45834
3.45717
3.45579
3.4542
3.4524
3.45044
3.44836
3.44625
3.44419
3.44229
3.44063
3.43931
3.4384
3.43797
3.43805
3.43865
3.43977
3.44137
3.44341
3.44583
3.44855
3.45151
3.45461
3.45778
3.46097
3.46409
3.46711
3.46999
3.47268
3.47518
3.47747
3.47952
3.48135
3.48293
3.48426
3.48533
3.48615
3.48671
3.48704
3.48712
3.48697
3.48658
3.48595
3.48507
3.48392
3.48249
3.48077
3.47875
3.47644
3.47384
3.47098
3.46788
3.46459
3.46113
3.45755
3.4539
3.45021
3.44651
3.44285
3.43925
3.43575
3.43236
3.42912
3.42605
3.42316
3.42048
3.41803
3.41581
3.41382
3.41209
3.41059
3.40935
3.40834
3.40756
3.40701
3.40669
3.40657
3.40667
3.40699
3.4075
3.40823
3.40916
3.41029
3.41162
3.41311
3.41473
3.41646
3.41823
3.42
3.4217
3.42327
3.42467
3.42586
3.42682
3.42753
3.42799
3.42823
3.42826
3.42813
3.42787
3.4275
3.42708
3.42662
3.42615
3.42571
3.42531
3.42497
3.42472
3.42457
3.42455
3.42466
3.42492
3.42533
3.4259
3.42664
3.42753
3.42857
3.42975
3.43105
3.43246
3.43398
3.43559
3.4373
3.43911
3.44102
3.44305
3.44521
3.44749
3.44989
3.4524
3.455
3.45766
3.46035
3.46305
3.46571
3.46831
3.47083
3.47323
3.47551
3.47765
3.47966
3.48152
3.48325
3.48486
3.48638
3.48784
3.48927
3.49071
3.49221
3.49379
3.49548
3.4973
3.49924
3.50128
3.50337
3.50549
3.50755
3.50951
3.51129
3.51284
3.51412
3.51508
3.51572
3.51601
3.51598
3.51565
3.51504
3.51419
3.51312
3.51188
3.51052
3.50907
3.50757
3.50608
3.50462
3.50325
3.502
3.50089
3.49994
3.49916
3.49856
3.4981
3.49777
3.49752
3.4973
3.49707
3.49675
3.49632
3.49572
3.49492
3.49389
3.49263
3.49115
3.48945
3.48756
3.4855
3.4833
3.48101
3.47865
3.47625
3.47385
3.47147
3.46913
3.46687
3.46468
3.46261
3.46065
3.45883
3.45716
3.45567
3.45438
3.4533
3.45245
3.45186
3.45155
3.45153
3.45183
3.45244
3.45337
3.45461
3.45616
3.45797
3.46002
3.46226
3.46462
3.46702
3.46941
3.47168
3.47378
3.47565
3.47723
3.47853
3.47953
3.48027
3.4808
3.48119
3.48149
3.48179
3.48215
3.48261
3.4832
3.48394
3.4848
3.48575
3.48675
3.48772
3.48859
3.48926
3.48963
3.4896
3.48909
3.48802
3.48634
3.48407
3.48124
3.47796
3.47433
3.4705
3.4666
3.46278
3.45914
3.45577
3.45272
3.45001
3.44766
3.44568
3.44405
3.44279
3.44188
3.44135
3.44119
3.44143
3.44207
3.44312
3.44458
3.44643
3.44866
3.45121
3.45404
3.45709
3.46029
3.46358
3.46689
3.47017
3.47339
3.47653
3.47958
3.48256
3.48549
3.48841
3.49135
3.49434
3.49743
3.50063
3.50396
3.50744
3.51104
3.51474
3.51847
3.52216
3.52569
3.52896
3.53183
3.53417
3.53588
3.53685
3.53704
3.5364
3.53494
3.53269
3.5297
3.52606
3.52185
3.51714
3.51205
3.50665
3.50103
3.49529
3.48949
3.48374
3.47809
3.47265
3.46748
3.46267
3.4583
3.45441
3.45106
3.44827
3.44605
3.44439
3.44323
3.44251
3.44213
3.44198
3.44196
3.44195
3.44184
3.44155
3.44103
3.44023
3.43917
3.43788
3.43639
3.43478
3.43311
3.43146
3.42988
3.42844
3.42718
3.42613
3.42529
3.42468
3.42429
3.42408
3.42403
3.4241
3.42424
3.42441
3.42455
3.42462
3.42457
3.42439
3.42406
3.42357
3.42293
3.42217
3.42133
3.42045
3.41959
3.4188
3.41813
3.41763
3.41733
3.41727
3.41747
3.41794
3.41869
3.41972
3.421
3.4225
3.42419
3.42601
3.42792
3.42986
3.43177
3.43363
3.43542
3.43716
3.43886
3.44057
3.44232
3.44415
3.44607
3.44809
3.45018
3.45231
3.45445
3.45653
3.45854
3.46043
3.46219
3.46382
3.46532
3.46674
3.4681
3.46948
3.47093
3.47251
3.47428
3.47628
3.47856
3.48111
3.48392
3.48696
3.49014
3.49339
3.49661
3.4997
3.50257
3.50514
3.50736
3.5092
3.51067
3.51177
3.51256
3.51306
3.51334
3.51343
3.51335
3.51311
3.51271
3.51213
3.51134
3.51031
3.509
3.50741
3.50554
3.50341
3.50107
3.49857
3.496
3.49341
3.49088
3.48848
3.48626
3.48425
3.48249
3.48097
3.47971
3.47868
3.47788
3.47727
3.47682
3.47651
3.47631
3.47619
3.47614
3.47612
3.47614
3.47618
3.47624
3.47631
3.47639
3.47648
3.47656
3.47663
3.47666
3.47664
3.47656
3.4764
3.47617
3.47586
3.47548
3.47506
3.4746
3.47413
3.47365
3.47316
3.47266
3.47211
3.47149
3.47074
3.46982
3.4687
3.46735
3.46576
3.46395
3.46197
3.45988
3.45776
3.45569
3.45377
3.45207
3.45066
3.44956
3.44882
3.44842
3.44832
3.4485
3.44888
3.44941
3.45
3.45059
3.45112
3.45155
3.45187
3.45208
3.45221
3.4523
3.45239
3.45255
3.45282
3.45322
3.45381
3.45459
3.45556
3.45672
3.45806
3.45958
3.46126
3.46309
3.46509
3.46725
3.46959
3.4721
3.47481
3.47771
3.48081
3.48408
3.48751
3.49106
3.49469
3.49832
3.50188
3.50531
3.5085
3.51138
3.51388
3.51595
3.51755
3.51869
3.51938
3.51965
3.51955
3.51913
3.51844
3.51751
3.51638
3.51507
3.51359
3.51194
3.51012
3.50813
3.50595
3.50358
3.50101
3.49823
3.49526
3.49208
3.48871
3.48517
3.48147
3.47763
3.4737
3.46969
3.46564
3.46159
3.45757
3.45363
3.44981
3.44615
3.4427
3.43949
3.43657
3.43398
3.43175
3.42991
3.42847
3.42744
3.42683
3.42661
3.42677
3.42726
3.42806
3.42912
3.43039
3.43184
3.43345
3.4352
3.43706
3.43904
3.44115
3.44339
3.44577
3.44831
3.45101
3.45388
3.4569
3.46008
3.4634
3.46684
3.47035
3.4739
3.47745
3.48093
3.48429
3.48748
3.49043
3.49312
3.4955
3.49757
3.49934
3.50082
3.50206
3.50308
3.50393
3.50465
3.50527
3.50582
3.5063
3.50671
3.50705
3.50729
3.5074
3.50735
3.50714
3.50675
3.50617
3.50541
3.5045
3.50347
3.50236
3.5012
3.50004
3.49891
3.49784
3.49685
3.49593
3.4951
3.49434
3.49365
3.493
3.49237
3.49176
3.49117
3.49058
3.49002
3.4895
3.48903
3.48864
3.48833
3.48811
3.48795
3.48784
3.48771
3.48752
3.48719
3.48668
3.48593
3.48492
3.48367
3.4822
3.48056
3.47883
3.47709
3.47539
3.47381
3.4724
3.47118
3.47017
3.4694
3.46884
3.46848
3.46832
3.46833
3.46849
3.46877
3.46914
3.46958
3.47004
3.47051
3.47097
3.47139
3.47177
3.4721
3.47238
3.47262
3.47283
3.47302
3.47321
3.47341
3.47362
3.47388
3.47419
3.47456
3.47502
3.47555
3.47619
3.47693
3.47777
3.47873
3.4798
3.48097
3.48222
3.48353
3.48488
3.48623
3.48755
3.4888
3.48993
3.49092
3.49171
3.49228
3.49258
3.49258
3.49227
3.49163
3.49065
3.48933
3.48769
3.48575
3.48357
3.4812
3.47871
3.47616
3.47363
3.47121
3.46894
3.4669
3.46513
3.46366
3.46251
3.46168
3.46116
3.46095
3.46099
3.46127
3.46173
3.46233
3.46303
3.46377
3.46451
3.46522
3.46585
3.46638
3.4668
3.46709
3.46726
3.46731
3.46725
3.4671
3.46688
3.46659
3.46627
3.46592
3.46557
3.46522
3.46487
3.46454
3.46422
3.46391
3.46361
3.4633
3.46298
3.46263
3.46223
3.46177
3.46123
3.4606
3.45988
3.45907
3.45818
3.45723
3.45624
3.45524
3.45428
3.45338
3.45259
3.45193
3.45143
3.45111
3.45099
3.45109
3.45141
3.45196
3.45274
3.45375
3.45498
3.45643
3.45808
3.45991
3.46187
3.46393
3.46605
3.46819
3.47031
3.47241
3.47446
3.47647
3.47846
3.48042
3.48234
3.4842
3.48595
3.48754
3.48889
3.48992
3.49057
3.49076
3.49046
3.48965
3.48835
3.48658
3.4844
3.48189
3.47912
3.47619
3.47318
3.47017
3.46725
3.46445
3.46184
3.45944
3.45727
3.45535
3.45367
3.45224
3.45105
3.4501
3.44938
3.4489
3.44864
3.44862
3.44883
3.44926
3.44993
3.45081
3.45188
3.45313
3.4545
3.45595
3.45743
3.45888
3.46025
3.46151
3.4626
3.46351
3.46423
3.46478
3.46516
3.4654
3.46554
3.4656
3.4656
3.46557
3.46553
3.46548
3.46546
3.46545
3.46548
3.46554
3.46564
3.46576
3.46591
3.46606
3.46621
3.46633
3.46641
3.46644
3.46639
3.46627
3.46607
3.46581
3.4655
3.46516
3.46481
3.46447
3.46419
3.46397
3.46384
3.46381
3.46391
3.46413
3.46446
3.4649
3.46544
3.46606
3.46673
3.46746
3.46821
3.46896
3.46972
3.47047
3.4712
3.47191
3.47259
3.47324
3.47384
3.47437
3.4748
3.47511
3.47527
3.47525
3.47501
3.47455
3.47385
3.47291
3.47173
3.47032
3.46869
3.46686
3.46485
3.46267
3.46034
3.4579
3.45537
3.45277
3.45016
3.44756
3.44501
3.44255
3.4402
3.438
3.43596
3.43407
3.43233
3.43073
3.42926
3.42787
3.42656
3.42529
3.42403
3.42279
3.42153
3.42025
3.41894
3.41762
3.41629
3.41498
3.41369
3.41245
3.41129
3.41024
3.4093
3.4085
3.40785
3.40735
3.40701
3.4068
3.40673
3.40677
3.40689
3.40708
3.4073
3.40755
3.40782
3.40811
3.4084
3.40874
3.40912
3.40958
3.41015
3.41084
3.41168
3.41269
3.41388
3.41525
3.41678
3.41848
3.42031
3.42226
3.42429
3.42636
3.42842
3.43043
3.43235
3.43411
3.43567
3.437
3.43807
3.43889
3.43947
3.43984
3.44007
3.44022
3.44038
3.44062
3.44102
3.44166
3.44258
3.44385
3.44548
3.44749
3.44987
3.45262
3.45568
3.45904
3.46262
3.46637
3.47023
3.47412
3.47798
3.48174
3.48536
3.48878
3.49199
3.49499
3.49779
3.50043
3.50296
3.50544
3.50795
3.51053
3.51326
3.51617
3.51926
3.52253
3.52594
3.5294
3.5328
3.53601
3.53888
3.54125
3.543
3.544
3.5442
3.54357
3.54214
3.53997
3.53717
3.53385
3.53013
3.52613
3.52197
3.51776
3.51361
3.50961
3.50585
3.5024
3.49935
3.49675
3.49464
3.49303
3.4919
3.49118
3.49078
3.49059
3.49042
3.49014
3.48959
3.48865
3.48726
3.48537
3.48301
3.48024
3.47713
3.47378
3.47029
3.46674
3.46321
3.45975
3.45643
3.45326
3.45031
3.44758
3.44511
3.44291
3.44099
3.43935
3.43801
3.43696
3.43619
3.43572
3.43553
3.43564
3.43604
3.43675
3.43778
3.43912
3.4408
3.44281
3.44517
3.44786
3.45087
3.4542
3.4578
3.46165
3.46568
3.46983
3.47403
3.47818
3.48219
3.48592
3.48925
3.49204
3.49413
3.49538
3.49565
3.49484
3.49288
3.48976
3.48549
3.4802
3.47401
3.46711
3.45972
3.45203
3.44427
3.43661
3.42923
3.42223
3.41572
3.40977
3.40441
3.39966
3.39552
3.39198
3.38903
3.38663
3.38478
3.38344
3.38259
3.38221
3.38228
3.38279
3.38371
3.38502
3.3867
3.38871
3.39104
3.39363
3.39644
3.39942
3.40253
3.40571
3.40893
3.41213
3.41529
3.41836
3.42131
3.4241
3.4267
3.42908
3.43118
3.43296
3.43438
3.43538
3.43593
3.43599
3.43555
3.43462
3.43321
3.43137
3.42917
3.42669
3.42403
3.42128
3.41854
3.4159
3.41344
3.41123
3.40932
3.40775
3.40656
3.40573
3.40527
3.40517
3.40538
3.40587
3.40658
3.40746
3.40848
3.40956
3.41068
3.41182
3.41293
3.41402
3.41508
3.41611
3.41711
3.41808
3.41902
3.4199
3.4207
3.42142
3.42203
3.4225
3.42283
3.42299
3.423
3.42286
3.42257
3.42217
3.42166
3.42107
3.42045
3.4198
3.41916
3.41858
3.41809
3.41772
3.41751
3.4175
3.41773
3.41821
3.41898
3.42006
3.42147
3.4232
3.42529
3.42772
3.43049
3.43362
3.43709
3.44091
3.44508
3.44959
3.45444
3.45962
3.46509
3.4708
3.47669
3.48267
3.48864
3.49448
3.50007
3.50532
3.51013
3.51443
3.51818
3.52134
3.52391
3.52589
3.52727
3.52808
3.52832
3.528
3.52716
3.52583
3.52401
3.52177
3.51912
3.51612
3.51281
3.50924
3.50546
3.50152
3.49747
3.49337
3.48927
3.48522
3.48127
3.47747
3.47386
3.47047
3.46734
3.46449
3.46195
3.45973
3.45783
3.45626
3.455
3.45403
3.45332
3.45285
3.45256
3.45242
3.45237
3.45238
3.45238
3.45234
3.45223
3.452
3.45165
3.45116
3.45056
3.44987
3.44913
3.4484
3.44772
3.44717
3.4468
3.44665
3.44679
3.44722
3.44797
3.44905
3.45043
3.45212
3.45407
3.45625
3.45864
3.46116
3.46379
3.46645
3.46909
3.47165
3.47407
3.47629
3.47825
3.47989
3.48117
3.48205
3.4825
3.4825
3.48204
3.48113
3.47978
3.47801
3.47585
3.47333
3.4705
3.46742
3.46413
3.46071
3.45723
3.45378
3.45044
3.44727
3.44434
3.44171
3.43941
3.43744
3.43582
3.43451
3.43351
3.43279
3.43231
3.43207
3.43204
3.43221
3.43258
3.43314
3.4339
3.43482
3.43591
3.43713
3.43847
3.43988
3.44133
3.44279
3.44422
3.44559
3.44688
3.44807
3.44916
3.45013
3.451
3.45176
3.45244
3.45306
3.45362
3.45415
3.45469
3.45524
3.45584
3.4565
3.45726
3.45812
3.45912
3.46028
3.46162
3.46315
3.46489
3.46685
3.46902
3.47139
3.47394
3.47663
3.47942
3.48228
3.48513
3.48794
3.49066
3.49322
3.4956
3.49776
3.49964
3.50122
3.50248
3.50337
3.5039
3.50405
3.50383
3.5033
3.50249
3.50151
3.50042
3.49935
3.4984
3.49765
3.49718
3.49706
3.4973
3.49791
3.49885
3.50009
3.50155
3.50317
3.50486
3.50655
3.50819
3.50969
3.51102
3.51212
3.51297
3.51352
3.51375
3.51363
3.51314
3.51229
3.51108
3.50953
3.50767
3.50556
3.50326
3.50086
3.49843
3.49604
3.49377
3.49166
3.48976
3.48807
3.48659
3.48527
3.48408
3.48293
3.48179
3.48059
3.47927
3.47781
3.47618
3.47436
3.47237
3.47022
3.46794
3.46555
3.4631
3.46059
3.45807
3.45554
3.45304
3.45056
3.44813
3.44574
3.4434
3.44111
3.43889
3.43675
3.43472
3.43281
3.43106
3.42949
3.42815
3.42707
3.42627
3.42579
3.42561
3.42577
3.42623
3.42699
3.428
3.42921
3.43056
3.43197
3.43336
3.43463
3.43571
3.43652
3.43702
3.43717
3.437
3.43653
3.43584
3.43499
3.4341
3.43325
3.43251
3.43197
3.43166
3.43161
3.43182
3.43229
3.43298
3.43388
3.43495
3.43617
3.43751
3.43897
3.44052
3.44218
3.44394
3.4458
3.44776
3.4498
3.45192
3.45409
3.45627
3.45844
3.46055
3.46258
3.46449
3.46625
3.46783
3.46922
3.4704
3.47136
3.47208
3.47257
3.4728
3.47276
3.47245
3.47185
3.47095
3.46975
3.46825
3.46647
3.46443
3.46216
3.45971
3.45713
3.4545
3.45187
3.44933
3.44692
3.4447
3.44273
3.44102
3.4396
3.43845
3.43757
3.43693
3.43652
3.43631
3.43628
3.43642
3.43676
3.43728
3.43801
3.43895
3.4401
3.44144
3.44295
3.44459
3.44635
3.44817
3.45005
3.45198
3.45395
3.45598
3.45809
3.46031
3.46263
3.46508
3.46762
3.47022
3.47282
3.47535
3.47772
3.47984
3.48162
3.48298
3.48386
3.48424
3.48411
3.48352
3.48252
3.48121
3.47969
3.47808
3.4765
3.47507
3.47389
3.47306
3.47266
3.47274
3.47335
3.47449
3.47615
3.47826
3.48077
3.48355
3.48648
3.4894
3.49216
3.49461
3.49661
3.49807
3.49893
3.49917
3.49882
3.49793
3.49661
3.49497
3.49313
3.4912
3.48932
3.48757
3.48606
3.48484
3.48396
3.48341
3.48319
3.48323
3.48349
3.48388
3.48432
3.48475
3.4851
3.48535
3.48549
3.48553
3.48553
3.48555
3.48564
3.4859
3.48639
3.48716
3.48828
3.48975
3.49158
3.49374
3.4962
3.49887
3.50168
3.5045
3.50726
3.50984
3.51216
3.51413
3.51571
3.51685
3.51754
3.51778
3.51759
3.51697
3.51595
3.51456
3.51281
3.51071
3.50829
3.50556
3.50255
3.49927
3.49576
3.49205
3.48819
3.48423
3.48023
3.47625
3.47233
3.46853
3.46491
3.46151
3.45837
3.45552
3.45298
3.45078
3.44893
3.44743
3.44627
3.44546
3.44499
3.44482
3.44496
3.44535
3.44597
3.44678
3.44774
3.44881
3.44992
3.45106
3.45218
3.45325
3.45425
3.45515
3.45596
3.45666
3.45725
3.45775
3.45816
3.45849
3.45877
3.45902
3.45925
3.45951
3.45981
3.46019
3.46069
3.46133
3.46215
3.46316
3.4644
3.46588
3.46762
3.46961
3.47187
3.4744
3.47717
3.48016
3.48335
3.48668
3.4901
3.49354
3.49695
3.50023
3.50331
3.50612
3.5086
3.51072
3.51245
3.51382
3.51485
3.51561
3.51618
3.51666
3.51713
3.51767
3.51836
3.51924
3.52032
3.5216
3.523
3.52444
3.52582
3.52702
3.52793
3.52844
3.5285
3.5281
3.52723
3.52597
3.5244
3.52261
3.52073
3.51883
3.51699
3.51525
3.51364
3.51214
3.51072
3.50933
3.5079
3.50638
3.50468
3.50274
3.50053
3.49801
3.49518
3.49203
3.48862
3.48497
3.48114
3.47719
3.47317
3.46914
3.46514
3.4612
3.45735
3.45357
3.44988
3.44625
3.44268
3.43919
3.43579
3.43251
3.42941
3.42654
3.42396
3.42172
3.4199
3.41851
3.41759
3.41716
3.4172
3.41772
3.41869
3.42008
3.42185
3.42396
3.42636
3.42901
3.43185
3.43484
3.43794
3.44111
3.44431
3.44752
3.45072
3.45389
3.457
3.46004
3.46299
3.46583
3.46852
3.47104
3.47337
3.47549
3.4774
3.47909
3.48057
3.48187
3.48304
3.48411
3.48513
3.48614
3.4872
3.48833
3.48958
3.49095
3.49247
3.49413
3.49591
3.49778
3.49968
3.50154
3.50329
3.50482
3.50605
3.5069
3.5073
3.5072
3.50659
3.50546
3.50384
3.50177
3.4993
3.49647
3.49336
3.49001
3.48647
3.48279
3.479
3.47516
3.47129
3.46745
3.46368
3.46005
3.45659
3.45337
3.45044
3.44782
3.44557
3.44367
3.44213
3.44095
3.44009
3.43952
3.4392
3.43908
3.43915
3.43935
3.43966
3.44006
3.44052
3.44104
