0.00820313
17.1935
4.19993
4.19991
4.1999
4.19988
4.19987
4.19985
4.19984
4.19982
4.19981
4.19979
4.19978
4.19976
4.19975
4.19973
4.19972
4.1997
4.19969
4.19968
4.19967
4.19965
4.19964
4.19963
4.19962
4.19961
4.19959
4.19958
4.19957
4.19956
4.19955
4.19954
4.19953
4.19953
4.19952
4.19951
4.1995
4.19949
4.19948
4.19948
4.19947
4.19946
4.19945
4.19945
4.19944
4.19943
4.19943
4.19942
4.19942
4.19941
4.19941
4.1994
4.19939
4.19939
4.19938
4.19938
4.19938
4.19937
4.19937
4.19936
4.19936
4.19935
4.19935
4.19935
4.19934
4.19934
4.19933
4.19933
4.19932
4.19932
4.19932
4.19931
4.19931
4.1993
4.1993
4.19929
4.19929
4.19928
4.19928
4.19927
4.19926
4.19926
4.19925
4.19924
4.19923
4.19922
4.19922
4.19921
4.1992
4.19918
4.19917
4.19916
4.19915
4.19914
4.19912
4.19911
4.19909
4.19908
4.19906
4.19904
4.19903
4.19901
4.19899
4.19897
4.19895
4.19893
4.19891
4.19888
4.19886
4.19884
4.19881
4.19879
4.19876
4.19874
4.19871
4.19869
4.19866
4.19863
4.1986
4.19858
4.19855
4.19852
4.19849
4.19846
4.19843
4.1984
4.19837
4.19834
4.19831
4.19828
4.19825
4.19821
4.19818
4.19815
4.19812
4.19808
4.19805
4.19802
4.19798
4.19795
4.19792
4.19788
4.19785
4.19781
4.19778
4.19774
4.19771
4.19767
4.19763
4.1976
4.19756
4.19752
4.19748
4.19745
4.19741
4.19737
4.19733
4.19729
4.19725
4.19721
4.19717
4.19713
4.19708
4.19704
4.197
4.19696
4.19691
4.19687
4.19683
4.19678
4.19674
4.1967
4.19665
4.19661
4.19656
4.19652
4.19647
4.19643
4.19638
4.19634
4.19629
4.19625
4.1962
4.19615
4.19611
4.19606
4.19602
4.19597
4.19592
4.19588
4.19583
4.19579
4.19574
4.19569
4.19565
4.1956
4.19556
4.19551
4.19547
4.19542
4.19538
4.19533
4.19529
4.19524
4.1952
4.19515
4.19511
4.19506
4.19502
4.19497
4.19493
4.19488
4.19484
4.19479
4.19475
4.19471
4.19466
4.19462
4.19457
4.19453
4.19448
4.19444
4.19439
4.19435
4.1943
4.19426
4.19421
4.19416
4.19412
4.19407
4.19403
4.19398
4.19393
4.19388
4.19384
4.19379
4.19374
4.19369
4.19364
4.1936
4.19355
4.1935
4.19345
4.1934
4.19335
4.1933
4.19325
4.1932
4.19315
4.1931
4.19305
4.193
4.19295
4.1929
4.19285
4.1928
4.19275
4.1927
4.19265
4.1926
4.19255
4.1925
4.19245
4.1924
4.19235
4.1923
4.19225
4.1922
4.19215
4.1921
4.19205
4.192
4.19195
4.1919
4.19185
4.19181
4.19176
4.19171
4.19166
4.19161
4.19156
4.19152
4.19147
4.19142
4.19137
4.19132
4.19128
4.19123
4.19118
4.19113
4.19108
4.19103
4.19099
4.19094
4.19089
4.19084
4.19079
4.19074
4.19069
4.19065
4.1906
4.19055
4.1905
4.19045
4.1904
4.19035
4.1903
4.19025
4.1902
4.19015
4.1901
4.19005
4.18999
4.18994
4.18989
4.18984
4.18979
4.18974
4.18969
4.18963
4.18958
4.18953
4.18948
4.18942
4.18937
4.18932
4.18927
4.18921
4.18916
4.18911
4.18905
4.189
4.18895
4.18889
4.18884
4.18879
4.18873
4.18868
4.18862
4.18857
4.18852
4.18846
4.18841
4.18835
4.1883
4.18824
4.18819
4.18813
4.18808
4.18802
4.18797
4.18791
4.18786
4.1878
4.18775
4.18769
4.18764
4.18758
4.18752
4.18747
4.18741
4.18736
4.1873
4.18724
4.18719
4.18713
4.18708
4.18702
4.18696
4.18691
4.18685
4.1868
4.18674
4.18668
4.18663
4.18657
4.18652
4.18646
4.18641
4.18635
4.1863
4.18624
4.18619
4.18613
4.18608
4.18602
4.18597
4.18591
4.18586
4.1858
4.18575
4.18569
4.18564
4.18558
4.18553
4.18548
4.18542
4.18537
4.18531
4.18526
4.1852
4.18515
4.18509
4.18504
4.18498
4.18493
4.18488
4.18482
4.18477
4.18471
4.18466
4.1846
4.18454
4.18449
4.18443
4.18438
4.18432
4.18427
4.18421
4.18416
4.1841
4.18404
4.18399
4.18393
4.18387
4.18382
4.18376
4.18371
4.18365
4.18359
4.18353
4.18348
4.18342
4.18336
4.18331
4.18325
4.18319
4.18313
4.18308
4.18302
4.18296
4.1829
4.18284
4.18279
4.18273
4.18267
4.18261
4.18255
4.18249
4.18243
4.18237
4.18232
4.18226
4.1822
4.18214
4.18208
4.18202
4.18196
4.1819
4.18184
4.18178
4.18172
4.18166
4.1816
4.18155
4.18149
4.18143
4.18137
4.18131
4.18125
4.18119
4.18113
4.18107
4.18101
4.18095
4.18089
4.18083
4.18078
4.18072
4.18066
4.1806
4.18054
4.18048
4.18042
4.18036
4.1803
4.18024
4.18018
4.18012
4.18006
4.18
4.17995
4.17989
4.17983
4.17977
4.17971
4.17965
4.17959
4.17953
4.17947
4.17941
4.17935
4.17929
4.17923
4.17917
4.17911
4.17906
4.179
4.17894
4.17888
4.17882
4.17876
4.17871
4.17865
4.17859
4.17853
4.17848
4.17842
4.17836
4.1783
4.17825
4.17819
4.17814
4.17808
4.17802
4.17797
4.17791
4.17786
4.1778
4.17775
4.17769
4.17764
4.17759
4.17753
4.17748
4.17742
4.17737
4.17732
4.17726
4.17721
4.17716
4.17711
4.17705
4.177
4.17695
4.1769
4.17684
4.17679
4.17674
4.17669
4.17664
4.17659
4.17653
4.17648
4.17643
4.17638
4.17633
4.17628
4.17623
4.17618
4.17612
4.17607
4.17602
4.17597
4.17592
4.17587
4.17582
4.17577
4.17571
4.17566
4.17561
4.17556
4.17551
4.17546
4.17541
4.17536
4.17531
4.17525
4.1752
4.17515
4.1751
4.17505
4.175
4.17495
4.1749
4.17485
4.1748
4.17475
4.1747
4.17465
4.1746
4.17455
4.1745
4.17445
4.1744
4.17435
4.1743
4.17425
4.1742
4.17415
4.1741
4.17405
4.174
4.17395
4.1739
4.17386
4.17381
4.17376
4.17371
4.17366
4.17361
4.17356
4.17351
4.17346
4.17341
4.17336
4.17331
4.17326
4.17321
4.17316
4.17311
4.17306
4.17301
4.17296
4.17291
4.17285
4.1728
4.17275
4.1727
4.17265
4.1726
4.17255
4.17249
4.17244
4.17239
4.17234
4.17229
4.17224
4.17218
4.17213
4.17208
4.17203
4.17197
4.17192
4.17187
4.17181
4.17176
4.17171
4.17166
4.1716
4.17155
4.1715
4.17144
4.17139
4.17133
4.17128
4.17123
4.17117
4.17112
4.17106
4.17101
4.17095
4.1709
4.17084
4.17079
4.17073
4.17068
4.17062
4.17056
4.17051
4.17045
4.17039
4.17034
4.17028
4.17022
4.17017
4.17011
4.17005
4.16999
4.16993
4.16987
4.16981
4.16976
4.1697
4.16964
4.16958
4.16952
4.16946
4.1694
4.16934
4.16928
4.16922
4.16916
4.16909
4.16903
4.16897
4.16891
4.16885
4.16879
4.16873
4.16867
4.16861
4.16854
4.16848
4.16842
4.16836
4.1683
4.16824
4.16818
4.16812
4.16806
4.16799
4.16793
4.16787
4.16781
4.16775
4.16769
4.16763
4.16757
4.16751
4.16745
4.16739
4.16733
4.16727
4.16721
4.16714
4.16708
4.16702
4.16696
4.1669
4.16684
4.16679
4.16673
4.16667
4.16661
4.16655
4.16649
4.16643
4.16637
4.16631
4.16625
4.16619
4.16613
4.16607
4.16601
4.16596
4.1659
4.16584
4.16578
4.16572
4.16566
4.1656
4.16555
4.16549
4.16543
4.16537
4.16531
4.16525
4.1652
4.16514
4.16508
4.16502
4.16496
4.16491
4.16485
4.16479
4.16473
4.16467
4.16462
4.16456
4.1645
4.16444
4.16438
4.16433
4.16427
4.16421
4.16415
4.16409
4.16404
4.16398
4.16392
4.16386
4.1638
4.16374
4.16369
4.16363
4.16357
4.16351
4.16345
4.1634
4.16334
4.16328
4.16322
4.16316
4.1631
4.16305
4.16299
4.16293
4.16287
4.16281
4.16276
4.1627
4.16264
4.16258
4.16252
4.16246
4.16241
4.16235
4.16229
4.16223
4.16217
4.16211
4.16205
4.162
4.16194
4.16188
4.16182
4.16176
4.1617
4.16164
4.16158
4.16152
4.16147
4.16141
4.16135
4.16129
4.16123
4.16117
4.16111
4.16105
4.16099
4.16094
4.16088
4.16082
4.16076
4.1607
4.16064
4.16059
4.16053
4.16047
4.16041
4.16036
4.1603
4.16024
4.16019
4.16013
4.16008
4.16002
4.15996
4.15991
4.15985
4.1598
4.15974
4.15969
4.15963
4.15958
4.15952
4.15947
4.15942
4.15936
4.15931
4.15925
4.1592
4.15915
4.15909
4.15904
4.15898
4.15893
4.15887
4.15882
4.15877
4.15871
4.15866
4.1586
4.15855
4.15849
4.15844
4.15838
4.15833
4.15827
4.15822
4.15816
4.15811
4.15805
4.158
4.15794
4.15789
4.15783
4.15778
4.15772
4.15767
4.15761
4.15756
4.15751
4.15745
4.1574
4.15734
4.15729
4.15723
4.15718
4.15713
4.15707
4.15702
4.15697
4.15692
4.15687
4.15681
4.15676
4.15671
4.15666
4.15661
4.15656
4.15651
4.15646
4.15641
4.15636
4.15632
4.15627
4.15622
4.15617
4.15613
4.15608
4.15604
4.15599
4.15594
4.1559
4.15586
4.15581
4.15577
4.15573
4.15568
4.15564
4.1556
4.15556
4.15552
4.15548
4.15544
4.1554
4.15536
4.15532
4.15528
4.15524
4.1552
4.15516
4.15512
4.15508
4.15504
4.15501
4.15497
4.15493
4.15489
4.15485
4.15482
4.15478
4.15474
4.1547
4.15467
4.15463
4.15459
4.15455
4.15452
4.15448
4.15444
4.1544
4.15436
4.15433
4.15429
4.15425
4.15421
4.15417
4.15413
4.15409
4.15405
4.15401
4.15397
4.15393
4.15389
4.15385
4.15381
4.15377
4.15373
4.15369
4.15365
4.1536
4.15356
4.15352
4.15348
4.15343
4.15339
4.15335
4.1533
4.15326
4.15321
4.15317
4.15312
4.15308
4.15303
4.15299
4.15294
4.15289
4.15285
4.1528
4.15275
4.15271
4.15266
4.15261
4.15257
4.15252
4.15247
4.15243
4.15238
4.15233
4.15229
4.15224
4.15219
4.15214
4.1521
4.15205
4.152
4.15196
4.15191
4.15186
4.15181
4.15177
4.15172
4.15167
4.15163
4.15158
4.15153
4.15148
4.15144
4.15139
4.15134
4.1513
4.15125
4.1512
4.15115
4.15111
4.15106
4.15101
4.15096
4.15091
4.15087
4.15082
4.15077
4.15072
4.15067
4.15062
4.15057
4.15053
4.15048
4.15043
4.15038
4.15033
4.15028
4.15023
4.15018
4.15013
4.15007
4.15002
4.14997
4.14992
4.14987
4.14982
4.14977
4.14972
4.14967
4.14961
4.14956
4.14951
4.14946
4.14941
4.14936
4.14931
4.14925
4.1492
4.14915
4.1491
4.14905
4.149
4.14895
4.1489
4.14885
4.1488
4.14875
4.1487
4.14865
4.1486
4.14855
4.1485
4.14845
4.1484
4.14835
4.14831
4.14826
4.14821
4.14816
4.14811
4.14807
4.14802
4.14797
4.14792
4.14788
4.14783
4.14778
4.14774
4.14769
4.14764
4.14759
4.14755
4.1475
4.14745
4.14741
4.14736
4.14731
4.14726
4.14722
4.14717
4.14712
4.14707
4.14702
4.14697
4.14692
4.14687
4.14682
4.14678
4.14673
4.14667
4.14662
4.14657
4.14652
4.14647
4.14642
4.14637
4.14632
4.14626
4.14621
4.14616
4.14611
4.14606
4.146
4.14595
4.1459
4.14585
4.1458
4.14574
4.14569
4.14564
4.14559
4.14553
4.14548
4.14543
4.14538
4.14533
4.14528
4.14523
4.14518
4.14513
4.14508
4.14503
4.14498
4.14493
4.14488
4.14483
4.14478
4.14473
4.14469
4.14464
4.14459
4.14454
4.14449
4.14445
4.1444
4.14435
4.14431
4.14426
4.14421
4.14417
4.14412
4.14407
4.14402
4.14398
4.14393
4.14388
4.14383
4.14379
4.14374
4.14369
4.14364
4.14359
4.14355
4.1435
4.14345
4.1434
4.14335
4.1433
4.14325
4.1432
4.14315
4.1431
4.14304
4.14299
4.14294
4.14289
4.14284
4.14279
4.14274
4.14268
4.14263
4.14258
4.14253
4.14247
4.14242
4.14237
4.14232
4.14227
4.14221
4.14216
4.14211
4.14206
4.14201
4.14196
4.14191
4.14186
4.14181
4.14176
4.14171
4.14166
4.14161
4.14156
4.14151
4.14146
4.14141
4.14137
4.14132
4.14127
4.14123
4.14118
4.14113
4.14109
4.14104
4.141
4.14095
4.14091
4.14086
4.14082
4.14077
4.14073
4.14069
4.14064
4.1406
4.14056
4.14051
4.14047
4.14043
4.14039
4.14034
4.1403
4.14026
4.14022
4.14018
4.14013
4.14009
4.14005
4.14001
4.13997
4.13992
4.13988
4.13984
4.1398
4.13975
4.13971
4.13967
4.13963
4.13959
4.13954
4.1395
4.13946
4.13941
4.13937
4.13933
4.13928
4.13924
4.1392
4.13915
4.13911
4.13906
4.13902
4.13898
4.13893
4.13889
4.13884
4.1388
4.13875
4.13871
4.13866
4.13861
4.13857
4.13852
4.13848
4.13843
4.13838
4.13834
4.13829
4.13824
4.1382
4.13815
4.1381
4.13805
4.13801
4.13796
4.13791
4.13787
4.13782
4.13777
4.13772
4.13768
4.13763
4.13758
4.13753
4.13749
4.13744
4.13739
4.13734
4.1373
4.13725
4.1372
4.13715
4.13711
4.13706
4.13701
4.13696
4.13692
4.13687
4.13682
4.13677
4.13672
4.13668
4.13663
4.13658
4.13653
4.13649
4.13644
4.13639
4.13634
4.13629
4.13624
4.1362
4.13615
4.1361
4.13605
4.136
4.13595
4.1359
4.13585
4.1358
4.13575
4.1357
4.13565
4.1356
4.13555
4.1355
4.13545
4.13539
4.13534
4.13529
4.13524
4.13519
4.13513
4.13508
4.13503
4.13497
4.13492
4.13487
4.13481
4.13476
4.1347
4.13465
4.1346
4.13454
4.13448
4.13443
4.13437
4.13432
4.13426
4.13421
4.13415
4.13409
4.13404
4.13398
4.13392
4.13387
4.13381
4.13375
4.13369
4.13364
4.13358
4.13352
4.13346
4.13341
4.13335
4.13329
4.13323
4.13317
4.13311
4.13306
4.133
4.13294
4.13288
4.13282
4.13276
4.1327
4.13264
4.13258
4.13252
4.13246
4.13241
4.13235
4.13229
4.13223
4.13217
4.1321
4.13204
4.13198
4.13192
4.13186
4.1318
4.13174
4.13168
4.13162
4.13156
4.1315
4.13144
4.13137
4.13131
4.13125
4.13119
4.13113
4.13107
4.13101
4.13094
4.13088
4.13082
4.13076
4.1307
4.13064
4.13058
4.13051
4.13045
4.13039
4.13033
4.13027
4.13021
4.13014
4.13008
4.13002
4.12996
4.1299
4.12983
4.12977
4.12971
4.12965
4.12959
4.12953
4.12946
4.1294
4.12934
4.12928
4.12922
4.12916
4.1291
4.12903
4.12897
4.12891
4.12885
4.12879
4.12873
4.12867
4.12861
4.12855
4.12849
4.12843
4.12837
4.12831
4.12826
4.1282
4.12814
4.12808
4.12802
4.12797
4.12791
4.12785
4.1278
4.12774
4.12769
4.12763
4.12758
4.12752
4.12747
4.12742
4.12736
4.12731
4.12726
4.12721
4.12716
4.12711
4.12706
4.127
4.12696
4.12691
4.12686
4.12681
4.12676
4.12671
4.12666
4.12662
4.12657
4.12652
4.12648
4.12643
4.12639
4.12634
4.1263
4.12625
4.12621
4.12617
4.12612
4.12608
4.12604
4.12599
4.12595
4.12591
4.12587
4.12582
4.12578
4.12574
4.1257
4.12566
4.12562
4.12558
4.12553
4.12549
4.12545
4.12541
4.12537
4.12533
4.12529
4.12525
4.12521
4.12517
4.12513
4.12509
4.12505
4.12501
4.12497
4.12493
4.12489
4.12485
4.1248
4.12476
4.12472
4.12468
4.12464
4.1246
4.12456
4.12452
4.12448
4.12443
4.12439
4.12435
4.12431
4.12426
4.12422
4.12418
4.12414
4.12409
4.12405
4.12401
4.12396
4.12392
4.12387
4.12383
4.12378
4.12374
4.12369
4.12365
4.1236
4.12356
4.12351
4.12347
4.12342
4.12337
4.12333
4.12328
4.12323
4.12318
4.12314
4.12309
4.12304
4.12299
4.12295
4.1229
4.12285
4.1228
4.12275
4.1227
4.12265
4.1226
4.12255
4.1225
4.12246
4.12241
4.12236
4.12231
4.12226
4.12221
4.12216
4.12211
4.12206
4.12201
4.12195
4.1219
4.12185
4.1218
4.12175
4.1217
4.12165
4.1216
4.12155
4.1215
4.12145
4.12139
4.12134
4.12129
4.12124
4.12119
4.12114
4.12108
4.12103
4.12098
4.12093
4.12088
4.12082
4.12077
4.12072
4.12067
4.12061
4.12056
4.12051
4.12046
4.1204
4.12035
4.1203
4.12024
4.12019
4.12014
4.12008
4.12003
4.11998
4.11992
4.11987
4.11982
4.11976
4.11971
4.11966
4.1196
4.11955
4.1195
4.11944
4.11939
4.11933
4.11928
4.11923
4.11917
4.11912
4.11906
4.11901
4.11895
4.1189
4.11884
4.11879
4.11873
4.11868
4.11862
4.11856
4.11851
4.11845
4.11839
4.11833
4.11828
4.11822
4.11816
4.1181
4.11804
4.11798
4.11792
4.11786
4.1178
4.11774
4.11768
4.11762
4.11756
4.1175
4.11744
4.11738
4.11732
4.11725
4.11719
4.11713
4.11707
4.11701
4.11694
4.11688
4.11682
4.11676
4.1167
4.11664
4.11657
4.11651
4.11645
4.11639
4.11633
4.11627
4.1162
4.11614
4.11608
4.11602
4.11596
4.1159
4.11584
4.11578
4.11572
4.11566
4.1156
4.11554
4.11548
4.11542
4.11536
4.1153
4.11524
4.11518
4.11513
4.11507
4.11501
4.11495
4.11489
4.11484
4.11478
4.11472
4.11466
4.11461
4.11455
4.11449
4.11443
4.11438
4.11432
4.11426
4.11421
4.11415
4.11409
4.11404
4.11398
4.11393
4.11387
4.11381
4.11376
4.1137
4.11364
4.11359
4.11353
4.11348
4.11342
4.11336
4.11331
4.11325
4.1132
4.11314
4.11309
4.11303
4.11298
4.11292
4.11287
4.11281
4.11276
4.1127
4.11265
4.11259
4.11254
4.11248
4.11243
4.11238
4.11232
4.11227
4.11221
4.11216
4.11211
4.11206
4.112
4.11195
4.1119
4.11185
4.11179
4.11174
4.11169
4.11164
4.11158
4.11153
4.11148
4.11143
4.11138
4.11133
4.11127
4.11122
4.11117
4.11112
4.11107
4.11102
4.11096
4.11091
4.11086
4.11081
4.11076
4.1107
4.11065
4.1106
4.11055
4.1105
4.11044
4.11039
4.11034
4.11029
4.11023
4.11018
4.11013
4.11008
4.11002
4.10997
4.10992
4.10987
4.10981
4.10976
4.10971
4.10966
4.1096
4.10955
4.1095
4.10945
4.10939
4.10934
4.10929
4.10924
4.10918
4.10913
4.10908
4.10903
4.10898
4.10892
4.10887
4.10882
4.10877
4.10872
4.10867
4.10862
4.10857
4.10851
4.10846
4.10841
4.10836
4.10831
4.10826
4.10821
4.10816
4.10811
4.10806
4.10801
4.10797
4.10792
4.10787
4.10782
4.10777
4.10772
4.10767
4.10763
4.10758
4.10753
4.10748
4.10743
4.10739
4.10734
4.10729
4.10724
4.1072
4.10715
4.1071
4.10706
4.10701
4.10696
4.10691
4.10687
4.10682
4.10677
4.10672
4.10668
4.10663
4.10658
4.10653
4.10648
4.10644
4.10639
4.10634
4.10629
4.10624
4.10619
4.10614
4.10609
4.10604
4.10599
4.10594
4.10589
4.10584
4.10578
4.10573
4.10568
4.10563
4.10557
4.10552
4.10547
4.10541
4.10536
4.10531
4.10525
4.1052
4.10514
4.10509
4.10503
4.10498
4.10492
4.10486
4.10481
4.10475
4.1047
4.10464
4.10459
4.10453
4.10447
4.10442
4.10436
4.1043
4.10425
4.10419
4.10414
4.10408
4.10403
4.10397
4.10392
4.10386
4.10381
4.10375
4.1037
4.10364
4.10359
4.10354
4.10348
4.10343
4.10338
4.10332
4.10327
4.10322
4.10317
4.10312
4.10306
4.10301
4.10296
4.10291
4.10286
4.10281
4.10276
4.10271
4.10266
4.10261
4.10256
4.10252
4.10247
4.10242
4.10237
4.10232
4.10228
4.10223
4.10218
4.10213
4.10209
4.10204
4.10199
4.10195
4.1019
4.10185
4.10181
4.10176
4.10171
4.10166
4.10162
4.10157
4.10152
4.10148
4.10143
4.10138
4.10134
4.10129
4.10124
4.10119
4.10115
4.1011
4.10105
4.101
4.10096
4.10091
4.10086
4.10081
4.10076
4.10071
4.10067
4.10062
4.10057
4.10052
4.10047
4.10042
4.10037
4.10032
4.10027
4.10022
4.10017
4.10012
4.10007
4.10002
4.09996
4.09991
4.09986
4.09981
4.09976
4.0997
4.09965
4.0996
4.09954
4.09949
4.09944
4.09938
4.09933
4.09927
4.09922
4.09916
4.09911
4.09905
4.099
4.09894
4.09888
4.09883
4.09877
4.09872
4.09866
4.0986
4.09855
4.09849
4.09843
4.09838
4.09832
4.09826
4.0982
4.09815
4.09809
4.09803
4.09798
4.09792
4.09786
4.09781
4.09775
4.09769
4.09764
4.09758
4.09752
4.09747
4.09741
4.09735
4.0973
4.09724
4.09719
4.09713
4.09707
4.09702
4.09696
4.0969
4.09685
4.09679
4.09673
4.09668
4.09662
4.09656
4.0965
4.09645
4.09639
4.09633
4.09628
4.09622
4.09616
4.0961
4.09604
4.09599
4.09593
4.09587
4.09581
4.09575
4.0957
4.09564
4.09558
4.09552
4.09546
4.0954
4.09534
4.09528
4.09522
4.09516
4.0951
4.09504
4.09498
4.09492
4.09486
4.0948
4.09474
4.09468
4.09462
4.09456
4.0945
4.09444
4.09438
4.09432
4.09426
4.09419
4.09413
4.09407
4.09401
4.09395
4.09389
4.09383
4.09377
4.09371
4.09365
4.09359
4.09353
4.09347
4.09341
4.09335
4.09329
4.09324
4.09318
4.09312
4.09306
4.093
4.09295
4.09289
4.09283
4.09277
4.09272
4.09266
4.09261
4.09255
4.09249
4.09244
4.09238
4.09233
4.09227
4.09222
4.09217
4.09211
4.09206
4.092
4.09195
4.0919
4.09184
4.09179
4.09174
4.09168
4.09163
4.09158
4.09153
4.09147
4.09142
4.09137
4.09132
4.09127
4.09121
4.09116
4.09111
4.09106
4.091
4.09095
4.0909
4.09085
4.09079
4.09074
4.09069
4.09064
4.09058
4.09053
4.09048
4.09043
4.09037
4.09032
4.09027
4.09021
4.09016
4.09011
4.09005
4.09
4.08994
4.08989
4.08984
4.08978
4.08973
4.08967
4.08961
4.08956
4.0895
4.08945
4.08939
4.08933
4.08928
4.08922
4.08916
4.08911
4.08905
4.08899
4.08893
4.08887
4.08881
4.08876
4.0887
4.08864
4.08858
4.08852
4.08846
4.0884
4.08834
4.08828
4.08822
4.08816
4.0881
4.08804
4.08798
4.08791
4.08785
4.08779
4.08773
4.08767
4.08761
4.08755
4.08749
4.08743
4.08737
4.08731
4.08725
4.08718
4.08712
4.08706
4.087
4.08694
4.08688
4.08682
4.08676
4.0867
4.08664
4.08659
4.08653
4.08647
4.08641
4.08635
4.08629
4.08623
4.08618
4.08612
4.08606
4.086
4.08595
4.08589
4.08583
4.08577
4.08572
4.08566
4.0856
4.08555
4.08549
4.08544
4.08538
4.08532
4.08527
4.08521
4.08515
4.0851
4.08504
4.08498
4.08492
4.08487
4.08481
4.08475
4.0847
4.08464
4.08458
4.08452
4.08446
4.08441
4.08435
4.08429
4.08423
4.08417
4.08412
4.08406
4.084
4.08394
4.08388
4.08383
4.08377
4.08371
4.08365
4.08359
4.08354
4.08348
4.08342
4.08336
4.08331
4.08325
4.08319
4.08313
4.08308
4.08302
4.08296
4.08291
4.08285
4.0828
4.08274
4.08268
4.08263
4.08257
4.08252
4.08246
4.08241
4.08235
4.0823
4.08224
4.08218
4.08213
4.08207
4.08202
4.08196
4.08191
4.08186
4.0818
4.08175
4.08169
4.08164
4.08158
4.08153
4.08147
4.08142
4.08136
4.08131
4.08126
4.0812
4.08115
4.08109
4.08104
4.08099
4.08093
4.08088
4.08083
4.08077
4.08072
4.08067
4.08061
4.08056
4.08051
4.08045
4.0804
4.08035
4.08029
4.08024
4.08019
4.08014
4.08008
4.08003
4.07998
4.07993
4.07987
4.07982
4.07977
4.07972
4.07967
4.07961
4.07956
4.07951
4.07946
4.07941
4.07935
4.0793
4.07925
4.0792
4.07915
4.0791
4.07904
4.07899
4.07894
4.07889
4.07883
4.07878
4.07873
4.07868
4.07863
4.07857
4.07852
4.07847
4.07841
4.07836
4.07831
4.07826
4.0782
4.07815
4.07809
4.07804
4.07799
4.07793
4.07788
4.07782
4.07777
4.07772
4.07766
4.07761
4.07755
4.07749
4.07744
4.07738
4.07733
4.07727
4.07721
4.07716
4.0771
4.07704
4.07699
4.07693
4.07687
4.07681
4.07676
4.0767
4.07664
4.07658
4.07652
4.07646
4.0764
4.07634
4.07628
4.07622
4.07616
4.0761
4.07604
4.07598
4.07592
4.07585
4.07579
4.07573
4.07566
4.0756
4.07554
4.07547
4.07541
4.07534
4.07528
4.07521
4.07514
4.07508
4.07501
4.07494
4.07487
4.07481
4.07474
4.07467
4.0746
4.07453
4.07446
4.07439
4.07431
4.07424
4.07417
4.0741
4.07402
4.07395
4.07388
4.0738
4.07373
4.07365
4.07358
4.0735
4.07343
4.07335
4.07328
4.0732
4.07312
4.07305
4.07297
4.07289
4.07282
4.07274
4.07266
4.07259
4.07251
4.07243
4.07236
4.07228
4.07221
4.07213
4.07205
4.07198
4.0719
4.07183
4.07175
4.07167
4.0716
4.07152
4.07145
4.07138
4.0713
4.07123
4.07115
4.07108
4.07101
4.07094
4.07086
4.07079
4.07072
4.07065
4.07058
4.07051
4.07044
4.07037
4.0703
4.07023
4.07016
4.07009
4.07002
4.06996
4.06989
4.06982
4.06976
4.06969
4.06962
4.06956
4.06949
4.06943
4.06937
4.0693
4.06924
4.06918
4.06911
4.06905
4.06899
4.06893
4.06887
4.0688
4.06874
4.06868
4.06862
4.06856
4.0685
4.06844
4.06838
4.06833
4.06827
4.06821
4.06815
4.06809
4.06803
4.06797
4.06792
4.06786
4.0678
4.06774
4.06768
4.06762
4.06757
4.06751
4.06745
4.06739
4.06733
4.06727
4.06722
4.06716
4.0671
4.06704
4.06698
4.06692
4.06686
4.0668
4.06674
4.06668
4.06662
4.06657
4.06651
4.06645
4.06639
4.06633
4.06627
4.06621
4.06615
4.06609
4.06603
4.06597
4.06591
4.06585
4.0658
4.06574
4.06568
4.06562
4.06556
4.0655
4.06545
4.06539
4.06533
4.06527
4.06522
4.06516
4.0651
4.06505
4.06499
4.06494
4.06488
4.06482
4.06477
4.06471
4.06466
4.0646
4.06455
4.06449
4.06444
4.06439
4.06433
4.06428
4.06422
4.06417
4.06411
4.06406
4.064
4.06395
4.06389
4.06384
4.06378
4.06373
4.06367
4.06361
4.06356
4.0635
4.06344
4.06339
4.06333
4.06327
4.06321
4.06315
4.06309
4.06303
4.06297
4.06291
4.06285
4.06279
4.06273
4.06267
4.0626
4.06254
4.06248
4.06241
4.06235
4.06228
4.06222
4.06215
4.06208
4.06202
4.06195
4.06188
4.06182
4.06175
4.06168
4.06161
4.06154
4.06147
4.0614
4.06133
4.06126
4.06119
4.06112
4.06105
4.06098
4.0609
4.06083
4.06076
4.06069
4.06061
4.06054
4.06047
4.0604
4.06032
4.06025
4.06017
4.0601
4.06002
4.05995
4.05987
4.0598
4.05972
4.05965
4.05957
4.0595
4.05942
4.05934
4.05927
4.05919
4.05911
4.05904
4.05896
4.05888
4.0588
4.05873
4.05865
4.05857
4.05849
4.05841
4.05833
4.05825
4.05817
4.05809
4.05802
4.05794
4.05786
4.05778
4.05769
4.05761
4.05753
4.05745
4.05737
4.05729
4.05721
4.05713
4.05705
4.05696
4.05688
4.0568
4.05672
4.05664
4.05655
4.05647
4.05639
4.05631
4.05623
4.05614
4.05606
4.05598
4.0559
4.05582
4.05574
4.05565
4.05557
4.05549
4.05541
4.05533
4.05525
4.05517
4.05509
4.05501
4.05493
4.05485
4.05477
4.05469
4.05462
4.05454
4.05446
4.05438
4.05431
4.05423
4.05415
4.05407
4.054
4.05392
4.05384
4.05377
4.05369
4.05362
4.05354
4.05347
4.05339
4.05332
4.05324
4.05317
4.0531
4.05302
4.05295
4.05287
4.0528
4.05273
4.05265
4.05258
4.05251
4.05244
4.05237
4.05229
4.05222
4.05215
4.05208
4.05201
4.05194
4.05187
4.0518
4.05173
4.05166
4.05159
4.05152
4.05145
4.05138
4.05131
4.05124
4.05117
4.0511
4.05103
4.05096
4.05089
4.05082
4.05075
4.05068
4.05062
4.05055
4.05048
4.05041
4.05034
4.05027
4.0502
4.05013
4.05006
4.05
4.04993
4.04986
4.04979
4.04972
4.04965
4.04958
4.04952
4.04945
4.04938
4.04931
4.04924
4.04918
4.04911
4.04904
4.04897
4.0489
4.04884
4.04877
4.0487
4.04863
4.04856
4.0485
4.04843
4.04836
4.04829
4.04823
4.04816
4.04809
4.04803
4.04796
4.04789
4.04783
4.04776
4.04769
4.04763
4.04756
4.0475
4.04743
4.04737
4.0473
4.04724
4.04717
4.04711
4.04704
4.04698
4.04691
4.04685
4.04678
4.04672
4.04666
4.04659
4.04653
4.04646
4.0464
4.04634
4.04627
4.04621
4.04615
4.04608
4.04602
4.04596
4.04589
4.04583
4.04577
4.0457
4.04564
4.04557
4.04551
4.04545
4.04538
4.04532
4.04525
4.04519
4.04512
4.04506
4.04499
4.04493
4.04486
4.0448
4.04473
4.04466
4.0446
4.04453
4.04446
4.04439
4.04433
4.04426
4.04419
4.04412
4.04405
4.04399
4.04392
4.04385
4.04378
4.04371
4.04364
4.04357
4.0435
4.04343
4.04336
4.04329
4.04321
4.04314
4.04307
4.043
4.04293
4.04286
4.04279
4.04272
4.04265
4.04258
4.04251
4.04243
4.04236
4.04229
4.04222
4.04215
4.04208
4.04201
4.04195
4.04188
4.04181
4.04174
4.04167
4.0416
4.04154
4.04147
4.0414
4.04133
4.04127
4.0412
4.04114
4.04107
4.04101
4.04094
4.04088
4.04081
4.04075
4.04069
4.04062
4.04056
4.0405
4.04043
4.04037
4.04031
4.04025
4.04019
4.04013
4.04007
4.04001
4.03995
4.03989
4.03983
4.03977
4.03971
4.03965
4.03959
4.03953
4.03947
4.03942
4.03936
4.0393
4.03924
4.03919
4.03913
4.03908
4.03902
4.03896
4.03891
4.03885
4.0388
4.03875
4.03869
4.03864
4.03858
4.03853
4.03848
4.03843
4.03837
4.03832
4.03827
4.03822
4.03817
4.03811
4.03806
4.03801
4.03796
4.03791
4.03786
4.03781
4.03776
4.03771
4.03766
4.03761
4.03756
4.03751
4.03746
4.03742
4.03737
4.03732
4.03727
4.03722
4.03718
4.03713
4.03708
4.03704
4.03699
4.03695
4.0369
4.03686
4.03681
4.03677
4.03673
4.03668
4.03664
4.0366
4.03655
4.03651
4.03647
4.03643
4.03639
4.03635
4.03631
4.03627
4.03623
4.03619
4.03615
4.03611
4.03607
4.03603
4.036
4.03596
4.03592
4.03588
4.03584
4.03581
4.03577
4.03573
4.0357
4.03566
4.03562
4.03558
4.03555
4.03551
4.03547
4.03544
4.0354
4.03536
4.03533
4.03529
4.03525
4.03521
4.03518
4.03514
4.0351
4.03507
4.03503
4.03499
4.03495
4.03491
4.03488
4.03484
4.0348
4.03476
4.03472
4.03468
4.03464
4.03461
4.03457
4.03453
4.03449
4.03445
4.03441
4.03437
4.03432
4.03428
4.03424
4.0342
4.03416
4.03412
4.03408
4.03403
4.03399
4.03395
4.03391
4.03386
4.03382
4.03378
4.03373
4.03369
4.03365
4.03361
4.03356
4.03352
4.03348
4.03343
4.03339
4.03335
4.0333
4.03326
4.03322
4.03317
4.03313
4.03309
4.03305
4.033
4.03296
4.03292
4.03288
4.03283
4.03279
4.03275
4.03271
4.03267
4.03263
4.03258
4.03254
4.0325
4.03246
4.03242
4.03238
4.03234
4.0323
4.03226
4.03222
4.03218
4.03214
4.03211
4.03207
4.03203
4.03199
4.03195
4.03192
4.03188
4.03184
4.0318
4.03177
4.03173
4.0317
4.03166
4.03163
4.03159
4.03156
4.03152
4.03149
4.03146
4.03142
4.03139
4.03136
4.03133
4.03129
4.03126
4.03123
4.0312
4.03117
4.03114
4.03111
4.03108
4.03106
4.03103
4.031
4.03097
4.03095
4.03092
4.03089
4.03087
4.03084
4.03082
4.0308
4.03077
4.03075
4.03073
4.0307
4.03068
4.03066
4.03064
4.03062
4.0306
4.03058
4.03056
4.03054
4.03052
4.0305
4.03048
4.03047
4.03045
4.03043
4.03041
4.0304
4.03038
4.03036
4.03034
4.03033
4.03031
4.03029
4.03028
4.03026
4.03024
4.03022
4.03021
4.03019
4.03017
4.03016
4.03014
4.03012
4.03011
4.03009
4.03007
4.03006
4.03004
4.03002
4.03
4.02999
4.02997
4.02995
4.02994
4.02992
4.0299
4.02988
4.02987
4.02985
4.02983
4.02981
4.02979
4.02978
4.02976
4.02974
4.02972
4.0297
4.02968
4.02966
4.02964
4.02962
4.0296
4.02958
4.02956
4.02954
4.02951
4.02949
4.02947
4.02945
4.02942
4.0294
4.02937
4.02935
4.02932
4.0293
4.02927
4.02924
4.02922
4.02919
4.02916
4.02913
4.0291
4.02908
4.02905
4.02902
4.02899
4.02896
4.02893
4.0289
4.02886
4.02883
4.0288
4.02877
4.02874
4.0287
4.02867
4.02864
4.0286
4.02857
4.02854
4.0285
4.02846
4.02843
4.02839
4.02836
4.02832
4.02828
4.02824
4.02821
4.02817
4.02813
4.02809
4.02805
4.02801
4.02797
4.02792
4.02788
4.02784
4.0278
4.02775
4.02771
4.02766
4.02762
4.02757
4.02753
4.02748
4.02744
4.02739
4.02734
4.02729
4.02724
4.02719
4.02715
4.0271
4.02704
4.02699
4.02694
4.02689
4.02684
4.02678
4.02673
4.02668
4.02662
4.02657
4.02651
4.02645
4.0264
4.02634
4.02628
4.02622
4.02616
4.0261
4.02604
4.02597
4.02591
4.02585
4.02578
4.02572
4.02565
4.02559
4.02552
4.02546
4.02539
4.02532
4.02525
4.02518
4.02511
4.02504
4.02497
4.0249
4.02483
4.02476
4.02469
4.02461
4.02454
4.02447
4.02439
4.02432
4.02425
4.02417
4.0241
4.02402
4.02395
4.02387
4.0238
4.02372
4.02364
4.02357
4.02349
4.02341
4.02334
4.02326
4.02318
4.0231
4.02303
4.02295
4.02287
4.02279
4.02271
4.02263
4.02255
4.02247
4.02239
4.02231
4.02223
4.02215
4.02207
4.02199
4.0219
4.02182
4.02174
4.02166
4.02157
4.02149
4.02141
4.02132
4.02124
4.02116
4.02107
4.02099
4.0209
4.02082
4.02073
4.02065
4.02056
4.02048
4.02039
4.0203
4.02021
4.02013
4.02004
4.01995
4.01986
4.01978
4.01969
4.0196
4.01951
4.01942
4.01933
4.01924
4.01915
4.01906
4.01897
4.01888
4.01879
4.0187
4.01861
4.01852
4.01843
4.01834
4.01825
4.01816
4.01807
4.01798
4.01789
4.0178
4.01771
4.01763
4.01754
4.01745
4.01736
4.01728
4.01719
4.0171
4.01702
4.01693
4.01685
4.01676
4.01668
4.0166
4.01652
4.01644
4.01635
4.01627
4.0162
4.01612
4.01604
4.01596
4.01588
4.01581
4.01573
4.01566
4.01558
4.01551
4.01544
4.01536
4.01529
4.01522
4.01515
4.01508
4.01501
4.01494
4.01487
4.0148
4.01473
4.01466
4.0146
4.01453
4.01446
4.0144
4.01433
4.01426
4.0142
4.01413
4.01407
4.014
4.01394
4.01387
4.01381
4.01375
4.01368
4.01362
4.01355
4.01349
4.01343
4.01336
4.0133
4.01324
4.01317
4.01311
4.01304
4.01298
4.01292
4.01285
4.01279
4.01272
4.01266
4.01259
4.01253
4.01246
4.01239
4.01233
4.01226
4.01219
4.01212
4.01206
4.01199
4.01192
4.01185
4.01178
4.01171
4.01164
4.01157
4.0115
4.01143
4.01135
4.01128
4.01121
4.01114
4.01106
4.01099
4.01092
4.01084
4.01077
4.01069
4.01062
4.01054
4.01047
4.01039
4.01032
4.01024
4.01017
4.01009
4.01002
4.00994
4.00987
4.00979
4.00972
4.00965
4.00957
4.0095
4.00943
4.00935
4.00928
4.00921
4.00914
4.00907
4.009
4.00893
4.00886
4.00879
4.00872
4.00865
4.00859
4.00852
4.00845
4.00839
4.00832
4.00826
4.0082
4.00813
4.00807
4.00801
4.00795
4.00789
4.00783
4.00777
4.00771
4.00766
4.0076
4.00754
4.00749
4.00743
4.00738
4.00733
4.00727
4.00722
4.00717
4.00712
4.00707
4.00702
4.00697
4.00692
4.00688
4.00683
4.00678
4.00673
4.00669
4.00664
4.0066
4.00655
4.00651
4.00646
4.00642
4.00638
4.00633
4.00629
4.00624
4.0062
4.00616
4.00612
4.00607
4.00603
4.00599
4.00594
4.0059
4.00586
4.00582
4.00577
4.00573
4.00569
4.00564
4.0056
4.00556
4.00551
4.00547
4.00542
4.00538
4.00533
4.00529
4.00524
4.0052
4.00515
4.0051
4.00506
4.00501
4.00496
4.00492
4.00487
4.00482
4.00477
4.00472
4.00467
4.00462
4.00457
4.00452
4.00447
4.00442
4.00437
4.00432
4.00427
4.00421
4.00416
4.00411
4.00406
4.00401
4.00395
4.0039
4.00385
4.0038
4.00375
4.0037
4.00364
4.00359
4.00354
4.00349
4.00344
4.00339
4.00334
4.00329
4.00324
4.00319
4.00315
4.0031
4.00305
4.003
4.00296
4.00291
4.00286
4.00282
4.00277
4.00273
4.00268
4.00264
4.00259
4.00255
4.00251
4.00246
4.00242
4.00238
4.00233
4.00229
4.00225
4.0022
4.00216
4.00212
4.00208
4.00203
4.00199
4.00195
4.00191
4.00187
4.00182
4.00178
4.00174
4.0017
4.00165
4.00161
4.00157
4.00152
4.00148
4.00144
4.00139
4.00135
4.00131
4.00126
4.00122
4.00118
4.00113
4.00109
4.00105
4.001
4.00096
4.00091
4.00087
4.00082
4.00078
4.00073
4.00069
4.00064
4.0006
4.00055
4.00051
4.00046
4.00041
4.00037
4.00032
4.00027
4.00023
4.00018
4.00013
4.00008
4.00003
3.99999
3.99994
3.99989
3.99984
3.99979
3.99974
3.99969
3.99964
3.99959
3.99953
3.99948
3.99943
3.99938
3.99932
3.99927
3.99922
3.99917
3.99911
3.99906
3.999
3.99895
3.99889
3.99884
3.99878
3.99873
3.99867
3.99862
3.99856
3.9985
3.99845
3.99839
3.99833
3.99827
3.99822
3.99816
3.9981
3.99804
3.99798
3.99793
3.99787
3.99781
3.99775
3.99769
3.99763
3.99757
3.99751
3.99745
3.99739
3.99733
3.99726
3.9972
3.99714
3.99708
3.99702
3.99696
3.99689
3.99683
3.99677
3.9967
3.99664
3.99658
3.99652
3.99645
3.99639
3.99633
3.99626
3.9962
3.99614
3.99607
3.99601
3.99595
3.99588
3.99582
3.99576
3.9957
3.99563
3.99557
3.99551
3.99545
3.99539
3.99533
3.99527
3.9952
3.99514
3.99508
3.99502
3.99496
3.99491
3.99485
3.99479
3.99473
3.99467
3.99461
3.99456
3.9945
3.99444
3.99439
3.99433
3.99428
3.99422
3.99417
3.99412
3.99406
3.99401
3.99396
3.9939
3.99385
3.9938
3.99375
3.9937
3.99365
3.9936
3.99355
3.9935
3.99345
3.9934
3.99335
3.99331
3.99326
3.99321
3.99316
3.99312
3.99307
3.99302
3.99298
3.99293
3.99288
3.99284
3.99279
3.99275
3.9927
3.99266
3.99261
3.99257
3.99252
3.99248
3.99243
3.99239
3.99234
3.9923
3.99226
3.99221
3.99217
3.99213
3.99208
3.99204
3.992
3.99195
3.99191
3.99187
3.99182
3.99178
3.99174
3.9917
3.99165
3.99161
3.99157
3.99152
3.99148
3.99144
3.99139
3.99135
3.9913
3.99126
3.99122
3.99117
3.99113
3.99108
3.99104
3.99099
3.99094
3.9909
3.99085
3.9908
3.99076
3.99071
3.99066
3.99061
3.99056
3.99051
3.99046
3.99041
3.99036
3.99031
3.99026
3.99021
3.99016
3.9901
3.99005
3.99
3.98994
3.98989
3.98983
3.98978
3.98972
3.98967
3.98961
3.98955
3.9895
3.98944
3.98938
3.98932
3.98927
3.98921
3.98915
3.98909
3.98903
3.98897
3.98891
3.98885
3.98879
3.98873
3.98867
3.9886
3.98854
3.98848
3.98842
3.98836
3.9883
3.98823
3.98817
3.98811
3.98805
3.98798
3.98792
3.98786
3.98779
3.98773
3.98767
3.9876
3.98754
3.98748
3.98741
3.98735
3.98728
3.98722
3.98716
3.98709
3.98703
3.98696
3.9869
3.98683
3.98677
3.98671
3.98664
3.98658
3.98651
3.98645
3.98638
3.98632
3.98625
3.98619
3.98613
3.98606
3.986
3.98593
3.98587
3.9858
3.98574
3.98567
3.98561
3.98555
3.98548
3.98542
3.98535
3.98529
3.98523
3.98516
3.9851
3.98503
3.98497
3.98491
3.98484
3.98478
3.98472
3.98465
3.98459
3.98453
3.98446
3.9844
3.98434
3.98428
3.98421
3.98415
3.98409
3.98403
3.98397
3.9839
3.98384
3.98378
3.98372
3.98366
3.9836
3.98354
3.98348
3.98342
3.98336
3.9833
3.98324
3.98318
3.98312
3.98306
3.983
3.98294
3.98288
3.98282
3.98277
3.98271
3.98265
3.98259
3.98254
3.98248
3.98242
3.98237
3.98231
3.98226
3.9822
3.98215
3.98209
3.98204
3.98198
3.98193
3.98187
3.98182
3.98177
3.98172
3.98166
3.98161
3.98156
3.98151
3.98146
3.98141
3.98136
3.98131
3.98126
3.98121
3.98116
3.98111
3.98106
3.98102
3.98097
3.98092
3.98088
3.98083
3.98078
3.98074
3.98069
3.98065
3.98061
3.98056
3.98052
3.98047
3.98043
3.98039
3.98035
3.9803
3.98026
3.98022
3.98018
3.98014
3.98009
3.98005
3.98001
3.97997
3.97993
3.97989
3.97985
3.97981
3.97976
3.97972
3.97968
3.97964
3.9796
3.97956
3.97951
3.97947
3.97943
3.97939
3.97935
3.9793
3.97926
3.97922
3.97918
3.97914
3.97909
3.97905
3.97901
3.97896
3.97892
3.97888
3.97884
3.97879
3.97875
3.97871
3.97866
3.97862
3.97858
3.97854
3.97849
3.97845
3.9784
3.97836
3.97832
3.97827
3.97823
3.97819
3.97814
3.9781
3.97805
3.97801
3.97796
3.97792
3.97787
3.97782
3.97778
3.97773
3.97768
3.97764
3.97759
3.97754
3.97749
3.97744
3.9774
3.97735
3.9773
3.97725
3.9772
3.97715
3.97709
3.97704
3.97699
3.97694
3.97689
3.97683
3.97678
3.97673
3.97667
3.97662
3.97656
3.97651
3.97646
3.9764
3.97634
3.97629
3.97623
3.97618
3.97612
3.97606
3.97601
3.97595
3.97589
3.97583
3.97577
3.97572
3.97566
3.9756
3.97554
3.97548
3.97542
3.97536
3.9753
3.97524
3.97518
3.97512
3.97506
3.97499
3.97493
3.97487
3.97481
3.97475
3.97468
3.97462
3.97456
3.97449
3.97443
3.97436
3.9743
3.97423
3.97417
3.9741
3.97404
3.97397
3.97391
3.97384
3.97377
3.97371
3.97364
3.97357
3.97351
3.97344
3.97337
3.97331
3.97324
3.97317
3.97311
3.97304
3.97297
3.97291
3.97284
3.97278
3.97271
3.97264
3.97258
3.97251
3.97245
3.97238
3.97232
3.97226
3.97219
3.97213
3.97206
3.972
3.97194
3.97188
3.97181
3.97175
3.97169
3.97163
3.97156
3.9715
3.97144
3.97138
3.97132
3.97126
3.9712
3.97114
3.97108
3.97102
3.97096
3.9709
3.97084
3.97078
3.97072
3.97066
3.9706
3.97053
3.97047
3.97041
3.97035
3.97029
3.97023
3.97017
3.97011
3.97005
3.96999
3.96993
3.96986
3.9698
3.96974
3.96968
3.96962
3.96956
3.96949
3.96943
3.96937
3.96931
3.96925
3.96919
3.96912
3.96906
3.969
3.96894
3.96888
3.96882
3.96876
3.96869
3.96863
3.96857
3.96851
3.96845
3.96839
3.96833
3.96827
3.9682
3.96814
3.96808
3.96802
3.96796
3.9679
3.96784
3.96777
3.96771
3.96765
3.96759
3.96753
3.96747
3.9674
3.96734
3.96728
3.96722
3.96716
3.9671
3.96704
3.96697
3.96691
3.96685
3.96679
3.96673
3.96667
3.9666
3.96654
3.96648
3.96642
3.96636
3.9663
3.96624
3.96618
3.96611
3.96605
3.96599
3.96593
3.96587
3.96581
3.96575
3.96569
3.96563
3.96557
3.96551
3.96545
3.96539
3.96533
3.96527
3.96521
3.96515
3.96509
3.96503
3.96497
3.96491
3.96485
3.96479
3.96473
3.96467
3.96461
3.96455
3.96449
3.96442
3.96436
3.9643
3.96424
3.96418
3.96412
3.96406
3.964
3.96394
3.96387
3.96381
3.96375
3.96369
3.96362
3.96356
3.9635
3.96343
3.96337
3.9633
3.96324
3.96317
3.96311
3.96304
3.96297
3.9629
3.96284
3.96277
3.9627
3.96263
3.96256
3.96248
3.96241
3.96234
3.96227
3.96219
3.96212
3.96204
3.96197
3.96189
3.96181
3.96173
3.96165
3.96157
3.96149
3.96141
3.96133
3.96125
3.96116
3.96108
3.96099
3.96091
3.96082
3.96073
3.96065
3.96056
3.96047
3.96038
3.96029
3.9602
3.96011
3.96001
3.95992
3.95983
3.95973
3.95964
3.95954
3.95945
3.95935
3.95926
3.95916
3.95906
3.95896
3.95887
3.95877
3.95867
3.95857
3.95847
3.95837
3.95828
3.95818
3.95808
3.95798
3.95788
3.95778
3.95768
3.95758
3.95748
3.95738
3.95728
3.95718
3.95708
3.95698
3.95688
3.95678
3.95668
3.95658
3.95648
3.95638
3.95628
3.95619
3.95609
3.95599
3.95589
3.95579
3.95569
3.95559
3.9555
3.9554
3.9553
3.9552
3.95511
3.95501
3.95491
3.95482
3.95472
3.95463
3.95453
3.95444
3.95434
3.95425
3.95415
3.95406
3.95397
3.95387
3.95378
3.95369
3.9536
3.95351
3.95342
3.95333
3.95324
3.95315
3.95307
3.95298
3.95289
3.95281
3.95272
3.95264
3.95256
3.95248
3.95239
3.95231
3.95223
3.95215
3.95208
3.952
3.95192
3.95185
3.95177
3.9517
3.95162
3.95155
3.95148
3.95141
3.95134
3.95127
3.95121
3.95114
3.95107
3.95101
3.95094
3.95088
3.95082
3.95076
3.9507
3.95064
3.95058
3.95052
3.95046
3.95041
3.95035
3.9503
3.95024
3.95019
3.95014
3.95008
3.95003
3.94998
3.94993
3.94988
3.94983
3.94978
3.94973
3.94968
3.94963
3.94958
3.94953
3.94948
3.94943
3.94939
3.94934
3.94929
3.94924
3.94919
3.94915
3.9491
3.94905
3.949
3.94895
3.9489
3.94885
3.9488
3.94875
3.9487
3.94865
3.9486
3.94855
3.9485
3.94845
3.9484
3.94834
3.94829
3.94824
3.94818
3.94813
3.94807
3.94802
3.94796
3.94791
3.94785
3.94779
3.94774
3.94768
3.94762
3.94756
3.9475
3.94744
3.94738
3.94732
3.94726
3.9472
3.94714
3.94707
3.94701
3.94695
3.94688
3.94682
3.94676
3.94669
3.94663
3.94656
3.9465
3.94643
3.94637
3.9463
3.94623
3.94617
3.9461
3.94604
3.94597
3.9459
3.94584
3.94577
3.94571
3.94564
3.94558
3.94551
3.94545
3.94538
3.94532
3.94525
3.94519
3.94512
3.94506
3.94499
3.94493
3.94487
3.9448
3.94474
3.94467
3.94461
3.94455
3.94449
3.94442
3.94436
3.9443
3.94424
3.94418
3.94411
3.94405
3.94399
3.94393
3.94387
3.94381
3.94374
3.94368
3.94362
3.94356
3.9435
3.94344
3.94338
3.94332
3.94325
3.94319
3.94313
3.94307
3.94301
3.94294
3.94288
3.94282
3.94276
3.94269
3.94263
3.94257
3.9425
3.94244
3.94238
3.94231
3.94225
3.94218
3.94212
3.94205
3.94199
3.94192
3.94186
3.94179
3.94172
3.94166
3.94159
3.94153
3.94146
3.94139
3.94132
3.94126
3.94119
3.94112
3.94105
3.94099
3.94092
3.94085
3.94078
3.94071
3.94065
3.94058
3.94051
3.94044
3.94037
3.9403
3.94023
3.94016
3.94009
3.94002
3.93996
3.93989
3.93982
3.93975
3.93968
3.93961
3.93954
3.93947
3.9394
3.93933
3.93926
3.93919
3.93912
3.93905
3.93898
3.93891
3.93884
3.93877
3.9387
3.93863
3.93856
3.93849
3.93843
3.93836
3.93829
3.93822
3.93815
3.93808
3.93802
3.93795
3.93788
3.93782
3.93775
3.93768
3.93762
3.93756
3.93749
3.93743
3.93736
3.9373
3.93724
3.93718
3.93712
3.93706
3.937
3.93694
3.93688
3.93683
3.93677
3.93672
3.93666
3.93661
3.93656
3.9365
3.93645
3.9364
3.93635
3.93631
3.93626
3.93621
3.93617
3.93612
3.93608
3.93604
3.936
3.93596
3.93592
3.93588
3.93584
3.93581
3.93577
3.93573
3.9357
3.93567
3.93563
3.9356
3.93557
3.93554
3.93551
3.93548
3.93546
3.93543
3.9354
3.93538
3.93535
3.93532
3.9353
3.93528
3.93525
3.93523
3.93521
3.93518
3.93516
3.93514
3.93511
3.93509
3.93507
3.93505
3.93503
3.935
3.93498
3.93496
3.93494
3.93491
3.93489
3.93487
3.93485
3.93482
3.9348
3.93477
3.93475
3.93472
3.9347
3.93467
3.93465
3.93462
3.93459
3.93456
3.93454
3.93451
3.93448
3.93445
3.93442
3.93439
3.93436
3.93433
3.9343
3.93427
3.93423
3.9342
3.93417
3.93414
3.9341
3.93407
3.93404
3.934
3.93397
3.93393
3.9339
3.93386
3.93383
3.93379
3.93376
3.93372
3.93368
3.93365
3.93361
3.93357
3.93353
3.93349
3.93346
3.93342
3.93338
3.93334
3.9333
3.93326
3.93322
3.93317
3.93313
3.93309
3.93305
3.933
3.93296
3.93292
3.93287
3.93283
3.93278
3.93273
3.93269
3.93264
3.93259
3.93254
3.93249
3.93244
3.9324
3.93234
3.93229
3.93224
3.93219
3.93214
3.93209
3.93203
3.93198
3.93193
3.93187
3.93182
3.93177
3.93171
3.93166
3.9316
3.93155
3.93149
3.93144
3.93138
3.93133
3.93127
3.93122
3.93116
3.93111
3.93105
3.931
3.93094
3.93089
3.93083
3.93078
3.93072
3.93067
3.93062
3.93056
3.93051
3.93045
3.9304
3.93035
3.9303
3.93024
3.93019
3.93014
3.93009
3.93004
3.92998
3.92993
3.92988
3.92983
3.92978
3.92973
3.92968
3.92963
3.92958
3.92954
3.92949
3.92944
3.92939
3.92934
3.9293
3.92925
3.9292
3.92915
3.92911
3.92906
3.92902
3.92897
3.92893
3.92888
3.92884
3.92879
3.92875
3.9287
3.92866
3.92861
3.92857
