0.00820312
17.1643
4.19996
4.19995
4.19995
4.19994
4.19993
4.19992
4.19991
4.1999
4.19989
4.19988
4.19988
4.19987
4.19986
4.19985
4.19984
4.19984
4.19983
4.19982
4.19982
4.19981
4.1998
4.19979
4.19979
4.19978
4.19978
4.19977
4.19976
4.19976
4.19975
4.19975
4.19974
4.19974
4.19973
4.19973
4.19972
4.19972
4.19971
4.19971
4.19971
4.1997
4.1997
4.1997
4.19969
4.19969
4.19969
4.19968
4.19968
4.19968
4.19968
4.19968
4.19967
4.19967
4.19967
4.19967
4.19967
4.19967
4.19967
4.19967
4.19967
4.19967
4.19967
4.19967
4.19967
4.19967
4.19967
4.19967
4.19968
4.19968
4.19968
4.19968
4.19968
4.19969
4.19969
4.19969
4.19969
4.19969
4.1997
4.1997
4.1997
4.1997
4.1997
4.19971
4.19971
4.19971
4.19971
4.19971
4.19972
4.19972
4.19972
4.19972
4.19972
4.19972
4.19972
4.19972
4.19972
4.19972
4.19972
4.19972
4.19971
4.19971
4.19971
4.1997
4.1997
4.1997
4.19969
4.19969
4.19968
4.19968
4.19967
4.19966
4.19966
4.19965
4.19964
4.19964
4.19963
4.19962
4.19961
4.1996
4.19959
4.19958
4.19957
4.19956
4.19955
4.19954
4.19953
4.19952
4.19951
4.1995
4.19949
4.19948
4.19947
4.19946
4.19945
4.19944
4.19943
4.19942
4.19941
4.1994
4.19939
4.19938
4.19937
4.19936
4.19935
4.19934
4.19933
4.19932
4.19931
4.1993
4.1993
4.19929
4.19928
4.19927
4.19926
4.19925
4.19924
4.19923
4.19922
4.19921
4.1992
4.19919
4.19918
4.19917
4.19916
4.19915
4.19914
4.19912
4.19911
4.1991
4.19909
4.19908
4.19907
4.19906
4.19905
4.19903
4.19902
4.19901
4.199
4.19899
4.19897
4.19896
4.19895
4.19894
4.19893
4.19892
4.1989
4.19889
4.19888
4.19887
4.19886
4.19885
4.19884
4.19883
4.19881
4.1988
4.19879
4.19878
4.19877
4.19876
4.19875
4.19874
4.19873
4.19872
4.19871
4.1987
4.19869
4.19867
4.19866
4.19865
4.19864
4.19863
4.19862
4.19861
4.1986
4.19859
4.19858
4.19857
4.19856
4.19855
4.19854
4.19853
4.19852
4.19851
4.1985
4.19849
4.19848
4.19846
4.19845
4.19844
4.19843
4.19842
4.19841
4.1984
4.19838
4.19837
4.19836
4.19835
4.19833
4.19832
4.19831
4.19829
4.19828
4.19827
4.19825
4.19824
4.19823
4.19821
4.1982
4.19818
4.19817
4.19816
4.19814
4.19813
4.19811
4.1981
4.19809
4.19807
4.19806
4.19805
4.19803
4.19802
4.198
4.19799
4.19798
4.19796
4.19795
4.19794
4.19793
4.19791
4.1979
4.19789
4.19787
4.19786
4.19785
4.19783
4.19782
4.19781
4.1978
4.19778
4.19777
4.19776
4.19774
4.19773
4.19771
4.1977
4.19769
4.19767
4.19766
4.19764
4.19763
4.19761
4.1976
4.19758
4.19757
4.19755
4.19754
4.19752
4.1975
4.19749
4.19747
4.19745
4.19744
4.19742
4.1974
4.19739
4.19737
4.19735
4.19733
4.19732
4.1973
4.19728
4.19726
4.19725
4.19723
4.19721
4.19719
4.19718
4.19716
4.19714
4.19713
4.19711
4.19709
4.19708
4.19706
4.19705
4.19703
4.19702
4.197
4.19699
4.19697
4.19696
4.19695
4.19693
4.19692
4.19691
4.19689
4.19688
4.19687
4.19686
4.19685
4.19683
4.19682
4.19681
4.1968
4.19679
4.19677
4.19676
4.19675
4.19674
4.19673
4.19671
4.1967
4.19669
4.19668
4.19667
4.19665
4.19664
4.19663
4.19661
4.1966
4.19659
4.19658
4.19656
4.19655
4.19654
4.19652
4.19651
4.19649
4.19648
4.19647
4.19645
4.19644
4.19642
4.19641
4.19639
4.19638
4.19637
4.19635
4.19634
4.19632
4.19631
4.1963
4.19628
4.19627
4.19625
4.19624
4.19623
4.19621
4.1962
4.19618
4.19617
4.19616
4.19614
4.19613
4.19612
4.1961
4.19609
4.19608
4.19606
4.19605
4.19604
4.19602
4.19601
4.196
4.19598
4.19597
4.19595
4.19594
4.19592
4.19591
4.19589
4.19588
4.19586
4.19585
4.19583
4.19582
4.1958
4.19578
4.19577
4.19575
4.19573
4.19572
4.1957
4.19568
4.19567
4.19565
4.19563
4.19562
4.1956
4.19558
4.19557
4.19555
4.19554
4.19552
4.1955
4.19549
4.19547
4.19546
4.19544
4.19542
4.19541
4.19539
4.19538
4.19536
4.19535
4.19533
4.19532
4.19531
4.19529
4.19528
4.19526
4.19525
4.19524
4.19522
4.19521
4.1952
4.19518
4.19517
4.19515
4.19514
4.19513
4.19511
4.1951
4.19509
4.19507
4.19506
4.19505
4.19503
4.19502
4.19501
4.19499
4.19498
4.19497
4.19495
4.19494
4.19492
4.19491
4.1949
4.19488
4.19487
4.19485
4.19484
4.19482
4.19481
4.1948
4.19478
4.19477
4.19475
4.19474
4.19472
4.19471
4.1947
4.19468
4.19467
4.19465
4.19464
4.19463
4.19461
4.1946
4.19459
4.19457
4.19456
4.19455
4.19453
4.19452
4.19451
4.19449
4.19448
4.19447
4.19446
4.19444
4.19443
4.19442
4.19441
4.1944
4.19438
4.19437
4.19436
4.19435
4.19433
4.19432
4.19431
4.1943
4.19429
4.19427
4.19426
4.19425
4.19424
4.19423
4.19422
4.1942
4.19419
4.19418
4.19417
4.19416
4.19415
4.19414
4.19412
4.19411
4.1941
4.19409
4.19408
4.19407
4.19406
4.19404
4.19403
4.19402
4.19401
4.194
4.19398
4.19397
4.19396
4.19395
4.19394
4.19392
4.19391
4.1939
4.19388
4.19387
4.19386
4.19384
4.19383
4.19382
4.1938
4.19379
4.19378
4.19376
4.19375
4.19374
4.19372
4.19371
4.1937
4.19368
4.19367
4.19366
4.19364
4.19363
4.19362
4.1936
4.19359
4.19358
4.19356
4.19355
4.19354
4.19353
4.19351
4.1935
4.19349
4.19348
4.19347
4.19345
4.19344
4.19343
4.19342
4.19341
4.19339
4.19338
4.19337
4.19336
4.19335
4.19334
4.19333
4.19331
4.1933
4.19329
4.19328
4.19327
4.19326
4.19325
4.19324
4.19322
4.19321
4.1932
4.19319
4.19318
4.19317
4.19316
4.19315
4.19313
4.19312
4.19311
4.1931
4.19309
4.19308
4.19306
4.19305
4.19304
4.19303
4.19302
4.193
4.19299
4.19298
4.19297
4.19296
4.19294
4.19293
4.19292
4.19291
4.1929
4.19288
4.19287
4.19286
4.19285
4.19283
4.19282
4.19281
4.1928
4.19279
4.19278
4.19276
4.19275
4.19274
4.19273
4.19272
4.19271
4.19269
4.19268
4.19267
4.19266
4.19265
4.19264
4.19262
4.19261
4.1926
4.19259
4.19258
4.19256
4.19255
4.19254
4.19253
4.19251
4.1925
4.19249
4.19248
4.19246
4.19245
4.19244
4.19242
4.19241
4.1924
4.19238
4.19237
4.19235
4.19234
4.19233
4.19231
4.1923
4.19228
4.19227
4.19225
4.19224
4.19223
4.19221
4.1922
4.19218
4.19217
4.19215
4.19214
4.19212
4.19211
4.19209
4.19208
4.19207
4.19205
4.19204
4.19202
4.19201
4.192
4.19198
4.19197
4.19196
4.19194
4.19193
4.19192
4.1919
4.19189
4.19188
4.19186
4.19185
4.19184
4.19183
4.19181
4.1918
4.19179
4.19178
4.19176
4.19175
4.19174
4.19173
4.19171
4.1917
4.19169
4.19168
4.19166
4.19165
4.19164
4.19162
4.19161
4.1916
4.19158
4.19157
4.19155
4.19154
4.19153
4.19151
4.1915
4.19149
4.19147
4.19146
4.19144
4.19143
4.19142
4.1914
4.19139
4.19138
4.19136
4.19135
4.19133
4.19132
4.19131
4.19129
4.19128
4.19126
4.19125
4.19124
4.19122
4.19121
4.1912
4.19118
4.19117
4.19115
4.19114
4.19112
4.19111
4.19109
4.19108
4.19106
4.19105
4.19103
4.19102
4.191
4.19099
4.19097
4.19095
4.19094
4.19092
4.1909
4.19089
4.19087
4.19085
4.19084
4.19082
4.1908
4.19078
4.19077
4.19075
4.19073
4.19071
4.19069
4.19068
4.19066
4.19064
4.19062
4.19061
4.19059
4.19057
4.19056
4.19054
4.19052
4.19051
4.19049
4.19047
4.19046
4.19044
4.19043
4.19041
4.1904
4.19038
4.19037
4.19035
4.19034
4.19032
4.19031
4.1903
4.19028
4.19027
4.19025
4.19024
4.19023
4.19021
4.1902
4.19019
4.19017
4.19016
4.19015
4.19013
4.19012
4.1901
4.19009
4.19008
4.19006
4.19005
4.19003
4.19002
4.19001
4.18999
4.18998
4.18996
4.18995
4.18993
4.18991
4.1899
4.18988
4.18987
4.18985
4.18984
4.18982
4.1898
4.18979
4.18977
4.18976
4.18974
4.18972
4.18971
4.18969
4.18967
4.18966
4.18964
4.18963
4.18961
4.1896
4.18958
4.18956
4.18955
4.18953
4.18952
4.1895
4.18949
4.18947
4.18946
4.18945
4.18943
4.18942
4.1894
4.18939
4.18937
4.18936
4.18935
4.18933
4.18932
4.18931
4.18929
4.18928
4.18927
4.18925
4.18924
4.18923
4.18921
4.1892
4.18919
4.18918
4.18916
4.18915
4.18914
4.18912
4.18911
4.18909
4.18908
4.18907
4.18905
4.18904
4.18903
4.18901
4.189
4.18899
4.18897
4.18896
4.18894
4.18893
4.18892
4.1889
4.18889
4.18888
4.18886
4.18885
4.18884
4.18882
4.18881
4.1888
4.18878
4.18877
4.18876
4.18874
4.18873
4.18872
4.1887
4.18869
4.18868
4.18866
4.18865
4.18864
4.18863
4.18861
4.1886
4.18859
4.18857
4.18856
4.18855
4.18853
4.18852
4.18851
4.18849
4.18848
4.18847
4.18845
4.18844
4.18843
4.18841
4.1884
4.18839
4.18837
4.18836
4.18834
4.18833
4.18832
4.1883
4.18829
4.18827
4.18826
4.18825
4.18823
4.18822
4.1882
4.18819
4.18818
4.18816
4.18815
4.18813
4.18812
4.18811
4.18809
4.18808
4.18806
4.18805
4.18804
4.18802
4.18801
4.18799
4.18798
4.18797
4.18795
4.18794
4.18793
4.18791
4.1879
4.18789
4.18787
4.18786
4.18784
4.18783
4.18782
4.1878
4.18779
4.18778
4.18776
4.18775
4.18774
4.18772
4.18771
4.1877
4.18768
4.18767
4.18765
4.18764
4.18763
4.18761
4.1876
4.18758
4.18757
4.18755
4.18754
4.18753
4.18751
4.1875
4.18748
4.18747
4.18745
4.18744
4.18742
4.18741
4.18739
4.18738
4.18736
4.18735
4.18733
4.18732
4.18731
4.18729
4.18728
4.18726
4.18725
4.18723
4.18722
4.18721
4.18719
4.18718
4.18716
4.18715
4.18714
4.18712
4.18711
4.1871
4.18708
4.18707
4.18706
4.18704
4.18703
4.18702
4.187
4.18699
4.18698
4.18696
4.18695
4.18694
4.18692
4.18691
4.1869
4.18688
4.18687
4.18686
4.18684
4.18683
4.18682
4.18681
4.18679
4.18678
4.18677
4.18675
4.18674
4.18673
4.18672
4.1867
4.18669
4.18668
4.18667
4.18665
4.18664
4.18663
4.18662
4.18661
4.1866
4.18659
4.18657
4.18656
4.18655
4.18654
4.18653
4.18652
4.18651
4.1865
4.18649
4.18648
4.18648
4.18647
4.18646
4.18645
4.18644
4.18643
4.18642
4.18642
4.18641
4.1864
4.18639
4.18638
4.18638
4.18637
4.18636
4.18635
4.18635
4.18634
4.18633
4.18632
4.18631
4.1863
4.18629
4.18628
4.18628
4.18627
4.18626
4.18624
4.18623
4.18622
4.18621
4.1862
4.18619
4.18618
4.18616
4.18615
4.18614
4.18612
4.18611
4.18609
4.18608
4.18607
4.18605
4.18603
4.18602
4.186
4.18599
4.18597
4.18595
4.18594
4.18592
4.1859
4.18589
4.18587
4.18585
4.18583
4.18582
4.1858
4.18578
4.18576
4.18574
4.18573
4.18571
4.18569
4.18567
4.18565
4.18564
4.18562
4.1856
4.18558
4.18557
4.18555
4.18553
4.18551
4.1855
4.18548
4.18546
4.18545
4.18543
4.18541
4.1854
4.18538
4.18537
4.18535
4.18533
4.18532
4.1853
4.18529
4.18527
4.18526
4.18524
4.18523
4.18521
4.1852
4.18518
4.18517
4.18516
4.18514
4.18513
4.18511
4.1851
4.18509
4.18507
4.18506
4.18505
4.18503
4.18502
4.18501
4.18499
4.18498
4.18497
4.18495
4.18494
4.18493
4.18491
4.1849
4.18488
4.18487
4.18486
4.18484
4.18483
4.18481
4.1848
4.18478
4.18477
4.18475
4.18474
4.18472
4.18471
4.18469
4.18468
4.18466
4.18464
4.18463
4.18461
4.1846
4.18458
4.18456
4.18455
4.18453
4.18451
4.1845
4.18448
4.18446
4.18445
4.18443
4.18441
4.1844
4.18438
4.18437
4.18435
4.18433
4.18432
4.1843
4.18428
4.18427
4.18425
4.18423
4.18422
4.1842
4.18419
4.18417
4.18415
4.18414
4.18412
4.1841
4.18409
4.18407
4.18406
4.18404
4.18402
4.18401
4.18399
4.18398
4.18396
4.18394
4.18393
4.18391
4.1839
4.18388
4.18387
4.18385
4.18384
4.18382
4.18381
4.18379
4.18378
4.18376
4.18375
4.18373
4.18372
4.1837
4.18369
4.18367
4.18366
4.18364
4.18363
4.18361
4.1836
4.18358
4.18356
4.18355
4.18353
4.18351
4.1835
4.18348
4.18346
4.18345
4.18343
4.18341
4.18339
4.18337
4.18336
4.18334
4.18332
4.1833
4.18328
4.18327
4.18325
4.18323
4.18321
4.18319
4.18317
4.18316
4.18314
4.18312
4.1831
4.18308
4.18307
4.18305
4.18303
4.18302
4.183
4.18298
4.18297
4.18295
4.18293
4.18292
4.1829
4.18289
4.18287
4.18286
4.18284
4.18283
4.18281
4.1828
4.18278
4.18277
4.18275
4.18274
4.18273
4.18271
4.1827
4.18269
4.18267
4.18266
4.18265
4.18263
4.18262
4.18261
4.18259
4.18258
4.18257
4.18255
4.18254
4.18253
4.18252
4.1825
4.18249
4.18248
4.18246
4.18245
4.18244
4.18242
4.18241
4.1824
4.18238
4.18237
4.18235
4.18234
4.18233
4.18231
4.1823
4.18228
4.18227
4.18225
4.18224
4.18222
4.18221
4.18219
4.18218
4.18216
4.18214
4.18213
4.18211
4.1821
4.18208
4.18206
4.18205
4.18203
4.18201
4.182
4.18198
4.18197
4.18195
4.18193
4.18192
4.1819
4.18188
4.18187
4.18185
4.18183
4.18181
4.1818
4.18178
4.18176
4.18174
4.18173
4.18171
4.18169
4.18167
4.18165
4.18164
4.18162
4.1816
4.18158
4.18156
4.18154
4.18152
4.1815
4.18148
4.18146
4.18145
4.18143
4.18141
4.18139
4.18136
4.18134
4.18132
4.1813
4.18128
4.18126
4.18124
4.18122
4.1812
4.18118
4.18115
4.18113
4.18111
4.18109
4.18107
4.18104
4.18102
4.181
4.18098
4.18096
4.18093
4.18091
4.18089
4.18087
4.18084
4.18082
4.1808
4.18078
4.18076
4.18073
4.18071
4.18069
4.18067
4.18065
4.18063
4.18061
4.18059
4.18057
4.18056
4.18054
4.18052
4.1805
4.18049
4.18047
4.18045
4.18044
4.18042
4.18041
4.18039
4.18038
4.18037
4.18035
4.18034
4.18033
4.18031
4.1803
4.18029
4.18027
4.18026
4.18025
4.18024
4.18022
4.18021
4.1802
4.18018
4.18017
4.18016
4.18014
4.18013
4.18011
4.1801
4.18008
4.18007
4.18005
4.18003
4.18002
4.18
4.17998
4.17997
4.17995
4.17993
4.17991
4.17989
4.17987
4.17985
4.17983
4.17981
4.17979
4.17977
4.17975
4.17973
4.17971
4.17969
4.17967
4.17964
4.17962
4.1796
4.17958
4.17955
4.17953
4.17951
4.17948
4.17946
4.17944
4.17941
4.17939
4.17937
4.17934
4.17932
4.17929
4.17927
4.17925
4.17922
4.1792
4.17918
4.17915
4.17913
4.17911
4.17908
4.17906
4.17904
4.17902
4.17899
4.17897
4.17895
4.17893
4.17891
4.17889
4.17887
4.17885
4.17883
4.17881
4.17879
4.17878
4.17876
4.17874
4.17872
4.17871
4.17869
4.17868
4.17866
4.17864
4.17863
4.17861
4.1786
4.17858
4.17857
4.17855
4.17854
4.17853
4.17851
4.1785
4.17848
4.17847
4.17846
4.17844
4.17843
4.17842
4.1784
4.17839
4.17838
4.17836
4.17835
4.17833
4.17832
4.17831
4.17829
4.17828
4.17827
4.17825
4.17824
4.17823
4.17821
4.1782
4.17819
4.17817
4.17816
4.17815
4.17813
4.17812
4.17811
4.17809
4.17808
4.17807
4.17805
4.17804
4.17803
4.17801
4.178
4.17799
4.17797
4.17796
4.17795
4.17794
4.17792
4.17791
4.1779
4.17789
4.17787
4.17786
4.17785
4.17784
4.17783
4.17781
4.1778
4.17779
4.17778
4.17777
4.17775
4.17774
4.17773
4.17772
4.17771
4.17769
4.17768
4.17767
4.17766
4.17765
4.17764
4.17762
4.17761
4.1776
4.17759
4.17758
4.17756
4.17755
4.17754
4.17753
4.17752
4.17751
4.17749
4.17748
4.17747
4.17746
4.17745
4.17743
4.17742
4.17741
4.1774
4.17739
4.17737
4.17736
4.17735
4.17734
4.17733
4.17732
4.1773
4.17729
4.17728
4.17727
4.17726
4.17725
4.17724
4.17722
4.17721
4.1772
4.17719
4.17718
4.17717
4.17716
4.17715
4.17714
4.17713
4.17712
4.17711
4.1771
4.17709
4.17708
4.17707
4.17706
4.17705
4.17704
4.17703
4.17701
4.177
4.17699
4.17698
4.17697
4.17696
4.17695
4.17693
4.17692
4.17691
4.1769
4.17688
4.17687
4.17686
4.17685
4.17683
4.17682
4.17681
4.17679
4.17678
4.17677
4.17675
4.17674
4.17672
4.17671
4.1767
4.17668
4.17667
4.17666
4.17664
4.17663
4.17662
4.1766
4.17659
4.17658
4.17656
4.17655
4.17654
4.17653
4.17652
4.17651
4.17649
4.17648
4.17647
4.17646
4.17645
4.17644
4.17643
4.17642
4.17641
4.17641
4.1764
4.17639
4.17638
4.17637
4.17636
4.17636
4.17635
4.17634
4.17633
4.17632
4.17632
4.17631
4.1763
4.1763
4.17629
4.17628
4.17628
4.17627
4.17626
4.17625
4.17625
4.17624
4.17623
4.17623
4.17622
4.17621
4.1762
4.1762
4.17619
4.17618
4.17617
4.17617
4.17616
4.17615
4.17614
4.17613
4.17613
4.17612
4.17611
4.1761
4.17609
4.17608
4.17607
4.17606
4.17605
4.17604
4.17603
4.17602
4.17601
4.176
4.17599
4.17598
4.17597
4.17596
4.17595
4.17594
4.17593
4.17592
4.17591
4.1759
4.17589
4.17588
4.17587
4.17586
4.17585
4.17584
4.17583
4.17582
4.17581
4.1758
4.17579
4.17578
4.17577
4.17576
4.17574
4.17573
4.17572
4.17571
4.1757
4.17569
4.17568
4.17566
4.17565
4.17564
4.17563
4.17561
4.1756
4.17559
4.17558
4.17556
4.17555
4.17553
4.17552
4.17551
4.17549
4.17548
4.17546
4.17545
4.17543
4.17542
4.17541
4.17539
4.17538
4.17536
4.17535
4.17533
4.17532
4.1753
4.17529
4.17527
4.17526
4.17524
4.17523
4.17521
4.1752
4.17519
4.17517
4.17516
4.17514
4.17513
4.17511
4.1751
4.17509
4.17507
4.17506
4.17504
4.17503
4.17502
4.175
4.17499
4.17498
4.17496
4.17495
4.17493
4.17492
4.17491
4.17489
4.17488
4.17487
4.17485
4.17484
4.17483
4.17482
4.1748
4.17479
4.17478
4.17477
4.17475
4.17474
4.17473
4.17472
4.17471
4.1747
4.17469
4.17467
4.17466
4.17465
4.17464
4.17463
4.17462
4.17461
4.1746
4.17459
4.17457
4.17456
4.17455
4.17454
4.17453
4.17452
4.17451
4.1745
4.17448
4.17447
4.17446
4.17445
4.17443
4.17442
4.17441
4.1744
4.17438
4.17437
4.17435
4.17434
4.17433
4.17431
4.1743
4.17428
4.17427
4.17425
4.17424
4.17422
4.1742
4.17419
4.17417
4.17416
4.17414
4.17412
4.17411
4.17409
4.17408
4.17406
4.17404
4.17403
4.17401
4.17399
4.17398
4.17396
4.17395
4.17393
4.17391
4.1739
4.17388
4.17387
4.17385
4.17384
4.17382
4.17381
4.17379
4.17378
4.17376
4.17375
4.17374
4.17372
4.17371
4.1737
4.17368
4.17367
4.17366
4.17364
4.17363
4.17362
4.17361
4.1736
4.17358
4.17357
4.17356
4.17355
4.17354
4.17352
4.17351
4.1735
4.17349
4.17348
4.17347
4.17345
4.17344
4.17343
4.17342
4.1734
4.17339
4.17338
4.17337
4.17335
4.17334
4.17332
4.17331
4.1733
4.17328
4.17327
4.17325
4.17324
4.17322
4.1732
4.17319
4.17317
4.17316
4.17314
4.17312
4.17311
4.17309
4.17307
4.17305
4.17304
4.17302
4.173
4.17298
4.17297
4.17295
4.17293
4.17291
4.17289
4.17288
4.17286
4.17284
4.17282
4.1728
4.17278
4.17276
4.17274
4.17272
4.1727
4.17269
4.17267
4.17265
4.17263
4.17261
4.17259
4.17257
4.17255
4.17253
4.17251
4.17249
4.17247
4.17245
4.17243
4.17241
4.17239
4.17237
4.17235
4.17233
4.17231
4.17229
4.17227
4.17225
4.17223
4.17221
4.17219
4.17217
4.17215
4.17213
4.17211
4.17209
4.17207
4.17205
4.17203
4.17201
4.17199
4.17197
4.17195
4.17193
4.17191
4.17189
4.17187
4.17186
4.17184
4.17182
4.1718
4.17178
4.17176
4.17174
4.17172
4.1717
4.17168
4.17167
4.17165
4.17163
4.17161
4.17159
4.17157
4.17155
4.17153
4.17152
4.1715
4.17148
4.17146
4.17144
4.17142
4.1714
4.17139
4.17137
4.17135
4.17133
4.17131
4.17129
4.17127
4.17126
4.17124
4.17122
4.1712
4.17118
4.17116
4.17114
4.17113
4.17111
4.17109
4.17107
4.17105
4.17104
4.17102
4.171
4.17098
4.17096
4.17094
4.17093
4.17091
4.17089
4.17087
4.17085
4.17083
4.17082
4.1708
4.17078
4.17076
4.17074
4.17072
4.17071
4.17069
4.17067
4.17065
4.17063
4.17062
4.1706
4.17058
4.17056
4.17054
4.17053
4.17051
4.17049
4.17048
4.17046
4.17044
4.17043
4.17041
4.17039
4.17038
4.17036
4.17035
4.17033
4.17032
4.1703
4.17029
4.17027
4.17026
4.17024
4.17023
4.17021
4.1702
4.17018
4.17017
4.17015
4.17014
4.17012
4.17011
4.17009
4.17008
4.17006
4.17005
4.17003
4.17002
4.17
4.16999
4.16997
4.16996
4.16994
4.16993
4.16991
4.1699
4.16988
4.16987
4.16985
4.16984
4.16983
4.16981
4.1698
4.16978
4.16977
4.16975
4.16974
4.16972
4.16971
4.16969
4.16968
4.16966
4.16964
4.16963
4.16961
4.1696
4.16958
4.16957
4.16955
4.16953
4.16952
4.1695
4.16948
4.16946
4.16945
4.16943
4.16941
4.16939
4.16938
4.16936
4.16934
4.16932
4.1693
4.16928
4.16926
4.16925
4.16923
4.16921
4.16919
4.16917
4.16915
4.16913
4.16911
4.16909
4.16907
4.16905
4.16903
4.16901
4.16899
4.16897
4.16895
4.16893
4.16891
4.16889
4.16886
4.16884
4.16882
4.1688
4.16878
4.16876
4.16874
4.16872
4.1687
4.16868
4.16866
4.16864
4.16862
4.1686
4.16858
4.16856
4.16854
4.16852
4.1685
4.16848
4.16846
4.16844
4.16842
4.1684
4.16839
4.16837
4.16835
4.16833
4.16831
4.16829
4.16827
4.16826
4.16824
4.16822
4.1682
4.16818
4.16817
4.16815
4.16813
4.16811
4.1681
4.16808
4.16806
4.16804
4.16803
4.16801
4.16799
4.16797
4.16796
4.16794
4.16792
4.16791
4.16789
4.16787
4.16786
4.16784
4.16782
4.16781
4.16779
4.16777
4.16776
4.16774
4.16772
4.16771
4.16769
4.16767
4.16766
4.16764
4.16762
4.16761
4.16759
4.16757
4.16756
4.16754
4.16752
4.1675
4.16749
4.16747
4.16745
4.16743
4.16742
4.1674
4.16738
4.16736
4.16735
4.16733
4.16731
4.16729
4.16727
4.16726
4.16724
4.16722
4.1672
4.16718
4.16717
4.16715
4.16713
4.16711
4.16709
4.16707
4.16705
4.16704
4.16702
4.167
4.16698
4.16696
4.16694
4.16693
4.16691
4.16689
4.16687
4.16685
4.16684
4.16682
4.1668
4.16678
4.16677
4.16675
4.16673
4.16672
4.1667
4.16669
4.16667
4.16665
4.16664
4.16662
4.16661
4.16659
4.16658
4.16656
4.16655
4.16653
4.16652
4.1665
4.16649
4.16647
4.16646
4.16644
4.16643
4.16641
4.16639
4.16638
4.16636
4.16635
4.16633
4.16632
4.1663
4.16628
4.16627
4.16625
4.16624
4.16622
4.16621
4.16619
4.16617
4.16616
4.16614
4.16613
4.16611
4.1661
4.16608
4.16607
4.16605
4.16604
4.16602
4.16601
4.16599
4.16598
4.16596
4.16595
4.16593
4.16592
4.1659
4.16589
4.16588
4.16586
4.16585
4.16583
4.16582
4.16581
4.16579
4.16578
4.16577
4.16575
4.16574
4.16573
4.16572
4.1657
4.16569
4.16568
4.16567
4.16566
4.16565
4.16563
4.16562
4.16561
4.1656
4.16559
4.16558
4.16557
4.16556
4.16555
4.16554
4.16553
4.16552
4.16551
4.1655
4.16549
4.16548
4.16547
4.16546
4.16545
4.16544
4.16543
4.16542
4.16541
4.1654
4.16539
4.16538
4.16537
4.16536
4.16535
4.16534
4.16533
4.16532
4.16531
4.1653
4.16529
4.16527
4.16526
4.16525
4.16524
4.16522
4.16521
4.16519
4.16518
4.16517
4.16515
4.16514
4.16512
4.16511
4.16509
4.16508
4.16506
4.16505
4.16503
4.16502
4.165
4.16499
4.16497
4.16495
4.16494
4.16492
4.16491
4.16489
4.16488
4.16486
4.16485
4.16483
4.16481
4.1648
4.16478
4.16477
4.16475
4.16474
4.16472
4.16471
4.1647
4.16468
4.16467
4.16465
4.16464
4.16462
4.16461
4.1646
4.16458
4.16457
4.16456
4.16454
4.16453
4.16452
4.1645
4.16449
4.16448
4.16447
4.16446
4.16444
4.16443
4.16442
4.16441
4.1644
4.16439
4.16438
4.16437
4.16436
4.16435
4.16434
4.16433
4.16432
4.16431
4.1643
4.16429
4.16428
4.16427
4.16426
4.16425
4.16424
4.16424
4.16423
4.16422
4.16421
4.1642
4.16419
4.16417
4.16416
4.16415
4.16414
4.16413
4.16412
4.16411
4.1641
4.16409
4.16408
4.16407
4.16406
4.16404
4.16403
4.16402
4.16401
4.164
4.16399
4.16398
4.16397
4.16396
4.16394
4.16393
4.16392
4.16391
4.1639
4.16389
4.16388
4.16387
4.16386
4.16385
4.16384
4.16383
4.16382
4.1638
4.16379
4.16378
4.16377
4.16376
4.16375
4.16374
4.16373
4.16371
4.1637
4.16369
4.16368
4.16366
4.16365
4.16364
4.16363
4.16361
4.1636
4.16359
4.16357
4.16356
4.16354
4.16353
4.16351
4.1635
4.16348
4.16347
4.16345
4.16344
4.16342
4.16341
4.16339
4.16338
4.16336
4.16334
4.16333
4.16331
4.1633
4.16328
4.16326
4.16325
4.16323
4.16321
4.1632
4.16318
4.16316
4.16314
4.16313
4.16311
4.16309
4.16307
4.16306
4.16304
4.16302
4.163
4.16299
4.16297
4.16295
4.16293
4.16291
4.1629
4.16288
4.16286
4.16284
4.16283
4.16281
4.16279
4.16277
4.16276
4.16274
4.16272
4.16271
4.16269
4.16267
4.16266
4.16264
4.16263
4.16261
4.16259
4.16258
4.16256
4.16255
4.16254
4.16252
4.16251
4.16249
4.16248
4.16247
4.16245
4.16244
4.16243
4.16242
4.1624
4.16239
4.16238
4.16237
4.16236
4.16234
4.16233
4.16232
4.16231
4.1623
4.16229
4.16228
4.16226
4.16225
4.16224
4.16223
4.16222
4.16221
4.16219
4.16218
4.16217
4.16216
4.16214
4.16213
4.16212
4.1621
4.16209
4.16207
4.16206
4.16204
4.16203
4.16201
4.16199
4.16198
4.16196
4.16194
4.16193
4.16191
4.16189
4.16187
4.16185
4.16183
4.16181
4.16179
4.16178
4.16176
4.16174
4.16172
4.1617
4.16168
4.16166
4.16163
4.16161
4.16159
4.16157
4.16155
4.16153
4.16151
4.16149
4.16147
4.16145
4.16143
4.16141
4.16139
4.16137
4.16135
4.16133
4.16131
4.16129
4.16127
4.16124
4.16122
4.1612
4.16118
4.16116
4.16114
4.16112
4.1611
4.16108
4.16105
4.16103
4.16101
4.16099
4.16097
4.16095
4.16093
4.1609
4.16088
4.16086
4.16084
4.16082
4.1608
4.16078
4.16076
4.16074
4.16072
4.1607
4.16069
4.16067
4.16065
4.16063
4.16061
4.1606
4.16058
4.16057
4.16055
4.16053
4.16052
4.1605
4.16049
4.16047
4.16046
4.16044
4.16043
4.16041
4.1604
4.16039
4.16037
4.16036
4.16034
4.16033
4.16031
4.1603
4.16028
4.16027
4.16026
4.16024
4.16023
4.16021
4.1602
4.16018
4.16016
4.16015
4.16013
4.16012
4.1601
4.16009
4.16007
4.16006
4.16004
4.16003
4.16001
4.16
4.15998
4.15997
4.15995
4.15994
4.15992
4.15991
4.15989
4.15988
4.15986
4.15985
4.15983
4.15982
4.15981
4.15979
4.15978
4.15976
4.15975
4.15974
4.15972
4.15971
4.15969
4.15968
4.15967
4.15965
4.15964
4.15962
4.15961
4.1596
4.15958
4.15957
4.15955
4.15954
4.15952
4.15951
4.15949
4.15948
4.15946
4.15945
4.15943
4.15942
4.1594
4.15938
4.15937
4.15935
4.15933
4.15932
4.1593
4.15928
4.15927
4.15925
4.15923
4.15922
4.1592
4.15918
4.15917
4.15915
4.15913
4.15912
4.1591
4.15908
4.15907
4.15905
4.15903
4.15902
4.159
4.15899
4.15897
4.15895
4.15894
4.15892
4.1589
4.15889
4.15887
4.15885
4.15884
4.15882
4.15881
4.15879
4.15877
4.15876
4.15874
4.15872
4.15871
4.15869
4.15868
4.15866
4.15864
4.15863
4.15861
4.1586
4.15858
4.15856
4.15855
4.15853
4.15852
4.1585
4.15849
4.15847
4.15846
4.15844
4.15843
4.15841
4.1584
4.15839
4.15837
4.15836
4.15834
4.15833
4.15832
4.1583
4.15829
4.15828
4.15826
4.15825
4.15824
4.15823
4.15821
4.1582
4.15819
4.15818
4.15817
4.15815
4.15814
4.15813
4.15812
4.15811
4.1581
4.15809
4.15808
4.15807
4.15806
4.15805
4.15804
4.15803
4.15802
4.15801
4.158
4.15799
4.15798
4.15797
4.15796
4.15795
4.15794
4.15793
4.15792
4.15791
4.1579
4.15788
4.15787
4.15786
4.15785
4.15783
4.15782
4.15781
4.15779
4.15778
4.15776
4.15775
4.15773
4.15771
4.1577
4.15768
4.15766
4.15765
4.15763
4.15761
4.15759
4.15758
4.15756
4.15754
4.15752
4.1575
4.15749
4.15747
4.15745
4.15743
4.15741
4.15739
4.15737
4.15736
4.15734
4.15732
4.1573
4.15728
4.15726
4.15725
4.15723
4.15721
4.15719
4.15718
4.15716
4.15714
4.15712
4.15711
4.15709
4.15707
4.15706
4.15704
4.15702
4.15701
4.15699
4.15697
4.15695
4.15694
4.15692
4.1569
4.15689
4.15687
4.15685
4.15683
4.15682
4.1568
4.15678
4.15677
4.15675
4.15673
4.15671
4.15669
4.15668
4.15666
4.15664
4.15662
4.1566
4.15659
4.15657
4.15655
4.15653
4.15651
4.15649
4.15648
4.15646
4.15644
4.15642
4.1564
4.15638
4.15636
4.15634
4.15632
4.1563
4.15628
4.15626
4.15624
4.15622
4.1562
4.15618
4.15616
4.15614
4.15612
4.1561
4.15608
4.15606
4.15604
4.15602
4.156
4.15598
4.15596
4.15594
4.15591
4.15589
4.15587
4.15585
4.15583
4.15581
4.15579
4.15577
4.15575
4.15572
4.1557
4.15568
4.15566
4.15564
4.15562
4.1556
4.15558
4.15556
4.15554
4.15552
4.1555
4.15548
4.15546
4.15544
4.15542
4.1554
4.15538
4.15536
4.15534
4.15533
4.15531
4.15529
4.15527
4.15525
4.15523
4.15521
4.15519
4.15517
4.15515
4.15514
4.15512
4.1551
4.15508
4.15506
4.15504
4.15502
4.155
4.15498
4.15496
4.15494
4.15491
4.15489
4.15487
4.15485
4.15483
4.1548
4.15478
4.15476
4.15473
4.15471
4.15469
4.15466
4.15464
4.15461
4.15459
4.15456
4.15453
4.15451
4.15448
4.15445
4.15443
4.1544
4.15437
4.15434
4.15432
4.15429
4.15426
4.15423
4.1542
4.15417
4.15414
4.15412
4.15409
4.15406
4.15403
4.154
4.15397
4.15394
4.15391
4.15388
4.15385
4.15383
4.1538
4.15377
4.15374
4.15371
4.15368
4.15365
4.15363
4.1536
4.15357
4.15354
4.15351
4.15349
4.15346
4.15343
4.1534
4.15338
4.15335
4.15332
4.1533
4.15327
4.15324
4.15322
4.15319
4.15317
4.15314
4.15311
4.15309
4.15306
4.15304
4.15301
4.15299
4.15297
4.15294
4.15292
4.15289
4.15287
4.15285
4.15282
4.1528
4.15277
4.15275
4.15273
4.15271
4.15268
4.15266
4.15264
4.15262
4.1526
4.15257
4.15255
4.15253
4.15251
4.15249
4.15247
4.15245
4.15243
4.15241
4.15239
4.15236
4.15234
4.15232
4.1523
4.15228
4.15226
4.15224
4.15222
4.1522
4.15218
4.15216
4.15214
4.15212
4.15209
4.15207
4.15205
4.15203
4.15201
4.15199
4.15197
4.15194
4.15192
4.1519
4.15188
4.15186
4.15183
4.15181
4.15179
4.15177
4.15175
4.15172
4.1517
4.15168
4.15166
4.15164
4.15161
4.15159
4.15157
4.15155
4.15153
4.15151
4.15148
4.15146
4.15144
4.15142
4.1514
4.15138
4.15136
4.15134
4.15132
4.1513
4.15128
4.15126
4.15124
4.15122
4.1512
4.15118
4.15116
4.15114
4.15112
4.1511
4.15108
4.15106
4.15104
4.15103
4.15101
4.15099
4.15097
4.15095
4.15093
4.15091
4.1509
4.15088
4.15086
4.15084
4.15083
4.15081
4.15079
4.15077
4.15076
4.15074
4.15072
4.15071
4.15069
4.15067
4.15066
4.15064
4.15062
4.15061
4.15059
4.15058
4.15056
4.15054
4.15053
4.15051
4.1505
4.15048
4.15047
4.15045
4.15043
4.15042
4.1504
4.15039
4.15037
4.15036
4.15034
4.15033
4.15031
4.1503
4.15028
4.15027
4.15026
4.15024
4.15023
4.15021
4.1502
4.15018
4.15017
4.15015
4.15014
4.15012
4.15011
4.15009
4.15008
4.15006
4.15005
4.15004
4.15002
4.15001
4.14999
4.14998
4.14996
4.14995
4.14994
4.14992
4.14991
4.1499
4.14988
4.14987
4.14985
4.14984
4.14983
4.14981
4.1498
4.14979
4.14978
4.14976
4.14975
4.14974
4.14972
4.14971
4.1497
4.14969
4.14967
4.14966
4.14965
4.14964
4.14962
4.14961
4.1496
4.14959
4.14958
4.14956
4.14955
4.14954
4.14953
4.14952
4.1495
4.14949
4.14948
4.14947
4.14946
4.14945
4.14944
4.14943
4.14942
4.1494
4.14939
4.14938
4.14937
4.14936
4.14935
4.14934
4.14933
4.14932
4.14931
4.1493
4.14929
4.14929
4.14928
4.14927
4.14926
4.14925
4.14924
4.14923
4.14922
4.14921
4.1492
4.14919
4.14918
4.14917
4.14916
4.14915
4.14914
4.14913
4.14911
4.1491
4.14909
4.14908
4.14907
4.14906
4.14905
4.14904
4.14903
4.14902
4.14901
4.149
4.14899
4.14898
4.14897
4.14896
4.14895
4.14894
4.14893
4.14892
4.14891
4.1489
4.14889
4.14888
4.14887
4.14886
4.14885
4.14884
4.14883
4.14882
4.14881
4.1488
4.14879
4.14878
4.14877
4.14875
4.14874
4.14873
4.14872
4.14871
4.14869
4.14868
4.14867
4.14866
4.14864
4.14863
4.14862
4.1486
4.14859
4.14858
4.14856
4.14855
4.14854
4.14852
4.14851
4.14849
4.14848
4.14847
4.14845
4.14844
4.14842
4.14841
4.14839
4.14838
4.14836
4.14835
4.14833
4.14832
4.1483
4.14829
4.14827
4.14826
4.14824
4.14822
4.14821
4.14819
4.14818
4.14816
4.14814
4.14813
4.14811
4.14809
4.14808
4.14806
4.14804
4.14803
4.14801
4.14799
4.14798
4.14796
4.14794
4.14793
4.14791
4.14789
4.14787
4.14786
4.14784
4.14782
4.1478
4.14779
4.14777
4.14775
4.14774
4.14772
4.1477
4.14768
4.14767
4.14765
4.14763
4.14762
4.1476
4.14759
4.14757
4.14755
4.14754
4.14752
4.14751
4.14749
4.14748
4.14746
4.14745
4.14743
4.14742
4.1474
4.14739
4.14737
4.14736
4.14734
4.14733
4.14731
4.1473
4.14728
4.14727
4.14725
4.14724
4.14722
4.14721
4.14719
4.14717
4.14716
4.14714
4.14713
4.14711
4.14709
4.14708
4.14706
4.14704
4.14702
4.14701
4.14699
4.14697
4.14695
4.14693
4.14691
4.14689
4.14688
4.14686
4.14684
4.14682
4.14679
4.14677
4.14675
4.14673
4.14671
4.14669
4.14667
4.14665
4.14662
4.1466
4.14658
4.14656
4.14654
4.14651
4.14649
4.14647
4.14645
4.14642
4.1464
4.14638
4.14636
4.14633
4.14631
4.14629
4.14627
4.14625
4.14622
4.1462
4.14618
4.14616
4.14613
4.14611
4.14609
4.14607
4.14605
4.14602
4.146
4.14598
4.14596
4.14593
4.14591
4.14589
4.14587
4.14584
4.14582
4.1458
4.14578
4.14576
4.14573
4.14571
4.14569
4.14567
4.14564
4.14562
4.1456
4.14558
4.14555
4.14553
4.14551
4.14549
4.14546
4.14544
4.14542
4.1454
4.14538
4.14535
4.14533
4.14531
4.14529
4.14527
4.14524
4.14522
4.1452
4.14518
4.14516
4.14514
4.14511
4.14509
4.14507
4.14505
4.14503
4.145
4.14498
4.14496
4.14494
4.14491
4.14489
4.14487
4.14485
4.14483
4.1448
4.14478
4.14476
4.14474
4.14471
4.14469
4.14467
4.14465
4.14463
4.1446
4.14458
4.14456
4.14454
4.14451
4.14449
4.14447
4.14445
4.14443
4.1444
4.14438
4.14436
4.14434
4.14432
4.1443
4.14428
4.14426
4.14423
4.14421
4.14419
4.14417
4.14415
4.14413
4.14411
4.14409
4.14407
4.14405
4.14404
4.14402
4.144
4.14398
4.14396
4.14394
4.14392
4.14391
4.14389
4.14387
4.14385
4.14384
4.14382
4.1438
4.14379
4.14377
4.14375
4.14374
4.14372
4.14371
4.14369
4.14368
4.14367
4.14365
4.14364
4.14362
4.14361
4.1436
4.14358
4.14357
4.14356
4.14354
4.14353
4.14352
4.14351
4.14349
4.14348
4.14347
4.14345
4.14344
4.14343
4.14341
4.1434
4.14339
4.14337
4.14336
4.14334
4.14333
4.14331
4.1433
4.14328
4.14327
4.14325
4.14323
4.14322
4.1432
4.14318
4.14317
4.14315
4.14313
4.14311
4.1431
4.14308
4.14306
4.14304
4.14302
4.143
4.14299
4.14297
4.14295
4.14293
4.14291
4.14289
4.14288
4.14286
4.14284
4.14282
4.1428
4.14278
4.14277
4.14275
4.14273
4.14271
4.1427
4.14268
4.14266
4.14264
4.14263
4.14261
4.14259
4.14258
4.14256
4.14254
4.14253
4.14251
4.1425
4.14248
4.14246
4.14245
4.14243
4.14242
4.1424
4.14239
4.14237
4.14236
4.14234
4.14233
4.14231
4.1423
4.14228
4.14227
4.14225
4.14224
4.14223
4.14221
4.1422
4.14218
4.14217
4.14216
4.14214
4.14213
4.14212
4.1421
4.14209
4.14208
4.14206
4.14205
4.14204
4.14203
4.14201
4.142
4.14199
4.14198
4.14197
4.14195
4.14194
4.14193
4.14192
4.14191
4.1419
4.14189
4.14188
4.14186
4.14185
4.14184
4.14183
4.14182
4.14181
4.1418
4.14179
4.14178
4.14177
4.14176
4.14175
4.14173
4.14172
4.14171
4.1417
4.14169
4.14168
4.14166
4.14165
4.14164
4.14163
4.14162
4.1416
4.14159
4.14158
4.14157
4.14155
4.14154
4.14153
4.14152
4.1415
4.14149
4.14148
4.14147
4.14145
4.14144
4.14143
4.14141
4.1414
4.14139
4.14137
4.14136
4.14135
4.14133
4.14132
4.1413
4.14129
4.14128
4.14126
4.14125
4.14123
4.14122
4.1412
4.14119
4.14117
4.14115
4.14114
4.14112
4.1411
4.14109
4.14107
4.14105
4.14104
4.14102
4.141
4.14098
4.14096
4.14094
4.14093
4.14091
4.14089
4.14087
4.14085
4.14083
4.14081
4.14079
4.14077
4.14075
4.14073
4.14071
4.14069
4.14067
4.14065
4.14063
4.14062
4.1406
4.14058
4.14056
4.14054
4.14052
4.1405
4.14048
4.14046
4.14044
4.14042
4.1404
4.14038
4.14036
4.14034
4.14032
4.1403
4.14029
4.14027
4.14025
4.14023
4.14021
4.14019
4.14017
4.14016
4.14014
4.14012
4.1401
4.14008
4.14007
4.14005
4.14003
4.14001
4.14
4.13998
4.13996
4.13995
4.13993
4.13991
4.1399
4.13988
4.13987
4.13985
4.13983
4.13982
4.1398
4.13979
4.13977
4.13976
4.13974
4.13973
4.13971
4.1397
4.13968
4.13967
4.13966
4.13964
4.13963
4.13961
4.1396
4.13959
4.13957
4.13956
4.13954
4.13953
4.13952
4.1395
4.13949
4.13948
4.13947
4.13945
4.13944
4.13943
4.13942
4.1394
4.13939
4.13938
4.13937
4.13935
4.13934
4.13933
4.13932
4.1393
4.13929
4.13928
4.13927
4.13925
4.13924
4.13923
4.13921
4.1392
4.13919
4.13917
4.13916
4.13914
4.13913
4.13911
4.1391
4.13908
4.13906
4.13905
4.13903
4.13901
4.13899
4.13897
4.13895
4.13893
4.13891
4.13889
4.13887
4.13885
4.13883
4.13881
4.13879
4.13876
4.13874
4.13872
4.1387
4.13867
4.13865
4.13863
4.13861
4.13858
4.13856
4.13854
4.13851
4.13849
4.13847
4.13845
4.13842
4.1384
4.13838
4.13836
4.13834
4.13831
4.13829
4.13827
4.13825
4.13823
4.13821
4.13819
4.13817
4.13815
4.13812
4.1381
4.13808
4.13806
4.13804
4.13802
4.138
4.13798
4.13796
4.13794
4.13792
4.1379
4.13788
4.13786
4.13783
4.13781
4.13779
4.13777
4.13775
4.13773
4.13771
4.13769
4.13767
4.13765
4.13763
4.13761
4.13759
4.13757
4.13755
4.13753
4.13751
4.1375
4.13748
4.13746
4.13744
4.13742
4.1374
4.13738
4.13737
4.13735
4.13733
4.13731
4.13729
4.13728
4.13726
4.13724
4.13723
4.13721
4.13719
4.13718
4.13716
4.13715
4.13713
4.13712
4.1371
4.13709
4.13707
4.13706
4.13704
4.13703
4.13702
4.137
4.13699
4.13698
4.13697
4.13695
4.13694
4.13693
4.13692
4.13691
4.13689
4.13688
4.13687
4.13686
4.13685
4.13684
4.13682
4.13681
4.1368
4.13679
4.13678
4.13676
4.13675
4.13674
4.13673
4.13671
4.1367
4.13669
4.13667
4.13666
4.13665
4.13663
4.13662
4.13661
4.13659
4.13658
4.13656
4.13655
4.13654
4.13652
4.13651
4.13649
4.13648
4.13646
4.13645
4.13643
4.13642
4.13641
4.13639
4.13638
4.13636
4.13635
4.13633
4.13632
4.1363
4.13629
4.13627
4.13626
4.13624
4.13623
4.13621
4.1362
4.13618
4.13617
4.13615
4.13614
4.13612
4.1361
4.13609
4.13607
4.13605
4.13604
4.13602
4.13601
4.13599
4.13597
4.13596
4.13594
4.13592
4.13591
4.13589
4.13588
4.13586
4.13585
4.13583
4.13581
4.1358
4.13578
4.13577
4.13575
4.13574
4.13572
4.13571
4.13569
4.13567
4.13566
4.13564
4.13563
4.13561
4.1356
4.13558
4.13557
4.13555
4.13554
4.13552
4.13551
4.1355
4.13548
4.13547
4.13545
4.13544
4.13543
4.13541
4.1354
4.13539
4.13537
4.13536
4.13535
4.13533
4.13532
4.13531
4.1353
4.13529
4.13527
4.13526
4.13525
4.13524
4.13523
4.13522
4.1352
4.13519
4.13518
4.13517
4.13516
4.13515
4.13514
4.13513
4.13511
4.1351
4.13509
4.13508
4.13507
4.13506
4.13505
4.13504
4.13503
4.13502
4.135
4.13499
4.13498
4.13497
4.13496
4.13495
4.13494
4.13493
4.13492
4.1349
4.13489
4.13488
4.13487
4.13486
4.13484
4.13483
4.13482
4.1348
4.13479
4.13478
4.13476
4.13475
4.13473
4.13471
4.1347
4.13468
4.13467
4.13465
4.13463
4.13461
4.13459
4.13457
4.13455
4.13453
4.13451
4.13449
4.13447
4.13445
4.13443
4.13441
4.13438
4.13436
4.13434
4.13431
4.13429
4.13426
4.13424
4.13421
4.13419
4.13416
4.13414
4.13411
4.13409
4.13406
4.13403
4.13401
4.13398
4.13395
4.13393
4.1339
4.13387
4.13385
4.13382
4.13379
4.13377
4.13374
4.13371
4.13369
4.13366
4.13364
4.13361
4.13359
4.13356
4.13353
4.13351
4.13349
4.13346
4.13344
4.13341
4.13339
4.13337
4.13335
4.13332
4.1333
4.13328
4.13326
4.13324
4.13322
4.1332
4.13317
4.13315
4.13313
4.13311
4.13309
4.13307
4.13305
4.13303
4.13301
4.13299
4.13297
4.13295
4.13293
4.13291
4.13289
4.13287
4.13285
4.13283
4.1328
4.13278
4.13276
4.13274
4.13272
4.1327
4.13267
4.13265
4.13263
4.13261
4.13259
4.13257
4.13254
4.13252
4.1325
4.13248
4.13246
4.13244
4.13242
4.1324
4.13237
4.13235
4.13233
4.13231
4.13229
4.13228
4.13226
4.13224
4.13222
4.1322
4.13218
4.13216
4.13215
4.13213
4.13211
4.13209
4.13208
4.13206
4.13204
4.13203
4.13201
4.13199
4.13198
4.13196
4.13194
4.13193
4.13191
4.1319
4.13188
4.13186
4.13185
4.13183
4.13182
4.1318
4.13178
4.13177
4.13175
4.13174
4.13172
4.1317
4.13169
4.13167
4.13165
4.13164
4.13162
4.1316
4.13159
4.13157
4.13155
4.13154
4.13152
4.1315
4.13149
4.13147
4.13146
4.13144
4.13142
4.13141
4.13139
4.13137
4.13136
4.13134
4.13133
4.13131
4.1313
4.13128
4.13126
4.13125
4.13123
4.13122
4.1312
4.13119
4.13117
4.13115
4.13114
4.13112
4.13111
4.13109
4.13108
4.13106
4.13104
4.13103
4.13101
4.131
4.13098
4.13097
4.13095
4.13094
4.13092
4.1309
4.13089
4.13087
4.13086
4.13085
4.13083
4.13082
4.1308
4.13079
4.13077
4.13076
4.13075
4.13074
4.13072
4.13071
4.1307
4.13069
4.13067
4.13066
4.13065
4.13064
4.13063
4.13062
4.13061
4.1306
4.13059
4.13058
4.13057
4.13056
4.13055
4.13054
4.13053
4.13052
4.13052
4.13051
4.1305
4.13049
4.13049
4.13048
4.13047
4.13047
4.13046
4.13045
4.13045
4.13044
4.13043
4.13043
4.13042
4.13042
4.13041
4.1304
4.1304
4.13039
4.13039
4.13038
4.13037
4.13037
4.13036
4.13036
4.13035
4.13034
4.13034
4.13033
4.13032
4.13031
4.13031
4.1303
4.13029
4.13029
4.13028
4.13027
4.13026
4.13026
4.13025
4.13024
4.13023
4.13022
4.13021
4.13021
4.1302
4.13019
4.13018
4.13017
4.13016
4.13016
4.13015
4.13014
4.13013
4.13012
4.13011
4.1301
4.1301
4.13009
4.13008
4.13007
4.13006
4.13006
4.13005
4.13004
4.13003
4.13003
4.13002
4.13001
4.13001
4.13
4.13
4.12999
4.12999
4.12998
4.12998
4.12997
4.12997
4.12996
4.12996
4.12996
4.12995
4.12995
4.12995
4.12994
4.12994
4.12994
4.12993
4.12993
4.12993
4.12992
4.12992
4.12992
4.12991
4.12991
4.12991
4.1299
4.1299
4.1299
4.12989
4.12989
4.12988
4.12988
4.12987
4.12987
4.12986
4.12986
4.12985
4.12985
4.12984
4.12984
4.12983
4.12982
4.12982
4.12981
4.12981
4.1298
4.1298
4.12979
4.12978
4.12978
4.12977
4.12977
4.12976
4.12976
4.12975
4.12974
4.12974
4.12973
4.12973
4.12972
4.12971
4.12971
4.1297
4.12969
4.12969
4.12968
4.12967
4.12966
4.12965
4.12965
4.12964
4.12963
4.12962
4.12961
4.1296
4.12959
4.12957
4.12956
4.12955
4.12954
4.12953
4.12951
4.1295
4.12948
4.12947
4.12945
4.12944
4.12942
4.12941
4.12939
4.12937
4.12935
4.12934
4.12932
4.1293
4.12928
4.12926
4.12924
4.12922
4.1292
4.12918
4.12916
4.12914
4.12912
4.1291
4.12908
4.12906
4.12903
4.12901
4.12899
4.12897
4.12895
4.12892
4.1289
4.12888
4.12886
4.12884
4.12881
4.12879
4.12877
4.12875
4.12873
4.12871
4.12868
4.12866
4.12864
4.12862
4.1286
4.12858
4.12856
4.12854
4.12852
4.1285
4.12848
4.12846
4.12844
4.12842
4.1284
4.12839
4.12837
4.12835
4.12833
4.12832
4.1283
4.12828
4.12827
4.12825
4.12823
4.12822
4.1282
4.12819
4.12817
4.12816
4.12814
4.12813
4.12812
4.1281
4.12809
4.12808
4.12806
4.12805
4.12804
4.12802
4.12801
4.128
4.12799
4.12797
4.12796
4.12795
4.12794
4.12792
4.12791
4.1279
4.12789
4.12788
4.12787
4.12785
4.12784
4.12783
4.12782
4.12781
4.1278
4.12779
4.12777
4.12776
4.12775
4.12774
4.12773
4.12771
4.1277
4.12769
4.12768
4.12766
4.12765
4.12764
4.12762
4.12761
4.1276
4.12758
4.12757
4.12756
4.12754
4.12753
4.12751
4.1275
4.12748
4.12747
4.12746
4.12744
4.12743
4.12741
4.1274
4.12738
4.12737
4.12735
4.12734
4.12733
4.12731
4.1273
4.12728
4.12727
4.12726
4.12724
4.12723
4.12721
4.1272
4.12719
4.12717
4.12716
4.12714
4.12713
4.12712
4.1271
4.12709
4.12707
4.12706
4.12704
4.12703
4.12701
4.127
4.12698
4.12697
4.12695
4.12694
4.12692
4.1269
4.12689
4.12687
4.12686
4.12684
4.12682
4.1268
4.12679
4.12677
4.12675
4.12674
4.12672
4.1267
4.12668
4.12667
4.12665
4.12663
4.12661
4.12659
4.12658
4.12656
4.12654
4.12652
4.1265
4.12648
4.12647
4.12645
4.12643
4.12641
4.12639
4.12637
4.12636
4.12634
4.12632
4.1263
4.12628
4.12627
4.12625
4.12623
4.12621
4.1262
4.12618
4.12617
4.12615
4.12613
4.12612
4.1261
4.12609
4.12607
4.12606
4.12604
4.12603
4.12601
4.126
4.12599
4.12597
4.12596
4.12595
4.12594
4.12592
4.12591
4.1259
4.12589
4.12588
4.12586
4.12585
4.12584
4.12583
4.12582
4.12581
4.1258
4.12579
4.12578
4.12577
4.12576
4.12575
4.12574
4.12573
4.12572
4.12571
4.1257
4.1257
4.12569
4.12568
4.12567
4.12566
4.12565
4.12564
4.12564
4.12563
4.12562
4.12561
4.1256
4.12559
4.12558
4.12557
4.12556
4.12555
4.12554
4.12553
4.12552
4.12551
4.1255
4.12549
4.12547
4.12546
4.12545
4.12544
4.12542
4.12541
4.1254
