6.012141379866355051e-02
-1.319392753126866213e-02
-4.121552705866027635e-03
-2.951634342991415073e-03
-3.164313404560754189e-02
-3.880258200419499370e-02
-7.922900288227842369e-02
2.322976627763864363e-02
-7.202307049451084353e-02
-1.181589348249913740e-01
-6.894305542142649401e-02
8.106769145659982467e-02
-9.433894510683796253e-02
-3.455161132538789315e-02
-4.080883505752605153e-03
2.710890112985512440e-02
-1.507211544880776855e-01
1.637253091446700662e-03
-4.786417664485223544e-02
-9.248913373506491287e-02
3.611498922716823573e-02
-2.995582185940312558e-02
3.845613499341871827e-02
5.651271109782324102e-03
-4.120789033387667333e-02
-5.700656598987409451e-02
-3.966976690892154433e-02
3.368755730748359406e-02
3.245309944187205198e-02
-7.690060727509172300e-02
-2.699322061087460964e-02
-2.645300543606850935e-02
4.985860796047094506e-02
-8.227712918266121001e-02
-1.928328958181646860e-02
2.863614118406280704e-02
2.976387146431806741e-02
4.369533986292681305e-02
7.111952544334989787e-03
7.921006678211428564e-02
-9.902675952717925056e-03
-3.174766098657441638e-02
-9.479188669620050751e-04
-5.477861436676207535e-02
-6.607861072204833375e-02
5.440744941596200451e-02
-1.311680884892549304e-02
8.179432943923755500e-03
1.619736527097275294e-02
-1.936084379193375379e-02
5.591756891634148269e-02
-2.491719556531696647e-02
5.859180573874087083e-02
-1.535785466289401983e-02
-5.312163626776098858e-03
-1.037762927875507113e-01
-4.710033577825797207e-02
2.019514983681008555e-02
2.555001934343179709e-02
7.374499468726827822e-02
-7.736015315359602573e-02
2.163062204133371635e-02
-4.344526987336730373e-02
-3.495362610544184429e-02
-5.264990554595406352e-02
1.041926470437228198e-02
4.100351980320513651e-02
-6.473811165624768216e-02
7.244996506014780846e-02
2.679054441737536291e-02
-4.604089102058654681e-02
6.477309492412415548e-02
-6.473019912753007199e-02
5.213018330742080070e-02
5.209810151544468429e-03
6.733141518802857224e-03
3.415976256930887411e-02
-1.082713306334166237e-01
2.175451231815172040e-02
6.675810780537873301e-02
7.250939247508537966e-02
-6.527778641469750287e-03
-6.436691466370877968e-02
-6.642672616266646901e-02
-5.641456176181842974e-02
-8.011870754087176139e-02
-2.030214871137700841e-02
-8.270264690214042258e-02
5.137212992152276336e-02
1.603511863693194567e-02
3.706198189628616153e-03
-3.366402639704246108e-02
-5.102927440428126765e-02
1.118566521223337690e-01
-3.192727976370711082e-03
8.421475163170953192e-04
-1.243208454219516847e-02
-1.131129318661931449e-01
2.374136357183628462e-02
7.376620443932842275e-02
1.080790894014959855e-02
-3.681612674452142912e-03
-5.782305754466793291e-02
-6.916854755490890738e-02
3.164720027277944520e-02
-5.749549328882944815e-02
2.125683835918525458e-02
-8.355268020002167353e-03
-1.669584903817757093e-01
1.730907736861491547e-02
3.978716407802490584e-02
-1.469816109186192730e-02
1.318522140196336581e-02
6.011298724133816267e-03
-7.028485831369836456e-02
-8.182643299864719721e-03
4.485058261985816475e-02
2.254116924491591720e-02
-1.103384140313595427e-02
8.734342321643552565e-02
-4.133454066574652336e-02
-6.872643064287328740e-02
3.273310208780561611e-03
-5.855563167216995546e-02
-1.185245716976080360e-01
-5.277963143371460636e-02
8.900566493422047698e-02
-7.954293704574751100e-02
-2.337448504521567536e-02
-2.395240629307000477e-02
-8.135874463195692796e-02
3.098759645144811420e-02
3.070307966365441732e-02
1.170643937396341344e-01
3.016139541566233845e-02
9.479761902885702751e-02
-7.597622257407057877e-02
1.005442198519522351e-01
8.307961175603445492e-02
-4.427992543348201193e-02
-8.053777124953497013e-02
-5.788348245788096230e-02
5.195718789240878072e-02
8.103622608965904695e-02
4.705209349328711571e-02
-8.961414104059961180e-03
-2.920292368038576031e-02
4.660377611257907754e-02
-2.599133507626248674e-02
-1.281597087033945967e-02
4.748811734468104395e-02
-3.431768013418510371e-02
4.659234070750585890e-03
5.342946164025249439e-02
-1.458307138890199521e-02
4.136514987978164720e-02
3.486338191180170937e-02
-9.659447774939704245e-03
-5.654754199100672091e-02
-1.199112292535670261e-02
-1.243497041280591277e-02
-7.267402654875883272e-02
2.405576302561374460e-02
-5.223003486182505734e-02
-1.872434704303962624e-02
3.238759164950612973e-02
1.262133772501342413e-02
6.284947947864194528e-02
2.061779618027540645e-02
-2.367703890839819789e-02
-4.160164860159150380e-02
-1.340834634534065865e-02
-8.342707227459116026e-02
3.386279756610195701e-02
5.570649973381383742e-03
-5.112385870699459600e-02
1.030778593366694050e-02
-1.688579935087157827e-02
-6.108704529258700971e-02
-1.209625100394689790e-01
6.062822986012332549e-02
-2.685151213617380239e-02
7.614943444504890246e-02
2.548573674832294803e-03
1.303503875407418383e-02
6.059279209539642636e-02
-4.998862688212674099e-02
-7.568036410228431987e-02
1.048113569579605525e-01
-1.212233783253570743e-02
-1.922352328839935579e-02
1.454710898891884430e-01
3.903803877825203546e-03
-4.436883821519703452e-02
-1.831799904478337770e-03
-4.026946560351559595e-02
7.975766847272831861e-02
-1.353371521520671398e-03
-6.146946603331709252e-02
-4.076554378704413950e-02
4.317953417012511397e-02
2.315826530137728156e-02
4.083721694633844074e-02
1.955795473470906681e-02
-1.079309534106650398e-02
-3.968779292553838156e-02
-3.026528407302580756e-02
-2.069448715435256297e-02
2.799136123473184093e-02
5.695644788218734433e-02
2.431060969209267522e-02
-3.476981573699835376e-02
5.244611308652829401e-02
-5.695196764263895511e-02
4.891266050961118328e-02
4.502763451549755824e-03
-1.043143082379333897e-01
5.784170691747762827e-02
1.764448380273121730e-02
1.052092851103902799e-01
2.480096344844470030e-02
5.034986874686127323e-02
-1.356423877375334368e-02
1.083377109785256358e-02
-2.278878281194654173e-03
1.577343476246697088e-02
2.627551808603531026e-03
-5.688773572459808470e-02
-1.901780642432820967e-03
3.403008349973763585e-02
-2.140020185861444754e-02
2.135452114248039771e-03
-1.182849594832693779e-01
2.332614374224045370e-02
1.146032195792298924e-01
-4.927464293538259821e-02
4.098630402109604276e-02
9.850224867999247957e-02
4.081180286016823644e-02
-1.872237744132772969e-02
2.360062795930738255e-02
5.505764772593828987e-02
-1.036729849995933067e-01
-1.170381943287626160e-02
-5.426305799564238447e-02
1.707030433625891797e-02
-8.848498951242567134e-02
-5.101882532239496908e-04
-2.288405824013955286e-02
-3.836275708292790493e-02
2.297516581521816953e-02
3.647227158059110352e-02
-6.075193350024101629e-02
5.511727037137931218e-02
-4.002022515442597156e-02
-3.511810720028175209e-02
-8.556740857311354032e-02
5.395849878996324123e-02
2.706097972435980714e-02
-3.249471808166141257e-02
-1.030781541781696925e-01
1.052554981858463273e-02
-8.063289561215321311e-02
3.376648806929828661e-02
2.014090812689593030e-02
7.388889367037108219e-03
-5.127221585265304832e-02
-3.463729902226358320e-02
7.469884733044274139e-02
5.996148836889716137e-03
-4.888604149260234594e-02
4.728798737020002696e-02
1.639603450674337673e-02
-7.253983912201580897e-02
3.068715140188510437e-02
2.647952786057359773e-02
-8.959262654039305829e-02
3.047378247669414383e-02
-6.775942175478323615e-02
3.312305966483523184e-02
-6.062427692617988056e-02
-3.367659294213562471e-02
-2.181634792208783299e-02
-3.656522867228587104e-02
-1.349412760054354878e-02
-2.006593991679666081e-02
2.916345575950841582e-03
9.562837000817461797e-02
-1.580604882150195012e-01
2.623198630052036434e-02
-6.157930129433734218e-02
-8.022726934889123918e-02
3.652148376708504174e-02
-1.053668886058149040e-01
-2.830170522798797217e-02
-6.900648510872871289e-02
-1.169008024269053807e-02
5.074725176402511417e-02
-2.000852231791779706e-02
-8.814217186983956676e-02
-1.969859684899328764e-02
-3.820218908187687779e-02
4.262193307725013758e-02
3.085941909940761313e-02
6.087765597871874768e-02
7.348791957220121573e-02
-4.247055658907909065e-02
2.430402484848614292e-02
8.867718626878584587e-02
-5.712365804292382325e-03
2.247540269726652079e-02
-1.713854550655974016e-02
-4.736350935895090875e-02
-3.567319278539896055e-02
-2.653492568769925605e-02
1.588253844572976720e-02
-5.985444969422028250e-03
-5.956378313152182330e-02
2.317423325845459348e-02
6.777554890046492975e-02
4.057428222270884066e-02
-7.406223289884990291e-02
-5.174030559875028579e-02
1.661331675109784661e-02
-5.144601515772728728e-03
-1.751890737402025597e-02
4.876712479962626995e-02
1.650210605263932595e-02
4.591222697654665647e-02
-1.493704724134957418e-02
-6.385543762352262342e-02
-1.978791005365677577e-02
1.793706302224019888e-02
8.392484213578567387e-02
-4.647632502324846454e-02
-4.704796851557790927e-02
-7.409127155362113526e-02
-4.977906889659515499e-02
2.014473760845057748e-02
9.532148197974265290e-04
-4.700192508023869065e-02
7.483723353615029383e-02
-6.928969770543930151e-02
7.961549291200319123e-02
-9.926200879080052109e-02
-1.514339614286078044e-02
4.628835523858667450e-02
-3.333605121813089378e-02
1.914869543681211456e-02
-1.631881658288593731e-02
-2.296502125776057890e-02
1.338254820451431071e-01
-8.270201566516648117e-02
6.065178503668341992e-02
3.470114762777723461e-02
-2.342258429845154590e-04
1.395677897338267436e-02
-2.752071585431207015e-02
-6.309849449816475921e-03
1.259400176382367495e-02
-5.004616255153575277e-02
9.160205462435178081e-02
-6.594134349163589814e-02
1.725794842609795418e-03
6.747330379151796065e-02
-3.172366351092327508e-02
-3.249890171497150926e-02
-1.884228259979197836e-02
2.875549893532676135e-02
-1.086300641786840451e-02
-3.574457952847647640e-02
-1.313800264355334535e-01
-2.998164904769707803e-02
4.476767304925500374e-02
1.147363407756130972e-02
-1.181903167269521826e-01
6.291303848031129520e-02
-1.279062074203084903e-02
-3.243727567684127899e-02
-9.803876032973128998e-03
5.568859327745968868e-02
-1.011094350683519744e-01
-3.088435789657168612e-02
2.178427527904496647e-02
-7.737784297863477267e-02
1.030377422750295563e-01
-7.911079459775358091e-02
-7.020917598859441854e-03
1.036913137968141913e-01
7.178552229073717483e-02
-2.644639509150523496e-02
1.934803786690745403e-02
-2.231143787841252408e-03
3.089739045364004594e-02
4.266446298453873548e-02
5.977944782115045957e-02
-8.501219095715063789e-02
-5.046162745678748479e-02
7.816107363681416842e-02
-3.249697539535292140e-02
-3.836597996560259845e-03
-1.269380614604780078e-02
-4.014574698629323063e-02
4.218467840485064929e-02
1.713495044803257580e-02
4.515893304780371070e-02
-1.750948875506776886e-02
7.645461553424911030e-03
6.767751176679762115e-02
5.023998399854499169e-02
-2.615674478435276590e-02
-5.102432987295400096e-02
3.375267736824803799e-02
4.680007732907182083e-02
-8.302361784541345546e-02
-2.529596498182457368e-02
6.542041751542291249e-03
-4.373133248079952295e-02
-4.044660977960595066e-02
6.692730114277987974e-02
9.182848210024765340e-03
4.332229292211622895e-02
-2.218875700944856338e-02
-1.415366488598289972e-02
7.637799183564067396e-02
-7.581574312506998703e-02
-5.313156248320419217e-02
-8.441437566720945765e-03
-3.875802695420121208e-02
-5.254846852556091519e-02
-6.503762939020836520e-02
6.057363437361926867e-02
2.145011949569763932e-02
9.054400218895034685e-03
-6.449652344262074566e-02
-1.565372039856471609e-01
1.627321199958446998e-02
-2.853043457733105484e-02
-1.473080477241477809e-02
8.411892276226061449e-02
-7.065024455101893974e-02
-1.245204474971777359e-01
4.090875192595497950e-02
-1.973711061622403576e-02
-3.310108461791338996e-02
1.294756695859333208e-02
-7.924243614091047716e-02
-6.077333763974460124e-02
-1.050082121541539432e-02
-3.772610658202985717e-02
-3.824047548155870557e-02
-7.209378958288366335e-02
6.659902692155544868e-02
-5.260599947872703769e-02
-4.333688942568937608e-02
-5.435807197564308801e-02
9.742200571701437051e-02
-4.985981985885417495e-02
-6.045256054029173737e-02
3.032371723134326402e-02
5.822905215031250886e-02
-1.854783088817659256e-02
7.117611753346264614e-02
-8.085026870497262486e-02
-6.228804479714626641e-02
6.827536422348233491e-02
3.891818738279141654e-02
-3.604872220009756184e-02
9.408915289593072079e-03
1.018838226067714930e-02
1.523137502799053467e-01
1.110625197333263078e-03
-2.981759260518268562e-02
1.677823697858226576e-02
-9.679627008717277270e-02
2.445229929910188935e-02
8.135507007073559949e-02
1.296344374005827249e-01
-5.151175835259337588e-02
-2.708638612600559881e-02
-4.503198853041646965e-02
-1.233770392370097876e-02
-1.291086296889059140e-02
-2.268761550808686203e-02
-8.681042810783096836e-03
-6.111748443862806933e-03
8.681420211892142526e-05
5.458555594529436450e-02
-5.349721131367556580e-03
5.042744237265295304e-02
3.634449139697405740e-02
3.010760639030331601e-02
2.348710705950472506e-03
-1.715915508955629873e-02
7.207345158340573276e-04
3.639889992754129222e-02
7.930630687834382478e-03
-1.460841975528902326e-02
-2.513797563556146794e-02
-3.180850856016526756e-02
-6.752903909730307783e-03
8.775748556213369689e-02
2.121020299652853769e-02
-4.045640683179746455e-02
3.848652305523684626e-03
-1.734077188315998053e-02
7.074192217113688119e-02
6.417590907662826250e-02
-1.319749028425335272e-02
2.269498240926403829e-02
1.460631376540851845e-01
5.567059547788393709e-02
8.801023568945599840e-02
-5.141541044315379311e-02
2.030723607698294367e-03
5.080573200425099467e-02
6.064461116078991715e-02
5.530323761965416640e-02
-3.327850823894349525e-02
-1.072365679594147053e-01
-1.915119574893824755e-02
5.145847583487288962e-02
-3.145769376816048846e-02
4.177078777475686650e-02
4.355625909720242661e-02
-8.097387013394219402e-02
-1.664821545680914699e-02
-1.078338023604799717e-01
2.659178710854406130e-02
4.179762267204519856e-03
2.818455233534063534e-02
2.756749518200219459e-03
1.662935257012524218e-02
-3.824060281220958285e-02
-4.553121528357186726e-02
-1.925929045306881346e-03
1.099667294635780536e-02
5.951589439605155414e-03
2.346192130622446609e-02
-4.400093579289493517e-02
-3.398449145268900989e-02
-2.007022325373616217e-02
-2.470667525034518641e-02
9.969054406591258688e-02
6.959520283673188701e-02
3.535981259631332252e-02
-5.533259762885956584e-02
1.088833940862205321e-02
2.686144798062429714e-02
-1.401410548854070508e-02
3.361161230203185690e-02
1.264943695847636426e-02
1.083511217996871584e-01
-1.807797978667688779e-02
7.052002836779831807e-02
7.631951432670662505e-02
5.978716230426778244e-02
6.354664446744501261e-02
9.831020255590734724e-02
-6.107929101622323886e-02
5.836930748603308405e-02
-3.575961719529297672e-02
5.985236984032982904e-02
-1.219440054983582933e-01
7.977383619927130853e-02
2.002243348558445379e-02
-6.157516823959085367e-02
-6.903706670633985576e-02
-3.653413307707423924e-02
-7.033437136968402614e-02
7.549450721265163478e-02
4.268557404552319329e-02
3.382659490792125356e-02
-3.977297397644178473e-02
2.109460110115295422e-03
-6.721139719341814867e-02
1.057703621694326863e-02
7.914437833907507144e-03
-9.240432197392145844e-03
1.416849501214103441e-02
4.360828822240907232e-02
-2.151639609365607608e-02
-1.243408942311932663e-02
5.777345085253330487e-02
-9.404634083613028217e-03
1.000461207617930372e-02
-1.570042878402625741e-01
1.032077930005514781e-02
7.380017906166733144e-02
-6.650541639542334460e-02
2.602868722966011558e-02
4.695649218093011362e-02
1.469550171452428111e-01
-7.506645372478305822e-02
5.722158626319703324e-03
7.114513217483783847e-03
-3.778823899798133823e-02
-9.891197815405083915e-02
5.675724507307419037e-02
1.812769748680935489e-02
5.698702738973281806e-02
-2.525218431778708181e-02
-9.603929627474161804e-03
1.416149665835919093e-02
6.008226724095429988e-02
4.692104330851069524e-03
1.042962054015423023e-01
1.839063492648181086e-02
-2.030682358021524206e-02
2.155738328549683912e-03
-1.919783469115178900e-02
2.873125959246382657e-02
6.085084370709280266e-02
-7.621819977300170468e-02
-5.620454636444561364e-02
-1.852633283055209190e-02
1.766861462137348307e-02
-8.551660851694471016e-03
-7.642312939706470687e-02
-4.127111148116785477e-02
-4.775529309976459663e-02
7.425040412549981095e-02
3.770022577895258686e-02
-1.173269174296446560e-01
-3.682053607157600994e-02
4.685017689313455969e-02
-2.491638907651735207e-02
1.433712326975859590e-02
1.964996597325925978e-02
-4.471696974097008614e-02
-5.199996938149791664e-02
-9.300643888045663499e-02
1.100362730217720880e-01
-3.333234018518145547e-02
-2.198023783031258921e-02
-9.638654724204673285e-02
6.967685056662687934e-03
3.132066114519382188e-02
-3.660435648602662628e-02
-2.276915584791638913e-02
6.915734813054337515e-02
6.356047545064957838e-02
-7.556547632939325521e-02
5.436502068686553668e-02
-5.363359006141028840e-02
-1.263209831717014564e-01
-1.525806134380631139e-02
-5.941432631655921975e-02
-2.087726211439537571e-02
-1.340218045278033718e-02
2.573560668368619561e-02
6.688698688455395336e-02
3.141481674612449371e-02
4.647292336615141406e-02
3.603128640123476334e-02
-2.100156156662952734e-03
-1.134638204566383035e-01
7.662920629473013792e-03
3.296090447556120073e-02
3.709547263307601261e-02
-4.614131882960433723e-02
3.525279662293612920e-02
4.312006708561610946e-02
-6.529613053962596281e-02
-6.147238343229174257e-02
3.325886443687391808e-02
-2.995325989031150798e-02
4.598824210607838775e-02
4.278024236687527626e-02
-5.865927080988277836e-02
3.643218602690070224e-02
1.054449739664942570e-01
7.784225244848705198e-03
-2.064518788799315791e-03
-2.432546518629554594e-02
-5.906674029667594028e-02
6.028038298122298522e-02
5.805608205632040858e-02
5.963246387634725532e-02
-2.527038657043672795e-02
6.769126751977762313e-02
7.785307823149591189e-02
1.198623926446210769e-02
-6.004191246390679863e-04
-4.564127441819641057e-02
5.783503808031687649e-02
8.484182068193769910e-03
1.790455890778550399e-02
2.333591319120277563e-02
-1.295804710379048763e-01
-8.176730825057877683e-02
-1.014608428476406615e-01
-4.973346986944293668e-03
-1.112057341727938457e-02
3.030464325568344927e-02
-1.294823958501103295e-02
-4.914869849499899773e-02
3.613168322801239146e-02
-6.394470945099385573e-02
6.084298118724070642e-02
1.364177355376994805e-01
3.491494695611532112e-02
4.014201157305814782e-02
-8.926754383166396467e-02
-1.923490755467549551e-02
4.329418164886954246e-02
5.678787873795890055e-03
3.913467734278792270e-02
5.956939814085477486e-02
-1.386594938158122216e-02
8.630271516323605174e-02
-5.747668176853325435e-03
4.063198370359920319e-02
-4.257729843816075721e-02
-2.207879326480259932e-02
-1.666917106636410170e-02
8.601365588685998265e-02
2.099565830140523101e-02
-1.256340055390684288e-02
3.938471323369575894e-02
-1.200072305710258268e-03
-8.129728481255334149e-02
2.983064503176964533e-02
-2.764025179469083160e-02
-1.022867122483019919e-01
-5.769153640390613236e-02
-3.899965014887413900e-02
-3.037407211431242607e-02
-6.313049379442094156e-02
-4.225882768311660376e-02
4.986401423495195884e-02
3.647076375102548812e-02
2.096908757191198736e-02
-8.330961505376961729e-02
-2.650067463652496999e-02
8.453207246867019964e-02
-5.262255333677916952e-02
4.666595260831352121e-02
-6.987984657495867682e-03
2.343708391861053578e-02
4.352780170167960122e-02
3.206408240619751382e-02
1.417122533976098997e-01
2.352084271637240598e-02
-2.378538107991242170e-02
6.939571818024287131e-02
9.116326636724255902e-03
1.219783682292767749e-02
-6.738419396745931600e-02
1.745280454365477282e-02
3.690818088950681419e-02
-8.514761686140192437e-03
-3.915458760462443150e-02
1.495312323259946272e-02
1.073099730574109956e-01
-4.101354976560046828e-02
9.454876073470998288e-02
-4.120146928179803728e-03
-3.008121758400157317e-02
4.117675383025540953e-02
-8.980637280667953803e-02
-8.044193898404283782e-02
-3.615312133923433147e-02
3.902198189682951068e-02
-5.403411032919346046e-02
5.148441423496839114e-02
-1.088458125471861030e-03
-2.930715487869471961e-02
-1.120195607663792940e-02
3.818115348421498301e-02
-1.343253105881258430e-02
7.347985068347261464e-03
-3.782307762512094468e-02
8.283953447317699004e-02
-1.161917845572058017e-02
-7.325789568991455947e-02
8.714260815420554751e-02
-1.280571301610848034e-01
-3.406923352637818841e-02
6.460660360660301638e-02
-2.167635040133142690e-02
3.590895901550121561e-02
-1.906416670300398880e-02
4.133453477246158692e-02
6.100395293124484530e-02
1.151566267536068555e-01
7.904325145090795868e-02
-9.903571065258225115e-02
-5.019928406025207790e-02
-5.341209758508952410e-02
2.123625027637674606e-02
-3.420853126560802898e-02
-3.044142456308586951e-03
-1.250272608013710228e-02
-5.820216792645900757e-03
2.265009530523912767e-02
-4.938763081711119995e-02
3.374843741130002794e-02
2.809508339128174298e-02
-1.033348390543277094e-03
1.485717777458867364e-03
5.727408480250810452e-02
3.626941374567729803e-02
6.962246243561028003e-02
-9.395161944104120366e-03
-6.626650200658458501e-02
2.431968132090997839e-02
-3.729849495516622537e-02
4.440805999130196385e-02
3.495788751425074614e-02
2.559917455400862948e-02
9.159352655690826406e-02
-4.426921644356826557e-02
2.203930642684343716e-02
-4.162317573621375499e-02
-1.673300708000239820e-02
-1.834492558929871897e-02
8.617641697481764895e-02
-4.570756981826895431e-03
1.419375837204930662e-03
2.230596600423922007e-02
-2.549864363293420991e-02
-6.283969983393482284e-02
-1.700544844440943573e-02
9.205754649964430214e-02
2.841876925379666075e-02
-1.070159014483360038e-01
3.094499683481214888e-02
-1.867731370967357432e-02
1.472505582326253445e-03
3.096283545787198097e-02
-1.810408648335781745e-02
-8.498844242653524894e-02
2.239557683110358563e-02
4.777875323364733084e-02
1.160096615894297134e-01
-1.172956255458914340e-04
-4.616694186886103994e-03
-2.046611558754472121e-02
1.517488665618386100e-02
2.382761744414068836e-02
-6.895916791353605239e-03
7.535518470569252392e-02
-3.670390554569075148e-02
-1.090528584501075371e-01
1.806335514688140256e-02
4.469757721054914111e-03
-6.763922031483341445e-03
-3.314174831000821914e-02
4.201501276697000575e-02
6.391360970072007541e-02
7.142392354523036113e-02
8.007033003315340569e-02
4.632789108624384145e-02
-2.712430285753999679e-02
-5.908294959526746298e-02
6.153428116683093592e-03
8.979102660087702470e-02
7.588069262770512184e-03
9.548323608357674186e-02
-7.706633135127320677e-02
6.082057487433457227e-02
-4.472023741879889761e-04
-4.407401385369925928e-02
-6.687320246073527596e-02
1.483243621976559033e-02
2.238950530344899909e-02
4.529971541337323576e-02
-9.288429316186401496e-02
-4.337045562444537261e-02
-4.840666097136501339e-02
-3.156359845255066882e-02
-5.490513694874810287e-03
9.189192614172218831e-03
-3.699806630169846094e-02
1.482295389266480475e-02
-5.593143349661633401e-02
4.826121171505192917e-03
9.418751079310311303e-02
-6.294956545980079365e-02
3.672166437595202060e-02
8.110353302276769594e-02
-2.436311553447069109e-02
6.196707453878724618e-03
-1.919771726757082270e-02
4.932771131312570223e-02
2.024731583842012683e-02
7.820053568923837628e-02
2.093701506830936056e-03
-1.187439374415115989e-01
-1.091416155615073658e-01
6.460956153979166561e-02
-4.739598111090709276e-02
5.510363159753783879e-02
-5.515705520942353057e-02
1.594603766894856986e-02
-6.572892646533669801e-03
1.167182307222840686e-02
4.328135718803814702e-02
-6.888431535026925956e-02
-2.381187345760877455e-02
-4.045281919758985517e-03
2.828057719925181415e-02
-5.766710099545119955e-02
6.057801440477342779e-03
-9.287938651601519713e-02
4.135859448595125692e-02
-2.007419450991638349e-02
8.359984418485359725e-02
-1.015108494229321756e-01
-1.557525139446989774e-02
2.579753315750871884e-02
-7.977820434096438706e-02
-2.910262873173433129e-02
-5.158396966910008818e-02
-7.043161462906560866e-02
6.764545993122431100e-02
-4.368353309931524708e-02
8.992554340435712779e-02
1.066832813282210177e-02
1.550988780026786931e-02
8.754115529094465276e-02
7.238771099596752467e-02
3.047440207715357979e-02
4.971188727626287690e-02
1.916367811068310500e-02
-3.081272399442417514e-02
7.479770566672727661e-02
7.139906782393345974e-02
-6.476853257822838897e-03
2.385993851001909014e-02
6.934045273944632048e-02
-2.877668781003121790e-02
5.466969425214791845e-02
3.717528366388147404e-02
-1.278896621093416480e-02
-2.079792713429968673e-02
-4.018078632862547711e-02
7.548671953568597548e-02
2.194857786626347798e-02
-1.231116402294968187e-01
-7.787173536613312130e-02
3.151030775681958745e-02
4.267954958453705309e-03
3.454034111787623873e-02
-9.191794659881269425e-02
-8.970904251724504119e-02
5.887833282430093851e-02
1.075224075092477694e-01
-2.396340374677885521e-02
1.993393128731477115e-02
4.648336614782622861e-02
7.569662575029011131e-02
8.679476019969366643e-03
1.625383025527048914e-02
1.707215896360782248e-02
2.970072988539262937e-02
-5.195409144999592332e-02
-1.241402511934541590e-02
-2.280342587727209047e-02
-3.662648447676870173e-02
5.481989882856422303e-02
-1.023530943864219833e-01
-6.697695863430819241e-02
5.408234483680116056e-02
4.834360253055543927e-02
9.138731650129387762e-02
7.538123443079614017e-02
8.712597579175432316e-02
-6.795672643425730575e-02
5.411374422981802407e-02
-2.317203024960710553e-02
6.949422223846912772e-02
6.359520516564604910e-03
-1.091183160705975000e-02
-6.858504415990633596e-02
-3.560035254019874862e-02
-8.183376075518634940e-02
3.834154082907399730e-02
5.340568377789187138e-02
-4.796233983249648114e-02
3.740357957139954503e-02
3.516968978533564077e-02
-7.257669787150419771e-02
-4.685897231912104083e-02
-5.196683995825027852e-02
5.961442560479180558e-02
1.511985045995126349e-02
7.429306846270006259e-02
-1.099998702966020064e-01
-7.421106411156444538e-02
-1.211635035638458473e-02
-9.687788765506081395e-03
-1.248696335768621594e-02
-5.448322813916593732e-02
9.883617600759340982e-02
2.191845475332606166e-02
1.655303047663177554e-02
-1.351958742725607732e-01
-2.296276084008491356e-02
