1.181073080729039715e+00
1.319424288633773035e+00
3.704842805413836038e-01
6.366308449833718575e-01
-1.215899280144443484e+00
-1.320473766467703758e+00
3.453436124809231011e-01
-8.663733792841524783e-01
1.923389975685325659e+00
-8.571036121469586266e-01
5.467628729689532063e-01
2.624922138643079328e-01
7.489830640844592491e-01
1.415672490396115091e+00
4.987972187750792097e-01
1.468422325259835404e+00
-2.579448880716276982e+00
1.854693252962987149e+00
1.178190989507713171e+00
-7.708108002747481313e-01
1.045427754990599478e+00
3.749916823031627100e-01
2.955354060997976706e+00
5.601948221693673347e-01
-4.462596448119167669e-01
-1.948164318409381535e+00
9.557422383502289787e-02
8.322252370134001209e-01
-4.658761290563671054e-01
2.705622607246213965e-02
-6.384069257629799710e-01
5.747341787260702717e-02
-7.610643064228996835e-01
-8.499345415686937466e-01
-9.569396049405494153e-01
-1.404520444015891156e+00
-1.335762503137048751e-01
1.011250067123493190e+00
-9.745086641523096338e-01
2.672932281307958680e-01
3.042998656460074169e-01
9.894861793035421016e-01
-1.340596751137940634e+00
1.359832953543786083e+00
1.539011089480662342e+00
-1.437084198320581541e+00
-1.944826183705623546e-01
-2.934695927720969433e-01
2.776220240444316367e+00
6.777947057581834578e-01
-8.646198503607428476e-01
2.246033904706045969e-01
1.008679477561504223e+00
-2.028865158626850240e-01
2.001534532730039118e+00
-2.487398835151749310e+00
-2.721820433979755260e-01
-1.039570113176322863e+00
1.283124087365713172e-02
-9.959666952938898976e-02
-1.430056670795097906e+00
1.676378133929946834e+00
2.569701630193176101e+00
6.147648768171199984e-01
-1.293161535159796927e+00
7.368339132005115033e-01
1.074137730973201421e+00
-3.121433898068590174e-01
-6.175013496507034683e-01
9.961474908411259710e-01
-1.299609581502120248e-01
-1.089731469825261367e+00
1.396227220461520035e+00
-5.571329094151001859e-01
-8.830175362256513782e-01
-1.488957788024894091e+00
-3.768858516783546997e-01
-1.009360697309183763e+00
6.744872186917533208e-02
1.630868972151618412e-01
-7.038405834231463709e-01
1.292567750440444009e-02
-1.436655472026216129e+00
3.724246302739599446e-01
7.022473077313851064e-01
-1.504372087240383182e-01
-6.096918157504262886e-02
-8.889504102096515981e-01
1.356107537207579705e+00
3.791972163625058068e-01
-3.146058389192968874e-01
1.234475550012178013e+00
8.657626521313474544e-02
1.142910090690662406e+00
-4.863424545527408882e-02
1.835938138513545370e+00
1.049046356488763321e+00
1.949555581148317285e-01
4.894291165359966334e-01
4.100744890453009717e-01
4.655748902925130328e-01
-1.593716759901474322e+00
-7.336122376570657355e-01
2.439533225877067169e-01
6.366464447148083572e-01
6.993215107855619284e-01
-1.187699248103639915e+00
-1.641469381515725245e-01
-3.870607780999985592e-01
-1.920288488522529757e+00
-2.575148283069780830e-01
-1.723941781597690404e-01
5.706665727129680565e-01
-5.038740032192960960e-01
7.208912388786536951e-01
-2.976527197672157454e-01
9.307077774569597062e-02
-2.936021378412689842e-01
-8.026644866439885950e-01
1.600735198285555994e+00
-1.442820566934215787e+00
-1.763924842420375283e+00
1.926225179581015912e+00
2.822196249074131469e-01
1.312284163578125717e+00
1.578447416622311694e+00
1.838820154870504653e-01
7.238409455107983614e-01
3.985690606158299731e-01
-2.358020560676084565e-01
1.108536962245549429e+00
4.475061915180800765e-01
7.801301001758903508e-01
-2.518863256039882356e-02
1.172017983282579445e+00
6.881091080621892786e-01
-4.530514376371094221e-01
-1.021684306174125423e+00
-1.189029102642901403e+00
-6.311079276935440685e-01
2.528749002561597958e+00
-1.460033983114497724e+00
-1.602336268837573963e+00
-1.319262155659310654e-01
2.159410996533614124e+00
-1.684875209961807507e-01
7.963011869624947447e-01
-6.236380106319705519e-01
1.457767325448265094e-01
-8.187218720969168251e-01
1.132689506660058965e-01
-5.775128460186154111e-01
-1.111146002310575032e+00
-3.326422840333683184e-01
3.017341474700308002e-01
4.322200671408087391e-01
4.611808747443660317e-01
4.275671499178522184e-01
-2.852061916204859382e-01
-4.595835994600006025e-01
3.741097302607855335e-01
6.025685300776864040e-01
6.279892350927096523e-01
6.069458561396721130e-01
-3.265248167700339210e-01
-1.989182440412667896e+00
-1.508742198175147431e+00
5.043641771250838568e-01
-5.013582280469228714e-01
1.026454927669169903e+00
2.232215477208205900e+00
1.494875922921306888e+00
-1.053837442726202722e+00
-1.113982446483457490e-02
1.224651529152366081e+00
3.113984741957836477e-01
2.105173760006770201e-01
-4.401796779253120961e-01
-1.319026618024980113e+00
-2.462107876183312616e-01
4.915486892086926018e-01
2.251128907789720301e+00
9.139117623363428589e-01
1.348522181766267591e+00
-1.001351693843403501e+00
-4.920329478409046220e-01
-6.693553965321967780e-01
-1.568511501958023135e+00
5.973839076120716074e-01
-7.828121552421746232e-02
-5.802856623373794376e-01
1.343003302461584170e+00
2.772472344325144777e-01
-1.970127997303067646e+00
-8.799075890662780841e-01
2.270553699628016009e+00
2.879810454909788597e-01
1.298436896969736021e-01
3.569137312230963310e-01
-1.111402931493254309e+00
-5.250787118854063559e-03
9.176952853490348838e-01
-1.175966336727469974e+00
3.386074664237528342e-01
-1.643783863773349285e+00
-1.199276349916968298e+00
-1.687281053096780781e-01
-4.087754677410615489e-01
1.004509909085604447e+00
7.434515553176251901e-01
-5.437371525816857981e-02
2.555360599915592057e-01
-9.882454516251541754e-02
-6.601498412413157046e-01
6.390734967893864082e-01
-1.450870221131355386e-01
1.482861188302154187e-01
1.198123079063652785e+00
7.887547632387088559e-01
7.805608887258621564e-01
1.822769128541790185e-01
2.028745583100033667e-01
1.281642792461606284e+00
1.743762218075719073e+00
-8.574990186759253730e-01
6.060120770491802533e-01
3.546453219165507376e-01
2.577592779521671762e+00
3.971149292424936417e-01
-2.198335457999667675e+00
-7.483834924337955385e-01
1.359654595517976183e-01
-3.399757192936987971e-01
-2.620571918766953154e-02
2.423710466118943474e-01
-5.268632686467362714e-01
6.010284149199360826e-01
1.834604203384309518e+00
1.734096232249749736e+00
7.177060321590630343e-01
-2.141335498178063568e-01
-3.296882722752131345e-02
2.645022460284804366e-01
-9.638032185572336097e-01
-6.671458265313621183e-01
-1.297195380694944888e-01
-4.780202791508173510e-01
5.044887729026507200e-04
-1.292464751294017722e+00
6.756538725673270074e-01
-1.356407799562384442e+00
-8.053287722036622798e-01
8.849739708478188138e-01
3.472050055128698132e-01
-1.035897983246027304e-01
2.411152259988505353e+00
2.158513052288225931e-01
-5.532801886661136148e-01
-8.002523951897481114e-01
3.939455167680443459e-01
2.170279025897074998e-01
-3.445761022799423978e-01
-1.619091464941264880e+00
1.957336547007851590e-01
-1.339746498101964889e+00
4.989433343636247020e-01
1.008444547404736324e+00
-2.664346214871298191e+00
-1.209319714638795729e+00
3.118622510368085354e-01
1.176643706657558797e+00
8.669059180320140556e-02
1.759421707225806930e+00
2.758583483417242910e-01
2.250703904923176055e-02
-1.034073030619763411e+00
-2.725425977105813691e-01
-4.699169620402122993e-02
1.049835837010511197e+00
-8.368639306581644732e-02
-2.942592030016227822e-01
8.476652867637446409e-01
-1.508750743018199281e-01
-7.061165743956514529e-01
-2.355708645997844908e-01
5.824211337634318530e-01
-9.060613316276887597e-01
1.980170072552552840e-01
1.122357561520633595e+00
-1.537237764139254281e-01
-1.429315105506410444e-01
-7.278068604034629852e-01
-5.261416337499810192e-01
-6.655599393804385588e-01
-1.312610219821958690e+00
-6.360359015154744278e-02
2.027409319025136325e-01
-1.680996155432544492e-01
7.720129146520064989e-01
-5.269263478356125407e-01
1.084602840568371862e+00
5.279531588638997075e-01
-5.862259095403762332e-01
1.349888027758910480e+00
-1.608188386243466494e-01
-5.112970227776958421e-01
-6.210185459234955907e-01
-9.625688320833928335e-01
-1.051424307344730691e+00
-1.771297841785956839e+00
-3.761911429749098534e-01
1.081831290258817857e+00
1.607864092140091211e-02
-1.045987304028289933e-01
3.712609147583258995e-01
-2.392492916462314601e-01
2.218479488198177751e+00
8.393466523191718265e-01
-1.562522795942723697e+00
6.994632128027337137e-01
3.534744856546817027e-01
-3.700865812175519465e-01
-1.095438755354044336e+00
-1.181489495255434591e-01
1.149702815186198546e+00
5.261402544986791829e-01
1.240344866990921391e+00
9.991991833177291116e-02
-1.202974258295549159e+00
5.535499030293767886e-01
6.711080524308252748e-01
-2.844121645736337467e-02
1.910733298105914413e-01
7.647254222364995302e-01
9.117972629477705260e-01
-7.943942660011329981e-02
1.546113800402434846e+00
-7.585748803951380959e-02
3.017565546892486683e-02
-2.824364534255476844e-01
2.123989655982919111e-01
1.028536288667545318e+00
-3.078488071163513196e-01
4.576825703560701841e-01
-3.369482000086524431e-01
9.214812360817477010e-01
3.030671574608229113e-01
1.781404456661839442e+00
3.154931071682796628e-01
1.271525202855324221e-01
-1.345250037041957336e+00
-4.284759265694108588e-01
7.343781927452638358e-01
-7.764974873507371478e-02
2.459309158599379264e-01
-1.648715216866581679e-01
1.525636429515377923e+00
1.716940075810212685e+00
-8.068449152054234519e-01
-2.363059952606489489e+00
3.561024437551263966e-01
2.122192342158750744e+00
5.298299703129817351e-01
-1.471974674826915130e+00
7.391565710794263389e-01
7.679131178527692780e-01
2.136300611240097513e+00
2.874181005937452293e-01
-9.668277029585948812e-01
3.119936816072939045e-01
5.657631097954864963e-01
-1.527725190518125720e+00
3.870198586361870419e-01
-7.530628933133831637e-01
-8.423762578596620809e-01
-1.148291369708759113e+00
-2.614298956070941760e-01
1.504765501300020236e-01
-3.116219795749193833e-01
-4.033445803569668531e-01
-3.390288067350599288e+00
-1.860521228830855689e+00
1.105506502896155707e+00
-1.117940648645800727e-01
-1.264431047270442032e-01
1.768918803326127442e-01
-1.622324231274889117e+00
-9.278618250373609211e-01
8.650740968175263390e-01
-4.371799432387555862e-01
-7.297908857249009174e-01
-1.180986137812790382e+00
-1.854920273270007858e+00
1.228505118248859607e-01
4.467930268085730239e-01
5.232552589355041750e-01
-1.429501554424556398e+00
-1.830997994592629574e+00
1.677101632714590895e+00
-2.175436261876247113e-02
1.788288790360833824e-01
-8.113236029651254011e-01
9.989900124416306593e-02
-6.111664207011271444e-01
1.125657015930050298e+00
9.101264774182232786e-01
3.417797551231329667e-01
2.573633640517122845e-02
1.080349757315868464e+00
4.673165038258121906e-01
-4.879265717678592518e-01
3.259560613246155203e+00
1.162830797107722081e+00
4.821784753719705885e-02
-3.369290196346133581e-01
1.124942337659344815e+00
-4.304479253551325435e-01
-5.633421352771147417e-01
-8.829792571113065369e-01
1.501862683724531911e+00
2.419994165169557565e+00
-9.719738760413003664e-01
7.636435374632966067e-01
3.572563109601383236e-01
7.992116880087694053e-01
1.653450583559596732e+00
1.000831674495060719e+00
4.890211211816359871e-01
-2.025094898037792301e+00
-6.735523167594030802e-01
-6.984775221373513698e-01
-7.926269266962694404e-01
-8.619659775560873927e-01
1.648313089184794134e-01
7.275919080614862144e-01
-9.552510798109751233e-01
1.578041556527109757e+00
-2.221973501913789839e+00
-3.484338222946207209e-01
-5.290375982929527154e-01
-7.316569205209190185e-01
2.493960029220023689e+00
-2.195788279133679965e-01
1.401545685345767067e+00
-1.357711088245900699e+00
1.465648099223138823e-01
-8.761989590112065351e-02
-3.037752358806267150e-01
-3.247857922768211947e-01
2.712607601637484045e+00
-8.359605517366286431e-01
-1.085199827196208222e+00
-2.808031166500037784e-02
-1.240314917252960392e+00
2.696317369066049685e-01
-1.956680022101535465e+00
2.024069735953974103e+00
2.414816314569831757e-01
1.289886307928031828e+00
-9.353472860162599378e-01
-1.395021699628426759e-01
1.369334448569683005e+00
1.205739557251835070e-01
-1.567662460566203952e+00
1.036155873790034709e+00
-6.530856625531145099e-01
1.528562793953979204e+00
7.426317199614601572e-01
1.881875356375473318e+00
-1.084707483316688315e+00
-1.087156876650875237e+00
8.779981409028269068e-01
-1.298079243094351298e+00
1.234280305289030322e+00
-9.619772456230172297e-01
-5.681520754822273478e-01
-1.038929955407511319e+00
4.645204403712847041e-01
-1.470168273079824006e+00
3.657427286079806272e-01
-5.117467103169135445e-01
1.555522889146867260e-01
-5.023407259750789500e-02
-8.721397941185576874e-01
-6.534334763139576507e-01
-1.996606288184804567e+00
2.448839899182819746e+00
-2.899462803060728552e-02
-1.882280279313689464e+00
1.925838270504242722e+00
1.515501683817620737e+00
-2.383469804032143369e+00
-6.278953019128561408e-01
-3.845178781219137920e-01
-3.858773338848680012e-01
-3.432691953570077836e-01
-4.714833579000438646e-01
8.112873750962555919e-01
-4.088406814849287335e-02
5.269708069343104900e-02
-1.833325513142397112e+00
-9.163676652870442751e-01
-1.602495406078010109e+00
-3.030773365966838995e-01
3.440697941135429927e-01
-1.414559328388969028e+00
-3.437153554271643596e-02
5.259884656004759629e-01
5.155548561547844688e-01
2.298014443210919799e-01
-1.836090399435356124e-01
-1.799532996628911974e+00
-7.823349154383612003e-01
-1.924601924487547189e+00
-1.046604435744322492e+00
5.673418309889969313e-01
-6.806162423109981541e-01
-7.051604548361898317e-01
9.376250115584767730e-01
6.154347952893077789e-01
-8.482462623747082375e-01
-2.675153027574980746e-01
1.016946502049025369e+00
-9.483542909428182011e-01
-2.067054154939516497e+00
1.931322880577190704e+00
1.486621478576174438e+00
9.154678163185563378e-01
7.221499972373159881e-01
3.008920544907317529e-01
-2.490792859038767570e+00
4.691012208124966665e-01
4.080422566601283885e-01
-2.257596603103481994e-02
1.176035793864747880e+00
-1.003854812526209894e+00
-5.050332174667283569e-01
2.176291107811376691e-01
1.509368179335430771e+00
-1.890520052156449360e+00
-5.888563727597034836e-01
2.404757113307680050e-01
-1.452195760278382763e-01
1.836192535048191687e-01
6.932279675871347302e-02
1.372710888486480041e+00
1.137261767797615564e+00
4.010534492948700236e-01
3.667370950807675722e-01
7.084412223745738535e-01
1.614297008535100497e+00
-3.437226738484850386e-01
1.314331639323134571e+00
8.378277798378886976e-01
-1.323845559849271103e+00
4.293520719275468744e-01
-1.242644313859481375e+00
-1.826344945990585833e+00
-8.594109137227361472e-01
-1.782583278965953255e+00
1.125120882445181048e+00
6.796849909173237336e-02
-2.334297433388373921e+00
1.195298332471568914e+00
3.014803746836083875e-01
3.847142201748339763e-01
8.832123876454364697e-02
1.339432433981107673e+00
5.038629106319303386e-01
1.779413231341992474e-01
-3.334108669789613844e-01
4.170504206775663136e-02
4.760996595997014739e-03
2.519763866594658119e-01
7.789279205510618587e-01
-9.224478773735902415e-01
-1.756969332682983831e-01
9.545863913717616001e-01
-2.282360619355014109e+00
-1.017855225930738960e+00
-1.008026142638515088e+00
1.035502070067781277e+00
4.173195223595799197e-01
-8.867169553696193640e-01
-4.996733507718325029e-01
2.150227786067262503e+00
1.577177454667424428e-01
-4.110861691945937868e-01
5.284116937903996503e-01
1.025179912259446546e-01
6.185148922035201835e-01
1.719708625484092090e-01
1.896225680407628011e-01
4.191295433756116878e-02
-1.571518569982105928e+00
1.121209063117282856e+00
9.952432666616349843e-01
-2.608923801863562986e-01
-5.004013197182942685e-01
-8.110375725971908922e-01
4.973343679063771221e-03
-9.573245111063732882e-01
9.629525181392029065e-01
3.280661107689313849e-01
-9.718102172411275941e-01
-8.182263453713924106e-02
3.716808791575628157e-01
-1.852533854511003719e-01
-4.684513505276808876e-01
1.869083605244406254e-01
7.631246725579480250e-01
3.171699412369951010e-01
-9.653784779677064831e-01
4.236631641418910910e-01
1.074605987012603597e-02
-1.760532535185843850e+00
-2.186039367952084422e+00
-5.357905358685600694e-01
-4.227476884775833166e-01
2.237274607255572145e-01
5.826601225719866273e-01
-1.591365648705768132e-01
1.894536962783104794e+00
2.860970879371446784e+00
-2.228640837315382928e-01
-4.081952653492316729e-01
-6.082575636879596903e-01
-1.182252737216653804e+00
-1.014770886626601865e+00
2.908180807398654810e-01
1.235594378109643898e+00
-5.221523920039210509e-01
-4.417635820317354911e-01
1.300968256999974093e+00
-1.597941361637004398e+00
-7.496526645084019558e-01
3.066287118730721684e+00
1.042746166855583523e+00
6.646186361295679523e-01
5.793687564783347455e-01
5.309550126161035610e-01
-1.605260469588834171e+00
-1.021407615093189003e+00
1.985469128573832120e-01
1.089771626887165112e+00
1.362027189047642972e+00
-2.934910240338255982e-01
2.962905685997725413e-01
-3.376552016483584939e-01
1.405884071433398441e+00
2.978338711444501463e-01
-5.326492155022066743e-01
-2.564417791242448730e-01
1.582839594796710658e+00
2.739276884726875139e+00
-3.503578554581541216e-01
-1.111171586151203039e+00
-1.088881764702866704e-02
1.594802647213973412e-01
7.218813637278956863e-01
6.922870431689158721e-01
-4.477153500941452591e-02
6.759655123102223939e-01
1.145306721222269231e-01
-1.965365249976555317e-01
1.684432961552532637e+00
-6.284194188839372641e-01
3.907351783568482340e-01
-6.709960958039437040e-01
3.465052527763500478e+00
-7.352809686849415272e-01
9.454536245881783874e-01
-3.827788574916567849e-02
1.246696856901484241e+00
-9.573191594098158230e-01
-1.206119516643078704e+00
-4.340248206434747513e-01
8.691055020334591541e-01
-6.558938505795401663e-02
1.746885416120609769e+00
4.408567856470329005e-01
8.133584139412926017e-01
-2.060763279181588858e-01
-1.745982972185674775e+00
-1.466600201528733605e+00
1.559847838653706242e+00
6.178184007077734963e-01
7.005726453235633366e-01
-1.489008649783973848e+00
-7.186191435011290984e-01
5.950180234965964932e-01
-3.601722530559514635e-01
8.260135825148896549e-01
6.537172794642430798e-03
4.918249801271258326e-01
-2.997759855150166519e+00
1.092619393456773502e-01
1.013544162320304753e+00
3.733038658816824618e-01
-8.745570918305617392e-01
-4.418277169243188529e-02
-7.556456221019444142e-01
-2.250089603377354863e-01
-5.870888346505207522e-01
1.670883197216594063e+00
5.473007547246894200e-01
2.338487959864426688e-02
2.682778993936855705e-01
1.316892527551451142e+00
-1.082369606271529783e+00
1.458721585201300686e+00
-4.615802070094753295e-01
-2.500531078163929499e-01
-1.642530040162278882e-01
-1.451881273176372611e+00
9.502023774749068785e-01
-1.640951448464418094e+00
9.467814654285980902e-01
-1.227159598717620925e+00
1.517320248584227649e+00
-5.608721117349753094e-01
-1.642165410532734793e+00
-6.570640694718969943e-01
2.046113291578682158e+00
-1.260273308730919251e-01
1.770530247426428616e+00
1.658793956176182860e+00
-5.725536810858088826e-02
-4.079591806234393325e-01
1.803244043625060300e+00
-1.595811976070283800e+00
5.454443720873853874e-01
4.839121918206703427e-02
-1.548924418818365067e+00
-4.256542843402926213e-01
-1.082049175910850369e+00
3.466189286849030160e-01
-2.170659874177259585e+00
-2.770502538178373220e-01
8.640144154724211933e-01
1.108850670634402347e+00
6.202287271089556020e-01
1.018750459065856484e+00
1.419203964898473336e+00
4.931648794736207542e-01
1.072941087627786505e+00
-5.888690921303989523e-01
1.523326458941087931e-02
5.412437997842387549e-01
3.564793705477418140e-01
-1.402065659691201227e-01
6.080109489346230411e-01
-5.190499393868134304e-01
-4.431713543139169653e-01
4.641562837355693305e-01
-3.990692899920132986e-01
-5.495200519213075396e-02
1.053074046504636874e+00
1.043100212483459410e+00
1.310789041355675977e+00
1.290792538846397830e-01
1.231234070933745706e+00
1.129410408155726131e+00
4.006928742798981369e-01
8.236808817038282493e-01
-1.059965537694569804e+00
-2.527891655173749030e-01
1.221977103250851071e+00
3.090105365542233695e+00
-1.290213575050096206e-01
-1.437860364351158049e+00
1.044170476017888927e+00
-1.761550431147365314e+00
-4.876194149445744475e-01
9.538381312080417285e-01
5.973767654008227401e-01
-5.384297058795408653e-01
5.603541439999617513e-01
8.557365910453060831e-01
-1.260478959387534847e-01
2.950826777602271744e-01
1.735624932555794309e-01
-1.237464986151764146e+00
3.158973874745291122e-01
5.749903156638771495e-01
-1.154959797349540906e+00
5.988228556331434138e-01
-1.638390646260856620e-01
2.077600859210579021e+00
-6.724726604754196480e-01
-3.211284723167261990e-01
3.786155428582681920e-02
3.937354642393740001e-01
8.121231056670384918e-01
6.139647432987537234e-01
1.678229110291015180e-01
1.862183585631512539e+00
-2.537015245735565472e-01
5.888046804524126321e-01
9.947937823558717918e-01
9.271168955656796662e-01
-1.182872975721112052e+00
-8.178624676121329373e-02
7.965331241210799051e-01
1.199319670096722801e+00
7.940241932611310505e-01
-1.199768371038672399e+00
7.088246312737428445e-01
-1.465991832097436331e+00
1.096601993008639919e+00
5.297273514494307278e-01
-2.235628721380024775e+00
-8.820896706907223050e-01
-2.865678766491971952e-01
-1.088185252639226608e+00
-3.936049008691378526e-01
-3.487613566726647241e-01
9.482504589831763919e-01
-3.102535999574447187e-02
9.144459538806339882e-01
-1.015013971869668241e+00
1.593153587831980023e+00
-2.535289177522682458e+00
-2.656095365683908138e+00
-1.285424544462406282e-01
-5.016636616081346922e-01
1.929780027956216726e+00
2.171996417316865102e+00
2.096353438712880435e-01
1.113797400616155057e-02
-7.244651617988402403e-01
4.099819593413405183e-01
1.307530981544136273e+00
2.789226523173238270e-01
-7.826264118120148661e-01
-4.700563327710106099e-01
8.286419521111766384e-01
-1.133323122481019740e-01
-2.156845232985916960e-01
-8.337108955078270656e-01
1.476559524957695269e+00
-7.427003869674488890e-01
-6.433039670838369695e-01
1.089614946796720663e+00
3.167300038140491991e-01
-7.451542645371039830e-01
-4.726538343900220096e-01
-8.008034382203048640e-01
-1.957949885842351356e-01
-6.820822905339716247e-01
1.226042217346571928e+00
2.710782987120740062e-01
-9.252161540950890606e-01
-2.031949070945278546e+00
5.273794182563089628e-01
4.113791077416233954e-01
-7.835579873792277716e-01
-3.282279771716145045e-01
3.103906161085165927e-01
1.475218908738005763e-01
-2.096935236593957530e+00
8.027890777729895788e-01
7.538051759000856666e-01
-1.023306657836260181e+00
2.835461123393524518e-01
-6.917307952429964102e-01
-2.550570414635927596e-01
2.968150478324513841e-01
-4.348220488418363949e-02
1.682994672859415175e+00
6.418294242068477429e-01
-9.772581856236371989e-01
-8.188512836923755867e-02
3.875246733067849170e-01
2.582260312375533218e+00
5.528493449427591688e-01
-9.392604621955256139e-01
3.669978714121330254e-01
1.584215155325418900e+00
-1.278966463641131535e+00
-1.037417684457311973e+00
3.086717722831655020e-01
-2.019661032990708871e-01
7.319103322343117890e-01
3.301558513906800996e-01
4.205278593999722814e-01
-1.265807894960022439e+00
-1.749564501575056719e+00
-4.737390012505165449e-01
-4.849442505638482670e-01
4.565001972647209638e-01
9.917745054942094241e-01
-2.587188612061473991e-01
3.594195643371106974e-01
1.633036727529309839e+00
1.806556938609273910e-01
1.731285571239989052e+00
-1.262618566359136496e+00
-2.271254245215281742e+00
1.374438086356725375e+00
1.242070363335125993e+00
-6.769648841347717383e-01
-1.404596825993046583e+00
-1.742356955827968970e-02
2.653856077169018945e-01
-3.475667123426277039e-01
2.074303273862598829e+00
-4.917358079155057654e-02
-2.346471827508286534e+00
-8.434516751052842931e-01
-1.885072435699212345e+00
7.444103955419029139e-01
5.379943730042422434e-01
-1.431249605079014664e+00
-9.139357236293009779e-01
-4.207627080789647644e-01
2.212156285387980870e-01
9.778112321234607718e-01
-1.613560858051141800e+00
-3.518938696469966487e-01
9.388611953786875075e-01
-1.525216405799565189e+00
8.239762947430552265e-01
-1.079336444282103624e+00
-1.254877381349488008e+00
-1.714399135449534928e+00
3.592500753259766921e-01
2.373078996576802324e-01
3.191343099370791858e+00
-6.169979666025464382e-02
-1.059803850453158391e+00
-1.097850718464629560e+00
2.429965478738919327e+00
1.499240648087145411e+00
-3.427014203143278603e-03
3.129852541638422081e-01
1.981675488142988328e+00
-7.382791414631478810e-01
1.358628633857671852e+00
8.875761275321696342e-01
-1.295181274581074238e+00
-7.725502080589028431e-01
-4.943361044962570894e-01
8.595846307673200570e-01
-2.080288619967752162e+00
-1.117634115613567181e-01
1.107267108962552538e+00
-2.360769026966964113e+00
5.690214183866454389e-01
-1.696659613176487280e+00
-7.397867988153329355e-01
-1.326343538497432251e+00
1.083358566580799653e+00
-3.559669257576400514e-02
-1.266874919593306448e+00
1.198459071356895667e+00
5.512896437396842542e-01
-4.445236247357446380e-01
1.578210358973268335e+00
-2.105978209194453221e+00
-6.458825555968131238e-02
7.588268540840051868e-01
2.109820099508420199e+00
-1.117710459083889885e-01
1.044166807607348924e+00
2.127766379247737039e+00
-1.323626369030034056e+00
1.204606414388958852e-01
1.518312133470459013e+00
-2.994967431477488229e-01
1.932242783803018726e-01
-3.466902155325619628e-01
3.780969560033300980e-01
-6.140684512678353801e-01
-2.071064763081859716e+00
-2.163851514967358725e+00
1.172623683216758916e+00
2.115306368438125695e+00
1.319814228355485008e+00
-9.788548501942785363e-01
-3.193334777395364088e-01
7.324867608977473354e-01
-9.364561540632106995e-01
-8.350840549981327632e-01
2.205468450372269629e-01
-2.373655306224732031e-01
2.197753033139377088e+00
-8.293803450028214286e-01
-1.250753403389841312e+00
3.442914862265645803e-01
-6.842323378626385955e-01
-1.018313131287048173e-01
-2.066525467163070395e+00
2.832290433945743868e-01
-2.114371786251456165e+00
-4.969986832808901411e-01
8.314099028892535381e-01
6.394729014254266763e-01
-2.005802361843615073e-02
1.476350005551440470e+00
