# Created on: Tue Feb 27 01:40:47 2018
# X	Y	Z	Vx	Vy	Vz
1.04373	1.59543	1.45443	1.01192	2.11714	1.83468
10.4807	0.576952	1.61374	-1.66298	0.0768268	-0.00418547
0.954658	0.605085	1.98777	0.833479	0.133181	-1.41288
0.921653	10.6414	3.49403	0.767355	-1.34103	-0.553379
0.738106	0.195158	4.63572	0.399662	-0.688032	-0.424237
0.470272	0.248183	5.55414	-0.136892	-0.58181	-0.742344
10.5418	1.5245	6.54245	-1.54045	1.97505	-0.920457
1.70841	0.0349311	7.18489	2.3435	-1.00903	-1.79144
0.441099	0.773073	9.19859	-0.195337	0.469705	0.0846366
10.6881	0.789457	0.382039	-1.24733	0.502536	1.84436
0.733161	1.05725	0.132042	0.389756	-1.11899	-0.814471
0.073326	1.76044	2.11069	-0.932112	0.28971	0.991373
1.55464	1.50164	3.10321	2.03542	-0.22875	0.821696
0.461054	1.40501	4.09759	-0.155369	-0.422331	0.655743
0.79952	1.03745	5.62537	0.522696	-1.15866	1.55835
0.720993	1.67305	5.32646	0.365383	0.114644	-1.19846
0.569339	1.62988	6.38789	0.0615737	0.0281497	-1.23008
0.410047	0.813402	7.16163	-0.257537	-1.60751	-1.83804
0.0113115	1.17358	8.86181	-1.05633	-0.885958	-0.590035
10.7527	2.25003	9.22758	-1.11791	1.2705	-2.01529
10.5372	3.36743	10.0243	-1.54982	1.35101	-2.57722
0.691256	2.3856	1.57101	0.305795	-0.615922	-0.0897764
1.22135	3.39331	2.59913	1.36774	1.40285	-0.188123
0.999657	3.09005	3.56731	0.92362	0.795322	-0.40658
0.278352	2.33259	4.60885	-0.52137	-0.722102	-0.478068
0.120351	2.50851	5.94252	-0.837885	-0.369677	0.0356952
10.4659	2.57066	6.98257	-1.69248	-0.245163	-0.0387429
0.36547	1.68437	8.83879	-0.346846	-2.0207	1.52184
0.754686	2.80163	8.47691	0.432879	0.217541	-1.36112
0.477003	2.90548	9.83826	-0.123405	0.425569	-0.791899
0.514977	3.78239	0.0287657	-0.0473367	0.0243002	-1.02137
0.861537	3.90215	1.07222	0.646926	0.264203	-1.089
0.788476	3.40315	2.76581	0.500559	-0.735433	0.145776
0.790037	3.50366	4.85283	0.503691	-0.534076	2.16872
0.409063	4.02201	5.00041	-0.259516	0.504345	0.306362
10.6195	3.42889	6.03774	-1.38481	-0.683868	0.226439
0.439743	4.0221	7.31332	-0.198057	0.504523	0.623841
0.690599	4.17847	8.3666	0.304488	0.817764	0.575893
0.740184	3.64373	9.27149	0.403826	-0.253482	0.230677
0.193237	4.55053	10.533	-0.691883	1.56312	0.599888
0.483436	4.73809	0.153115	-0.110523	-0.219137	-0.772255
0.607117	5.56888	0.937801	0.137252	1.44519	-1.35829
0.534374	3.87305	1.97307	-0.00848158	-1.95208	-1.44232
0.938005	5.23935	2.9544	0.800118	0.785027	-1.63442
0.664151	4.06546	4.53933	0.251501	-1.56663	-0.61733
0.882558	5.98134	5.94834	0.68904	2.27148	0.0473631
0.783946	5.67423	7.48948	0.491492	1.65623	0.976761
0.59373	4.41246	8.25849	0.110429	-0.871465	0.359301
0.488491	4.7352	9.49324	-0.1004	-0.224918	0.674912
0.846961	4.81741	10.0506	0.617728	-0.0602313	-0.366497
0.264757	5.67395	0.335696	-0.548601	-0.502331	-0.406494
0.602289	6.06322	2.10834	0.127579	0.277487	0.986663
0.442746	5.82201	2.43943	-0.192036	-0.205723	-0.508062
0.699528	5.55863	2.56334	0.322376	-0.733349	-2.41783
0.945115	5.38795	4.81414	0.814362	-1.07528	-0.0667919
1.31523	5.51607	6.17537	1.55581	-0.818611	0.502179
0.326205	6.46088	7.32978	-0.425516	1.07415	0.656816
1.04675	5.30602	8.27567	1.01796	-1.2394	0.393724
0.369583	5.65525	8.82611	-0.338612	-0.539776	-0.661569
10.6531	5.00089	10.027	-1.31754	-1.85066	-0.413726
0.414897	7.65688	0.227531	-0.247817	1.3121	-0.623191
10.3579	8.6936	1.23067	-1.90889	3.38899	-0.771586
0.45822	7.02	2.65809	-0.161037	0.0362191	-0.0700143
0.704239	6.0424	4.21478	0.331814	-1.92222	0.890511
0.481963	7.93406	5.04594	-0.113484	1.86737	0.397577
0.733853	6.79581	4.95686	0.391131	-0.412905	-1.93889
0.195297	7.91604	7.94044	-0.687767	1.83128	1.88015
0.84752	7.55654	8.6822	0.618844	1.11109	1.20814
0.727471	6.64677	8.93967	0.378351	-0.711463	-0.434073
10.2867	7.16918	10.2202	-2.05154	0.335094	-0.0268115
0.592348	7.32626	0.330584	0.107672	-1.50824	-0.416746
0.166087	7.95884	1.98575	-0.746266	-0.240983	0.741066
0.703444	7.49926	2.50303	0.330229	-1.16166	-0.380656
10.6177	7.23381	2.88463	-1.38854	-1.69346	-1.77418
0.78221	8.39713	4.28569	0.488009	0.637042	-1.12543
0.90915	8.66466	5.56159	0.742308	1.173	-0.727418
0.846017	7.14054	6.68395	0.61583	-1.88029	-0.636984
0.410977	8.01767	8.19213	-0.25569	-0.12313	0.226366
0.0350247	7.87847	9.33258	-1.00883	-0.401983	0.353054
1.44239	8.57686	10.1421	1.81056	0.997106	-0.183177
0.842778	9.34194	0.953697	0.609361	0.371802	0.831549
0.380175	9.37998	2.00083	-0.317383	0.448028	0.771291
1.1177	9.28055	2.97437	1.1601	0.248828	0.563584
0.32598	9.00327	4.60798	-0.425964	-0.306655	1.67821
0.197915	8.81877	4.5363	-0.682515	-0.676273	-0.623379
0.625315	8.39697	5.59124	0.173694	-1.52127	-0.66801
0.0127545	8.40863	6.93032	-1.05345	-1.49791	-0.143424
1.48981	8.8187	7.84658	1.90556	-0.676411	-0.46587
0.627452	9.63417	9.83932	0.177989	0.957234	1.36821
0.414758	9.21652	10.2961	-0.248102	0.120551	0.125372
0.77449	9.95699	0.536601	0.47255	-0.554044	-0.00402217
0.667239	10.196	1.6882	0.257693	-0.075184	0.144996
0.95258	10.1792	2.08285	0.829322	-0.108802	-1.22242
0.871365	0.750588	4.75393	0.666619	2.58267	1.97058
0.689979	9.32224	4.60679	0.303239	-1.82566	-0.482172
0.948914	9.5366	6.18463	0.821973	-1.39623	0.520745
0.359755	0.0453095	6.94218	-0.358291	1.16977	-0.119666
10.4052	9.51964	7.88973	-1.81419	-1.43021	-0.379424
0.100771	10.3803	9.40934	-0.877114	0.294047	0.506836
10.6481	10.7347	10.3784	-1.32749	1.00387	0.290067
1.57476	0.00806969	0.0165925	-0.0822614	-1.06283	-1.04576
2.00606	0.259904	2.51964	0.781757	-0.558324	1.8106
1.38777	10.4013	3.32103	-0.456863	-1.82194	1.25806
1.11251	0.338456	3.54481	-1.00831	-0.40096	-0.451648
1.94562	10.4365	4.11105	0.660672	-1.75149	-1.47529
1.69763	10.2876	6.15344	0.163891	-2.04975	0.458246
1.69286	1.68296	7.2378	0.154327	2.29248	0.472546
1.86332	0.739141	8.65438	0.49582	0.401721	1.1524
1.23766	10.7261	9.10659	-0.757567	-1.17139	-0.0996855
0.554598	0.993692	10.2361	-2.12596	0.911676	0.00513394
1.44798	1.47106	0.744662	-0.336253	-0.290019	0.412794
1.19355	1.42265	1.46702	-0.845957	-0.386993	-0.298112
0.573294	1.92985	2.29631	-2.08853	0.629088	-0.794779
1.32391	1.31222	3.91613	-0.5848	-0.60822	0.292211
2.03369	1.19048	4.25522	0.837094	-0.852097	-1.18648
1.18041	2.08141	7.0366	-0.872257	0.932719	2.22749
1.10934	1.8539	6.76381	-1.01464	0.476938	-0.477003
1.07627	1.42056	8.07128	-1.08089	-0.39118	-0.0157179
1.64554	2.11749	8.75449	0.0595357	1.00499	-0.80504
1.46008	1.61915	10.6298	-0.312012	0.00665685	0.793762
1.57768	3.15921	1.18101	-0.0764399	0.933875	1.28693
1.43476	2.44488	1.47309	-0.36274	-0.497152	-0.285944
1.50327	2.83751	3.03933	-0.225498	0.289421	0.69372
1.97451	3.41524	3.22465	0.718538	1.4468	-1.09304
1.58597	2.94614	5.03046	-0.0598035	0.507039	0.366568
2.02703	2.42474	5.89538	0.823772	-0.537494	-0.058741
1.43372	2.88265	7.0284	-0.364815	0.379851	0.0530597
1.18164	2.92712	7.98412	-0.869808	0.468929	-0.190338
1.77064	2.25673	10.6014	0.310139	-0.874073	2.89491
1.1743	2.4113	10.4762	-0.884509	-0.564422	0.48608
1.38226	3.49179	10.7583	-0.467909	-0.557862	-1.10688
0.896253	4.06942	2.00285	-1.44153	0.599302	0.775342
2.05975	4.00575	2.99521	0.889312	0.471765	0.605349
1.3985	3.65186	3.86679	-0.435386	-0.237197	0.193377
1.85878	3.79517	5.19807	0.486702	0.0499072	0.702328
2.32781	3.33938	5.71848	1.42633	-0.863197	-0.41313
2.46787	4.2063	7.06942	1.70691	0.873525	0.135243
1.23691	3.00698	8.14253	-0.75907	-1.52908	0.127002
2.19938	3.73058	9.5948	1.16904	-0.0795049	0.878357
1.90197	4.7281	10.6902	0.573238	1.91885	0.914811
1.00113	4.73372	0.908235	-1.23142	-0.227897	0.740485
1.58332	4.2422	0.653482	-0.065132	-1.21256	-1.92787
2.06996	4.70862	2.54614	0.909758	-0.27817	-0.294288
1.5569	5.58911	3.28695	-0.118037	1.48571	-0.968209
2.16499	4.31388	4.03559	1.10015	-1.06895	-1.62648
1.71052	4.63915	5.893	0.189701	-0.417341	-0.0635104
1.4818	4.86758	6.78874	-0.268488	0.0402754	-0.427055
1.14237	4.63694	7.4374	-0.948471	-0.421773	-1.28559
1.86656	3.99548	9.54766	0.502296	-1.70682	0.78393
1.31644	4.49697	9.88478	-0.599752	-0.702173	-0.698719
2.2677	4.72096	10.6389	1.30589	-2.41146	-1.34599
1.66948	6.67472	2.09826	0.107493	1.50253	0.966468
1.90747	5.95337	1.96061	0.584246	0.0574369	-1.46728
1.53029	6.01778	4.24472	-0.171362	0.186467	0.95049
1.55153	6.27318	5.22995	-0.128812	0.698107	0.7662
1.23807	6.40452	5.45671	-0.756767	0.961235	-0.937524
1.72524	5.19337	7.18762	0.219195	-1.46508	0.372037
1.9533	6.91003	8.31229	0.676069	1.97393	0.467088
1.6208	5.04989	9.39688	0.00996303	-1.7525	0.481858
2.35537	6.16811	9.40099	1.48154	0.487639	-1.66791
1.35981	7.29232	0.0677895	-0.512872	0.581765	-0.943198
0.958928	6.26139	2.1577	-1.31596	-1.48352	1.08554
1.39636	7.4029	2.25328	-0.439642	0.803289	-0.880991
1.19875	7.07518	3.48469	-0.835528	0.146756	-0.572077
1.92164	7.37162	4.31905	0.612645	0.740638	-1.05861
1.58409	7.75295	6.0498	-0.0635722	1.50455	0.250625
1.59772	7.25139	6.81168	-0.0362648	0.499766	-0.3811
1.02853	7.09667	8.40422	-1.17654	0.18983	0.651258
1.34789	5.8875	8.85675	-0.536752	-2.23251	-0.600179
1.97076	7.15449	10.1557	0.71104	0.305658	-0.156074
2.45417	8.6028	0.928397	1.67947	1.04908	0.780865
1.79519	7.85763	2.5037	0.359319	-0.443733	1.77868
1.89477	8.16487	3.26464	0.558831	0.171759	1.14507
1.35821	7.7975	3.59843	-0.516082	-0.564201	-0.344223
1.78344	8.1179	4.64871	0.335797	0.0776675	-0.3982
1.49052	7.82628	5.65681	-0.251023	-0.506551	-0.536669
1.70324	7.85058	6.51066	0.175118	-0.457856	-0.984124
2.18374	8.66835	8.08946	1.1377	1.18039	0.0206843
1.75683	9.01718	9.79399	0.282466	1.87921	1.2774
1.65834	9.09109	10.3641	0.0851723	2.02728	0.261546
1.60253	8.83096	1.06907	-0.0266296	-0.651846	1.06267
10.7238	10.1937	1.46863	-3.33395	2.07818	-0.294883
1.45107	9.33417	1.72085	-0.330049	0.356233	-1.9476
1.19173	9.61336	4.13552	-0.849603	0.915546	0.73173
1.51273	9.65303	5.28782	-0.206526	0.995023	0.882152
2.29791	8.51665	5.64631	1.36644	-1.28152	-0.557695
1.74832	8.98179	6.75542	0.265433	-0.349684	-0.493809
1.70218	9.23952	8.1485	0.172984	0.166633	0.138968
1.55968	8.85262	8.95318	-0.112488	-0.608454	-0.407006
1.55546	9.7325	10.6291	-0.120926	1.15422	0.792346
1.90861	10.1983	0.809098	0.586552	-0.070638	0.541876
1.08677	9.97222	1.83273	-1.05986	-0.523547	0.434528
1.32103	10.6112	3.13609	-0.590573	0.75653	0.88755
2.59703	0.118599	2.75239	1.96565	1.3166	-2.03912
1.33441	10.5498	5.25528	-0.563763	0.633568	0.816946
1.34572	10.5458	6.65717	-0.541108	0.625601	1.46737
2.28826	0.440823	7.81645	1.3471	1.9621	1.63178
2.0847	9.79714	9.07735	0.939314	-0.874292	1.99976
0.806812	0.204695	8.79765	-1.6207	1.48907	-0.718573
1.26623	10.3792	10.1128	-0.700353	0.291696	-0.241846
2.43896	0.861215	1.40352	-0.509013	0.646277	1.73268
2.33051	0.391094	2.33987	-0.726276	-0.295515	1.45048
2.74892	1.01863	3.33703	0.111932	0.961634	1.2901
2.91159	0.524035	4.4818	0.437808	-0.0291981	1.42544
2.76527	0.546563	4.69644	0.144686	0.0159307	-0.302564
1.54202	0.532537	5.52352	-2.30584	-0.0121623	-0.803691
2.88303	0.767891	7.0504	0.380602	0.45932	0.0971357
2.2786	0.399245	8.42921	-0.830251	-0.279189	0.701329
1.81416	0.863841	8.85606	-1.76067	0.65154	-0.601574
2.5598	1.03765	9.92218	-0.266932	0.999723	-0.6238
2.776	1.27709	0.803522	0.166181	-0.678595	0.5307
3.70582	1.33908	1.30332	2.0289	-0.554422	-0.62605
2.74894	1.08929	3.45922	0.111965	-1.05481	1.53489
2.50353	1.7727	4.24005	-0.379663	0.314264	0.941137
2.61114	2.13897	4.58951	-0.164082	1.04802	-0.516791
2.36274	2.06131	5.11335	-0.661714	0.892435	-1.62539
2.66818	1.65159	7.59959	-0.0498059	0.0716322	1.19734
3.10341	1.70572	7.87832	0.822083	0.180073	-0.402275
2.51982	1.73008	9.09552	-0.347028	0.228885	-0.121861
2.73664	1.32268	0.25799	0.0873253	-0.58727	1.59584
3.88586	2.80969	0.772499	2.38956	0.233685	0.468554
3.15647	2.73489	1.1326	0.928368	0.083823	-0.968056
2.576	2.77203	2.75645	-0.234485	0.158243	0.127029
2.00566	2.63593	3.75357	-1.37705	-0.114412	-0.0334454
2.54107	3.33541	5.33868	-0.304455	1.28686	0.984023
3.92302	2.88818	7.00711	2.46402	0.390915	2.16843
3.11774	2.18108	7.57958	0.850788	-1.02562	1.15724
2.85985	1.94938	7.46927	0.334167	-1.48979	-1.22175
3.24968	2.11477	8.6865	1.11511	-1.15847	-0.941259
2.61454	2.76715	0.041808	-0.157277	0.148454	1.16275
3.52368	4.82878	0.495062	1.664	2.12054	-0.0872379
2.76237	4.30388	1.1438	0.138864	1.06901	-0.945608
3.4968	4.2601	1.9445	1.61016	0.981308	-1.49955
3.36787	2.80419	3.81219	1.35187	-1.93534	0.0839908
3.00317	4.19813	4.10848	0.621264	0.857158	-1.48045
1.86896	3.15709	5.97808	-1.6509	-1.22837	0.106931
3.09216	4.27394	7.0962	0.799545	1.00904	0.188879
3.18022	3.53712	8.71824	0.975952	-0.467051	1.28034
2.60213	3.42234	8.8974	-0.182133	-0.696991	-0.518754
3.06893	2.76193	10.2028	0.753019	-2.02001	-0.0617317
3.30249	5.51813	0.37355	1.2209	1.34352	-0.330661
3.5422	5.41219	1.01921	1.70112	1.1313	-1.1952
2.85449	4.95254	2.78233	0.323411	0.210471	0.178871
2.77416	5.14289	3.63772	0.162501	0.591806	-0.265518
2.78785	4.1424	4.81292	0.189913	-1.41248	-0.0692318
1.62267	4.67322	5.52229	-2.1443	-0.349083	-0.806154
1.28373	4.81316	6.95955	-2.8233	-0.0687383	-0.084878
2.65383	4.788	7.8507	-0.0785637	-0.119159	-0.457612
2.9094	4.60853	9.03726	0.433415	-0.478686	-0.238582
2.78798	3.82427	0.760862	0.190181	-2.0498	2.60325
2.50517	5.931	0.841659	-0.376379	0.0126296	0.60711
2.49735	5.66235	1.69767	-0.392044	-0.525553	0.163965
2.78178	6.33639	2.86195	0.17776	0.824755	0.338374
2.7598	7.24052	3.41599	0.13374	2.636	-0.709724
1.67493	6.16938	5.25676	-2.0396	0.490178	0.819916
3.54753	5.48222	5.57951	1.71181	-0.886406	-0.691524
2.93552	6.42036	7.0027	0.48575	0.99297	0.00156943
3.28387	5.90897	8.3293	1.18361	-0.0314988	0.501159
2.41799	5.91084	8.87745	-0.551026	-0.0277622	-0.558709
1.76988	6.20618	0.482844	-1.84938	0.563899	2.04629
2.23174	7.0942	0.99884	-0.924148	0.184867	0.921983
2.55119	7.57513	0.864119	-0.284185	1.14833	-1.50591
2.76979	7.03383	2.88004	0.15375	0.0639347	0.374627
2.71154	6.94769	3.96719	0.0370598	-0.108639	0.394511
1.45403	7.28486	6.2277	-2.48212	0.566829	2.76502
2.09024	7.87388	6.3299	-1.2076	1.74682	0.811741
2.76741	7.46329	7.41185	0.148989	0.924287	0.821231
2.74263	7.95803	8.74617	0.099338	1.91539	1.33629
2.44788	6.97896	8.32225	-0.491135	-0.045989	-1.67095
2.57903	6.99972	10.0911	-0.228415	-0.00439349	-0.285428
3.3173	8.43553	0.0423957	1.25058	0.713983	-0.994068
2.54496	7.80011	1.81072	-0.296657	-0.558961	0.390439
2.64844	8.0561	2.72167	-0.0893532	-0.0461363	0.0573524
2.41583	8.72207	4.18501	-0.555328	1.28801	0.83087
1.65293	7.94787	4.07533	-2.08367	-0.262969	-1.54685
2.79461	8.10543	6.16157	0.203471	0.0526913	0.474527
2.76008	8.37748	6.6966	0.134295	0.597695	-0.611643
3.01448	8.23206	8.05225	0.643935	0.306376	-0.0538443
2.37445	8.40852	8.84599	-0.638247	0.659879	-0.621734
3.41043	8.42259	0.136499	1.43715	0.688056	1.35246
3.07869	9.54514	0.521659	0.772568	0.778887	-0.033961
2.79877	8.96148	1.95049	0.2118	-0.39037	0.67043
2.52333	8.78901	1.42923	-0.340001	-0.735885	-2.53183
3.56026	9.70551	3.40849	1.7373	1.10015	-0.724742
2.36607	8.06559	5.75168	-0.65502	-2.18513	1.81141
3.2296	8.82201	5.72927	1.07491	-0.669767	-0.391494
2.53209	9.49043	6.73212	-0.322436	0.669276	-0.540471
2.54868	8.47119	8.23111	-0.289199	-1.37257	0.30445
2.46647	9.61978	9.15862	-0.453891	0.928422	0.00454901
1.82184	9.23021	9.87308	-1.74529	0.147979	-0.722171
1.91831	9.59637	0.0366656	-1.55204	-1.27649	-1.00554
3.18532	0.190423	1.25689	0.98618	1.46048	-0.719067
3.26248	0.72619	2.56242	1.14076	2.53379	-0.261678
3.66302	10.3894	4.27846	1.94316	0.312101	1.01809
1.36973	9.40441	4.8035	-2.65101	-1.66104	-0.0881066
3.06659	10.3485	5.78722	0.748341	0.230306	-0.275395
2.92703	0.0849259	7.02844	0.468758	1.24913	0.0531402
3.23194	10.4697	8.42563	1.07959	0.473083	0.694143
3.22273	9.68964	8.55368	1.06114	-1.08965	-1.20733
2.94336	9.70797	10.0451	0.50146	-1.05292	-0.377476
4.46339	1.28407	0.43876	1.38855	1.49337	-0.200034
3.97367	1.61417	2.14544	0.407471	2.15468	1.06097
4.11979	0.281246	2.31491	0.700209	-0.51558	-0.757528
4.15303	0.179498	3.26581	0.766808	-0.719421	-1.01057
3.92054	1.2726	5.41029	0.301045	1.47039	1.1275
3.84939	1.02156	7.12577	0.158514	0.967499	2.40614
3.49409	1.16084	7.09873	-0.553257	1.24651	0.193959
3.47787	0.576855	7.88427	-0.585755	0.0766124	-0.390361
3.25302	0.275088	8.72119	-1.03619	-0.527914	-0.871756
3.52841	0.464461	10.089	-0.484512	-0.148551	-0.289556
3.996	2.0436	10.7317	0.452217	0.856957	-1.16014
4.07945	1.93304	1.14496	0.619386	0.635462	-0.943294
4.11457	1.75174	2.16574	0.689742	0.272275	-1.05635
3.92272	2.2593	4.25272	0.305402	1.28908	0.966523
4.36609	1.27212	4.55179	1.19363	-0.688552	-0.592342
3.79848	1.65087	5.67718	0.0565259	0.0702028	-0.49584
3.87288	2.77095	6.38422	0.205563	2.31407	-1.23744
3.91278	0.941468	7.95436	0.285515	-1.35096	-0.249944
4.05403	1.87963	9.79693	0.568491	0.528462	1.28328
4.30004	1.50501	9.78451	1.06132	-0.222016	-0.899609
3.77347	2.31276	0.376754	0.00642522	-0.761845	-0.324256
3.28187	3.51148	0.62557	-0.978424	1.63958	-1.98379
4.00606	2.72634	2.42872	0.472362	0.0666992	-0.529527
3.74773	2.1382	4.03986	-0.0451532	-1.11153	0.540097
3.75523	2.62692	4.95877	-0.0301243	-0.132472	0.222952
4.42733	2.98599	5.41026	1.31629	0.586853	-1.03056
3.79548	3.2287	6.78105	0.0505162	1.07309	-0.442451
3.74545	2.48741	8.48356	-0.0497148	-0.411969	0.810204
4.21553	2.51376	9.75708	0.892006	-0.359179	1.20345
3.88881	2.37863	0.371296	0.237478	-0.629873	1.82281
4.15505	3.79783	0.912666	0.770848	0.0552215	0.749353
3.11794	3.29168	1.45128	-1.30683	-0.958743	-0.329622
3.66818	3.77446	2.85157	-0.204525	0.00842289	0.317578
4.34301	4.10536	4.4845	1.14738	0.671326	1.43084
4.92982	3.52753	5.27343	2.32296	-0.486247	0.853326
4.02021	3.99087	6.28509	0.500715	0.44197	0.721983
3.70227	3.83891	7.26277	-0.136209	0.137531	0.522576
3.37678	4.56628	8.44388	-0.788277	1.59468	0.730705
4.21511	3.59958	8.27929	0.891161	-0.34193	-1.75702
4.65791	3.79235	0.380272	1.77824	0.0442526	1.8408
3.81827	4.17773	1.33523	0.0961614	-1.34171	1.59589
3.66315	4.35359	1.41874	-0.214595	-0.989414	-0.394818
4.68719	3.95514	2.45842	1.83688	-1.78762	-0.470014
4.2948	4.85157	4.2138	1.0508	0.00821784	0.888541
3.81198	4.01499	5.12293	0.0835786	-1.66771	0.551817
2.91517	4.47247	6.43255	-1.71301	-0.751244	1.01738
2.17322	4.96582	5.7574	-3.19937	0.237074	-2.49315
3.81429	4.73211	7.14304	0.0882094	-0.231111	-1.87529
4.23259	5.15551	9.07795	0.92618	0.617089	-0.157066
3.98321	5.04708	10.3745	0.426606	0.399854	0.282415
3.33959	5.81819	1.18917	-0.862777	-0.213364	1.30328
4.07502	6.27193	1.35958	0.610516	0.69561	-0.513333
4.29626	5.38702	3.07791	1.05373	-1.07713	0.771031
3.88019	5.41154	3.03639	0.220207	-1.02801	-1.47017
4.4538	6.06226	5.81918	1.36934	0.27559	1.94663
3.60408	5.60131	6.49598	-0.332905	-0.647846	1.14447
4.53925	6.60414	7.14246	1.54052	1.36115	0.281557
4.73379	6.08248	9.22766	1.93025	0.316084	2.30086
3.72481	6.70599	8.59511	-0.0910536	1.56517	-1.12433
3.37389	5.6891	9.21171	-0.794057	-0.47197	-2.04711
2.9316	6.4521	0.486633	-1.6801	-1.10145	-0.104121
3.86587	7.02214	1.82396	0.191524	0.0405153	0.416959
3.93723	6.55599	3.36769	0.334475	-0.89333	1.35155
3.4351	7.45022	4.28149	-0.671436	0.898099	1.02415
4.03812	6.68127	4.92761	0.536598	-0.642346	0.160524
4.21975	7.63737	6.2628	0.90047	1.27302	0.677318
3.80215	5.88541	7.38314	0.063896	-2.2367	0.763704
2.84827	7.89575	8.16309	-1.84703	1.79063	0.16819
3.73193	6.93407	9.86308	-0.0767915	-0.135901	1.4158
3.97248	6.86701	0.30545	0.405103	-0.270251	1.69091
3.70329	7.90238	0.666315	-0.134169	-0.354073	0.255835
4.43116	8.71487	1.47082	1.32398	1.27359	-0.290494
4.13584	8.47436	2.53514	0.73236	0.791768	-0.316313
3.18736	8.54675	3.58866	-1.16773	0.936799	-0.363805
3.2616	8.04948	4.41919	-1.01901	-0.0593951	-0.857985
3.53493	7.48757	5.79516	-0.471425	-1.18507	-0.259508
3.53616	7.65357	7.3392	-0.468972	-0.852527	0.675672
3.08569	7.35153	8.44839	-1.37141	-1.45761	0.739734
3.58028	8.0442	9.19921	-0.380597	-0.0699776	0.085858
4.76996	8.6426	9.77372	2.00271	1.12883	-0.921229
3.40336	8.74313	0.100281	-0.735032	-0.827801	-0.87811
3.65021	8.7963	2.35449	-0.2405	-0.721288	1.47977
3.94643	8.99215	2.66187	0.35291	-0.328943	-0.0624483
3.65893	9.32462	3.26979	-0.223036	0.337099	-1.00259
3.93969	9.29813	4.09997	0.339429	0.28403	-1.49749
3.55825	9.70686	5.42555	-0.424717	1.10285	-0.999931
2.86772	8.76307	7.35815	-1.80805	-0.787851	0.71366
3.83105	8.52963	8.11294	0.1218	-1.25549	0.0677182
3.5698	9.43637	7.99878	-0.401578	0.560979	-2.31896
3.65848	8.76545	10.214	-0.223927	-0.783075	-0.0392773
4.25646	9.17166	0.409522	0.973988	-2.12731	-0.258606
3.77274	9.88101	2.19342	0.00495585	-0.706278	1.15709
3.49244	10.0957	2.46739	-0.556561	-0.276121	-0.452062
3.09241	0.318055	3.59345	-1.35795	1.71616	-0.354212
4.52579	9.56007	4.4781	1.51356	-1.34923	-0.739958
3.02608	10.0328	5.34682	-1.49081	-0.402146	-1.15766
4.71765	10.6988	7.9634	1.89792	0.932106	1.92616
4.32756	10.1597	8.90564	1.11645	-0.147898	1.65576
3.9284	10.0254	8.74784	0.316805	-0.417094	-0.818364
3.8475	10.1578	10.6129	0.154727	-0.15172	0.760017
4.68556	0.529467	10.7718	-0.324366	-0.0183195	-1.07981
5.09397	0.45226	0.896583	0.493804	-0.172988	-1.44088
5.5253	0.495805	3.2536	1.35788	-0.085752	1.12297
4.74376	1.70146	3.6328	-0.207784	2.32955	-0.275375
4.99802	10.698	5.44312	0.301579	-1.2277	1.19328
4.34115	1.66875	5.1911	-1.01434	2.26402	-1.46961
4.67407	0.533939	7.28086	-0.347399	-0.00936579	0.558812
4.79219	10.6113	7.49662	-0.110746	-1.40138	-1.16695
5.19036	0.185875	9.76793	0.686904	-0.706641	1.22518
4.68507	10.4976	10.1714	-0.325357	-1.62915	-0.124557
4.73281	1.02523	0.734972	-0.229703	-1.18315	0.39337
5.43448	1.74105	2.03629	1.17596	0.250854	0.842323
4.07558	1.44585	2.63645	-1.54637	-0.340512	-0.113375
4.62695	1.10699	3.7724	-0.441791	-1.01938	0.00428962
5.87211	1.32955	4.51737	2.05267	-0.573527	-0.661308
4.13552	2.78715	5.76642	-1.42628	2.34652	-0.317078
4.79706	2.17213	6.96452	-0.101003	1.11444	-0.0749047
5.51075	1.94349	8.25476	1.32873	0.656386	0.351842
4.59024	2.16242	7.90036	-0.515329	1.09498	-2.51613
4.75816	2.0844	9.99579	-0.178929	0.938673	-0.476344
4.18532	2.58129	0.306832	-1.32652	-0.223881	-0.46433
5.6091	2.57911	1.86397	1.52577	-0.228244	0.497096
4.95177	3.5441	2.63481	0.208915	1.70493	-0.116651
5.17034	3.29779	3.41786	0.646793	1.2115	-0.705977
5.74183	2.55383	4.48782	1.79167	-0.278894	-0.720494
5.40269	2.27776	5.64499	1.11225	-0.831958	-0.560329
5.39245	3.53132	7.8385	1.09176	1.67933	1.67594
4.90573	1.99295	8.50921	0.116702	-1.40252	0.86159
5.08622	2.96744	8.1535	0.478274	0.54969	-2.00902
4.88644	3.49098	9.65611	0.0780683	1.59851	-1.15682
4.57921	2.99828	0.320724	-0.537427	-1.54652	-0.436493
4.85964	4.66706	1.62341	0.0243541	1.79657	0.0152016
5.47349	4.15214	2.35273	1.25411	0.765029	-0.681754
4.99193	4.1626	3.95371	0.289382	0.785984	0.367516
4.84546	2.81299	4.81865	-0.00404388	-1.91771	-0.0577467
5.69895	4.27901	6.16213	1.70577	1.0192	0.475667
4.15077	4.32339	6.38518	-1.39573	1.10811	-1.23551
5.06631	3.55505	8.44376	0.438392	-0.431136	0.730472
4.48028	3.61506	9.59701	-0.735626	-0.310928	0.882793
3.79867	3.91101	10.2683	-2.1011	0.281967	0.0694815
5.54298	4.94395	1.17187	1.3933	0.193271	1.26862
5.43199	4.90854	1.03989	1.17096	0.122319	-1.15379
5.12125	5.18086	2.47093	0.54844	0.667872	-0.444958
5.34853	4.86396	3.45146	1.00376	0.0330311	-0.638644
5.08681	5.62754	4.64361	0.479449	1.56272	-0.408414
4.19981	4.61967	6.2284	-1.29748	-0.456353	0.608405
4.91096	4.64706	6.84972	0.127169	-0.401497	-0.304897
4.59123	4.10809	8.74029	-0.513354	-1.48122	1.32451
4.15758	4.50457	9.318	-1.38209	-0.686944	0.323843
5.09269	4.72763	10.3862	0.491243	-0.240098	0.305752
5.52079	6.01736	0.0811388	1.34884	0.18564	-0.91646
3.59955	5.50294	1.33115	-2.50001	-0.844903	-0.570293
4.9268	5.97839	2.80308	0.158901	0.107571	0.220452
4.86678	6.18403	3.26681	0.0386586	0.519533	-1.00856
4.37711	5.44915	5.14069	-0.942295	-0.952656	0.587393
4.67067	6.19279	6.16854	-0.354206	0.537089	0.488496
4.1496	5.20892	6.24676	-1.39807	-1.43392	-1.51281
5.53099	6.07634	8.73068	1.36929	0.303798	1.30525
4.24779	5.07774	8.79831	-1.20136	-1.69671	-0.717264
5.7909	4.9797	9.96532	1.88997	-1.89311	-0.537396
5.31169	7.3045	1.27036	0.929957	0.606168	1.46593
4.89668	7.25374	2.38454	0.0985646	0.504474	1.53998
4.92098	6.75458	2.57222	0.147244	-0.495473	-0.24203
4.95685	7.08338	3.92877	0.219092	0.163201	0.317556
5.11596	6.85834	5.09467	0.537849	-0.287615	0.495219
4.56038	7.86936	4.82187	-0.575147	1.73777	-2.20929
4.84753	6.90257	7.72368	0.00011277	-0.199009	1.44592
4.12356	7.16351	8.56467	-1.45023	0.32374	0.972683
4.16067	6.96598	9.02826	-1.3759	-0.0719761	-0.256611
4.50832	7.34914	10.7405	-0.679452	0.695605	1.01558
4.72772	7.66476	0.261962	-0.239928	-0.830113	-0.554211
4.61348	7.68736	1.47261	-0.468797	-0.784835	-0.286901
4.86651	8.24355	2.49569	0.0381214	0.329389	-0.395347
4.66883	7.73615	3.94438	-0.357883	-0.687112	0.348827
4.7925	8.19349	5.41099	-0.110141	0.229106	1.1289
5.30689	8.13828	5.81102	0.920352	0.118492	-0.227724
5.16833	7.87785	6.32737	0.642779	-0.403216	-1.35132
4.36254	6.99961	8.705	-0.971471	-2.16261	1.25381
3.89957	7.84377	8.31799	-1.89896	-0.471491	-1.67949
4.83777	7.82628	9.63112	-0.0194556	-0.506521	-1.20689
4.55069	9.29014	0.349468	-0.59456	0.268051	-0.378917
5.42111	8.59839	1.86201	1.14915	-1.11775	0.493183
4.77128	9.9874	1.79592	-0.152651	1.66487	-1.79723
4.62757	9.7531	3.73787	-0.440553	1.19548	-0.0648882
5.52022	9.05843	4.79892	1.34771	-0.196165	-0.0972539
5.34049	9.5527	5.654	0.987654	0.794017	-0.542284
3.98872	8.96549	6.72337	-1.72034	-0.382343	-0.558011
5.44054	9.21089	7.69825	1.18809	0.109278	-0.763033
5.41358	9.10176	7.67091	1.13409	-0.109355	-2.97581
5.35159	8.18361	0.31549	1.00988	-1.94869	1.71102
4.02418	0.426661	10.6335	-1.64934	1.93373	-1.35674
4.85115	10.2598	1.64476	0.00734579	0.0525787	0.0579472
4.44559	9.5387	2.07442	-0.805117	-1.39203	-1.2393
4.78664	9.67387	4.40528	-0.121879	-1.12125	1.27216
4.40943	9.59923	4.43321	-0.877565	-1.27077	-0.829893
4.32248	9.93298	6.82182	-1.05174	-0.602161	1.79722
5.14754	10.6561	6.63218	0.601126	0.84646	-0.74069
4.36827	9.99299	7.48936	-0.959994	-0.481946	-1.18149
5.07021	9.7546	9.07109	0.446204	-0.959499	-0.170807
4.05973	9.85587	10.3621	-1.57812	-0.756624	0.257403
5.99042	1.24934	0.314275	0.131673	1.42381	-0.44942
5.45963	10.5635	1.38528	-0.931681	-1.49706	-0.461859
5.56005	10.554	2.87619	-0.730494	-1.51609	0.366893
6.41347	0.349729	4.24893	0.979172	-0.378392	0.958931
6.00467	0.417468	4.28405	0.160204	-0.242692	-1.12872
6.58784	0.318219	5.36436	1.32849	-0.441523	-1.12251
5.48935	0.463908	7.21385	-0.872139	-0.149666	0.424575
5.32517	1.24621	7.83391	-1.20104	1.41754	-0.491245
5.2799	0.701199	9.71687	-1.29174	0.325713	1.1229
5.84765	0.345305	9.89941	-0.154353	-0.387245	-0.669425
5.65828	2.42781	0.828939	-0.533709	1.62666	0.58161
5.94319	1.66392	2.38072	0.037069	0.0963295	1.53232
5.38136	1.39652	2.66866	-1.08847	-0.439339	-0.0488472
6.0628	2.07081	3.42127	0.276681	0.911457	-0.699141
5.5241	2.23745	4.20199	-0.802511	1.2453	-1.2931
6.60772	1.82633	6.15817	1.3683	0.421696	0.467734
5.8805	1.98956	6.79782	-0.0885518	0.748679	-0.408862
5.98615	0.77498	7.94047	0.123113	-1.68449	-0.277781
5.63912	1.30774	9.66791	-0.572091	-0.617193	1.02482
6.17685	1.30175	10.4942	0.505151	-0.629207	0.522058
6.1321	3.04625	1.0575	0.415503	0.707578	1.03949
5.51652	2.42591	1.30493	-0.81769	-0.535154	-0.622829
7.07418	2.34682	2.78736	2.3028	-0.693607	0.18894
4.57307	1.84781	3.93741	-2.70774	-1.69327	0.334859
5.80144	2.12644	5.37752	-0.246927	-1.13508	1.06185
6.05368	2.88132	5.5021	0.258392	0.377181	-0.846575
5.39654	2.71202	7.58656	-1.05806	0.0380128	1.17125
6.5789	3.16678	7.83434	1.31058	0.949048	-0.490385
5.63122	1.81795	8.8423	-0.587918	-1.7531	-0.629135
6.0936	2.98592	10.3268	0.338377	0.58672	0.186765
5.80434	4.11863	0.280629	-0.241099	0.697883	-0.516824
5.96192	4.58512	1.49067	0.074583	1.63242	-0.250717
5.70374	3.18007	2.51357	-0.442634	-1.18234	-0.359537
5.4027	3.56538	3.94582	-1.04571	-0.410423	0.351692
6.38316	4.06874	3.89115	0.918455	0.597965	-1.91583
5.92253	2.51142	4.71766	-0.00433711	-2.52186	-2.41807
5.01956	3.66599	7.14685	-1.81326	-0.208885	0.290357
4.99401	2.94625	7.72381	-1.86445	-1.65076	-0.711827
6.04923	3.98688	8.55201	0.24949	0.433957	-1.21067
6.66259	3.46728	10.2883	1.47823	-0.60697	0.109686
5.16728	5.20826	0.74328	-1.51734	0.722751	0.410009
6.00276	5.45242	1.16635	0.156384	1.21189	-0.900439
6.17052	5.2388	2.8345	0.492464	0.783932	0.283404
5.7861	4.64472	3.57633	-0.277637	-0.406179	-0.388482
5.69209	3.99216	5.02242	-0.465975	-1.71346	0.350466
5.99961	3.85958	5.52248	0.150087	-1.97906	-0.805747
5.4591	5.52455	8.25918	-0.932728	1.3564	2.51869
5.22952	3.54961	7.98335	-1.39265	-2.60004	-0.191885
6.23651	5.68113	9.35742	0.624654	1.67006	0.402799
6.18372	5.22266	9.30731	0.518915	0.751613	-1.8556
6.34608	6.89588	0.199263	0.844166	1.94558	-0.679821
5.39036	6.08573	1.84964	-1.07045	0.322611	0.468411
6.43821	5.27575	3.47833	1.02874	-1.30004	1.57319
5.72752	5.89992	3.89762	-0.395007	-0.0496296	0.25515
5.28638	6.42178	4.58496	-1.27875	0.995822	-0.525901
6.33633	5.99811	5.77638	0.824651	0.147081	-0.297121
5.18404	5.34716	6.6073	-1.48375	-1.15697	-0.790532
6.69313	6.72079	8.12126	1.53942	1.59484	0.0843865
5.84598	5.26079	9.06787	-0.157694	-1.33002	-0.177258
5.85504	5.91101	0.197001	-0.139558	-0.0274313	1.47365
5.89446	7.3031	10.7506	-0.0605711	0.603383	-1.12215
6.13144	7.27873	1.68148	0.414152	0.554549	0.131542
5.38926	6.79195	2.43682	-1.07266	-0.420619	-0.513275
5.63811	6.61514	4.19234	-0.574129	-0.774814	0.845569
5.17118	6.53787	6.01928	-1.50952	-0.929609	2.34749
5.95743	7.07	6.32559	0.0655886	0.136408	0.803112
5.49924	6.08532	7.13595	-0.852315	-1.83621	0.268522
5.80734	6.41022	7.9308	-0.235079	-1.18534	-0.297167
5.33839	7.04129	9.09099	-1.17455	0.0788865	-0.130946
6.1653	6.83217	10.6314	0.482007	-0.340052	0.797012
6.5169	7.66999	0.882309	1.18636	-0.819625	0.688534
5.27179	7.78345	1.04372	-1.30798	-0.59234	-1.1461
6.17493	8.12422	2.539	0.501292	0.0903342	-0.308572
5.66541	9.08099	3.16003	-0.519437	2.00703	-1.22248
5.22033	7.32084	5.06783	-1.41106	-1.51909	0.44144
5.8733	8.04325	6.43807	-0.102953	-0.0718883	1.02846
6.68128	7.87517	7.0344	1.51568	-0.408598	0.0650768
5.72052	7.81589	8.68813	-0.409028	-0.527344	1.21999
5.84012	8.37993	8.86615	-0.169442	0.602598	-0.581367
5.759	8.05831	10.1494	-0.331953	-0.0416949	-0.168586
6.89804	9.16476	0.798695	1.94991	0.0168616	0.521028
6.27898	9.21926	1.54988	0.709725	0.126051	-0.132122
6.14253	10.2237	2.74292	0.436393	2.1382	0.0999121
5.89679	9.58774	3.76635	-0.0559096	0.86422	-0.00781844
5.87706	9.29323	4.69837	-0.0954277	0.274219	-0.298705
6.38729	9.73545	5.55292	0.926723	1.16012	-0.744778
6.13288	9.76678	6.40751	0.417056	1.22288	-1.19077
5.94726	8.52144	8.30561	0.0452017	-1.27191	0.453687
6.3206	8.48295	9.49714	0.79312	-1.34901	0.682693
5.07181	8.08557	10.7562	-1.7086	-2.14508	1.04703
5.99737	10.3931	0.557089	0.145583	0.319536	0.0370124
7.6441	9.76748	1.628	3.4445	-0.933685	0.024383
6.86494	10.0571	1.57527	1.8836	-0.353478	-2.23925
5.97446	9.9778	4.06722	0.0996884	-0.512377	0.594912
5.76218	10.0709	4.32947	-0.325577	-0.325951	-1.03772
6.22206	10.1645	5.42187	0.595707	-0.138333	-1.0073
6.33415	9.64846	8.16639	0.820253	-1.17215	2.33282
6.75514	9.67865	7.91974	1.66363	-1.11166	-0.319317
6.47137	9.6998	9.89565	1.09516	-1.0693	1.48104
5.93546	9.22412	10.1105	0.0215526	-2.02223	-0.246542
7.08532	0.606786	0.635309	0.167085	0.136589	0.193713
6.79081	0.173177	1.15006	-0.422905	-0.732066	-0.933086
6.22108	1.1915	3.41868	-1.56424	1.30795	1.45368
6.90856	0.287612	3.28626	-0.187015	-0.502824	-0.969605
7.06893	0.773198	5.20562	0.134262	0.469942	0.717473
6.27724	0.48725	5.67919	-1.45175	-0.102905	-0.491808
8.08758	0.238429	7.48	2.17493	-0.601369	0.957763
7.38293	1.02169	8.42739	0.763287	0.967757	0.69768
6.77154	10.7593	9.83452	-0.461522	-1.10482	1.35858
6.33257	10.6431	9.64954	-1.34092	-1.33763	-1.16998
6.35422	2.24804	0.932892	-1.29752	1.26651	0.789859
7.12081	1.77166	1.19576	0.238206	0.312188	-0.841537
7.65877	2.5249	2.81071	1.3159	1.82116	0.235705
6.53245	0.641645	3.48061	-0.940472	-1.95159	-0.580266
6.40282	1.44485	5.9375	-1.20018	-0.342536	2.18366
7.3653	1.99481	5.54593	0.727984	0.759227	-0.758786
7.71237	1.57896	7.84352	1.42326	-0.0738542	1.68602
7.57505	1.28419	7.39086	1.14815	-0.664376	-1.3788
6.8982	2.34832	8.87504	-0.207784	1.46741	-0.563543
6.12516	1.69481	9.96394	-1.75642	0.158228	-0.540137
6.44865	3.53999	0.631065	-1.10835	1.69668	0.18521
6.58267	3.47488	1.68805	-0.839849	1.56626	0.144682
6.59895	2.48204	2.36985	-0.807232	-0.422721	-0.647463
7.13964	2.96627	3.8693	0.275937	0.547359	0.198391
6.60874	1.95965	4.99578	-0.787648	-1.46922	0.297103
7.35662	2.42767	5.26585	0.710594	-0.531622	-1.31987
6.6694	2.33824	6.64018	-0.666126	-0.710774	-0.724656
8.44844	3.28511	8.18548	2.89783	1.18609	0.213052
7.29683	2.09113	8.8352	0.590806	-1.20582	-0.643343
7.33609	2.97472	9.76891	0.669463	0.564288	-0.930835
6.65936	3.67524	0.0192614	-0.68622	-0.190365	-1.04042
6.90325	3.02448	1.65647	-0.197632	-1.49404	0.0814112
6.85428	2.99154	1.96095	-0.295742	-1.56004	-1.46662
7.98348	3.164	3.68797	1.9664	-1.21453	-0.164862
5.6287	3.96473	4.97089	-2.75098	0.389604	0.247224
7.53065	3.67915	5.11198	1.05922	-0.182516	-1.62812
7.43007	2.70982	6.52631	0.85772	-2.12438	-0.952781
7.45126	4.71254	6.81801	0.900184	1.88769	-2.52641
7.27091	3.72353	9.88477	0.538897	-0.0936164	1.45925
7.07452	3.90572	10.1298	0.145472	0.271365	-0.207953
7.6518	5.19324	1.06725	1.30193	0.692666	1.05903
7.10001	5.11519	2.53587	0.196518	0.536296	1.84315
6.83167	5.20497	2.60659	-0.341046	0.716155	-0.173175
7.53729	4.48152	3.81094	1.07254	-0.733135	0.0814975
7.06766	4.41461	5.37439	0.131709	-0.867161	1.05556
6.30122	5.30206	5.96717	-1.4037	0.91068	0.0851029
7.12032	4.23443	6.80164	0.237199	-1.2281	-0.401214
7.57398	4.37244	8.10817	1.14602	-0.951639	0.0581689
6.42271	4.11032	9.46055	-1.16033	-1.47677	0.609398
7.30589	5.01836	10.3775	0.608969	0.342319	0.28833
7.32419	6.09145	0.940059	0.64563	0.334045	0.804228
7.16002	5.39284	2.01845	0.316753	-1.06547	0.80659
7.33197	5.40288	1.62984	0.661218	-1.04538	-2.12991
6.65578	6.46796	3.8094	-0.693405	1.08833	0.0784364
6.22061	6.58837	5.66492	-1.56518	1.32955	1.6376
7.1448	5.54027	6.21332	0.286257	-0.770111	0.57821
7.72512	6.29833	6.53217	1.44881	0.748507	-0.941044
6.61714	4.75782	8.36996	-0.770827	-2.33761	0.582619
7.73758	6.22861	8.88388	1.47378	0.608835	-0.545854
7.92006	6.36142	9.41715	1.83934	0.874882	-1.63556
6.79464	7.1219	0.757783	-0.415227	0.240374	0.439067
7.28227	7.36795	1.94579	0.561633	0.733286	0.661025
6.75346	7.0788	2.25982	-0.497736	0.15402	-0.867871
7.10471	6.91504	3.86157	0.205923	-0.174033	0.18294
7.35237	6.40662	4.38616	0.702071	-1.19257	-0.924146
6.17374	5.94374	5.79283	-1.65907	-2.11984	-0.264163
7.5889	7.30882	7.07439	1.17592	0.614841	0.145185
6.76365	6.9933	8.81897	-0.477314	-0.0172586	1.4821
6.77555	6.56938	8.93643	-0.45347	-0.86651	-0.440595
5.96481	7.40437	10.1996	-2.07765	0.806257	-0.0680047
7.30167	8.07432	0.707832	0.600503	-0.00962666	0.339
7.04601	8.02415	2.05081	0.0883416	-0.11014	0.871411
7.20271	7.54244	3.31411	0.40226	-1.07516	1.24422
7.23666	8.33883	3.89269	0.470263	0.520255	0.245284
5.80739	8.69722	4.38916	-2.393	1.23823	-0.918133
7.50708	8.24649	5.34583	1.01201	0.335277	-1.15963
7.78973	7.98885	7.23513	1.57824	-0.180867	0.467201
6.89181	7.90135	7.81632	-0.220566	-0.356145	-0.526508
5.73731	8.43958	9.65966	-2.53339	0.722104	1.00827
6.8363	7.51334	10.2378	-0.331771	-1.13345	0.00846948
7.42292	9.06873	0.178638	0.843399	-0.175515	-0.721146
6.99336	9.50044	1.47012	-0.0171316	0.689341	-0.291885
7.25009	9.28521	2.66045	0.497168	0.258153	-0.0652782
6.8534	8.74017	3.5836	-0.297518	-0.833747	-0.373922
7.06239	9.63983	5.06421	0.121153	0.968567	0.434193
6.72232	8.86116	5.02379	-0.560119	-0.591355	-1.80479
7.36645	8.19672	6.57013	0.730274	-1.92244	-0.864999
6.98015	8.85462	8.08997	-0.0435965	-0.60445	0.0217027
6.70576	9.15808	8.96914	-0.593285	0.00348061	-0.375055
6.76456	8.70757	10.2355	-0.475506	-0.899022	0.00391112
7.25518	10.4854	10.2275	0.507363	0.504589	-2.17009
7.04204	9.48511	2.2522	0.0803813	-1.49936	1.27487
7.32396	10.0425	2.06042	0.645155	-0.382762	-1.26735
6.56327	0.274668	4.34407	-0.87874	1.62924	1.14953
7.43808	9.38591	5.47167	0.873779	-1.69813	1.25046
7.36034	9.80775	6.12692	0.718034	-0.853039	0.405136
6.81241	10.4041	7.05696	-0.379645	0.341598	0.110278
7.07977	0.734498	8.00187	0.155948	2.55042	-0.154778
7.28262	10.1849	9.21622	0.562333	-0.0974313	0.119928
7.29848	10.0105	10.0001	0.594113	-0.446949	-0.467771
7.53499	10.6965	1.25321	-1.09007	-1.23064	1.43156
7.91212	0.39001	1.73333	-0.334568	-0.297672	0.235403
6.87906	0.693436	3.19369	-2.4041	0.310172	1.00295
8.47041	0.82058	4.44013	0.783855	0.564877	1.34195
8.05828	1.19258	4.52119	-0.0417507	1.31011	-0.653668
7.63309	0.445566	4.96609	-0.893554	-0.186407	-1.92039
8.23156	0.0626804	6.29839	0.305349	-0.953449	-1.40938
8.38291	0.866276	7.74985	0.608549	0.65641	-0.659651
8.83547	1.57627	9.69467	1.51518	2.07876	1.07844
7.37375	10.2938	10.7226	-1.41311	-2.03722	0.97975
7.89364	1.6421	0.139778	-0.371596	0.0526241	-0.798977
7.74029	1.72847	1.788	-0.678786	0.225658	0.344921
7.74393	1.79517	2.50928	-0.6715	0.359288	-0.368148
7.60372	2.60818	3.05456	-0.952366	1.98799	-1.43378
7.64321	0.991137	5.39394	-0.873282	-1.25145	1.09474
8.52116	1.22563	6.70125	0.885531	-0.781691	1.55568
7.90437	2.84541	7.80209	-0.350101	2.46325	1.603
7.22867	1.66512	7.18793	-1.70375	0.0987383	-1.78534
8.08703	1.97404	9.19729	0.0158272	0.717614	0.0820438
7.82218	1.43662	9.78797	-0.514751	-0.359004	-0.892646
8.17564	2.63775	0.384818	0.193347	-0.110787	-0.308085
7.91918	2.56408	1.3558	-0.320409	-0.258352	-0.52091
8.43481	2.68878	2.56249	0.712552	-0.00855718	-0.261553
7.66977	3.03113	4.15754	-0.820068	0.677293	0.775839
8.37599	2.93827	4.57746	0.594709	0.491263	-0.540939
7.70695	2.89825	5.60757	-0.745592	0.411102	-0.635299
8.93159	2.82477	7.15507	1.70774	0.263905	0.306813
8.02108	2.1947	7.48517	-0.116304	-0.998329	-1.18988
7.37011	3.29366	8.80544	-1.42039	1.20322	-0.70298
8.17006	2.19481	9.30671	0.18216	-0.998122	-1.85676
7.5698	3.82519	1.03354	-1.02034	0.110025	0.991501
7.81183	4.33155	2.42827	-0.535463	1.12443	1.62758
8.07406	3.89679	2.38247	-0.0101345	0.253467	-0.622171
8.417	4.54704	3.47504	0.676869	1.55613	-0.591408
8.37097	3.22387	4.27564	0.584659	-1.09459	-1.14558
9.03803	4.80281	7.18234	1.92098	2.06854	2.51945
8.96312	4.08727	7.5161	1.7709	0.635088	1.03008
9.03763	4.11361	7.39922	1.92017	0.687859	-1.36207
7.37505	3.65067	9.63042	-1.41048	-0.239583	0.949718
8.31147	3.23992	9.90284	0.465456	-1.06243	-0.662533
7.87378	6.1646	0.759347	-0.411367	2.63858	0.44221
8.91801	5.50793	1.30914	1.68055	1.32307	-0.614385
7.69818	6.17329	2.94326	-0.763155	2.65601	0.501275
7.82487	4.33394	3.67898	-0.509357	-1.02878	-0.182857
7.85162	5.3589	4.54612	-0.455783	1.02454	-0.603698
9.11278	4.32748	6.24046	2.07072	-1.0417	0.632561
8.05648	4.02184	6.31426	-0.0453788	-1.654	-1.37759
7.20577	5.71732	7.30599	-1.74962	1.74257	-1.54885
7.01648	4.97168	9.56804	-2.12882	0.248804	0.824743
7.31635	5.19203	10.6364	-1.52808	0.69023	0.8069
7.4952	6.07751	0.914333	-1.16979	0.306128	0.752693
7.74047	5.70491	1.63653	-0.678432	-0.440323	0.0414785
7.97024	6.86763	2.75491	-0.218144	1.88898	0.123956
7.77304	7.29781	3.59049	-0.613186	2.75077	-0.360119
7.55544	5.61161	4.76789	-1.04912	-0.627195	-0.159419
7.61616	5.78945	6.71934	-0.927482	-0.270927	1.59192
8.31045	5.36889	6.38959	0.463407	-1.11345	-1.22668
8.58701	6.05945	8.10214	1.01744	0.269961	0.0460839
8.27462	7.61127	9.369	0.391619	3.37874	0.425983
8.03789	4.84278	10.0032	-0.0826056	-2.16742	-0.461479
7.55444	7.12438	0.101791	-1.05111	0.245336	-0.875091
8.18628	7.29341	2.14058	0.214658	0.583961	1.05126
8.29276	7.55844	2.88471	0.427973	1.11488	0.383986
7.90271	7.18895	3.82527	-0.353426	0.374679	0.110229
8.18848	6.84464	4.38081	0.219066	-0.315067	-0.93486
9.04551	7.58931	6.86153	1.93596	1.17674	1.87677
7.6041	7.42024	7.04785	-0.951646	0.838041	0.0920346
7.02971	6.36647	7.18988	-2.10232	-1.27298	-1.78146
8.58698	7.43757	9.2118	1.01738	0.872757	0.111058
7.88455	6.58776	9.80446	-0.38981	-0.829689	-0.859655
9.38101	8.61692	0.123574	2.60808	1.07738	-0.831451
7.83814	8.48557	1.47851	-0.482776	0.814225	-0.275089
7.67324	8.30596	2.56494	-0.81312	0.454413	-0.256615
8.86598	8.2574	4.18056	1.57631	0.357126	0.821965
8.54831	8.74485	5.20144	0.939902	1.33364	0.709102
8.05907	8.43827	6.05955	-0.0401995	0.719461	0.270163
7.59855	8.30274	7.41103	-0.962745	0.447951	0.819591
7.44454	8.01564	8.54114	-1.27128	-0.127198	0.925536
8.30792	8.07216	10.0097	0.458328	-0.0139554	1.70953
7.79029	8.10682	10.0619	-0.578631	0.0554677	-0.343819
8.00152	8.95552	1.00868	-0.155486	-0.402299	0.941702
8.32684	9.48511	2.31975	0.496239	0.658637	1.41018
7.59785	8.95279	2.71141	-0.964143	-0.407769	0.0368054
7.43909	8.93738	3.48379	-1.28221	-0.438664	-0.573875
8.13902	9.63946	5.12536	0.119978	0.967817	0.556698
8.1109	8.25063	6.80289	0.0636334	-1.81445	1.75931
7.78808	9.03082	6.62605	-0.583074	-0.251481	-0.752962
8.8374	8.81289	8.56887	1.51905	-0.688061	0.981095
8.50295	9.5641	10.1389	0.849049	0.816857	1.96845
8.31264	9.2703	9.92532	0.467795	0.228293	-0.617519
8.36114	9.66791	1.37148	0.564961	-1.13316	1.6685
8.52966	0.271596	1.06392	0.902562	1.62312	-1.10565
7.81822	8.67343	1.98587	-0.522674	-3.12543	-1.41669
7.96392	10.4568	3.47196	-0.230791	0.447289	-0.597582
8.23567	10.2109	4.88298	0.31361	-0.0454521	0.0711334
8.25733	10.0271	5.81095	0.356977	-0.413636	-0.227862
7.84024	9.08621	5.91053	-0.478572	-2.29851	-2.18637
8.22851	9.67179	9.09063	0.299246	-1.12542	2.02633
9.26741	9.55722	9.17233	2.38048	-1.35494	0.0320138
8.6698	10.594	9.72327	1.1833	0.722009	-1.02229
8.57524	0.225878	0.0596669	-1.16414	-0.626479	-0.95946
8.92673	0.0323	1.11051	-0.459986	-1.01427	-1.0123
8.92298	0.206207	3.13825	-0.467509	-0.665894	0.891888
9.65552	0.797965	4.34411	1.00001	0.519582	1.14959
8.67376	0.306969	4.44429	-0.96676	-0.464045	-0.807725
10.012	0.963818	5.46721	1.71411	0.851825	-0.916484
9.13638	0.83969	7.16416	-0.0400027	0.603146	0.325029
9.71123	10.7262	8.017	1.11159	-1.17117	-0.124474
9.01302	0.737372	8.05319	-0.287131	0.398179	-2.20997
8.41787	0.286282	8.77298	-1.47941	-0.505492	-2.926
9.53075	2.1879	0.662262	0.750048	1.14605	0.247731
9.05038	1.75406	1.02696	-0.212273	0.27693	-1.17968
8.48272	1.84351	2.68008	-1.34947	0.456131	-0.0259707
9.09181	1.15815	3.732	-0.129276	-0.916874	-0.0766519
8.46944	1.73315	4.98199	-1.37608	0.235019	0.269455
8.19769	2.09154	5.5987	-1.92049	0.953	-0.65308
8.95174	1.26922	6.70313	-0.409894	-0.694368	-0.598552
9.05385	2.07168	8.8166	-0.205351	0.913212	1.47739
9.4587	1.4084	9.57661	0.6057	-0.415537	0.841932
9.73623	2.03481	9.53727	1.16168	0.839364	-1.39488
8.95313	2.36044	0.424776	-0.407097	-0.666317	-0.228026
8.93824	2.10931	1.72805	-0.436937	-1.16939	0.224824
9.54276	2.71904	3.4703	0.774117	0.0520737	1.55707
9.79825	3.03375	3.50851	1.28594	0.68254	-0.524373
9.35813	1.77335	5.23405	0.404251	-1.84244	0.774398
9.4962	2.76245	6.12528	0.680836	0.139057	0.401817
8.56844	2.5505	6.59195	-1.17776	-0.28556	-0.821281
9.45854	1.64895	8.6883	0.605382	-2.09164	1.22037
8.78028	2.14073	8.83771	-0.753382	-1.10646	-0.63831
8.784	2.37094	10.1656	-0.745934	-0.645278	-0.136185
9.58943	3.88301	10.6837	0.867601	0.225855	-1.2562
8.4135	3.86916	1.61642	-1.48815	0.198124	0.00118417
9.70184	4.87411	3.19268	1.09279	2.21134	1.00093
9.44319	4.12677	4.11319	0.574645	0.714202	0.686995
9.11318	3.28872	5.1481	-0.0864618	-0.96467	0.602235
9.53421	3.34934	5.59381	0.756974	-0.843236	-0.662878
8.7836	3.95167	6.75241	-0.74674	0.363429	-0.499828
9.6137	3.68685	8.54128	0.916229	-0.167091	0.925837
9.39384	3.85729	8.90577	0.475778	0.17435	-0.501981
8.89714	3.76848	0.270615	-0.519269	-0.00357347	1.62114
9.11993	5.8375	0.536232	-0.0729478	1.98331	-0.0047584
8.41788	4.39556	1.76351	-1.47937	-0.905344	0.295862
9.71774	4.45892	3.31939	1.12466	-0.778421	1.25476
8.98188	4.1662	3.77556	-0.349515	-1.36481	0.010619
9.31557	4.18607	5.2638	0.318975	-1.325	0.834014
10.0156	4.67098	5.2629	1.72144	-0.353577	-1.3258
8.91012	5.3326	6.80326	-0.49328	0.971872	-0.39796
8.80473	4.86926	7.51122	-0.704393	0.0436537	-1.1377
8.6033	4.63266	9.67991	-1.10793	-0.430342	1.04884
9.80751	5.5194	10.232	1.30449	1.34606	-0.00308682
9.42232	5.31378	0.0630281	0.532825	-1.22387	-0.952741
9.06123	6.49249	1.29605	-0.190553	1.13745	-0.640615
8.79961	6.33057	3.25098	-0.714643	0.813087	1.11775
9.62964	6.00754	3.41653	0.948158	0.165956	-0.708626
9.67189	5.83008	5.17452	1.03279	-0.189532	0.655163
8.78551	6.1389	5.48502	-0.742903	0.429128	-0.880802
9.52397	6.74387	6.17475	0.73645	1.64106	-1.65707
8.61282	6.05732	7.75587	-1.08886	0.26569	-0.647601
10.0708	5.71231	9.78492	1.83202	-0.425477	1.25922
9.2565	6.84704	0.0631066	0.200638	1.84773	1.20541
8.87715	8.29969	0.206727	-0.559317	2.59985	-0.66487
9.86247	6.63667	1.53665	1.41459	-0.731712	-0.158601
8.5604	7.04795	2.36873	-1.19387	0.0922193	-0.649696
8.91922	6.38088	3.76328	-0.475031	-1.24414	-0.0139674
8.89804	7.3955	5.22903	-0.517486	0.788463	0.764382
9.33934	6.81639	5.59989	0.366583	-0.371655	-0.650684
9.86909	6.10857	6.55789	1.42784	-1.78965	-0.889512
8.86743	6.53458	8.06324	-0.578796	-0.936215	-0.0318502
9.33211	6.89343	8.87	0.35211	-0.217341	-0.57366
8.74993	7.18335	0.0373312	-0.814169	0.363466	1.15378
9.47135	8.56912	1.1248	0.631056	0.981621	1.17432
8.6568	7.46701	1.06247	-1.00075	-1.22627	-1.10855
9.43221	7.92069	1.95314	0.552657	-0.317412	-1.48224
9.59521	8.45445	3.93622	0.879167	0.751888	0.332482
9.66439	8.72891	4.95333	1.01777	1.30171	0.212058
8.88976	7.67529	6.13177	-0.53407	-0.809022	0.414834
9.90965	8.2656	7.86579	1.5091	0.373545	1.7306
9.36651	8.67838	7.9357	0.42101	1.20048	-0.28735
8.8284	7.70047	10.2002	-0.656982	-0.758579	2.0911
9.48315	7.2517	10.4256	0.65469	-1.65759	0.384748
9.21794	9.08254	0.317211	0.123404	-0.147839	-0.443532
8.86466	8.50982	2.71724	-0.584327	-1.29518	2.20648
9.02024	8.56904	2.14273	-0.272654	-1.17655	-1.10245
9.55215	8.72861	4.28232	0.792913	-0.8569	1.02584
9.57496	8.99686	4.64062	0.838597	-0.319507	-0.414393
8.95441	8.5503	5.91718	-0.404558	-1.21411	-0.0150423
8.81262	9.08842	6.98162	-0.688605	-0.136079	-0.04066
9.19784	9.54876	8.46175	0.0831146	0.786122	0.766486
8.88332	9.97564	8.86254	-0.546959	1.64129	-0.588603
8.943	9.3066	9.53092	-0.427392	0.301008	-1.40763
8.63445	9.77714	1.22429	-1.04552	-0.914335	1.37364
9.23503	0.342803	1.51416	0.157631	1.76577	-0.203661
8.20875	0.354392	2.96402	-1.89832	1.78897	0.542856
10.1594	9.99296	3.91522	2.00948	-0.481996	0.290391
8.60352	0.455931	4.89704	-1.10749	1.99237	0.0992761
9.20987	0.00041411	5.64162	0.107216	1.07983	-0.567084
8.24025	0.914531	6.56555	-1.83524	2.91108	-0.874173
9.23772	10.2565	8.58362	0.163014	0.0459091	1.01064
9.37165	0.172008	8.70484	0.431306	1.42358	-0.904518
8.97738	10.1731	9.87492	-0.358533	-0.121156	-0.718488
9.29094	0.904122	0.962253	-1.88837	0.73225	0.848703
10.2257	10.7358	1.19443	-0.0156862	-1.15188	-0.844186
10.1128	10.5529	3.27716	-0.242018	-1.51817	1.17017
10.237	1.20285	3.26164	0.00694852	1.33069	-1.01893
10.07	0.557829	4.74955	-0.327735	0.0385099	-0.196192
10.5449	0.765126	6.42839	0.623609	0.45378	1.00906
9.63231	0.533701	6.97672	-1.20449	-0.00983999	-0.0504736
10.1825	0.339316	8.43063	-0.102345	-0.399245	0.704162
9.57424	1.14001	9.21262	-1.32083	1.20479	0.112746
10.403	0.085692	9.82035	0.339509	-0.907334	-0.827791
10.2349	2.13707	1.12821	0.0026115	1.04422	1.18116
10.2034	2.08194	1.93746	-0.0605253	0.933771	0.644333
10.5851	1.05503	2.68511	0.704156	-1.12344	-0.0158803
0.020855	1.27659	3.21899	1.12078	-0.679583	-1.10439
10.5561	2.28156	4.60378	0.646129	1.33367	-0.488218
9.89431	1.82633	5.83132	-0.679635	0.421705	-0.187063
10.5366	1.22418	7.6905	0.607055	-0.784604	1.37946
9.71373	1.48658	8.44973	-1.04139	-0.258923	0.742427
0.339347	1.50449	9.71794	1.75882	-0.223037	1.12506
10.0093	1.06654	9.26148	-0.449343	-1.10039	-1.94737
10.1966	3.44639	1.20496	-0.074132	1.50917	1.33493
10.6712	2.62354	1.20633	0.87672	-0.139246	-0.820338
10.3193	2.30533	1.77546	0.171698	-0.776705	-1.83821
0.504202	2.36709	3.1386	2.08907	-0.652989	-1.26543
10.411	2.86932	5.10811	0.35553	0.353141	0.522099
10.4714	2.99795	6.12107	0.476549	0.610826	0.393393
9.86644	2.60352	6.89052	-0.735465	-0.179336	-0.223167
10.2342	2.55645	7.04039	0.00128168	-0.273625	-2.08092
10.2358	2.33472	9.27492	0.0045329	-0.71783	0.237549
9.55485	2.67362	10.0799	-1.35967	-0.0389134	-0.307869
10.2333	4.71556	1.08412	-0.000492643	1.89371	1.09284
9.96773	4.30338	1.1679	-0.532547	1.06799	-0.897324
9.93426	4.02754	2.78393	-0.599598	0.515405	0.182072
10.0627	4.02529	4.14835	-0.342292	0.510894	0.75742
9.94255	4.61187	5.07488	-0.582982	1.68601	0.45554
9.79362	3.91674	6.85868	-0.881345	0.293448	1.87106
9.64627	3.50235	7.13246	-1.17653	-0.536689	0.261525
10.2872	4.00437	9.17245	0.107471	0.468992	2.19027
9.52084	4.48027	8.98622	-1.42781	1.42238	-0.340809
9.33944	3.91695	10.7551	-1.79122	0.293856	1.0448
10.1318	5.06421	10.7281	-0.203809	0.434162	-1.16731
10.3665	4.79745	1.64535	0.266237	-0.100241	0.0591502
9.80014	4.38059	1.99346	-0.868275	-0.935337	-1.40148
9.86111	5.45278	3.77011	-0.746143	1.21261	-0.000291193
9.77895	5.05659	5.12032	-0.910725	0.418907	0.546577
10.0386	4.56897	6.44709	-0.390542	-0.557922	1.0465
10.3302	3.7457	6.81191	0.193519	-2.20719	-0.380648
9.6179	4.42164	8.00517	-1.23337	-0.853076	-0.148167
0.633555	4.4607	9.3127	2.34821	-0.774839	0.313217
10.1454	4.50637	10.5778	-0.176544	-0.683361	0.689574
10.3288	6.31355	0.843519	0.190858	0.77899	0.610836
10.072	5.46881	1.37275	-0.323723	-0.913301	-0.486952
10.1536	5.93872	2.0195	-0.160193	0.0280876	-1.34931
9.56892	5.05961	3.95419	-1.33149	-1.73303	0.368463
10.4218	6.24939	5.03536	0.377049	0.650468	0.376377
10.4954	6.03052	6.471	0.524596	0.212	1.09442
10.6158	5.95896	7.61893	0.765808	0.0686544	1.23607
9.96783	5.93617	7.85282	-0.532363	0.0229968	-0.453381
10.1638	5.14919	9.53492	-0.139755	-1.55357	0.758399
10.4354	5.82033	9.77619	0.404246	-0.209079	-0.916276
9.93725	6.8042	1.31815	-0.593603	-0.396096	1.56167
9.94032	7.4666	2.30268	-0.587459	0.930907	1.37599
10.5147	7.30502	2.84136	0.563201	0.607207	0.297132
10.3634	6.32969	3.64091	0.26004	-1.34669	-0.259127
10.0725	6.78523	5.56199	-0.322741	-0.434092	1.4314
9.80852	6.3325	6.45901	-0.851511	-1.34104	1.0704
9.90499	6.50988	6.96004	-0.658238	-0.985691	-0.0838963
0.489051	7.5864	8.12331	2.05872	1.17091	0.0885081
10.5998	7.27231	9.76405	0.733702	0.541688	1.2174
10.4346	6.15101	9.96783	0.402814	-1.70462	-0.53236
9.74946	7.31916	0.30663	-0.969796	-1.52246	-0.464732
10.5622	7.89859	1.79095	0.658384	-0.361685	0.350836
10.5942	8.8949	2.80288	0.722505	1.63425	0.220038
10.3102	7.50053	3.04549	0.1535	-1.15914	-1.45194
10.014	8.48727	4.96968	-0.439767	0.817619	0.244812
9.98144	8.36456	5.47846	-0.505098	0.571807	-0.893945
9.98096	7.73146	7.41221	-0.506057	-0.6965	0.82195
0.316168	8.54358	7.90967	1.71238	0.930446	-0.339488
10.3782	7.55631	10.0274	0.289774	-1.04738	1.74491
9.69674	8.14381	0.150016	-1.07542	0.129581	1.37952
10.0297	9.30513	0.182153	-0.408302	0.298074	-0.714096
9.88867	9.40968	2.52286	-0.690938	0.507522	1.81707
10.3208	9.24823	2.13808	0.174776	0.184091	-1.11175
9.66236	9.29452	4.64527	-1.1443	0.276814	1.75293
0.121917	9.62552	5.25302	1.32324	0.939891	0.812436
10.6354	9.18179	6.46783	0.80496	0.0509669	1.08806
10.612	10.0986	6.56432	0.75814	1.88754	-0.876622
9.70513	8.44589	8.11323	-1.05863	-1.42328	0.0683053
10.4786	9.61718	9.55639	0.49088	0.923186	0.801411
9.73829	8.05576	9.32052	-0.99218	-2.20482	-1.82913
10.4488	10.287	0.478264	0.431195	0.107075	-0.120888
9.96239	9.66435	1.39481	-0.543245	-1.14029	-0.442758
0.295323	9.91126	2.22328	1.67063	-0.645665	-0.941087
10.2429	9.34677	3.40785	0.0186526	-1.77652	-0.726028
9.96963	9.74233	4.45995	-0.52875	-0.984092	-0.776343
0.157291	9.54082	5.02562	1.3941	-1.38779	-1.80113
10.1193	10.1777	7.30789	-0.228918	-0.111822	0.612969
10.4814	9.99451	6.96416	0.496409	-0.478913	-2.23364
10.2922	0.112431	9.86134	0.117388	1.30424	1.41233
9.95184	9.54825	9.81227	-0.56437	-1.3729	-0.843986
