0
0
0
0
0
0
0
0
0
0
0
0
0
0
0
0
0
0
0
0
0
0
0
0
0
0
0
0
0
0
7.16168e-06
0.000154585
0.00063831
0.00289346
0.00911845
0.023544
0.0508587
0.0948162
0.158648
0.238646
0.333746
0.441209
0.554327
0.668195
0.771475
0.868365
0.956641
1.03845
1.10888
1.16579
1.20731
1.23476
1.25849
1.27245
1.2769
1.28052
1.27149
1.26846
1.25444
1.24345
1.22064
1.1994
1.18456
1.16297
1.14337
1.12507
1.1077
1.09309
1.07473
1.05908
1.04336
1.03098
1.01488
1.0057
0.996959
0.987452
0.978465
0.971094
0.962953
0.959985
0.957315
0.952596
0.955086
0.956244
0.963963
0.954859
0.954218
0.95412
0.955737
0.959761
0.960058
0.964928
0.969205
0.973452
0.978266
0.981911
0.982801
0.985619
0.991895
0.994272
0.997693
0.99971
1.00081
1.00652
1.00637
1.0046
1.00743
1.00893
1.00877
1.01185
1.01139
1.01187
1.00903
1.01022
1.01162
1.01181
1.00975
1.00781
1.00802
1.00904
1.00649
1.00587
1.00362
1.00334
1.00223
1.00249
1.00281
1.00185
1.00215
1.00099
1.00079
1.00345
1.00298
1.00907
1.00479
1.00257
1.00092
0.999937
1.00064
1.00072
0.999149
1.00053
0.999746
1.0003
1.00142
1.00292
1.00691
1.00151
1.00016
0.998178
0.998989
0.998445
0.998865
0.997739
0.997075
0.997
0.997208
0.997189
0.997921
0.996992
0.99767
0.997692
0.99739
0.997493
0.998658
0.999279
0.99956
1.00067
1.00119
1.00422
1.00143
1.00085
1.0006
1.00107
1.00244
1.00124
1.00211
1.0034
1.00615
1.00814
1.00405
1.00279
1.00366
1.00172
1.00098
1.00112
1.0005
1.0014
1.0022
1.0061
1.00245
0.999851
1.00079
1.00012
1.00024
0.999487
0.999108
1.00033
1.00315
1.00017
1.00023
0.998888
1.00014
0.999347
0.998996
1.00039
0.999629
1.00142
1.0002
0.998993
1.00019
1.00155
1.00056
1.00118
1.00085
1.00271
1.00242
1.00079
1.0004
1.00042
1.00084
1.00075
1.00237
1.00583
1.00431
1.00283
1.00121
0.999839
0.998613
0.999863
0.999553
0.998781
0.998887
0.997988
0.998123
0.99801
0.998011
0.998669
0.998821
1.00018
0.998613
0.998729
0.999724
1.00095
1.00079
1.00084
1.00543
1.00298
1.0017
1.002
1.00189
1.00192
1.00167
1.00285
1.00462
1.00291
1.00154
1.00132
1.00145
1.00186
1.00241
1.00209
0.999533
0.999925
1.00036
1.00114
1.00171
1.0027
1.00096
1.0007
0.999827
1.00125
1.0015
1.00191
1.00501
1.00148
0.999988
1.00014
0.999811
0.999731
1.0007
0.999963
0.998629
0.99837
0.998264
0.998463
0.998847
0.999435
0.99815
0.998369
0.99917
0.99837
0.999607
1.00093
0.999575
0.99921
0.999406
1.00023
1.0007
